OcutimeStamp,UnityTimeStamp,LeftCollide,RightCollide,CombCollide
2823931,63781841468287,None,None,None
2823948,63781841468301,None,None,None
2823956,63781841468309,None,None,None
2823964,63781841468321,None,None,None
2823973,63781841468332,None,None,None
2823989,63781841468343,None,None,None
2823998,63781841468355,None,None,None
2824014,63781841468367,None,None,None
2824023,63781841468378,None,None,None
2824031,63781841468387,None,None,None
2824039,63781841468398,None,None,None
2824056,63781841468410,None,None,None
2824064,63781841468421,None,None,None
2824073,63781841468432,None,None,None
2824089,63781841468443,None,None,None
2824098,63781841468454,None,None,None
2824106,63781841468465,None,None,None
2824123,63781841468476,None,None,None
2824131,63781841468487,None,None,None
2824139,63781841468498,None,None,None
2824156,63781841468510,None,None,None
2824164,63781841468520,None,None,None
2824173,63781841468532,None,None,None
2824189,63781841468543,None,None,None
2824198,63781841468554,None,None,None
2824206,63781841468565,None,None,None
2824223,63781841468576,None,None,None
2824231,63781841468587,None,None,None
2824239,63781841468598,None,None,None
2824256,63781841468610,None,None,None
2824264,63781841468621,None,None,None
2824273,63781841468632,None,None,None
2824289,63781841468643,None,None,None
2824298,63781841468654,None,None,None
2824306,63781841468666,None,None,None
2824323,63781841468677,None,None,None
2824331,63781841468688,None,None,None
2824339,63781841468699,None,None,None
2824356,63781841468710,None,None,None
2824364,63781841468721,None,None,None
2824373,63781841468733,None,None,None
2824389,63781841468744,None,None,None
2824398,63781841468755,None,None,None
2824406,63781841468767,None,None,None
2824423,63781841468777,None,None,None
2824431,63781841468788,None,None,None
2824439,63781841468799,None,None,None
2824456,63781841468810,None,None,None
2824464,63781841468822,None,None,None
2824473,63781841468832,None,None,None
2824489,63781841468844,None,None,None
2824498,63781841468855,None,None,None
2824506,63781841468866,None,None,None
2824523,63781841468877,None,None,None
2824531,63781841468888,None,None,None
2824539,63781841468899,None,None,None
2824556,63781841468911,None,None,None
2824564,63781841468921,None,None,None
2824573,63781841468933,None,None,None
2824589,63781841468944,None,None,None
2824598,63781841468955,None,None,None
2824606,63781841468966,None,None,None
2824623,63781841468977,None,None,None
2824631,63781841468988,None,None,None
2824639,63781841468999,None,None,None
2824656,63781841469010,None,None,None
2824664,63781841469021,None,None,None
2824681,63781841469033,None,None,None
2824689,63781841469043,None,None,None
2824698,63781841469055,None,None,None
2824714,63781841469066,None,None,None
2824723,63781841469077,None,None,None
2824731,63781841469088,None,None,None
2824739,63781841469099,None,None,None
2824756,63781841469111,None,None,None
2824764,63781841469121,None,None,None
2824773,63781841469133,None,None,None
2824789,63781841469144,None,None,None
2824798,63781841469155,None,None,None
2824806,63781841469166,None,99_Bahnsteig_PF,99_Bahnsteig_PF
2824823,63781841469177,None,99_Bahnsteig_PF,99_Bahnsteig_PF
2824831,63781841469188,99_Bahnsteig_PF,99_Bahnsteig_PF,99_Bahnsteig_PF
2824839,63781841469199,99_Bahnsteig_PF,99_Bahnsteig_PF,99_Bahnsteig_PF
2824856,63781841469210,99_Bahnsteig_PF,99_Bahnsteig_PF,99_Bahnsteig_PF
2824864,63781841469221,99_Bahnsteig_PF,99_Bahnsteig_PF,99_Bahnsteig_PF
2824873,63781841469232,99_Bahnsteig_PF,99_Bahnsteig_PF,99_Bahnsteig_PF
2824889,63781841469244,99_Bahnsteig_PF,99_Bahnsteig_PF,99_Bahnsteig_PF
2824898,63781841469255,99_Bahnsteig_PF,99_Bahnsteig_PF,99_Bahnsteig_PF
2824906,63781841469266,99_Bahnsteig_PF,99_Bahnsteig_PF,99_Bahnsteig_PF
2824923,63781841469277,99_Bahnsteig_PF,99_Bahnsteig_PF,99_Bahnsteig_PF
2824931,63781841469288,99_Bahnsteig_PF,99_Bahnsteig_PF,99_Bahnsteig_PF
2824939,63781841469299,99_Bahnsteig_PF,99_Bahnsteig_PF,99_Bahnsteig_PF
2824956,63781841469310,99_Bahnsteig_PF,99_Bahnsteig_PF,99_Bahnsteig_PF
2824964,63781841469322,99_Bahnsteig_PF,99_Bahnsteig_PF,99_Bahnsteig_PF
2824973,63781841469332,99_Bahnsteig_PF,99_Bahnsteig_PF,99_Bahnsteig_PF
2824989,63781841469343,99_Bahnsteig_PF,99_Bahnsteig_PF,99_Bahnsteig_PF
2824998,63781841469355,99_Bahnsteig_PF,99_Bahnsteig_PF,99_Bahnsteig_PF
2825006,63781841469366,99_Bahnsteig_PF,99_Bahnsteig_PF,99_Bahnsteig_PF
2825023,63781841469377,99_Bahnsteig_PF,99_Bahnsteig_PF,99_Bahnsteig_PF
2825031,63781841469388,99_Bahnsteig_PF,99_Bahnsteig_PF,99_Bahnsteig_PF
2825039,63781841469399,99_Bahnsteig_PF,99_Bahnsteig_PF,99_Bahnsteig_PF
2825056,63781841469410,99_Bahnsteig_PF,99_Bahnsteig_PF,99_Bahnsteig_PF
2825064,63781841469421,99_Bahnsteig_PF,99_Bahnsteig_PF,99_Bahnsteig_PF
2825073,63781841469432,99_Bahnsteig_PF,99_Bahnsteig_PF,99_Bahnsteig_PF
2825089,63781841469444,99_Bahnsteig_PF,99_Bahnsteig_PF,99_Bahnsteig_PF
2825098,63781841469455,99_Bahnsteig_PF,99_Bahnsteig_PF,99_Bahnsteig_PF
2825106,63781841469466,99_Bahnsteig_PF,99_Bahnsteig_PF,99_Bahnsteig_PF
2825123,63781841469477,99_Bahnsteig_PF,99_Bahnsteig_PF,99_Bahnsteig_PF
2825131,63781841469488,99_Bahnsteig_PF,99_Bahnsteig_PF,99_Bahnsteig_PF
2825139,63781841469499,99_Bahnsteig_PF,99_Bahnsteig_PF,99_Bahnsteig_PF
2825156,63781841469510,99_Bahnsteig_PF,99_Bahnsteig_PF,99_Bahnsteig_PF
2825164,63781841469521,99_Bahnsteig_PF,99_Bahnsteig_PF,99_Bahnsteig_PF
2825172,63781841469532,99_Bahnsteig_PF,99_Bahnsteig_PF,99_Bahnsteig_PF
2825189,63781841469543,99_Bahnsteig_PF,99_Bahnsteig_PF,99_Bahnsteig_PF
2825197,63781841469554,99_Bahnsteig_PF,99_Bahnsteig_PF,99_Bahnsteig_PF
2825206,63781841469566,99_Bahnsteig_PF,99_Bahnsteig_PF,99_Bahnsteig_PF
2825222,63781841469576,99_Bahnsteig_PF,99_Bahnsteig_PF,99_Bahnsteig_PF
2825231,63781841469588,99_Bahnsteig_PF,99_Bahnsteig_PF,99_Bahnsteig_PF
2825239,63781841469599,99_Bahnsteig_PF,99_Bahnsteig_PF,99_Bahnsteig_PF
2825256,63781841469610,99_Bahnsteig_PF,99_Bahnsteig_PF,99_Bahnsteig_PF
2825264,63781841469621,99_Bahnsteig_PF,99_Bahnsteig_PF,99_Bahnsteig_PF
2825272,63781841469632,99_Bahnsteig_PF,99_Bahnsteig_PF,99_Bahnsteig_PF
2825289,63781841469643,99_Bahnsteig_PF,99_Bahnsteig_PF,99_Bahnsteig_PF
2825297,63781841469654,99_Bahnsteig_PF,99_Bahnsteig_PF,99_Bahnsteig_PF
2825306,63781841469665,99_Bahnsteig_PF,99_Bahnsteig_PF,99_Bahnsteig_PF
2825322,63781841469677,99_Bahnsteig_PF,99_Bahnsteig_PF,99_Bahnsteig_PF
2825331,63781841469688,99_Bahnsteig_PF,99_Bahnsteig_PF,99_Bahnsteig_PF
2825339,63781841469699,99_Bahnsteig_PF,99_Bahnsteig_PF,99_Bahnsteig_PF
2825356,63781841469710,99_Bahnsteig_PF,99_Bahnsteig_PF,99_Bahnsteig_PF
2825364,63781841469721,99_Bahnsteig_PF,99_Bahnsteig_PF,99_Bahnsteig_PF
2825372,63781841469732,None,99_Bahnsteig_PF,99_Bahnsteig_PF
2825389,63781841469743,99_Bahnsteig_PF,99_Bahnsteig_PF,99_Bahnsteig_PF
2825397,63781841469755,99_Bahnsteig_PF,99_Bahnsteig_PF,99_Bahnsteig_PF
2825406,63781841469766,99_Bahnsteig_PF,99_Bahnsteig_PF,99_Bahnsteig_PF
2825422,63781841469777,99_Bahnsteig_PF,99_Bahnsteig_PF,99_Bahnsteig_PF
2825431,63781841469788,99_Bahnsteig_PF,99_Bahnsteig_PF,99_Bahnsteig_PF
2825439,63781841469799,99_Bahnsteig_PF,99_Bahnsteig_PF,99_Bahnsteig_PF
2825456,63781841469810,99_Bahnsteig_PF,99_Bahnsteig_PF,99_Bahnsteig_PF
2825464,63781841469821,99_Bahnsteig_PF,99_Bahnsteig_PF,99_Bahnsteig_PF
2825472,63781841469832,99_Bahnsteig_PF,99_Bahnsteig_PF,99_Bahnsteig_PF
2825489,63781841469843,99_Bahnsteig_PF,99_Bahnsteig_PF,99_Bahnsteig_PF
2825497,63781841469855,99_Bahnsteig_PF,99_Bahnsteig_PF,99_Bahnsteig_PF
2825506,63781841469866,99_Bahnsteig_PF,99_Bahnsteig_PF,99_Bahnsteig_PF
2825522,63781841469876,99_Bahnsteig_PF,99_Bahnsteig_PF,99_Bahnsteig_PF
2825531,63781841469887,99_Bahnsteig_PF,99_Bahnsteig_PF,99_Bahnsteig_PF
2825539,63781841469898,99_Bahnsteig_PF,99_Bahnsteig_PF,99_Bahnsteig_PF
2825556,63781841469910,99_Bahnsteig_PF,99_Bahnsteig_PF,99_Bahnsteig_PF
2825564,63781841469921,99_Bahnsteig_PF,99_Bahnsteig_PF,99_Bahnsteig_PF
2825572,63781841469932,99_Bahnsteig_PF,99_Bahnsteig_PF,99_Bahnsteig_PF
2825589,63781841469943,99_Bahnsteig_PF,99_Bahnsteig_PF,99_Bahnsteig_PF
2825597,63781841469954,99_Bahnsteig_PF,99_Bahnsteig_PF,99_Bahnsteig_PF
2825606,63781841469965,99_Bahnsteig_PF,99_Bahnsteig_PF,99_Bahnsteig_PF
2825622,63781841469976,99_Bahnsteig_PF,99_Bahnsteig_PF,99_Bahnsteig_PF
2825631,63781841469987,99_Bahnsteig_PF,99_Bahnsteig_PF,99_Bahnsteig_PF
2825639,63781841469999,99_Bahnsteig_PF,99_Bahnsteig_PF,99_Bahnsteig_PF
2825656,63781841470010,99_Bahnsteig_PF,99_Bahnsteig_PF,99_Bahnsteig_PF
2825664,63781841470021,99_Bahnsteig_PF,99_Bahnsteig_PF,99_Bahnsteig_PF
2825672,63781841470032,99_Bahnsteig_PF,99_Bahnsteig_PF,99_Bahnsteig_PF
2825689,63781841470043,99_Bahnsteig_PF,99_Bahnsteig_PF,99_Bahnsteig_PF
2825697,63781841470054,99_Bahnsteig_PF,99_Bahnsteig_PF,99_Bahnsteig_PF
2825706,63781841470065,99_Bahnsteig_PF,99_Bahnsteig_PF,99_Bahnsteig_PF
2825722,63781841470076,99_Bahnsteig_PF,99_Bahnsteig_PF,99_Bahnsteig_PF
2825731,63781841470087,99_Bahnsteig_PF,99_Bahnsteig_PF,99_Bahnsteig_PF
2825739,63781841470098,99_Bahnsteig_PF,99_Bahnsteig_PF,99_Bahnsteig_PF
2825756,63781841470110,99_Bahnsteig_PF,99_Bahnsteig_PF,99_Bahnsteig_PF
2825764,63781841470121,99_Bahnsteig_PF,99_Bahnsteig_PF,99_Bahnsteig_PF
2825772,63781841470132,99_Bahnsteig_PF,99_Bahnsteig_PF,99_Bahnsteig_PF
2825789,63781841470143,99_Bahnsteig_PF,99_Bahnsteig_PF,99_Bahnsteig_PF
2825797,63781841470154,99_Bahnsteig_PF,99_Bahnsteig_PF,99_Bahnsteig_PF
2825806,63781841470166,99_Bahnsteig_PF,99_Bahnsteig_PF,99_Bahnsteig_PF
2825822,63781841470176,99_Bahnsteig_PF,99_Bahnsteig_PF,99_Bahnsteig_PF
2825831,63781841470187,99_Bahnsteig_PF,99_Bahnsteig_PF,99_Bahnsteig_PF
2825839,63781841470198,99_Bahnsteig_PF,99_Bahnsteig_PF,99_Bahnsteig_PF
2825856,63781841470210,99_Bahnsteig_PF,99_Bahnsteig_PF,99_Bahnsteig_PF
2825864,63781841470221,99_Bahnsteig_PF,99_Bahnsteig_PF,99_Bahnsteig_PF
2825872,63781841470232,99_Bahnsteig_PF,99_Bahnsteig_PF,99_Bahnsteig_PF
2825889,63781841470243,99_Bahnsteig_PF,99_Bahnsteig_PF,99_Bahnsteig_PF
2825897,63781841470254,99_Bahnsteig_PF,99_Bahnsteig_PF,99_Bahnsteig_PF
2825906,63781841470265,99_Bahnsteig_PF,99_Bahnsteig_PF,99_Bahnsteig_PF
2825922,63781841470276,99_Bahnsteig_PF,99_Bahnsteig_PF,99_Bahnsteig_PF
2825939,63781841470292,99_Bahnsteig_PF,99_Bahnsteig_PF,99_Bahnsteig_PF
2825939,63781841470298,99_Bahnsteig_PF,99_Bahnsteig_PF,99_Bahnsteig_PF
2825947,63781841470307,99_Bahnsteig_PF,99_Bahnsteig_PF,99_Bahnsteig_PF
2825964,63781841470318,99_Bahnsteig_PF,99_Bahnsteig_PF,99_Bahnsteig_PF
2825972,63781841470329,99_Bahnsteig_PF,99_Bahnsteig_PF,99_Bahnsteig_PF
2825981,63781841470340,99_Bahnsteig_PF,99_Bahnsteig_PF,99_Bahnsteig_PF
2825997,63781841470352,99_Bahnsteig_PF,99_Bahnsteig_PF,99_Bahnsteig_PF
2826006,63781841470363,99_Bahnsteig_PF,99_Bahnsteig_PF,99_Bahnsteig_PF
2826014,63781841470374,99_Bahnsteig_PF,99_Bahnsteig_PF,99_Bahnsteig_PF
2826031,63781841470384,99_Bahnsteig_PF,99_Bahnsteig_PF,99_Bahnsteig_PF
2826039,63781841470396,99_Bahnsteig_PF,99_Bahnsteig_PF,99_Bahnsteig_PF
2826047,63781841470407,99_Bahnsteig_PF,99_Bahnsteig_PF,99_Bahnsteig_PF
2826064,63781841470418,99_Bahnsteig_PF,99_Bahnsteig_PF,99_Bahnsteig_PF
2826072,63781841470429,99_Bahnsteig_PF,99_Bahnsteig_PF,99_Bahnsteig_PF
2826081,63781841470440,99_Bahnsteig_PF,99_Bahnsteig_PF,99_Bahnsteig_PF
2826097,63781841470451,99_Bahnsteig_PF,99_Bahnsteig_PF,99_Bahnsteig_PF
2826106,63781841470462,99_Bahnsteig_PF,99_Bahnsteig_PF,99_Bahnsteig_PF
2826114,63781841470474,99_Bahnsteig_PF,99_Bahnsteig_PF,99_Bahnsteig_PF
2826131,63781841470485,99_Bahnsteig_PF,99_Bahnsteig_PF,99_Bahnsteig_PF
2826139,63781841470495,99_Bahnsteig_PF,99_Bahnsteig_PF,99_Bahnsteig_PF
2826147,63781841470507,99_Bahnsteig_PF,99_Bahnsteig_PF,99_Bahnsteig_PF
2826164,63781841470518,99_Bahnsteig_PF,99_Bahnsteig_PF,99_Bahnsteig_PF
2826172,63781841470529,99_Bahnsteig_PF,99_Bahnsteig_PF,99_Bahnsteig_PF
2826181,63781841470540,99_Bahnsteig_PF,99_Bahnsteig_PF,99_Bahnsteig_PF
2826197,63781841470551,99_Bahnsteig_PF,99_Bahnsteig_PF,99_Bahnsteig_PF
2826206,63781841470562,99_Bahnsteig_PF,99_Bahnsteig_PF,99_Bahnsteig_PF
2826214,63781841470573,99_Bahnsteig_PF,99_Bahnsteig_PF,99_Bahnsteig_PF
2826231,63781841470584,99_Bahnsteig_PF,99_Bahnsteig_PF,99_Bahnsteig_PF
2826239,63781841470596,99_Bahnsteig_PF,99_Bahnsteig_PF,99_Bahnsteig_PF
2826247,63781841470607,99_Bahnsteig_PF,99_Bahnsteig_PF,99_Bahnsteig_PF
2826264,63781841470618,99_Bahnsteig_PF,99_Bahnsteig_PF,99_Bahnsteig_PF
2826272,63781841470629,99_Bahnsteig_PF,99_Bahnsteig_PF,99_Bahnsteig_PF
2826281,63781841470640,99_Bahnsteig_PF,99_Bahnsteig_PF,99_Bahnsteig_PF
2826297,63781841470651,99_Bahnsteig_PF,99_Bahnsteig_PF,99_Bahnsteig_PF
2826306,63781841470663,99_Bahnsteig_PF,99_Bahnsteig_PF,99_Bahnsteig_PF
2826314,63781841470674,99_Bahnsteig_PF,99_Bahnsteig_PF,99_Bahnsteig_PF
2826331,63781841470685,99_Bahnsteig_PF,99_Bahnsteig_PF,99_Bahnsteig_PF
2826339,63781841470696,99_Bahnsteig_PF,99_Bahnsteig_PF,99_Bahnsteig_PF
2826356,63781841470708,99_Bahnsteig_PF,99_Bahnsteig_PF,99_Bahnsteig_PF
2826364,63781841470719,99_Bahnsteig_PF,99_Bahnsteig_PF,99_Bahnsteig_PF
2826372,63781841470730,99_Bahnsteig_PF,99_Bahnsteig_PF,99_Bahnsteig_PF
2826389,63781841470741,99_Bahnsteig_PF,99_Bahnsteig_PF,99_Bahnsteig_PF
2826397,63781841470753,99_Bahnsteig_PF,99_Bahnsteig_PF,99_Bahnsteig_PF
2826406,63781841470764,99_Bahnsteig_PF,99_Bahnsteig_PF,99_Bahnsteig_PF
2826422,63781841470775,99_Bahnsteig_PF,99_Bahnsteig_PF,99_Bahnsteig_PF
2826431,63781841470786,99_Bahnsteig_PF,99_Bahnsteig_PF,99_Bahnsteig_PF
2826439,63781841470798,99_Bahnsteig_PF,99_Bahnsteig_PF,99_Bahnsteig_PF
2826456,63781841470809,99_Bahnsteig_PF,99_Bahnsteig_PF,99_Bahnsteig_PF
2826464,63781841470820,99_Bahnsteig_PF,99_Bahnsteig_PF,99_Bahnsteig_PF
2826472,63781841470832,99_Bahnsteig_PF,99_Bahnsteig_PF,99_Bahnsteig_PF
2826489,63781841470843,99_Bahnsteig_PF,99_Bahnsteig_PF,99_Bahnsteig_PF
2826497,63781841470853,99_Bahnsteig_PF,99_Bahnsteig_PF,99_Bahnsteig_PF
2826506,63781841470865,99_Bahnsteig_PF,99_Bahnsteig_PF,99_Bahnsteig_PF
2826522,63781841470876,99_Bahnsteig_PF,99_Bahnsteig_PF,99_Bahnsteig_PF
2826531,63781841470887,99_Bahnsteig_PF,99_Bahnsteig_PF,99_Bahnsteig_PF
2826539,63781841470898,99_Bahnsteig_PF,99_Bahnsteig_PF,99_Bahnsteig_PF
2826556,63781841470909,99_Bahnsteig_PF,99_Bahnsteig_PF,99_Bahnsteig_PF
2826564,63781841470920,99_Bahnsteig_PF,99_Bahnsteig_PF,99_Bahnsteig_PF
2826572,63781841470932,99_Bahnsteig_PF,99_Bahnsteig_PF,99_Bahnsteig_PF
2826589,63781841470942,99_Bahnsteig_PF,99_Bahnsteig_PF,99_Bahnsteig_PF
2826597,63781841470953,99_Bahnsteig_PF,99_Bahnsteig_PF,99_Bahnsteig_PF
2826606,63781841470965,99_Bahnsteig_PF,99_Bahnsteig_PF,99_Bahnsteig_PF
2826622,63781841470976,99_Bahnsteig_PF,99_Bahnsteig_PF,99_Bahnsteig_PF
2826631,63781841470987,99_Bahnsteig_PF,99_Bahnsteig_PF,99_Bahnsteig_PF
2826639,63781841470998,99_Bahnsteig_PF,99_Bahnsteig_PF,99_Bahnsteig_PF
2826656,63781841471009,99_Bahnsteig_PF,99_Bahnsteig_PF,99_Bahnsteig_PF
2826664,63781841471020,99_Bahnsteig_PF,99_Bahnsteig_PF,99_Bahnsteig_PF
2826672,63781841471031,99_Bahnsteig_PF,99_Bahnsteig_PF,99_Bahnsteig_PF
2826689,63781841471042,99_Bahnsteig_PF,99_Bahnsteig_PF,99_Bahnsteig_PF
2826697,63781841471053,99_Bahnsteig_PF,99_Bahnsteig_PF,99_Bahnsteig_PF
2826705,63781841471064,99_Bahnsteig_PF,99_Bahnsteig_PF,99_Bahnsteig_PF
2826722,63781841471076,99_Bahnsteig_PF,99_Bahnsteig_PF,99_Bahnsteig_PF
2826730,63781841471087,99_Bahnsteig_PF,99_Bahnsteig_PF,99_Bahnsteig_PF
2826739,63781841471098,99_Bahnsteig_PF,99_Bahnsteig_PF,99_Bahnsteig_PF
2826755,63781841471109,99_Bahnsteig_PF,99_Bahnsteig_PF,99_Bahnsteig_PF
2826764,63781841471120,99_Bahnsteig_PF,99_Bahnsteig_PF,99_Bahnsteig_PF
2826772,63781841471131,99_Bahnsteig_PF,99_Bahnsteig_PF,99_Bahnsteig_PF
2826789,63781841471142,99_Bahnsteig_PF,99_Bahnsteig_PF,99_Bahnsteig_PF
2826797,63781841471154,99_Bahnsteig_PF,99_Bahnsteig_PF,99_Bahnsteig_PF
2826805,63781841471165,99_Bahnsteig_PF,99_Bahnsteig_PF,99_Bahnsteig_PF
2826822,63781841471176,99_Bahnsteig_PF,99_Bahnsteig_PF,99_Bahnsteig_PF
2826830,63781841471186,99_Bahnsteig_PF,99_Bahnsteig_PF,99_Bahnsteig_PF
2826839,63781841471198,99_Bahnsteig_PF,99_Bahnsteig_PF,99_Bahnsteig_PF
2826855,63781841471209,99_Bahnsteig_PF,99_Bahnsteig_PF,99_Bahnsteig_PF
2826864,63781841471220,99_Bahnsteig_PF,99_Bahnsteig_PF,99_Bahnsteig_PF
2826872,63781841471231,99_Bahnsteig_PF,99_Bahnsteig_PF,99_Bahnsteig_PF
2826889,63781841471242,99_Bahnsteig_PF,99_Bahnsteig_PF,99_Bahnsteig_PF
2826897,63781841471253,99_Bahnsteig_PF,99_Bahnsteig_PF,99_Bahnsteig_PF
2826905,63781841471265,99_Bahnsteig_PF,99_Bahnsteig_PF,99_Bahnsteig_PF
2826922,63781841471276,99_Bahnsteig_PF,99_Bahnsteig_PF,99_Bahnsteig_PF
2826930,63781841471287,99_Bahnsteig_PF,99_Bahnsteig_PF,99_Bahnsteig_PF
2826939,63781841471298,99_Bahnsteig_PF,99_Bahnsteig_PF,99_Bahnsteig_PF
2826955,63781841471309,99_Bahnsteig_PF,99_Bahnsteig_PF,99_Bahnsteig_PF
2826964,63781841471320,99_Bahnsteig_PF,99_Bahnsteig_PF,99_Bahnsteig_PF
2826972,63781841471331,99_Bahnsteig_PF,99_Bahnsteig_PF,99_Bahnsteig_PF
2826989,63781841471342,99_Bahnsteig_PF,99_Bahnsteig_PF,99_Bahnsteig_PF
2826997,63781841471353,None,99_Bahnsteig_PF,99_Bahnsteig_PF
2827005,63781841471364,None,99_Bahnsteig_PF,99_Bahnsteig_PF
2827022,63781841471375,None,99_Bahnsteig_PF,99_Bahnsteig_PF
2827030,63781841471386,99_Bahnsteig_PF,99_Bahnsteig_PF,99_Bahnsteig_PF
2827039,63781841471398,99_Bahnsteig_PF,99_Bahnsteig_PF,99_Bahnsteig_PF
2827055,63781841471409,99_Bahnsteig_PF,99_Bahnsteig_PF,99_Bahnsteig_PF
2827064,63781841471420,99_Bahnsteig_PF,99_Bahnsteig_PF,99_Bahnsteig_PF
2827072,63781841471431,99_Bahnsteig_PF,99_Bahnsteig_PF,99_Bahnsteig_PF
2827089,63781841471442,99_Bahnsteig_PF,99_Bahnsteig_PF,99_Bahnsteig_PF
2827097,63781841471453,99_Bahnsteig_PF,99_Bahnsteig_PF,99_Bahnsteig_PF
2827105,63781841471465,99_Bahnsteig_PF,99_Bahnsteig_PF,99_Bahnsteig_PF
2827122,63781841471476,99_Bahnsteig_PF,99_Bahnsteig_PF,99_Bahnsteig_PF
2827130,63781841471487,99_Bahnsteig_PF,99_Bahnsteig_PF,99_Bahnsteig_PF
2827139,63781841471498,99_Bahnsteig_PF,99_Bahnsteig_PF,99_Bahnsteig_PF
2827155,63781841471509,99_Bahnsteig_PF,99_Bahnsteig_PF,99_Bahnsteig_PF
2827164,63781841471520,99_Bahnsteig_PF,99_Bahnsteig_PF,99_Bahnsteig_PF
2827172,63781841471531,99_Bahnsteig_PF,99_Bahnsteig_PF,99_Bahnsteig_PF
2827189,63781841471542,99_Bahnsteig_PF,None,99_Bahnsteig_PF
2827197,63781841471553,None,None,None
2827214,63781841471565,None,None,None
2827222,63781841471576,None,None,None
2827230,63781841471586,None,None,None
2827247,63781841471598,None,None,None
2827255,63781841471609,None,None,None
2827264,63781841471620,None,None,None
2827280,63781841471631,None,None,None
2827289,63781841471642,None,None,None
2827297,63781841471653,None,None,None
2827305,63781841471664,None,None,None
2827322,63781841471675,None,None,None
2827330,63781841471686,None,None,None
2827339,63781841471697,None,None,None
2827355,63781841471709,None,None,None
2827364,63781841471720,None,None,None
2827372,63781841471731,None,None,None
2827389,63781841471742,None,None,None
2827397,63781841471753,99_Bahnsteig_PF,99_Bahnsteig_PF,99_Bahnsteig_PF
2827405,63781841471764,99_Bahnsteig_PF,99_Bahnsteig_PF,99_Bahnsteig_PF
2827422,63781841471776,99_Bahnsteig_PF,99_Bahnsteig_PF,99_Bahnsteig_PF
2827430,63781841471786,99_Bahnsteig_PF,99_Bahnsteig_PF,99_Bahnsteig_PF
2827439,63781841471797,99_Bahnsteig_PF,99_Bahnsteig_PF,99_Bahnsteig_PF
2827455,63781841471808,99_Bahnsteig_PF,99_Bahnsteig_PF,99_Bahnsteig_PF
2827464,63781841471819,99_Bahnsteig_PF,99_Bahnsteig_PF,99_Bahnsteig_PF
2827472,63781841471831,99_Bahnsteig_PF,99_Bahnsteig_PF,99_Bahnsteig_PF
2827489,63781841471842,99_Bahnsteig_PF,99_Bahnsteig_PF,99_Bahnsteig_PF
2827497,63781841471853,99_Bahnsteig_PF,99_Bahnsteig_PF,99_Bahnsteig_PF
2827505,63781841471865,99_Bahnsteig_PF,99_Bahnsteig_PF,99_Bahnsteig_PF
2827522,63781841471875,99_Bahnsteig_PF,99_Bahnsteig_PF,99_Bahnsteig_PF
2827530,63781841471886,99_Bahnsteig_PF,99_Bahnsteig_PF,99_Bahnsteig_PF
2827539,63781841471897,99_Bahnsteig_PF,99_Bahnsteig_PF,99_Bahnsteig_PF
2827555,63781841471908,99_Bahnsteig_PF,99_Bahnsteig_PF,99_Bahnsteig_PF
2827564,63781841471919,99_Bahnsteig_PF,99_Bahnsteig_PF,99_Bahnsteig_PF
2827572,63781841471931,99_Bahnsteig_PF,99_Bahnsteig_PF,99_Bahnsteig_PF
2827589,63781841471942,99_Bahnsteig_PF,99_Bahnsteig_PF,99_Bahnsteig_PF
2827597,63781841471953,99_Bahnsteig_PF,99_Bahnsteig_PF,99_Bahnsteig_PF
2827605,63781841471964,99_Bahnsteig_PF,99_Bahnsteig_PF,99_Bahnsteig_PF
2827622,63781841471975,99_Bahnsteig_PF,99_Bahnsteig_PF,99_Bahnsteig_PF
2827630,63781841471986,99_Bahnsteig_PF,99_Bahnsteig_PF,99_Bahnsteig_PF
2827639,63781841471997,99_Bahnsteig_PF,99_Bahnsteig_PF,99_Bahnsteig_PF
2827655,63781841472008,99_Bahnsteig_PF,99_Bahnsteig_PF,99_Bahnsteig_PF
2827664,63781841472019,99_Bahnsteig_PF,99_Bahnsteig_PF,99_Bahnsteig_PF
2827672,63781841472030,99_Bahnsteig_PF,99_Bahnsteig_PF,99_Bahnsteig_PF
2827689,63781841472042,99_Bahnsteig_PF,99_Bahnsteig_PF,99_Bahnsteig_PF
2827697,63781841472053,99_Bahnsteig_PF,99_Bahnsteig_PF,99_Bahnsteig_PF
2827705,63781841472064,99_Bahnsteig_PF,99_Bahnsteig_PF,99_Bahnsteig_PF
2827722,63781841472075,99_Bahnsteig_PF,99_Bahnsteig_PF,99_Bahnsteig_PF
2827730,63781841472086,99_Bahnsteig_PF,99_Bahnsteig_PF,99_Bahnsteig_PF
2827739,63781841472097,99_Bahnsteig_PF,99_Bahnsteig_PF,99_Bahnsteig_PF
2827755,63781841472108,99_Bahnsteig_PF,99_Bahnsteig_PF,99_Bahnsteig_PF
2827764,63781841472119,99_Bahnsteig_PF,99_Bahnsteig_PF,99_Bahnsteig_PF
2827772,63781841472130,99_Bahnsteig_PF,99_Bahnsteig_PF,99_Bahnsteig_PF
2827789,63781841472142,99_Bahnsteig_PF,99_Bahnsteig_PF,99_Bahnsteig_PF
2827797,63781841472153,99_Bahnsteig_PF,99_Bahnsteig_PF,99_Bahnsteig_PF
2827805,63781841472164,99_Bahnsteig_PF,99_Bahnsteig_PF,99_Bahnsteig_PF
2827822,63781841472175,99_Bahnsteig_PF,99_Bahnsteig_PF,99_Bahnsteig_PF
2827830,63781841472186,99_Bahnsteig_PF,99_Bahnsteig_PF,99_Bahnsteig_PF
2827839,63781841472197,99_Bahnsteig_PF,99_Bahnsteig_PF,99_Bahnsteig_PF
2827855,63781841472209,99_Bahnsteig_PF,99_Bahnsteig_PF,99_Bahnsteig_PF
2827864,63781841472219,99_Bahnsteig_PF,99_Bahnsteig_PF,99_Bahnsteig_PF
2827872,63781841472230,99_Bahnsteig_PF,99_Bahnsteig_PF,99_Bahnsteig_PF
2827889,63781841472242,99_Bahnsteig_PF,99_Bahnsteig_PF,99_Bahnsteig_PF
2827897,63781841472253,99_Bahnsteig_PF,99_Bahnsteig_PF,99_Bahnsteig_PF
2827905,63781841472264,99_Bahnsteig_PF,99_Bahnsteig_PF,99_Bahnsteig_PF
2827922,63781841472275,99_Bahnsteig_PF,99_Bahnsteig_PF,99_Bahnsteig_PF
2827930,63781841472286,99_Bahnsteig_PF,99_Bahnsteig_PF,99_Bahnsteig_PF
2827939,63781841472297,99_Bahnsteig_PF,99_Bahnsteig_PF,99_Bahnsteig_PF
2827955,63781841472308,99_Bahnsteig_PF,99_Bahnsteig_PF,99_Bahnsteig_PF
2827964,63781841472319,99_Bahnsteig_PF,99_Bahnsteig_PF,99_Bahnsteig_PF
2827972,63781841472330,99_Bahnsteig_PF,99_Bahnsteig_PF,99_Bahnsteig_PF
2827989,63781841472342,99_Bahnsteig_PF,99_Bahnsteig_PF,99_Bahnsteig_PF
2827997,63781841472353,99_Bahnsteig_PF,99_Bahnsteig_PF,99_Bahnsteig_PF
2828005,63781841472364,99_Bahnsteig_PF,99_Bahnsteig_PF,99_Bahnsteig_PF
2828022,63781841472375,99_Bahnsteig_PF,99_Bahnsteig_PF,99_Bahnsteig_PF
2828030,63781841472386,99_Bahnsteig_PF,99_Bahnsteig_PF,99_Bahnsteig_PF
2828039,63781841472397,99_Bahnsteig_PF,99_Bahnsteig_PF,99_Bahnsteig_PF
2828055,63781841472408,99_Bahnsteig_PF,99_Bahnsteig_PF,99_Bahnsteig_PF
2828064,63781841472419,99_Bahnsteig_PF,99_Bahnsteig_PF,99_Bahnsteig_PF
2828072,63781841472430,99_Bahnsteig_PF,99_Bahnsteig_PF,99_Bahnsteig_PF
2828089,63781841472441,99_Bahnsteig_PF,99_Bahnsteig_PF,99_Bahnsteig_PF
2828097,63781841472452,99_Bahnsteig_PF,99_Bahnsteig_PF,99_Bahnsteig_PF
2828105,63781841472464,99_Bahnsteig_PF,99_Bahnsteig_PF,99_Bahnsteig_PF
2828122,63781841472475,99_Bahnsteig_PF,99_Bahnsteig_PF,99_Bahnsteig_PF
2828130,63781841472486,99_Bahnsteig_PF,99_Bahnsteig_PF,99_Bahnsteig_PF
2828139,63781841472497,99_Bahnsteig_PF,99_Bahnsteig_PF,99_Bahnsteig_PF
2828155,63781841472508,99_Bahnsteig_PF,99_Bahnsteig_PF,99_Bahnsteig_PF
2828164,63781841472519,99_Bahnsteig_PF,99_Bahnsteig_PF,99_Bahnsteig_PF
2828172,63781841472530,99_Bahnsteig_PF,99_Bahnsteig_PF,99_Bahnsteig_PF
2828189,63781841472541,99_Bahnsteig_PF,99_Bahnsteig_PF,99_Bahnsteig_PF
2828197,63781841472554,99_Bahnsteig_PF,99_Bahnsteig_PF,99_Bahnsteig_PF
2828205,63781841472564,99_Bahnsteig_PF,99_Bahnsteig_PF,99_Bahnsteig_PF
2828222,63781841472575,99_Bahnsteig_PF,99_Bahnsteig_PF,99_Bahnsteig_PF
2828230,63781841472586,99_Bahnsteig_PF,99_Bahnsteig_PF,99_Bahnsteig_PF
2828239,63781841472597,99_Bahnsteig_PF,99_Bahnsteig_PF,99_Bahnsteig_PF
2828255,63781841472608,99_Bahnsteig_PF,99_Bahnsteig_PF,99_Bahnsteig_PF
2828264,63781841472619,99_Bahnsteig_PF,99_Bahnsteig_PF,99_Bahnsteig_PF
2828272,63781841472630,99_Bahnsteig_PF,99_Bahnsteig_PF,99_Bahnsteig_PF
2828289,63781841472641,99_Bahnsteig_PF,99_Bahnsteig_PF,99_Bahnsteig_PF
2828297,63781841472652,99_Bahnsteig_PF,99_Bahnsteig_PF,99_Bahnsteig_PF
2828305,63781841472663,99_Bahnsteig_PF,99_Bahnsteig_PF,99_Bahnsteig_PF
2828322,63781841472675,99_Bahnsteig_PF,99_Bahnsteig_PF,99_Bahnsteig_PF
2828330,63781841472686,99_Bahnsteig_PF,99_Bahnsteig_PF,99_Bahnsteig_PF
2828339,63781841472697,99_Bahnsteig_PF,99_Bahnsteig_PF,99_Bahnsteig_PF
2828355,63781841472708,99_Bahnsteig_PF,99_Bahnsteig_PF,99_Bahnsteig_PF
2828364,63781841472719,99_Bahnsteig_PF,99_Bahnsteig_PF,99_Bahnsteig_PF
2828372,63781841472730,99_Bahnsteig_PF,99_Bahnsteig_PF,99_Bahnsteig_PF
2828389,63781841472741,99_Bahnsteig_PF,99_Bahnsteig_PF,99_Bahnsteig_PF
2828397,63781841472752,99_Bahnsteig_PF,99_Bahnsteig_PF,99_Bahnsteig_PF
2828405,63781841472764,99_Bahnsteig_PF,99_Bahnsteig_PF,99_Bahnsteig_PF
2828422,63781841472775,99_Bahnsteig_PF,99_Bahnsteig_PF,99_Bahnsteig_PF
2828430,63781841472785,99_Bahnsteig_PF,99_Bahnsteig_PF,99_Bahnsteig_PF
2828439,63781841472797,99_Bahnsteig_PF,99_Bahnsteig_PF,99_Bahnsteig_PF
2828455,63781841472808,99_Bahnsteig_PF,99_Bahnsteig_PF,99_Bahnsteig_PF
2828463,63781841472819,99_Bahnsteig_PF,99_Bahnsteig_PF,99_Bahnsteig_PF
2828472,63781841472830,99_Bahnsteig_PF,99_Bahnsteig_PF,99_Bahnsteig_PF
2828488,63781841472841,99_Bahnsteig_PF,99_Bahnsteig_PF,99_Bahnsteig_PF
2828497,63781841472852,99_Bahnsteig_PF,99_Bahnsteig_PF,99_Bahnsteig_PF
2828505,63781841472864,99_Bahnsteig_PF,99_Bahnsteig_PF,99_Bahnsteig_PF
2828522,63781841472874,99_Bahnsteig_PF,99_Bahnsteig_PF,99_Bahnsteig_PF
2828530,63781841472886,99_Bahnsteig_PF,99_Bahnsteig_PF,99_Bahnsteig_PF
2828538,63781841472897,99_Bahnsteig_PF,99_Bahnsteig_PF,99_Bahnsteig_PF
2828555,63781841472908,99_Bahnsteig_PF,99_Bahnsteig_PF,99_Bahnsteig_PF
2828563,63781841472919,99_Bahnsteig_PF,99_Bahnsteig_PF,99_Bahnsteig_PF
2828572,63781841472930,99_Bahnsteig_PF,99_Bahnsteig_PF,99_Bahnsteig_PF
2828588,63781841472941,99_Bahnsteig_PF,99_Bahnsteig_PF,99_Bahnsteig_PF
2828597,63781841472952,99_Bahnsteig_PF,99_Bahnsteig_PF,99_Bahnsteig_PF
2828605,63781841472963,99_Bahnsteig_PF,99_Bahnsteig_PF,99_Bahnsteig_PF
2828622,63781841472975,99_Bahnsteig_PF,99_Bahnsteig_PF,99_Bahnsteig_PF
2828630,63781841472985,99_Bahnsteig_PF,99_Bahnsteig_PF,99_Bahnsteig_PF
2828638,63781841472997,99_Bahnsteig_PF,99_Bahnsteig_PF,99_Bahnsteig_PF
2828655,63781841473008,99_Bahnsteig_PF,99_Bahnsteig_PF,99_Bahnsteig_PF
2828663,63781841473019,99_Bahnsteig_PF,99_Bahnsteig_PF,99_Bahnsteig_PF
2828672,63781841473030,99_Bahnsteig_PF,99_Bahnsteig_PF,99_Bahnsteig_PF
2828688,63781841473041,99_Bahnsteig_PF,99_Bahnsteig_PF,99_Bahnsteig_PF
2828697,63781841473052,99_Bahnsteig_PF,99_Bahnsteig_PF,99_Bahnsteig_PF
2828705,63781841473063,99_Bahnsteig_PF,99_Bahnsteig_PF,99_Bahnsteig_PF
2828722,63781841473074,99_Bahnsteig_PF,99_Bahnsteig_PF,99_Bahnsteig_PF
2828730,63781841473085,99_Bahnsteig_PF,99_Bahnsteig_PF,99_Bahnsteig_PF
2828738,63781841473096,99_Bahnsteig_PF,99_Bahnsteig_PF,99_Bahnsteig_PF
2828755,63781841473108,99_Bahnsteig_PF,99_Bahnsteig_PF,99_Bahnsteig_PF
2828763,63781841473119,99_Bahnsteig_PF,99_Bahnsteig_PF,99_Bahnsteig_PF
2828772,63781841473130,99_Bahnsteig_PF,99_Bahnsteig_PF,99_Bahnsteig_PF
2828788,63781841473141,99_Bahnsteig_PF,99_Bahnsteig_PF,99_Bahnsteig_PF
2828797,63781841473152,99_Bahnsteig_PF,99_Bahnsteig_PF,99_Bahnsteig_PF
2828805,63781841473163,99_Bahnsteig_PF,99_Bahnsteig_PF,99_Bahnsteig_PF
2828822,63781841473174,99_Bahnsteig_PF,99_Bahnsteig_PF,99_Bahnsteig_PF
2828830,63781841473185,99_Bahnsteig_PF,99_Bahnsteig_PF,99_Bahnsteig_PF
2828838,63781841473197,99_Bahnsteig_PF,None,99_Bahnsteig_PF
2828855,63781841473208,99_Bahnsteig_PF,99_Bahnsteig_PF,99_Bahnsteig_PF
2828863,63781841473219,99_Bahnsteig_PF,99_Bahnsteig_PF,99_Bahnsteig_PF
2828872,63781841473230,99_Bahnsteig_PF,99_Bahnsteig_PF,99_Bahnsteig_PF
2828888,63781841473242,99_Bahnsteig_PF,99_Bahnsteig_PF,99_Bahnsteig_PF
2828897,63781841473252,99_Bahnsteig_PF,99_Bahnsteig_PF,99_Bahnsteig_PF
2828905,63781841473263,99_Bahnsteig_PF,99_Bahnsteig_PF,99_Bahnsteig_PF
2828921,63781841473274,99_Bahnsteig_PF,99_Bahnsteig_PF,99_Bahnsteig_PF
2828930,63781841473287,99_Bahnsteig_PF,99_Bahnsteig_PF,99_Bahnsteig_PF
2828938,63781841473297,99_Bahnsteig_PF,99_Bahnsteig_PF,99_Bahnsteig_PF
2828955,63781841473307,99_Bahnsteig_PF,99_Bahnsteig_PF,99_Bahnsteig_PF
2828963,63781841473319,99_Bahnsteig_PF,99_Bahnsteig_PF,99_Bahnsteig_PF
2828971,63781841473330,99_Bahnsteig_PF,99_Bahnsteig_PF,99_Bahnsteig_PF
2828988,63781841473341,99_Bahnsteig_PF,99_Bahnsteig_PF,99_Bahnsteig_PF
2828996,63781841473352,99_Bahnsteig_PF,99_Bahnsteig_PF,99_Bahnsteig_PF
2829005,63781841473363,99_Bahnsteig_PF,99_Bahnsteig_PF,99_Bahnsteig_PF
2829021,63781841473374,99_Bahnsteig_PF,99_Bahnsteig_PF,99_Bahnsteig_PF
2829029,63781841473386,99_Bahnsteig_PF,99_Bahnsteig_PF,99_Bahnsteig_PF
2829038,63781841473396,99_Bahnsteig_PF,99_Bahnsteig_PF,99_Bahnsteig_PF
2829054,63781841473407,99_Bahnsteig_PF,99_Bahnsteig_PF,99_Bahnsteig_PF
2829063,63781841473419,99_Bahnsteig_PF,99_Bahnsteig_PF,99_Bahnsteig_PF
2829071,63781841473430,99_Bahnsteig_PF,99_Bahnsteig_PF,99_Bahnsteig_PF
2829088,63781841473441,99_Bahnsteig_PF,99_Bahnsteig_PF,99_Bahnsteig_PF
2829096,63781841473452,99_Bahnsteig_PF,99_Bahnsteig_PF,99_Bahnsteig_PF
2829104,63781841473463,99_Bahnsteig_PF,99_Bahnsteig_PF,99_Bahnsteig_PF
2829121,63781841473474,99_Bahnsteig_PF,99_Bahnsteig_PF,99_Bahnsteig_PF
2829129,63781841473485,99_Bahnsteig_PF,99_Bahnsteig_PF,99_Bahnsteig_PF
2829138,63781841473496,99_Bahnsteig_PF,99_Bahnsteig_PF,99_Bahnsteig_PF
2829154,63781841473508,99_Bahnsteig_PF,99_Bahnsteig_PF,99_Bahnsteig_PF
2829163,63781841473520,99_Bahnsteig_PF,99_Bahnsteig_PF,99_Bahnsteig_PF
2829171,63781841473531,99_Bahnsteig_PF,99_Bahnsteig_PF,99_Bahnsteig_PF
2829188,63781841473542,99_Bahnsteig_PF,99_Bahnsteig_PF,99_Bahnsteig_PF
2829196,63781841473553,99_Bahnsteig_PF,99_Bahnsteig_PF,99_Bahnsteig_PF
2829204,63781841473564,99_Bahnsteig_PF,99_Bahnsteig_PF,99_Bahnsteig_PF
2829221,63781841473575,99_Bahnsteig_PF,99_Bahnsteig_PF,99_Bahnsteig_PF
2829229,63781841473587,None,99_Bahnsteig_PF,99_Bahnsteig_PF
2829238,63781841473597,None,99_Bahnsteig_PF,99_Bahnsteig_PF
2829254,63781841473608,None,99_Bahnsteig_PF,99_Bahnsteig_PF
2829263,63781841473620,None,99_Bahnsteig_PF,99_Bahnsteig_PF
2829271,63781841473630,None,99_Bahnsteig_PF,99_Bahnsteig_PF
2829288,63781841473642,99_Bahnsteig_PF,99_Bahnsteig_PF,99_Bahnsteig_PF
2829296,63781841473653,99_Bahnsteig_PF,99_Bahnsteig_PF,99_Bahnsteig_PF
2829304,63781841473664,99_Bahnsteig_PF,99_Bahnsteig_PF,99_Bahnsteig_PF
2829321,63781841473675,99_Bahnsteig_PF,99_Bahnsteig_PF,99_Bahnsteig_PF
2829329,63781841473686,99_Bahnsteig_PF,99_Bahnsteig_PF,99_Bahnsteig_PF
2829338,63781841473697,99_Bahnsteig_PF,99_Bahnsteig_PF,99_Bahnsteig_PF
2829363,63781841473719,99_Bahnsteig_PF,99_Bahnsteig_PF,99_Bahnsteig_PF
2829363,63781841473723,99_Bahnsteig_PF,99_Bahnsteig_PF,99_Bahnsteig_PF
2829371,63781841473730,99_Bahnsteig_PF,99_Bahnsteig_PF,99_Bahnsteig_PF
2829379,63781841473739,99_Bahnsteig_PF,99_Bahnsteig_PF,99_Bahnsteig_PF
2829396,63781841473750,99_Bahnsteig_PF,99_Bahnsteig_PF,99_Bahnsteig_PF
2829404,63781841473761,99_Bahnsteig_PF,99_Bahnsteig_PF,99_Bahnsteig_PF
2829413,63781841473772,99_Bahnsteig_PF,99_Bahnsteig_PF,99_Bahnsteig_PF
2829429,63781841473783,99_Bahnsteig_PF,99_Bahnsteig_PF,99_Bahnsteig_PF
2829438,63781841473795,99_Bahnsteig_PF,99_Bahnsteig_PF,99_Bahnsteig_PF
2829446,63781841473806,99_Bahnsteig_PF,99_Bahnsteig_PF,99_Bahnsteig_PF
2829463,63781841473817,99_Bahnsteig_PF,99_Bahnsteig_PF,99_Bahnsteig_PF
2829471,63781841473828,99_Bahnsteig_PF,99_Bahnsteig_PF,99_Bahnsteig_PF
2829479,63781841473839,99_Bahnsteig_PF,99_Bahnsteig_PF,99_Bahnsteig_PF
2829496,63781841473850,None,99_Bahnsteig_PF,99_Bahnsteig_PF
2829504,63781841473861,None,None,None
2829513,63781841473872,None,None,None
2829529,63781841473883,None,None,None
2829538,63781841473894,None,None,None
2829546,63781841473906,None,None,None
2829563,63781841473917,None,None,None
2829571,63781841473928,None,None,None
2829579,63781841473939,None,None,None
2829596,63781841473950,None,None,None
2829604,63781841473961,None,None,None
2829613,63781841473972,None,None,None
2829629,63781841473983,None,None,None
2829638,63781841473994,None,None,None
2829646,63781841474006,None,None,None
2829663,63781841474017,None,None,None
2829671,63781841474028,None,None,None
2829679,63781841474039,None,None,None
2829696,63781841474050,None,None,None
2829704,63781841474061,None,None,None
2829713,63781841474072,None,None,None
2829729,63781841474083,None,None,None
2829738,63781841474095,None,None,None
2829746,63781841474106,None,None,None
2829763,63781841474117,None,None,None
2829771,63781841474129,None,None,None
2829780,63781841474140,None,None,None
2829796,63781841474151,None,None,None
2829805,63781841474162,None,None,None
2829813,63781841474174,None,None,None
2829830,63781841474185,None,None,None
2829838,63781841474196,None,None,None
2829855,63781841474208,None,None,None
2829863,63781841474219,None,None,None
2829871,63781841474230,None,None,None
2829888,63781841474241,None,None,None
2829896,63781841474252,None,None,None
2829913,63781841474264,None,None,None
2829921,63781841474275,None,None,None
2829930,63781841474286,None,None,None
2829938,63781841474297,None,None,None
2829955,63781841474308,None,None,None
2829963,63781841474319,None,None,None
2829971,63781841474330,None,None,None
2829988,63781841474341,None,None,None
2829996,63781841474352,None,None,None
2830005,63781841474364,None,None,None
2830021,63781841474374,None,None,None
2830030,63781841474386,None,None,None
2830038,63781841474397,None,None,None
2830055,63781841474408,None,None,None
2830063,63781841474419,None,None,None
2830071,63781841474430,None,None,None
2830088,63781841474441,None,None,None
2830096,63781841474452,None,None,None
2830105,63781841474463,None,None,None
2830121,63781841474475,None,None,None
2830130,63781841474485,None,None,None
2830138,63781841474496,None,None,None
2830155,63781841474508,None,None,None
2830163,63781841474519,None,None,None
2830171,63781841474530,None,None,None
2830188,63781841474541,None,None,None
2830196,63781841474552,None,None,None
2830205,63781841474563,None,None,None
2830221,63781841474575,None,None,None
2830230,63781841474585,None,None,None
2830238,63781841474596,None,None,None
2830255,63781841474608,None,None,None
2830263,63781841474619,None,None,None
2830271,63781841474630,None,None,None
2830288,63781841474641,None,None,None
2830296,63781841474652,None,None,None
2830305,63781841474663,None,None,None
2830321,63781841474674,None,None,None
2830330,63781841474685,None,None,None
2830338,63781841474696,None,None,None
2830355,63781841474708,None,None,None
2830363,63781841474719,None,None,None
2830371,63781841474730,None,None,None
2830388,63781841474741,None,None,None
2830396,63781841474752,None,None,None
2830405,63781841474763,None,None,None
2830421,63781841474774,None,None,None
2830430,63781841474785,None,None,None
2830438,63781841474796,None,None,None
2830455,63781841474808,None,None,None
2830463,63781841474819,None,None,None
2830471,63781841474830,None,None,None
2830488,63781841474841,None,None,None
2830496,63781841474852,None,None,None
2830505,63781841474863,None,None,None
2830521,63781841474874,None,None,None
2830530,63781841474886,None,None,None
2830538,63781841474896,None,None,None
2830555,63781841474908,None,None,None
2830563,63781841474919,None,None,None
2830571,63781841474930,None,None,None
2830588,63781841474941,None,None,None
2830596,63781841474952,None,None,None
2830605,63781841474964,None,None,None
2830621,63781841474974,None,None,None
2830630,63781841474985,None,None,None
2830638,63781841474997,None,None,None
2830655,63781841475008,None,None,None
2830663,63781841475018,None,None,None
2830671,63781841475030,None,None,None
2830688,63781841475041,None,None,None
2830696,63781841475052,None,None,None
2830705,63781841475064,None,None,None
2830721,63781841475074,None,None,None
2830730,63781841475085,None,None,None
2830738,63781841475096,None,None,None
2830755,63781841475107,None,None,None
2830763,63781841475119,None,None,None
2830771,63781841475130,None,None,None
2830788,63781841475141,None,None,None
2830796,63781841475152,None,None,None
2830805,63781841475163,None,None,None
2830821,63781841475174,None,None,None
2830830,63781841475185,None,None,None
2830838,63781841475196,None,None,None
2830855,63781841475207,None,None,None
2830863,63781841475218,None,None,None
2830871,63781841475229,None,None,None
2830888,63781841475241,None,None,None
2830896,63781841475252,None,None,None
2830905,63781841475263,None,None,None
2830921,63781841475274,None,None,None
2830930,63781841475285,None,None,None
2830938,63781841475296,None,None,None
2830955,63781841475308,None,None,None
2830963,63781841475318,None,None,None
2830971,63781841475329,None,None,None
2830988,63781841475341,None,None,None
2830996,63781841475353,None,None,None
2831005,63781841475363,None,None,None
2831021,63781841475374,None,None,None
2831030,63781841475385,None,None,None
2831038,63781841475396,None,None,None
2831055,63781841475407,None,None,None
2831063,63781841475418,None,None,None
2831071,63781841475429,None,None,None
2831088,63781841475440,None,None,None
2831096,63781841475452,None,None,None
2831105,63781841475463,None,None,None
2831121,63781841475474,None,None,None
2831130,63781841475485,None,None,None
2831138,63781841475496,None,None,None
2831155,63781841475507,None,None,None
2831163,63781841475518,None,None,None
2831171,63781841475529,None,None,None
2831188,63781841475540,None,None,None
2831196,63781841475551,None,None,None
2831205,63781841475563,None,None,None
2831221,63781841475574,None,None,None
2831230,63781841475585,None,None,None
2831238,63781841475596,None,None,None
2831255,63781841475607,None,None,None
2831263,63781841475618,None,None,None
2831271,63781841475629,None,None,None
2831280,63781841475640,None,None,None
2831296,63781841475652,None,None,None
2831305,63781841475663,None,None,None
2831313,63781841475673,None,None,None
2831330,63781841475685,None,None,None
2831338,63781841475696,None,None,None
2831355,63781841475707,None,None,None
2831363,63781841475718,None,None,None
2831371,63781841475729,None,None,None
2831388,63781841475740,None,None,None
2831396,63781841475752,None,None,None
2831405,63781841475762,None,None,None
2831413,63781841475774,None,None,None
2831430,63781841475785,None,None,None
2831438,63781841475796,None,None,None
2831455,63781841475807,None,None,None
2831463,63781841475818,None,None,None
2831471,63781841475829,None,None,None
2831488,63781841475840,None,None,None
2831496,63781841475851,None,None,None
2831505,63781841475863,None,None,None
2831521,63781841475874,None,None,None
2831530,63781841475885,None,None,None
2831538,63781841475896,None,None,None
2831555,63781841475907,None,None,None
2831563,63781841475918,None,None,None
2831571,63781841475929,None,None,None
2831588,63781841475940,None,None,None
2831596,63781841475951,None,None,None
2831605,63781841475963,None,None,None
2831621,63781841475974,None,None,None
2831630,63781841475984,None,None,None
2831638,63781841475997,None,None,None
2831654,63781841476007,None,None,None
2831663,63781841476018,None,None,None
2831671,63781841476029,None,None,None
2831688,63781841476040,None,None,None
2831696,63781841476051,None,None,None
2831704,63781841476062,None,None,None
2831721,63781841476074,None,None,None
2831729,63781841476085,None,None,None
2831738,63781841476096,None,None,None
2831754,63781841476107,None,None,None
2831763,63781841476118,None,None,None
2831771,63781841476129,None,None,None
2831788,63781841476140,None,None,None
2831796,63781841476151,None,None,None
2831804,63781841476162,None,None,None
2831821,63781841476173,None,None,None
2831829,63781841476185,None,None,None
2831838,63781841476195,None,None,None
2831854,63781841476207,None,None,None
2831863,63781841476218,None,None,None
2831871,63781841476229,None,None,None
2831888,63781841476240,None,None,None
2831896,63781841476251,None,None,None
2831904,63781841476262,None,None,None
2831921,63781841476273,None,None,None
2831929,63781841476285,None,None,None
2831938,63781841476296,None,None,None
2831954,63781841476307,None,None,None
2831963,63781841476318,None,None,None
2831971,63781841476329,None,None,None
2831988,63781841476340,None,None,None
2831996,63781841476351,None,None,None
2832004,63781841476362,None,None,None
2832021,63781841476373,None,None,None
2832029,63781841476384,None,None,None
2832038,63781841476395,None,None,None
2832054,63781841476407,None,None,None
2832063,63781841476418,None,None,None
2832071,63781841476429,None,None,None
2832088,63781841476440,None,None,None
2832096,63781841476451,None,None,None
2832104,63781841476462,None,None,None
2832121,63781841476473,None,None,None
2832129,63781841476484,None,None,None
2832138,63781841476495,None,None,None
2832154,63781841476507,None,None,None
2832163,63781841476518,None,None,None
2832171,63781841476529,None,None,None
2832188,63781841476540,None,None,None
2832196,63781841476551,None,None,None
2832204,63781841476562,None,None,None
2832221,63781841476573,None,None,None
2832229,63781841476584,None,None,None
2832238,63781841476595,None,None,None
2832254,63781841476607,None,None,None
2832263,63781841476618,None,None,None
2832271,63781841476629,None,None,None
2832288,63781841476640,None,None,None
2832296,63781841476651,None,None,None
2832304,63781841476662,None,None,None
2832321,63781841476673,None,None,None
2832329,63781841476685,None,None,None
2832338,63781841476695,None,None,None
2832354,63781841476706,None,None,None
2832363,63781841476717,None,None,None
2832371,63781841476728,None,None,None
2832388,63781841476740,None,None,None
2832396,63781841476751,None,None,None
2832404,63781841476762,None,None,None
2832421,63781841476773,None,None,None
2832429,63781841476784,None,None,None
2832438,63781841476795,None,None,None
2832454,63781841476806,None,None,None
2832463,63781841476817,None,None,None
2832471,63781841476829,None,None,None
2832488,63781841476840,None,None,None
2832496,63781841476851,None,None,None
2832504,63781841476862,None,None,None
2832521,63781841476873,None,None,None
2832529,63781841476884,None,None,None
2832538,63781841476895,None,None,None
2832554,63781841476906,None,None,None
2832563,63781841476917,99_Bahnsteig_PF,99_Bahnsteig_PF,99_Bahnsteig_PF
2832571,63781841476928,99_Bahnsteig_PF,99_Bahnsteig_PF,99_Bahnsteig_PF
2832588,63781841476940,99_Bahnsteig_PF,None,99_Bahnsteig_PF
2832596,63781841476951,99_Bahnsteig_PF,None,99_Bahnsteig_PF
2832604,63781841476962,None,None,None
2832621,63781841476973,99_Bahnsteig_PF,None,99_Bahnsteig_PF
2832629,63781841476984,99_Bahnsteig_PF,None,99_Bahnsteig_PF
2832638,63781841476995,None,None,None
2832654,63781841477006,None,None,None
2832663,63781841477017,99_Bahnsteig_PF,None,99_Bahnsteig_PF
2832671,63781841477029,99_Bahnsteig_PF,None,99_Bahnsteig_PF
2832688,63781841477039,99_Bahnsteig_PF,None,99_Bahnsteig_PF
2832696,63781841477051,99_Bahnsteig_PF,None,99_Bahnsteig_PF
2832704,63781841477062,99_Bahnsteig_PF,None,None
2832721,63781841477073,None,None,None
2832729,63781841477084,None,None,None
2832737,63781841477095,None,None,None
2832754,63781841477106,99_Bahnsteig_PF,None,None
2832762,63781841477117,99_Bahnsteig_PF,None,99_Bahnsteig_PF
2832771,63781841477128,99_Bahnsteig_PF,99_Bahnsteig_PF,99_Bahnsteig_PF
2832787,63781841477139,99_Bahnsteig_PF,99_Bahnsteig_PF,99_Bahnsteig_PF
2832796,63781841477151,99_Bahnsteig_PF,99_Bahnsteig_PF,99_Bahnsteig_PF
2832804,63781841477162,99_Bahnsteig_PF,99_Bahnsteig_PF,99_Bahnsteig_PF
2832821,63781841477173,99_Bahnsteig_PF,99_Bahnsteig_PF,99_Bahnsteig_PF
2832829,63781841477184,99_Bahnsteig_PF,99_Bahnsteig_PF,99_Bahnsteig_PF
2832837,63781841477195,99_Bahnsteig_PF,99_Bahnsteig_PF,99_Bahnsteig_PF
2832854,63781841477206,99_Bahnsteig_PF,99_Bahnsteig_PF,99_Bahnsteig_PF
2832862,63781841477218,99_Bahnsteig_PF,99_Bahnsteig_PF,99_Bahnsteig_PF
2832871,63781841477228,99_Bahnsteig_PF,99_Bahnsteig_PF,99_Bahnsteig_PF
2832887,63781841477239,99_Bahnsteig_PF,99_Bahnsteig_PF,99_Bahnsteig_PF
2832896,63781841477251,99_Bahnsteig_PF,99_Bahnsteig_PF,99_Bahnsteig_PF
2832912,63781841477269,99_Bahnsteig_PF,99_Bahnsteig_PF,99_Bahnsteig_PF
2832921,63781841477274,99_Bahnsteig_PF,99_Bahnsteig_PF,99_Bahnsteig_PF
2832921,63781841477278,99_Bahnsteig_PF,99_Bahnsteig_PF,99_Bahnsteig_PF
2832937,63781841477290,99_Bahnsteig_PF,99_Bahnsteig_PF,99_Bahnsteig_PF
2832946,63781841477301,99_Bahnsteig_PF,99_Bahnsteig_PF,99_Bahnsteig_PF
2832954,63781841477312,99_Bahnsteig_PF,99_Bahnsteig_PF,99_Bahnsteig_PF
2832971,63781841477323,None,None,None
2832979,63781841477334,None,99_Bahnsteig_PF,99_Bahnsteig_PF
2832987,63781841477346,None,None,None
2833004,63781841477357,99_Bahnsteig_PF,None,99_Bahnsteig_PF
2833012,63781841477369,None,None,None
2833021,63781841477379,99_Bahnsteig_PF,None,99_Bahnsteig_PF
2833037,63781841477390,99_Bahnsteig_PF,None,99_Bahnsteig_PF
2833046,63781841477401,99_Bahnsteig_PF,None,99_Bahnsteig_PF
2833054,63781841477412,99_Bahnsteig_PF,None,99_Bahnsteig_PF
2833071,63781841477423,99_Bahnsteig_PF,None,99_Bahnsteig_PF
2833079,63781841477434,99_Bahnsteig_PF,None,99_Bahnsteig_PF
2833087,63781841477445,99_Bahnsteig_PF,None,99_Bahnsteig_PF
2833104,63781841477457,99_Bahnsteig_PF,None,99_Bahnsteig_PF
2833112,63781841477468,99_Bahnsteig_PF,None,99_Bahnsteig_PF
2833121,63781841477479,99_Bahnsteig_PF,None,99_Bahnsteig_PF
2833137,63781841477490,None,99_Bahnsteig_PF,99_Bahnsteig_PF
2833146,63781841477501,None,None,None
2833154,63781841477512,None,None,None
2833171,63781841477523,None,None,None
2833179,63781841477534,None,None,None
2833187,63781841477545,None,None,None
2833204,63781841477556,None,None,None
2833212,63781841477568,None,None,None
2833221,63781841477578,None,None,None
2833237,63781841477590,None,None,None
2833246,63781841477601,None,None,None
2833262,63781841477612,None,None,None
2833271,63781841477623,None,None,None
2833279,63781841477634,None,None,None
2833296,63781841477646,None,None,None
2833304,63781841477657,None,None,None
2833312,63781841477668,None,None,None
2833329,63781841477681,None,None,None
2833337,63781841477691,None,None,None
2833346,63781841477703,None,None,None
2833362,63781841477714,None,None,None
2833371,63781841477725,None,None,None
2833379,63781841477737,None,None,None
2833396,63781841477748,99_Bahnsteig_PF,99_Bahnsteig_PF,99_Bahnsteig_PF
2833404,63781841477759,99_Bahnsteig_PF,99_Bahnsteig_PF,99_Bahnsteig_PF
2833412,63781841477771,99_Bahnsteig_PF,99_Bahnsteig_PF,99_Bahnsteig_PF
2833429,63781841477782,99_Bahnsteig_PF,None,99_Bahnsteig_PF
2833437,63781841477793,None,None,None
2833446,63781841477805,99_Bahnsteig_PF,None,None
2833462,63781841477816,None,None,None
2833471,63781841477827,99_Bahnsteig_PF,None,None
2833487,63781841477839,99_Bahnsteig_PF,None,None
2833496,63781841477850,99_Bahnsteig_PF,None,None
2833504,63781841477861,99_Bahnsteig_PF,None,None
2833521,63781841477872,99_Bahnsteig_PF,None,None
2833529,63781841477883,None,None,None
2833537,63781841477894,None,None,None
2833554,63781841477906,None,None,None
2833562,63781841477917,None,None,None
2833571,63781841477928,None,None,None
2833579,63781841477939,None,None,None
2833596,63781841477950,None,None,None
2833604,63781841477961,None,None,None
2833621,63781841477972,None,None,None
2833629,63781841477983,99_Bahnsteig_PF,None,99_Bahnsteig_PF
2833637,63781841477995,None,99_Bahnsteig_PF,None
2833646,63781841478005,99_Bahnsteig_PF,None,None
2833662,63781841478017,None,None,None
2833671,63781841478028,None,None,None
2833687,63781841478039,None,None,None
2833696,63781841478050,None,None,None
2833704,63781841478062,None,None,None
2833721,63781841478072,None,None,None
2833729,63781841478084,None,None,None
2833737,63781841478094,None,None,None
2833754,63781841478105,None,None,None
2833762,63781841478117,None,None,None
2833771,63781841478128,None,None,None
2833779,63781841478139,None,None,None
2833796,63781841478150,None,None,None
2833804,63781841478161,None,None,None
2833812,63781841478172,None,None,None
2833829,63781841478183,None,None,None
2833837,63781841478194,None,None,None
2833854,63781841478205,None,None,None
2833862,63781841478217,None,None,None
2833871,63781841478227,None,None,None
2833887,63781841478239,None,None,None
2833896,63781841478250,None,None,None
2833904,63781841478261,None,None,None
2833921,63781841478272,None,None,None
2833929,63781841478283,None,None,None
2833937,63781841478294,None,None,None
2833954,63781841478306,None,None,None
2833962,63781841478316,None,None,None
2833971,63781841478328,None,None,None
2833987,63781841478339,None,None,None
2833996,63781841478351,None,None,None
2834004,63781841478362,None,None,None
2834021,63781841478373,None,None,None
2834029,63781841478384,None,None,None
2834037,63781841478395,None,None,None
2834054,63781841478408,None,None,None
2834062,63781841478418,None,None,None
2834071,63781841478429,None,None,None
2834087,63781841478440,None,None,None
2834096,63781841478451,None,None,None
2834104,63781841478462,None,None,None
2834112,63781841478473,None,None,None
2834129,63781841478484,99_Bahnsteig_PF,99_Bahnsteig_PF,99_Bahnsteig_PF
2834137,63781841478495,99_Bahnsteig_PF,None,None
2834146,63781841478506,None,None,None
2834162,63781841478517,None,None,None
2834171,63781841478528,None,None,None
2834179,63781841478540,None,None,None
2834196,63781841478551,99_Bahnsteig_PF,None,None
2834204,63781841478562,99_Bahnsteig_PF,None,None
2834221,63781841478573,99_Bahnsteig_PF,None,None
2834229,63781841478584,99_Bahnsteig_PF,None,None
2834237,63781841478595,99_Bahnsteig_PF,None,None
2834246,63781841478606,99_Bahnsteig_PF,None,None
2834262,63781841478618,99_Bahnsteig_PF,None,None
2834270,63781841478628,99_Bahnsteig_PF,None,None
2834279,63781841478640,99_Bahnsteig_PF,None,None
2834295,63781841478651,99_Bahnsteig_PF,None,None
2834304,63781841478662,99_Bahnsteig_PF,None,None
2834312,63781841478673,99_Bahnsteig_PF,None,None
2834329,63781841478684,99_Bahnsteig_PF,None,None
2834337,63781841478695,99_Bahnsteig_PF,None,None
2834354,63781841478706,99_Bahnsteig_PF,None,99_Bahnsteig_PF
2834362,63781841478717,None,None,None
2834370,63781841478728,None,None,None
2834387,63781841478739,None,None,None
2834395,63781841478751,None,None,None
2834404,63781841478762,None,None,None
2834420,63781841478773,None,None,None
2834429,63781841478784,None,None,None
2834437,63781841478795,None,None,None
2834454,63781841478806,None,None,None
2834462,63781841478817,None,None,None
2834470,63781841478829,None,None,None
2834487,63781841478839,None,None,None
2834495,63781841478850,None,None,None
2834504,63781841478862,None,None,None
2834520,63781841478873,None,None,None
2834529,63781841478884,None,None,None
2834537,63781841478895,None,None,None
2834554,63781841478906,None,None,None
2834562,63781841478917,None,None,None
2834570,63781841478929,None,None,None
2834587,63781841478939,None,None,None
2834595,63781841478951,None,None,None
2834604,63781841478962,None,None,None
2834612,63781841478973,None,None,None
2834629,63781841478984,99_Bahnsteig_PF,99_Bahnsteig_PF,99_Bahnsteig_PF
2834637,63781841478995,99_Bahnsteig_PF,None,None
2834645,63781841479006,None,None,None
2834662,63781841479017,None,None,None
2834670,63781841479028,None,None,None
2834679,63781841479039,None,None,None
2834695,63781841479050,None,None,None
2834704,63781841479062,None,None,None
2834712,63781841479072,None,None,None
2834729,63781841479084,None,None,None
2834737,63781841479095,None,None,None
2834745,63781841479106,None,None,None
2834762,63781841479117,None,None,None
2834770,63781841479128,None,None,None
2834787,63781841479139,None,99_Bahnsteig_PF,99_Bahnsteig_PF
2834795,63781841479150,None,None,None
2834804,63781841479162,None,None,None
2834820,63781841479172,None,None,None
2834829,63781841479184,None,None,None
2834837,63781841479195,None,None,None
2834854,63781841479206,None,None,None
2834862,63781841479217,None,None,None
2834870,63781841479228,None,None,None
2834887,63781841479240,None,None,None
2834895,63781841479250,None,None,None
2834904,63781841479261,None,None,None
2834920,63781841479272,None,None,None
2834929,63781841479284,None,None,None
2834937,63781841479295,None,None,None
2834954,63781841479306,None,None,None
2834962,63781841479317,None,None,None
2834970,63781841479328,None,None,None
2834987,63781841479339,None,None,None
2834995,63781841479350,None,None,None
2835004,63781841479361,None,None,None
2835012,63781841479372,None,None,None
2835029,63781841479384,99_Bahnsteig_PF,None,None
2835037,63781841479395,99_Bahnsteig_PF,None,None
2835045,63781841479406,99_Bahnsteig_PF,None,None
2835062,63781841479417,None,None,None
2835070,63781841479428,99_Bahnsteig_PF,None,None
2835087,63781841479440,None,None,None
2835095,63781841479450,None,None,None
2835104,63781841479461,None,None,None
2835112,63781841479472,None,None,None
2835129,63781841479484,None,None,None
2835137,63781841479495,None,None,None
2835145,63781841479505,None,None,None
2835162,63781841479517,None,None,None
2835170,63781841479528,None,None,None
2835179,63781841479539,None,None,None
2835195,63781841479550,None,None,None
2835204,63781841479561,None,None,None
2835212,63781841479572,None,None,None
2835229,63781841479584,None,None,None
2835237,63781841479594,None,None,None
2835245,63781841479606,None,None,None
2835262,63781841479617,None,None,None
2835270,63781841479628,None,None,None
2835279,63781841479639,None,None,None
2835295,63781841479650,None,None,None
2835304,63781841479661,None,None,None
2835312,63781841479672,None,None,None
2835329,63781841479683,99_Bahnsteig_PF,None,None
2835337,63781841479694,99_Bahnsteig_PF,None,None
2835345,63781841479706,99_Bahnsteig_PF,None,None
2835362,63781841479717,99_Bahnsteig_PF,None,None
2835370,63781841479728,99_Bahnsteig_PF,None,None
2835379,63781841479739,99_Bahnsteig_PF,None,None
2835395,63781841479750,99_Bahnsteig_PF,None,None
2835404,63781841479761,99_Bahnsteig_PF,None,None
2835420,63781841479773,99_Bahnsteig_PF,None,None
2835429,63781841479784,99_Bahnsteig_PF,None,None
2835437,63781841479794,None,None,None
2835445,63781841479805,99_Bahnsteig_PF,None,None
2835462,63781841479817,99_Bahnsteig_PF,None,99_Bahnsteig_PF
2835470,63781841479827,99_Bahnsteig_PF,99_Bahnsteig_PF,99_Bahnsteig_PF
2835479,63781841479839,None,None,None
2835495,63781841479850,None,None,None
2835504,63781841479861,None,None,None
2835520,63781841479872,None,None,None
2835529,63781841479883,None,None,None
2835537,63781841479894,None,None,None
2835554,63781841479905,None,None,None
2835562,63781841479916,None,None,None
2835570,63781841479927,None,None,None
2835587,63781841479939,None,None,None
2835595,63781841479950,None,None,None
2835604,63781841479961,None,None,None
2835620,63781841479972,None,None,None
2835629,63781841479983,None,None,None
2835637,63781841479994,None,None,None
2835654,63781841480006,None,None,None
2835662,63781841480017,None,None,None
2835670,63781841480027,None,None,None
2835679,63781841480038,None,None,None
2835695,63781841480050,None,None,None
2835704,63781841480061,None,None,None
2835712,63781841480072,99_Bahnsteig_PF,99_Bahnsteig_PF,99_Bahnsteig_PF
2835729,63781841480083,99_Bahnsteig_PF,99_Bahnsteig_PF,99_Bahnsteig_PF
2835737,63781841480094,99_Bahnsteig_PF,99_Bahnsteig_PF,99_Bahnsteig_PF
2835754,63781841480105,None,None,None
2835762,63781841480116,None,99_Bahnsteig_PF,99_Bahnsteig_PF
2835770,63781841480128,99_Bahnsteig_PF,99_Bahnsteig_PF,99_Bahnsteig_PF
2835779,63781841480139,None,99_Bahnsteig_PF,99_Bahnsteig_PF
2835795,63781841480150,99_Bahnsteig_PF,None,99_Bahnsteig_PF
2835803,63781841480161,99_Bahnsteig_PF,None,99_Bahnsteig_PF
2835812,63781841480172,99_Bahnsteig_PF,99_Bahnsteig_PF,99_Bahnsteig_PF
2835828,63781841480183,99_Bahnsteig_PF,99_Bahnsteig_PF,99_Bahnsteig_PF
2835837,63781841480194,99_Bahnsteig_PF,99_Bahnsteig_PF,99_Bahnsteig_PF
2835845,63781841480205,99_Bahnsteig_PF,99_Bahnsteig_PF,99_Bahnsteig_PF
2835862,63781841480216,99_Bahnsteig_PF,99_Bahnsteig_PF,99_Bahnsteig_PF
2835870,63781841480227,99_Bahnsteig_PF,None,99_Bahnsteig_PF
2835887,63781841480239,99_Bahnsteig_PF,99_Bahnsteig_PF,99_Bahnsteig_PF
2835895,63781841480250,99_Bahnsteig_PF,99_Bahnsteig_PF,99_Bahnsteig_PF
2835903,63781841480261,99_Bahnsteig_PF,99_Bahnsteig_PF,99_Bahnsteig_PF
2835912,63781841480272,99_Bahnsteig_PF,99_Bahnsteig_PF,99_Bahnsteig_PF
2835928,63781841480283,99_Bahnsteig_PF,99_Bahnsteig_PF,99_Bahnsteig_PF
2835937,63781841480294,99_Bahnsteig_PF,99_Bahnsteig_PF,99_Bahnsteig_PF
2835945,63781841480305,99_Bahnsteig_PF,99_Bahnsteig_PF,99_Bahnsteig_PF
2835962,63781841480316,99_Bahnsteig_PF,99_Bahnsteig_PF,99_Bahnsteig_PF
2835970,63781841480328,99_Bahnsteig_PF,99_Bahnsteig_PF,99_Bahnsteig_PF
2835978,63781841480338,99_Bahnsteig_PF,99_Bahnsteig_PF,99_Bahnsteig_PF
2835995,63781841480350,99_Bahnsteig_PF,99_Bahnsteig_PF,99_Bahnsteig_PF
2836003,63781841480361,99_Bahnsteig_PF,99_Bahnsteig_PF,99_Bahnsteig_PF
2836012,63781841480372,99_Bahnsteig_PF,99_Bahnsteig_PF,99_Bahnsteig_PF
2836028,63781841480383,99_Bahnsteig_PF,99_Bahnsteig_PF,99_Bahnsteig_PF
2836037,63781841480394,99_Bahnsteig_PF,99_Bahnsteig_PF,99_Bahnsteig_PF
2836045,63781841480405,99_Bahnsteig_PF,99_Bahnsteig_PF,99_Bahnsteig_PF
2836062,63781841480416,99_Bahnsteig_PF,99_Bahnsteig_PF,99_Bahnsteig_PF
2836070,63781841480427,99_Bahnsteig_PF,99_Bahnsteig_PF,99_Bahnsteig_PF
2836078,63781841480438,99_Bahnsteig_PF,99_Bahnsteig_PF,99_Bahnsteig_PF
2836095,63781841480450,99_Bahnsteig_PF,99_Bahnsteig_PF,99_Bahnsteig_PF
2836103,63781841480461,99_Bahnsteig_PF,99_Bahnsteig_PF,99_Bahnsteig_PF
2836120,63781841480472,99_Bahnsteig_PF,99_Bahnsteig_PF,99_Bahnsteig_PF
2836128,63781841480488,99_Bahnsteig_PF,99_Bahnsteig_PF,99_Bahnsteig_PF
2836137,63781841480494,99_Bahnsteig_PF,99_Bahnsteig_PF,99_Bahnsteig_PF
2836145,63781841480501,99_Bahnsteig_PF,99_Bahnsteig_PF,99_Bahnsteig_PF
2836153,63781841480513,99_Bahnsteig_PF,99_Bahnsteig_PF,99_Bahnsteig_PF
2836170,63781841480524,99_Bahnsteig_PF,99_Bahnsteig_PF,99_Bahnsteig_PF
2836178,63781841480535,99_Bahnsteig_PF,99_Bahnsteig_PF,99_Bahnsteig_PF
2836187,63781841480546,99_Bahnsteig_PF,99_Bahnsteig_PF,99_Bahnsteig_PF
2836203,63781841480558,99_Bahnsteig_PF,99_Bahnsteig_PF,99_Bahnsteig_PF
2836212,63781841480568,99_Bahnsteig_PF,99_Bahnsteig_PF,99_Bahnsteig_PF
2836220,63781841480579,99_Bahnsteig_PF,99_Bahnsteig_PF,99_Bahnsteig_PF
2836237,63781841480591,99_Bahnsteig_PF,99_Bahnsteig_PF,99_Bahnsteig_PF
2836245,63781841480602,99_Bahnsteig_PF,99_Bahnsteig_PF,99_Bahnsteig_PF
2836253,63781841480613,99_Bahnsteig_PF,99_Bahnsteig_PF,99_Bahnsteig_PF
2836270,63781841480624,99_Bahnsteig_PF,99_Bahnsteig_PF,99_Bahnsteig_PF
2836278,63781841480635,99_Bahnsteig_PF,99_Bahnsteig_PF,99_Bahnsteig_PF
2836287,63781841480646,99_Bahnsteig_PF,99_Bahnsteig_PF,99_Bahnsteig_PF
2836303,63781841480657,99_Bahnsteig_PF,None,99_Bahnsteig_PF
2836312,63781841480669,99_Bahnsteig_PF,None,99_Bahnsteig_PF
2836328,63781841480679,None,None,None
2836337,63781841480690,None,None,None
2836345,63781841480702,None,None,None
2836362,63781841480713,None,None,None
2836370,63781841480724,None,None,None
2836378,63781841480735,None,None,None
2836395,63781841480746,None,None,None
2836403,63781841480757,None,None,None
2836412,63781841480768,None,None,None
2836428,63781841480779,None,None,None
2836437,63781841480790,None,None,None
2836445,63781841480802,None,None,None
2836462,63781841480813,None,None,None
2836470,63781841480824,None,None,None
2836478,63781841480835,None,None,None
2836487,63781841480846,None,None,None
2836503,63781841480857,None,None,None
2836512,63781841480869,None,None,None
2836520,63781841480880,None,None,None
2836537,63781841480891,None,None,None
2836545,63781841480903,99_Bahnsteig_PF,99_Bahnsteig_PF,99_Bahnsteig_PF
2836562,63781841480914,99_Bahnsteig_PF,99_Bahnsteig_PF,99_Bahnsteig_PF
2836570,63781841480925,99_Bahnsteig_PF,99_Bahnsteig_PF,99_Bahnsteig_PF
2836578,63781841480936,99_Bahnsteig_PF,99_Bahnsteig_PF,99_Bahnsteig_PF
2836595,63781841480948,99_Bahnsteig_PF,99_Bahnsteig_PF,99_Bahnsteig_PF
2836603,63781841480960,99_Bahnsteig_PF,99_Bahnsteig_PF,99_Bahnsteig_PF
2836612,63781841480970,99_Bahnsteig_PF,99_Bahnsteig_PF,99_Bahnsteig_PF
2836628,63781841480982,99_Bahnsteig_PF,99_Bahnsteig_PF,99_Bahnsteig_PF
2836637,63781841480993,99_Bahnsteig_PF,99_Bahnsteig_PF,99_Bahnsteig_PF
2836645,63781841481004,99_Bahnsteig_PF,99_Bahnsteig_PF,99_Bahnsteig_PF
2836662,63781841481016,99_Bahnsteig_PF,99_Bahnsteig_PF,99_Bahnsteig_PF
2836670,63781841481027,99_Bahnsteig_PF,99_Bahnsteig_PF,99_Bahnsteig_PF
2836678,63781841481038,99_Bahnsteig_PF,99_Bahnsteig_PF,99_Bahnsteig_PF
2836695,63781841481050,99_Bahnsteig_PF,99_Bahnsteig_PF,99_Bahnsteig_PF
2836703,63781841481060,99_Bahnsteig_PF,99_Bahnsteig_PF,99_Bahnsteig_PF
2836720,63781841481072,99_Bahnsteig_PF,99_Bahnsteig_PF,99_Bahnsteig_PF
2836728,63781841481083,99_Bahnsteig_PF,99_Bahnsteig_PF,99_Bahnsteig_PF
2836737,63781841481093,99_Bahnsteig_PF,99_Bahnsteig_PF,99_Bahnsteig_PF
2836745,63781841481105,99_Bahnsteig_PF,99_Bahnsteig_PF,99_Bahnsteig_PF
2836762,63781841481116,99_Bahnsteig_PF,99_Bahnsteig_PF,99_Bahnsteig_PF
2836770,63781841481127,99_Bahnsteig_PF,99_Bahnsteig_PF,99_Bahnsteig_PF
2836778,63781841481138,99_Bahnsteig_PF,99_Bahnsteig_PF,99_Bahnsteig_PF
2836795,63781841481149,99_Bahnsteig_PF,99_Bahnsteig_PF,99_Bahnsteig_PF
2836803,63781841481161,99_Bahnsteig_PF,99_Bahnsteig_PF,99_Bahnsteig_PF
2836812,63781841481171,99_Bahnsteig_PF,99_Bahnsteig_PF,99_Bahnsteig_PF
2836828,63781841481182,99_Bahnsteig_PF,99_Bahnsteig_PF,99_Bahnsteig_PF
2836837,63781841481193,99_Bahnsteig_PF,99_Bahnsteig_PF,99_Bahnsteig_PF
2836845,63781841481204,99_Bahnsteig_PF,99_Bahnsteig_PF,99_Bahnsteig_PF
2836862,63781841481216,99_Bahnsteig_PF,99_Bahnsteig_PF,99_Bahnsteig_PF
2836870,63781841481227,99_Bahnsteig_PF,99_Bahnsteig_PF,99_Bahnsteig_PF
2836887,63781841481238,None,None,None
2836895,63781841481249,99_Bahnsteig_PF,99_Bahnsteig_PF,99_Bahnsteig_PF
2836903,63781841481260,99_Bahnsteig_PF,99_Bahnsteig_PF,99_Bahnsteig_PF
2836912,63781841481271,None,None,None
2836928,63781841481282,99_Bahnsteig_PF,99_Bahnsteig_PF,99_Bahnsteig_PF
2836937,63781841481294,99_Bahnsteig_PF,99_Bahnsteig_PF,99_Bahnsteig_PF
2836945,63781841481304,99_Bahnsteig_PF,99_Bahnsteig_PF,99_Bahnsteig_PF
2836962,63781841481316,99_Bahnsteig_PF,99_Bahnsteig_PF,99_Bahnsteig_PF
2836970,63781841481327,99_Bahnsteig_PF,99_Bahnsteig_PF,99_Bahnsteig_PF
2836978,63781841481338,99_Bahnsteig_PF,99_Bahnsteig_PF,99_Bahnsteig_PF
2836995,63781841481349,99_Bahnsteig_PF,99_Bahnsteig_PF,99_Bahnsteig_PF
2837003,63781841481360,99_Bahnsteig_PF,99_Bahnsteig_PF,99_Bahnsteig_PF
2837012,63781841481371,99_Bahnsteig_PF,99_Bahnsteig_PF,99_Bahnsteig_PF
2837028,63781841481382,99_Bahnsteig_PF,99_Bahnsteig_PF,99_Bahnsteig_PF
2837037,63781841481393,99_Bahnsteig_PF,99_Bahnsteig_PF,99_Bahnsteig_PF
2837045,63781841481404,99_Bahnsteig_PF,99_Bahnsteig_PF,99_Bahnsteig_PF
2837062,63781841481415,99_Bahnsteig_PF,99_Bahnsteig_PF,99_Bahnsteig_PF
2837070,63781841481427,99_Bahnsteig_PF,99_Bahnsteig_PF,99_Bahnsteig_PF
2837078,63781841481438,99_Bahnsteig_PF,99_Bahnsteig_PF,99_Bahnsteig_PF
2837095,63781841481449,99_Bahnsteig_PF,99_Bahnsteig_PF,99_Bahnsteig_PF
2837103,63781841481460,99_Bahnsteig_PF,99_Bahnsteig_PF,99_Bahnsteig_PF
2837112,63781841481471,99_Bahnsteig_PF,99_Bahnsteig_PF,99_Bahnsteig_PF
2837128,63781841481482,99_Bahnsteig_PF,99_Bahnsteig_PF,99_Bahnsteig_PF
2837137,63781841481493,99_Bahnsteig_PF,99_Bahnsteig_PF,99_Bahnsteig_PF
2837153,63781841481505,99_Bahnsteig_PF,99_Bahnsteig_PF,99_Bahnsteig_PF
2837162,63781841481516,99_Bahnsteig_PF,99_Bahnsteig_PF,99_Bahnsteig_PF
2837170,63781841481526,99_Bahnsteig_PF,99_Bahnsteig_PF,99_Bahnsteig_PF
2837178,63781841481538,99_Bahnsteig_PF,99_Bahnsteig_PF,99_Bahnsteig_PF
2837195,63781841481549,99_Bahnsteig_PF,99_Bahnsteig_PF,99_Bahnsteig_PF
2837203,63781841481560,99_Bahnsteig_PF,99_Bahnsteig_PF,99_Bahnsteig_PF
2837212,63781841481571,99_Bahnsteig_PF,99_Bahnsteig_PF,99_Bahnsteig_PF
2837228,63781841481582,99_Bahnsteig_PF,99_Bahnsteig_PF,99_Bahnsteig_PF
2837237,63781841481593,99_Bahnsteig_PF,99_Bahnsteig_PF,99_Bahnsteig_PF
2837253,63781841481605,99_Bahnsteig_PF,99_Bahnsteig_PF,99_Bahnsteig_PF
2837262,63781841481615,99_Bahnsteig_PF,99_Bahnsteig_PF,99_Bahnsteig_PF
2837270,63781841481626,99_Bahnsteig_PF,99_Bahnsteig_PF,99_Bahnsteig_PF
2837287,63781841481638,99_Bahnsteig_PF,99_Bahnsteig_PF,99_Bahnsteig_PF
2837295,63781841481649,99_Bahnsteig_PF,99_Bahnsteig_PF,99_Bahnsteig_PF
2837303,63781841481660,99_Bahnsteig_PF,99_Bahnsteig_PF,99_Bahnsteig_PF
2837312,63781841481671,99_Bahnsteig_PF,99_Bahnsteig_PF,99_Bahnsteig_PF
2837328,63781841481682,99_Bahnsteig_PF,99_Bahnsteig_PF,99_Bahnsteig_PF
2837336,63781841481693,99_Bahnsteig_PF,99_Bahnsteig_PF,99_Bahnsteig_PF
2837345,63781841481704,99_Bahnsteig_PF,99_Bahnsteig_PF,99_Bahnsteig_PF
2837361,63781841481715,99_Bahnsteig_PF,99_Bahnsteig_PF,99_Bahnsteig_PF
2837370,63781841481726,99_Bahnsteig_PF,99_Bahnsteig_PF,99_Bahnsteig_PF
2837386,63781841481738,99_Bahnsteig_PF,99_Bahnsteig_PF,99_Bahnsteig_PF
2837395,63781841481749,99_Bahnsteig_PF,99_Bahnsteig_PF,99_Bahnsteig_PF
2837403,63781841481760,99_Bahnsteig_PF,99_Bahnsteig_PF,99_Bahnsteig_PF
2837420,63781841481771,99_Bahnsteig_PF,99_Bahnsteig_PF,99_Bahnsteig_PF
2837428,63781841481782,99_Bahnsteig_PF,99_Bahnsteig_PF,99_Bahnsteig_PF
2837436,63781841481793,99_Bahnsteig_PF,99_Bahnsteig_PF,99_Bahnsteig_PF
2837453,63781841481804,99_Bahnsteig_PF,99_Bahnsteig_PF,99_Bahnsteig_PF
2837461,63781841481815,99_Bahnsteig_PF,99_Bahnsteig_PF,99_Bahnsteig_PF
2837470,63781841481827,99_Bahnsteig_PF,99_Bahnsteig_PF,99_Bahnsteig_PF
2837486,63781841481838,99_Bahnsteig_PF,99_Bahnsteig_PF,99_Bahnsteig_PF
2837495,63781841481849,99_Bahnsteig_PF,99_Bahnsteig_PF,99_Bahnsteig_PF
2837503,63781841481860,99_Bahnsteig_PF,99_Bahnsteig_PF,99_Bahnsteig_PF
2837520,63781841481871,99_Bahnsteig_PF,99_Bahnsteig_PF,99_Bahnsteig_PF
2837528,63781841481882,99_Bahnsteig_PF,99_Bahnsteig_PF,99_Bahnsteig_PF
2837536,63781841481893,99_Bahnsteig_PF,99_Bahnsteig_PF,99_Bahnsteig_PF
2837545,63781841481904,99_Bahnsteig_PF,99_Bahnsteig_PF,99_Bahnsteig_PF
2837561,63781841481915,99_Bahnsteig_PF,99_Bahnsteig_PF,99_Bahnsteig_PF
2837570,63781841481926,99_Bahnsteig_PF,99_Bahnsteig_PF,99_Bahnsteig_PF
2837578,63781841481938,99_Bahnsteig_PF,99_Bahnsteig_PF,99_Bahnsteig_PF
2837595,63781841481949,99_Bahnsteig_PF,99_Bahnsteig_PF,99_Bahnsteig_PF
2837603,63781841481960,99_Bahnsteig_PF,99_Bahnsteig_PF,99_Bahnsteig_PF
2837611,63781841481971,99_Bahnsteig_PF,99_Bahnsteig_PF,99_Bahnsteig_PF
2837628,63781841481982,99_Bahnsteig_PF,99_Bahnsteig_PF,99_Bahnsteig_PF
2837636,63781841481993,99_Bahnsteig_PF,99_Bahnsteig_PF,99_Bahnsteig_PF
2837645,63781841482004,99_Bahnsteig_PF,99_Bahnsteig_PF,99_Bahnsteig_PF
2837661,63781841482015,99_Bahnsteig_PF,99_Bahnsteig_PF,99_Bahnsteig_PF
2837670,63781841482026,99_Bahnsteig_PF,99_Bahnsteig_PF,99_Bahnsteig_PF
2837678,63781841482037,99_Bahnsteig_PF,99_Bahnsteig_PF,99_Bahnsteig_PF
2837695,63781841482049,99_Bahnsteig_PF,99_Bahnsteig_PF,99_Bahnsteig_PF
2837703,63781841482060,99_Bahnsteig_PF,99_Bahnsteig_PF,99_Bahnsteig_PF
2837711,63781841482071,99_Bahnsteig_PF,99_Bahnsteig_PF,99_Bahnsteig_PF
2837728,63781841482082,99_Bahnsteig_PF,99_Bahnsteig_PF,99_Bahnsteig_PF
2837736,63781841482093,99_Bahnsteig_PF,99_Bahnsteig_PF,99_Bahnsteig_PF
2837745,63781841482104,99_Bahnsteig_PF,99_Bahnsteig_PF,99_Bahnsteig_PF
2837761,63781841482115,99_Bahnsteig_PF,99_Bahnsteig_PF,99_Bahnsteig_PF
2837770,63781841482126,99_Bahnsteig_PF,99_Bahnsteig_PF,99_Bahnsteig_PF
2837778,63781841482137,99_Bahnsteig_PF,99_Bahnsteig_PF,99_Bahnsteig_PF
2837795,63781841482149,99_Bahnsteig_PF,99_Bahnsteig_PF,99_Bahnsteig_PF
2837803,63781841482160,99_Bahnsteig_PF,99_Bahnsteig_PF,99_Bahnsteig_PF
2837811,63781841482171,99_Bahnsteig_PF,99_Bahnsteig_PF,99_Bahnsteig_PF
2837828,63781841482182,99_Bahnsteig_PF,99_Bahnsteig_PF,99_Bahnsteig_PF
2837836,63781841482193,99_Bahnsteig_PF,99_Bahnsteig_PF,99_Bahnsteig_PF
2837845,63781841482204,99_Bahnsteig_PF,99_Bahnsteig_PF,99_Bahnsteig_PF
2837861,63781841482216,99_Bahnsteig_PF,99_Bahnsteig_PF,99_Bahnsteig_PF
2837870,63781841482226,99_Bahnsteig_PF,99_Bahnsteig_PF,99_Bahnsteig_PF
2837878,63781841482237,99_Bahnsteig_PF,99_Bahnsteig_PF,99_Bahnsteig_PF
2837895,63781841482249,99_Bahnsteig_PF,99_Bahnsteig_PF,99_Bahnsteig_PF
2837903,63781841482259,99_Bahnsteig_PF,99_Bahnsteig_PF,99_Bahnsteig_PF
2837911,63781841482271,99_Bahnsteig_PF,99_Bahnsteig_PF,99_Bahnsteig_PF
2837928,63781841482282,99_Bahnsteig_PF,99_Bahnsteig_PF,99_Bahnsteig_PF
2837936,63781841482293,99_Bahnsteig_PF,99_Bahnsteig_PF,99_Bahnsteig_PF
2837945,63781841482304,99_Bahnsteig_PF,99_Bahnsteig_PF,99_Bahnsteig_PF
2837961,63781841482315,99_Bahnsteig_PF,99_Bahnsteig_PF,99_Bahnsteig_PF
2837970,63781841482326,99_Bahnsteig_PF,99_Bahnsteig_PF,99_Bahnsteig_PF
2837978,63781841482337,99_Bahnsteig_PF,99_Bahnsteig_PF,99_Bahnsteig_PF
2837995,63781841482348,99_Bahnsteig_PF,99_Bahnsteig_PF,99_Bahnsteig_PF
2838003,63781841482360,99_Bahnsteig_PF,99_Bahnsteig_PF,99_Bahnsteig_PF
2838011,63781841482370,99_Bahnsteig_PF,99_Bahnsteig_PF,99_Bahnsteig_PF
2838028,63781841482382,99_Bahnsteig_PF,99_Bahnsteig_PF,99_Bahnsteig_PF
2838036,63781841482393,99_Bahnsteig_PF,99_Bahnsteig_PF,99_Bahnsteig_PF
2838045,63781841482404,99_Bahnsteig_PF,99_Bahnsteig_PF,99_Bahnsteig_PF
2838061,63781841482415,99_Bahnsteig_PF,99_Bahnsteig_PF,99_Bahnsteig_PF
2838070,63781841482426,99_Bahnsteig_PF,99_Bahnsteig_PF,99_Bahnsteig_PF
2838078,63781841482437,99_Bahnsteig_PF,99_Bahnsteig_PF,99_Bahnsteig_PF
2838095,63781841482448,99_Bahnsteig_PF,99_Bahnsteig_PF,99_Bahnsteig_PF
2838103,63781841482459,99_Bahnsteig_PF,99_Bahnsteig_PF,99_Bahnsteig_PF
2838111,63781841482471,None,None,None
2838128,63781841482482,None,None,None
2838136,63781841482493,None,None,None
2838153,63781841482504,None,None,None
2838161,63781841482516,None,None,None
2838170,63781841482526,None,None,None
2838186,63781841482538,None,None,None
2838195,63781841482548,None,None,None
2838203,63781841482559,None,None,None
2838220,63781841482570,None,None,None
2838228,63781841482581,None,None,None
2838236,63781841482592,None,None,None
2838253,63781841482604,None,None,None
2838261,63781841482615,None,None,None
2838270,63781841482626,None,None,None
2838278,63781841482637,None,None,None
2838295,63781841482648,None,None,None
2838303,63781841482659,None,None,None
2838311,63781841482671,None,None,None
2838328,63781841482682,None,None,None
2838336,63781841482692,99_Bahnsteig_PF,99_Bahnsteig_PF,99_Bahnsteig_PF
2838345,63781841482704,99_Bahnsteig_PF,99_Bahnsteig_PF,99_Bahnsteig_PF
2838361,63781841482715,99_Bahnsteig_PF,99_Bahnsteig_PF,99_Bahnsteig_PF
2838370,63781841482726,99_Bahnsteig_PF,99_Bahnsteig_PF,99_Bahnsteig_PF
2838378,63781841482737,99_Bahnsteig_PF,99_Bahnsteig_PF,99_Bahnsteig_PF
2838395,63781841482748,99_Bahnsteig_PF,99_Bahnsteig_PF,99_Bahnsteig_PF
2838403,63781841482759,99_Bahnsteig_PF,99_Bahnsteig_PF,99_Bahnsteig_PF
2838411,63781841482770,99_Bahnsteig_PF,99_Bahnsteig_PF,99_Bahnsteig_PF
2838428,63781841482781,99_Bahnsteig_PF,99_Bahnsteig_PF,99_Bahnsteig_PF
2838436,63781841482792,99_Bahnsteig_PF,99_Bahnsteig_PF,99_Bahnsteig_PF
2838445,63781841482804,99_Bahnsteig_PF,99_Bahnsteig_PF,99_Bahnsteig_PF
2838461,63781841482815,99_Bahnsteig_PF,99_Bahnsteig_PF,99_Bahnsteig_PF
2838470,63781841482826,99_Bahnsteig_PF,99_Bahnsteig_PF,99_Bahnsteig_PF
2838478,63781841482837,99_Bahnsteig_PF,99_Bahnsteig_PF,99_Bahnsteig_PF
2838495,63781841482848,99_Bahnsteig_PF,99_Bahnsteig_PF,99_Bahnsteig_PF
2838503,63781841482859,99_Bahnsteig_PF,99_Bahnsteig_PF,99_Bahnsteig_PF
2838511,63781841482870,99_Bahnsteig_PF,99_Bahnsteig_PF,99_Bahnsteig_PF
2838528,63781841482882,99_Bahnsteig_PF,99_Bahnsteig_PF,99_Bahnsteig_PF
2838536,63781841482892,99_Bahnsteig_PF,99_Bahnsteig_PF,99_Bahnsteig_PF
2838544,63781841482903,99_Bahnsteig_PF,99_Bahnsteig_PF,99_Bahnsteig_PF
2838561,63781841482915,99_Bahnsteig_PF,99_Bahnsteig_PF,99_Bahnsteig_PF
2838569,63781841482926,99_Bahnsteig_PF,99_Bahnsteig_PF,99_Bahnsteig_PF
2838578,63781841482937,99_Bahnsteig_PF,99_Bahnsteig_PF,99_Bahnsteig_PF
2838594,63781841482948,99_Bahnsteig_PF,99_Bahnsteig_PF,99_Bahnsteig_PF
2838603,63781841482959,99_Bahnsteig_PF,99_Bahnsteig_PF,99_Bahnsteig_PF
2838611,63781841482970,99_Bahnsteig_PF,99_Bahnsteig_PF,99_Bahnsteig_PF
2838628,63781841482982,99_Bahnsteig_PF,99_Bahnsteig_PF,99_Bahnsteig_PF
2838636,63781841482992,99_Bahnsteig_PF,99_Bahnsteig_PF,99_Bahnsteig_PF
2838644,63781841483003,99_Bahnsteig_PF,99_Bahnsteig_PF,99_Bahnsteig_PF
2838661,63781841483015,99_Bahnsteig_PF,99_Bahnsteig_PF,99_Bahnsteig_PF
2838669,63781841483026,99_Bahnsteig_PF,99_Bahnsteig_PF,99_Bahnsteig_PF
2838678,63781841483037,99_Bahnsteig_PF,99_Bahnsteig_PF,99_Bahnsteig_PF
2838694,63781841483048,99_Bahnsteig_PF,99_Bahnsteig_PF,99_Bahnsteig_PF
2838703,63781841483059,99_Bahnsteig_PF,99_Bahnsteig_PF,99_Bahnsteig_PF
2838711,63781841483070,99_Bahnsteig_PF,99_Bahnsteig_PF,99_Bahnsteig_PF
2838728,63781841483081,99_Bahnsteig_PF,99_Bahnsteig_PF,99_Bahnsteig_PF
2838736,63781841483092,99_Bahnsteig_PF,99_Bahnsteig_PF,99_Bahnsteig_PF
2838744,63781841483103,99_Bahnsteig_PF,99_Bahnsteig_PF,99_Bahnsteig_PF
2838761,63781841483115,99_Bahnsteig_PF,99_Bahnsteig_PF,99_Bahnsteig_PF
2838769,63781841483126,99_Bahnsteig_PF,99_Bahnsteig_PF,99_Bahnsteig_PF
2838778,63781841483137,99_Bahnsteig_PF,99_Bahnsteig_PF,99_Bahnsteig_PF
2838794,63781841483148,99_Bahnsteig_PF,99_Bahnsteig_PF,99_Bahnsteig_PF
2838803,63781841483159,99_Bahnsteig_PF,99_Bahnsteig_PF,99_Bahnsteig_PF
2838811,63781841483170,99_Bahnsteig_PF,99_Bahnsteig_PF,99_Bahnsteig_PF
2838828,63781841483181,99_Bahnsteig_PF,99_Bahnsteig_PF,99_Bahnsteig_PF
2838836,63781841483192,99_Bahnsteig_PF,99_Bahnsteig_PF,99_Bahnsteig_PF
2838844,63781841483204,99_Bahnsteig_PF,99_Bahnsteig_PF,99_Bahnsteig_PF
2838861,63781841483215,99_Bahnsteig_PF,99_Bahnsteig_PF,99_Bahnsteig_PF
2838869,63781841483227,99_Bahnsteig_PF,99_Bahnsteig_PF,99_Bahnsteig_PF
2838878,63781841483237,99_Bahnsteig_PF,99_Bahnsteig_PF,99_Bahnsteig_PF
2838894,63781841483249,99_Bahnsteig_PF,99_Bahnsteig_PF,99_Bahnsteig_PF
2838903,63781841483260,99_Bahnsteig_PF,99_Bahnsteig_PF,99_Bahnsteig_PF
2838911,63781841483271,99_Bahnsteig_PF,99_Bahnsteig_PF,99_Bahnsteig_PF
2838928,63781841483282,99_Bahnsteig_PF,99_Bahnsteig_PF,99_Bahnsteig_PF
2838936,63781841483293,99_Bahnsteig_PF,99_Bahnsteig_PF,99_Bahnsteig_PF
2838944,63781841483304,99_Bahnsteig_PF,99_Bahnsteig_PF,99_Bahnsteig_PF
2838961,63781841483315,99_Bahnsteig_PF,99_Bahnsteig_PF,99_Bahnsteig_PF
2838969,63781841483326,99_Bahnsteig_PF,99_Bahnsteig_PF,99_Bahnsteig_PF
2838978,63781841483338,99_Bahnsteig_PF,99_Bahnsteig_PF,99_Bahnsteig_PF
2838994,63781841483349,99_Bahnsteig_PF,99_Bahnsteig_PF,99_Bahnsteig_PF
2839003,63781841483360,99_Bahnsteig_PF,99_Bahnsteig_PF,99_Bahnsteig_PF
2839011,63781841483371,99_Bahnsteig_PF,99_Bahnsteig_PF,99_Bahnsteig_PF
2839028,63781841483382,99_Bahnsteig_PF,99_Bahnsteig_PF,99_Bahnsteig_PF
2839036,63781841483393,99_Bahnsteig_PF,99_Bahnsteig_PF,99_Bahnsteig_PF
2839044,63781841483404,99_Bahnsteig_PF,99_Bahnsteig_PF,99_Bahnsteig_PF
2839061,63781841483415,99_Bahnsteig_PF,99_Bahnsteig_PF,99_Bahnsteig_PF
2839069,63781841483426,99_Bahnsteig_PF,99_Bahnsteig_PF,99_Bahnsteig_PF
2839078,63781841483438,99_Bahnsteig_PF,99_Bahnsteig_PF,99_Bahnsteig_PF
2839094,63781841483449,99_Bahnsteig_PF,99_Bahnsteig_PF,99_Bahnsteig_PF
2839103,63781841483460,99_Bahnsteig_PF,99_Bahnsteig_PF,99_Bahnsteig_PF
2839111,63781841483471,99_Bahnsteig_PF,99_Bahnsteig_PF,99_Bahnsteig_PF
2839128,63781841483482,99_Bahnsteig_PF,99_Bahnsteig_PF,99_Bahnsteig_PF
2839136,63781841483493,99_Bahnsteig_PF,99_Bahnsteig_PF,99_Bahnsteig_PF
2839144,63781841483504,99_Bahnsteig_PF,99_Bahnsteig_PF,99_Bahnsteig_PF
2839161,63781841483515,99_Bahnsteig_PF,99_Bahnsteig_PF,99_Bahnsteig_PF
2839169,63781841483526,99_Bahnsteig_PF,99_Bahnsteig_PF,99_Bahnsteig_PF
2839178,63781841483537,99_Bahnsteig_PF,99_Bahnsteig_PF,99_Bahnsteig_PF
2839194,63781841483549,99_Bahnsteig_PF,99_Bahnsteig_PF,99_Bahnsteig_PF
2839203,63781841483560,99_Bahnsteig_PF,99_Bahnsteig_PF,99_Bahnsteig_PF
2839211,63781841483571,99_Bahnsteig_PF,99_Bahnsteig_PF,99_Bahnsteig_PF
2839228,63781841483582,99_Bahnsteig_PF,99_Bahnsteig_PF,99_Bahnsteig_PF
2839236,63781841483593,99_Bahnsteig_PF,99_Bahnsteig_PF,99_Bahnsteig_PF
2839244,63781841483604,99_Bahnsteig_PF,99_Bahnsteig_PF,99_Bahnsteig_PF
2839261,63781841483615,99_Bahnsteig_PF,99_Bahnsteig_PF,99_Bahnsteig_PF
2839269,63781841483626,99_Bahnsteig_PF,99_Bahnsteig_PF,99_Bahnsteig_PF
2839278,63781841483637,99_Bahnsteig_PF,99_Bahnsteig_PF,99_Bahnsteig_PF
2839303,63781841483659,99_Bahnsteig_PF,99_Bahnsteig_PF,99_Bahnsteig_PF
2839311,63781841483664,99_Bahnsteig_PF,99_Bahnsteig_PF,99_Bahnsteig_PF
2839311,63781841483668,99_Bahnsteig_PF,99_Bahnsteig_PF,99_Bahnsteig_PF
2839319,63781841483677,99_Bahnsteig_PF,99_Bahnsteig_PF,99_Bahnsteig_PF
2839328,63781841483688,99_Bahnsteig_PF,99_Bahnsteig_PF,99_Bahnsteig_PF
2839344,63781841483699,99_Bahnsteig_PF,99_Bahnsteig_PF,99_Bahnsteig_PF
2839353,63781841483710,99_Bahnsteig_PF,99_Bahnsteig_PF,99_Bahnsteig_PF
2839361,63781841483721,99_Bahnsteig_PF,99_Bahnsteig_PF,99_Bahnsteig_PF
2839378,63781841483732,99_Bahnsteig_PF,99_Bahnsteig_PF,99_Bahnsteig_PF
2839386,63781841483743,None,99_Bahnsteig_PF,99_Bahnsteig_PF
2839403,63781841483755,None,None,None
2839411,63781841483766,None,None,None
2839419,63781841483777,None,None,None
2839436,63781841483788,None,None,None
2839444,63781841483799,None,None,None
2839453,63781841483810,None,None,None
2839469,63781841483821,None,None,None
2839478,63781841483832,None,None,None
2839486,63781841483843,None,None,None
2839503,63781841483854,None,None,None
2839511,63781841483866,None,None,None
2839519,63781841483877,None,None,None
2839536,63781841483888,None,None,None
2839544,63781841483899,None,None,None
2839553,63781841483910,None,None,None
2839569,63781841483921,None,None,None
2839578,63781841483932,None,None,None
2839586,63781841483943,None,None,None
2839594,63781841483954,None,None,None
2839611,63781841483966,None,None,None
2839619,63781841483976,None,None,None
2839628,63781841483988,None,None,None
2839644,63781841483999,None,None,None
2839653,63781841484010,99_Bahnsteig_PF,99_Bahnsteig_PF,99_Bahnsteig_PF
2839661,63781841484021,99_Bahnsteig_PF,99_Bahnsteig_PF,99_Bahnsteig_PF
2839678,63781841484032,99_Bahnsteig_PF,99_Bahnsteig_PF,99_Bahnsteig_PF
2839686,63781841484043,99_Bahnsteig_PF,99_Bahnsteig_PF,99_Bahnsteig_PF
2839694,63781841484054,99_Bahnsteig_PF,99_Bahnsteig_PF,99_Bahnsteig_PF
2839711,63781841484066,99_Bahnsteig_PF,99_Bahnsteig_PF,99_Bahnsteig_PF
2839719,63781841484077,99_Bahnsteig_PF,99_Bahnsteig_PF,99_Bahnsteig_PF
2839728,63781841484088,99_Bahnsteig_PF,99_Bahnsteig_PF,99_Bahnsteig_PF
2839744,63781841484099,99_Bahnsteig_PF,99_Bahnsteig_PF,99_Bahnsteig_PF
2839753,63781841484110,99_Bahnsteig_PF,99_Bahnsteig_PF,99_Bahnsteig_PF
2839769,63781841484121,99_Bahnsteig_PF,99_Bahnsteig_PF,99_Bahnsteig_PF
2839778,63781841484133,99_Bahnsteig_PF,99_Bahnsteig_PF,99_Bahnsteig_PF
2839786,63781841484144,99_Bahnsteig_PF,99_Bahnsteig_PF,99_Bahnsteig_PF
2839803,63781841484156,99_Bahnsteig_PF,99_Bahnsteig_PF,99_Bahnsteig_PF
2839811,63781841484167,99_Bahnsteig_PF,99_Bahnsteig_PF,99_Bahnsteig_PF
2839819,63781841484179,99_Bahnsteig_PF,99_Bahnsteig_PF,99_Bahnsteig_PF
2839836,63781841484190,99_Bahnsteig_PF,99_Bahnsteig_PF,99_Bahnsteig_PF
2839844,63781841484202,99_Bahnsteig_PF,99_Bahnsteig_PF,99_Bahnsteig_PF
2839861,63781841484213,None,99_Bahnsteig_PF,99_Bahnsteig_PF
2839869,63781841484225,99_Bahnsteig_PF,99_Bahnsteig_PF,99_Bahnsteig_PF
2839878,63781841484236,99_Bahnsteig_PF,99_Bahnsteig_PF,99_Bahnsteig_PF
2839894,63781841484247,99_Bahnsteig_PF,99_Bahnsteig_PF,99_Bahnsteig_PF
2839903,63781841484260,99_Bahnsteig_PF,99_Bahnsteig_PF,99_Bahnsteig_PF
2839911,63781841484270,99_Bahnsteig_PF,99_Bahnsteig_PF,99_Bahnsteig_PF
2839928,63781841484282,99_Bahnsteig_PF,99_Bahnsteig_PF,99_Bahnsteig_PF
2839936,63781841484293,99_Bahnsteig_PF,99_Bahnsteig_PF,99_Bahnsteig_PF
2839944,63781841484304,99_Bahnsteig_PF,99_Bahnsteig_PF,99_Bahnsteig_PF
2839961,63781841484315,99_Bahnsteig_PF,99_Bahnsteig_PF,99_Bahnsteig_PF
2839969,63781841484326,99_Bahnsteig_PF,99_Bahnsteig_PF,99_Bahnsteig_PF
2839978,63781841484337,99_Bahnsteig_PF,99_Bahnsteig_PF,99_Bahnsteig_PF
2839994,63781841484348,99_Bahnsteig_PF,99_Bahnsteig_PF,99_Bahnsteig_PF
2840003,63781841484359,99_Bahnsteig_PF,99_Bahnsteig_PF,99_Bahnsteig_PF
2840011,63781841484370,99_Bahnsteig_PF,99_Bahnsteig_PF,99_Bahnsteig_PF
2840028,63781841484382,99_Bahnsteig_PF,99_Bahnsteig_PF,99_Bahnsteig_PF
2840036,63781841484392,99_Bahnsteig_PF,99_Bahnsteig_PF,99_Bahnsteig_PF
2840044,63781841484404,99_Bahnsteig_PF,99_Bahnsteig_PF,99_Bahnsteig_PF
2840061,63781841484414,99_Bahnsteig_PF,99_Bahnsteig_PF,99_Bahnsteig_PF
2840069,63781841484426,99_Bahnsteig_PF,99_Bahnsteig_PF,99_Bahnsteig_PF
2840077,63781841484437,99_Bahnsteig_PF,99_Bahnsteig_PF,99_Bahnsteig_PF
2840094,63781841484448,99_Bahnsteig_PF,99_Bahnsteig_PF,99_Bahnsteig_PF
2840102,63781841484459,99_Bahnsteig_PF,99_Bahnsteig_PF,99_Bahnsteig_PF
2840111,63781841484470,99_Bahnsteig_PF,99_Bahnsteig_PF,99_Bahnsteig_PF
2840127,63781841484481,99_Bahnsteig_PF,99_Bahnsteig_PF,99_Bahnsteig_PF
2840136,63781841484492,99_Bahnsteig_PF,99_Bahnsteig_PF,99_Bahnsteig_PF
2840144,63781841484503,99_Bahnsteig_PF,99_Bahnsteig_PF,99_Bahnsteig_PF
2840161,63781841484515,99_Bahnsteig_PF,99_Bahnsteig_PF,99_Bahnsteig_PF
2840169,63781841484526,None,99_Bahnsteig_PF,99_Bahnsteig_PF
2840177,63781841484537,None,None,None
2840194,63781841484548,None,None,None
2840202,63781841484559,None,None,None
2840219,63781841484570,None,None,None
2840227,63781841484581,None,None,None
2840236,63781841484592,None,None,None
2840252,63781841484604,None,None,None
2840261,63781841484615,None,None,None
2840269,63781841484626,None,None,None
2840286,63781841484637,None,None,None
2840294,63781841484648,None,None,None
2840302,63781841484659,None,None,None
2840319,63781841484670,None,None,None
2840327,63781841484681,None,None,None
2840336,63781841484692,None,None,None
2840344,63781841484703,None,None,None
2840361,63781841484714,None,None,None
2840369,63781841484725,None,None,None
2840377,63781841484737,None,None,None
2840394,63781841484748,99_Bahnsteig_PF,99_Bahnsteig_PF,99_Bahnsteig_PF
2840402,63781841484759,99_Bahnsteig_PF,99_Bahnsteig_PF,99_Bahnsteig_PF
2840411,63781841484770,99_Bahnsteig_PF,99_Bahnsteig_PF,99_Bahnsteig_PF
2840427,63781841484781,99_Bahnsteig_PF,99_Bahnsteig_PF,99_Bahnsteig_PF
2840436,63781841484792,99_Bahnsteig_PF,99_Bahnsteig_PF,99_Bahnsteig_PF
2840444,63781841484803,99_Bahnsteig_PF,99_Bahnsteig_PF,99_Bahnsteig_PF
2840461,63781841484815,99_Bahnsteig_PF,99_Bahnsteig_PF,99_Bahnsteig_PF
2840469,63781841484825,99_Bahnsteig_PF,99_Bahnsteig_PF,99_Bahnsteig_PF
2840477,63781841484837,99_Bahnsteig_PF,99_Bahnsteig_PF,99_Bahnsteig_PF
2840494,63781841484848,99_Bahnsteig_PF,99_Bahnsteig_PF,99_Bahnsteig_PF
2840502,63781841484859,99_Bahnsteig_PF,99_Bahnsteig_PF,99_Bahnsteig_PF
2840511,63781841484870,99_Bahnsteig_PF,99_Bahnsteig_PF,99_Bahnsteig_PF
2840527,63781841484881,99_Bahnsteig_PF,99_Bahnsteig_PF,99_Bahnsteig_PF
2840536,63781841484892,99_Bahnsteig_PF,99_Bahnsteig_PF,99_Bahnsteig_PF
2840544,63781841484903,99_Bahnsteig_PF,99_Bahnsteig_PF,99_Bahnsteig_PF
2840561,63781841484914,99_Bahnsteig_PF,99_Bahnsteig_PF,99_Bahnsteig_PF
2840569,63781841484925,99_Bahnsteig_PF,99_Bahnsteig_PF,99_Bahnsteig_PF
2840577,63781841484937,99_Bahnsteig_PF,99_Bahnsteig_PF,99_Bahnsteig_PF
2840594,63781841484948,99_Bahnsteig_PF,99_Bahnsteig_PF,99_Bahnsteig_PF
2840602,63781841484959,99_Bahnsteig_PF,99_Bahnsteig_PF,99_Bahnsteig_PF
2840611,63781841484970,99_Bahnsteig_PF,99_Bahnsteig_PF,99_Bahnsteig_PF
2840627,63781841484981,99_Bahnsteig_PF,99_Bahnsteig_PF,99_Bahnsteig_PF
2840636,63781841484992,99_Bahnsteig_PF,99_Bahnsteig_PF,99_Bahnsteig_PF
2840644,63781841485004,99_Bahnsteig_PF,99_Bahnsteig_PF,99_Bahnsteig_PF
2840661,63781841485015,99_Bahnsteig_PF,99_Bahnsteig_PF,99_Bahnsteig_PF
2840669,63781841485025,99_Bahnsteig_PF,99_Bahnsteig_PF,99_Bahnsteig_PF
2840677,63781841485036,99_Bahnsteig_PF,99_Bahnsteig_PF,99_Bahnsteig_PF
2840694,63781841485047,99_Bahnsteig_PF,99_Bahnsteig_PF,99_Bahnsteig_PF
2840702,63781841485058,99_Bahnsteig_PF,99_Bahnsteig_PF,99_Bahnsteig_PF
2840711,63781841485069,99_Bahnsteig_PF,99_Bahnsteig_PF,99_Bahnsteig_PF
2840727,63781841485080,99_Bahnsteig_PF,99_Bahnsteig_PF,99_Bahnsteig_PF
2840736,63781841485093,99_Bahnsteig_PF,99_Bahnsteig_PF,99_Bahnsteig_PF
2840744,63781841485103,99_Bahnsteig_PF,99_Bahnsteig_PF,99_Bahnsteig_PF
2840761,63781841485115,99_Bahnsteig_PF,99_Bahnsteig_PF,99_Bahnsteig_PF
2840769,63781841485125,99_Bahnsteig_PF,99_Bahnsteig_PF,99_Bahnsteig_PF
2840777,63781841485137,99_Bahnsteig_PF,99_Bahnsteig_PF,99_Bahnsteig_PF
2840794,63781841485148,99_Bahnsteig_PF,99_Bahnsteig_PF,99_Bahnsteig_PF
2840802,63781841485159,99_Bahnsteig_PF,99_Bahnsteig_PF,99_Bahnsteig_PF
2840811,63781841485169,99_Bahnsteig_PF,99_Bahnsteig_PF,99_Bahnsteig_PF
2840827,63781841485180,99_Bahnsteig_PF,99_Bahnsteig_PF,99_Bahnsteig_PF
2840836,63781841485192,99_Bahnsteig_PF,99_Bahnsteig_PF,99_Bahnsteig_PF
2840844,63781841485202,99_Bahnsteig_PF,99_Bahnsteig_PF,99_Bahnsteig_PF
2840861,63781841485213,99_Bahnsteig_PF,99_Bahnsteig_PF,99_Bahnsteig_PF
2840869,63781841485225,None,99_Bahnsteig_PF,99_Bahnsteig_PF
2840877,63781841485236,None,None,None
2840894,63781841485247,None,None,None
2840902,63781841485258,None,None,None
2840919,63781841485270,None,None,None
2840927,63781841485280,None,None,None
2840936,63781841485292,None,None,None
2840944,63781841485302,None,None,None
2840961,63781841485314,None,None,None
2840969,63781841485325,None,None,None
2840986,63781841485336,None,None,None
2840994,63781841485347,None,None,None
2841002,63781841485358,None,None,None
2841011,63781841485369,None,None,None
2841027,63781841485380,None,None,None
2841036,63781841485391,None,None,None
2841044,63781841485403,None,None,None
2841061,63781841485413,None,None,None
2841069,63781841485425,None,None,None
2841077,63781841485436,None,None,None
2841094,63781841485447,None,None,None
2841102,63781841485458,99_Bahnsteig_PF,99_Bahnsteig_PF,99_Bahnsteig_PF
2841111,63781841485469,99_Bahnsteig_PF,99_Bahnsteig_PF,99_Bahnsteig_PF
2841127,63781841485480,99_Bahnsteig_PF,99_Bahnsteig_PF,99_Bahnsteig_PF
2841136,63781841485491,99_Bahnsteig_PF,99_Bahnsteig_PF,99_Bahnsteig_PF
2841144,63781841485502,99_Bahnsteig_PF,99_Bahnsteig_PF,99_Bahnsteig_PF
2841161,63781841485514,99_Bahnsteig_PF,99_Bahnsteig_PF,99_Bahnsteig_PF
2841169,63781841485524,99_Bahnsteig_PF,99_Bahnsteig_PF,99_Bahnsteig_PF
2841177,63781841485535,99_Bahnsteig_PF,99_Bahnsteig_PF,99_Bahnsteig_PF
2841194,63781841485547,99_Bahnsteig_PF,99_Bahnsteig_PF,99_Bahnsteig_PF
2841202,63781841485558,99_Bahnsteig_PF,99_Bahnsteig_PF,99_Bahnsteig_PF
2841211,63781841485569,99_Bahnsteig_PF,99_Bahnsteig_PF,99_Bahnsteig_PF
2841227,63781841485580,99_Bahnsteig_PF,99_Bahnsteig_PF,99_Bahnsteig_PF
2841236,63781841485591,99_Bahnsteig_PF,99_Bahnsteig_PF,99_Bahnsteig_PF
2841244,63781841485602,99_Bahnsteig_PF,99_Bahnsteig_PF,99_Bahnsteig_PF
2841261,63781841485614,99_Bahnsteig_PF,99_Bahnsteig_PF,99_Bahnsteig_PF
2841269,63781841485625,99_Bahnsteig_PF,99_Bahnsteig_PF,99_Bahnsteig_PF
2841277,63781841485637,99_Bahnsteig_PF,99_Bahnsteig_PF,99_Bahnsteig_PF
2841294,63781841485646,99_Bahnsteig_PF,99_Bahnsteig_PF,99_Bahnsteig_PF
2841302,63781841485658,99_Bahnsteig_PF,99_Bahnsteig_PF,99_Bahnsteig_PF
2841311,63781841485669,99_Bahnsteig_PF,99_Bahnsteig_PF,99_Bahnsteig_PF
2841327,63781841485680,99_Bahnsteig_PF,99_Bahnsteig_PF,99_Bahnsteig_PF
2841336,63781841485691,99_Bahnsteig_PF,99_Bahnsteig_PF,99_Bahnsteig_PF
2841344,63781841485702,99_Bahnsteig_PF,99_Bahnsteig_PF,99_Bahnsteig_PF
2841361,63781841485713,99_Bahnsteig_PF,99_Bahnsteig_PF,99_Bahnsteig_PF
2841369,63781841485725,99_Bahnsteig_PF,99_Bahnsteig_PF,99_Bahnsteig_PF
2841377,63781841485736,99_Bahnsteig_PF,99_Bahnsteig_PF,99_Bahnsteig_PF
2841394,63781841485746,99_Bahnsteig_PF,99_Bahnsteig_PF,99_Bahnsteig_PF
2841402,63781841485758,99_Bahnsteig_PF,99_Bahnsteig_PF,99_Bahnsteig_PF
2841411,63781841485769,99_Bahnsteig_PF,99_Bahnsteig_PF,99_Bahnsteig_PF
2841427,63781841485780,99_Bahnsteig_PF,99_Bahnsteig_PF,99_Bahnsteig_PF
2841436,63781841485791,99_Bahnsteig_PF,99_Bahnsteig_PF,99_Bahnsteig_PF
2841444,63781841485802,99_Bahnsteig_PF,99_Bahnsteig_PF,99_Bahnsteig_PF
2841461,63781841485813,99_Bahnsteig_PF,99_Bahnsteig_PF,99_Bahnsteig_PF
2841469,63781841485824,99_Bahnsteig_PF,99_Bahnsteig_PF,99_Bahnsteig_PF
2841477,63781841485836,99_Bahnsteig_PF,99_Bahnsteig_PF,99_Bahnsteig_PF
2841494,63781841485848,99_Bahnsteig_PF,99_Bahnsteig_PF,99_Bahnsteig_PF
2841502,63781841485859,99_Bahnsteig_PF,99_Bahnsteig_PF,99_Bahnsteig_PF
2841511,63781841485870,99_Bahnsteig_PF,99_Bahnsteig_PF,99_Bahnsteig_PF
2841527,63781841485881,99_Bahnsteig_PF,99_Bahnsteig_PF,99_Bahnsteig_PF
2841536,63781841485892,99_Bahnsteig_PF,99_Bahnsteig_PF,99_Bahnsteig_PF
2841544,63781841485903,99_Bahnsteig_PF,99_Bahnsteig_PF,99_Bahnsteig_PF
2841561,63781841485915,99_Bahnsteig_PF,99_Bahnsteig_PF,99_Bahnsteig_PF
2841569,63781841485925,99_Bahnsteig_PF,99_Bahnsteig_PF,99_Bahnsteig_PF
2841577,63781841485937,99_Bahnsteig_PF,99_Bahnsteig_PF,99_Bahnsteig_PF
2841594,63781841485948,99_Bahnsteig_PF,99_Bahnsteig_PF,99_Bahnsteig_PF
2841602,63781841485958,99_Bahnsteig_PF,99_Bahnsteig_PF,99_Bahnsteig_PF
2841611,63781841485970,99_Bahnsteig_PF,99_Bahnsteig_PF,99_Bahnsteig_PF
2841627,63781841485982,99_Bahnsteig_PF,99_Bahnsteig_PF,99_Bahnsteig_PF
2841636,63781841485992,99_Bahnsteig_PF,99_Bahnsteig_PF,99_Bahnsteig_PF
2841644,63781841486003,99_Bahnsteig_PF,99_Bahnsteig_PF,99_Bahnsteig_PF
2841661,63781841486014,99_Bahnsteig_PF,99_Bahnsteig_PF,99_Bahnsteig_PF
2841669,63781841486025,99_Bahnsteig_PF,99_Bahnsteig_PF,99_Bahnsteig_PF
2841677,63781841486036,99_Bahnsteig_PF,99_Bahnsteig_PF,99_Bahnsteig_PF
2841694,63781841486047,99_Bahnsteig_PF,99_Bahnsteig_PF,99_Bahnsteig_PF
2841702,63781841486059,99_Bahnsteig_PF,99_Bahnsteig_PF,99_Bahnsteig_PF
2841711,63781841486069,99_Bahnsteig_PF,99_Bahnsteig_PF,99_Bahnsteig_PF
2841727,63781841486081,99_Bahnsteig_PF,99_Bahnsteig_PF,99_Bahnsteig_PF
2841736,63781841486092,99_Bahnsteig_PF,99_Bahnsteig_PF,99_Bahnsteig_PF
2841744,63781841486103,99_Bahnsteig_PF,99_Bahnsteig_PF,99_Bahnsteig_PF
2841761,63781841486114,99_Bahnsteig_PF,99_Bahnsteig_PF,99_Bahnsteig_PF
2841769,63781841486125,99_Bahnsteig_PF,99_Bahnsteig_PF,99_Bahnsteig_PF
2841777,63781841486136,99_Bahnsteig_PF,99_Bahnsteig_PF,99_Bahnsteig_PF
2841794,63781841486147,99_Bahnsteig_PF,99_Bahnsteig_PF,99_Bahnsteig_PF
2841802,63781841486158,99_Bahnsteig_PF,99_Bahnsteig_PF,99_Bahnsteig_PF
2841811,63781841486170,99_Bahnsteig_PF,99_Bahnsteig_PF,99_Bahnsteig_PF
2841827,63781841486181,99_Bahnsteig_PF,99_Bahnsteig_PF,99_Bahnsteig_PF
2841835,63781841486192,99_Bahnsteig_PF,99_Bahnsteig_PF,99_Bahnsteig_PF
2841844,63781841486203,99_Bahnsteig_PF,99_Bahnsteig_PF,99_Bahnsteig_PF
2841860,63781841486214,99_Bahnsteig_PF,99_Bahnsteig_PF,99_Bahnsteig_PF
2841869,63781841486225,99_Bahnsteig_PF,99_Bahnsteig_PF,99_Bahnsteig_PF
2841877,63781841486236,99_Bahnsteig_PF,99_Bahnsteig_PF,99_Bahnsteig_PF
2841894,63781841486248,99_Bahnsteig_PF,99_Bahnsteig_PF,99_Bahnsteig_PF
2841902,63781841486258,99_Bahnsteig_PF,99_Bahnsteig_PF,99_Bahnsteig_PF
2841910,63781841486270,99_Bahnsteig_PF,99_Bahnsteig_PF,99_Bahnsteig_PF
2841927,63781841486281,None,None,None
2841935,63781841486292,None,None,None
2841944,63781841486303,None,None,None
2841960,63781841486314,None,None,None
2841969,63781841486326,None,None,None
2841985,63781841486336,None,None,None
2841994,63781841486347,None,None,None
2842002,63781841486358,None,None,None
2842010,63781841486370,None,None,None
2842027,63781841486381,None,None,None
2842035,63781841486392,None,None,None
2842052,63781841486403,None,None,None
2842060,63781841486414,None,None,None
2842069,63781841486425,None,None,None
2842085,63781841486436,None,None,None
2842094,63781841486447,None,None,None
2842102,63781841486458,None,None,None
2842110,63781841486469,None,None,None
2842127,63781841486481,None,None,None
2842135,63781841486492,None,None,None
2842144,63781841486503,None,None,None
2842160,63781841486514,None,None,None
2842169,63781841486525,None,None,None
2842177,63781841486536,None,None,None
2842194,63781841486547,None,None,None
2842202,63781841486559,None,None,None
2842219,63781841486569,None,None,None
2842227,63781841486580,None,None,None
2842235,63781841486591,None,None,None
2842244,63781841486603,None,None,None
2842260,63781841486614,None,None,None
2842269,63781841486625,None,None,None
2842277,63781841486636,None,None,None
2842294,63781841486647,None,None,None
2842302,63781841486659,None,None,None
2842319,63781841486670,None,None,None
2842327,63781841486680,None,None,None
2842335,63781841486692,None,None,None
2842344,63781841486703,None,None,None
2842360,63781841486714,None,None,None
2842369,63781841486725,None,None,None
2842377,63781841486736,None,None,None
2842394,63781841486747,None,None,None
2842402,63781841486758,99_Bahnsteig_PF,99_Bahnsteig_PF,99_Bahnsteig_PF
2842410,63781841486769,99_Bahnsteig_PF,99_Bahnsteig_PF,99_Bahnsteig_PF
2842427,63781841486780,99_Bahnsteig_PF,99_Bahnsteig_PF,99_Bahnsteig_PF
2842435,63781841486791,99_Bahnsteig_PF,99_Bahnsteig_PF,99_Bahnsteig_PF
2842444,63781841486803,99_Bahnsteig_PF,99_Bahnsteig_PF,99_Bahnsteig_PF
2842460,63781841486814,99_Bahnsteig_PF,99_Bahnsteig_PF,99_Bahnsteig_PF
2842469,63781841486825,99_Bahnsteig_PF,99_Bahnsteig_PF,99_Bahnsteig_PF
2842477,63781841486836,99_Bahnsteig_PF,99_Bahnsteig_PF,99_Bahnsteig_PF
2842494,63781841486847,99_Bahnsteig_PF,99_Bahnsteig_PF,99_Bahnsteig_PF
2842502,63781841486858,99_Bahnsteig_PF,99_Bahnsteig_PF,99_Bahnsteig_PF
2842510,63781841486870,99_Bahnsteig_PF,99_Bahnsteig_PF,99_Bahnsteig_PF
2842527,63781841486880,99_Bahnsteig_PF,99_Bahnsteig_PF,99_Bahnsteig_PF
2842535,63781841486891,99_Bahnsteig_PF,99_Bahnsteig_PF,99_Bahnsteig_PF
2842544,63781841486902,99_Bahnsteig_PF,99_Bahnsteig_PF,99_Bahnsteig_PF
2842560,63781841486914,99_Bahnsteig_PF,99_Bahnsteig_PF,99_Bahnsteig_PF
2842569,63781841486925,99_Bahnsteig_PF,99_Bahnsteig_PF,99_Bahnsteig_PF
2842577,63781841486936,99_Bahnsteig_PF,99_Bahnsteig_PF,99_Bahnsteig_PF
2842594,63781841486947,99_Bahnsteig_PF,99_Bahnsteig_PF,99_Bahnsteig_PF
2842602,63781841486958,99_Bahnsteig_PF,99_Bahnsteig_PF,99_Bahnsteig_PF
2842610,63781841486969,99_Bahnsteig_PF,99_Bahnsteig_PF,99_Bahnsteig_PF
2842627,63781841486980,99_Bahnsteig_PF,99_Bahnsteig_PF,99_Bahnsteig_PF
2842635,63781841486991,99_Bahnsteig_PF,99_Bahnsteig_PF,99_Bahnsteig_PF
2842644,63781841487003,99_Bahnsteig_PF,99_Bahnsteig_PF,99_Bahnsteig_PF
2842660,63781841487014,99_Bahnsteig_PF,99_Bahnsteig_PF,99_Bahnsteig_PF
2842669,63781841487025,None,None,None
2842677,63781841487036,None,None,None
2842694,63781841487047,None,None,None
2842702,63781841487058,None,None,None
2842719,63781841487069,None,None,None
2842727,63781841487080,None,None,None
2842735,63781841487091,None,None,None
2842744,63781841487102,None,None,None
2842760,63781841487114,None,None,None
2842769,63781841487125,None,None,None
2842785,63781841487136,None,None,None
2842794,63781841487147,None,None,None
2842802,63781841487158,None,None,None
2842819,63781841487169,None,None,None
2842827,63781841487180,None,None,None
2842835,63781841487191,None,None,None
2842844,63781841487202,None,None,None
2842860,63781841487213,None,None,None
2842869,63781841487224,None,None,None
2842877,63781841487236,None,None,None
2842894,63781841487247,None,None,None
2842902,63781841487258,None,None,None
2842910,63781841487269,None,None,None
2842927,63781841487280,None,None,None
2842935,63781841487291,None,None,None
2842952,63781841487307,None,None,None
2842960,63781841487313,None,None,None
2842969,63781841487322,None,None,None
2842977,63781841487333,None,None,None
2842985,63781841487344,None,None,None
2843002,63781841487355,None,None,None
2843010,63781841487366,None,None,None
2843019,63781841487377,None,None,None
2843035,63781841487388,None,None,None
2843044,63781841487399,None,None,None
2843052,63781841487410,None,None,None
2843069,63781841487421,None,None,None
2843077,63781841487433,None,None,None
2843085,63781841487443,None,None,None
2843102,63781841487455,None,None,None
2843110,63781841487466,None,None,None
2843119,63781841487477,None,None,None
2843135,63781841487488,None,None,None
2843144,63781841487499,None,None,None
2843152,63781841487510,None,None,None
2843169,63781841487521,None,None,None
2843177,63781841487532,None,None,None
2843185,63781841487543,None,None,None
2843202,63781841487555,99_Bahnsteig_PF,None,None
2843210,63781841487566,None,None,None
2843219,63781841487577,None,None,None
2843235,63781841487588,None,None,None
2843244,63781841487599,None,None,None
2843260,63781841487610,None,None,None
2843269,63781841487621,None,None,None
2843277,63781841487632,None,None,None
2843294,63781841487644,None,None,None
2843302,63781841487655,None,None,None
2843310,63781841487666,None,None,None
2843319,63781841487677,None,None,None
2843335,63781841487688,None,None,None
2843344,63781841487700,None,None,None
2843352,63781841487711,None,None,None
2843369,63781841487722,None,None,None
2843377,63781841487733,None,None,None
2843385,63781841487745,None,None,None
2843402,63781841487756,None,None,None
2843410,63781841487767,None,None,None
2843419,63781841487778,None,None,None
2843435,63781841487790,99_Bahnsteig_PF,None,99_Bahnsteig_PF
2843444,63781841487801,99_Bahnsteig_PF,None,None
2843460,63781841487813,None,99_Bahnsteig_PF,99_Bahnsteig_PF
2843469,63781841487824,None,None,None
2843477,63781841487835,None,None,None
2843493,63781841487846,None,None,None
2843502,63781841487857,99_Bahnsteig_PF,None,None
2843510,63781841487869,None,None,None
2843527,63781841487879,None,None,None
2843535,63781841487890,None,None,None
2843543,63781841487901,None,None,None
2843560,63781841487912,99_Bahnsteig_PF,None,None
2843568,63781841487924,99_Bahnsteig_PF,None,99_Bahnsteig_PF
2843577,63781841487935,99_Bahnsteig_PF,99_Bahnsteig_PF,99_Bahnsteig_PF
2843593,63781841487946,99_Bahnsteig_PF,99_Bahnsteig_PF,99_Bahnsteig_PF
2843602,63781841487957,None,99_Bahnsteig_PF,99_Bahnsteig_PF
2843610,63781841487968,99_Bahnsteig_PF,99_Bahnsteig_PF,99_Bahnsteig_PF
2843627,63781841487980,99_Bahnsteig_PF,99_Bahnsteig_PF,99_Bahnsteig_PF
2843635,63781841487991,99_Bahnsteig_PF,99_Bahnsteig_PF,99_Bahnsteig_PF
2843643,63781841488002,99_Bahnsteig_PF,99_Bahnsteig_PF,99_Bahnsteig_PF
2843660,63781841488013,99_Bahnsteig_PF,99_Bahnsteig_PF,99_Bahnsteig_PF
2843668,63781841488024,99_Bahnsteig_PF,99_Bahnsteig_PF,99_Bahnsteig_PF
2843677,63781841488036,99_Bahnsteig_PF,99_Bahnsteig_PF,99_Bahnsteig_PF
2843693,63781841488047,99_Bahnsteig_PF,99_Bahnsteig_PF,99_Bahnsteig_PF
2843702,63781841488058,99_Bahnsteig_PF,99_Bahnsteig_PF,99_Bahnsteig_PF
2843710,63781841488069,99_Bahnsteig_PF,99_Bahnsteig_PF,99_Bahnsteig_PF
2843727,63781841488080,99_Bahnsteig_PF,99_Bahnsteig_PF,99_Bahnsteig_PF
2843735,63781841488091,None,None,None
2843743,63781841488102,None,None,None
2843760,63781841488114,None,None,None
2843768,63781841488124,None,None,None
2843777,63781841488135,None,None,None
2843793,63781841488146,None,None,None
2843802,63781841488157,None,None,None
2843810,63781841488169,None,None,None
2843827,63781841488180,None,None,None
2843835,63781841488191,None,None,None
2843843,63781841488202,None,None,None
2843860,63781841488213,None,None,None
2843868,63781841488225,None,None,None
2843877,63781841488235,None,None,None
2843893,63781841488246,None,None,None
2843902,63781841488258,None,None,None
2843910,63781841488269,None,None,None
2843927,63781841488280,None,None,None
2843935,63781841488291,None,None,None
2843943,63781841488302,None,None,None
2843960,63781841488313,99_Bahnsteig_PF,99_Bahnsteig_PF,99_Bahnsteig_PF
2843968,63781841488325,99_Bahnsteig_PF,99_Bahnsteig_PF,99_Bahnsteig_PF
2843977,63781841488335,99_Bahnsteig_PF,99_Bahnsteig_PF,99_Bahnsteig_PF
2843993,63781841488347,99_Bahnsteig_PF,None,99_Bahnsteig_PF
2844002,63781841488357,99_Bahnsteig_PF,None,None
2844010,63781841488369,99_Bahnsteig_PF,None,99_Bahnsteig_PF
2844027,63781841488380,99_Bahnsteig_PF,99_Bahnsteig_PF,99_Bahnsteig_PF
2844035,63781841488391,99_Bahnsteig_PF,99_Bahnsteig_PF,99_Bahnsteig_PF
2844043,63781841488402,99_Bahnsteig_PF,99_Bahnsteig_PF,99_Bahnsteig_PF
2844060,63781841488413,99_Bahnsteig_PF,99_Bahnsteig_PF,99_Bahnsteig_PF
2844068,63781841488424,99_Bahnsteig_PF,99_Bahnsteig_PF,99_Bahnsteig_PF
2844077,63781841488435,99_Bahnsteig_PF,99_Bahnsteig_PF,99_Bahnsteig_PF
2844093,63781841488446,99_Bahnsteig_PF,99_Bahnsteig_PF,99_Bahnsteig_PF
2844102,63781841488458,99_Bahnsteig_PF,99_Bahnsteig_PF,99_Bahnsteig_PF
2844110,63781841488469,99_Bahnsteig_PF,99_Bahnsteig_PF,99_Bahnsteig_PF
2844127,63781841488480,99_Bahnsteig_PF,99_Bahnsteig_PF,99_Bahnsteig_PF
2844135,63781841488491,99_Bahnsteig_PF,99_Bahnsteig_PF,99_Bahnsteig_PF
2844143,63781841488502,99_Bahnsteig_PF,99_Bahnsteig_PF,99_Bahnsteig_PF
2844160,63781841488513,99_Bahnsteig_PF,99_Bahnsteig_PF,99_Bahnsteig_PF
2844168,63781841488525,99_Bahnsteig_PF,99_Bahnsteig_PF,99_Bahnsteig_PF
2844177,63781841488535,99_Bahnsteig_PF,99_Bahnsteig_PF,99_Bahnsteig_PF
2844193,63781841488546,99_Bahnsteig_PF,99_Bahnsteig_PF,99_Bahnsteig_PF
2844202,63781841488557,99_Bahnsteig_PF,99_Bahnsteig_PF,99_Bahnsteig_PF
2844210,63781841488569,99_Bahnsteig_PF,99_Bahnsteig_PF,99_Bahnsteig_PF
2844227,63781841488580,99_Bahnsteig_PF,99_Bahnsteig_PF,99_Bahnsteig_PF
2844235,63781841488591,99_Bahnsteig_PF,99_Bahnsteig_PF,99_Bahnsteig_PF
2844243,63781841488602,99_Bahnsteig_PF,99_Bahnsteig_PF,99_Bahnsteig_PF
2844260,63781841488613,99_Bahnsteig_PF,99_Bahnsteig_PF,99_Bahnsteig_PF
2844268,63781841488624,99_Bahnsteig_PF,99_Bahnsteig_PF,99_Bahnsteig_PF
2844277,63781841488635,99_Bahnsteig_PF,99_Bahnsteig_PF,99_Bahnsteig_PF
2844293,63781841488646,99_Bahnsteig_PF,99_Bahnsteig_PF,99_Bahnsteig_PF
2844302,63781841488657,99_Bahnsteig_PF,99_Bahnsteig_PF,99_Bahnsteig_PF
2844310,63781841488669,99_Bahnsteig_PF,99_Bahnsteig_PF,99_Bahnsteig_PF
2844327,63781841488680,99_Bahnsteig_PF,99_Bahnsteig_PF,99_Bahnsteig_PF
2844335,63781841488691,99_Bahnsteig_PF,99_Bahnsteig_PF,99_Bahnsteig_PF
2844343,63781841488702,99_Bahnsteig_PF,99_Bahnsteig_PF,99_Bahnsteig_PF
2844360,63781841488713,99_Bahnsteig_PF,99_Bahnsteig_PF,99_Bahnsteig_PF
2844368,63781841488724,99_Bahnsteig_PF,99_Bahnsteig_PF,99_Bahnsteig_PF
2844377,63781841488736,99_Bahnsteig_PF,99_Bahnsteig_PF,99_Bahnsteig_PF
2844393,63781841488746,99_Bahnsteig_PF,99_Bahnsteig_PF,99_Bahnsteig_PF
2844402,63781841488758,99_Bahnsteig_PF,99_Bahnsteig_PF,99_Bahnsteig_PF
2844410,63781841488769,99_Bahnsteig_PF,99_Bahnsteig_PF,99_Bahnsteig_PF
2844427,63781841488780,99_Bahnsteig_PF,99_Bahnsteig_PF,99_Bahnsteig_PF
2844435,63781841488791,99_Bahnsteig_PF,99_Bahnsteig_PF,99_Bahnsteig_PF
2844443,63781841488802,99_Bahnsteig_PF,99_Bahnsteig_PF,99_Bahnsteig_PF
2844460,63781841488813,99_Bahnsteig_PF,99_Bahnsteig_PF,99_Bahnsteig_PF
2844468,63781841488824,99_Bahnsteig_PF,99_Bahnsteig_PF,99_Bahnsteig_PF
2844477,63781841488835,99_Bahnsteig_PF,99_Bahnsteig_PF,99_Bahnsteig_PF
2844493,63781841488846,99_Bahnsteig_PF,99_Bahnsteig_PF,99_Bahnsteig_PF
2844502,63781841488857,99_Bahnsteig_PF,99_Bahnsteig_PF,99_Bahnsteig_PF
2844510,63781841488869,99_Bahnsteig_PF,99_Bahnsteig_PF,99_Bahnsteig_PF
2844527,63781841488880,99_Bahnsteig_PF,99_Bahnsteig_PF,99_Bahnsteig_PF
2844535,63781841488891,99_Bahnsteig_PF,99_Bahnsteig_PF,99_Bahnsteig_PF
2844543,63781841488902,99_Bahnsteig_PF,99_Bahnsteig_PF,99_Bahnsteig_PF
2844560,63781841488913,99_Bahnsteig_PF,99_Bahnsteig_PF,99_Bahnsteig_PF
2844568,63781841488924,99_Bahnsteig_PF,99_Bahnsteig_PF,99_Bahnsteig_PF
2844577,63781841488935,99_Bahnsteig_PF,99_Bahnsteig_PF,99_Bahnsteig_PF
2844593,63781841488946,99_Bahnsteig_PF,99_Bahnsteig_PF,99_Bahnsteig_PF
2844602,63781841488957,99_Bahnsteig_PF,99_Bahnsteig_PF,99_Bahnsteig_PF
2844610,63781841488968,99_Bahnsteig_PF,99_Bahnsteig_PF,99_Bahnsteig_PF
2844627,63781841488980,99_Bahnsteig_PF,99_Bahnsteig_PF,99_Bahnsteig_PF
2844635,63781841488991,99_Bahnsteig_PF,99_Bahnsteig_PF,99_Bahnsteig_PF
2844643,63781841489001,99_Bahnsteig_PF,99_Bahnsteig_PF,99_Bahnsteig_PF
2844660,63781841489013,99_Bahnsteig_PF,99_Bahnsteig_PF,99_Bahnsteig_PF
2844668,63781841489024,99_Bahnsteig_PF,99_Bahnsteig_PF,99_Bahnsteig_PF
2844677,63781841489035,99_Bahnsteig_PF,None,99_Bahnsteig_PF
2844693,63781841489046,None,None,None
2844702,63781841489057,None,None,None
2844710,63781841489068,None,None,None
2844727,63781841489080,None,None,None
2844735,63781841489090,None,None,None
2844743,63781841489102,None,None,None
2844760,63781841489113,None,None,None
2844768,63781841489124,None,None,None
2844777,63781841489135,None,None,None
2844793,63781841489146,None,None,None
2844802,63781841489157,None,None,None
2844810,63781841489168,None,None,None
2844827,63781841489180,None,None,None
2844835,63781841489190,None,None,None
2844843,63781841489202,None,None,None
2844860,63781841489213,None,None,None
2844868,63781841489224,None,None,None
2844877,63781841489235,None,None,None
2844893,63781841489246,None,None,None
2844902,63781841489258,None,None,None
2844910,63781841489268,None,None,None
2844927,63781841489279,99_Bahnsteig_PF,99_Bahnsteig_PF,99_Bahnsteig_PF
2844935,63781841489290,99_Bahnsteig_PF,99_Bahnsteig_PF,99_Bahnsteig_PF
2844943,63781841489302,99_Bahnsteig_PF,99_Bahnsteig_PF,99_Bahnsteig_PF
2844960,63781841489313,99_Bahnsteig_PF,99_Bahnsteig_PF,99_Bahnsteig_PF
2844968,63781841489324,99_Bahnsteig_PF,99_Bahnsteig_PF,99_Bahnsteig_PF
2844977,63781841489335,99_Bahnsteig_PF,99_Bahnsteig_PF,99_Bahnsteig_PF
2844993,63781841489346,99_Bahnsteig_PF,99_Bahnsteig_PF,99_Bahnsteig_PF
2845002,63781841489357,99_Bahnsteig_PF,99_Bahnsteig_PF,99_Bahnsteig_PF
2845010,63781841489368,99_Bahnsteig_PF,99_Bahnsteig_PF,99_Bahnsteig_PF
2845027,63781841489379,99_Bahnsteig_PF,99_Bahnsteig_PF,99_Bahnsteig_PF
2845035,63781841489390,99_Bahnsteig_PF,99_Bahnsteig_PF,99_Bahnsteig_PF
2845043,63781841489401,99_Bahnsteig_PF,99_Bahnsteig_PF,99_Bahnsteig_PF
2845060,63781841489412,99_Bahnsteig_PF,99_Bahnsteig_PF,99_Bahnsteig_PF
2845068,63781841489424,99_Bahnsteig_PF,99_Bahnsteig_PF,99_Bahnsteig_PF
2845077,63781841489435,99_Bahnsteig_PF,99_Bahnsteig_PF,99_Bahnsteig_PF
2845093,63781841489446,99_Bahnsteig_PF,99_Bahnsteig_PF,99_Bahnsteig_PF
2845102,63781841489457,99_Bahnsteig_PF,99_Bahnsteig_PF,99_Bahnsteig_PF
2845110,63781841489468,99_Bahnsteig_PF,99_Bahnsteig_PF,99_Bahnsteig_PF
2845126,63781841489479,99_Bahnsteig_PF,99_Bahnsteig_PF,99_Bahnsteig_PF
2845135,63781841489490,99_Bahnsteig_PF,99_Bahnsteig_PF,99_Bahnsteig_PF
2845143,63781841489501,99_Bahnsteig_PF,99_Bahnsteig_PF,99_Bahnsteig_PF
2845160,63781841489513,99_Bahnsteig_PF,99_Bahnsteig_PF,99_Bahnsteig_PF
2845168,63781841489524,99_Bahnsteig_PF,99_Bahnsteig_PF,99_Bahnsteig_PF
2845176,63781841489535,99_Bahnsteig_PF,99_Bahnsteig_PF,99_Bahnsteig_PF
2845193,63781841489546,99_Bahnsteig_PF,99_Bahnsteig_PF,99_Bahnsteig_PF
2845201,63781841489557,99_Bahnsteig_PF,99_Bahnsteig_PF,99_Bahnsteig_PF
2845210,63781841489568,99_Bahnsteig_PF,99_Bahnsteig_PF,99_Bahnsteig_PF
2845226,63781841489579,99_Bahnsteig_PF,99_Bahnsteig_PF,99_Bahnsteig_PF
2845235,63781841489590,99_Bahnsteig_PF,99_Bahnsteig_PF,99_Bahnsteig_PF
2845243,63781841489601,99_Bahnsteig_PF,99_Bahnsteig_PF,99_Bahnsteig_PF
2845260,63781841489613,99_Bahnsteig_PF,99_Bahnsteig_PF,99_Bahnsteig_PF
2845268,63781841489624,99_Bahnsteig_PF,99_Bahnsteig_PF,99_Bahnsteig_PF
2845276,63781841489635,99_Bahnsteig_PF,99_Bahnsteig_PF,99_Bahnsteig_PF
2845293,63781841489646,99_Bahnsteig_PF,99_Bahnsteig_PF,99_Bahnsteig_PF
2845301,63781841489657,99_Bahnsteig_PF,99_Bahnsteig_PF,99_Bahnsteig_PF
2845310,63781841489669,99_Bahnsteig_PF,99_Bahnsteig_PF,99_Bahnsteig_PF
2845326,63781841489679,99_Bahnsteig_PF,99_Bahnsteig_PF,99_Bahnsteig_PF
2845335,63781841489690,99_Bahnsteig_PF,99_Bahnsteig_PF,99_Bahnsteig_PF
2845343,63781841489701,99_Bahnsteig_PF,99_Bahnsteig_PF,99_Bahnsteig_PF
2845360,63781841489713,99_Bahnsteig_PF,99_Bahnsteig_PF,99_Bahnsteig_PF
2845368,63781841489724,99_Bahnsteig_PF,99_Bahnsteig_PF,99_Bahnsteig_PF
2845376,63781841489735,99_Bahnsteig_PF,99_Bahnsteig_PF,99_Bahnsteig_PF
2845393,63781841489746,99_Bahnsteig_PF,99_Bahnsteig_PF,99_Bahnsteig_PF
2845401,63781841489757,99_Bahnsteig_PF,99_Bahnsteig_PF,99_Bahnsteig_PF
2845410,63781841489769,99_Bahnsteig_PF,99_Bahnsteig_PF,99_Bahnsteig_PF
2845426,63781841489779,99_Bahnsteig_PF,99_Bahnsteig_PF,99_Bahnsteig_PF
2845435,63781841489790,99_Bahnsteig_PF,99_Bahnsteig_PF,99_Bahnsteig_PF
2845443,63781841489801,99_Bahnsteig_PF,99_Bahnsteig_PF,99_Bahnsteig_PF
2845460,63781841489812,99_Bahnsteig_PF,99_Bahnsteig_PF,99_Bahnsteig_PF
2845468,63781841489824,99_Bahnsteig_PF,99_Bahnsteig_PF,99_Bahnsteig_PF
2845476,63781841489835,99_Bahnsteig_PF,99_Bahnsteig_PF,99_Bahnsteig_PF
2845493,63781841489845,99_Bahnsteig_PF,99_Bahnsteig_PF,99_Bahnsteig_PF
2845501,63781841489857,99_Bahnsteig_PF,99_Bahnsteig_PF,99_Bahnsteig_PF
2845510,63781841489868,99_Bahnsteig_PF,99_Bahnsteig_PF,99_Bahnsteig_PF
2845526,63781841489879,99_Bahnsteig_PF,99_Bahnsteig_PF,99_Bahnsteig_PF
2845535,63781841489890,99_Bahnsteig_PF,99_Bahnsteig_PF,99_Bahnsteig_PF
2845543,63781841489901,99_Bahnsteig_PF,99_Bahnsteig_PF,99_Bahnsteig_PF
2845560,63781841489912,99_Bahnsteig_PF,99_Bahnsteig_PF,99_Bahnsteig_PF
2845568,63781841489923,99_Bahnsteig_PF,99_Bahnsteig_PF,99_Bahnsteig_PF
2845576,63781841489934,99_Bahnsteig_PF,99_Bahnsteig_PF,99_Bahnsteig_PF
2845593,63781841489946,99_Bahnsteig_PF,99_Bahnsteig_PF,99_Bahnsteig_PF
2845601,63781841489957,99_Bahnsteig_PF,99_Bahnsteig_PF,99_Bahnsteig_PF
2845610,63781841489968,99_Bahnsteig_PF,99_Bahnsteig_PF,99_Bahnsteig_PF
2845626,63781841489979,99_Bahnsteig_PF,99_Bahnsteig_PF,99_Bahnsteig_PF
2845635,63781841489990,99_Bahnsteig_PF,99_Bahnsteig_PF,99_Bahnsteig_PF
2845643,63781841490001,99_Bahnsteig_PF,99_Bahnsteig_PF,99_Bahnsteig_PF
2845660,63781841490012,99_Bahnsteig_PF,99_Bahnsteig_PF,99_Bahnsteig_PF
2845668,63781841490023,99_Bahnsteig_PF,99_Bahnsteig_PF,99_Bahnsteig_PF
2845676,63781841490035,99_Bahnsteig_PF,99_Bahnsteig_PF,99_Bahnsteig_PF
2845693,63781841490046,99_Bahnsteig_PF,99_Bahnsteig_PF,99_Bahnsteig_PF
2845701,63781841490057,99_Bahnsteig_PF,99_Bahnsteig_PF,99_Bahnsteig_PF
2845710,63781841490068,99_Bahnsteig_PF,99_Bahnsteig_PF,99_Bahnsteig_PF
2845726,63781841490079,99_Bahnsteig_PF,99_Bahnsteig_PF,99_Bahnsteig_PF
2845735,63781841490090,99_Bahnsteig_PF,99_Bahnsteig_PF,99_Bahnsteig_PF
2845743,63781841490101,99_Bahnsteig_PF,99_Bahnsteig_PF,99_Bahnsteig_PF
2845760,63781841490113,99_Bahnsteig_PF,99_Bahnsteig_PF,99_Bahnsteig_PF
2845768,63781841490124,99_Bahnsteig_PF,99_Bahnsteig_PF,99_Bahnsteig_PF
2845776,63781841490135,99_Bahnsteig_PF,99_Bahnsteig_PF,99_Bahnsteig_PF
2845793,63781841490146,99_Bahnsteig_PF,99_Bahnsteig_PF,99_Bahnsteig_PF
2845801,63781841490157,99_Bahnsteig_PF,99_Bahnsteig_PF,99_Bahnsteig_PF
2845810,63781841490168,99_Bahnsteig_PF,99_Bahnsteig_PF,99_Bahnsteig_PF
2845826,63781841490179,99_Bahnsteig_PF,99_Bahnsteig_PF,99_Bahnsteig_PF
2845835,63781841490190,99_Bahnsteig_PF,99_Bahnsteig_PF,99_Bahnsteig_PF
2845843,63781841490201,99_Bahnsteig_PF,99_Bahnsteig_PF,99_Bahnsteig_PF
2845860,63781841490212,99_Bahnsteig_PF,99_Bahnsteig_PF,99_Bahnsteig_PF
2845868,63781841490223,99_Bahnsteig_PF,99_Bahnsteig_PF,99_Bahnsteig_PF
2845876,63781841490234,99_Bahnsteig_PF,99_Bahnsteig_PF,99_Bahnsteig_PF
2845893,63781841490245,99_Bahnsteig_PF,99_Bahnsteig_PF,99_Bahnsteig_PF
2845901,63781841490257,99_Bahnsteig_PF,99_Bahnsteig_PF,99_Bahnsteig_PF
2845910,63781841490268,99_Bahnsteig_PF,99_Bahnsteig_PF,99_Bahnsteig_PF
2845926,63781841490279,None,99_Bahnsteig_PF,99_Bahnsteig_PF
2845935,63781841490290,None,None,None
2845943,63781841490301,None,None,None
2845960,63781841490312,None,None,None
2845968,63781841490323,None,None,None
2845976,63781841490334,None,None,None
2845993,63781841490345,None,None,None
2846001,63781841490356,None,None,None
2846018,63781841490368,None,None,None
2846026,63781841490379,None,None,None
2846035,63781841490390,None,None,None
2846043,63781841490401,None,None,None
2846060,63781841490412,None,None,None
2846068,63781841490423,None,None,None
2846076,63781841490434,None,None,None
2846093,63781841490446,None,None,None
2846101,63781841490457,None,None,None
2846110,63781841490468,None,None,None
2846126,63781841490479,None,None,None
2846135,63781841490490,None,None,None
2846143,63781841490501,None,None,None
2846160,63781841490512,None,None,None
2846168,63781841490523,None,None,None
2846176,63781841490534,None,None,None
2846193,63781841490545,99_Bahnsteig_PF,99_Bahnsteig_PF,99_Bahnsteig_PF
2846201,63781841490557,99_Bahnsteig_PF,99_Bahnsteig_PF,99_Bahnsteig_PF
2846210,63781841490568,99_Bahnsteig_PF,99_Bahnsteig_PF,99_Bahnsteig_PF
2846226,63781841490579,99_Bahnsteig_PF,99_Bahnsteig_PF,99_Bahnsteig_PF
2846235,63781841490590,99_Bahnsteig_PF,99_Bahnsteig_PF,99_Bahnsteig_PF
2846243,63781841490602,99_Bahnsteig_PF,99_Bahnsteig_PF,99_Bahnsteig_PF
2846260,63781841490612,99_Bahnsteig_PF,99_Bahnsteig_PF,99_Bahnsteig_PF
2846268,63781841490623,99_Bahnsteig_PF,99_Bahnsteig_PF,99_Bahnsteig_PF
2846276,63781841490634,99_Bahnsteig_PF,99_Bahnsteig_PF,99_Bahnsteig_PF
2846293,63781841490645,99_Bahnsteig_PF,99_Bahnsteig_PF,99_Bahnsteig_PF
2846301,63781841490661,99_Bahnsteig_PF,99_Bahnsteig_PF,99_Bahnsteig_PF
2846310,63781841490667,99_Bahnsteig_PF,99_Bahnsteig_PF,99_Bahnsteig_PF
2846318,63781841490676,99_Bahnsteig_PF,99_Bahnsteig_PF,99_Bahnsteig_PF
2846335,63781841490687,99_Bahnsteig_PF,99_Bahnsteig_PF,99_Bahnsteig_PF
2846343,63781841490698,99_Bahnsteig_PF,99_Bahnsteig_PF,99_Bahnsteig_PF
2846351,63781841490709,99_Bahnsteig_PF,99_Bahnsteig_PF,99_Bahnsteig_PF
2846368,63781841490721,99_Bahnsteig_PF,99_Bahnsteig_PF,99_Bahnsteig_PF
2846376,63781841490732,99_Bahnsteig_PF,99_Bahnsteig_PF,99_Bahnsteig_PF
2846385,63781841490743,99_Bahnsteig_PF,99_Bahnsteig_PF,99_Bahnsteig_PF
2846401,63781841490754,99_Bahnsteig_PF,99_Bahnsteig_PF,99_Bahnsteig_PF
2846410,63781841490765,99_Bahnsteig_PF,99_Bahnsteig_PF,99_Bahnsteig_PF
2846418,63781841490776,99_Bahnsteig_PF,99_Bahnsteig_PF,99_Bahnsteig_PF
2846435,63781841490787,99_Bahnsteig_PF,99_Bahnsteig_PF,99_Bahnsteig_PF
2846443,63781841490799,99_Bahnsteig_PF,99_Bahnsteig_PF,99_Bahnsteig_PF
2846451,63781841490809,99_Bahnsteig_PF,99_Bahnsteig_PF,99_Bahnsteig_PF
2846468,63781841490821,99_Bahnsteig_PF,99_Bahnsteig_PF,99_Bahnsteig_PF
2846476,63781841490832,99_Bahnsteig_PF,99_Bahnsteig_PF,99_Bahnsteig_PF
2846485,63781841490843,99_Bahnsteig_PF,99_Bahnsteig_PF,99_Bahnsteig_PF
2846501,63781841490854,99_Bahnsteig_PF,99_Bahnsteig_PF,99_Bahnsteig_PF
2846510,63781841490865,99_Bahnsteig_PF,99_Bahnsteig_PF,99_Bahnsteig_PF
2846518,63781841490876,99_Bahnsteig_PF,99_Bahnsteig_PF,99_Bahnsteig_PF
2846535,63781841490887,99_Bahnsteig_PF,99_Bahnsteig_PF,99_Bahnsteig_PF
2846543,63781841490898,99_Bahnsteig_PF,99_Bahnsteig_PF,99_Bahnsteig_PF
2846551,63781841490910,99_Bahnsteig_PF,99_Bahnsteig_PF,99_Bahnsteig_PF
2846568,63781841490920,99_Bahnsteig_PF,99_Bahnsteig_PF,99_Bahnsteig_PF
2846576,63781841490932,99_Bahnsteig_PF,99_Bahnsteig_PF,99_Bahnsteig_PF
2846585,63781841490943,99_Bahnsteig_PF,99_Bahnsteig_PF,99_Bahnsteig_PF
2846601,63781841490954,99_Bahnsteig_PF,99_Bahnsteig_PF,99_Bahnsteig_PF
2846610,63781841490965,99_Bahnsteig_PF,99_Bahnsteig_PF,99_Bahnsteig_PF
2846618,63781841490976,99_Bahnsteig_PF,99_Bahnsteig_PF,99_Bahnsteig_PF
2846635,63781841490987,99_Bahnsteig_PF,99_Bahnsteig_PF,99_Bahnsteig_PF
2846643,63781841490999,99_Bahnsteig_PF,99_Bahnsteig_PF,99_Bahnsteig_PF
2846651,63781841491009,99_Bahnsteig_PF,99_Bahnsteig_PF,99_Bahnsteig_PF
2846668,63781841491020,99_Bahnsteig_PF,99_Bahnsteig_PF,99_Bahnsteig_PF
2846676,63781841491032,99_Bahnsteig_PF,99_Bahnsteig_PF,99_Bahnsteig_PF
2846684,63781841491043,99_Bahnsteig_PF,99_Bahnsteig_PF,99_Bahnsteig_PF
2846701,63781841491055,99_Bahnsteig_PF,99_Bahnsteig_PF,99_Bahnsteig_PF
2846709,63781841491066,99_Bahnsteig_PF,99_Bahnsteig_PF,99_Bahnsteig_PF
2846718,63781841491077,99_Bahnsteig_PF,99_Bahnsteig_PF,99_Bahnsteig_PF
2846734,63781841491088,99_Bahnsteig_PF,99_Bahnsteig_PF,99_Bahnsteig_PF
2846743,63781841491100,99_Bahnsteig_PF,99_Bahnsteig_PF,99_Bahnsteig_PF
2846751,63781841491111,99_Bahnsteig_PF,99_Bahnsteig_PF,99_Bahnsteig_PF
2846768,63781841491122,99_Bahnsteig_PF,99_Bahnsteig_PF,99_Bahnsteig_PF
2846776,63781841491133,99_Bahnsteig_PF,99_Bahnsteig_PF,99_Bahnsteig_PF
2846793,63781841491145,99_Bahnsteig_PF,99_Bahnsteig_PF,99_Bahnsteig_PF
2846801,63781841491156,99_Bahnsteig_PF,99_Bahnsteig_PF,99_Bahnsteig_PF
2846809,63781841491167,99_Bahnsteig_PF,99_Bahnsteig_PF,99_Bahnsteig_PF
2846826,63781841491178,99_Bahnsteig_PF,99_Bahnsteig_PF,99_Bahnsteig_PF
2846834,63781841491189,99_Bahnsteig_PF,99_Bahnsteig_PF,99_Bahnsteig_PF
2846843,63781841491201,99_Bahnsteig_PF,99_Bahnsteig_PF,99_Bahnsteig_PF
2846859,63781841491212,99_Bahnsteig_PF,99_Bahnsteig_PF,99_Bahnsteig_PF
2846868,63781841491223,99_Bahnsteig_PF,99_Bahnsteig_PF,99_Bahnsteig_PF
2846876,63781841491234,99_Bahnsteig_PF,99_Bahnsteig_PF,99_Bahnsteig_PF
2846893,63781841491245,99_Bahnsteig_PF,99_Bahnsteig_PF,99_Bahnsteig_PF
2846901,63781841491256,99_Bahnsteig_PF,99_Bahnsteig_PF,99_Bahnsteig_PF
2846909,63781841491267,99_Bahnsteig_PF,99_Bahnsteig_PF,99_Bahnsteig_PF
2846926,63781841491278,99_Bahnsteig_PF,99_Bahnsteig_PF,99_Bahnsteig_PF
2846934,63781841491289,99_Bahnsteig_PF,99_Bahnsteig_PF,99_Bahnsteig_PF
2846943,63781841491300,99_Bahnsteig_PF,99_Bahnsteig_PF,99_Bahnsteig_PF
2846959,63781841491311,99_Bahnsteig_PF,99_Bahnsteig_PF,99_Bahnsteig_PF
2846968,63781841491323,99_Bahnsteig_PF,99_Bahnsteig_PF,99_Bahnsteig_PF
2846976,63781841491334,99_Bahnsteig_PF,99_Bahnsteig_PF,99_Bahnsteig_PF
2846993,63781841491345,99_Bahnsteig_PF,99_Bahnsteig_PF,99_Bahnsteig_PF
2847001,63781841491356,99_Bahnsteig_PF,99_Bahnsteig_PF,99_Bahnsteig_PF
2847009,63781841491368,99_Bahnsteig_PF,99_Bahnsteig_PF,99_Bahnsteig_PF
2847026,63781841491378,99_Bahnsteig_PF,99_Bahnsteig_PF,99_Bahnsteig_PF
2847034,63781841491389,99_Bahnsteig_PF,99_Bahnsteig_PF,99_Bahnsteig_PF
2847043,63781841491400,99_Bahnsteig_PF,99_Bahnsteig_PF,99_Bahnsteig_PF
2847059,63781841491412,99_Bahnsteig_PF,99_Bahnsteig_PF,99_Bahnsteig_PF
2847068,63781841491423,99_Bahnsteig_PF,99_Bahnsteig_PF,99_Bahnsteig_PF
2847076,63781841491434,99_Bahnsteig_PF,99_Bahnsteig_PF,99_Bahnsteig_PF
2847093,63781841491445,99_Bahnsteig_PF,99_Bahnsteig_PF,99_Bahnsteig_PF
2847101,63781841491456,99_Bahnsteig_PF,99_Bahnsteig_PF,99_Bahnsteig_PF
2847109,63781841491467,99_Bahnsteig_PF,99_Bahnsteig_PF,99_Bahnsteig_PF
2847126,63781841491478,99_Bahnsteig_PF,99_Bahnsteig_PF,99_Bahnsteig_PF
2847134,63781841491490,99_Bahnsteig_PF,99_Bahnsteig_PF,99_Bahnsteig_PF
2847143,63781841491500,99_Bahnsteig_PF,99_Bahnsteig_PF,99_Bahnsteig_PF
2847159,63781841491512,99_Bahnsteig_PF,99_Bahnsteig_PF,99_Bahnsteig_PF
2847168,63781841491523,99_Bahnsteig_PF,99_Bahnsteig_PF,99_Bahnsteig_PF
2847176,63781841491534,99_Bahnsteig_PF,99_Bahnsteig_PF,99_Bahnsteig_PF
2847193,63781841491544,99_Bahnsteig_PF,99_Bahnsteig_PF,99_Bahnsteig_PF
2847201,63781841491556,99_Bahnsteig_PF,99_Bahnsteig_PF,99_Bahnsteig_PF
2847209,63781841491567,99_Bahnsteig_PF,99_Bahnsteig_PF,99_Bahnsteig_PF
2847226,63781841491578,99_Bahnsteig_PF,99_Bahnsteig_PF,99_Bahnsteig_PF
2847234,63781841491589,99_Bahnsteig_PF,99_Bahnsteig_PF,99_Bahnsteig_PF
2847243,63781841491601,99_Bahnsteig_PF,99_Bahnsteig_PF,99_Bahnsteig_PF
2847259,63781841491612,99_Bahnsteig_PF,None,99_Bahnsteig_PF
2847268,63781841491623,99_Bahnsteig_PF,None,99_Bahnsteig_PF
2847276,63781841491634,None,None,None
2847293,63781841491645,None,None,None
2847301,63781841491656,None,None,None
2847309,63781841491667,None,None,None
2847326,63781841491678,None,None,None
2847334,63781841491690,None,None,None
2847343,63781841491700,None,None,None
2847359,63781841491711,None,None,None
2847368,63781841491722,None,None,None
2847376,63781841491734,None,None,None
2847393,63781841491745,None,None,None
2847401,63781841491756,None,None,None
2847409,63781841491767,None,None,None
2847426,63781841491778,None,None,None
2847434,63781841491789,None,None,None
2847443,63781841491800,None,None,None
2847459,63781841491811,None,None,None
2847468,63781841491822,None,None,None
2847476,63781841491834,None,None,None
2847493,63781841491845,None,None,None
2847501,63781841491856,None,None,None
2847509,63781841491867,None,None,None
2847518,63781841491878,None,None,None
2847534,63781841491889,99_Bahnsteig_PF,99_Bahnsteig_PF,99_Bahnsteig_PF
2847543,63781841491900,99_Bahnsteig_PF,99_Bahnsteig_PF,99_Bahnsteig_PF
2847559,63781841491911,99_Bahnsteig_PF,99_Bahnsteig_PF,99_Bahnsteig_PF
2847568,63781841491922,99_Bahnsteig_PF,99_Bahnsteig_PF,99_Bahnsteig_PF
2847576,63781841491934,99_Bahnsteig_PF,99_Bahnsteig_PF,99_Bahnsteig_PF
2847593,63781841491944,99_Bahnsteig_PF,99_Bahnsteig_PF,99_Bahnsteig_PF
2847601,63781841491956,99_Bahnsteig_PF,99_Bahnsteig_PF,99_Bahnsteig_PF
2847609,63781841491967,99_Bahnsteig_PF,99_Bahnsteig_PF,99_Bahnsteig_PF
2847626,63781841491978,99_Bahnsteig_PF,99_Bahnsteig_PF,99_Bahnsteig_PF
2847634,63781841491989,99_Bahnsteig_PF,99_Bahnsteig_PF,99_Bahnsteig_PF
2847643,63781841492000,99_Bahnsteig_PF,99_Bahnsteig_PF,99_Bahnsteig_PF
2847659,63781841492011,99_Bahnsteig_PF,99_Bahnsteig_PF,99_Bahnsteig_PF
2847668,63781841492022,99_Bahnsteig_PF,99_Bahnsteig_PF,99_Bahnsteig_PF
2847676,63781841492033,99_Bahnsteig_PF,99_Bahnsteig_PF,99_Bahnsteig_PF
2847693,63781841492045,99_Bahnsteig_PF,99_Bahnsteig_PF,99_Bahnsteig_PF
2847701,63781841492056,99_Bahnsteig_PF,99_Bahnsteig_PF,99_Bahnsteig_PF
2847709,63781841492067,99_Bahnsteig_PF,99_Bahnsteig_PF,99_Bahnsteig_PF
2847726,63781841492078,99_Bahnsteig_PF,99_Bahnsteig_PF,99_Bahnsteig_PF
2847734,63781841492089,99_Bahnsteig_PF,99_Bahnsteig_PF,99_Bahnsteig_PF
2847743,63781841492100,99_Bahnsteig_PF,99_Bahnsteig_PF,99_Bahnsteig_PF
2847759,63781841492111,99_Bahnsteig_PF,99_Bahnsteig_PF,99_Bahnsteig_PF
2847768,63781841492122,99_Bahnsteig_PF,99_Bahnsteig_PF,99_Bahnsteig_PF
2847776,63781841492133,99_Bahnsteig_PF,99_Bahnsteig_PF,99_Bahnsteig_PF
2847793,63781841492144,99_Bahnsteig_PF,99_Bahnsteig_PF,99_Bahnsteig_PF
2847801,63781841492156,99_Bahnsteig_PF,99_Bahnsteig_PF,99_Bahnsteig_PF
2847809,63781841492167,99_Bahnsteig_PF,99_Bahnsteig_PF,99_Bahnsteig_PF
2847826,63781841492178,99_Bahnsteig_PF,99_Bahnsteig_PF,99_Bahnsteig_PF
2847834,63781841492189,99_Bahnsteig_PF,99_Bahnsteig_PF,99_Bahnsteig_PF
2847843,63781841492200,99_Bahnsteig_PF,99_Bahnsteig_PF,99_Bahnsteig_PF
2847859,63781841492211,99_Bahnsteig_PF,99_Bahnsteig_PF,99_Bahnsteig_PF
2847868,63781841492222,99_Bahnsteig_PF,99_Bahnsteig_PF,99_Bahnsteig_PF
2847876,63781841492233,99_Bahnsteig_PF,99_Bahnsteig_PF,99_Bahnsteig_PF
2847893,63781841492244,99_Bahnsteig_PF,99_Bahnsteig_PF,99_Bahnsteig_PF
2847901,63781841492255,99_Bahnsteig_PF,99_Bahnsteig_PF,99_Bahnsteig_PF
2847909,63781841492267,99_Bahnsteig_PF,99_Bahnsteig_PF,99_Bahnsteig_PF
2847926,63781841492277,99_Bahnsteig_PF,99_Bahnsteig_PF,99_Bahnsteig_PF
2847934,63781841492289,99_Bahnsteig_PF,99_Bahnsteig_PF,99_Bahnsteig_PF
2847943,63781841492300,99_Bahnsteig_PF,99_Bahnsteig_PF,99_Bahnsteig_PF
2847959,63781841492311,99_Bahnsteig_PF,99_Bahnsteig_PF,99_Bahnsteig_PF
2847968,63781841492323,99_Bahnsteig_PF,99_Bahnsteig_PF,99_Bahnsteig_PF
2847976,63781841492334,99_Bahnsteig_PF,99_Bahnsteig_PF,99_Bahnsteig_PF
2847993,63781841492344,99_Bahnsteig_PF,99_Bahnsteig_PF,99_Bahnsteig_PF
2848001,63781841492355,99_Bahnsteig_PF,99_Bahnsteig_PF,99_Bahnsteig_PF
2848009,63781841492367,99_Bahnsteig_PF,99_Bahnsteig_PF,99_Bahnsteig_PF
2848026,63781841492378,99_Bahnsteig_PF,99_Bahnsteig_PF,99_Bahnsteig_PF
2848034,63781841492389,99_Bahnsteig_PF,99_Bahnsteig_PF,99_Bahnsteig_PF
2848043,63781841492400,99_Bahnsteig_PF,99_Bahnsteig_PF,99_Bahnsteig_PF
2848059,63781841492411,99_Bahnsteig_PF,99_Bahnsteig_PF,99_Bahnsteig_PF
2848068,63781841492422,99_Bahnsteig_PF,99_Bahnsteig_PF,99_Bahnsteig_PF
2848076,63781841492433,99_Bahnsteig_PF,99_Bahnsteig_PF,99_Bahnsteig_PF
2848093,63781841492445,99_Bahnsteig_PF,99_Bahnsteig_PF,99_Bahnsteig_PF
2848101,63781841492455,99_Bahnsteig_PF,99_Bahnsteig_PF,99_Bahnsteig_PF
2848109,63781841492467,99_Bahnsteig_PF,99_Bahnsteig_PF,99_Bahnsteig_PF
2848126,63781841492477,99_Bahnsteig_PF,99_Bahnsteig_PF,99_Bahnsteig_PF
2848134,63781841492489,99_Bahnsteig_PF,99_Bahnsteig_PF,99_Bahnsteig_PF
2848143,63781841492500,99_Bahnsteig_PF,99_Bahnsteig_PF,99_Bahnsteig_PF
2848159,63781841492511,99_Bahnsteig_PF,99_Bahnsteig_PF,99_Bahnsteig_PF
2848168,63781841492522,99_Bahnsteig_PF,99_Bahnsteig_PF,99_Bahnsteig_PF
2848176,63781841492533,99_Bahnsteig_PF,99_Bahnsteig_PF,99_Bahnsteig_PF
2848192,63781841492544,99_Bahnsteig_PF,99_Bahnsteig_PF,99_Bahnsteig_PF
2848201,63781841492555,99_Bahnsteig_PF,99_Bahnsteig_PF,99_Bahnsteig_PF
2848209,63781841492567,99_Bahnsteig_PF,99_Bahnsteig_PF,99_Bahnsteig_PF
2848226,63781841492577,99_Bahnsteig_PF,99_Bahnsteig_PF,99_Bahnsteig_PF
2848234,63781841492589,99_Bahnsteig_PF,99_Bahnsteig_PF,99_Bahnsteig_PF
2848242,63781841492600,99_Bahnsteig_PF,99_Bahnsteig_PF,99_Bahnsteig_PF
2848259,63781841492611,99_Bahnsteig_PF,99_Bahnsteig_PF,99_Bahnsteig_PF
2848267,63781841492622,99_Bahnsteig_PF,99_Bahnsteig_PF,99_Bahnsteig_PF
2848276,63781841492633,99_Bahnsteig_PF,99_Bahnsteig_PF,99_Bahnsteig_PF
2848292,63781841492644,99_Bahnsteig_PF,99_Bahnsteig_PF,99_Bahnsteig_PF
2848301,63781841492655,99_Bahnsteig_PF,99_Bahnsteig_PF,99_Bahnsteig_PF
2848309,63781841492667,99_Bahnsteig_PF,99_Bahnsteig_PF,99_Bahnsteig_PF
2848326,63781841492678,99_Bahnsteig_PF,99_Bahnsteig_PF,99_Bahnsteig_PF
2848334,63781841492689,99_Bahnsteig_PF,99_Bahnsteig_PF,99_Bahnsteig_PF
2848342,63781841492700,99_Bahnsteig_PF,99_Bahnsteig_PF,99_Bahnsteig_PF
2848359,63781841492711,99_Bahnsteig_PF,99_Bahnsteig_PF,99_Bahnsteig_PF
2848367,63781841492722,99_Bahnsteig_PF,99_Bahnsteig_PF,99_Bahnsteig_PF
2848376,63781841492733,99_Bahnsteig_PF,99_Bahnsteig_PF,99_Bahnsteig_PF
2848392,63781841492744,99_Bahnsteig_PF,99_Bahnsteig_PF,99_Bahnsteig_PF
2848401,63781841492755,99_Bahnsteig_PF,99_Bahnsteig_PF,99_Bahnsteig_PF
2848409,63781841492766,99_Bahnsteig_PF,99_Bahnsteig_PF,99_Bahnsteig_PF
2848426,63781841492778,99_Bahnsteig_PF,99_Bahnsteig_PF,99_Bahnsteig_PF
2848434,63781841492788,99_Bahnsteig_PF,99_Bahnsteig_PF,99_Bahnsteig_PF
2848442,63781841492800,99_Bahnsteig_PF,99_Bahnsteig_PF,99_Bahnsteig_PF
2848459,63781841492811,99_Bahnsteig_PF,99_Bahnsteig_PF,99_Bahnsteig_PF
2848467,63781841492822,99_Bahnsteig_PF,99_Bahnsteig_PF,99_Bahnsteig_PF
2848476,63781841492833,99_Bahnsteig_PF,99_Bahnsteig_PF,99_Bahnsteig_PF
2848492,63781841492844,99_Bahnsteig_PF,99_Bahnsteig_PF,99_Bahnsteig_PF
2848501,63781841492855,99_Bahnsteig_PF,99_Bahnsteig_PF,99_Bahnsteig_PF
2848509,63781841492867,99_Bahnsteig_PF,99_Bahnsteig_PF,99_Bahnsteig_PF
2848526,63781841492877,99_Bahnsteig_PF,99_Bahnsteig_PF,99_Bahnsteig_PF
2848534,63781841492888,99_Bahnsteig_PF,99_Bahnsteig_PF,99_Bahnsteig_PF
2848542,63781841492900,99_Bahnsteig_PF,99_Bahnsteig_PF,99_Bahnsteig_PF
2848559,63781841492910,99_Bahnsteig_PF,99_Bahnsteig_PF,99_Bahnsteig_PF
2848567,63781841492922,99_Bahnsteig_PF,99_Bahnsteig_PF,99_Bahnsteig_PF
2848576,63781841492933,99_Bahnsteig_PF,99_Bahnsteig_PF,99_Bahnsteig_PF
2848592,63781841492944,99_Bahnsteig_PF,99_Bahnsteig_PF,99_Bahnsteig_PF
2848601,63781841492955,99_Bahnsteig_PF,99_Bahnsteig_PF,99_Bahnsteig_PF
2848609,63781841492966,99_Bahnsteig_PF,99_Bahnsteig_PF,99_Bahnsteig_PF
2848626,63781841492977,99_Bahnsteig_PF,99_Bahnsteig_PF,99_Bahnsteig_PF
2848634,63781841492989,99_Bahnsteig_PF,99_Bahnsteig_PF,99_Bahnsteig_PF
2848642,63781841492999,99_Bahnsteig_PF,99_Bahnsteig_PF,99_Bahnsteig_PF
2848659,63781841493010,99_Bahnsteig_PF,99_Bahnsteig_PF,99_Bahnsteig_PF
2848667,63781841493022,None,99_Bahnsteig_PF,99_Bahnsteig_PF
2848676,63781841493033,None,None,None
2848692,63781841493044,None,None,None
2848701,63781841493055,None,None,None
2848709,63781841493066,None,None,None
2848726,63781841493077,None,None,None
2848734,63781841493089,None,None,None
2848742,63781841493099,None,None,None
2848759,63781841493110,None,None,None
2848767,63781841493121,None,None,None
2848776,63781841493133,None,None,None
2848792,63781841493144,None,None,None
2848801,63781841493155,None,None,None
2848809,63781841493166,None,None,None
2848826,63781841493177,None,None,None
2848834,63781841493188,None,None,None
2848842,63781841493199,None,None,None
2848859,63781841493211,None,None,None
2848867,63781841493221,None,None,None
2848876,63781841493232,None,None,None
2848884,63781841493244,None,None,None
2848901,63781841493255,99_Bahnsteig_PF,99_Bahnsteig_PF,99_Bahnsteig_PF
2848909,63781841493266,99_Bahnsteig_PF,99_Bahnsteig_PF,99_Bahnsteig_PF
2848917,63781841493277,99_Bahnsteig_PF,99_Bahnsteig_PF,99_Bahnsteig_PF
2848934,63781841493288,99_Bahnsteig_PF,99_Bahnsteig_PF,99_Bahnsteig_PF
2848942,63781841493299,99_Bahnsteig_PF,99_Bahnsteig_PF,99_Bahnsteig_PF
2848959,63781841493310,99_Bahnsteig_PF,99_Bahnsteig_PF,99_Bahnsteig_PF
2848967,63781841493321,99_Bahnsteig_PF,99_Bahnsteig_PF,99_Bahnsteig_PF
2848976,63781841493333,99_Bahnsteig_PF,99_Bahnsteig_PF,99_Bahnsteig_PF
2848992,63781841493344,99_Bahnsteig_PF,99_Bahnsteig_PF,99_Bahnsteig_PF
2849001,63781841493355,99_Bahnsteig_PF,99_Bahnsteig_PF,99_Bahnsteig_PF
2849009,63781841493366,99_Bahnsteig_PF,99_Bahnsteig_PF,99_Bahnsteig_PF
2849026,63781841493377,99_Bahnsteig_PF,99_Bahnsteig_PF,99_Bahnsteig_PF
2849034,63781841493388,99_Bahnsteig_PF,99_Bahnsteig_PF,99_Bahnsteig_PF
2849042,63781841493400,99_Bahnsteig_PF,99_Bahnsteig_PF,99_Bahnsteig_PF
2849059,63781841493410,99_Bahnsteig_PF,99_Bahnsteig_PF,99_Bahnsteig_PF
2849067,63781841493421,99_Bahnsteig_PF,99_Bahnsteig_PF,99_Bahnsteig_PF
2849076,63781841493432,99_Bahnsteig_PF,99_Bahnsteig_PF,99_Bahnsteig_PF
2849092,63781841493444,99_Bahnsteig_PF,99_Bahnsteig_PF,99_Bahnsteig_PF
2849101,63781841493455,99_Bahnsteig_PF,99_Bahnsteig_PF,99_Bahnsteig_PF
2849109,63781841493466,99_Bahnsteig_PF,99_Bahnsteig_PF,99_Bahnsteig_PF
2849117,63781841493477,None,None,None
2849134,63781841493488,99_Bahnsteig_PF,99_Bahnsteig_PF,99_Bahnsteig_PF
2849151,63781841493504,99_Bahnsteig_PF,99_Bahnsteig_PF,99_Bahnsteig_PF
2849151,63781841493510,99_Bahnsteig_PF,99_Bahnsteig_PF,99_Bahnsteig_PF
2849159,63781841493518,99_Bahnsteig_PF,99_Bahnsteig_PF,99_Bahnsteig_PF
2849176,63781841493529,99_Bahnsteig_PF,99_Bahnsteig_PF,99_Bahnsteig_PF
2849184,63781841493540,99_Bahnsteig_PF,99_Bahnsteig_PF,99_Bahnsteig_PF
2849201,63781841493553,99_Bahnsteig_PF,99_Bahnsteig_PF,99_Bahnsteig_PF
2849209,63781841493563,99_Bahnsteig_PF,99_Bahnsteig_PF,99_Bahnsteig_PF
2849217,63781841493574,99_Bahnsteig_PF,99_Bahnsteig_PF,99_Bahnsteig_PF
2849226,63781841493585,99_Bahnsteig_PF,99_Bahnsteig_PF,99_Bahnsteig_PF
2849242,63781841493596,99_Bahnsteig_PF,99_Bahnsteig_PF,99_Bahnsteig_PF
2849251,63781841493607,99_Bahnsteig_PF,99_Bahnsteig_PF,99_Bahnsteig_PF
2849259,63781841493618,99_Bahnsteig_PF,99_Bahnsteig_PF,99_Bahnsteig_PF
2849276,63781841493629,99_Bahnsteig_PF,99_Bahnsteig_PF,99_Bahnsteig_PF
2849284,63781841493640,99_Bahnsteig_PF,99_Bahnsteig_PF,99_Bahnsteig_PF
2849292,63781841493652,99_Bahnsteig_PF,99_Bahnsteig_PF,99_Bahnsteig_PF
2849309,63781841493663,99_Bahnsteig_PF,99_Bahnsteig_PF,99_Bahnsteig_PF
2849317,63781841493674,99_Bahnsteig_PF,99_Bahnsteig_PF,99_Bahnsteig_PF
2849326,63781841493685,99_Bahnsteig_PF,99_Bahnsteig_PF,99_Bahnsteig_PF
2849342,63781841493696,99_Bahnsteig_PF,99_Bahnsteig_PF,99_Bahnsteig_PF
2849351,63781841493707,99_Bahnsteig_PF,99_Bahnsteig_PF,99_Bahnsteig_PF
2849359,63781841493718,99_Bahnsteig_PF,99_Bahnsteig_PF,99_Bahnsteig_PF
2849376,63781841493729,99_Bahnsteig_PF,99_Bahnsteig_PF,99_Bahnsteig_PF
2849384,63781841493740,99_Bahnsteig_PF,99_Bahnsteig_PF,99_Bahnsteig_PF
2849392,63781841493751,99_Bahnsteig_PF,99_Bahnsteig_PF,99_Bahnsteig_PF
2849409,63781841493763,99_Bahnsteig_PF,99_Bahnsteig_PF,99_Bahnsteig_PF
2849417,63781841493774,99_Bahnsteig_PF,99_Bahnsteig_PF,99_Bahnsteig_PF
2849426,63781841493785,99_Bahnsteig_PF,99_Bahnsteig_PF,99_Bahnsteig_PF
2849442,63781841493796,99_Bahnsteig_PF,99_Bahnsteig_PF,99_Bahnsteig_PF
2849451,63781841493807,99_Bahnsteig_PF,99_Bahnsteig_PF,99_Bahnsteig_PF
2849459,63781841493818,99_Bahnsteig_PF,99_Bahnsteig_PF,99_Bahnsteig_PF
2849476,63781841493829,99_Bahnsteig_PF,99_Bahnsteig_PF,99_Bahnsteig_PF
2849484,63781841493840,99_Bahnsteig_PF,99_Bahnsteig_PF,99_Bahnsteig_PF
2849492,63781841493851,99_Bahnsteig_PF,99_Bahnsteig_PF,99_Bahnsteig_PF
2849509,63781841493863,99_Bahnsteig_PF,99_Bahnsteig_PF,99_Bahnsteig_PF
2849517,63781841493874,99_Bahnsteig_PF,99_Bahnsteig_PF,99_Bahnsteig_PF
2849534,63781841493886,99_Bahnsteig_PF,99_Bahnsteig_PF,99_Bahnsteig_PF
2849542,63781841493897,99_Bahnsteig_PF,99_Bahnsteig_PF,99_Bahnsteig_PF
2849551,63781841493908,99_Bahnsteig_PF,99_Bahnsteig_PF,99_Bahnsteig_PF
2849567,63781841493919,99_Bahnsteig_PF,99_Bahnsteig_PF,99_Bahnsteig_PF
2849576,63781841493931,99_Bahnsteig_PF,99_Bahnsteig_PF,99_Bahnsteig_PF
2849584,63781841493942,99_Bahnsteig_PF,99_Bahnsteig_PF,99_Bahnsteig_PF
2849601,63781841493953,99_Bahnsteig_PF,99_Bahnsteig_PF,99_Bahnsteig_PF
2849609,63781841493965,99_Bahnsteig_PF,99_Bahnsteig_PF,99_Bahnsteig_PF
2849617,63781841493975,99_Bahnsteig_PF,99_Bahnsteig_PF,99_Bahnsteig_PF
2849634,63781841493987,99_Bahnsteig_PF,99_Bahnsteig_PF,99_Bahnsteig_PF
2849642,63781841493998,99_Bahnsteig_PF,99_Bahnsteig_PF,99_Bahnsteig_PF
2849651,63781841494010,99_Bahnsteig_PF,99_Bahnsteig_PF,99_Bahnsteig_PF
2849667,63781841494021,99_Bahnsteig_PF,99_Bahnsteig_PF,99_Bahnsteig_PF
2849676,63781841494032,99_Bahnsteig_PF,99_Bahnsteig_PF,99_Bahnsteig_PF
2849684,63781841494043,99_Bahnsteig_PF,99_Bahnsteig_PF,99_Bahnsteig_PF
2849701,63781841494054,99_Bahnsteig_PF,99_Bahnsteig_PF,99_Bahnsteig_PF
2849709,63781841494066,99_Bahnsteig_PF,99_Bahnsteig_PF,99_Bahnsteig_PF
2849726,63781841494077,99_Bahnsteig_PF,99_Bahnsteig_PF,99_Bahnsteig_PF
2849734,63781841494088,99_Bahnsteig_PF,99_Bahnsteig_PF,99_Bahnsteig_PF
2849742,63781841494099,99_Bahnsteig_PF,99_Bahnsteig_PF,99_Bahnsteig_PF
2849750,63781841494110,99_Bahnsteig_PF,99_Bahnsteig_PF,99_Bahnsteig_PF
2849767,63781841494121,99_Bahnsteig_PF,99_Bahnsteig_PF,99_Bahnsteig_PF
2849775,63781841494132,None,99_Bahnsteig_PF,99_Bahnsteig_PF
2849784,63781841494143,None,99_Bahnsteig_PF,99_Bahnsteig_PF
2849800,63781841494154,None,99_Bahnsteig_PF,99_Bahnsteig_PF
2849809,63781841494165,99_Bahnsteig_PF,99_Bahnsteig_PF,99_Bahnsteig_PF
2849825,63781841494177,99_Bahnsteig_PF,99_Bahnsteig_PF,99_Bahnsteig_PF
2849834,63781841494188,99_Bahnsteig_PF,99_Bahnsteig_PF,99_Bahnsteig_PF
2849842,63781841494199,99_Bahnsteig_PF,99_Bahnsteig_PF,99_Bahnsteig_PF
2849859,63781841494210,99_Bahnsteig_PF,99_Bahnsteig_PF,99_Bahnsteig_PF
2849867,63781841494221,99_Bahnsteig_PF,99_Bahnsteig_PF,99_Bahnsteig_PF
2849875,63781841494232,99_Bahnsteig_PF,99_Bahnsteig_PF,99_Bahnsteig_PF
2849892,63781841494243,99_Bahnsteig_PF,99_Bahnsteig_PF,99_Bahnsteig_PF
2849900,63781841494255,99_Bahnsteig_PF,99_Bahnsteig_PF,99_Bahnsteig_PF
2849909,63781841494266,99_Bahnsteig_PF,99_Bahnsteig_PF,99_Bahnsteig_PF
2849917,63781841494276,99_Bahnsteig_PF,99_Bahnsteig_PF,99_Bahnsteig_PF
2849934,63781841494288,99_Bahnsteig_PF,99_Bahnsteig_PF,99_Bahnsteig_PF
2849942,63781841494299,99_Bahnsteig_PF,99_Bahnsteig_PF,99_Bahnsteig_PF
2849950,63781841494310,99_Bahnsteig_PF,99_Bahnsteig_PF,99_Bahnsteig_PF
2849967,63781841494321,99_Bahnsteig_PF,99_Bahnsteig_PF,99_Bahnsteig_PF
2849975,63781841494332,99_Bahnsteig_PF,99_Bahnsteig_PF,99_Bahnsteig_PF
2849992,63781841494344,99_Bahnsteig_PF,99_Bahnsteig_PF,99_Bahnsteig_PF
2850000,63781841494355,99_Bahnsteig_PF,99_Bahnsteig_PF,99_Bahnsteig_PF
2850009,63781841494367,99_Bahnsteig_PF,99_Bahnsteig_PF,99_Bahnsteig_PF
2850017,63781841494377,None,None,None
2850034,63781841494389,99_Bahnsteig_PF,99_Bahnsteig_PF,99_Bahnsteig_PF
2850042,63781841494400,99_Bahnsteig_PF,99_Bahnsteig_PF,99_Bahnsteig_PF
2850059,63781841494411,None,None,None
2850067,63781841494422,99_Bahnsteig_PF,99_Bahnsteig_PF,99_Bahnsteig_PF
2850075,63781841494433,99_Bahnsteig_PF,99_Bahnsteig_PF,99_Bahnsteig_PF
2850092,63781841494444,99_Bahnsteig_PF,99_Bahnsteig_PF,99_Bahnsteig_PF
2850100,63781841494455,99_Bahnsteig_PF,99_Bahnsteig_PF,99_Bahnsteig_PF
2850109,63781841494467,99_Bahnsteig_PF,99_Bahnsteig_PF,99_Bahnsteig_PF
2850117,63781841494477,99_Bahnsteig_PF,99_Bahnsteig_PF,99_Bahnsteig_PF
2850134,63781841494489,99_Bahnsteig_PF,99_Bahnsteig_PF,99_Bahnsteig_PF
2850142,63781841494500,99_Bahnsteig_PF,99_Bahnsteig_PF,99_Bahnsteig_PF
2850150,63781841494510,99_Bahnsteig_PF,99_Bahnsteig_PF,99_Bahnsteig_PF
2850167,63781841494522,99_Bahnsteig_PF,99_Bahnsteig_PF,99_Bahnsteig_PF
2850175,63781841494533,99_Bahnsteig_PF,99_Bahnsteig_PF,99_Bahnsteig_PF
2850192,63781841494544,99_Bahnsteig_PF,99_Bahnsteig_PF,99_Bahnsteig_PF
2850200,63781841494555,99_Bahnsteig_PF,99_Bahnsteig_PF,99_Bahnsteig_PF
2850209,63781841494566,99_Bahnsteig_PF,99_Bahnsteig_PF,99_Bahnsteig_PF
2850217,63781841494577,99_Bahnsteig_PF,99_Bahnsteig_PF,99_Bahnsteig_PF
2850234,63781841494589,99_Bahnsteig_PF,99_Bahnsteig_PF,99_Bahnsteig_PF
2850242,63781841494599,99_Bahnsteig_PF,99_Bahnsteig_PF,99_Bahnsteig_PF
2850259,63781841494611,99_Bahnsteig_PF,99_Bahnsteig_PF,99_Bahnsteig_PF
2850267,63781841494622,99_Bahnsteig_PF,99_Bahnsteig_PF,99_Bahnsteig_PF
2850275,63781841494633,99_Bahnsteig_PF,99_Bahnsteig_PF,99_Bahnsteig_PF
2850292,63781841494644,99_Bahnsteig_PF,99_Bahnsteig_PF,99_Bahnsteig_PF
2850300,63781841494655,99_Bahnsteig_PF,99_Bahnsteig_PF,99_Bahnsteig_PF
2850309,63781841494666,99_Bahnsteig_PF,99_Bahnsteig_PF,99_Bahnsteig_PF
2850325,63781841494677,99_Bahnsteig_PF,99_Bahnsteig_PF,99_Bahnsteig_PF
2850334,63781841494689,99_Bahnsteig_PF,99_Bahnsteig_PF,99_Bahnsteig_PF
2850342,63781841494699,99_Bahnsteig_PF,99_Bahnsteig_PF,99_Bahnsteig_PF
2850350,63781841494711,99_Bahnsteig_PF,99_Bahnsteig_PF,99_Bahnsteig_PF
2850367,63781841494722,None,None,None
2850375,63781841494733,None,None,None
2850392,63781841494744,None,None,None
2850400,63781841494755,None,None,None
2850409,63781841494766,None,None,None
2850425,63781841494777,None,None,None
2850434,63781841494788,None,None,None
2850442,63781841494799,None,None,None
2850459,63781841494810,None,None,None
2850467,63781841494821,None,None,None
2850475,63781841494833,None,None,None
2850492,63781841494844,None,None,None
2850500,63781841494855,None,None,None
2850509,63781841494866,None,None,None
2850525,63781841494877,None,None,None
2850534,63781841494888,None,None,None
2850542,63781841494899,None,None,None
2850550,63781841494910,None,None,None
2850567,63781841494921,None,None,None
2850575,63781841494933,None,None,None
2850584,63781841494943,None,None,None
2850600,63781841494955,None,None,None
2850609,63781841494966,None,None,None
2850617,63781841494977,99_Bahnsteig_PF,99_Bahnsteig_PF,99_Bahnsteig_PF
2850634,63781841494988,99_Bahnsteig_PF,None,None
2850642,63781841494999,99_Bahnsteig_PF,99_Bahnsteig_PF,99_Bahnsteig_PF
2850650,63781841495010,99_Bahnsteig_PF,99_Bahnsteig_PF,99_Bahnsteig_PF
2850667,63781841495021,None,None,None
2850675,63781841495032,None,None,None
2850692,63781841495043,None,None,None
2850700,63781841495054,None,None,None
2850708,63781841495065,None,None,None
2850725,63781841495077,None,None,None
2850733,63781841495088,None,None,None
2850742,63781841495099,None,None,None
2850758,63781841495110,None,None,None
2850767,63781841495121,None,None,None
2850775,63781841495132,None,None,None
2850792,63781841495143,None,None,None
2850800,63781841495154,None,None,None
2850808,63781841495165,None,None,None
2850825,63781841495176,None,None,None
2850833,63781841495188,None,None,None
2850842,63781841495199,None,None,None
2850850,63781841495210,None,None,None
2850867,63781841495221,None,None,None
2850875,63781841495232,None,None,None
2850883,63781841495243,99_Bahnsteig_PF,99_Bahnsteig_PF,99_Bahnsteig_PF
2850900,63781841495254,99_Bahnsteig_PF,99_Bahnsteig_PF,99_Bahnsteig_PF
2850908,63781841495266,99_Bahnsteig_PF,99_Bahnsteig_PF,99_Bahnsteig_PF
2850925,63781841495277,99_Bahnsteig_PF,99_Bahnsteig_PF,99_Bahnsteig_PF
2850933,63781841495288,99_Bahnsteig_PF,99_Bahnsteig_PF,99_Bahnsteig_PF
2850942,63781841495299,99_Bahnsteig_PF,99_Bahnsteig_PF,99_Bahnsteig_PF
2850950,63781841495310,99_Bahnsteig_PF,99_Bahnsteig_PF,99_Bahnsteig_PF
2850967,63781841495321,99_Bahnsteig_PF,99_Bahnsteig_PF,99_Bahnsteig_PF
2850975,63781841495332,99_Bahnsteig_PF,99_Bahnsteig_PF,99_Bahnsteig_PF
2850983,63781841495343,99_Bahnsteig_PF,99_Bahnsteig_PF,99_Bahnsteig_PF
2851000,63781841495354,99_Bahnsteig_PF,99_Bahnsteig_PF,99_Bahnsteig_PF
2851008,63781841495365,99_Bahnsteig_PF,99_Bahnsteig_PF,99_Bahnsteig_PF
2851017,63781841495376,99_Bahnsteig_PF,99_Bahnsteig_PF,99_Bahnsteig_PF
2851033,63781841495388,99_Bahnsteig_PF,99_Bahnsteig_PF,99_Bahnsteig_PF
2851042,63781841495399,99_Bahnsteig_PF,99_Bahnsteig_PF,99_Bahnsteig_PF
2851050,63781841495409,99_Bahnsteig_PF,99_Bahnsteig_PF,99_Bahnsteig_PF
2851067,63781841495421,99_Bahnsteig_PF,99_Bahnsteig_PF,99_Bahnsteig_PF
2851075,63781841495432,99_Bahnsteig_PF,99_Bahnsteig_PF,99_Bahnsteig_PF
2851083,63781841495443,99_Bahnsteig_PF,99_Bahnsteig_PF,99_Bahnsteig_PF
2851100,63781841495454,99_Bahnsteig_PF,99_Bahnsteig_PF,99_Bahnsteig_PF
2851108,63781841495465,99_Bahnsteig_PF,99_Bahnsteig_PF,99_Bahnsteig_PF
2851117,63781841495476,99_Bahnsteig_PF,99_Bahnsteig_PF,99_Bahnsteig_PF
2851133,63781841495487,None,99_Bahnsteig_PF,99_Bahnsteig_PF
2851142,63781841495498,None,99_Bahnsteig_PF,99_Bahnsteig_PF
2851158,63781841495510,None,None,None
2851167,63781841495521,None,None,None
2851175,63781841495532,None,None,None
2851192,63781841495543,None,None,None
2851200,63781841495554,None,None,None
2851208,63781841495565,None,None,None
2851225,63781841495576,None,None,None
2851233,63781841495587,None,None,None
2851242,63781841495598,None,None,None
2851258,63781841495609,None,None,None
2851267,63781841495622,None,None,None
2851275,63781841495632,None,None,None
2851292,63781841495643,None,None,None
2851300,63781841495654,None,None,None
2851308,63781841495665,None,None,None
2851325,63781841495677,None,None,None
2851333,63781841495688,None,None,None
2851342,63781841495699,None,None,None
2851350,63781841495710,None,None,None
2851367,63781841495722,None,None,None
2851375,63781841495732,99_Bahnsteig_PF,99_Bahnsteig_PF,99_Bahnsteig_PF
2851383,63781841495743,99_Bahnsteig_PF,99_Bahnsteig_PF,99_Bahnsteig_PF
2851400,63781841495754,99_Bahnsteig_PF,99_Bahnsteig_PF,99_Bahnsteig_PF
2851408,63781841495766,99_Bahnsteig_PF,99_Bahnsteig_PF,99_Bahnsteig_PF
2851417,63781841495776,99_Bahnsteig_PF,99_Bahnsteig_PF,99_Bahnsteig_PF
2851433,63781841495788,99_Bahnsteig_PF,99_Bahnsteig_PF,99_Bahnsteig_PF
2851442,63781841495799,99_Bahnsteig_PF,99_Bahnsteig_PF,99_Bahnsteig_PF
2851450,63781841495810,99_Bahnsteig_PF,99_Bahnsteig_PF,99_Bahnsteig_PF
2851467,63781841495821,99_Bahnsteig_PF,99_Bahnsteig_PF,99_Bahnsteig_PF
2851475,63781841495832,99_Bahnsteig_PF,99_Bahnsteig_PF,99_Bahnsteig_PF
2851483,63781841495843,99_Bahnsteig_PF,99_Bahnsteig_PF,99_Bahnsteig_PF
2851500,63781841495855,99_Bahnsteig_PF,99_Bahnsteig_PF,99_Bahnsteig_PF
2851508,63781841495865,99_Bahnsteig_PF,99_Bahnsteig_PF,99_Bahnsteig_PF
2851517,63781841495877,99_Bahnsteig_PF,99_Bahnsteig_PF,99_Bahnsteig_PF
2851533,63781841495888,99_Bahnsteig_PF,99_Bahnsteig_PF,99_Bahnsteig_PF
2851542,63781841495899,99_Bahnsteig_PF,99_Bahnsteig_PF,99_Bahnsteig_PF
2851550,63781841495910,99_Bahnsteig_PF,99_Bahnsteig_PF,99_Bahnsteig_PF
2851567,63781841495921,99_Bahnsteig_PF,99_Bahnsteig_PF,99_Bahnsteig_PF
2851575,63781841495932,99_Bahnsteig_PF,99_Bahnsteig_PF,99_Bahnsteig_PF
2851583,63781841495943,99_Bahnsteig_PF,99_Bahnsteig_PF,99_Bahnsteig_PF
2851600,63781841495954,99_Bahnsteig_PF,99_Bahnsteig_PF,99_Bahnsteig_PF
2851608,63781841495966,99_Bahnsteig_PF,99_Bahnsteig_PF,99_Bahnsteig_PF
2851617,63781841495976,99_Bahnsteig_PF,99_Bahnsteig_PF,99_Bahnsteig_PF
2851633,63781841495987,99_Bahnsteig_PF,99_Bahnsteig_PF,99_Bahnsteig_PF
2851642,63781841495999,99_Bahnsteig_PF,99_Bahnsteig_PF,99_Bahnsteig_PF
2851650,63781841496009,99_Bahnsteig_PF,99_Bahnsteig_PF,99_Bahnsteig_PF
2851667,63781841496021,99_Bahnsteig_PF,99_Bahnsteig_PF,99_Bahnsteig_PF
2851675,63781841496032,99_Bahnsteig_PF,99_Bahnsteig_PF,99_Bahnsteig_PF
2851683,63781841496043,None,None,None
2851700,63781841496054,99_Bahnsteig_PF,99_Bahnsteig_PF,99_Bahnsteig_PF
2851708,63781841496065,99_Bahnsteig_PF,99_Bahnsteig_PF,99_Bahnsteig_PF
2851717,63781841496076,99_Bahnsteig_PF,99_Bahnsteig_PF,99_Bahnsteig_PF
2851733,63781841496088,99_Bahnsteig_PF,99_Bahnsteig_PF,99_Bahnsteig_PF
2851742,63781841496099,99_Bahnsteig_PF,99_Bahnsteig_PF,99_Bahnsteig_PF
2851750,63781841496110,99_Bahnsteig_PF,99_Bahnsteig_PF,99_Bahnsteig_PF
2851767,63781841496121,99_Bahnsteig_PF,99_Bahnsteig_PF,99_Bahnsteig_PF
2851775,63781841496132,99_Bahnsteig_PF,99_Bahnsteig_PF,99_Bahnsteig_PF
2851783,63781841496143,99_Bahnsteig_PF,99_Bahnsteig_PF,99_Bahnsteig_PF
2851800,63781841496154,99_Bahnsteig_PF,99_Bahnsteig_PF,99_Bahnsteig_PF
2851808,63781841496165,99_Bahnsteig_PF,99_Bahnsteig_PF,99_Bahnsteig_PF
2851817,63781841496176,99_Bahnsteig_PF,99_Bahnsteig_PF,99_Bahnsteig_PF
2851833,63781841496187,99_Bahnsteig_PF,99_Bahnsteig_PF,99_Bahnsteig_PF
2851842,63781841496199,99_Bahnsteig_PF,99_Bahnsteig_PF,99_Bahnsteig_PF
2851850,63781841496210,99_Bahnsteig_PF,99_Bahnsteig_PF,99_Bahnsteig_PF
2851867,63781841496221,99_Bahnsteig_PF,99_Bahnsteig_PF,99_Bahnsteig_PF
2851875,63781841496232,99_Bahnsteig_PF,99_Bahnsteig_PF,99_Bahnsteig_PF
2851883,63781841496243,99_Bahnsteig_PF,99_Bahnsteig_PF,99_Bahnsteig_PF
2851900,63781841496254,99_Bahnsteig_PF,99_Bahnsteig_PF,99_Bahnsteig_PF
2851908,63781841496265,99_Bahnsteig_PF,99_Bahnsteig_PF,99_Bahnsteig_PF
2851917,63781841496276,99_Bahnsteig_PF,99_Bahnsteig_PF,99_Bahnsteig_PF
2851933,63781841496287,99_Bahnsteig_PF,99_Bahnsteig_PF,99_Bahnsteig_PF
2851942,63781841496299,99_Bahnsteig_PF,99_Bahnsteig_PF,99_Bahnsteig_PF
2851958,63781841496310,99_Bahnsteig_PF,99_Bahnsteig_PF,99_Bahnsteig_PF
2851967,63781841496321,99_Bahnsteig_PF,99_Bahnsteig_PF,99_Bahnsteig_PF
2851975,63781841496332,99_Bahnsteig_PF,99_Bahnsteig_PF,99_Bahnsteig_PF
2851983,63781841496343,99_Bahnsteig_PF,99_Bahnsteig_PF,99_Bahnsteig_PF
2852000,63781841496354,99_Bahnsteig_PF,99_Bahnsteig_PF,99_Bahnsteig_PF
2852008,63781841496365,99_Bahnsteig_PF,99_Bahnsteig_PF,99_Bahnsteig_PF
2852017,63781841496376,99_Bahnsteig_PF,99_Bahnsteig_PF,99_Bahnsteig_PF
2852033,63781841496387,99_Bahnsteig_PF,99_Bahnsteig_PF,99_Bahnsteig_PF
2852042,63781841496398,99_Bahnsteig_PF,99_Bahnsteig_PF,99_Bahnsteig_PF
2852050,63781841496410,99_Bahnsteig_PF,99_Bahnsteig_PF,99_Bahnsteig_PF
2852067,63781841496421,99_Bahnsteig_PF,99_Bahnsteig_PF,99_Bahnsteig_PF
2852075,63781841496432,99_Bahnsteig_PF,99_Bahnsteig_PF,99_Bahnsteig_PF
2852083,63781841496443,99_Bahnsteig_PF,99_Bahnsteig_PF,99_Bahnsteig_PF
2852100,63781841496454,99_Bahnsteig_PF,99_Bahnsteig_PF,99_Bahnsteig_PF
2852108,63781841496465,99_Bahnsteig_PF,99_Bahnsteig_PF,99_Bahnsteig_PF
2852117,63781841496476,99_Bahnsteig_PF,99_Bahnsteig_PF,99_Bahnsteig_PF
2852133,63781841496487,99_Bahnsteig_PF,99_Bahnsteig_PF,99_Bahnsteig_PF
2852142,63781841496498,99_Bahnsteig_PF,99_Bahnsteig_PF,99_Bahnsteig_PF
2852150,63781841496510,99_Bahnsteig_PF,99_Bahnsteig_PF,99_Bahnsteig_PF
2852167,63781841496521,99_Bahnsteig_PF,99_Bahnsteig_PF,99_Bahnsteig_PF
2852175,63781841496532,99_Bahnsteig_PF,99_Bahnsteig_PF,99_Bahnsteig_PF
2852183,63781841496543,99_Bahnsteig_PF,99_Bahnsteig_PF,99_Bahnsteig_PF
2852200,63781841496554,99_Bahnsteig_PF,99_Bahnsteig_PF,99_Bahnsteig_PF
2852208,63781841496565,99_Bahnsteig_PF,99_Bahnsteig_PF,99_Bahnsteig_PF
2852217,63781841496576,99_Bahnsteig_PF,99_Bahnsteig_PF,99_Bahnsteig_PF
2852233,63781841496587,99_Bahnsteig_PF,99_Bahnsteig_PF,99_Bahnsteig_PF
2852242,63781841496598,99_Bahnsteig_PF,99_Bahnsteig_PF,99_Bahnsteig_PF
2852250,63781841496609,99_Bahnsteig_PF,99_Bahnsteig_PF,99_Bahnsteig_PF
2852267,63781841496620,99_Bahnsteig_PF,99_Bahnsteig_PF,99_Bahnsteig_PF
2852275,63781841496632,99_Bahnsteig_PF,99_Bahnsteig_PF,99_Bahnsteig_PF
2852283,63781841496642,99_Bahnsteig_PF,99_Bahnsteig_PF,99_Bahnsteig_PF
2852300,63781841496654,99_Bahnsteig_PF,99_Bahnsteig_PF,99_Bahnsteig_PF
2852308,63781841496665,99_Bahnsteig_PF,99_Bahnsteig_PF,99_Bahnsteig_PF
2852317,63781841496676,99_Bahnsteig_PF,99_Bahnsteig_PF,99_Bahnsteig_PF
2852333,63781841496687,99_Bahnsteig_PF,99_Bahnsteig_PF,99_Bahnsteig_PF
2852342,63781841496698,99_Bahnsteig_PF,99_Bahnsteig_PF,99_Bahnsteig_PF
2852350,63781841496709,99_Bahnsteig_PF,99_Bahnsteig_PF,99_Bahnsteig_PF
2852367,63781841496720,99_Bahnsteig_PF,99_Bahnsteig_PF,99_Bahnsteig_PF
2852375,63781841496732,99_Bahnsteig_PF,99_Bahnsteig_PF,99_Bahnsteig_PF
2852383,63781841496743,99_Bahnsteig_PF,99_Bahnsteig_PF,99_Bahnsteig_PF
2852400,63781841496754,99_Bahnsteig_PF,99_Bahnsteig_PF,99_Bahnsteig_PF
2852408,63781841496765,99_Bahnsteig_PF,99_Bahnsteig_PF,99_Bahnsteig_PF
2852417,63781841496776,99_Bahnsteig_PF,99_Bahnsteig_PF,99_Bahnsteig_PF
2852433,63781841496787,99_Bahnsteig_PF,99_Bahnsteig_PF,99_Bahnsteig_PF
2852442,63781841496798,99_Bahnsteig_PF,99_Bahnsteig_PF,99_Bahnsteig_PF
2852450,63781841496809,99_Bahnsteig_PF,99_Bahnsteig_PF,99_Bahnsteig_PF
2852466,63781841496821,99_Bahnsteig_PF,99_Bahnsteig_PF,99_Bahnsteig_PF
2852475,63781841496831,99_Bahnsteig_PF,99_Bahnsteig_PF,99_Bahnsteig_PF
2852483,63781841496842,99_Bahnsteig_PF,99_Bahnsteig_PF,99_Bahnsteig_PF
2852500,63781841496854,99_Bahnsteig_PF,99_Bahnsteig_PF,99_Bahnsteig_PF
2852508,63781841496865,99_Bahnsteig_PF,99_Bahnsteig_PF,99_Bahnsteig_PF
2852533,63781841496886,99_Bahnsteig_PF,99_Bahnsteig_PF,99_Bahnsteig_PF
2852533,63781841496891,99_Bahnsteig_PF,99_Bahnsteig_PF,99_Bahnsteig_PF
2852541,63781841496895,99_Bahnsteig_PF,99_Bahnsteig_PF,99_Bahnsteig_PF
2852550,63781841496904,99_Bahnsteig_PF,99_Bahnsteig_PF,99_Bahnsteig_PF
2852558,63781841496915,99_Bahnsteig_PF,99_Bahnsteig_PF,99_Bahnsteig_PF
2852566,63781841496926,99_Bahnsteig_PF,99_Bahnsteig_PF,99_Bahnsteig_PF
2852583,63781841496937,99_Bahnsteig_PF,99_Bahnsteig_PF,99_Bahnsteig_PF
2852591,63781841496948,99_Bahnsteig_PF,None,99_Bahnsteig_PF
2852608,63781841496959,None,None,None
2852616,63781841496971,None,None,None
2852625,63781841496982,None,None,None
2852641,63781841496993,None,None,None
2852650,63781841497004,None,None,None
2852658,63781841497015,None,None,None
2852675,63781841497026,None,None,None
2852683,63781841497038,None,None,None
2852691,63781841497048,None,None,None
2852708,63781841497060,None,None,None
2852716,63781841497071,None,None,None
2852725,63781841497082,None,None,None
2852741,63781841497093,None,None,None
2852750,63781841497104,None,None,None
2852758,63781841497115,None,None,None
2852775,63781841497126,None,None,None
2852783,63781841497137,None,None,None
2852791,63781841497148,None,None,None
2852808,63781841497159,None,None,None
2852816,63781841497171,None,None,None
2852825,63781841497182,None,None,None
2852833,63781841497193,None,None,None
2852850,63781841497204,None,None,None
2852858,63781841497215,None,None,None
2852866,63781841497226,99_Bahnsteig_PF,99_Bahnsteig_PF,99_Bahnsteig_PF
2852883,63781841497237,99_Bahnsteig_PF,99_Bahnsteig_PF,99_Bahnsteig_PF
2852891,63781841497248,99_Bahnsteig_PF,99_Bahnsteig_PF,99_Bahnsteig_PF
2852900,63781841497259,99_Bahnsteig_PF,99_Bahnsteig_PF,99_Bahnsteig_PF
2852916,63781841497271,99_Bahnsteig_PF,99_Bahnsteig_PF,99_Bahnsteig_PF
2852925,63781841497282,99_Bahnsteig_PF,99_Bahnsteig_PF,99_Bahnsteig_PF
2852933,63781841497293,99_Bahnsteig_PF,99_Bahnsteig_PF,99_Bahnsteig_PF
2852950,63781841497304,99_Bahnsteig_PF,99_Bahnsteig_PF,99_Bahnsteig_PF
2852958,63781841497315,99_Bahnsteig_PF,99_Bahnsteig_PF,99_Bahnsteig_PF
2852966,63781841497326,99_Bahnsteig_PF,99_Bahnsteig_PF,99_Bahnsteig_PF
2852983,63781841497338,99_Bahnsteig_PF,99_Bahnsteig_PF,99_Bahnsteig_PF
2852991,63781841497349,99_Bahnsteig_PF,99_Bahnsteig_PF,99_Bahnsteig_PF
2853008,63781841497360,99_Bahnsteig_PF,99_Bahnsteig_PF,99_Bahnsteig_PF
2853016,63781841497372,99_Bahnsteig_PF,99_Bahnsteig_PF,99_Bahnsteig_PF
2853025,63781841497384,99_Bahnsteig_PF,99_Bahnsteig_PF,99_Bahnsteig_PF
2853041,63781841497395,99_Bahnsteig_PF,99_Bahnsteig_PF,99_Bahnsteig_PF
2853050,63781841497406,99_Bahnsteig_PF,99_Bahnsteig_PF,99_Bahnsteig_PF
2853058,63781841497417,99_Bahnsteig_PF,99_Bahnsteig_PF,99_Bahnsteig_PF
2853075,63781841497429,99_Bahnsteig_PF,99_Bahnsteig_PF,99_Bahnsteig_PF
2853083,63781841497441,99_Bahnsteig_PF,99_Bahnsteig_PF,99_Bahnsteig_PF
2853100,63781841497452,99_Bahnsteig_PF,99_Bahnsteig_PF,99_Bahnsteig_PF
2853108,63781841497464,99_Bahnsteig_PF,99_Bahnsteig_PF,99_Bahnsteig_PF
2853116,63781841497474,99_Bahnsteig_PF,99_Bahnsteig_PF,99_Bahnsteig_PF
2853133,63781841497486,99_Bahnsteig_PF,99_Bahnsteig_PF,99_Bahnsteig_PF
2853141,63781841497498,99_Bahnsteig_PF,99_Bahnsteig_PF,99_Bahnsteig_PF
2853150,63781841497509,99_Bahnsteig_PF,99_Bahnsteig_PF,99_Bahnsteig_PF
2853166,63781841497520,99_Bahnsteig_PF,99_Bahnsteig_PF,99_Bahnsteig_PF
2853175,63781841497531,99_Bahnsteig_PF,99_Bahnsteig_PF,99_Bahnsteig_PF
2853183,63781841497542,99_Bahnsteig_PF,99_Bahnsteig_PF,99_Bahnsteig_PF
2853200,63781841497553,99_Bahnsteig_PF,99_Bahnsteig_PF,99_Bahnsteig_PF
2853208,63781841497564,99_Bahnsteig_PF,99_Bahnsteig_PF,99_Bahnsteig_PF
2853216,63781841497575,99_Bahnsteig_PF,99_Bahnsteig_PF,99_Bahnsteig_PF
2853233,63781841497586,99_Bahnsteig_PF,99_Bahnsteig_PF,99_Bahnsteig_PF
2853241,63781841497598,99_Bahnsteig_PF,99_Bahnsteig_PF,99_Bahnsteig_PF
2853250,63781841497609,99_Bahnsteig_PF,99_Bahnsteig_PF,99_Bahnsteig_PF
2853266,63781841497620,99_Bahnsteig_PF,99_Bahnsteig_PF,99_Bahnsteig_PF
2853275,63781841497631,99_Bahnsteig_PF,99_Bahnsteig_PF,99_Bahnsteig_PF
2853283,63781841497642,99_Bahnsteig_PF,99_Bahnsteig_PF,99_Bahnsteig_PF
2853300,63781841497653,99_Bahnsteig_PF,99_Bahnsteig_PF,99_Bahnsteig_PF
2853308,63781841497664,99_Bahnsteig_PF,99_Bahnsteig_PF,99_Bahnsteig_PF
2853316,63781841497675,99_Bahnsteig_PF,99_Bahnsteig_PF,99_Bahnsteig_PF
2853333,63781841497687,99_Bahnsteig_PF,99_Bahnsteig_PF,99_Bahnsteig_PF
2853341,63781841497697,99_Bahnsteig_PF,99_Bahnsteig_PF,99_Bahnsteig_PF
2853350,63781841497709,99_Bahnsteig_PF,99_Bahnsteig_PF,99_Bahnsteig_PF
2853366,63781841497720,99_Bahnsteig_PF,99_Bahnsteig_PF,99_Bahnsteig_PF
2853375,63781841497731,99_Bahnsteig_PF,99_Bahnsteig_PF,99_Bahnsteig_PF
2853383,63781841497742,99_Bahnsteig_PF,99_Bahnsteig_PF,99_Bahnsteig_PF
2853400,63781841497753,99_Bahnsteig_PF,99_Bahnsteig_PF,99_Bahnsteig_PF
2853408,63781841497764,99_Bahnsteig_PF,99_Bahnsteig_PF,99_Bahnsteig_PF
2853416,63781841497775,99_Bahnsteig_PF,99_Bahnsteig_PF,99_Bahnsteig_PF
2853433,63781841497787,99_Bahnsteig_PF,99_Bahnsteig_PF,99_Bahnsteig_PF
2853441,63781841497797,99_Bahnsteig_PF,99_Bahnsteig_PF,99_Bahnsteig_PF
2853450,63781841497808,99_Bahnsteig_PF,99_Bahnsteig_PF,99_Bahnsteig_PF
2853466,63781841497819,99_Bahnsteig_PF,99_Bahnsteig_PF,99_Bahnsteig_PF
2853475,63781841497831,99_Bahnsteig_PF,99_Bahnsteig_PF,99_Bahnsteig_PF
2853483,63781841497842,99_Bahnsteig_PF,99_Bahnsteig_PF,99_Bahnsteig_PF
2853500,63781841497853,99_Bahnsteig_PF,99_Bahnsteig_PF,99_Bahnsteig_PF
2853508,63781841497864,99_Bahnsteig_PF,99_Bahnsteig_PF,99_Bahnsteig_PF
2853516,63781841497875,99_Bahnsteig_PF,99_Bahnsteig_PF,99_Bahnsteig_PF
2853533,63781841497886,99_Bahnsteig_PF,99_Bahnsteig_PF,99_Bahnsteig_PF
2853541,63781841497897,99_Bahnsteig_PF,99_Bahnsteig_PF,99_Bahnsteig_PF
2853550,63781841497909,99_Bahnsteig_PF,99_Bahnsteig_PF,99_Bahnsteig_PF
2853566,63781841497920,99_Bahnsteig_PF,99_Bahnsteig_PF,99_Bahnsteig_PF
2853575,63781841497931,99_Bahnsteig_PF,99_Bahnsteig_PF,99_Bahnsteig_PF
2853583,63781841497942,None,99_Bahnsteig_PF,99_Bahnsteig_PF
2853600,63781841497953,None,None,None
2853608,63781841497964,None,None,None
2853625,63781841497975,None,None,None
2853633,63781841497986,None,None,None
2853641,63781841497997,None,None,None
2853658,63781841498008,None,None,None
2853666,63781841498019,None,None,None
2853675,63781841498031,None,None,None
2853691,63781841498042,None,None,None
2853700,63781841498053,None,None,None
2853708,63781841498064,None,None,None
2853725,63781841498075,None,None,None
2853733,63781841498086,None,None,None
2853741,63781841498097,None,None,None
2853758,63781841498108,None,None,None
2853766,63781841498119,None,None,None
2853775,63781841498130,None,None,None
2853791,63781841498142,None,None,None
2853800,63781841498153,None,None,None
2853808,63781841498164,None,None,None
2853816,63781841498175,None,None,None
2853833,63781841498186,None,None,None
2853841,63781841498197,None,None,None
2853850,63781841498209,None,None,None
2853866,63781841498220,None,None,None
2853875,63781841498231,None,None,None
2853883,63781841498241,None,None,None
2853900,63781841498253,None,None,None
2853908,63781841498264,None,None,None
2853916,63781841498275,None,None,None
2853933,63781841498286,None,None,None
2853941,63781841498297,None,None,None
2853950,63781841498308,None,None,None
2853966,63781841498319,None,None,None
2853975,63781841498330,None,None,None
2853983,63781841498342,None,None,None
2853999,63781841498353,None,None,None
2854008,63781841498364,None,None,None
2854016,63781841498376,None,None,None
2854033,63781841498386,None,None,None
2854041,63781841498397,None,None,None
2854049,63781841498408,None,None,None
2854066,63781841498419,None,None,None
2854074,63781841498430,None,None,None
2854083,63781841498441,None,None,None
2854099,63781841498453,None,None,None
2854108,63781841498464,None,None,None
2854116,63781841498475,None,None,None
2854133,63781841498486,None,None,None
2854141,63781841498497,None,None,None
2854149,63781841498509,None,None,None
2854166,63781841498519,None,None,None
2854174,63781841498531,None,None,None
2854183,63781841498542,None,None,None
2854199,63781841498552,None,None,None
2854208,63781841498564,None,None,None
2854216,63781841498575,None,None,None
2854233,63781841498586,None,None,None
2854241,63781841498597,None,None,None
2854249,63781841498608,None,None,None
2854266,63781841498619,None,None,None
2854274,63781841498630,None,None,None
2854283,63781841498641,None,None,None
2854299,63781841498652,None,None,None
2854308,63781841498664,None,None,None
2854316,63781841498675,None,None,None
2854333,63781841498686,None,None,None
2854341,63781841498697,None,None,None
2854349,63781841498708,None,None,None
2854366,63781841498720,None,None,None
2854374,63781841498730,None,None,None
2854383,63781841498741,None,None,None
2854399,63781841498752,None,None,None
2854408,63781841498764,None,None,None
2854416,63781841498775,None,None,None
2854433,63781841498786,None,None,None
2854441,63781841498797,None,None,None
2854449,63781841498808,None,None,None
2854466,63781841498819,None,None,None
2854474,63781841498830,None,None,None
2854483,63781841498841,None,None,None
2854499,63781841498852,None,None,None
2854508,63781841498864,None,None,None
2854516,63781841498874,None,None,None
2854533,63781841498885,None,None,None
2854541,63781841498897,None,None,None
2854549,63781841498908,None,None,None
2854566,63781841498919,None,None,None
2854574,63781841498930,None,None,None
2854583,63781841498941,None,None,None
2854599,63781841498952,None,None,None
2854608,63781841498964,None,None,None
2854616,63781841498974,None,None,None
2854633,63781841498986,None,None,None
2854641,63781841498997,None,None,None
2854649,63781841499008,None,None,None
2854666,63781841499019,None,None,None
2854674,63781841499030,None,None,None
2854683,63781841499041,None,None,None
2854699,63781841499052,None,None,None
2854708,63781841499064,None,None,None
2854716,63781841499074,None,None,None
2854733,63781841499086,None,None,None
2854741,63781841499097,None,None,None
2854749,63781841499108,None,None,None
2854766,63781841499119,None,None,None
2854774,63781841499130,None,None,None
2854783,63781841499141,None,None,None
2854799,63781841499152,None,None,None
2854808,63781841499164,None,None,None
2854816,63781841499174,None,None,None
2854833,63781841499186,None,None,None
2854841,63781841499196,None,None,None
2854849,63781841499208,None,None,None
2854866,63781841499219,None,None,None
2854874,63781841499230,None,None,None
2854883,63781841499241,None,None,None
2854899,63781841499252,None,None,None
2854908,63781841499263,None,None,None
2854916,63781841499274,None,None,None
2854933,63781841499286,None,None,None
2854941,63781841499297,None,None,None
2854949,63781841499309,None,None,None
2854966,63781841499320,None,None,None
2854974,63781841499331,None,None,None
2854983,63781841499342,None,None,None
2854999,63781841499353,None,None,None
2855008,63781841499364,None,None,None
2855016,63781841499375,None,None,None
2855033,63781841499387,None,None,None
2855041,63781841499397,None,None,None
2855049,63781841499409,None,None,None
2855066,63781841499420,None,None,None
2855074,63781841499431,None,None,None
2855083,63781841499442,None,None,None
2855099,63781841499453,None,None,None
2855108,63781841499465,None,None,None
2855116,63781841499475,None,None,None
2855133,63781841499487,None,None,None
2855141,63781841499497,None,None,None
2855149,63781841499508,None,None,None
2855166,63781841499520,None,None,None
2855174,63781841499531,None,None,None
2855183,63781841499542,None,None,None
2855199,63781841499553,None,None,None
2855208,63781841499564,None,None,None
2855216,63781841499575,None,None,None
2855233,63781841499586,None,None,None
2855241,63781841499597,None,None,None
2855249,63781841499609,None,None,None
2855266,63781841499620,None,None,None
2855274,63781841499631,None,None,None
2855283,63781841499642,None,None,None
2855299,63781841499653,None,None,None
2855308,63781841499664,None,None,None
2855316,63781841499675,None,None,None
2855333,63781841499686,None,None,None
2855341,63781841499697,None,None,None
2855349,63781841499708,None,None,None
2855366,63781841499719,None,None,None
2855374,63781841499731,None,None,None
2855383,63781841499742,None,None,None
2855399,63781841499753,None,None,None
2855408,63781841499764,None,None,None
2855416,63781841499775,None,None,None
2855433,63781841499786,None,None,None
2855441,63781841499797,None,None,None
2855449,63781841499808,None,None,None
2855466,63781841499819,None,None,None
2855474,63781841499831,None,None,None
2855483,63781841499842,None,None,None
2855499,63781841499853,None,None,None
2855508,63781841499864,None,None,None
2855516,63781841499875,None,None,None
2855533,63781841499886,None,None,None
2855541,63781841499897,None,None,None
2855549,63781841499908,None,None,None
2855566,63781841499920,None,None,None
2855574,63781841499931,None,None,None
2855583,63781841499941,None,None,None
2855599,63781841499953,None,None,None
2855608,63781841499964,None,None,None
2855616,63781841499975,None,None,None
2855633,63781841499986,None,None,None
2855641,63781841499997,None,None,None
2855649,63781841500008,None,None,None
2855666,63781841500019,None,None,None
2855674,63781841500030,None,None,None
2855682,63781841500041,None,None,None
2855699,63781841500053,None,None,None
2855707,63781841500064,None,None,None
2855716,63781841500075,None,None,None
2855732,63781841500086,None,None,None
2855741,63781841500097,None,None,None
2855749,63781841500108,None,None,None
2855766,63781841500119,None,None,None
2855774,63781841500130,None,None,None
2855782,63781841500141,None,None,None
2855799,63781841500152,None,None,None
2855807,63781841500164,None,None,None
2855816,63781841500175,None,None,None
2855841,63781841500197,None,None,None
2855849,63781841500205,None,None,None
2855849,63781841500209,None,None,None
2855857,63781841500214,None,None,None
2855866,63781841500225,None,None,None
2855882,63781841500236,None,None,None
2855891,63781841500248,None,None,None
2855899,63781841500258,None,None,None
2855916,63781841500270,None,None,None
2855924,63781841500281,None,None,None
2855932,63781841500292,None,None,None
2855949,63781841500303,None,None,None
2855957,63781841500314,None,None,None
2855966,63781841500325,None,None,None
2855982,63781841500336,None,None,None
2855991,63781841500348,None,None,None
2855999,63781841500358,None,None,None
2856016,63781841500370,None,None,None
2856024,63781841500380,None,None,None
2856032,63781841500392,None,None,None
2856049,63781841500403,None,None,None
2856057,63781841500414,None,None,None
2856066,63781841500425,None,None,None
2856082,63781841500437,None,None,None
2856091,63781841500447,None,None,None
2856099,63781841500458,None,None,None
2856116,63781841500470,None,None,None
2856124,63781841500481,None,None,None
2856132,63781841500492,None,None,None
2856149,63781841500503,None,None,None
2856157,63781841500514,None,None,None
2856166,63781841500525,None,None,None
2856182,63781841500536,None,None,None
2856191,63781841500548,None,None,None
2856199,63781841500558,None,None,None
2856216,63781841500569,None,None,None
2856224,63781841500580,None,None,None
2856241,63781841500592,None,None,None
2856249,63781841500603,None,None,None
2856257,63781841500614,None,None,None
2856274,63781841500625,None,None,None
2856282,63781841500637,None,None,None
2856291,63781841500648,None,None,None
2856307,63781841500660,None,None,None
2856316,63781841500671,None,None,None
2856324,63781841500683,None,None,None
2856341,63781841500694,None,None,None
2856349,63781841500705,None,None,None
2856357,63781841500717,None,None,None
2856374,63781841500728,None,None,None
2856382,63781841500739,None,None,None
2856391,63781841500751,None,None,None
2856407,63781841500762,None,None,None
2856416,63781841500774,None,None,None
2856432,63781841500786,None,None,None
2856441,63781841500796,None,None,None
2856449,63781841500808,None,None,None
2856466,63781841500819,None,None,None
2856474,63781841500830,None,None,None
2856482,63781841500841,None,None,None
2856499,63781841500852,None,None,None
2856507,63781841500864,None,None,None
2856516,63781841500874,None,None,None
2856532,63781841500885,None,None,None
2856541,63781841500897,None,None,None
2856549,63781841500908,None,None,None
2856566,63781841500919,None,None,None
2856574,63781841500930,None,None,None
2856582,63781841500941,None,None,None
2856599,63781841500952,None,None,None
2856607,63781841500963,None,None,None
2856616,63781841500974,None,None,None
2856632,63781841500986,None,None,None
2856641,63781841500996,None,None,None
2856649,63781841501008,None,None,None
2856666,63781841501019,None,None,None
2856674,63781841501030,None,None,None
2856682,63781841501041,None,None,None
2856699,63781841501052,None,None,None
2856707,63781841501063,None,None,None
2856724,63781841501074,None,None,None
2856732,63781841501085,None,None,None
2856741,63781841501096,None,None,None
2856749,63781841501107,None,None,None
2856766,63781841501119,None,None,None
2856774,63781841501130,None,None,None
2856791,63781841501141,None,None,None
2856799,63781841501152,None,None,None
2856807,63781841501163,None,None,None
2856816,63781841501175,None,None,None
2856832,63781841501185,None,None,None
2856841,63781841501196,None,None,None
2856849,63781841501207,None,None,None
2856866,63781841501219,None,None,None
2856874,63781841501230,99_Bahnsteig_PF,99_Bahnsteig_PF,99_Bahnsteig_PF
2856882,63781841501241,99_Bahnsteig_PF,99_Bahnsteig_PF,99_Bahnsteig_PF
2856899,63781841501252,99_Bahnsteig_PF,99_Bahnsteig_PF,99_Bahnsteig_PF
2856907,63781841501263,99_Bahnsteig_PF,99_Bahnsteig_PF,99_Bahnsteig_PF
2856916,63781841501274,99_Bahnsteig_PF,99_Bahnsteig_PF,99_Bahnsteig_PF
2856932,63781841501285,99_Bahnsteig_PF,99_Bahnsteig_PF,99_Bahnsteig_PF
2856941,63781841501296,99_Bahnsteig_PF,99_Bahnsteig_PF,99_Bahnsteig_PF
2856949,63781841501307,99_Bahnsteig_PF,None,99_Bahnsteig_PF
2856966,63781841501319,99_Bahnsteig_PF,None,99_Bahnsteig_PF
2856974,63781841501330,99_Bahnsteig_PF,None,99_Bahnsteig_PF
2856982,63781841501341,99_Bahnsteig_PF,99_Bahnsteig_PF,99_Bahnsteig_PF
2856999,63781841501352,None,99_Bahnsteig_PF,99_Bahnsteig_PF
2857007,63781841501363,None,None,None
2857016,63781841501374,None,None,None
2857032,63781841501385,None,None,None
2857041,63781841501396,None,None,None
2857057,63781841501407,None,None,None
2857066,63781841501418,None,None,None
2857074,63781841501430,None,None,None
2857091,63781841501440,None,None,None
2857099,63781841501451,None,None,None
2857107,63781841501463,None,None,None
2857124,63781841501475,None,None,None
2857132,63781841501485,None,None,None
2857141,63781841501496,None,None,None
2857149,63781841501507,None,None,None
2857166,63781841501518,None,None,None
2857174,63781841501529,None,None,None
2857182,63781841501541,None,None,None
2857199,63781841501552,None,None,None
2857207,63781841501563,None,None,None
2857224,63781841501574,None,None,None
2857232,63781841501585,None,None,None
2857240,63781841501596,None,None,None
2857257,63781841501607,None,None,None
2857265,63781841501618,None,None,None
2857274,63781841501629,None,None,None
2857282,63781841501641,None,None,None
2857299,63781841501652,None,None,None
2857307,63781841501663,None,None,None
2857315,63781841501674,None,None,None
2857332,63781841501685,None,None,None
2857340,63781841501696,None,None,None
2857349,63781841501707,None,None,None
2857365,63781841501718,None,None,None
2857374,63781841501730,None,None,None
2857382,63781841501740,None,None,None
2857399,63781841501751,None,None,None
2857407,63781841501763,None,None,None
2857424,63781841501774,None,None,None
2857432,63781841501785,None,None,None
2857440,63781841501796,None,None,None
2857449,63781841501807,None,None,None
2857465,63781841501819,None,None,None
2857474,63781841501829,None,None,None
2857490,63781841501840,None,None,None
2857499,63781841501852,None,None,None
2857507,63781841501862,None,None,None
2857515,63781841501874,None,None,None
2857532,63781841501885,None,None,None
2857540,63781841501896,None,None,None
2857549,63781841501907,None,None,None
2857565,63781841501918,None,None,None
2857574,63781841501929,None,None,None
2857582,63781841501940,None,None,None
2857599,63781841501952,None,None,None
2857607,63781841501962,None,None,None
2857615,63781841501974,None,None,None
2857632,63781841501985,None,None,None
2857640,63781841501996,None,None,None
2857649,63781841502007,None,None,None
2857665,63781841502018,None,None,None
2857674,63781841502029,None,None,None
2857682,63781841502040,None,None,None
2857699,63781841502052,None,None,None
2857707,63781841502062,None,None,None
2857715,63781841502074,None,None,None
2857732,63781841502085,None,None,None
2857740,63781841502096,None,None,None
2857749,63781841502107,None,None,None
2857765,63781841502118,None,None,None
2857774,63781841502129,None,None,None
2857782,63781841502140,None,None,None
2857799,63781841502151,None,None,None
2857807,63781841502163,None,None,None
2857815,63781841502174,None,None,None
2857832,63781841502185,None,None,None
2857840,63781841502196,None,None,None
2857849,63781841502207,None,None,None
2857865,63781841502218,None,None,None
2857874,63781841502229,99_Bahnsteig_PF,99_Bahnsteig_PF,99_Bahnsteig_PF
2857882,63781841502240,99_Bahnsteig_PF,99_Bahnsteig_PF,99_Bahnsteig_PF
2857899,63781841502251,99_Bahnsteig_PF,99_Bahnsteig_PF,99_Bahnsteig_PF
2857907,63781841502263,99_Bahnsteig_PF,99_Bahnsteig_PF,99_Bahnsteig_PF
2857915,63781841502274,99_Bahnsteig_PF,99_Bahnsteig_PF,99_Bahnsteig_PF
2857932,63781841502285,99_Bahnsteig_PF,99_Bahnsteig_PF,99_Bahnsteig_PF
2857940,63781841502296,99_Bahnsteig_PF,99_Bahnsteig_PF,99_Bahnsteig_PF
2857949,63781841502307,99_Bahnsteig_PF,99_Bahnsteig_PF,99_Bahnsteig_PF
2857965,63781841502318,99_Bahnsteig_PF,99_Bahnsteig_PF,99_Bahnsteig_PF
2857974,63781841502329,99_Bahnsteig_PF,99_Bahnsteig_PF,99_Bahnsteig_PF
2857982,63781841502340,99_Bahnsteig_PF,99_Bahnsteig_PF,99_Bahnsteig_PF
2857999,63781841502351,99_Bahnsteig_PF,99_Bahnsteig_PF,99_Bahnsteig_PF
2858007,63781841502362,99_Bahnsteig_PF,99_Bahnsteig_PF,99_Bahnsteig_PF
2858015,63781841502373,99_Bahnsteig_PF,99_Bahnsteig_PF,99_Bahnsteig_PF
2858032,63781841502385,99_Bahnsteig_PF,99_Bahnsteig_PF,99_Bahnsteig_PF
2858040,63781841502396,99_Bahnsteig_PF,99_Bahnsteig_PF,99_Bahnsteig_PF
2858049,63781841502407,99_Bahnsteig_PF,99_Bahnsteig_PF,99_Bahnsteig_PF
2858065,63781841502418,99_Bahnsteig_PF,99_Bahnsteig_PF,99_Bahnsteig_PF
2858074,63781841502429,99_Bahnsteig_PF,99_Bahnsteig_PF,99_Bahnsteig_PF
2858082,63781841502440,99_Bahnsteig_PF,99_Bahnsteig_PF,99_Bahnsteig_PF
2858099,63781841502451,99_Bahnsteig_PF,99_Bahnsteig_PF,99_Bahnsteig_PF
2858107,63781841502462,99_Bahnsteig_PF,99_Bahnsteig_PF,99_Bahnsteig_PF
2858115,63781841502474,99_Bahnsteig_PF,99_Bahnsteig_PF,99_Bahnsteig_PF
2858132,63781841502484,99_Bahnsteig_PF,99_Bahnsteig_PF,99_Bahnsteig_PF
2858140,63781841502495,99_Bahnsteig_PF,99_Bahnsteig_PF,99_Bahnsteig_PF
2858149,63781841502507,99_Bahnsteig_PF,99_Bahnsteig_PF,99_Bahnsteig_PF
2858165,63781841502518,99_Bahnsteig_PF,99_Bahnsteig_PF,99_Bahnsteig_PF
2858174,63781841502529,99_Bahnsteig_PF,99_Bahnsteig_PF,99_Bahnsteig_PF
2858182,63781841502540,99_Bahnsteig_PF,99_Bahnsteig_PF,99_Bahnsteig_PF
2858199,63781841502551,99_Bahnsteig_PF,99_Bahnsteig_PF,99_Bahnsteig_PF
2858207,63781841502562,99_Bahnsteig_PF,99_Bahnsteig_PF,99_Bahnsteig_PF
2858215,63781841502573,99_Bahnsteig_PF,99_Bahnsteig_PF,99_Bahnsteig_PF
2858232,63781841502584,99_Bahnsteig_PF,99_Bahnsteig_PF,99_Bahnsteig_PF
2858240,63781841502595,99_Bahnsteig_PF,99_Bahnsteig_PF,99_Bahnsteig_PF
2858249,63781841502607,99_Bahnsteig_PF,99_Bahnsteig_PF,99_Bahnsteig_PF
2858265,63781841502618,99_Bahnsteig_PF,99_Bahnsteig_PF,99_Bahnsteig_PF
2858274,63781841502629,99_Bahnsteig_PF,99_Bahnsteig_PF,99_Bahnsteig_PF
2858282,63781841502640,99_Bahnsteig_PF,99_Bahnsteig_PF,99_Bahnsteig_PF
2858299,63781841502651,99_Bahnsteig_PF,99_Bahnsteig_PF,99_Bahnsteig_PF
2858307,63781841502662,99_Bahnsteig_PF,99_Bahnsteig_PF,99_Bahnsteig_PF
2858315,63781841502673,99_Bahnsteig_PF,99_Bahnsteig_PF,99_Bahnsteig_PF
2858332,63781841502684,99_Bahnsteig_PF,99_Bahnsteig_PF,99_Bahnsteig_PF
2858340,63781841502695,99_Bahnsteig_PF,99_Bahnsteig_PF,99_Bahnsteig_PF
2858349,63781841502707,99_Bahnsteig_PF,99_Bahnsteig_PF,99_Bahnsteig_PF
2858365,63781841502718,99_Bahnsteig_PF,99_Bahnsteig_PF,99_Bahnsteig_PF
2858374,63781841502729,99_Bahnsteig_PF,99_Bahnsteig_PF,99_Bahnsteig_PF
2858382,63781841502740,99_Bahnsteig_PF,99_Bahnsteig_PF,99_Bahnsteig_PF
2858399,63781841502751,99_Bahnsteig_PF,99_Bahnsteig_PF,99_Bahnsteig_PF
2858407,63781841502762,99_Bahnsteig_PF,99_Bahnsteig_PF,99_Bahnsteig_PF
2858415,63781841502773,99_Bahnsteig_PF,99_Bahnsteig_PF,99_Bahnsteig_PF
2858432,63781841502784,None,None,None
2858440,63781841502795,None,None,None
2858449,63781841502806,None,None,None
2858465,63781841502818,None,None,None
2858474,63781841502829,None,None,None
2858490,63781841502840,None,None,None
2858499,63781841502851,None,None,None
2858507,63781841502862,None,None,None
2858515,63781841502873,None,None,None
2858532,63781841502884,None,None,None
2858540,63781841502895,None,None,None
2858549,63781841502906,None,None,None
2858565,63781841502917,None,None,None
2858574,63781841502928,None,None,None
2858582,63781841502940,None,None,None
2858599,63781841502951,None,None,None
2858607,63781841502962,None,None,None
2858615,63781841502973,None,None,None
2858632,63781841502984,99_Bahnsteig_PF,99_Bahnsteig_PF,99_Bahnsteig_PF
2858640,63781841502995,99_Bahnsteig_PF,99_Bahnsteig_PF,99_Bahnsteig_PF
2858649,63781841503006,99_Bahnsteig_PF,99_Bahnsteig_PF,99_Bahnsteig_PF
2858665,63781841503017,99_Bahnsteig_PF,99_Bahnsteig_PF,99_Bahnsteig_PF
2858674,63781841503028,99_Bahnsteig_PF,99_Bahnsteig_PF,99_Bahnsteig_PF
2858682,63781841503040,99_Bahnsteig_PF,99_Bahnsteig_PF,99_Bahnsteig_PF
2858699,63781841503051,99_Bahnsteig_PF,99_Bahnsteig_PF,99_Bahnsteig_PF
2858707,63781841503066,99_Bahnsteig_PF,99_Bahnsteig_PF,99_Bahnsteig_PF
2858715,63781841503073,99_Bahnsteig_PF,99_Bahnsteig_PF,99_Bahnsteig_PF
2858724,63781841503082,99_Bahnsteig_PF,99_Bahnsteig_PF,99_Bahnsteig_PF
2858740,63781841503093,99_Bahnsteig_PF,99_Bahnsteig_PF,99_Bahnsteig_PF
2858749,63781841503104,99_Bahnsteig_PF,99_Bahnsteig_PF,99_Bahnsteig_PF
2858757,63781841503115,99_Bahnsteig_PF,99_Bahnsteig_PF,99_Bahnsteig_PF
2858774,63781841503126,99_Bahnsteig_PF,99_Bahnsteig_PF,99_Bahnsteig_PF
2858782,63781841503137,99_Bahnsteig_PF,99_Bahnsteig_PF,99_Bahnsteig_PF
2858790,63781841503148,99_Bahnsteig_PF,99_Bahnsteig_PF,99_Bahnsteig_PF
2858807,63781841503159,99_Bahnsteig_PF,99_Bahnsteig_PF,99_Bahnsteig_PF
2858815,63781841503171,99_Bahnsteig_PF,99_Bahnsteig_PF,99_Bahnsteig_PF
2858824,63781841503182,99_Bahnsteig_PF,99_Bahnsteig_PF,99_Bahnsteig_PF
2858840,63781841503193,99_Bahnsteig_PF,99_Bahnsteig_PF,99_Bahnsteig_PF
2858849,63781841503204,99_Bahnsteig_PF,99_Bahnsteig_PF,99_Bahnsteig_PF
2858857,63781841503215,99_Bahnsteig_PF,99_Bahnsteig_PF,99_Bahnsteig_PF
2858874,63781841503226,99_Bahnsteig_PF,99_Bahnsteig_PF,99_Bahnsteig_PF
2858882,63781841503237,99_Bahnsteig_PF,99_Bahnsteig_PF,99_Bahnsteig_PF
2858890,63781841503248,99_Bahnsteig_PF,99_Bahnsteig_PF,99_Bahnsteig_PF
2858907,63781841503260,99_Bahnsteig_PF,99_Bahnsteig_PF,99_Bahnsteig_PF
2858915,63781841503271,99_Bahnsteig_PF,99_Bahnsteig_PF,99_Bahnsteig_PF
2858924,63781841503282,99_Bahnsteig_PF,99_Bahnsteig_PF,99_Bahnsteig_PF
2858940,63781841503293,99_Bahnsteig_PF,99_Bahnsteig_PF,99_Bahnsteig_PF
2858948,63781841503304,99_Bahnsteig_PF,99_Bahnsteig_PF,99_Bahnsteig_PF
2858957,63781841503315,99_Bahnsteig_PF,99_Bahnsteig_PF,99_Bahnsteig_PF
2858973,63781841503326,99_Bahnsteig_PF,99_Bahnsteig_PF,99_Bahnsteig_PF
2858982,63781841503337,99_Bahnsteig_PF,99_Bahnsteig_PF,99_Bahnsteig_PF
2858990,63781841503349,99_Bahnsteig_PF,99_Bahnsteig_PF,99_Bahnsteig_PF
2859007,63781841503359,99_Bahnsteig_PF,99_Bahnsteig_PF,99_Bahnsteig_PF
2859015,63781841503371,99_Bahnsteig_PF,99_Bahnsteig_PF,99_Bahnsteig_PF
2859023,63781841503382,99_Bahnsteig_PF,99_Bahnsteig_PF,99_Bahnsteig_PF
2859040,63781841503393,99_Bahnsteig_PF,99_Bahnsteig_PF,99_Bahnsteig_PF
2859048,63781841503404,99_Bahnsteig_PF,99_Bahnsteig_PF,99_Bahnsteig_PF
2859057,63781841503415,99_Bahnsteig_PF,99_Bahnsteig_PF,99_Bahnsteig_PF
2859073,63781841503426,99_Bahnsteig_PF,99_Bahnsteig_PF,99_Bahnsteig_PF
2859082,63781841503437,99_Bahnsteig_PF,99_Bahnsteig_PF,99_Bahnsteig_PF
2859090,63781841503449,99_Bahnsteig_PF,99_Bahnsteig_PF,99_Bahnsteig_PF
2859107,63781841503460,99_Bahnsteig_PF,99_Bahnsteig_PF,99_Bahnsteig_PF
2859115,63781841503471,99_Bahnsteig_PF,99_Bahnsteig_PF,99_Bahnsteig_PF
2859123,63781841503482,99_Bahnsteig_PF,99_Bahnsteig_PF,99_Bahnsteig_PF
2859140,63781841503493,99_Bahnsteig_PF,99_Bahnsteig_PF,99_Bahnsteig_PF
2859148,63781841503505,99_Bahnsteig_PF,99_Bahnsteig_PF,99_Bahnsteig_PF
2859165,63781841503516,99_Bahnsteig_PF,99_Bahnsteig_PF,99_Bahnsteig_PF
2859173,63781841503527,99_Bahnsteig_PF,99_Bahnsteig_PF,99_Bahnsteig_PF
2859182,63781841503539,99_Bahnsteig_PF,99_Bahnsteig_PF,99_Bahnsteig_PF
2859198,63781841503550,99_Bahnsteig_PF,99_Bahnsteig_PF,99_Bahnsteig_PF
2859207,63781841503561,99_Bahnsteig_PF,99_Bahnsteig_PF,99_Bahnsteig_PF
2859215,63781841503573,99_Bahnsteig_PF,99_Bahnsteig_PF,99_Bahnsteig_PF
2859232,63781841503584,99_Bahnsteig_PF,99_Bahnsteig_PF,99_Bahnsteig_PF
2859240,63781841503595,99_Bahnsteig_PF,99_Bahnsteig_PF,99_Bahnsteig_PF
2859248,63781841503606,99_Bahnsteig_PF,99_Bahnsteig_PF,99_Bahnsteig_PF
2859265,63781841503617,99_Bahnsteig_PF,99_Bahnsteig_PF,99_Bahnsteig_PF
2859273,63781841503628,99_Bahnsteig_PF,99_Bahnsteig_PF,99_Bahnsteig_PF
2859282,63781841503639,99_Bahnsteig_PF,99_Bahnsteig_PF,99_Bahnsteig_PF
2859298,63781841503651,None,None,None
2859307,63781841503662,None,None,None
2859315,63781841503673,None,None,None
2859332,63781841503684,None,None,None
2859340,63781841503694,None,None,None
2859348,63781841503706,None,None,None
2859365,63781841503717,None,None,None
2859373,63781841503728,None,None,None
2859382,63781841503739,None,None,None
2859398,63781841503750,None,None,None
2859407,63781841503761,None,None,None
2859415,63781841503773,None,None,None
2859432,63781841503784,None,None,None
2859440,63781841503795,None,None,None
2859448,63781841503806,None,None,None
2859465,63781841503817,None,None,None
2859473,63781841503828,None,None,None
2859482,63781841503839,None,None,None
2859498,63781841503851,None,None,None
2859507,63781841503861,None,None,None
2859515,63781841503872,None,None,None
2859532,63781841503884,None,None,None
2859540,63781841503895,None,None,None
2859548,63781841503906,None,None,None
2859565,63781841503917,99_Bahnsteig_PF,99_Bahnsteig_PF,99_Bahnsteig_PF
2859573,63781841503928,99_Bahnsteig_PF,99_Bahnsteig_PF,99_Bahnsteig_PF
2859582,63781841503939,99_Bahnsteig_PF,99_Bahnsteig_PF,99_Bahnsteig_PF
2859598,63781841503950,99_Bahnsteig_PF,99_Bahnsteig_PF,99_Bahnsteig_PF
2859607,63781841503961,99_Bahnsteig_PF,99_Bahnsteig_PF,99_Bahnsteig_PF
2859615,63781841503973,99_Bahnsteig_PF,99_Bahnsteig_PF,99_Bahnsteig_PF
2859632,63781841503983,99_Bahnsteig_PF,99_Bahnsteig_PF,99_Bahnsteig_PF
2859640,63781841503995,99_Bahnsteig_PF,99_Bahnsteig_PF,99_Bahnsteig_PF
2859648,63781841504006,99_Bahnsteig_PF,99_Bahnsteig_PF,99_Bahnsteig_PF
2859665,63781841504017,99_Bahnsteig_PF,99_Bahnsteig_PF,99_Bahnsteig_PF
2859673,63781841504028,99_Bahnsteig_PF,99_Bahnsteig_PF,99_Bahnsteig_PF
2859682,63781841504039,99_Bahnsteig_PF,99_Bahnsteig_PF,99_Bahnsteig_PF
2859698,63781841504050,99_Bahnsteig_PF,99_Bahnsteig_PF,99_Bahnsteig_PF
2859707,63781841504061,99_Bahnsteig_PF,99_Bahnsteig_PF,99_Bahnsteig_PF
2859715,63781841504072,99_Bahnsteig_PF,99_Bahnsteig_PF,99_Bahnsteig_PF
2859732,63781841504083,99_Bahnsteig_PF,99_Bahnsteig_PF,99_Bahnsteig_PF
2859740,63781841504094,99_Bahnsteig_PF,99_Bahnsteig_PF,99_Bahnsteig_PF
2859748,63781841504106,99_Bahnsteig_PF,99_Bahnsteig_PF,99_Bahnsteig_PF
2859765,63781841504117,99_Bahnsteig_PF,99_Bahnsteig_PF,99_Bahnsteig_PF
2859773,63781841504129,99_Bahnsteig_PF,99_Bahnsteig_PF,99_Bahnsteig_PF
2859782,63781841504140,99_Bahnsteig_PF,99_Bahnsteig_PF,99_Bahnsteig_PF
2859798,63781841504151,99_Bahnsteig_PF,99_Bahnsteig_PF,99_Bahnsteig_PF
2859807,63781841504162,99_Bahnsteig_PF,99_Bahnsteig_PF,99_Bahnsteig_PF
2859815,63781841504173,99_Bahnsteig_PF,99_Bahnsteig_PF,99_Bahnsteig_PF
2859832,63781841504184,99_Bahnsteig_PF,99_Bahnsteig_PF,99_Bahnsteig_PF
2859840,63781841504195,99_Bahnsteig_PF,99_Bahnsteig_PF,99_Bahnsteig_PF
2859848,63781841504207,99_Bahnsteig_PF,99_Bahnsteig_PF,99_Bahnsteig_PF
2859865,63781841504218,99_Bahnsteig_PF,99_Bahnsteig_PF,99_Bahnsteig_PF
2859873,63781841504229,99_Bahnsteig_PF,99_Bahnsteig_PF,99_Bahnsteig_PF
2859882,63781841504240,99_Bahnsteig_PF,99_Bahnsteig_PF,99_Bahnsteig_PF
2859898,63781841504251,99_Bahnsteig_PF,99_Bahnsteig_PF,99_Bahnsteig_PF
2859907,63781841504262,99_Bahnsteig_PF,99_Bahnsteig_PF,99_Bahnsteig_PF
2859915,63781841504273,99_Bahnsteig_PF,99_Bahnsteig_PF,99_Bahnsteig_PF
2859932,63781841504284,99_Bahnsteig_PF,99_Bahnsteig_PF,99_Bahnsteig_PF
2859940,63781841504295,99_Bahnsteig_PF,99_Bahnsteig_PF,99_Bahnsteig_PF
2859948,63781841504307,99_Bahnsteig_PF,99_Bahnsteig_PF,99_Bahnsteig_PF
2859965,63781841504318,99_Bahnsteig_PF,99_Bahnsteig_PF,99_Bahnsteig_PF
2859973,63781841504329,99_Bahnsteig_PF,99_Bahnsteig_PF,99_Bahnsteig_PF
2859982,63781841504340,99_Bahnsteig_PF,99_Bahnsteig_PF,99_Bahnsteig_PF
2859998,63781841504351,99_Bahnsteig_PF,99_Bahnsteig_PF,99_Bahnsteig_PF
2860006,63781841504362,99_Bahnsteig_PF,99_Bahnsteig_PF,99_Bahnsteig_PF
2860015,63781841504373,99_Bahnsteig_PF,99_Bahnsteig_PF,99_Bahnsteig_PF
2860031,63781841504384,99_Bahnsteig_PF,99_Bahnsteig_PF,99_Bahnsteig_PF
2860040,63781841504395,99_Bahnsteig_PF,99_Bahnsteig_PF,99_Bahnsteig_PF
2860048,63781841504406,99_Bahnsteig_PF,99_Bahnsteig_PF,99_Bahnsteig_PF
2860065,63781841504418,99_Bahnsteig_PF,99_Bahnsteig_PF,99_Bahnsteig_PF
2860073,63781841504429,99_Bahnsteig_PF,99_Bahnsteig_PF,99_Bahnsteig_PF
2860081,63781841504440,99_Bahnsteig_PF,99_Bahnsteig_PF,99_Bahnsteig_PF
2860098,63781841504451,99_Bahnsteig_PF,99_Bahnsteig_PF,99_Bahnsteig_PF
2860106,63781841504462,99_Bahnsteig_PF,99_Bahnsteig_PF,99_Bahnsteig_PF
2860115,63781841504473,99_Bahnsteig_PF,99_Bahnsteig_PF,99_Bahnsteig_PF
2860131,63781841504484,99_Bahnsteig_PF,99_Bahnsteig_PF,99_Bahnsteig_PF
2860140,63781841504495,99_Bahnsteig_PF,99_Bahnsteig_PF,99_Bahnsteig_PF
2860148,63781841504506,99_Bahnsteig_PF,99_Bahnsteig_PF,99_Bahnsteig_PF
2860165,63781841504518,99_Bahnsteig_PF,99_Bahnsteig_PF,99_Bahnsteig_PF
2860173,63781841504529,99_Bahnsteig_PF,99_Bahnsteig_PF,99_Bahnsteig_PF
2860181,63781841504540,99_Bahnsteig_PF,99_Bahnsteig_PF,99_Bahnsteig_PF
2860198,63781841504551,99_Bahnsteig_PF,99_Bahnsteig_PF,99_Bahnsteig_PF
2860206,63781841504562,99_Bahnsteig_PF,99_Bahnsteig_PF,99_Bahnsteig_PF
2860215,63781841504573,99_Bahnsteig_PF,99_Bahnsteig_PF,99_Bahnsteig_PF
2860231,63781841504584,99_Bahnsteig_PF,99_Bahnsteig_PF,99_Bahnsteig_PF
2860240,63781841504596,99_Bahnsteig_PF,99_Bahnsteig_PF,99_Bahnsteig_PF
2860248,63781841504607,99_Bahnsteig_PF,99_Bahnsteig_PF,99_Bahnsteig_PF
2860265,63781841504617,99_Bahnsteig_PF,99_Bahnsteig_PF,99_Bahnsteig_PF
2860273,63781841504628,99_Bahnsteig_PF,99_Bahnsteig_PF,99_Bahnsteig_PF
2860281,63781841504640,99_Bahnsteig_PF,99_Bahnsteig_PF,99_Bahnsteig_PF
2860298,63781841504651,99_Bahnsteig_PF,99_Bahnsteig_PF,99_Bahnsteig_PF
2860306,63781841504662,99_Bahnsteig_PF,99_Bahnsteig_PF,99_Bahnsteig_PF
2860315,63781841504673,99_Bahnsteig_PF,99_Bahnsteig_PF,99_Bahnsteig_PF
2860331,63781841504684,99_Bahnsteig_PF,99_Bahnsteig_PF,99_Bahnsteig_PF
2860340,63781841504695,99_Bahnsteig_PF,99_Bahnsteig_PF,99_Bahnsteig_PF
2860348,63781841504706,99_Bahnsteig_PF,99_Bahnsteig_PF,99_Bahnsteig_PF
2860365,63781841504717,99_Bahnsteig_PF,99_Bahnsteig_PF,99_Bahnsteig_PF
2860373,63781841504728,99_Bahnsteig_PF,99_Bahnsteig_PF,99_Bahnsteig_PF
2860381,63781841504740,99_Bahnsteig_PF,99_Bahnsteig_PF,99_Bahnsteig_PF
2860398,63781841504751,99_Bahnsteig_PF,99_Bahnsteig_PF,99_Bahnsteig_PF
2860406,63781841504762,99_Bahnsteig_PF,99_Bahnsteig_PF,99_Bahnsteig_PF
2860415,63781841504773,99_Bahnsteig_PF,99_Bahnsteig_PF,99_Bahnsteig_PF
2860431,63781841504784,99_Bahnsteig_PF,99_Bahnsteig_PF,99_Bahnsteig_PF
2860440,63781841504795,99_Bahnsteig_PF,99_Bahnsteig_PF,99_Bahnsteig_PF
2860448,63781841504806,99_Bahnsteig_PF,99_Bahnsteig_PF,99_Bahnsteig_PF
2860465,63781841504817,99_Bahnsteig_PF,99_Bahnsteig_PF,99_Bahnsteig_PF
2860473,63781841504828,99_Bahnsteig_PF,99_Bahnsteig_PF,99_Bahnsteig_PF
2860481,63781841504839,99_Bahnsteig_PF,99_Bahnsteig_PF,99_Bahnsteig_PF
2860498,63781841504851,99_Bahnsteig_PF,99_Bahnsteig_PF,99_Bahnsteig_PF
2860506,63781841504862,99_Bahnsteig_PF,99_Bahnsteig_PF,99_Bahnsteig_PF
2860515,63781841504873,99_Bahnsteig_PF,99_Bahnsteig_PF,99_Bahnsteig_PF
2860531,63781841504884,99_Bahnsteig_PF,99_Bahnsteig_PF,99_Bahnsteig_PF
2860540,63781841504895,99_Bahnsteig_PF,99_Bahnsteig_PF,99_Bahnsteig_PF
2860548,63781841504907,99_Bahnsteig_PF,99_Bahnsteig_PF,99_Bahnsteig_PF
2860565,63781841504918,99_Bahnsteig_PF,99_Bahnsteig_PF,99_Bahnsteig_PF
2860573,63781841504928,99_Bahnsteig_PF,99_Bahnsteig_PF,99_Bahnsteig_PF
2860581,63781841504939,None,None,None
2860598,63781841504951,None,None,None
2860606,63781841504962,None,None,None
2860615,63781841504973,None,None,None
2860631,63781841504984,None,None,None
2860640,63781841504995,None,None,None
2860648,63781841505006,None,None,None
2860665,63781841505017,None,None,None
2860673,63781841505028,None,None,None
2860681,63781841505039,None,None,None
2860698,63781841505050,None,None,None
2860706,63781841505062,None,None,None
2860715,63781841505073,None,None,None
2860731,63781841505084,None,None,None
2860740,63781841505094,None,None,None
2860748,63781841505106,None,None,None
2860765,63781841505117,None,None,None
2860773,63781841505128,None,None,None
2860781,63781841505139,None,None,None
2860798,63781841505150,None,None,None
2860806,63781841505162,None,None,None
2860815,63781841505173,None,None,None
2860831,63781841505184,None,None,None
2860840,63781841505195,99_Bahnsteig_PF,99_Bahnsteig_PF,99_Bahnsteig_PF
2860848,63781841505206,99_Bahnsteig_PF,99_Bahnsteig_PF,99_Bahnsteig_PF
2860865,63781841505217,99_Bahnsteig_PF,99_Bahnsteig_PF,99_Bahnsteig_PF
2860873,63781841505228,99_Bahnsteig_PF,99_Bahnsteig_PF,99_Bahnsteig_PF
2860881,63781841505239,99_Bahnsteig_PF,99_Bahnsteig_PF,99_Bahnsteig_PF
2860898,63781841505251,99_Bahnsteig_PF,99_Bahnsteig_PF,99_Bahnsteig_PF
2860906,63781841505262,99_Bahnsteig_PF,99_Bahnsteig_PF,99_Bahnsteig_PF
2860915,63781841505273,99_Bahnsteig_PF,99_Bahnsteig_PF,99_Bahnsteig_PF
2860931,63781841505284,99_Bahnsteig_PF,99_Bahnsteig_PF,99_Bahnsteig_PF
2860940,63781841505295,99_Bahnsteig_PF,99_Bahnsteig_PF,99_Bahnsteig_PF
2860948,63781841505306,99_Bahnsteig_PF,99_Bahnsteig_PF,99_Bahnsteig_PF
2860965,63781841505317,99_Bahnsteig_PF,99_Bahnsteig_PF,99_Bahnsteig_PF
2860973,63781841505328,99_Bahnsteig_PF,99_Bahnsteig_PF,99_Bahnsteig_PF
2860981,63781841505339,99_Bahnsteig_PF,99_Bahnsteig_PF,99_Bahnsteig_PF
2860998,63781841505350,99_Bahnsteig_PF,99_Bahnsteig_PF,99_Bahnsteig_PF
2861006,63781841505361,99_Bahnsteig_PF,99_Bahnsteig_PF,99_Bahnsteig_PF
2861015,63781841505373,99_Bahnsteig_PF,99_Bahnsteig_PF,99_Bahnsteig_PF
2861031,63781841505384,99_Bahnsteig_PF,99_Bahnsteig_PF,99_Bahnsteig_PF
2861040,63781841505394,99_Bahnsteig_PF,99_Bahnsteig_PF,99_Bahnsteig_PF
2861048,63781841505406,99_Bahnsteig_PF,99_Bahnsteig_PF,99_Bahnsteig_PF
2861065,63781841505417,99_Bahnsteig_PF,99_Bahnsteig_PF,99_Bahnsteig_PF
2861073,63781841505428,99_Bahnsteig_PF,99_Bahnsteig_PF,99_Bahnsteig_PF
2861081,63781841505439,99_Bahnsteig_PF,99_Bahnsteig_PF,99_Bahnsteig_PF
2861098,63781841505450,99_Bahnsteig_PF,99_Bahnsteig_PF,99_Bahnsteig_PF
2861106,63781841505461,99_Bahnsteig_PF,99_Bahnsteig_PF,99_Bahnsteig_PF
2861115,63781841505472,99_Bahnsteig_PF,99_Bahnsteig_PF,99_Bahnsteig_PF
2861131,63781841505484,99_Bahnsteig_PF,99_Bahnsteig_PF,99_Bahnsteig_PF
2861140,63781841505495,99_Bahnsteig_PF,99_Bahnsteig_PF,99_Bahnsteig_PF
2861148,63781841505506,99_Bahnsteig_PF,99_Bahnsteig_PF,99_Bahnsteig_PF
2861165,63781841505517,99_Bahnsteig_PF,99_Bahnsteig_PF,99_Bahnsteig_PF
2861173,63781841505528,99_Bahnsteig_PF,99_Bahnsteig_PF,99_Bahnsteig_PF
2861181,63781841505539,99_Bahnsteig_PF,99_Bahnsteig_PF,99_Bahnsteig_PF
2861190,63781841505550,99_Bahnsteig_PF,99_Bahnsteig_PF,99_Bahnsteig_PF
2861206,63781841505561,99_Bahnsteig_PF,99_Bahnsteig_PF,99_Bahnsteig_PF
2861215,63781841505572,99_Bahnsteig_PF,99_Bahnsteig_PF,99_Bahnsteig_PF
2861231,63781841505583,99_Bahnsteig_PF,99_Bahnsteig_PF,99_Bahnsteig_PF
2861240,63781841505595,99_Bahnsteig_PF,99_Bahnsteig_PF,99_Bahnsteig_PF
2861248,63781841505606,99_Bahnsteig_PF,99_Bahnsteig_PF,99_Bahnsteig_PF
2861265,63781841505617,99_Bahnsteig_PF,99_Bahnsteig_PF,99_Bahnsteig_PF
2861273,63781841505628,99_Bahnsteig_PF,99_Bahnsteig_PF,99_Bahnsteig_PF
2861281,63781841505639,99_Bahnsteig_PF,99_Bahnsteig_PF,99_Bahnsteig_PF
2861298,63781841505650,99_Bahnsteig_PF,99_Bahnsteig_PF,99_Bahnsteig_PF
2861306,63781841505661,99_Bahnsteig_PF,99_Bahnsteig_PF,99_Bahnsteig_PF
2861315,63781841505672,99_Bahnsteig_PF,99_Bahnsteig_PF,99_Bahnsteig_PF
2861331,63781841505684,99_Bahnsteig_PF,99_Bahnsteig_PF,99_Bahnsteig_PF
2861340,63781841505694,99_Bahnsteig_PF,99_Bahnsteig_PF,99_Bahnsteig_PF
2861348,63781841505706,99_Bahnsteig_PF,99_Bahnsteig_PF,99_Bahnsteig_PF
2861365,63781841505717,99_Bahnsteig_PF,99_Bahnsteig_PF,99_Bahnsteig_PF
2861373,63781841505728,99_Bahnsteig_PF,99_Bahnsteig_PF,99_Bahnsteig_PF
2861381,63781841505739,99_Bahnsteig_PF,99_Bahnsteig_PF,99_Bahnsteig_PF
2861398,63781841505750,99_Bahnsteig_PF,99_Bahnsteig_PF,99_Bahnsteig_PF
2861406,63781841505761,99_Bahnsteig_PF,99_Bahnsteig_PF,99_Bahnsteig_PF
2861415,63781841505772,99_Bahnsteig_PF,99_Bahnsteig_PF,99_Bahnsteig_PF
2861431,63781841505784,99_Bahnsteig_PF,99_Bahnsteig_PF,99_Bahnsteig_PF
2861439,63781841505794,99_Bahnsteig_PF,99_Bahnsteig_PF,99_Bahnsteig_PF
2861448,63781841505805,99_Bahnsteig_PF,99_Bahnsteig_PF,99_Bahnsteig_PF
2861464,63781841505817,99_Bahnsteig_PF,99_Bahnsteig_PF,99_Bahnsteig_PF
2861473,63781841505828,99_Bahnsteig_PF,99_Bahnsteig_PF,99_Bahnsteig_PF
2861481,63781841505839,99_Bahnsteig_PF,99_Bahnsteig_PF,99_Bahnsteig_PF
2861498,63781841505850,99_Bahnsteig_PF,99_Bahnsteig_PF,99_Bahnsteig_PF
2861506,63781841505861,99_Bahnsteig_PF,99_Bahnsteig_PF,99_Bahnsteig_PF
2861514,63781841505872,99_Bahnsteig_PF,99_Bahnsteig_PF,99_Bahnsteig_PF
2861531,63781841505883,99_Bahnsteig_PF,99_Bahnsteig_PF,99_Bahnsteig_PF
2861539,63781841505894,99_Bahnsteig_PF,99_Bahnsteig_PF,99_Bahnsteig_PF
2861548,63781841505906,99_Bahnsteig_PF,99_Bahnsteig_PF,99_Bahnsteig_PF
2861564,63781841505916,99_Bahnsteig_PF,99_Bahnsteig_PF,99_Bahnsteig_PF
2861573,63781841505927,99_Bahnsteig_PF,99_Bahnsteig_PF,99_Bahnsteig_PF
2861581,63781841505939,99_Bahnsteig_PF,99_Bahnsteig_PF,99_Bahnsteig_PF
2861598,63781841505950,99_Bahnsteig_PF,99_Bahnsteig_PF,99_Bahnsteig_PF
2861606,63781841505961,99_Bahnsteig_PF,99_Bahnsteig_PF,99_Bahnsteig_PF
2861614,63781841505972,99_Bahnsteig_PF,99_Bahnsteig_PF,99_Bahnsteig_PF
2861631,63781841505983,99_Bahnsteig_PF,99_Bahnsteig_PF,99_Bahnsteig_PF
2861639,63781841505994,99_Bahnsteig_PF,99_Bahnsteig_PF,99_Bahnsteig_PF
2861648,63781841506005,99_Bahnsteig_PF,99_Bahnsteig_PF,99_Bahnsteig_PF
2861664,63781841506016,99_Bahnsteig_PF,99_Bahnsteig_PF,99_Bahnsteig_PF
2861673,63781841506028,99_Bahnsteig_PF,99_Bahnsteig_PF,99_Bahnsteig_PF
2861681,63781841506039,99_Bahnsteig_PF,99_Bahnsteig_PF,99_Bahnsteig_PF
2861698,63781841506050,99_Bahnsteig_PF,99_Bahnsteig_PF,99_Bahnsteig_PF
2861706,63781841506061,99_Bahnsteig_PF,99_Bahnsteig_PF,99_Bahnsteig_PF
2861714,63781841506072,99_Bahnsteig_PF,99_Bahnsteig_PF,99_Bahnsteig_PF
2861731,63781841506083,99_Bahnsteig_PF,99_Bahnsteig_PF,99_Bahnsteig_PF
2861739,63781841506094,99_Bahnsteig_PF,99_Bahnsteig_PF,99_Bahnsteig_PF
2861748,63781841506106,99_Bahnsteig_PF,99_Bahnsteig_PF,99_Bahnsteig_PF
2861764,63781841506116,99_Bahnsteig_PF,99_Bahnsteig_PF,99_Bahnsteig_PF
2861773,63781841506128,99_Bahnsteig_PF,99_Bahnsteig_PF,99_Bahnsteig_PF
2861781,63781841506139,99_Bahnsteig_PF,99_Bahnsteig_PF,99_Bahnsteig_PF
2861798,63781841506150,99_Bahnsteig_PF,99_Bahnsteig_PF,99_Bahnsteig_PF
2861806,63781841506161,99_Bahnsteig_PF,99_Bahnsteig_PF,99_Bahnsteig_PF
2861814,63781841506172,99_Bahnsteig_PF,99_Bahnsteig_PF,99_Bahnsteig_PF
2861831,63781841506183,99_Bahnsteig_PF,99_Bahnsteig_PF,99_Bahnsteig_PF
2861839,63781841506194,99_Bahnsteig_PF,99_Bahnsteig_PF,99_Bahnsteig_PF
2861848,63781841506205,99_Bahnsteig_PF,99_Bahnsteig_PF,99_Bahnsteig_PF
2861864,63781841506216,99_Bahnsteig_PF,99_Bahnsteig_PF,99_Bahnsteig_PF
2861873,63781841506227,99_Bahnsteig_PF,99_Bahnsteig_PF,99_Bahnsteig_PF
2861881,63781841506239,99_Bahnsteig_PF,99_Bahnsteig_PF,99_Bahnsteig_PF
2861898,63781841506250,99_Bahnsteig_PF,99_Bahnsteig_PF,99_Bahnsteig_PF
2861906,63781841506261,99_Bahnsteig_PF,99_Bahnsteig_PF,99_Bahnsteig_PF
2861914,63781841506272,99_Bahnsteig_PF,99_Bahnsteig_PF,99_Bahnsteig_PF
2861931,63781841506283,99_Bahnsteig_PF,99_Bahnsteig_PF,99_Bahnsteig_PF
2861939,63781841506295,99_Bahnsteig_PF,99_Bahnsteig_PF,99_Bahnsteig_PF
2861948,63781841506306,99_Bahnsteig_PF,99_Bahnsteig_PF,99_Bahnsteig_PF
2861964,63781841506317,99_Bahnsteig_PF,99_Bahnsteig_PF,99_Bahnsteig_PF
2861973,63781841506327,99_Bahnsteig_PF,99_Bahnsteig_PF,99_Bahnsteig_PF
2861981,63781841506338,99_Bahnsteig_PF,99_Bahnsteig_PF,99_Bahnsteig_PF
2861998,63781841506350,99_Bahnsteig_PF,99_Bahnsteig_PF,99_Bahnsteig_PF
2862006,63781841506361,99_Bahnsteig_PF,99_Bahnsteig_PF,99_Bahnsteig_PF
2862014,63781841506372,99_Bahnsteig_PF,99_Bahnsteig_PF,99_Bahnsteig_PF
2862031,63781841506383,99_Bahnsteig_PF,99_Bahnsteig_PF,99_Bahnsteig_PF
2862039,63781841506394,99_Bahnsteig_PF,99_Bahnsteig_PF,99_Bahnsteig_PF
2862048,63781841506405,99_Bahnsteig_PF,99_Bahnsteig_PF,99_Bahnsteig_PF
2862064,63781841506416,99_Bahnsteig_PF,99_Bahnsteig_PF,99_Bahnsteig_PF
2862081,63781841506438,None,None,None
2862089,63781841506444,99_Bahnsteig_PF,99_Bahnsteig_PF,99_Bahnsteig_PF
2862098,63781841506450,99_Bahnsteig_PF,99_Bahnsteig_PF,99_Bahnsteig_PF
2862098,63781841506457,99_Bahnsteig_PF,99_Bahnsteig_PF,99_Bahnsteig_PF
2862114,63781841506469,99_Bahnsteig_PF,99_Bahnsteig_PF,99_Bahnsteig_PF
2862123,63781841506479,99_Bahnsteig_PF,99_Bahnsteig_PF,99_Bahnsteig_PF
2862131,63781841506491,99_Bahnsteig_PF,99_Bahnsteig_PF,99_Bahnsteig_PF
2862148,63781841506502,99_Bahnsteig_PF,99_Bahnsteig_PF,99_Bahnsteig_PF
2862156,63781841506513,99_Bahnsteig_PF,99_Bahnsteig_PF,99_Bahnsteig_PF
2862164,63781841506524,99_Bahnsteig_PF,99_Bahnsteig_PF,99_Bahnsteig_PF
2862181,63781841506535,99_Bahnsteig_PF,99_Bahnsteig_PF,99_Bahnsteig_PF
2862189,63781841506546,99_Bahnsteig_PF,99_Bahnsteig_PF,99_Bahnsteig_PF
2862198,63781841506557,99_Bahnsteig_PF,99_Bahnsteig_PF,99_Bahnsteig_PF
2862214,63781841506568,99_Bahnsteig_PF,99_Bahnsteig_PF,99_Bahnsteig_PF
2862223,63781841506579,99_Bahnsteig_PF,99_Bahnsteig_PF,99_Bahnsteig_PF
2862231,63781841506591,99_Bahnsteig_PF,99_Bahnsteig_PF,99_Bahnsteig_PF
2862248,63781841506602,99_Bahnsteig_PF,99_Bahnsteig_PF,99_Bahnsteig_PF
2862256,63781841506613,99_Bahnsteig_PF,99_Bahnsteig_PF,99_Bahnsteig_PF
2862264,63781841506624,99_Bahnsteig_PF,99_Bahnsteig_PF,99_Bahnsteig_PF
2862281,63781841506636,99_Bahnsteig_PF,99_Bahnsteig_PF,99_Bahnsteig_PF
2862289,63781841506646,99_Bahnsteig_PF,99_Bahnsteig_PF,99_Bahnsteig_PF
2862298,63781841506657,99_Bahnsteig_PF,99_Bahnsteig_PF,99_Bahnsteig_PF
2862314,63781841506669,99_Bahnsteig_PF,99_Bahnsteig_PF,99_Bahnsteig_PF
2862323,63781841506680,99_Bahnsteig_PF,99_Bahnsteig_PF,99_Bahnsteig_PF
2862331,63781841506691,99_Bahnsteig_PF,99_Bahnsteig_PF,99_Bahnsteig_PF
2862348,63781841506702,99_Bahnsteig_PF,99_Bahnsteig_PF,99_Bahnsteig_PF
2862356,63781841506713,99_Bahnsteig_PF,99_Bahnsteig_PF,99_Bahnsteig_PF
2862364,63781841506724,99_Bahnsteig_PF,99_Bahnsteig_PF,99_Bahnsteig_PF
2862381,63781841506735,99_Bahnsteig_PF,99_Bahnsteig_PF,99_Bahnsteig_PF
2862389,63781841506746,99_Bahnsteig_PF,99_Bahnsteig_PF,99_Bahnsteig_PF
2862398,63781841506757,99_Bahnsteig_PF,99_Bahnsteig_PF,99_Bahnsteig_PF
2862414,63781841506769,99_Bahnsteig_PF,99_Bahnsteig_PF,99_Bahnsteig_PF
2862423,63781841506779,99_Bahnsteig_PF,99_Bahnsteig_PF,99_Bahnsteig_PF
2862431,63781841506790,99_Bahnsteig_PF,99_Bahnsteig_PF,99_Bahnsteig_PF
2862448,63781841506802,99_Bahnsteig_PF,None,99_Bahnsteig_PF
2862456,63781841506813,None,None,None
2862473,63781841506824,None,None,None
2862481,63781841506836,None,None,None
2862489,63781841506847,None,None,None
2862506,63781841506858,None,None,None
2862514,63781841506870,None,None,None
2862531,63781841506881,None,None,None
2862539,63781841506892,None,None,None
2862548,63781841506903,None,None,None
2862564,63781841506915,None,None,None
2862573,63781841506926,None,None,None
2862581,63781841506937,None,None,None
2862598,63781841506949,None,None,None
2862606,63781841506960,None,None,None
2862614,63781841506971,None,None,None
2862631,63781841506983,None,None,None
2862639,63781841506994,None,None,None
2862648,63781841507005,None,None,None
2862664,63781841507016,None,None,None
2862673,63781841507027,None,None,None
2862681,63781841507038,99_Bahnsteig_PF,99_Bahnsteig_PF,99_Bahnsteig_PF
2862698,63781841507049,99_Bahnsteig_PF,99_Bahnsteig_PF,99_Bahnsteig_PF
2862706,63781841507060,99_Bahnsteig_PF,99_Bahnsteig_PF,99_Bahnsteig_PF
2862714,63781841507072,99_Bahnsteig_PF,99_Bahnsteig_PF,99_Bahnsteig_PF
2862731,63781841507083,99_Bahnsteig_PF,99_Bahnsteig_PF,99_Bahnsteig_PF
2862739,63781841507094,99_Bahnsteig_PF,99_Bahnsteig_PF,99_Bahnsteig_PF
2862748,63781841507105,99_Bahnsteig_PF,99_Bahnsteig_PF,99_Bahnsteig_PF
2862764,63781841507116,99_Bahnsteig_PF,99_Bahnsteig_PF,99_Bahnsteig_PF
2862773,63781841507127,99_Bahnsteig_PF,99_Bahnsteig_PF,99_Bahnsteig_PF
2862781,63781841507138,99_Bahnsteig_PF,99_Bahnsteig_PF,99_Bahnsteig_PF
2862798,63781841507149,99_Bahnsteig_PF,99_Bahnsteig_PF,99_Bahnsteig_PF
2862806,63781841507160,99_Bahnsteig_PF,99_Bahnsteig_PF,99_Bahnsteig_PF
2862814,63781841507171,99_Bahnsteig_PF,99_Bahnsteig_PF,99_Bahnsteig_PF
2862831,63781841507183,99_Bahnsteig_PF,99_Bahnsteig_PF,99_Bahnsteig_PF
2862839,63781841507193,99_Bahnsteig_PF,99_Bahnsteig_PF,99_Bahnsteig_PF
2862848,63781841507205,99_Bahnsteig_PF,99_Bahnsteig_PF,99_Bahnsteig_PF
2862864,63781841507216,99_Bahnsteig_PF,99_Bahnsteig_PF,99_Bahnsteig_PF
2862873,63781841507227,99_Bahnsteig_PF,99_Bahnsteig_PF,99_Bahnsteig_PF
2862881,63781841507238,99_Bahnsteig_PF,99_Bahnsteig_PF,99_Bahnsteig_PF
2862889,63781841507249,99_Bahnsteig_PF,99_Bahnsteig_PF,99_Bahnsteig_PF
2862906,63781841507260,99_Bahnsteig_PF,99_Bahnsteig_PF,99_Bahnsteig_PF
2862914,63781841507271,99_Bahnsteig_PF,99_Bahnsteig_PF,99_Bahnsteig_PF
2862931,63781841507283,99_Bahnsteig_PF,99_Bahnsteig_PF,99_Bahnsteig_PF
2862939,63781841507294,99_Bahnsteig_PF,99_Bahnsteig_PF,99_Bahnsteig_PF
2862948,63781841507305,99_Bahnsteig_PF,99_Bahnsteig_PF,99_Bahnsteig_PF
2862964,63781841507316,None,None,99_Bahnsteig_PF
2862973,63781841507327,99_Bahnsteig_PF,99_Bahnsteig_PF,99_Bahnsteig_PF
2862981,63781841507338,99_Bahnsteig_PF,99_Bahnsteig_PF,99_Bahnsteig_PF
2862997,63781841507349,None,None,None
2863006,63781841507360,99_Bahnsteig_PF,99_Bahnsteig_PF,99_Bahnsteig_PF
2863014,63781841507371,99_Bahnsteig_PF,99_Bahnsteig_PF,99_Bahnsteig_PF
2863031,63781841507382,99_Bahnsteig_PF,99_Bahnsteig_PF,99_Bahnsteig_PF
2863039,63781841507394,99_Bahnsteig_PF,99_Bahnsteig_PF,99_Bahnsteig_PF
2863047,63781841507404,99_Bahnsteig_PF,99_Bahnsteig_PF,99_Bahnsteig_PF
2863056,63781841507416,99_Bahnsteig_PF,99_Bahnsteig_PF,99_Bahnsteig_PF
2863072,63781841507427,99_Bahnsteig_PF,99_Bahnsteig_PF,99_Bahnsteig_PF
2863081,63781841507438,99_Bahnsteig_PF,99_Bahnsteig_PF,99_Bahnsteig_PF
2863097,63781841507449,99_Bahnsteig_PF,99_Bahnsteig_PF,99_Bahnsteig_PF
2863106,63781841507460,99_Bahnsteig_PF,99_Bahnsteig_PF,99_Bahnsteig_PF
2863114,63781841507472,99_Bahnsteig_PF,99_Bahnsteig_PF,99_Bahnsteig_PF
2863131,63781841507482,None,None,None
2863139,63781841507493,99_Bahnsteig_PF,99_Bahnsteig_PF,99_Bahnsteig_PF
2863147,63781841507505,99_Bahnsteig_PF,99_Bahnsteig_PF,99_Bahnsteig_PF
2863164,63781841507516,99_Bahnsteig_PF,99_Bahnsteig_PF,99_Bahnsteig_PF
2863172,63781841507527,99_Bahnsteig_PF,99_Bahnsteig_PF,99_Bahnsteig_PF
2863181,63781841507538,99_Bahnsteig_PF,99_Bahnsteig_PF,99_Bahnsteig_PF
2863197,63781841507549,None,None,None
2863206,63781841507560,None,None,None
2863214,63781841507571,None,None,None
2863231,63781841507582,None,None,None
2863239,63781841507593,None,None,None
2863247,63781841507605,None,None,None
2863264,63781841507616,None,None,None
2863272,63781841507627,None,None,None
2863281,63781841507637,None,None,None
2863297,63781841507649,None,None,None
2863306,63781841507660,None,None,None
2863314,63781841507672,None,None,None
2863331,63781841507682,None,None,None
2863339,63781841507693,None,None,None
2863347,63781841507705,None,None,None
2863364,63781841507716,None,None,None
2863372,63781841507727,None,None,None
2863381,63781841507738,None,None,None
2863397,63781841507749,None,None,None
2863406,63781841507760,None,None,None
2863414,63781841507771,None,None,None
2863431,63781841507782,None,None,None
2863439,63781841507793,None,None,None
2863447,63781841507804,None,None,None
2863456,63781841507815,None,None,None
2863472,63781841507827,99_Bahnsteig_PF,99_Bahnsteig_PF,99_Bahnsteig_PF
2863481,63781841507838,99_Bahnsteig_PF,99_Bahnsteig_PF,99_Bahnsteig_PF
2863489,63781841507849,99_Bahnsteig_PF,99_Bahnsteig_PF,99_Bahnsteig_PF
2863506,63781841507860,99_Bahnsteig_PF,99_Bahnsteig_PF,99_Bahnsteig_PF
2863514,63781841507871,99_Bahnsteig_PF,99_Bahnsteig_PF,99_Bahnsteig_PF
2863522,63781841507882,99_Bahnsteig_PF,99_Bahnsteig_PF,99_Bahnsteig_PF
2863539,63781841507893,99_Bahnsteig_PF,99_Bahnsteig_PF,99_Bahnsteig_PF
2863547,63781841507904,99_Bahnsteig_PF,99_Bahnsteig_PF,99_Bahnsteig_PF
2863564,63781841507916,99_Bahnsteig_PF,99_Bahnsteig_PF,99_Bahnsteig_PF
2863572,63781841507927,99_Bahnsteig_PF,99_Bahnsteig_PF,99_Bahnsteig_PF
2863581,63781841507937,99_Bahnsteig_PF,99_Bahnsteig_PF,99_Bahnsteig_PF
2863597,63781841507949,99_Bahnsteig_PF,99_Bahnsteig_PF,99_Bahnsteig_PF
2863606,63781841507960,99_Bahnsteig_PF,99_Bahnsteig_PF,99_Bahnsteig_PF
2863614,63781841507971,99_Bahnsteig_PF,99_Bahnsteig_PF,99_Bahnsteig_PF
2863631,63781841507982,99_Bahnsteig_PF,99_Bahnsteig_PF,99_Bahnsteig_PF
2863639,63781841507993,99_Bahnsteig_PF,99_Bahnsteig_PF,99_Bahnsteig_PF
2863647,63781841508004,99_Bahnsteig_PF,99_Bahnsteig_PF,99_Bahnsteig_PF
2863664,63781841508016,99_Bahnsteig_PF,99_Bahnsteig_PF,99_Bahnsteig_PF
2863672,63781841508026,99_Bahnsteig_PF,99_Bahnsteig_PF,99_Bahnsteig_PF
2863681,63781841508037,99_Bahnsteig_PF,99_Bahnsteig_PF,99_Bahnsteig_PF
2863689,63781841508049,99_Bahnsteig_PF,99_Bahnsteig_PF,99_Bahnsteig_PF
2863706,63781841508060,99_Bahnsteig_PF,99_Bahnsteig_PF,99_Bahnsteig_PF
2863714,63781841508071,99_Bahnsteig_PF,99_Bahnsteig_PF,99_Bahnsteig_PF
2863722,63781841508082,99_Bahnsteig_PF,99_Bahnsteig_PF,99_Bahnsteig_PF
2863739,63781841508093,99_Bahnsteig_PF,99_Bahnsteig_PF,99_Bahnsteig_PF
2863747,63781841508104,99_Bahnsteig_PF,99_Bahnsteig_PF,99_Bahnsteig_PF
2863756,63781841508115,99_Bahnsteig_PF,99_Bahnsteig_PF,99_Bahnsteig_PF
2863772,63781841508126,99_Bahnsteig_PF,99_Bahnsteig_PF,99_Bahnsteig_PF
2863781,63781841508137,99_Bahnsteig_PF,99_Bahnsteig_PF,99_Bahnsteig_PF
2863789,63781841508148,99_Bahnsteig_PF,99_Bahnsteig_PF,99_Bahnsteig_PF
2863806,63781841508160,99_Bahnsteig_PF,99_Bahnsteig_PF,99_Bahnsteig_PF
2863814,63781841508171,99_Bahnsteig_PF,99_Bahnsteig_PF,99_Bahnsteig_PF
2863831,63781841508182,99_Bahnsteig_PF,99_Bahnsteig_PF,99_Bahnsteig_PF
2863839,63781841508193,99_Bahnsteig_PF,99_Bahnsteig_PF,99_Bahnsteig_PF
2863847,63781841508204,99_Bahnsteig_PF,99_Bahnsteig_PF,99_Bahnsteig_PF
2863856,63781841508215,99_Bahnsteig_PF,99_Bahnsteig_PF,99_Bahnsteig_PF
2863872,63781841508226,99_Bahnsteig_PF,99_Bahnsteig_PF,99_Bahnsteig_PF
2863881,63781841508237,99_Bahnsteig_PF,99_Bahnsteig_PF,99_Bahnsteig_PF
2863897,63781841508248,99_Bahnsteig_PF,99_Bahnsteig_PF,99_Bahnsteig_PF
2863906,63781841508260,99_Bahnsteig_PF,99_Bahnsteig_PF,99_Bahnsteig_PF
2863914,63781841508271,99_Bahnsteig_PF,99_Bahnsteig_PF,99_Bahnsteig_PF
2863922,63781841508282,99_Bahnsteig_PF,99_Bahnsteig_PF,99_Bahnsteig_PF
2863939,63781841508293,99_Bahnsteig_PF,99_Bahnsteig_PF,99_Bahnsteig_PF
2863947,63781841508304,99_Bahnsteig_PF,99_Bahnsteig_PF,99_Bahnsteig_PF
2863964,63781841508315,99_Bahnsteig_PF,99_Bahnsteig_PF,99_Bahnsteig_PF
2863972,63781841508327,99_Bahnsteig_PF,99_Bahnsteig_PF,99_Bahnsteig_PF
2863981,63781841508338,99_Bahnsteig_PF,99_Bahnsteig_PF,99_Bahnsteig_PF
2863989,63781841508348,99_Bahnsteig_PF,99_Bahnsteig_PF,99_Bahnsteig_PF
2864006,63781841508360,99_Bahnsteig_PF,99_Bahnsteig_PF,99_Bahnsteig_PF
2864014,63781841508371,99_Bahnsteig_PF,99_Bahnsteig_PF,99_Bahnsteig_PF
2864022,63781841508382,99_Bahnsteig_PF,99_Bahnsteig_PF,99_Bahnsteig_PF
2864039,63781841508393,99_Bahnsteig_PF,99_Bahnsteig_PF,99_Bahnsteig_PF
2864047,63781841508404,99_Bahnsteig_PF,99_Bahnsteig_PF,99_Bahnsteig_PF
2864056,63781841508415,99_Bahnsteig_PF,99_Bahnsteig_PF,99_Bahnsteig_PF
2864072,63781841508426,99_Bahnsteig_PF,99_Bahnsteig_PF,99_Bahnsteig_PF
2864081,63781841508437,99_Bahnsteig_PF,99_Bahnsteig_PF,99_Bahnsteig_PF
2864089,63781841508448,99_Bahnsteig_PF,99_Bahnsteig_PF,99_Bahnsteig_PF
2864106,63781841508460,99_Bahnsteig_PF,99_Bahnsteig_PF,99_Bahnsteig_PF
2864114,63781841508471,99_Bahnsteig_PF,99_Bahnsteig_PF,99_Bahnsteig_PF
2864122,63781841508482,99_Bahnsteig_PF,99_Bahnsteig_PF,99_Bahnsteig_PF
2864139,63781841508493,99_Bahnsteig_PF,99_Bahnsteig_PF,99_Bahnsteig_PF
2864147,63781841508504,99_Bahnsteig_PF,99_Bahnsteig_PF,99_Bahnsteig_PF
2864164,63781841508515,None,None,None
2864172,63781841508526,99_Bahnsteig_PF,99_Bahnsteig_PF,99_Bahnsteig_PF
2864181,63781841508537,99_Bahnsteig_PF,99_Bahnsteig_PF,99_Bahnsteig_PF
2864189,63781841508548,99_Bahnsteig_PF,99_Bahnsteig_PF,99_Bahnsteig_PF
2864206,63781841508559,99_Bahnsteig_PF,99_Bahnsteig_PF,99_Bahnsteig_PF
2864214,63781841508571,99_Bahnsteig_PF,99_Bahnsteig_PF,99_Bahnsteig_PF
2864222,63781841508581,99_Bahnsteig_PF,99_Bahnsteig_PF,99_Bahnsteig_PF
2864239,63781841508593,99_Bahnsteig_PF,99_Bahnsteig_PF,99_Bahnsteig_PF
2864247,63781841508604,99_Bahnsteig_PF,99_Bahnsteig_PF,99_Bahnsteig_PF
2864256,63781841508615,99_Bahnsteig_PF,99_Bahnsteig_PF,99_Bahnsteig_PF
2864272,63781841508626,99_Bahnsteig_PF,99_Bahnsteig_PF,99_Bahnsteig_PF
2864281,63781841508637,99_Bahnsteig_PF,99_Bahnsteig_PF,99_Bahnsteig_PF
2864289,63781841508648,99_Bahnsteig_PF,99_Bahnsteig_PF,99_Bahnsteig_PF
2864306,63781841508659,99_Bahnsteig_PF,99_Bahnsteig_PF,99_Bahnsteig_PF
2864314,63781841508671,99_Bahnsteig_PF,99_Bahnsteig_PF,99_Bahnsteig_PF
2864322,63781841508682,99_Bahnsteig_PF,99_Bahnsteig_PF,99_Bahnsteig_PF
2864339,63781841508693,99_Bahnsteig_PF,99_Bahnsteig_PF,99_Bahnsteig_PF
2864347,63781841508704,99_Bahnsteig_PF,99_Bahnsteig_PF,99_Bahnsteig_PF
2864356,63781841508715,99_Bahnsteig_PF,99_Bahnsteig_PF,99_Bahnsteig_PF
2864372,63781841508726,99_Bahnsteig_PF,99_Bahnsteig_PF,99_Bahnsteig_PF
2864381,63781841508737,99_Bahnsteig_PF,99_Bahnsteig_PF,99_Bahnsteig_PF
2864389,63781841508748,99_Bahnsteig_PF,99_Bahnsteig_PF,99_Bahnsteig_PF
2864406,63781841508759,99_Bahnsteig_PF,99_Bahnsteig_PF,99_Bahnsteig_PF
2864414,63781841508771,99_Bahnsteig_PF,99_Bahnsteig_PF,99_Bahnsteig_PF
2864422,63781841508782,99_Bahnsteig_PF,99_Bahnsteig_PF,99_Bahnsteig_PF
2864439,63781841508793,99_Bahnsteig_PF,99_Bahnsteig_PF,99_Bahnsteig_PF
2864447,63781841508804,99_Bahnsteig_PF,99_Bahnsteig_PF,99_Bahnsteig_PF
2864456,63781841508815,99_Bahnsteig_PF,99_Bahnsteig_PF,99_Bahnsteig_PF
2864472,63781841508826,99_Bahnsteig_PF,99_Bahnsteig_PF,99_Bahnsteig_PF
2864481,63781841508837,99_Bahnsteig_PF,99_Bahnsteig_PF,99_Bahnsteig_PF
2864489,63781841508848,99_Bahnsteig_PF,99_Bahnsteig_PF,99_Bahnsteig_PF
2864506,63781841508859,99_Bahnsteig_PF,99_Bahnsteig_PF,99_Bahnsteig_PF
2864514,63781841508871,99_Bahnsteig_PF,99_Bahnsteig_PF,99_Bahnsteig_PF
2864530,63781841508882,99_Bahnsteig_PF,99_Bahnsteig_PF,99_Bahnsteig_PF
2864539,63781841508893,99_Bahnsteig_PF,99_Bahnsteig_PF,99_Bahnsteig_PF
2864547,63781841508904,99_Bahnsteig_PF,99_Bahnsteig_PF,99_Bahnsteig_PF
2864555,63781841508915,99_Bahnsteig_PF,99_Bahnsteig_PF,99_Bahnsteig_PF
2864572,63781841508926,99_Bahnsteig_PF,99_Bahnsteig_PF,99_Bahnsteig_PF
2864580,63781841508937,99_Bahnsteig_PF,99_Bahnsteig_PF,99_Bahnsteig_PF
2864589,63781841508948,99_Bahnsteig_PF,99_Bahnsteig_PF,99_Bahnsteig_PF
2864605,63781841508959,99_Bahnsteig_PF,99_Bahnsteig_PF,99_Bahnsteig_PF
2864614,63781841508970,99_Bahnsteig_PF,99_Bahnsteig_PF,99_Bahnsteig_PF
2864622,63781841508982,99_Bahnsteig_PF,99_Bahnsteig_PF,99_Bahnsteig_PF
2864639,63781841508993,99_Bahnsteig_PF,99_Bahnsteig_PF,99_Bahnsteig_PF
2864647,63781841509005,99_Bahnsteig_PF,99_Bahnsteig_PF,99_Bahnsteig_PF
2864655,63781841509016,99_Bahnsteig_PF,99_Bahnsteig_PF,99_Bahnsteig_PF
2864672,63781841509027,99_Bahnsteig_PF,99_Bahnsteig_PF,99_Bahnsteig_PF
2864680,63781841509038,99_Bahnsteig_PF,99_Bahnsteig_PF,99_Bahnsteig_PF
2864697,63781841509050,99_Bahnsteig_PF,99_Bahnsteig_PF,99_Bahnsteig_PF
2864705,63781841509060,99_Bahnsteig_PF,99_Bahnsteig_PF,99_Bahnsteig_PF
2864714,63781841509071,99_Bahnsteig_PF,99_Bahnsteig_PF,99_Bahnsteig_PF
2864722,63781841509082,99_Bahnsteig_PF,99_Bahnsteig_PF,99_Bahnsteig_PF
2864739,63781841509093,99_Bahnsteig_PF,99_Bahnsteig_PF,99_Bahnsteig_PF
2864747,63781841509105,99_Bahnsteig_PF,99_Bahnsteig_PF,99_Bahnsteig_PF
2864755,63781841509115,99_Bahnsteig_PF,99_Bahnsteig_PF,99_Bahnsteig_PF
2864772,63781841509127,99_Bahnsteig_PF,99_Bahnsteig_PF,99_Bahnsteig_PF
2864780,63781841509138,99_Bahnsteig_PF,99_Bahnsteig_PF,99_Bahnsteig_PF
2864789,63781841509149,99_Bahnsteig_PF,99_Bahnsteig_PF,99_Bahnsteig_PF
2864805,63781841509160,99_Bahnsteig_PF,99_Bahnsteig_PF,99_Bahnsteig_PF
2864814,63781841509171,99_Bahnsteig_PF,99_Bahnsteig_PF,99_Bahnsteig_PF
2864822,63781841509182,99_Bahnsteig_PF,99_Bahnsteig_PF,99_Bahnsteig_PF
2864839,63781841509193,99_Bahnsteig_PF,99_Bahnsteig_PF,99_Bahnsteig_PF
2864847,63781841509205,99_Bahnsteig_PF,99_Bahnsteig_PF,99_Bahnsteig_PF
2864855,63781841509215,99_Bahnsteig_PF,99_Bahnsteig_PF,99_Bahnsteig_PF
2864872,63781841509227,99_Bahnsteig_PF,99_Bahnsteig_PF,99_Bahnsteig_PF
2864880,63781841509238,99_Bahnsteig_PF,99_Bahnsteig_PF,99_Bahnsteig_PF
2864889,63781841509249,99_Bahnsteig_PF,99_Bahnsteig_PF,99_Bahnsteig_PF
2864905,63781841509260,99_Bahnsteig_PF,99_Bahnsteig_PF,99_Bahnsteig_PF
2864914,63781841509271,99_Bahnsteig_PF,99_Bahnsteig_PF,99_Bahnsteig_PF
2864922,63781841509282,99_Bahnsteig_PF,99_Bahnsteig_PF,99_Bahnsteig_PF
2864939,63781841509293,99_Bahnsteig_PF,99_Bahnsteig_PF,99_Bahnsteig_PF
2864947,63781841509304,99_Bahnsteig_PF,99_Bahnsteig_PF,99_Bahnsteig_PF
2864955,63781841509315,99_Bahnsteig_PF,99_Bahnsteig_PF,99_Bahnsteig_PF
2864972,63781841509326,99_Bahnsteig_PF,99_Bahnsteig_PF,99_Bahnsteig_PF
2864980,63781841509338,99_Bahnsteig_PF,99_Bahnsteig_PF,99_Bahnsteig_PF
2864989,63781841509349,99_Bahnsteig_PF,99_Bahnsteig_PF,99_Bahnsteig_PF
2865005,63781841509360,99_Bahnsteig_PF,99_Bahnsteig_PF,99_Bahnsteig_PF
2865014,63781841509371,99_Bahnsteig_PF,99_Bahnsteig_PF,99_Bahnsteig_PF
2865022,63781841509382,99_Bahnsteig_PF,99_Bahnsteig_PF,99_Bahnsteig_PF
2865039,63781841509394,99_Bahnsteig_PF,99_Bahnsteig_PF,99_Bahnsteig_PF
2865047,63781841509404,99_Bahnsteig_PF,99_Bahnsteig_PF,99_Bahnsteig_PF
2865055,63781841509416,99_Bahnsteig_PF,99_Bahnsteig_PF,99_Bahnsteig_PF
2865072,63781841509427,99_Bahnsteig_PF,99_Bahnsteig_PF,99_Bahnsteig_PF
2865080,63781841509437,99_Bahnsteig_PF,99_Bahnsteig_PF,99_Bahnsteig_PF
2865097,63781841509449,99_Bahnsteig_PF,99_Bahnsteig_PF,99_Bahnsteig_PF
2865105,63781841509460,99_Bahnsteig_PF,99_Bahnsteig_PF,99_Bahnsteig_PF
2865114,63781841509471,99_Bahnsteig_PF,99_Bahnsteig_PF,99_Bahnsteig_PF
2865122,63781841509482,99_Bahnsteig_PF,99_Bahnsteig_PF,99_Bahnsteig_PF
2865139,63781841509493,99_Bahnsteig_PF,99_Bahnsteig_PF,99_Bahnsteig_PF
2865147,63781841509504,99_Bahnsteig_PF,99_Bahnsteig_PF,99_Bahnsteig_PF
2865155,63781841509515,99_Bahnsteig_PF,99_Bahnsteig_PF,99_Bahnsteig_PF
2865172,63781841509526,99_Bahnsteig_PF,99_Bahnsteig_PF,99_Bahnsteig_PF
2865180,63781841509538,99_Bahnsteig_PF,99_Bahnsteig_PF,99_Bahnsteig_PF
2865189,63781841509548,99_Bahnsteig_PF,99_Bahnsteig_PF,99_Bahnsteig_PF
2865205,63781841509560,99_Bahnsteig_PF,99_Bahnsteig_PF,99_Bahnsteig_PF
2865214,63781841509571,99_Bahnsteig_PF,99_Bahnsteig_PF,99_Bahnsteig_PF
2865222,63781841509582,99_Bahnsteig_PF,99_Bahnsteig_PF,99_Bahnsteig_PF
2865239,63781841509596,99_Bahnsteig_PF,99_Bahnsteig_PF,99_Bahnsteig_PF
2865247,63781841509604,99_Bahnsteig_PF,99_Bahnsteig_PF,99_Bahnsteig_PF
2865255,63781841509614,99_Bahnsteig_PF,99_Bahnsteig_PF,99_Bahnsteig_PF
2865272,63781841509625,99_Bahnsteig_PF,99_Bahnsteig_PF,99_Bahnsteig_PF
2865280,63781841509636,99_Bahnsteig_PF,99_Bahnsteig_PF,99_Bahnsteig_PF
2865289,63781841509647,99_Bahnsteig_PF,99_Bahnsteig_PF,99_Bahnsteig_PF
2865305,63781841509658,99_Bahnsteig_PF,99_Bahnsteig_PF,99_Bahnsteig_PF
2865314,63781841509669,99_Bahnsteig_PF,99_Bahnsteig_PF,99_Bahnsteig_PF
2865322,63781841509680,99_Bahnsteig_PF,99_Bahnsteig_PF,99_Bahnsteig_PF
2865339,63781841509692,99_Bahnsteig_PF,99_Bahnsteig_PF,99_Bahnsteig_PF
2865347,63781841509703,99_Bahnsteig_PF,99_Bahnsteig_PF,99_Bahnsteig_PF
2865355,63781841509713,99_Bahnsteig_PF,99_Bahnsteig_PF,99_Bahnsteig_PF
2865372,63781841509725,99_Bahnsteig_PF,99_Bahnsteig_PF,99_Bahnsteig_PF
2865380,63781841509736,99_Bahnsteig_PF,99_Bahnsteig_PF,99_Bahnsteig_PF
2865389,63781841509747,99_Bahnsteig_PF,99_Bahnsteig_PF,99_Bahnsteig_PF
2865405,63781841509758,99_Bahnsteig_PF,99_Bahnsteig_PF,99_Bahnsteig_PF
2865414,63781841509769,99_Bahnsteig_PF,99_Bahnsteig_PF,99_Bahnsteig_PF
2865422,63781841509780,99_Bahnsteig_PF,99_Bahnsteig_PF,99_Bahnsteig_PF
2865439,63781841509791,99_Bahnsteig_PF,99_Bahnsteig_PF,99_Bahnsteig_PF
2865447,63781841509802,99_Bahnsteig_PF,99_Bahnsteig_PF,99_Bahnsteig_PF
2865455,63781841509813,99_Bahnsteig_PF,99_Bahnsteig_PF,99_Bahnsteig_PF
2865472,63781841509825,99_Bahnsteig_PF,99_Bahnsteig_PF,99_Bahnsteig_PF
2865480,63781841509836,99_Bahnsteig_PF,99_Bahnsteig_PF,99_Bahnsteig_PF
2865489,63781841509847,99_Bahnsteig_PF,99_Bahnsteig_PF,99_Bahnsteig_PF
2865505,63781841509858,99_Bahnsteig_PF,99_Bahnsteig_PF,99_Bahnsteig_PF
2865514,63781841509870,99_Bahnsteig_PF,99_Bahnsteig_PF,99_Bahnsteig_PF
2865522,63781841509880,99_Bahnsteig_PF,99_Bahnsteig_PF,99_Bahnsteig_PF
2865539,63781841509891,99_Bahnsteig_PF,99_Bahnsteig_PF,99_Bahnsteig_PF
2865547,63781841509902,99_Bahnsteig_PF,99_Bahnsteig_PF,99_Bahnsteig_PF
2865555,63781841509914,99_Bahnsteig_PF,99_Bahnsteig_PF,99_Bahnsteig_PF
2865572,63781841509925,99_Bahnsteig_PF,99_Bahnsteig_PF,99_Bahnsteig_PF
2865580,63781841509936,99_Bahnsteig_PF,99_Bahnsteig_PF,99_Bahnsteig_PF
2865589,63781841509947,99_Bahnsteig_PF,99_Bahnsteig_PF,99_Bahnsteig_PF
2865605,63781841509958,99_Bahnsteig_PF,99_Bahnsteig_PF,99_Bahnsteig_PF
2865614,63781841509969,None,99_Bahnsteig_PF,99_Bahnsteig_PF
2865622,63781841509981,None,None,None
2865639,63781841509992,None,None,None
2865647,63781841510003,None,None,None
2865655,63781841510014,None,None,None
2865672,63781841510026,None,None,None
2865680,63781841510037,None,None,None
2865697,63781841510048,None,None,None
2865705,63781841510059,None,None,None
2865714,63781841510071,None,None,None
2865730,63781841510082,None,None,None
2865739,63781841510093,None,None,None
2865747,63781841510104,None,None,None
2865764,63781841510115,None,None,None
2865772,63781841510126,None,None,None
2865780,63781841510137,None,None,None
2865789,63781841510148,None,None,None
2865805,63781841510159,None,None,None
2865814,63781841510170,None,None,None
2865822,63781841510182,None,None,None
2865839,63781841510193,99_Bahnsteig_PF,99_Bahnsteig_PF,99_Bahnsteig_PF
2865847,63781841510204,99_Bahnsteig_PF,99_Bahnsteig_PF,99_Bahnsteig_PF
2865855,63781841510215,99_Bahnsteig_PF,99_Bahnsteig_PF,99_Bahnsteig_PF
2865872,63781841510226,99_Bahnsteig_PF,99_Bahnsteig_PF,99_Bahnsteig_PF
2865880,63781841510237,99_Bahnsteig_PF,99_Bahnsteig_PF,99_Bahnsteig_PF
2865889,63781841510248,99_Bahnsteig_PF,99_Bahnsteig_PF,99_Bahnsteig_PF
2865905,63781841510259,99_Bahnsteig_PF,99_Bahnsteig_PF,99_Bahnsteig_PF
2865914,63781841510271,99_Bahnsteig_PF,99_Bahnsteig_PF,99_Bahnsteig_PF
2865922,63781841510281,99_Bahnsteig_PF,99_Bahnsteig_PF,99_Bahnsteig_PF
2865939,63781841510293,99_Bahnsteig_PF,99_Bahnsteig_PF,99_Bahnsteig_PF
2865947,63781841510304,99_Bahnsteig_PF,99_Bahnsteig_PF,99_Bahnsteig_PF
2865955,63781841510315,99_Bahnsteig_PF,99_Bahnsteig_PF,99_Bahnsteig_PF
2865972,63781841510326,99_Bahnsteig_PF,99_Bahnsteig_PF,99_Bahnsteig_PF
2865980,63781841510337,99_Bahnsteig_PF,99_Bahnsteig_PF,99_Bahnsteig_PF
2865997,63781841510349,99_Bahnsteig_PF,99_Bahnsteig_PF,99_Bahnsteig_PF
2866005,63781841510359,None,None,None
2866014,63781841510370,None,None,None
2866030,63781841510382,None,None,None
2866039,63781841510392,None,None,None
2866047,63781841510404,None,None,None
2866063,63781841510415,None,None,None
2866072,63781841510426,None,None,None
2866080,63781841510437,None,None,None
2866097,63781841510448,None,None,None
2866105,63781841510459,None,None,None
2866113,63781841510471,None,None,None
2866130,63781841510481,None,None,None
2866138,63781841510493,None,None,None
2866147,63781841510504,None,None,None
2866163,63781841510514,None,None,None
2866172,63781841510526,None,None,None
2866180,63781841510537,None,None,None
2866197,63781841510548,None,None,None
2866205,63781841510559,None,None,None
2866213,63781841510570,None,None,None
2866230,63781841510581,None,None,None
2866238,63781841510592,None,None,None
2866247,63781841510604,None,None,None
2866255,63781841510615,None,None,None
2866272,63781841510626,None,None,None
2866280,63781841510637,None,None,None
2866288,63781841510648,None,None,None
2866305,63781841510660,99_Bahnsteig_PF,99_Bahnsteig_PF,99_Bahnsteig_PF
2866313,63781841510670,99_Bahnsteig_PF,99_Bahnsteig_PF,99_Bahnsteig_PF
2866322,63781841510681,99_Bahnsteig_PF,99_Bahnsteig_PF,99_Bahnsteig_PF
2866338,63781841510692,99_Bahnsteig_PF,99_Bahnsteig_PF,99_Bahnsteig_PF
2866347,63781841510704,99_Bahnsteig_PF,99_Bahnsteig_PF,99_Bahnsteig_PF
2866355,63781841510715,99_Bahnsteig_PF,None,99_Bahnsteig_PF
2866372,63781841510726,99_Bahnsteig_PF,99_Bahnsteig_PF,99_Bahnsteig_PF
2866380,63781841510737,99_Bahnsteig_PF,99_Bahnsteig_PF,99_Bahnsteig_PF
2866388,63781841510748,99_Bahnsteig_PF,99_Bahnsteig_PF,99_Bahnsteig_PF
2866405,63781841510759,99_Bahnsteig_PF,99_Bahnsteig_PF,99_Bahnsteig_PF
2866413,63781841510771,99_Bahnsteig_PF,99_Bahnsteig_PF,99_Bahnsteig_PF
2866422,63781841510781,99_Bahnsteig_PF,99_Bahnsteig_PF,99_Bahnsteig_PF
2866438,63781841510792,99_Bahnsteig_PF,None,99_Bahnsteig_PF
2866447,63781841510803,None,99_Bahnsteig_PF,99_Bahnsteig_PF
2866455,63781841510815,None,99_Bahnsteig_PF,99_Bahnsteig_PF
2866472,63781841510826,None,None,None
2866480,63781841510837,None,None,None
2866497,63781841510848,None,None,None
2866505,63781841510859,None,None,None
2866513,63781841510870,None,None,None
2866530,63781841510881,None,None,None
2866538,63781841510892,None,None,None
2866547,63781841510903,None,None,None
2866563,63781841510914,None,None,None
2866572,63781841510925,None,None,None
2866580,63781841510937,None,None,None
2866597,63781841510948,None,None,None
2866605,63781841510959,None,None,None
2866613,63781841510970,None,None,None
2866630,63781841510981,None,None,None
2866638,63781841510992,None,None,None
2866647,63781841511003,None,None,None
2866663,63781841511015,None,None,None
2866672,63781841511026,None,None,None
2866680,63781841511036,None,None,None
2866697,63781841511048,None,None,None
2866705,63781841511059,None,None,None
2866713,63781841511070,None,None,None
2866730,63781841511081,None,None,None
2866738,63781841511092,None,None,None
2866747,63781841511103,None,None,None
2866763,63781841511115,None,None,None
2866772,63781841511126,None,None,None
2866780,63781841511137,None,None,None
2866788,63781841511148,None,None,None
2866805,63781841511159,None,None,None
2866813,63781841511170,None,None,None
2866822,63781841511181,None,None,None
2866838,63781841511192,99_Bahnsteig_PF,99_Bahnsteig_PF,99_Bahnsteig_PF
2866847,63781841511203,99_Bahnsteig_PF,99_Bahnsteig_PF,99_Bahnsteig_PF
2866855,63781841511214,99_Bahnsteig_PF,99_Bahnsteig_PF,99_Bahnsteig_PF
2866872,63781841511225,99_Bahnsteig_PF,None,99_Bahnsteig_PF
2866880,63781841511237,99_Bahnsteig_PF,None,99_Bahnsteig_PF
2866897,63781841511247,None,None,None
2866905,63781841511259,None,None,None
2866913,63781841511270,None,None,None
2866930,63781841511281,None,None,None
2866938,63781841511292,None,None,None
2866947,63781841511303,None,None,None
2866963,63781841511314,None,None,None
2866972,63781841511325,None,None,None
2866980,63781841511336,None,None,None
2866997,63781841511348,None,None,None
2867005,63781841511359,None,None,None
2867013,63781841511370,None,None,None
2867030,63781841511381,None,None,None
2867038,63781841511392,None,None,None
2867047,63781841511403,None,None,None
2867055,63781841511414,None,None,None
2867072,63781841511425,None,None,None
2867080,63781841511437,None,None,None
2867088,63781841511447,99_Bahnsteig_PF,99_Bahnsteig_PF,99_Bahnsteig_PF
2867105,63781841511459,99_Bahnsteig_PF,99_Bahnsteig_PF,99_Bahnsteig_PF
2867113,63781841511470,99_Bahnsteig_PF,99_Bahnsteig_PF,99_Bahnsteig_PF
2867122,63781841511481,99_Bahnsteig_PF,99_Bahnsteig_PF,99_Bahnsteig_PF
2867138,63781841511492,99_Bahnsteig_PF,99_Bahnsteig_PF,99_Bahnsteig_PF
2867147,63781841511503,99_Bahnsteig_PF,99_Bahnsteig_PF,99_Bahnsteig_PF
2867155,63781841511514,99_Bahnsteig_PF,99_Bahnsteig_PF,99_Bahnsteig_PF
2867172,63781841511525,99_Bahnsteig_PF,99_Bahnsteig_PF,99_Bahnsteig_PF
2867180,63781841511536,99_Bahnsteig_PF,99_Bahnsteig_PF,99_Bahnsteig_PF
2867188,63781841511547,99_Bahnsteig_PF,99_Bahnsteig_PF,99_Bahnsteig_PF
2867205,63781841511559,None,None,None
2867213,63781841511569,None,None,None
2867230,63781841511581,None,None,None
2867238,63781841511592,None,None,None
2867247,63781841511603,None,None,None
2867263,63781841511614,None,None,None
2867272,63781841511625,None,None,None
2867280,63781841511636,None,None,None
2867297,63781841511647,None,None,None
2867305,63781841511659,None,None,None
2867313,63781841511670,None,None,None
2867330,63781841511680,None,None,None
2867338,63781841511691,None,None,None
2867347,63781841511703,None,None,None
2867363,63781841511714,None,None,None
2867372,63781841511725,None,None,None
2867380,63781841511736,None,None,None
2867388,63781841511747,None,None,None
2867405,63781841511758,None,None,None
2867413,63781841511769,None,None,None
2867422,63781841511780,None,None,None
2867438,63781841511792,None,None,None
2867447,63781841511803,None,None,None
2867455,63781841511814,99_Bahnsteig_PF,99_Bahnsteig_PF,99_Bahnsteig_PF
2867472,63781841511825,99_Bahnsteig_PF,99_Bahnsteig_PF,99_Bahnsteig_PF
2867480,63781841511836,99_Bahnsteig_PF,99_Bahnsteig_PF,99_Bahnsteig_PF
2867488,63781841511847,99_Bahnsteig_PF,99_Bahnsteig_PF,99_Bahnsteig_PF
2867505,63781841511858,99_Bahnsteig_PF,99_Bahnsteig_PF,99_Bahnsteig_PF
2867513,63781841511869,99_Bahnsteig_PF,99_Bahnsteig_PF,99_Bahnsteig_PF
2867522,63781841511880,99_Bahnsteig_PF,99_Bahnsteig_PF,99_Bahnsteig_PF
2867538,63781841511891,99_Bahnsteig_PF,99_Bahnsteig_PF,99_Bahnsteig_PF
2867547,63781841511903,99_Bahnsteig_PF,99_Bahnsteig_PF,99_Bahnsteig_PF
2867555,63781841511914,99_Bahnsteig_PF,99_Bahnsteig_PF,99_Bahnsteig_PF
2867572,63781841511925,None,99_Bahnsteig_PF,99_Bahnsteig_PF
2867580,63781841511936,None,99_Bahnsteig_PF,99_Bahnsteig_PF
2867596,63781841511947,None,None,None
2867605,63781841511958,None,None,None
2867613,63781841511969,None,None,None
2867630,63781841511980,None,None,None
2867638,63781841511992,None,None,None
2867646,63781841512002,None,None,None
2867663,63781841512014,None,None,None
2867671,63781841512025,None,None,None
2867680,63781841512036,None,None,None
2867696,63781841512047,None,None,None
2867705,63781841512058,None,None,None
2867713,63781841512070,None,None,None
2867721,63781841512080,None,None,None
2867738,63781841512092,None,None,None
2867746,63781841512102,None,None,None
2867755,63781841512114,None,None,None
2867771,63781841512125,None,None,None
2867780,63781841512136,None,None,None
2867796,63781841512148,None,None,None
2867805,63781841512158,None,None,None
2867813,63781841512169,None,None,None
2867821,63781841512180,None,None,None
2867838,63781841512192,99_Bahnsteig_PF,99_Bahnsteig_PF,99_Bahnsteig_PF
2867846,63781841512202,99_Bahnsteig_PF,99_Bahnsteig_PF,99_Bahnsteig_PF
2867855,63781841512214,99_Bahnsteig_PF,99_Bahnsteig_PF,99_Bahnsteig_PF
2867871,63781841512225,99_Bahnsteig_PF,99_Bahnsteig_PF,99_Bahnsteig_PF
2867880,63781841512236,99_Bahnsteig_PF,99_Bahnsteig_PF,99_Bahnsteig_PF
2867888,63781841512247,99_Bahnsteig_PF,99_Bahnsteig_PF,99_Bahnsteig_PF
2867905,63781841512258,99_Bahnsteig_PF,99_Bahnsteig_PF,99_Bahnsteig_PF
2867913,63781841512269,99_Bahnsteig_PF,99_Bahnsteig_PF,99_Bahnsteig_PF
2867921,63781841512280,99_Bahnsteig_PF,99_Bahnsteig_PF,99_Bahnsteig_PF
2867938,63781841512291,99_Bahnsteig_PF,99_Bahnsteig_PF,99_Bahnsteig_PF
2867946,63781841512302,99_Bahnsteig_PF,99_Bahnsteig_PF,99_Bahnsteig_PF
2867955,63781841512313,99_Bahnsteig_PF,99_Bahnsteig_PF,99_Bahnsteig_PF
2867971,63781841512325,99_Bahnsteig_PF,99_Bahnsteig_PF,99_Bahnsteig_PF
2867980,63781841512336,99_Bahnsteig_PF,99_Bahnsteig_PF,99_Bahnsteig_PF
2867988,63781841512347,99_Bahnsteig_PF,99_Bahnsteig_PF,99_Bahnsteig_PF
2868005,63781841512358,99_Bahnsteig_PF,99_Bahnsteig_PF,99_Bahnsteig_PF
2868013,63781841512369,99_Bahnsteig_PF,99_Bahnsteig_PF,99_Bahnsteig_PF
2868021,63781841512380,99_Bahnsteig_PF,99_Bahnsteig_PF,99_Bahnsteig_PF
2868038,63781841512391,99_Bahnsteig_PF,99_Bahnsteig_PF,99_Bahnsteig_PF
2868046,63781841512403,99_Bahnsteig_PF,99_Bahnsteig_PF,99_Bahnsteig_PF
2868055,63781841512413,99_Bahnsteig_PF,99_Bahnsteig_PF,99_Bahnsteig_PF
2868071,63781841512425,99_Bahnsteig_PF,99_Bahnsteig_PF,99_Bahnsteig_PF
2868080,63781841512436,99_Bahnsteig_PF,99_Bahnsteig_PF,99_Bahnsteig_PF
2868088,63781841512447,99_Bahnsteig_PF,99_Bahnsteig_PF,99_Bahnsteig_PF
2868105,63781841512458,99_Bahnsteig_PF,99_Bahnsteig_PF,99_Bahnsteig_PF
2868113,63781841512469,99_Bahnsteig_PF,99_Bahnsteig_PF,99_Bahnsteig_PF
2868121,63781841512480,99_Bahnsteig_PF,99_Bahnsteig_PF,99_Bahnsteig_PF
2868138,63781841512492,99_Bahnsteig_PF,99_Bahnsteig_PF,99_Bahnsteig_PF
2868146,63781841512503,99_Bahnsteig_PF,99_Bahnsteig_PF,99_Bahnsteig_PF
2868155,63781841512513,99_Bahnsteig_PF,99_Bahnsteig_PF,99_Bahnsteig_PF
2868171,63781841512525,99_Bahnsteig_PF,99_Bahnsteig_PF,99_Bahnsteig_PF
2868180,63781841512536,99_Bahnsteig_PF,99_Bahnsteig_PF,99_Bahnsteig_PF
2868188,63781841512547,99_Bahnsteig_PF,99_Bahnsteig_PF,99_Bahnsteig_PF
2868205,63781841512558,99_Bahnsteig_PF,99_Bahnsteig_PF,99_Bahnsteig_PF
2868213,63781841512569,99_Bahnsteig_PF,99_Bahnsteig_PF,99_Bahnsteig_PF
2868221,63781841512580,99_Bahnsteig_PF,99_Bahnsteig_PF,99_Bahnsteig_PF
2868238,63781841512591,None,None,None
2868246,63781841512602,None,None,None
2868263,63781841512613,None,None,None
2868271,63781841512624,None,None,None
2868280,63781841512635,None,None,None
2868296,63781841512647,None,None,None
2868305,63781841512658,None,None,None
2868313,63781841512669,None,None,None
2868330,63781841512680,None,None,None
2868338,63781841512691,None,None,None
2868346,63781841512702,None,None,None
2868363,63781841512713,None,None,None
2868371,63781841512724,None,None,None
2868380,63781841512735,None,None,None
2868388,63781841512746,None,None,None
2868405,63781841512758,None,None,None
2868413,63781841512769,None,None,None
2868421,63781841512780,None,None,None
2868438,63781841512791,None,None,None
2868446,63781841512802,None,None,None
2868455,63781841512813,None,99_Bahnsteig_PF,99_Bahnsteig_PF
2868471,63781841512825,99_Bahnsteig_PF,99_Bahnsteig_PF,99_Bahnsteig_PF
2868480,63781841512837,99_Bahnsteig_PF,99_Bahnsteig_PF,99_Bahnsteig_PF
2868488,63781841512847,99_Bahnsteig_PF,99_Bahnsteig_PF,99_Bahnsteig_PF
2868505,63781841512858,99_Bahnsteig_PF,99_Bahnsteig_PF,99_Bahnsteig_PF
2868513,63781841512869,99_Bahnsteig_PF,99_Bahnsteig_PF,99_Bahnsteig_PF
2868521,63781841512880,99_Bahnsteig_PF,99_Bahnsteig_PF,99_Bahnsteig_PF
2868538,63781841512891,99_Bahnsteig_PF,99_Bahnsteig_PF,99_Bahnsteig_PF
2868546,63781841512902,99_Bahnsteig_PF,99_Bahnsteig_PF,99_Bahnsteig_PF
2868555,63781841512913,99_Bahnsteig_PF,99_Bahnsteig_PF,99_Bahnsteig_PF
2868571,63781841512925,99_Bahnsteig_PF,99_Bahnsteig_PF,99_Bahnsteig_PF
2868580,63781841512936,99_Bahnsteig_PF,99_Bahnsteig_PF,99_Bahnsteig_PF
2868588,63781841512946,99_Bahnsteig_PF,99_Bahnsteig_PF,99_Bahnsteig_PF
2868605,63781841512958,99_Bahnsteig_PF,99_Bahnsteig_PF,99_Bahnsteig_PF
2868613,63781841512969,99_Bahnsteig_PF,99_Bahnsteig_PF,99_Bahnsteig_PF
2868621,63781841512980,99_Bahnsteig_PF,99_Bahnsteig_PF,99_Bahnsteig_PF
2868638,63781841512991,99_Bahnsteig_PF,99_Bahnsteig_PF,99_Bahnsteig_PF
2868646,63781841513002,99_Bahnsteig_PF,99_Bahnsteig_PF,99_Bahnsteig_PF
2868655,63781841513013,99_Bahnsteig_PF,99_Bahnsteig_PF,99_Bahnsteig_PF
2868671,63781841513024,99_Bahnsteig_PF,99_Bahnsteig_PF,99_Bahnsteig_PF
2868680,63781841513035,99_Bahnsteig_PF,99_Bahnsteig_PF,99_Bahnsteig_PF
2868688,63781841513046,99_Bahnsteig_PF,99_Bahnsteig_PF,99_Bahnsteig_PF
2868705,63781841513058,99_Bahnsteig_PF,99_Bahnsteig_PF,99_Bahnsteig_PF
2868713,63781841513069,99_Bahnsteig_PF,99_Bahnsteig_PF,99_Bahnsteig_PF
2868721,63781841513080,99_Bahnsteig_PF,99_Bahnsteig_PF,99_Bahnsteig_PF
2868738,63781841513091,99_Bahnsteig_PF,99_Bahnsteig_PF,99_Bahnsteig_PF
2868746,63781841513102,99_Bahnsteig_PF,99_Bahnsteig_PF,99_Bahnsteig_PF
2868755,63781841513113,99_Bahnsteig_PF,99_Bahnsteig_PF,99_Bahnsteig_PF
2868771,63781841513124,99_Bahnsteig_PF,99_Bahnsteig_PF,99_Bahnsteig_PF
2868788,63781841513139,99_Bahnsteig_PF,99_Bahnsteig_PF,99_Bahnsteig_PF
2868788,63781841513146,99_Bahnsteig_PF,99_Bahnsteig_PF,99_Bahnsteig_PF
2868796,63781841513155,99_Bahnsteig_PF,99_Bahnsteig_PF,99_Bahnsteig_PF
2868813,63781841513167,99_Bahnsteig_PF,99_Bahnsteig_PF,99_Bahnsteig_PF
2868821,63781841513178,99_Bahnsteig_PF,99_Bahnsteig_PF,99_Bahnsteig_PF
2868830,63781841513189,99_Bahnsteig_PF,99_Bahnsteig_PF,99_Bahnsteig_PF
2868846,63781841513200,99_Bahnsteig_PF,99_Bahnsteig_PF,99_Bahnsteig_PF
2868855,63781841513211,99_Bahnsteig_PF,99_Bahnsteig_PF,99_Bahnsteig_PF
2868863,63781841513222,99_Bahnsteig_PF,99_Bahnsteig_PF,99_Bahnsteig_PF
2868880,63781841513233,99_Bahnsteig_PF,99_Bahnsteig_PF,99_Bahnsteig_PF
2868888,63781841513244,99_Bahnsteig_PF,99_Bahnsteig_PF,99_Bahnsteig_PF
2868896,63781841513255,None,99_Bahnsteig_PF,99_Bahnsteig_PF
2868913,63781841513266,None,None,None
2868921,63781841513277,None,None,None
2868938,63781841513289,None,None,None
2868946,63781841513300,None,None,None
2868955,63781841513311,None,None,None
2868971,63781841513322,None,None,None
2868980,63781841513333,None,None,None
2868988,63781841513344,None,None,None
2869005,63781841513355,None,None,None
2869013,63781841513366,None,None,None
2869021,63781841513377,None,None,None
2869038,63781841513388,None,None,None
2869046,63781841513399,None,None,None
2869055,63781841513411,None,None,None
2869071,63781841513422,None,None,None
2869080,63781841513433,None,None,None
2869088,63781841513444,None,None,None
2869096,63781841513455,None,None,None
2869113,63781841513467,None,None,None
2869121,63781841513477,None,None,None
2869129,63781841513488,None,None,None
2869146,63781841513500,None,None,None
2869154,63781841513511,None,None,None
2869171,63781841513523,None,99_Bahnsteig_PF,99_Bahnsteig_PF
2869179,63781841513533,None,99_Bahnsteig_PF,99_Bahnsteig_PF
2869188,63781841513545,None,99_Bahnsteig_PF,99_Bahnsteig_PF
2869204,63781841513556,99_Bahnsteig_PF,99_Bahnsteig_PF,99_Bahnsteig_PF
2869213,63781841513567,99_Bahnsteig_PF,99_Bahnsteig_PF,99_Bahnsteig_PF
2869221,63781841513578,99_Bahnsteig_PF,99_Bahnsteig_PF,99_Bahnsteig_PF
2869238,63781841513590,99_Bahnsteig_PF,99_Bahnsteig_PF,99_Bahnsteig_PF
2869246,63781841513601,99_Bahnsteig_PF,99_Bahnsteig_PF,99_Bahnsteig_PF
2869254,63781841513613,99_Bahnsteig_PF,99_Bahnsteig_PF,99_Bahnsteig_PF
2869271,63781841513623,99_Bahnsteig_PF,99_Bahnsteig_PF,99_Bahnsteig_PF
2869279,63781841513635,99_Bahnsteig_PF,99_Bahnsteig_PF,99_Bahnsteig_PF
2869288,63781841513646,99_Bahnsteig_PF,99_Bahnsteig_PF,99_Bahnsteig_PF
2869304,63781841513658,99_Bahnsteig_PF,99_Bahnsteig_PF,99_Bahnsteig_PF
2869313,63781841513668,99_Bahnsteig_PF,99_Bahnsteig_PF,99_Bahnsteig_PF
2869321,63781841513679,99_Bahnsteig_PF,99_Bahnsteig_PF,99_Bahnsteig_PF
2869338,63781841513690,99_Bahnsteig_PF,99_Bahnsteig_PF,99_Bahnsteig_PF
2869346,63781841513702,99_Bahnsteig_PF,99_Bahnsteig_PF,99_Bahnsteig_PF
2869355,63781841513713,99_Bahnsteig_PF,99_Bahnsteig_PF,99_Bahnsteig_PF
2869371,63781841513724,99_Bahnsteig_PF,99_Bahnsteig_PF,99_Bahnsteig_PF
2869380,63781841513735,99_Bahnsteig_PF,99_Bahnsteig_PF,99_Bahnsteig_PF
2869388,63781841513746,99_Bahnsteig_PF,99_Bahnsteig_PF,99_Bahnsteig_PF
2869405,63781841513757,99_Bahnsteig_PF,99_Bahnsteig_PF,99_Bahnsteig_PF
2869413,63781841513769,99_Bahnsteig_PF,99_Bahnsteig_PF,99_Bahnsteig_PF
2869421,63781841513779,99_Bahnsteig_PF,99_Bahnsteig_PF,99_Bahnsteig_PF
2869438,63781841513791,99_Bahnsteig_PF,99_Bahnsteig_PF,99_Bahnsteig_PF
2869446,63781841513801,99_Bahnsteig_PF,99_Bahnsteig_PF,99_Bahnsteig_PF
2869455,63781841513812,99_Bahnsteig_PF,99_Bahnsteig_PF,99_Bahnsteig_PF
2869471,63781841513825,99_Bahnsteig_PF,99_Bahnsteig_PF,99_Bahnsteig_PF
2869480,63781841513836,99_Bahnsteig_PF,99_Bahnsteig_PF,99_Bahnsteig_PF
2869488,63781841513847,99_Bahnsteig_PF,99_Bahnsteig_PF,99_Bahnsteig_PF
2869505,63781841513858,99_Bahnsteig_PF,99_Bahnsteig_PF,99_Bahnsteig_PF
2869513,63781841513870,99_Bahnsteig_PF,99_Bahnsteig_PF,99_Bahnsteig_PF
2869521,63781841513880,99_Bahnsteig_PF,99_Bahnsteig_PF,99_Bahnsteig_PF
2869538,63781841513891,99_Bahnsteig_PF,99_Bahnsteig_PF,99_Bahnsteig_PF
2869546,63781841513902,99_Bahnsteig_PF,99_Bahnsteig_PF,99_Bahnsteig_PF
2869555,63781841513913,99_Bahnsteig_PF,99_Bahnsteig_PF,99_Bahnsteig_PF
2869571,63781841513925,99_Bahnsteig_PF,99_Bahnsteig_PF,99_Bahnsteig_PF
2869579,63781841513936,99_Bahnsteig_PF,99_Bahnsteig_PF,99_Bahnsteig_PF
2869588,63781841513947,None,99_Bahnsteig_PF,99_Bahnsteig_PF
2869604,63781841513958,None,None,None
2869613,63781841513969,None,None,None
2869629,63781841513980,None,None,None
2869638,63781841513991,None,None,None
2869646,63781841514002,None,None,None
2869663,63781841514013,None,None,None
2869671,63781841514025,None,None,None
2869679,63781841514036,None,None,None
2869688,63781841514047,None,None,None
2869704,63781841514058,None,None,None
2869713,63781841514069,None,None,None
2869729,63781841514081,None,None,None
2869738,63781841514091,None,None,None
2869746,63781841514102,None,None,None
2869754,63781841514113,None,None,None
2869771,63781841514125,None,None,None
2869779,63781841514136,None,None,None
2869788,63781841514147,None,None,None
2869804,63781841514158,None,None,None
2869813,63781841514169,None,None,None
2869821,63781841514180,None,None,None
2869838,63781841514191,None,None,None
2869846,63781841514202,None,None,None
2869854,63781841514214,None,None,None
2869871,63781841514224,99_Bahnsteig_PF,99_Bahnsteig_PF,99_Bahnsteig_PF
2869879,63781841514236,99_Bahnsteig_PF,99_Bahnsteig_PF,99_Bahnsteig_PF
2869888,63781841514246,99_Bahnsteig_PF,99_Bahnsteig_PF,99_Bahnsteig_PF
2869904,63781841514258,99_Bahnsteig_PF,99_Bahnsteig_PF,99_Bahnsteig_PF
2869913,63781841514269,99_Bahnsteig_PF,99_Bahnsteig_PF,99_Bahnsteig_PF
2869921,63781841514280,99_Bahnsteig_PF,99_Bahnsteig_PF,99_Bahnsteig_PF
2869938,63781841514291,99_Bahnsteig_PF,99_Bahnsteig_PF,99_Bahnsteig_PF
2869946,63781841514302,99_Bahnsteig_PF,99_Bahnsteig_PF,99_Bahnsteig_PF
2869954,63781841514313,99_Bahnsteig_PF,99_Bahnsteig_PF,99_Bahnsteig_PF
2869971,63781841514324,99_Bahnsteig_PF,99_Bahnsteig_PF,99_Bahnsteig_PF
2869979,63781841514335,99_Bahnsteig_PF,99_Bahnsteig_PF,99_Bahnsteig_PF
2869988,63781841514346,99_Bahnsteig_PF,99_Bahnsteig_PF,99_Bahnsteig_PF
2870004,63781841514358,99_Bahnsteig_PF,99_Bahnsteig_PF,99_Bahnsteig_PF
2870013,63781841514369,99_Bahnsteig_PF,99_Bahnsteig_PF,99_Bahnsteig_PF
2870021,63781841514380,99_Bahnsteig_PF,99_Bahnsteig_PF,99_Bahnsteig_PF
2870038,63781841514392,99_Bahnsteig_PF,99_Bahnsteig_PF,99_Bahnsteig_PF
2870046,63781841514402,99_Bahnsteig_PF,99_Bahnsteig_PF,99_Bahnsteig_PF
2870054,63781841514413,99_Bahnsteig_PF,99_Bahnsteig_PF,99_Bahnsteig_PF
2870071,63781841514424,99_Bahnsteig_PF,99_Bahnsteig_PF,99_Bahnsteig_PF
2870079,63781841514436,99_Bahnsteig_PF,99_Bahnsteig_PF,99_Bahnsteig_PF
2870088,63781841514446,99_Bahnsteig_PF,99_Bahnsteig_PF,99_Bahnsteig_PF
2870104,63781841514458,99_Bahnsteig_PF,99_Bahnsteig_PF,99_Bahnsteig_PF
2870113,63781841514469,99_Bahnsteig_PF,99_Bahnsteig_PF,99_Bahnsteig_PF
2870121,63781841514480,99_Bahnsteig_PF,99_Bahnsteig_PF,99_Bahnsteig_PF
2870138,63781841514491,99_Bahnsteig_PF,99_Bahnsteig_PF,99_Bahnsteig_PF
2870146,63781841514502,99_Bahnsteig_PF,99_Bahnsteig_PF,99_Bahnsteig_PF
2870154,63781841514513,99_Bahnsteig_PF,99_Bahnsteig_PF,99_Bahnsteig_PF
2870171,63781841514525,99_Bahnsteig_PF,99_Bahnsteig_PF,99_Bahnsteig_PF
2870179,63781841514536,99_Bahnsteig_PF,99_Bahnsteig_PF,99_Bahnsteig_PF
2870188,63781841514547,99_Bahnsteig_PF,99_Bahnsteig_PF,99_Bahnsteig_PF
2870204,63781841514558,99_Bahnsteig_PF,99_Bahnsteig_PF,99_Bahnsteig_PF
2870213,63781841514569,99_Bahnsteig_PF,99_Bahnsteig_PF,99_Bahnsteig_PF
2870221,63781841514580,99_Bahnsteig_PF,99_Bahnsteig_PF,99_Bahnsteig_PF
2870238,63781841514591,99_Bahnsteig_PF,99_Bahnsteig_PF,99_Bahnsteig_PF
2870246,63781841514602,99_Bahnsteig_PF,99_Bahnsteig_PF,99_Bahnsteig_PF
2870254,63781841514613,99_Bahnsteig_PF,99_Bahnsteig_PF,99_Bahnsteig_PF
2870271,63781841514624,99_Bahnsteig_PF,99_Bahnsteig_PF,99_Bahnsteig_PF
2870279,63781841514635,99_Bahnsteig_PF,99_Bahnsteig_PF,99_Bahnsteig_PF
2870288,63781841514646,99_Bahnsteig_PF,99_Bahnsteig_PF,99_Bahnsteig_PF
2870304,63781841514658,99_Bahnsteig_PF,99_Bahnsteig_PF,99_Bahnsteig_PF
2870313,63781841514669,99_Bahnsteig_PF,99_Bahnsteig_PF,99_Bahnsteig_PF
2870321,63781841514680,99_Bahnsteig_PF,99_Bahnsteig_PF,99_Bahnsteig_PF
2870338,63781841514691,99_Bahnsteig_PF,99_Bahnsteig_PF,99_Bahnsteig_PF
2870346,63781841514702,99_Bahnsteig_PF,99_Bahnsteig_PF,99_Bahnsteig_PF
2870354,63781841514713,99_Bahnsteig_PF,99_Bahnsteig_PF,99_Bahnsteig_PF
2870371,63781841514724,99_Bahnsteig_PF,99_Bahnsteig_PF,99_Bahnsteig_PF
2870379,63781841514735,99_Bahnsteig_PF,99_Bahnsteig_PF,99_Bahnsteig_PF
2870388,63781841514746,99_Bahnsteig_PF,99_Bahnsteig_PF,99_Bahnsteig_PF
2870404,63781841514758,99_Bahnsteig_PF,99_Bahnsteig_PF,99_Bahnsteig_PF
2870413,63781841514769,99_Bahnsteig_PF,99_Bahnsteig_PF,99_Bahnsteig_PF
2870421,63781841514779,99_Bahnsteig_PF,99_Bahnsteig_PF,99_Bahnsteig_PF
2870438,63781841514791,99_Bahnsteig_PF,99_Bahnsteig_PF,99_Bahnsteig_PF
2870446,63781841514802,99_Bahnsteig_PF,99_Bahnsteig_PF,99_Bahnsteig_PF
2870454,63781841514813,99_Bahnsteig_PF,99_Bahnsteig_PF,99_Bahnsteig_PF
2870471,63781841514824,99_Bahnsteig_PF,99_Bahnsteig_PF,99_Bahnsteig_PF
2870479,63781841514835,99_Bahnsteig_PF,99_Bahnsteig_PF,99_Bahnsteig_PF
2870488,63781841514846,99_Bahnsteig_PF,99_Bahnsteig_PF,99_Bahnsteig_PF
2870504,63781841514858,99_Bahnsteig_PF,99_Bahnsteig_PF,99_Bahnsteig_PF
2870513,63781841514869,99_Bahnsteig_PF,99_Bahnsteig_PF,99_Bahnsteig_PF
2870521,63781841514880,99_Bahnsteig_PF,99_Bahnsteig_PF,99_Bahnsteig_PF
2870538,63781841514891,99_Bahnsteig_PF,99_Bahnsteig_PF,99_Bahnsteig_PF
2870546,63781841514903,99_Bahnsteig_PF,99_Bahnsteig_PF,99_Bahnsteig_PF
2870554,63781841514913,99_Bahnsteig_PF,99_Bahnsteig_PF,99_Bahnsteig_PF
2870571,63781841514924,99_Bahnsteig_PF,99_Bahnsteig_PF,99_Bahnsteig_PF
2870579,63781841514935,99_Bahnsteig_PF,99_Bahnsteig_PF,99_Bahnsteig_PF
2870588,63781841514946,None,99_Bahnsteig_PF,99_Bahnsteig_PF
2870604,63781841514957,None,None,None
2870613,63781841514968,None,None,None
2870621,63781841514979,None,None,None
2870638,63781841514991,None,None,None
2870646,63781841515002,None,None,None
2870663,63781841515013,None,None,None
2870671,63781841515024,None,None,None
2870679,63781841515035,None,None,None
2870696,63781841515046,None,None,None
2870704,63781841515057,None,None,None
2870713,63781841515069,None,None,None
2870721,63781841515080,None,None,None
2870738,63781841515091,None,None,None
2870746,63781841515102,None,None,None
2870754,63781841515113,None,None,None
2870771,63781841515124,None,None,None
2870779,63781841515135,None,None,None
2870788,63781841515146,None,None,None
2870804,63781841515157,None,None,None
2870813,63781841515169,None,None,None
2870821,63781841515179,None,None,None
2870838,63781841515191,99_Bahnsteig_PF,99_Bahnsteig_PF,99_Bahnsteig_PF
2870846,63781841515202,99_Bahnsteig_PF,99_Bahnsteig_PF,99_Bahnsteig_PF
2870854,63781841515213,99_Bahnsteig_PF,99_Bahnsteig_PF,99_Bahnsteig_PF
2870871,63781841515224,99_Bahnsteig_PF,99_Bahnsteig_PF,99_Bahnsteig_PF
2870879,63781841515235,99_Bahnsteig_PF,99_Bahnsteig_PF,99_Bahnsteig_PF
2870888,63781841515246,99_Bahnsteig_PF,99_Bahnsteig_PF,99_Bahnsteig_PF
2870904,63781841515257,99_Bahnsteig_PF,99_Bahnsteig_PF,99_Bahnsteig_PF
2870913,63781841515269,99_Bahnsteig_PF,99_Bahnsteig_PF,99_Bahnsteig_PF
2870921,63781841515279,99_Bahnsteig_PF,99_Bahnsteig_PF,99_Bahnsteig_PF
2870938,63781841515291,99_Bahnsteig_PF,99_Bahnsteig_PF,99_Bahnsteig_PF
2870946,63781841515302,99_Bahnsteig_PF,99_Bahnsteig_PF,99_Bahnsteig_PF
2870954,63781841515313,99_Bahnsteig_PF,99_Bahnsteig_PF,99_Bahnsteig_PF
2870971,63781841515324,99_Bahnsteig_PF,99_Bahnsteig_PF,99_Bahnsteig_PF
2870979,63781841515335,99_Bahnsteig_PF,99_Bahnsteig_PF,99_Bahnsteig_PF
2870988,63781841515346,99_Bahnsteig_PF,99_Bahnsteig_PF,99_Bahnsteig_PF
2871004,63781841515357,99_Bahnsteig_PF,99_Bahnsteig_PF,99_Bahnsteig_PF
2871013,63781841515368,99_Bahnsteig_PF,99_Bahnsteig_PF,99_Bahnsteig_PF
2871021,63781841515379,99_Bahnsteig_PF,99_Bahnsteig_PF,99_Bahnsteig_PF
2871038,63781841515391,99_Bahnsteig_PF,99_Bahnsteig_PF,99_Bahnsteig_PF
2871046,63781841515401,99_Bahnsteig_PF,99_Bahnsteig_PF,99_Bahnsteig_PF
2871054,63781841515413,99_Bahnsteig_PF,99_Bahnsteig_PF,99_Bahnsteig_PF
2871071,63781841515424,99_Bahnsteig_PF,99_Bahnsteig_PF,99_Bahnsteig_PF
2871079,63781841515435,99_Bahnsteig_PF,99_Bahnsteig_PF,99_Bahnsteig_PF
2871088,63781841515446,99_Bahnsteig_PF,99_Bahnsteig_PF,99_Bahnsteig_PF
2871104,63781841515457,99_Bahnsteig_PF,99_Bahnsteig_PF,99_Bahnsteig_PF
2871112,63781841515468,99_Bahnsteig_PF,99_Bahnsteig_PF,99_Bahnsteig_PF
2871121,63781841515480,99_Bahnsteig_PF,99_Bahnsteig_PF,99_Bahnsteig_PF
2871137,63781841515490,99_Bahnsteig_PF,99_Bahnsteig_PF,99_Bahnsteig_PF
2871146,63781841515501,99_Bahnsteig_PF,99_Bahnsteig_PF,99_Bahnsteig_PF
2871154,63781841515512,99_Bahnsteig_PF,99_Bahnsteig_PF,99_Bahnsteig_PF
2871171,63781841515524,99_Bahnsteig_PF,99_Bahnsteig_PF,99_Bahnsteig_PF
2871179,63781841515535,99_Bahnsteig_PF,99_Bahnsteig_PF,99_Bahnsteig_PF
2871187,63781841515546,99_Bahnsteig_PF,99_Bahnsteig_PF,99_Bahnsteig_PF
2871204,63781841515557,99_Bahnsteig_PF,99_Bahnsteig_PF,99_Bahnsteig_PF
2871212,63781841515568,99_Bahnsteig_PF,99_Bahnsteig_PF,99_Bahnsteig_PF
2871221,63781841515579,99_Bahnsteig_PF,99_Bahnsteig_PF,99_Bahnsteig_PF
2871237,63781841515591,99_Bahnsteig_PF,99_Bahnsteig_PF,99_Bahnsteig_PF
2871246,63781841515602,99_Bahnsteig_PF,99_Bahnsteig_PF,99_Bahnsteig_PF
2871254,63781841515612,99_Bahnsteig_PF,99_Bahnsteig_PF,99_Bahnsteig_PF
2871271,63781841515624,99_Bahnsteig_PF,99_Bahnsteig_PF,99_Bahnsteig_PF
2871279,63781841515635,99_Bahnsteig_PF,99_Bahnsteig_PF,99_Bahnsteig_PF
2871287,63781841515646,99_Bahnsteig_PF,99_Bahnsteig_PF,99_Bahnsteig_PF
2871304,63781841515657,99_Bahnsteig_PF,99_Bahnsteig_PF,99_Bahnsteig_PF
2871312,63781841515668,99_Bahnsteig_PF,99_Bahnsteig_PF,99_Bahnsteig_PF
2871321,63781841515679,99_Bahnsteig_PF,99_Bahnsteig_PF,99_Bahnsteig_PF
2871337,63781841515690,99_Bahnsteig_PF,99_Bahnsteig_PF,99_Bahnsteig_PF
2871346,63781841515701,99_Bahnsteig_PF,99_Bahnsteig_PF,99_Bahnsteig_PF
2871354,63781841515712,99_Bahnsteig_PF,99_Bahnsteig_PF,99_Bahnsteig_PF
2871371,63781841515723,99_Bahnsteig_PF,99_Bahnsteig_PF,99_Bahnsteig_PF
2871379,63781841515735,99_Bahnsteig_PF,99_Bahnsteig_PF,99_Bahnsteig_PF
2871387,63781841515746,99_Bahnsteig_PF,99_Bahnsteig_PF,99_Bahnsteig_PF
2871404,63781841515757,99_Bahnsteig_PF,99_Bahnsteig_PF,99_Bahnsteig_PF
2871412,63781841515768,99_Bahnsteig_PF,99_Bahnsteig_PF,99_Bahnsteig_PF
2871421,63781841515779,99_Bahnsteig_PF,99_Bahnsteig_PF,99_Bahnsteig_PF
2871437,63781841515791,99_Bahnsteig_PF,99_Bahnsteig_PF,99_Bahnsteig_PF
2871446,63781841515801,99_Bahnsteig_PF,99_Bahnsteig_PF,99_Bahnsteig_PF
2871454,63781841515812,99_Bahnsteig_PF,99_Bahnsteig_PF,99_Bahnsteig_PF
2871471,63781841515824,99_Bahnsteig_PF,99_Bahnsteig_PF,99_Bahnsteig_PF
2871479,63781841515834,99_Bahnsteig_PF,99_Bahnsteig_PF,99_Bahnsteig_PF
2871487,63781841515846,99_Bahnsteig_PF,99_Bahnsteig_PF,99_Bahnsteig_PF
2871504,63781841515857,99_Bahnsteig_PF,99_Bahnsteig_PF,99_Bahnsteig_PF
2871512,63781841515868,99_Bahnsteig_PF,99_Bahnsteig_PF,99_Bahnsteig_PF
2871521,63781841515879,99_Bahnsteig_PF,99_Bahnsteig_PF,99_Bahnsteig_PF
2871537,63781841515890,99_Bahnsteig_PF,99_Bahnsteig_PF,99_Bahnsteig_PF
2871546,63781841515901,99_Bahnsteig_PF,99_Bahnsteig_PF,99_Bahnsteig_PF
2871554,63781841515912,99_Bahnsteig_PF,99_Bahnsteig_PF,99_Bahnsteig_PF
2871571,63781841515923,99_Bahnsteig_PF,99_Bahnsteig_PF,99_Bahnsteig_PF
2871579,63781841515935,99_Bahnsteig_PF,99_Bahnsteig_PF,99_Bahnsteig_PF
2871587,63781841515946,99_Bahnsteig_PF,99_Bahnsteig_PF,99_Bahnsteig_PF
2871604,63781841515957,99_Bahnsteig_PF,99_Bahnsteig_PF,99_Bahnsteig_PF
2871612,63781841515968,99_Bahnsteig_PF,99_Bahnsteig_PF,99_Bahnsteig_PF
2871621,63781841515979,99_Bahnsteig_PF,99_Bahnsteig_PF,99_Bahnsteig_PF
2871637,63781841515990,99_Bahnsteig_PF,99_Bahnsteig_PF,99_Bahnsteig_PF
2871646,63781841516001,99_Bahnsteig_PF,99_Bahnsteig_PF,99_Bahnsteig_PF
2871654,63781841516012,99_Bahnsteig_PF,99_Bahnsteig_PF,99_Bahnsteig_PF
2871671,63781841516023,99_Bahnsteig_PF,99_Bahnsteig_PF,99_Bahnsteig_PF
2871679,63781841516035,99_Bahnsteig_PF,99_Bahnsteig_PF,99_Bahnsteig_PF
2871687,63781841516046,99_Bahnsteig_PF,99_Bahnsteig_PF,99_Bahnsteig_PF
2871704,63781841516057,99_Bahnsteig_PF,99_Bahnsteig_PF,99_Bahnsteig_PF
2871712,63781841516068,99_Bahnsteig_PF,99_Bahnsteig_PF,99_Bahnsteig_PF
2871721,63781841516079,99_Bahnsteig_PF,99_Bahnsteig_PF,99_Bahnsteig_PF
2871737,63781841516090,99_Bahnsteig_PF,99_Bahnsteig_PF,99_Bahnsteig_PF
2871746,63781841516101,99_Bahnsteig_PF,99_Bahnsteig_PF,99_Bahnsteig_PF
2871754,63781841516112,99_Bahnsteig_PF,99_Bahnsteig_PF,99_Bahnsteig_PF
2871771,63781841516123,99_Bahnsteig_PF,99_Bahnsteig_PF,99_Bahnsteig_PF
2871779,63781841516134,99_Bahnsteig_PF,None,99_Bahnsteig_PF
2871787,63781841516145,None,None,None
2871804,63781841516157,None,None,None
2871812,63781841516168,None,None,None
2871821,63781841516179,None,None,None
2871837,63781841516190,None,None,None
2871846,63781841516201,None,None,None
2871854,63781841516212,None,None,None
2871871,63781841516223,None,None,None
2871879,63781841516234,None,None,None
2871887,63781841516245,None,None,None
2871904,63781841516257,None,None,None
2871912,63781841516268,None,None,None
2871929,63781841516279,None,None,None
2871937,63781841516290,None,None,None
2871946,63781841516301,None,None,None
2871954,63781841516312,None,None,None
2871971,63781841516323,None,None,None
2871979,63781841516334,None,None,None
2871987,63781841516345,None,None,None
2872004,63781841516363,None,None,None
2872012,63781841516368,None,None,None
2872021,63781841516374,None,None,None
2872029,63781841516385,99_Bahnsteig_PF,99_Bahnsteig_PF,99_Bahnsteig_PF
2872046,63781841516397,99_Bahnsteig_PF,99_Bahnsteig_PF,99_Bahnsteig_PF
2872054,63781841516408,99_Bahnsteig_PF,99_Bahnsteig_PF,99_Bahnsteig_PF
2872062,63781841516418,99_Bahnsteig_PF,99_Bahnsteig_PF,99_Bahnsteig_PF
2872071,63781841516429,99_Bahnsteig_PF,99_Bahnsteig_PF,99_Bahnsteig_PF
2872087,63781841516440,99_Bahnsteig_PF,99_Bahnsteig_PF,99_Bahnsteig_PF
2872096,63781841516451,99_Bahnsteig_PF,99_Bahnsteig_PF,99_Bahnsteig_PF
2872104,63781841516463,99_Bahnsteig_PF,99_Bahnsteig_PF,99_Bahnsteig_PF
2872121,63781841516474,99_Bahnsteig_PF,99_Bahnsteig_PF,99_Bahnsteig_PF
2872129,63781841516485,99_Bahnsteig_PF,99_Bahnsteig_PF,99_Bahnsteig_PF
2872137,63781841516496,99_Bahnsteig_PF,99_Bahnsteig_PF,99_Bahnsteig_PF
2872154,63781841516507,99_Bahnsteig_PF,99_Bahnsteig_PF,99_Bahnsteig_PF
2872162,63781841516518,99_Bahnsteig_PF,99_Bahnsteig_PF,99_Bahnsteig_PF
2872171,63781841516529,99_Bahnsteig_PF,99_Bahnsteig_PF,99_Bahnsteig_PF
2872187,63781841516540,99_Bahnsteig_PF,99_Bahnsteig_PF,99_Bahnsteig_PF
2872196,63781841516552,99_Bahnsteig_PF,99_Bahnsteig_PF,99_Bahnsteig_PF
2872204,63781841516563,99_Bahnsteig_PF,99_Bahnsteig_PF,99_Bahnsteig_PF
2872221,63781841516574,99_Bahnsteig_PF,99_Bahnsteig_PF,99_Bahnsteig_PF
2872229,63781841516585,99_Bahnsteig_PF,99_Bahnsteig_PF,99_Bahnsteig_PF
2872237,63781841516596,99_Bahnsteig_PF,99_Bahnsteig_PF,99_Bahnsteig_PF
2872254,63781841516607,99_Bahnsteig_PF,99_Bahnsteig_PF,99_Bahnsteig_PF
2872262,63781841516619,99_Bahnsteig_PF,99_Bahnsteig_PF,99_Bahnsteig_PF
2872271,63781841516629,99_Bahnsteig_PF,99_Bahnsteig_PF,99_Bahnsteig_PF
2872287,63781841516640,99_Bahnsteig_PF,99_Bahnsteig_PF,99_Bahnsteig_PF
2872296,63781841516652,99_Bahnsteig_PF,99_Bahnsteig_PF,99_Bahnsteig_PF
2872304,63781841516663,99_Bahnsteig_PF,99_Bahnsteig_PF,99_Bahnsteig_PF
2872321,63781841516674,99_Bahnsteig_PF,99_Bahnsteig_PF,99_Bahnsteig_PF
2872329,63781841516685,99_Bahnsteig_PF,99_Bahnsteig_PF,99_Bahnsteig_PF
2872337,63781841516696,99_Bahnsteig_PF,99_Bahnsteig_PF,99_Bahnsteig_PF
2872354,63781841516707,99_Bahnsteig_PF,99_Bahnsteig_PF,99_Bahnsteig_PF
2872362,63781841516718,99_Bahnsteig_PF,99_Bahnsteig_PF,99_Bahnsteig_PF
2872371,63781841516730,99_Bahnsteig_PF,99_Bahnsteig_PF,99_Bahnsteig_PF
2872387,63781841516741,99_Bahnsteig_PF,99_Bahnsteig_PF,99_Bahnsteig_PF
2872396,63781841516752,99_Bahnsteig_PF,99_Bahnsteig_PF,99_Bahnsteig_PF
2872412,63781841516764,99_Bahnsteig_PF,99_Bahnsteig_PF,99_Bahnsteig_PF
2872421,63781841516775,99_Bahnsteig_PF,99_Bahnsteig_PF,99_Bahnsteig_PF
2872429,63781841516786,99_Bahnsteig_PF,99_Bahnsteig_PF,99_Bahnsteig_PF
2872446,63781841516798,99_Bahnsteig_PF,99_Bahnsteig_PF,99_Bahnsteig_PF
2872454,63781841516809,99_Bahnsteig_PF,99_Bahnsteig_PF,99_Bahnsteig_PF
2872462,63781841516820,99_Bahnsteig_PF,99_Bahnsteig_PF,99_Bahnsteig_PF
2872479,63781841516832,99_Bahnsteig_PF,99_Bahnsteig_PF,99_Bahnsteig_PF
2872487,63781841516843,99_Bahnsteig_PF,99_Bahnsteig_PF,99_Bahnsteig_PF
2872496,63781841516854,99_Bahnsteig_PF,99_Bahnsteig_PF,99_Bahnsteig_PF
2872512,63781841516866,99_Bahnsteig_PF,99_Bahnsteig_PF,99_Bahnsteig_PF
2872521,63781841516878,99_Bahnsteig_PF,99_Bahnsteig_PF,99_Bahnsteig_PF
2872537,63781841516889,99_Bahnsteig_PF,99_Bahnsteig_PF,99_Bahnsteig_PF
2872546,63781841516900,99_Bahnsteig_PF,99_Bahnsteig_PF,99_Bahnsteig_PF
2872554,63781841516911,99_Bahnsteig_PF,99_Bahnsteig_PF,99_Bahnsteig_PF
2872571,63781841516922,99_Bahnsteig_PF,99_Bahnsteig_PF,99_Bahnsteig_PF
2872579,63781841516934,99_Bahnsteig_PF,99_Bahnsteig_PF,99_Bahnsteig_PF
2872587,63781841516945,99_Bahnsteig_PF,99_Bahnsteig_PF,99_Bahnsteig_PF
2872604,63781841516956,99_Bahnsteig_PF,99_Bahnsteig_PF,99_Bahnsteig_PF
2872612,63781841516968,99_Bahnsteig_PF,99_Bahnsteig_PF,99_Bahnsteig_PF
2872621,63781841516978,99_Bahnsteig_PF,99_Bahnsteig_PF,99_Bahnsteig_PF
2872637,63781841516989,99_Bahnsteig_PF,99_Bahnsteig_PF,99_Bahnsteig_PF
2872646,63781841517000,99_Bahnsteig_PF,99_Bahnsteig_PF,99_Bahnsteig_PF
2872654,63781841517011,99_Bahnsteig_PF,99_Bahnsteig_PF,99_Bahnsteig_PF
2872670,63781841517023,99_Bahnsteig_PF,99_Bahnsteig_PF,99_Bahnsteig_PF
2872679,63781841517034,99_Bahnsteig_PF,99_Bahnsteig_PF,99_Bahnsteig_PF
2872687,63781841517045,99_Bahnsteig_PF,99_Bahnsteig_PF,99_Bahnsteig_PF
2872704,63781841517056,99_Bahnsteig_PF,99_Bahnsteig_PF,99_Bahnsteig_PF
2872712,63781841517067,99_Bahnsteig_PF,99_Bahnsteig_PF,99_Bahnsteig_PF
2872720,63781841517078,99_Bahnsteig_PF,99_Bahnsteig_PF,99_Bahnsteig_PF
2872737,63781841517089,99_Bahnsteig_PF,99_Bahnsteig_PF,99_Bahnsteig_PF
2872745,63781841517100,99_Bahnsteig_PF,99_Bahnsteig_PF,99_Bahnsteig_PF
2872754,63781841517111,99_Bahnsteig_PF,99_Bahnsteig_PF,99_Bahnsteig_PF
2872770,63781841517123,99_Bahnsteig_PF,99_Bahnsteig_PF,99_Bahnsteig_PF
2872779,63781841517134,99_Bahnsteig_PF,99_Bahnsteig_PF,99_Bahnsteig_PF
2872787,63781841517144,99_Bahnsteig_PF,99_Bahnsteig_PF,99_Bahnsteig_PF
2872804,63781841517156,99_Bahnsteig_PF,99_Bahnsteig_PF,99_Bahnsteig_PF
2872812,63781841517167,99_Bahnsteig_PF,99_Bahnsteig_PF,99_Bahnsteig_PF
2872820,63781841517178,99_Bahnsteig_PF,99_Bahnsteig_PF,99_Bahnsteig_PF
2872837,63781841517189,99_Bahnsteig_PF,99_Bahnsteig_PF,99_Bahnsteig_PF
2872845,63781841517200,99_Bahnsteig_PF,99_Bahnsteig_PF,99_Bahnsteig_PF
2872854,63781841517211,99_Bahnsteig_PF,99_Bahnsteig_PF,99_Bahnsteig_PF
2872870,63781841517223,99_Bahnsteig_PF,99_Bahnsteig_PF,99_Bahnsteig_PF
2872879,63781841517234,99_Bahnsteig_PF,99_Bahnsteig_PF,99_Bahnsteig_PF
2872887,63781841517245,99_Bahnsteig_PF,99_Bahnsteig_PF,99_Bahnsteig_PF
2872904,63781841517256,99_Bahnsteig_PF,99_Bahnsteig_PF,99_Bahnsteig_PF
2872912,63781841517267,99_Bahnsteig_PF,None,99_Bahnsteig_PF
2872920,63781841517278,None,None,None
2872937,63781841517289,None,None,None
2872945,63781841517301,None,None,None
2872954,63781841517312,None,None,None
2872970,63781841517323,None,None,None
2872979,63781841517334,None,None,None
2872987,63781841517345,None,None,None
2873004,63781841517356,None,None,None
2873012,63781841517367,None,None,None
2873029,63781841517378,None,None,None
2873037,63781841517389,None,None,None
2873045,63781841517400,None,None,None
2873054,63781841517411,None,None,None
2873070,63781841517423,None,None,None
2873078,63781841517434,None,None,None
2873087,63781841517444,None,None,None
2873103,63781841517456,None,None,None
2873112,63781841517467,None,None,None
2873120,63781841517478,None,None,None
2873137,63781841517489,None,None,None
2873145,63781841517500,None,None,None
2873153,63781841517511,None,None,None
2873170,63781841517523,None,None,None
2873178,63781841517534,99_Bahnsteig_PF,99_Bahnsteig_PF,99_Bahnsteig_PF
2873187,63781841517545,99_Bahnsteig_PF,99_Bahnsteig_PF,99_Bahnsteig_PF
2873203,63781841517556,99_Bahnsteig_PF,99_Bahnsteig_PF,99_Bahnsteig_PF
2873212,63781841517567,99_Bahnsteig_PF,99_Bahnsteig_PF,99_Bahnsteig_PF
2873220,63781841517578,99_Bahnsteig_PF,99_Bahnsteig_PF,99_Bahnsteig_PF
2873237,63781841517589,99_Bahnsteig_PF,99_Bahnsteig_PF,99_Bahnsteig_PF
2873245,63781841517600,99_Bahnsteig_PF,99_Bahnsteig_PF,99_Bahnsteig_PF
2873253,63781841517611,None,99_Bahnsteig_PF,99_Bahnsteig_PF
2873270,63781841517622,None,None,None
2873278,63781841517634,None,None,None
2873287,63781841517644,None,None,None
2873303,63781841517657,None,None,None
2873312,63781841517667,None,None,None
2873320,63781841517678,None,None,None
2873337,63781841517689,None,None,None
2873345,63781841517700,None,None,None
2873353,63781841517711,None,None,None
2873370,63781841517722,None,None,None
2873378,63781841517733,None,None,None
2873387,63781841517744,None,None,None
2873403,63781841517756,None,None,None
2873412,63781841517767,None,None,None
2873420,63781841517778,None,None,None
2873437,63781841517789,None,None,None
2873445,63781841517800,None,None,None
2873453,63781841517811,None,None,None
2873470,63781841517822,None,None,None
2873478,63781841517833,None,None,None
2873487,63781841517844,None,None,None
2873503,63781841517855,None,None,None
2873512,63781841517867,None,None,None
2873520,63781841517878,None,None,None
2873537,63781841517889,99_Bahnsteig_PF,99_Bahnsteig_PF,99_Bahnsteig_PF
2873545,63781841517900,99_Bahnsteig_PF,99_Bahnsteig_PF,99_Bahnsteig_PF
2873553,63781841517911,99_Bahnsteig_PF,99_Bahnsteig_PF,99_Bahnsteig_PF
2873570,63781841517922,99_Bahnsteig_PF,99_Bahnsteig_PF,99_Bahnsteig_PF
2873578,63781841517933,99_Bahnsteig_PF,99_Bahnsteig_PF,99_Bahnsteig_PF
2873587,63781841517944,99_Bahnsteig_PF,99_Bahnsteig_PF,99_Bahnsteig_PF
2873603,63781841517956,None,99_Bahnsteig_PF,99_Bahnsteig_PF
2873612,63781841517967,None,None,None
2873620,63781841517978,None,None,None
2873637,63781841517989,None,None,None
2873645,63781841518000,None,None,None
2873662,63781841518011,None,None,None
2873670,63781841518022,None,None,None
2873678,63781841518033,None,None,None
2873687,63781841518044,None,None,None
2873703,63781841518055,None,None,None
2873712,63781841518067,None,None,None
2873720,63781841518078,None,None,None
2873737,63781841518089,None,None,None
2873745,63781841518100,None,None,None
2873753,63781841518111,None,None,None
2873770,63781841518122,None,None,None
2873778,63781841518133,None,None,None
2873787,63781841518144,None,None,None
2873803,63781841518156,None,None,None
2873812,63781841518167,None,None,None
2873820,63781841518178,None,None,None
2873837,63781841518189,None,None,None
2873845,63781841518200,None,None,None
2873853,63781841518211,None,None,None
2873870,63781841518222,None,None,None
2873878,63781841518233,None,None,None
2873887,63781841518244,None,None,None
2873903,63781841518255,99_Bahnsteig_PF,99_Bahnsteig_PF,99_Bahnsteig_PF
2873912,63781841518267,99_Bahnsteig_PF,99_Bahnsteig_PF,99_Bahnsteig_PF
2873920,63781841518278,99_Bahnsteig_PF,99_Bahnsteig_PF,99_Bahnsteig_PF
2873937,63781841518289,99_Bahnsteig_PF,99_Bahnsteig_PF,99_Bahnsteig_PF
2873945,63781841518300,99_Bahnsteig_PF,99_Bahnsteig_PF,99_Bahnsteig_PF
2873953,63781841518311,99_Bahnsteig_PF,99_Bahnsteig_PF,99_Bahnsteig_PF
2873970,63781841518322,99_Bahnsteig_PF,99_Bahnsteig_PF,99_Bahnsteig_PF
2873978,63781841518333,99_Bahnsteig_PF,99_Bahnsteig_PF,99_Bahnsteig_PF
2873987,63781841518344,99_Bahnsteig_PF,99_Bahnsteig_PF,99_Bahnsteig_PF
2874003,63781841518355,99_Bahnsteig_PF,99_Bahnsteig_PF,99_Bahnsteig_PF
2874012,63781841518367,None,None,None
2874020,63781841518377,None,None,None
2874037,63781841518389,None,None,None
2874045,63781841518400,None,None,None
2874053,63781841518411,None,None,None
2874070,63781841518422,None,None,None
2874078,63781841518433,None,None,None
2874087,63781841518444,None,None,None
2874103,63781841518455,None,None,None
2874112,63781841518466,None,None,None
2874120,63781841518478,None,None,None
2874137,63781841518488,None,None,None
2874145,63781841518500,None,None,None
2874153,63781841518511,None,None,None
2874170,63781841518522,None,None,None
2874178,63781841518533,None,None,None
2874187,63781841518544,None,None,None
2874203,63781841518555,None,None,None
2874212,63781841518566,None,None,None
2874220,63781841518577,None,None,None
2874236,63781841518589,None,None,None
2874245,63781841518599,None,None,None
2874253,63781841518611,None,None,None
2874270,63781841518622,None,None,None
2874278,63781841518633,99_Bahnsteig_PF,99_Bahnsteig_PF,99_Bahnsteig_PF
2874286,63781841518644,99_Bahnsteig_PF,99_Bahnsteig_PF,99_Bahnsteig_PF
2874303,63781841518655,99_Bahnsteig_PF,99_Bahnsteig_PF,99_Bahnsteig_PF
2874311,63781841518667,99_Bahnsteig_PF,99_Bahnsteig_PF,99_Bahnsteig_PF
2874320,63781841518678,99_Bahnsteig_PF,99_Bahnsteig_PF,99_Bahnsteig_PF
2874336,63781841518690,99_Bahnsteig_PF,99_Bahnsteig_PF,99_Bahnsteig_PF
2874345,63781841518700,99_Bahnsteig_PF,99_Bahnsteig_PF,99_Bahnsteig_PF
2874353,63781841518711,99_Bahnsteig_PF,99_Bahnsteig_PF,99_Bahnsteig_PF
2874370,63781841518723,99_Bahnsteig_PF,99_Bahnsteig_PF,99_Bahnsteig_PF
2874378,63781841518734,99_Bahnsteig_PF,99_Bahnsteig_PF,99_Bahnsteig_PF
2874386,63781841518745,99_Bahnsteig_PF,99_Bahnsteig_PF,99_Bahnsteig_PF
2874403,63781841518756,99_Bahnsteig_PF,99_Bahnsteig_PF,99_Bahnsteig_PF
2874411,63781841518767,99_Bahnsteig_PF,99_Bahnsteig_PF,99_Bahnsteig_PF
2874420,63781841518778,99_Bahnsteig_PF,99_Bahnsteig_PF,99_Bahnsteig_PF
2874436,63781841518789,99_Bahnsteig_PF,99_Bahnsteig_PF,99_Bahnsteig_PF
2874445,63781841518800,99_Bahnsteig_PF,99_Bahnsteig_PF,99_Bahnsteig_PF
2874453,63781841518811,99_Bahnsteig_PF,99_Bahnsteig_PF,99_Bahnsteig_PF
2874470,63781841518823,99_Bahnsteig_PF,99_Bahnsteig_PF,99_Bahnsteig_PF
2874478,63781841518834,99_Bahnsteig_PF,99_Bahnsteig_PF,99_Bahnsteig_PF
2874486,63781841518845,99_Bahnsteig_PF,99_Bahnsteig_PF,99_Bahnsteig_PF
2874503,63781841518856,99_Bahnsteig_PF,99_Bahnsteig_PF,99_Bahnsteig_PF
2874511,63781841518867,99_Bahnsteig_PF,99_Bahnsteig_PF,99_Bahnsteig_PF
2874520,63781841518878,99_Bahnsteig_PF,99_Bahnsteig_PF,99_Bahnsteig_PF
2874536,63781841518889,99_Bahnsteig_PF,99_Bahnsteig_PF,99_Bahnsteig_PF
2874545,63781841518901,99_Bahnsteig_PF,99_Bahnsteig_PF,99_Bahnsteig_PF
2874553,63781841518911,99_Bahnsteig_PF,99_Bahnsteig_PF,99_Bahnsteig_PF
2874570,63781841518922,99_Bahnsteig_PF,99_Bahnsteig_PF,99_Bahnsteig_PF
2874578,63781841518934,99_Bahnsteig_PF,99_Bahnsteig_PF,99_Bahnsteig_PF
2874586,63781841518945,99_Bahnsteig_PF,99_Bahnsteig_PF,99_Bahnsteig_PF
2874603,63781841518956,99_Bahnsteig_PF,99_Bahnsteig_PF,99_Bahnsteig_PF
2874611,63781841518967,99_Bahnsteig_PF,99_Bahnsteig_PF,99_Bahnsteig_PF
2874620,63781841518978,99_Bahnsteig_PF,99_Bahnsteig_PF,99_Bahnsteig_PF
2874636,63781841518989,99_Bahnsteig_PF,99_Bahnsteig_PF,99_Bahnsteig_PF
2874645,63781841519001,99_Bahnsteig_PF,99_Bahnsteig_PF,99_Bahnsteig_PF
2874653,63781841519011,99_Bahnsteig_PF,99_Bahnsteig_PF,99_Bahnsteig_PF
2874670,63781841519022,99_Bahnsteig_PF,99_Bahnsteig_PF,99_Bahnsteig_PF
2874678,63781841519034,99_Bahnsteig_PF,99_Bahnsteig_PF,99_Bahnsteig_PF
2874686,63781841519045,99_Bahnsteig_PF,99_Bahnsteig_PF,99_Bahnsteig_PF
2874703,63781841519056,99_Bahnsteig_PF,99_Bahnsteig_PF,99_Bahnsteig_PF
2874711,63781841519067,99_Bahnsteig_PF,99_Bahnsteig_PF,99_Bahnsteig_PF
2874720,63781841519078,99_Bahnsteig_PF,99_Bahnsteig_PF,99_Bahnsteig_PF
2874736,63781841519089,99_Bahnsteig_PF,99_Bahnsteig_PF,99_Bahnsteig_PF
2874745,63781841519101,99_Bahnsteig_PF,99_Bahnsteig_PF,99_Bahnsteig_PF
2874753,63781841519111,99_Bahnsteig_PF,99_Bahnsteig_PF,99_Bahnsteig_PF
2874770,63781841519122,99_Bahnsteig_PF,99_Bahnsteig_PF,99_Bahnsteig_PF
2874778,63781841519133,99_Bahnsteig_PF,99_Bahnsteig_PF,99_Bahnsteig_PF
2874786,63781841519144,99_Bahnsteig_PF,99_Bahnsteig_PF,99_Bahnsteig_PF
2874803,63781841519156,99_Bahnsteig_PF,99_Bahnsteig_PF,99_Bahnsteig_PF
2874811,63781841519167,99_Bahnsteig_PF,99_Bahnsteig_PF,99_Bahnsteig_PF
2874820,63781841519178,99_Bahnsteig_PF,99_Bahnsteig_PF,99_Bahnsteig_PF
2874836,63781841519189,99_Bahnsteig_PF,99_Bahnsteig_PF,99_Bahnsteig_PF
2874845,63781841519200,99_Bahnsteig_PF,99_Bahnsteig_PF,99_Bahnsteig_PF
2874853,63781841519211,99_Bahnsteig_PF,99_Bahnsteig_PF,99_Bahnsteig_PF
2874870,63781841519222,99_Bahnsteig_PF,99_Bahnsteig_PF,99_Bahnsteig_PF
2874878,63781841519233,99_Bahnsteig_PF,99_Bahnsteig_PF,99_Bahnsteig_PF
2874886,63781841519245,99_Bahnsteig_PF,99_Bahnsteig_PF,99_Bahnsteig_PF
2874903,63781841519256,99_Bahnsteig_PF,99_Bahnsteig_PF,99_Bahnsteig_PF
2874911,63781841519267,99_Bahnsteig_PF,99_Bahnsteig_PF,99_Bahnsteig_PF
2874920,63781841519278,99_Bahnsteig_PF,99_Bahnsteig_PF,99_Bahnsteig_PF
2874936,63781841519289,99_Bahnsteig_PF,99_Bahnsteig_PF,99_Bahnsteig_PF
2874945,63781841519300,99_Bahnsteig_PF,99_Bahnsteig_PF,99_Bahnsteig_PF
2874953,63781841519311,99_Bahnsteig_PF,99_Bahnsteig_PF,99_Bahnsteig_PF
2874970,63781841519322,99_Bahnsteig_PF,99_Bahnsteig_PF,99_Bahnsteig_PF
2874978,63781841519333,99_Bahnsteig_PF,99_Bahnsteig_PF,99_Bahnsteig_PF
2874986,63781841519344,99_Bahnsteig_PF,99_Bahnsteig_PF,99_Bahnsteig_PF
2875003,63781841519355,99_Bahnsteig_PF,99_Bahnsteig_PF,99_Bahnsteig_PF
2875011,63781841519367,99_Bahnsteig_PF,99_Bahnsteig_PF,99_Bahnsteig_PF
2875020,63781841519378,99_Bahnsteig_PF,99_Bahnsteig_PF,99_Bahnsteig_PF
2875036,63781841519389,99_Bahnsteig_PF,99_Bahnsteig_PF,99_Bahnsteig_PF
2875045,63781841519400,99_Bahnsteig_PF,99_Bahnsteig_PF,99_Bahnsteig_PF
2875053,63781841519411,99_Bahnsteig_PF,99_Bahnsteig_PF,99_Bahnsteig_PF
2875070,63781841519422,99_Bahnsteig_PF,99_Bahnsteig_PF,99_Bahnsteig_PF
2875078,63781841519433,99_Bahnsteig_PF,99_Bahnsteig_PF,99_Bahnsteig_PF
2875086,63781841519444,99_Bahnsteig_PF,99_Bahnsteig_PF,99_Bahnsteig_PF
2875103,63781841519455,99_Bahnsteig_PF,99_Bahnsteig_PF,99_Bahnsteig_PF
2875111,63781841519467,99_Bahnsteig_PF,99_Bahnsteig_PF,99_Bahnsteig_PF
2875120,63781841519478,99_Bahnsteig_PF,99_Bahnsteig_PF,99_Bahnsteig_PF
2875136,63781841519489,99_Bahnsteig_PF,99_Bahnsteig_PF,99_Bahnsteig_PF
2875145,63781841519500,99_Bahnsteig_PF,99_Bahnsteig_PF,99_Bahnsteig_PF
2875153,63781841519511,99_Bahnsteig_PF,99_Bahnsteig_PF,99_Bahnsteig_PF
2875170,63781841519523,99_Bahnsteig_PF,99_Bahnsteig_PF,99_Bahnsteig_PF
2875178,63781841519533,99_Bahnsteig_PF,99_Bahnsteig_PF,99_Bahnsteig_PF
2875186,63781841519544,99_Bahnsteig_PF,99_Bahnsteig_PF,99_Bahnsteig_PF
2875203,63781841519555,99_Bahnsteig_PF,99_Bahnsteig_PF,99_Bahnsteig_PF
2875211,63781841519567,99_Bahnsteig_PF,99_Bahnsteig_PF,99_Bahnsteig_PF
2875220,63781841519578,99_Bahnsteig_PF,99_Bahnsteig_PF,99_Bahnsteig_PF
2875236,63781841519589,99_Bahnsteig_PF,99_Bahnsteig_PF,99_Bahnsteig_PF
2875245,63781841519600,99_Bahnsteig_PF,99_Bahnsteig_PF,99_Bahnsteig_PF
2875253,63781841519611,99_Bahnsteig_PF,99_Bahnsteig_PF,99_Bahnsteig_PF
2875270,63781841519622,99_Bahnsteig_PF,99_Bahnsteig_PF,99_Bahnsteig_PF
2875278,63781841519634,99_Bahnsteig_PF,99_Bahnsteig_PF,99_Bahnsteig_PF
2875286,63781841519644,99_Bahnsteig_PF,99_Bahnsteig_PF,99_Bahnsteig_PF
2875303,63781841519655,99_Bahnsteig_PF,99_Bahnsteig_PF,99_Bahnsteig_PF
2875311,63781841519667,99_Bahnsteig_PF,99_Bahnsteig_PF,99_Bahnsteig_PF
2875320,63781841519678,99_Bahnsteig_PF,99_Bahnsteig_PF,99_Bahnsteig_PF
2875336,63781841519689,99_Bahnsteig_PF,99_Bahnsteig_PF,99_Bahnsteig_PF
2875345,63781841519700,99_Bahnsteig_PF,99_Bahnsteig_PF,99_Bahnsteig_PF
2875353,63781841519711,99_Bahnsteig_PF,99_Bahnsteig_PF,99_Bahnsteig_PF
2875370,63781841519722,99_Bahnsteig_PF,99_Bahnsteig_PF,99_Bahnsteig_PF
2875378,63781841519733,99_Bahnsteig_PF,99_Bahnsteig_PF,99_Bahnsteig_PF
2875386,63781841519744,99_Bahnsteig_PF,99_Bahnsteig_PF,99_Bahnsteig_PF
2875403,63781841519755,99_Bahnsteig_PF,99_Bahnsteig_PF,99_Bahnsteig_PF
2875411,63781841519767,99_Bahnsteig_PF,99_Bahnsteig_PF,99_Bahnsteig_PF
2875420,63781841519778,99_Bahnsteig_PF,99_Bahnsteig_PF,99_Bahnsteig_PF
2875436,63781841519789,99_Bahnsteig_PF,99_Bahnsteig_PF,99_Bahnsteig_PF
2875445,63781841519800,99_Bahnsteig_PF,99_Bahnsteig_PF,99_Bahnsteig_PF
2875453,63781841519811,99_Bahnsteig_PF,99_Bahnsteig_PF,99_Bahnsteig_PF
2875470,63781841519822,99_Bahnsteig_PF,99_Bahnsteig_PF,99_Bahnsteig_PF
2875478,63781841519833,99_Bahnsteig_PF,99_Bahnsteig_PF,99_Bahnsteig_PF
2875486,63781841519844,99_Bahnsteig_PF,99_Bahnsteig_PF,99_Bahnsteig_PF
2875503,63781841519855,99_Bahnsteig_PF,99_Bahnsteig_PF,99_Bahnsteig_PF
2875511,63781841519866,99_Bahnsteig_PF,99_Bahnsteig_PF,99_Bahnsteig_PF
2875520,63781841519877,None,99_Bahnsteig_PF,99_Bahnsteig_PF
2875536,63781841519889,None,None,None
2875544,63781841519900,None,None,None
2875553,63781841519911,None,None,None
2875569,63781841519922,None,None,None
2875578,63781841519933,None,None,None
2875586,63781841519944,None,None,None
2875603,63781841519955,None,None,None
2875611,63781841519966,None,None,None
2875619,63781841519978,None,None,None
2875636,63781841519989,None,None,None
2875644,63781841520000,None,None,None
2875653,63781841520011,None,None,None
2875669,63781841520022,None,None,None
2875678,63781841520033,None,None,None
2875694,63781841520050,None,None,None
2875694,63781841520055,None,None,None
2875703,63781841520063,None,None,None
2875719,63781841520074,None,None,None
2875728,63781841520085,None,None,None
2875736,63781841520096,None,None,None
2875753,63781841520107,None,None,None
2875761,63781841520118,None,None,None
2875769,63781841520129,99_Bahnsteig_PF,99_Bahnsteig_PF,99_Bahnsteig_PF
2875786,63781841520141,99_Bahnsteig_PF,99_Bahnsteig_PF,99_Bahnsteig_PF
2875794,63781841520152,99_Bahnsteig_PF,None,99_Bahnsteig_PF
2875811,63781841520163,None,None,None
2875819,63781841520174,99_Bahnsteig_PF,None,99_Bahnsteig_PF
2875828,63781841520185,99_Bahnsteig_PF,None,99_Bahnsteig_PF
2875836,63781841520196,99_Bahnsteig_PF,None,99_Bahnsteig_PF
2875853,63781841520207,99_Bahnsteig_PF,None,99_Bahnsteig_PF
2875861,63781841520218,99_Bahnsteig_PF,None,99_Bahnsteig_PF
2875869,63781841520230,99_Bahnsteig_PF,None,99_Bahnsteig_PF
2875886,63781841520240,99_Bahnsteig_PF,None,99_Bahnsteig_PF
2875894,63781841520251,99_Bahnsteig_PF,None,99_Bahnsteig_PF
2875903,63781841520263,99_Bahnsteig_PF,None,99_Bahnsteig_PF
2875919,63781841520274,99_Bahnsteig_PF,None,99_Bahnsteig_PF
2875928,63781841520285,99_Bahnsteig_PF,None,99_Bahnsteig_PF
2875936,63781841520296,99_Bahnsteig_PF,None,99_Bahnsteig_PF
2875953,63781841520307,99_Bahnsteig_PF,None,99_Bahnsteig_PF
2875961,63781841520318,None,None,None
2875969,63781841520329,None,None,None
2875986,63781841520340,99_Bahnsteig_PF,None,None
2875994,63781841520351,None,None,None
2876003,63781841520362,None,None,None
2876019,63781841520374,None,None,None
2876028,63781841520385,99_Bahnsteig_PF,None,99_Bahnsteig_PF
2876036,63781841520396,None,None,None
2876053,63781841520408,None,None,None
2876061,63781841520419,None,None,None
2876078,63781841520430,None,None,None
2876086,63781841520441,None,None,None
2876094,63781841520453,None,None,None
2876111,63781841520464,None,None,None
2876119,63781841520475,None,None,None
2876128,63781841520486,None,None,None
2876144,63781841520498,None,None,None
2876153,63781841520509,None,None,None
2876161,63781841520520,None,None,None
2876178,63781841520531,None,None,None
2876186,63781841520543,None,None,None
2876194,63781841520554,None,None,None
2876211,63781841520565,None,None,None
2876219,63781841520577,None,None,None
2876228,63781841520588,None,None,None
2876244,63781841520599,None,None,None
2876253,63781841520612,None,None,None
2876261,63781841520621,None,None,None
2876278,63781841520633,None,None,None
2876286,63781841520644,None,None,None
2876303,63781841520655,None,None,None
2876311,63781841520666,None,None,None
2876319,63781841520677,None,None,None
2876328,63781841520688,None,None,None
2876344,63781841520699,None,None,None
2876353,63781841520710,None,None,None
2876361,63781841520721,None,None,None
2876378,63781841520733,None,None,None
2876386,63781841520744,None,None,None
2876403,63781841520755,None,None,None
2876411,63781841520766,None,None,None
2876419,63781841520777,None,None,None
2876436,63781841520788,None,None,None
2876444,63781841520799,None,None,None
2876453,63781841520810,None,None,None
2876461,63781841520821,None,None,None
2876478,63781841520832,None,None,None
2876486,63781841520844,None,None,None
2876503,63781841520855,99_Bahnsteig_PF,None,99_Bahnsteig_PF
2876511,63781841520866,None,None,None
2876519,63781841520877,None,None,None
2876528,63781841520888,None,None,None
2876544,63781841520899,None,None,None
2876553,63781841520910,None,None,None
2876569,63781841520921,None,None,None
2876578,63781841520932,None,None,None
2876586,63781841520943,None,None,None
2876594,63781841520954,None,None,None
2876611,63781841520966,None,None,None
2876619,63781841520977,None,None,None
2876628,63781841520988,None,None,None
2876644,63781841520999,None,None,None
2876653,63781841521010,None,None,None
2876661,63781841521021,None,None,None
2876678,63781841521032,None,None,None
2876686,63781841521043,None,None,None
2876703,63781841521055,None,None,None
2876711,63781841521066,None,None,None
2876719,63781841521077,None,None,None
2876736,63781841521088,None,None,None
2876744,63781841521099,None,None,None
2876753,63781841521110,None,None,None
2876761,63781841521121,None,None,None
2876778,63781841521132,None,None,None
2876786,63781841521143,None,None,None
2876803,63781841521154,None,None,None
2876811,63781841521165,None,None,None
2876819,63781841521176,None,None,None
2876836,63781841521188,None,None,None
2876844,63781841521199,None,None,None
2876853,63781841521210,None,None,None
2876869,63781841521221,None,None,None
2876878,63781841521232,None,None,None
2876886,63781841521243,None,None,None
2876903,63781841521254,None,None,None
2876911,63781841521265,None,None,None
2876919,63781841521277,None,None,None
2876936,63781841521288,None,None,None
2876944,63781841521299,None,None,None
2876953,63781841521310,None,None,None
2876961,63781841521321,None,None,None
2876978,63781841521332,None,None,None
2876986,63781841521344,None,99_Bahnsteig_PF,99_Bahnsteig_PF
2876994,63781841521355,99_Bahnsteig_PF,99_Bahnsteig_PF,99_Bahnsteig_PF
2877011,63781841521365,99_Bahnsteig_PF,99_Bahnsteig_PF,99_Bahnsteig_PF
2877019,63781841521377,99_Bahnsteig_PF,99_Bahnsteig_PF,99_Bahnsteig_PF
2877036,63781841521388,99_Bahnsteig_PF,99_Bahnsteig_PF,99_Bahnsteig_PF
2877044,63781841521399,99_Bahnsteig_PF,99_Bahnsteig_PF,99_Bahnsteig_PF
2877053,63781841521410,99_Bahnsteig_PF,99_Bahnsteig_PF,99_Bahnsteig_PF
2877069,63781841521421,99_Bahnsteig_PF,99_Bahnsteig_PF,99_Bahnsteig_PF
2877078,63781841521432,99_Bahnsteig_PF,99_Bahnsteig_PF,99_Bahnsteig_PF
2877086,63781841521444,99_Bahnsteig_PF,99_Bahnsteig_PF,99_Bahnsteig_PF
2877103,63781841521454,99_Bahnsteig_PF,99_Bahnsteig_PF,99_Bahnsteig_PF
2877111,63781841521465,99_Bahnsteig_PF,99_Bahnsteig_PF,99_Bahnsteig_PF
2877119,63781841521477,99_Bahnsteig_PF,99_Bahnsteig_PF,99_Bahnsteig_PF
2877136,63781841521487,99_Bahnsteig_PF,99_Bahnsteig_PF,99_Bahnsteig_PF
2877144,63781841521499,99_Bahnsteig_PF,99_Bahnsteig_PF,99_Bahnsteig_PF
2877153,63781841521510,99_Bahnsteig_PF,99_Bahnsteig_PF,99_Bahnsteig_PF
2877169,63781841521521,99_Bahnsteig_PF,99_Bahnsteig_PF,99_Bahnsteig_PF
2877178,63781841521532,99_Bahnsteig_PF,99_Bahnsteig_PF,99_Bahnsteig_PF
2877186,63781841521543,99_Bahnsteig_PF,99_Bahnsteig_PF,99_Bahnsteig_PF
2877194,63781841521554,None,None,None
2877211,63781841521565,99_Bahnsteig_PF,99_Bahnsteig_PF,99_Bahnsteig_PF
2877219,63781841521576,99_Bahnsteig_PF,99_Bahnsteig_PF,99_Bahnsteig_PF
2877236,63781841521587,None,None,None
2877244,63781841521599,99_Bahnsteig_PF,99_Bahnsteig_PF,99_Bahnsteig_PF
2877252,63781841521610,99_Bahnsteig_PF,99_Bahnsteig_PF,99_Bahnsteig_PF
2877261,63781841521621,99_Bahnsteig_PF,99_Bahnsteig_PF,99_Bahnsteig_PF
2877277,63781841521632,99_Bahnsteig_PF,99_Bahnsteig_PF,99_Bahnsteig_PF
2877286,63781841521643,99_Bahnsteig_PF,99_Bahnsteig_PF,99_Bahnsteig_PF
2877294,63781841521654,99_Bahnsteig_PF,99_Bahnsteig_PF,99_Bahnsteig_PF
2877311,63781841521665,99_Bahnsteig_PF,99_Bahnsteig_PF,99_Bahnsteig_PF
2877319,63781841521677,99_Bahnsteig_PF,99_Bahnsteig_PF,99_Bahnsteig_PF
2877327,63781841521687,99_Bahnsteig_PF,99_Bahnsteig_PF,99_Bahnsteig_PF
2877344,63781841521699,99_Bahnsteig_PF,99_Bahnsteig_PF,99_Bahnsteig_PF
2877352,63781841521709,99_Bahnsteig_PF,99_Bahnsteig_PF,99_Bahnsteig_PF
2877369,63781841521721,99_Bahnsteig_PF,99_Bahnsteig_PF,99_Bahnsteig_PF
2877377,63781841521732,99_Bahnsteig_PF,99_Bahnsteig_PF,99_Bahnsteig_PF
2877386,63781841521743,99_Bahnsteig_PF,99_Bahnsteig_PF,99_Bahnsteig_PF
2877394,63781841521754,99_Bahnsteig_PF,99_Bahnsteig_PF,99_Bahnsteig_PF
2877411,63781841521765,99_Bahnsteig_PF,99_Bahnsteig_PF,99_Bahnsteig_PF
2877419,63781841521776,99_Bahnsteig_PF,99_Bahnsteig_PF,99_Bahnsteig_PF
2877436,63781841521788,99_Bahnsteig_PF,99_Bahnsteig_PF,99_Bahnsteig_PF
2877444,63781841521799,99_Bahnsteig_PF,99_Bahnsteig_PF,99_Bahnsteig_PF
2877452,63781841521809,99_Bahnsteig_PF,99_Bahnsteig_PF,99_Bahnsteig_PF
2877477,63781841521831,99_Bahnsteig_PF,99_Bahnsteig_PF,99_Bahnsteig_PF
2877486,63781841521843,99_Bahnsteig_PF,99_Bahnsteig_PF,99_Bahnsteig_PF
2877502,63781841521854,99_Bahnsteig_PF,99_Bahnsteig_PF,99_Bahnsteig_PF
2877511,63781841521865,99_Bahnsteig_PF,99_Bahnsteig_PF,99_Bahnsteig_PF
2877519,63781841521876,99_Bahnsteig_PF,99_Bahnsteig_PF,99_Bahnsteig_PF
2877536,63781841521887,None,99_Bahnsteig_PF,99_Bahnsteig_PF
2877544,63781841521901,99_Bahnsteig_PF,99_Bahnsteig_PF,99_Bahnsteig_PF
2877552,63781841521909,99_Bahnsteig_PF,99_Bahnsteig_PF,99_Bahnsteig_PF
2877561,63781841521921,99_Bahnsteig_PF,99_Bahnsteig_PF,99_Bahnsteig_PF
2877577,63781841521932,99_Bahnsteig_PF,99_Bahnsteig_PF,99_Bahnsteig_PF
2877586,63781841521943,99_Bahnsteig_PF,99_Bahnsteig_PF,99_Bahnsteig_PF
2877602,63781841521954,99_Bahnsteig_PF,99_Bahnsteig_PF,99_Bahnsteig_PF
2877611,63781841521965,99_Bahnsteig_PF,99_Bahnsteig_PF,99_Bahnsteig_PF
2877619,63781841521976,99_Bahnsteig_PF,99_Bahnsteig_PF,99_Bahnsteig_PF
2877627,63781841521987,99_Bahnsteig_PF,99_Bahnsteig_PF,99_Bahnsteig_PF
2877644,63781841521998,99_Bahnsteig_PF,99_Bahnsteig_PF,99_Bahnsteig_PF
2877652,63781841522010,99_Bahnsteig_PF,99_Bahnsteig_PF,99_Bahnsteig_PF
2877661,63781841522021,99_Bahnsteig_PF,99_Bahnsteig_PF,99_Bahnsteig_PF
2877677,63781841522032,99_Bahnsteig_PF,99_Bahnsteig_PF,99_Bahnsteig_PF
2877686,63781841522043,99_Bahnsteig_PF,99_Bahnsteig_PF,99_Bahnsteig_PF
2877694,63781841522054,99_Bahnsteig_PF,99_Bahnsteig_PF,99_Bahnsteig_PF
2877711,63781841522065,99_Bahnsteig_PF,99_Bahnsteig_PF,99_Bahnsteig_PF
2877719,63781841522076,99_Bahnsteig_PF,99_Bahnsteig_PF,99_Bahnsteig_PF
2877727,63781841522087,99_Bahnsteig_PF,99_Bahnsteig_PF,99_Bahnsteig_PF
2877744,63781841522098,99_Bahnsteig_PF,99_Bahnsteig_PF,99_Bahnsteig_PF
2877752,63781841522109,99_Bahnsteig_PF,99_Bahnsteig_PF,99_Bahnsteig_PF
2877769,63781841522121,99_Bahnsteig_PF,99_Bahnsteig_PF,99_Bahnsteig_PF
2877777,63781841522132,99_Bahnsteig_PF,99_Bahnsteig_PF,99_Bahnsteig_PF
2877786,63781841522143,99_Bahnsteig_PF,99_Bahnsteig_PF,99_Bahnsteig_PF
2877802,63781841522154,99_Bahnsteig_PF,99_Bahnsteig_PF,99_Bahnsteig_PF
2877811,63781841522165,99_Bahnsteig_PF,99_Bahnsteig_PF,99_Bahnsteig_PF
2877819,63781841522176,99_Bahnsteig_PF,99_Bahnsteig_PF,99_Bahnsteig_PF
2877844,63781841522198,99_Bahnsteig_PF,99_Bahnsteig_PF,99_Bahnsteig_PF
2877852,63781841522210,99_Bahnsteig_PF,99_Bahnsteig_PF,99_Bahnsteig_PF
2877869,63781841522221,99_Bahnsteig_PF,99_Bahnsteig_PF,99_Bahnsteig_PF
2877877,63781841522231,99_Bahnsteig_PF,99_Bahnsteig_PF,99_Bahnsteig_PF
2877886,63781841522243,99_Bahnsteig_PF,99_Bahnsteig_PF,99_Bahnsteig_PF
2877902,63781841522254,None,None,None
2877911,63781841522265,99_Bahnsteig_PF,99_Bahnsteig_PF,99_Bahnsteig_PF
2877919,63781841522276,99_Bahnsteig_PF,99_Bahnsteig_PF,99_Bahnsteig_PF
2877936,63781841522287,99_Bahnsteig_PF,99_Bahnsteig_PF,99_Bahnsteig_PF
2877944,63781841522298,99_Bahnsteig_PF,99_Bahnsteig_PF,99_Bahnsteig_PF
2877952,63781841522309,99_Bahnsteig_PF,99_Bahnsteig_PF,99_Bahnsteig_PF
2877969,63781841522323,99_Bahnsteig_PF,99_Bahnsteig_PF,99_Bahnsteig_PF
2877977,63781841522331,99_Bahnsteig_PF,99_Bahnsteig_PF,99_Bahnsteig_PF
2877986,63781841522343,99_Bahnsteig_PF,99_Bahnsteig_PF,99_Bahnsteig_PF
2878002,63781841522354,99_Bahnsteig_PF,99_Bahnsteig_PF,99_Bahnsteig_PF
2878011,63781841522365,99_Bahnsteig_PF,99_Bahnsteig_PF,99_Bahnsteig_PF
2878019,63781841522376,99_Bahnsteig_PF,99_Bahnsteig_PF,99_Bahnsteig_PF
2878027,63781841522387,None,None,None
2878044,63781841522398,99_Bahnsteig_PF,99_Bahnsteig_PF,99_Bahnsteig_PF
2878052,63781841522409,99_Bahnsteig_PF,99_Bahnsteig_PF,99_Bahnsteig_PF
2878069,63781841522420,99_Bahnsteig_PF,99_Bahnsteig_PF,99_Bahnsteig_PF
2878077,63781841522432,99_Bahnsteig_PF,99_Bahnsteig_PF,99_Bahnsteig_PF
2878086,63781841522442,99_Bahnsteig_PF,99_Bahnsteig_PF,99_Bahnsteig_PF
2878094,63781841522454,99_Bahnsteig_PF,99_Bahnsteig_PF,99_Bahnsteig_PF
2878111,63781841522465,99_Bahnsteig_PF,99_Bahnsteig_PF,99_Bahnsteig_PF
2878119,63781841522477,99_Bahnsteig_PF,99_Bahnsteig_PF,99_Bahnsteig_PF
2878136,63781841522494,99_Bahnsteig_PF,99_Bahnsteig_PF,99_Bahnsteig_PF
2878152,63781841522504,99_Bahnsteig_PF,99_Bahnsteig_PF,99_Bahnsteig_PF
2878161,63781841522515,99_Bahnsteig_PF,99_Bahnsteig_PF,99_Bahnsteig_PF
2878169,63781841522527,99_Bahnsteig_PF,99_Bahnsteig_PF,99_Bahnsteig_PF
2878186,63781841522537,99_Bahnsteig_PF,99_Bahnsteig_PF,99_Bahnsteig_PF
2878194,63781841522549,99_Bahnsteig_PF,99_Bahnsteig_PF,99_Bahnsteig_PF
2878202,63781841522560,99_Bahnsteig_PF,99_Bahnsteig_PF,99_Bahnsteig_PF
2878219,63781841522571,99_Bahnsteig_PF,99_Bahnsteig_PF,99_Bahnsteig_PF
2878227,63781841522582,99_Bahnsteig_PF,99_Bahnsteig_PF,99_Bahnsteig_PF
2878236,63781841522592,99_Bahnsteig_PF,99_Bahnsteig_PF,99_Bahnsteig_PF
2878252,63781841522605,99_Bahnsteig_PF,99_Bahnsteig_PF,99_Bahnsteig_PF
2878261,63781841522615,99_Bahnsteig_PF,99_Bahnsteig_PF,99_Bahnsteig_PF
2878269,63781841522626,99_Bahnsteig_PF,99_Bahnsteig_PF,99_Bahnsteig_PF
2878286,63781841522638,99_Bahnsteig_PF,99_Bahnsteig_PF,99_Bahnsteig_PF
2878294,63781841522649,99_Bahnsteig_PF,99_Bahnsteig_PF,99_Bahnsteig_PF
2878302,63781841522660,99_Bahnsteig_PF,99_Bahnsteig_PF,99_Bahnsteig_PF
2878319,63781841522671,99_Bahnsteig_PF,99_Bahnsteig_PF,99_Bahnsteig_PF
2878327,63781841522682,99_Bahnsteig_PF,99_Bahnsteig_PF,99_Bahnsteig_PF
2878336,63781841522693,99_Bahnsteig_PF,99_Bahnsteig_PF,99_Bahnsteig_PF
2878352,63781841522704,99_Bahnsteig_PF,99_Bahnsteig_PF,99_Bahnsteig_PF
2878361,63781841522715,99_Bahnsteig_PF,99_Bahnsteig_PF,99_Bahnsteig_PF
2878369,63781841522726,99_Bahnsteig_PF,99_Bahnsteig_PF,99_Bahnsteig_PF
2878386,63781841522737,99_Bahnsteig_PF,99_Bahnsteig_PF,99_Bahnsteig_PF
2878394,63781841522748,99_Bahnsteig_PF,99_Bahnsteig_PF,99_Bahnsteig_PF
2878402,63781841522760,99_Bahnsteig_PF,99_Bahnsteig_PF,99_Bahnsteig_PF
2878419,63781841522771,99_Bahnsteig_PF,99_Bahnsteig_PF,99_Bahnsteig_PF
2878427,63781841522782,99_Bahnsteig_PF,99_Bahnsteig_PF,99_Bahnsteig_PF
2878436,63781841522793,99_Bahnsteig_PF,99_Bahnsteig_PF,99_Bahnsteig_PF
2878452,63781841522804,99_Bahnsteig_PF,99_Bahnsteig_PF,99_Bahnsteig_PF
2878461,63781841522815,99_Bahnsteig_PF,99_Bahnsteig_PF,99_Bahnsteig_PF
2878469,63781841522827,99_Bahnsteig_PF,99_Bahnsteig_PF,99_Bahnsteig_PF
2878486,63781841522837,99_Bahnsteig_PF,99_Bahnsteig_PF,99_Bahnsteig_PF
2878494,63781841522849,99_Bahnsteig_PF,99_Bahnsteig_PF,99_Bahnsteig_PF
2878502,63781841522859,99_Bahnsteig_PF,99_Bahnsteig_PF,99_Bahnsteig_PF
2878519,63781841522871,99_Bahnsteig_PF,99_Bahnsteig_PF,99_Bahnsteig_PF
2878527,63781841522882,99_Bahnsteig_PF,99_Bahnsteig_PF,99_Bahnsteig_PF
2878536,63781841522893,99_Bahnsteig_PF,99_Bahnsteig_PF,99_Bahnsteig_PF
2878552,63781841522904,99_Bahnsteig_PF,99_Bahnsteig_PF,99_Bahnsteig_PF
2878561,63781841522916,99_Bahnsteig_PF,99_Bahnsteig_PF,99_Bahnsteig_PF
2878569,63781841522927,99_Bahnsteig_PF,99_Bahnsteig_PF,99_Bahnsteig_PF
2878586,63781841522938,99_Bahnsteig_PF,99_Bahnsteig_PF,99_Bahnsteig_PF
2878594,63781841522949,99_Bahnsteig_PF,99_Bahnsteig_PF,99_Bahnsteig_PF
2878602,63781841522960,99_Bahnsteig_PF,99_Bahnsteig_PF,99_Bahnsteig_PF
2878619,63781841522971,99_Bahnsteig_PF,99_Bahnsteig_PF,99_Bahnsteig_PF
2878627,63781841522983,99_Bahnsteig_PF,99_Bahnsteig_PF,99_Bahnsteig_PF
2878636,63781841522994,99_Bahnsteig_PF,99_Bahnsteig_PF,99_Bahnsteig_PF
2878652,63781841523006,99_Bahnsteig_PF,99_Bahnsteig_PF,99_Bahnsteig_PF
2878661,63781841523017,99_Bahnsteig_PF,99_Bahnsteig_PF,99_Bahnsteig_PF
2878669,63781841523028,99_Bahnsteig_PF,99_Bahnsteig_PF,99_Bahnsteig_PF
2878686,63781841523040,99_Bahnsteig_PF,99_Bahnsteig_PF,99_Bahnsteig_PF
2878694,63781841523051,99_Bahnsteig_PF,99_Bahnsteig_PF,99_Bahnsteig_PF
2878711,63781841523063,99_Bahnsteig_PF,99_Bahnsteig_PF,99_Bahnsteig_PF
2878719,63781841523074,99_Bahnsteig_PF,99_Bahnsteig_PF,99_Bahnsteig_PF
2878727,63781841523086,99_Bahnsteig_PF,99_Bahnsteig_PF,99_Bahnsteig_PF
2878744,63781841523097,99_Bahnsteig_PF,99_Bahnsteig_PF,99_Bahnsteig_PF
2878752,63781841523109,99_Bahnsteig_PF,99_Bahnsteig_PF,99_Bahnsteig_PF
2878760,63781841523120,99_Bahnsteig_PF,99_Bahnsteig_PF,99_Bahnsteig_PF
2878777,63781841523131,99_Bahnsteig_PF,99_Bahnsteig_PF,99_Bahnsteig_PF
2878785,63781841523143,99_Bahnsteig_PF,99_Bahnsteig_PF,99_Bahnsteig_PF
2878794,63781841523153,99_Bahnsteig_PF,99_Bahnsteig_PF,99_Bahnsteig_PF
2878810,63781841523165,99_Bahnsteig_PF,99_Bahnsteig_PF,99_Bahnsteig_PF
2878819,63781841523177,99_Bahnsteig_PF,99_Bahnsteig_PF,99_Bahnsteig_PF
2878827,63781841523187,99_Bahnsteig_PF,99_Bahnsteig_PF,99_Bahnsteig_PF
2878844,63781841523198,99_Bahnsteig_PF,99_Bahnsteig_PF,99_Bahnsteig_PF
2878852,63781841523209,99_Bahnsteig_PF,99_Bahnsteig_PF,99_Bahnsteig_PF
2878860,63781841523220,99_Bahnsteig_PF,99_Bahnsteig_PF,99_Bahnsteig_PF
2878877,63781841523231,99_Bahnsteig_PF,99_Bahnsteig_PF,99_Bahnsteig_PF
2878885,63781841523243,99_Bahnsteig_PF,99_Bahnsteig_PF,99_Bahnsteig_PF
2878894,63781841523254,99_Bahnsteig_PF,99_Bahnsteig_PF,99_Bahnsteig_PF
2878910,63781841523265,99_Bahnsteig_PF,99_Bahnsteig_PF,99_Bahnsteig_PF
2878919,63781841523276,99_Bahnsteig_PF,99_Bahnsteig_PF,99_Bahnsteig_PF
2878927,63781841523287,99_Bahnsteig_PF,99_Bahnsteig_PF,99_Bahnsteig_PF
2878944,63781841523298,99_Bahnsteig_PF,99_Bahnsteig_PF,99_Bahnsteig_PF
2878952,63781841523309,99_Bahnsteig_PF,99_Bahnsteig_PF,99_Bahnsteig_PF
2878960,63781841523320,99_Bahnsteig_PF,99_Bahnsteig_PF,99_Bahnsteig_PF
2878977,63781841523331,99_Bahnsteig_PF,99_Bahnsteig_PF,99_Bahnsteig_PF
2878985,63781841523342,99_Bahnsteig_PF,99_Bahnsteig_PF,99_Bahnsteig_PF
2878994,63781841523353,99_Bahnsteig_PF,99_Bahnsteig_PF,99_Bahnsteig_PF
2879010,63781841523364,99_Bahnsteig_PF,99_Bahnsteig_PF,99_Bahnsteig_PF
2879019,63781841523376,99_Bahnsteig_PF,99_Bahnsteig_PF,99_Bahnsteig_PF
2879035,63781841523387,99_Bahnsteig_PF,99_Bahnsteig_PF,99_Bahnsteig_PF
2879044,63781841523398,99_Bahnsteig_PF,99_Bahnsteig_PF,99_Bahnsteig_PF
2879052,63781841523409,99_Bahnsteig_PF,99_Bahnsteig_PF,99_Bahnsteig_PF
2879060,63781841523420,99_Bahnsteig_PF,99_Bahnsteig_PF,99_Bahnsteig_PF
2879077,63781841523431,99_Bahnsteig_PF,99_Bahnsteig_PF,99_Bahnsteig_PF
2879085,63781841523442,99_Bahnsteig_PF,99_Bahnsteig_PF,99_Bahnsteig_PF
2879102,63781841523454,99_Bahnsteig_PF,99_Bahnsteig_PF,99_Bahnsteig_PF
2879110,63781841523465,99_Bahnsteig_PF,99_Bahnsteig_PF,99_Bahnsteig_PF
2879119,63781841523476,99_Bahnsteig_PF,99_Bahnsteig_PF,99_Bahnsteig_PF
2879135,63781841523487,99_Bahnsteig_PF,99_Bahnsteig_PF,99_Bahnsteig_PF
2879144,63781841523498,99_Bahnsteig_PF,99_Bahnsteig_PF,99_Bahnsteig_PF
2879152,63781841523509,99_Bahnsteig_PF,99_Bahnsteig_PF,99_Bahnsteig_PF
2879169,63781841523521,99_Bahnsteig_PF,99_Bahnsteig_PF,99_Bahnsteig_PF
2879185,63781841523541,99_Bahnsteig_PF,99_Bahnsteig_PF,99_Bahnsteig_PF
2879185,63781841523545,99_Bahnsteig_PF,99_Bahnsteig_PF,99_Bahnsteig_PF
2879194,63781841523549,99_Bahnsteig_PF,99_Bahnsteig_PF,99_Bahnsteig_PF
2879202,63781841523559,99_Bahnsteig_PF,99_Bahnsteig_PF,99_Bahnsteig_PF
2879219,63781841523571,99_Bahnsteig_PF,99_Bahnsteig_PF,99_Bahnsteig_PF
2879227,63781841523582,99_Bahnsteig_PF,99_Bahnsteig_PF,99_Bahnsteig_PF
2879235,63781841523593,99_Bahnsteig_PF,99_Bahnsteig_PF,99_Bahnsteig_PF
2879252,63781841523604,99_Bahnsteig_PF,99_Bahnsteig_PF,99_Bahnsteig_PF
2879260,63781841523615,99_Bahnsteig_PF,99_Bahnsteig_PF,99_Bahnsteig_PF
2879269,63781841523626,99_Bahnsteig_PF,99_Bahnsteig_PF,99_Bahnsteig_PF
2879285,63781841523637,99_Bahnsteig_PF,99_Bahnsteig_PF,99_Bahnsteig_PF
2879294,63781841523648,99_Bahnsteig_PF,99_Bahnsteig_PF,99_Bahnsteig_PF
2879302,63781841523660,99_Bahnsteig_PF,99_Bahnsteig_PF,99_Bahnsteig_PF
2879319,63781841523671,99_Bahnsteig_PF,99_Bahnsteig_PF,99_Bahnsteig_PF
2879327,63781841523682,99_Bahnsteig_PF,99_Bahnsteig_PF,99_Bahnsteig_PF
2879335,63781841523693,99_Bahnsteig_PF,99_Bahnsteig_PF,99_Bahnsteig_PF
2879352,63781841523704,99_Bahnsteig_PF,99_Bahnsteig_PF,99_Bahnsteig_PF
2879360,63781841523715,99_Bahnsteig_PF,99_Bahnsteig_PF,99_Bahnsteig_PF
2879369,63781841523726,99_Bahnsteig_PF,99_Bahnsteig_PF,99_Bahnsteig_PF
2879385,63781841523737,99_Bahnsteig_PF,99_Bahnsteig_PF,99_Bahnsteig_PF
2879394,63781841523748,99_Bahnsteig_PF,99_Bahnsteig_PF,99_Bahnsteig_PF
2879402,63781841523760,99_Bahnsteig_PF,99_Bahnsteig_PF,99_Bahnsteig_PF
2879419,63781841523771,99_Bahnsteig_PF,99_Bahnsteig_PF,99_Bahnsteig_PF
2879427,63781841523782,None,99_Bahnsteig_PF,99_Bahnsteig_PF
2879435,63781841523793,None,99_Bahnsteig_PF,99_Bahnsteig_PF
2879452,63781841523804,None,None,None
2879460,63781841523815,None,None,None
2879469,63781841523826,None,None,None
2879477,63781841523837,None,None,None
2879494,63781841523848,99_Bahnsteig_PF,99_Bahnsteig_PF,99_Bahnsteig_PF
2879502,63781841523860,99_Bahnsteig_PF,99_Bahnsteig_PF,99_Bahnsteig_PF
2879519,63781841523870,99_Bahnsteig_PF,99_Bahnsteig_PF,99_Bahnsteig_PF
2879527,63781841523882,99_Bahnsteig_PF,99_Bahnsteig_PF,99_Bahnsteig_PF
2879535,63781841523893,99_Bahnsteig_PF,99_Bahnsteig_PF,99_Bahnsteig_PF
2879544,63781841523904,99_Bahnsteig_PF,99_Bahnsteig_PF,99_Bahnsteig_PF
2879560,63781841523915,99_Bahnsteig_PF,99_Bahnsteig_PF,99_Bahnsteig_PF
2879569,63781841523926,99_Bahnsteig_PF,99_Bahnsteig_PF,99_Bahnsteig_PF
2879585,63781841523937,99_Bahnsteig_PF,99_Bahnsteig_PF,99_Bahnsteig_PF
2879594,63781841523949,99_Bahnsteig_PF,99_Bahnsteig_PF,99_Bahnsteig_PF
2879602,63781841523959,99_Bahnsteig_PF,99_Bahnsteig_PF,99_Bahnsteig_PF
2879619,63781841523971,99_Bahnsteig_PF,99_Bahnsteig_PF,99_Bahnsteig_PF
2879627,63781841523982,99_Bahnsteig_PF,99_Bahnsteig_PF,99_Bahnsteig_PF
2879635,63781841523993,99_Bahnsteig_PF,99_Bahnsteig_PF,99_Bahnsteig_PF
2879652,63781841524005,99_Bahnsteig_PF,99_Bahnsteig_PF,99_Bahnsteig_PF
2879660,63781841524016,99_Bahnsteig_PF,99_Bahnsteig_PF,99_Bahnsteig_PF
2879669,63781841524028,99_Bahnsteig_PF,99_Bahnsteig_PF,99_Bahnsteig_PF
2879685,63781841524039,99_Bahnsteig_PF,99_Bahnsteig_PF,99_Bahnsteig_PF
2879694,63781841524051,99_Bahnsteig_PF,99_Bahnsteig_PF,99_Bahnsteig_PF
2879710,63781841524062,99_Bahnsteig_PF,99_Bahnsteig_PF,99_Bahnsteig_PF
2879719,63781841524074,99_Bahnsteig_PF,99_Bahnsteig_PF,99_Bahnsteig_PF
2879727,63781841524085,99_Bahnsteig_PF,99_Bahnsteig_PF,99_Bahnsteig_PF
2879744,63781841524097,99_Bahnsteig_PF,99_Bahnsteig_PF,99_Bahnsteig_PF
2879752,63781841524108,99_Bahnsteig_PF,99_Bahnsteig_PF,99_Bahnsteig_PF
2879760,63781841524119,99_Bahnsteig_PF,99_Bahnsteig_PF,99_Bahnsteig_PF
2879777,63781841524131,None,99_Bahnsteig_PF,99_Bahnsteig_PF
2879785,63781841524142,None,None,None
2879794,63781841524153,None,None,None
2879810,63781841524165,None,None,None
2879819,63781841524176,None,None,None
2879827,63781841524187,None,None,None
2879844,63781841524198,None,None,None
2879852,63781841524209,None,None,None
2879860,63781841524220,None,None,None
2879877,63781841524232,None,None,None
2879885,63781841524242,None,None,None
2879894,63781841524253,None,None,None
2879910,63781841524265,None,None,None
2879919,63781841524276,None,None,None
2879927,63781841524287,None,None,None
2879944,63781841524298,None,None,None
2879952,63781841524309,None,None,None
2879960,63781841524320,None,None,None
2879977,63781841524331,None,None,None
2879985,63781841524342,None,None,None
2879994,63781841524354,None,None,None
2880010,63781841524364,None,None,None
2880019,63781841524376,None,None,None
2880027,63781841524387,None,None,None
2880044,63781841524398,None,None,None
2880052,63781841524409,None,None,None
2880060,63781841524420,None,None,None
2880077,63781841524431,None,None,None
2880085,63781841524442,None,None,None
2880094,63781841524453,None,None,None
2880110,63781841524465,None,None,None
2880119,63781841524476,None,None,None
2880127,63781841524487,None,None,None
2880144,63781841524498,None,None,None
2880152,63781841524509,None,None,None
2880160,63781841524520,None,None,None
2880177,63781841524531,None,None,None
2880185,63781841524542,None,None,None
2880194,63781841524554,None,None,None
2880210,63781841524564,None,None,None
2880219,63781841524576,None,None,None
2880227,63781841524586,None,None,None
2880244,63781841524598,None,None,None
2880252,63781841524609,None,None,None
2880260,63781841524620,None,None,None
2880277,63781841524631,None,None,None
2880285,63781841524642,None,None,None
2880293,63781841524653,None,None,None
2880310,63781841524665,None,None,None
2880318,63781841524676,None,None,None
2880327,63781841524686,None,None,None
2880343,63781841524698,None,None,None
2880352,63781841524709,None,None,None
2880360,63781841524720,None,None,None
2880377,63781841524731,None,None,None
2880385,63781841524742,None,None,None
2880393,63781841524753,None,None,None
2880410,63781841524764,None,None,None
2880418,63781841524775,None,None,None
2880427,63781841524787,None,None,None
2880443,63781841524798,None,None,None
2880452,63781841524809,None,None,None
2880460,63781841524820,None,None,None
2880477,63781841524831,None,None,None
2880485,63781841524842,None,None,None
2880493,63781841524853,None,None,None
2880510,63781841524864,None,None,None
2880518,63781841524875,None,None,None
2880527,63781841524886,None,None,None
2880543,63781841524898,None,None,None
2880552,63781841524909,None,None,None
2880560,63781841524920,None,None,None
2880577,63781841524931,None,None,None
2880585,63781841524942,None,None,None
2880593,63781841524953,None,None,None
2880610,63781841524964,None,None,None
2880618,63781841524976,None,None,None
2880627,63781841524986,None,None,None
2880643,63781841524997,None,None,None
2880652,63781841525009,None,None,None
2880660,63781841525020,None,None,None
2880677,63781841525031,None,None,None
2880685,63781841525042,None,None,None
2880693,63781841525053,None,None,None
2880710,63781841525064,None,None,None
2880718,63781841525075,None,None,None
2880735,63781841525086,None,None,None
2880743,63781841525097,None,None,None
2880752,63781841525108,None,None,None
2880768,63781841525119,None,None,None
2880777,63781841525131,None,None,None
2880785,63781841525141,None,None,None
2880802,63781841525152,None,None,None
2880810,63781841525163,None,None,None
2880818,63781841525175,None,None,None
2880827,63781841525186,None,None,None
2880843,63781841525197,None,None,None
2880852,63781841525208,None,None,None
2880860,63781841525219,None,None,None
2880877,63781841525230,None,None,None
2880885,63781841525242,None,None,None
2880893,63781841525253,None,None,None
2880910,63781841525264,None,None,None
2880918,63781841525275,None,None,None
2880927,63781841525286,None,None,None
2880943,63781841525297,None,None,None
2880952,63781841525309,None,None,None
2880960,63781841525320,None,None,None
2880977,63781841525331,None,None,None
2880985,63781841525342,None,None,None
2880993,63781841525353,None,None,None
2881010,63781841525364,None,None,None
2881018,63781841525375,None,None,None
2881027,63781841525386,None,None,None
2881043,63781841525397,None,None,None
2881052,63781841525408,None,None,None
2881060,63781841525419,None,None,None
2881077,63781841525431,None,None,None
2881085,63781841525442,None,None,None
2881102,63781841525453,None,None,None
2881110,63781841525464,None,None,None
2881118,63781841525475,None,None,None
2881135,63781841525486,None,None,None
2881143,63781841525497,None,None,None
2881152,63781841525508,None,None,None
2881168,63781841525519,None,None,None
2881177,63781841525530,None,None,None
2881185,63781841525541,None,None,None
2881193,63781841525553,None,None,None
2881210,63781841525564,None,None,None
2881218,63781841525575,None,None,None
2881227,63781841525587,None,None,None
2881243,63781841525597,None,None,None
2881252,63781841525608,None,None,None
2881260,63781841525620,None,None,None
2881277,63781841525631,None,None,None
2881285,63781841525642,None,None,None
2881293,63781841525652,None,None,None
2881310,63781841525664,None,None,None
2881318,63781841525675,None,None,None
2881327,63781841525686,None,None,None
2881343,63781841525697,None,None,None
2881352,63781841525708,None,None,None
2881360,63781841525719,None,None,None
2881377,63781841525730,None,None,None
2881385,63781841525742,None,None,None
2881393,63781841525753,None,None,None
2881410,63781841525764,None,None,None
2881419,63781841525775,None,None,None
2881427,63781841525786,None,None,None
2881444,63781841525797,None,None,None
2881452,63781841525808,None,None,None
2881460,63781841525819,None,None,None
2881477,63781841525830,None,None,None
2881485,63781841525841,None,None,None
2881494,63781841525853,None,None,None
2881510,63781841525864,None,None,None
2881519,63781841525875,None,None,None
2881527,63781841525886,None,None,None
2881544,63781841525897,None,None,None
2881552,63781841525908,None,None,None
2881560,63781841525919,None,None,None
2881577,63781841525931,None,None,None
2881585,63781841525942,None,None,None
2881594,63781841525953,None,None,None
2881610,63781841525964,None,None,None
2881619,63781841525975,None,None,None
2881627,63781841525986,None,None,None
2881644,63781841525997,None,None,None
2881652,63781841526008,None,None,None
2881660,63781841526019,None,None,None
2881677,63781841526030,None,None,None
2881685,63781841526041,None,None,None
2881702,63781841526052,None,None,None
2881710,63781841526064,None,None,None
2881719,63781841526075,None,None,None
2881735,63781841526086,None,None,None
2881744,63781841526097,None,None,None
2881752,63781841526108,None,None,None
2881769,63781841526119,None,None,None
2881777,63781841526130,None,None,None
2881785,63781841526141,None,None,None
2881802,63781841526153,None,None,None
2881810,63781841526163,None,None,None
2881819,63781841526175,None,None,None
2881827,63781841526186,None,None,None
2881844,63781841526197,None,None,None
2881852,63781841526208,None,None,None
2881860,63781841526219,None,None,None
2881877,63781841526230,None,None,None
2881885,63781841526241,None,None,None
2881893,63781841526252,None,None,None
2881910,63781841526263,None,None,None
2881918,63781841526275,None,None,None
2881927,63781841526286,None,None,None
2881943,63781841526297,None,None,None
2881952,63781841526308,None,None,None
2881960,63781841526319,None,None,None
2881977,63781841526330,None,None,None
2881985,63781841526341,None,None,None
2881993,63781841526352,None,None,None
2882010,63781841526363,None,None,None
2882018,63781841526375,None,None,None
2882027,63781841526385,None,None,None
2882043,63781841526397,None,None,None
2882052,63781841526408,None,None,None
2882060,63781841526419,None,None,None
2882077,63781841526430,None,None,None
2882085,63781841526441,None,None,None
2882093,63781841526452,None,None,None
2882110,63781841526463,None,None,None
2882118,63781841526474,None,None,None
2882127,63781841526486,None,None,None
2882143,63781841526497,None,None,None
2882152,63781841526508,None,None,None
2882160,63781841526519,None,None,None
2882177,63781841526530,None,None,None
2882185,63781841526541,None,None,None
2882193,63781841526552,None,None,None
2882210,63781841526563,None,None,None
2882218,63781841526574,None,None,None
2882227,63781841526585,None,None,None
2882243,63781841526596,None,None,None
2882252,63781841526608,None,None,None
2882260,63781841526619,None,None,None
2882277,63781841526630,None,None,None
2882285,63781841526641,99_Bahnsteig_PF,None,None
2882293,63781841526652,None,None,None
2882310,63781841526663,99_Bahnsteig_PF,99_Bahnsteig_PF,99_Bahnsteig_PF
2882318,63781841526674,99_Bahnsteig_PF,99_Bahnsteig_PF,99_Bahnsteig_PF
2882327,63781841526686,99_Bahnsteig_PF,99_Bahnsteig_PF,99_Bahnsteig_PF
2882343,63781841526696,99_Bahnsteig_PF,99_Bahnsteig_PF,99_Bahnsteig_PF
2882352,63781841526707,99_Bahnsteig_PF,99_Bahnsteig_PF,99_Bahnsteig_PF
2882360,63781841526719,99_Bahnsteig_PF,99_Bahnsteig_PF,99_Bahnsteig_PF
2882377,63781841526730,99_Bahnsteig_PF,99_Bahnsteig_PF,99_Bahnsteig_PF
2882385,63781841526741,99_Bahnsteig_PF,99_Bahnsteig_PF,99_Bahnsteig_PF
2882393,63781841526752,99_Bahnsteig_PF,99_Bahnsteig_PF,99_Bahnsteig_PF
2882410,63781841526763,99_Bahnsteig_PF,99_Bahnsteig_PF,99_Bahnsteig_PF
2882418,63781841526774,99_Bahnsteig_PF,99_Bahnsteig_PF,99_Bahnsteig_PF
2882427,63781841526785,99_Bahnsteig_PF,99_Bahnsteig_PF,99_Bahnsteig_PF
2882443,63781841526796,99_Bahnsteig_PF,99_Bahnsteig_PF,99_Bahnsteig_PF
2882452,63781841526807,99_Bahnsteig_PF,99_Bahnsteig_PF,99_Bahnsteig_PF
2882460,63781841526818,99_Bahnsteig_PF,99_Bahnsteig_PF,99_Bahnsteig_PF
2882477,63781841526829,99_Bahnsteig_PF,99_Bahnsteig_PF,99_Bahnsteig_PF
2882485,63781841526841,99_Bahnsteig_PF,99_Bahnsteig_PF,99_Bahnsteig_PF
2882493,63781841526852,99_Bahnsteig_PF,99_Bahnsteig_PF,99_Bahnsteig_PF
2882510,63781841526863,99_Bahnsteig_PF,99_Bahnsteig_PF,99_Bahnsteig_PF
2882518,63781841526874,99_Bahnsteig_PF,99_Bahnsteig_PF,99_Bahnsteig_PF
2882527,63781841526885,99_Bahnsteig_PF,99_Bahnsteig_PF,99_Bahnsteig_PF
2882543,63781841526896,99_Bahnsteig_PF,99_Bahnsteig_PF,99_Bahnsteig_PF
2882552,63781841526907,99_Bahnsteig_PF,99_Bahnsteig_PF,99_Bahnsteig_PF
2882560,63781841526918,99_Bahnsteig_PF,99_Bahnsteig_PF,99_Bahnsteig_PF
2882577,63781841526929,None,99_Bahnsteig_PF,99_Bahnsteig_PF
2882585,63781841526940,None,None,None
2882593,63781841526951,None,None,None
2882610,63781841526963,None,None,None
2882618,63781841526974,None,None,None
2882635,63781841526985,None,None,None
2882643,63781841526997,None,None,None
2882652,63781841527007,None,None,None
2882668,63781841527019,None,None,None
2882677,63781841527029,None,None,None
2882685,63781841527040,None,None,None
2882702,63781841527052,None,None,None
2882710,63781841527063,None,None,None
2882718,63781841527074,None,None,None
2882727,63781841527085,None,None,None
2882743,63781841527096,None,None,None
2882752,63781841527108,None,None,None
2882760,63781841527119,None,None,None
2882777,63781841527130,None,None,None
2882785,63781841527141,None,None,None
2882793,63781841527152,None,None,None
2882810,63781841527163,None,None,None
2882818,63781841527174,None,None,None
2882827,63781841527185,None,None,None
2882843,63781841527196,None,None,None
2882852,63781841527207,None,None,None
2882860,63781841527218,None,None,None
2882877,63781841527229,None,None,None
2882885,63781841527241,None,None,None
2882902,63781841527257,None,None,None
2882910,63781841527262,None,None,None
2882918,63781841527270,None,None,None
2882927,63781841527281,None,None,None
2882935,63781841527292,None,None,None
2882952,63781841527304,None,None,None
2882960,63781841527315,None,None,None
2882968,63781841527326,None,None,None
2882985,63781841527337,None,None,None
2882993,63781841527348,None,None,None
2883002,63781841527359,None,None,None
2883018,63781841527370,None,None,None
2883027,63781841527381,None,None,None
2883035,63781841527392,None,None,None
2883052,63781841527404,None,None,None
2883060,63781841527414,None,None,None
2883068,63781841527426,None,None,None
2883085,63781841527437,None,None,None
2883093,63781841527448,None,None,None
2883102,63781841527459,None,None,None
2883118,63781841527470,None,None,None
2883127,63781841527481,None,None,None
2883135,63781841527492,None,None,None
2883152,63781841527503,None,None,None
2883160,63781841527514,None,None,None
2883168,63781841527526,None,None,None
2883185,63781841527537,None,None,None
2883193,63781841527548,None,None,None
2883202,63781841527559,None,None,None
2883218,63781841527570,None,None,None
2883227,63781841527581,None,None,None
2883235,63781841527592,None,None,None
2883252,63781841527604,None,None,None
2883260,63781841527615,None,None,None
2883268,63781841527626,None,None,None
2883285,63781841527637,None,None,None
2883293,63781841527649,None,None,None
2883302,63781841527660,None,None,None
2883318,63781841527672,None,None,None
2883327,63781841527683,None,None,None
2883335,63781841527694,None,None,None
2883352,63781841527705,None,None,None
2883360,63781841527717,None,None,None
2883368,63781841527728,None,None,None
2883385,63781841527739,None,None,None
2883393,63781841527750,None,None,None
2883410,63781841527762,None,None,None
2883418,63781841527773,None,None,None
2883426,63781841527784,None,None,None
2883443,63781841527795,None,None,None
2883451,63781841527807,None,None,None
2883460,63781841527818,None,None,None
2883476,63781841527829,None,None,None
2883485,63781841527840,None,None,None
2883493,63781841527851,None,None,None
2883510,63781841527863,None,None,None
2883518,63781841527874,None,None,None
2883526,63781841527884,None,None,None
2883543,63781841527896,None,None,None
2883551,63781841527907,None,None,None
2883560,63781841527918,None,None,None
2883576,63781841527929,None,None,None
2883585,63781841527940,None,None,None
2883593,63781841527951,None,None,None
2883610,63781841527962,None,None,None
2883618,63781841527975,None,None,None
2883626,63781841527986,None,None,None
2883643,63781841527996,None,None,None
2883651,63781841528007,None,None,None
2883660,63781841528018,None,None,None
2883676,63781841528029,None,None,None
2883685,63781841528040,None,None,None
2883701,63781841528051,None,None,None
2883710,63781841528062,None,None,None
2883718,63781841528073,None,None,None
2883735,63781841528085,None,None,None
2883743,63781841528095,None,None,None
2883751,63781841528107,None,None,None
2883760,63781841528118,None,None,None
2883776,63781841528129,None,None,None
2883785,63781841528140,None,None,None
2883793,63781841528151,None,None,None
2883810,63781841528162,None,None,None
2883818,63781841528173,None,None,None
2883826,63781841528184,None,None,None
2883843,63781841528196,None,None,None
2883851,63781841528207,None,None,None
2883860,63781841528218,None,None,None
2883876,63781841528229,99_Bahnsteig_PF,None,99_Bahnsteig_PF
2883885,63781841528241,99_Bahnsteig_PF,None,99_Bahnsteig_PF
2883893,63781841528251,None,None,None
2883910,63781841528262,None,None,None
2883918,63781841528273,None,None,None
2883926,63781841528284,None,None,None
2883943,63781841528296,None,None,None
2883951,63781841528307,None,None,None
2883960,63781841528318,None,None,None
2883976,63781841528329,None,None,None
2883985,63781841528341,None,None,None
2883993,63781841528351,None,None,None
2884010,63781841528362,None,None,None
2884018,63781841528373,None,None,None
2884026,63781841528384,None,None,None
2884043,63781841528396,None,None,None
2884051,63781841528407,None,None,None
2884060,63781841528418,None,None,None
2884076,63781841528429,99_Bahnsteig_PF,None,None
2884085,63781841528440,99_Bahnsteig_PF,None,None
2884093,63781841528451,99_Bahnsteig_PF,None,None
2884110,63781841528462,99_Bahnsteig_PF,None,99_Bahnsteig_PF
2884118,63781841528473,99_Bahnsteig_PF,None,99_Bahnsteig_PF
2884126,63781841528484,99_Bahnsteig_PF,None,99_Bahnsteig_PF
2884143,63781841528495,99_Bahnsteig_PF,None,99_Bahnsteig_PF
2884151,63781841528506,99_Bahnsteig_PF,None,99_Bahnsteig_PF
2884160,63781841528518,99_Bahnsteig_PF,None,99_Bahnsteig_PF
2884176,63781841528528,99_Bahnsteig_PF,None,None
2884185,63781841528540,99_Bahnsteig_PF,None,None
2884193,63781841528551,99_Bahnsteig_PF,None,None
2884210,63781841528562,99_Bahnsteig_PF,None,None
2884218,63781841528573,99_Bahnsteig_PF,None,None
2884226,63781841528584,99_Bahnsteig_PF,None,None
2884243,63781841528595,None,None,None
2884251,63781841528607,99_Bahnsteig_PF,None,99_Bahnsteig_PF
2884260,63781841528617,99_Bahnsteig_PF,None,99_Bahnsteig_PF
2884276,63781841528629,None,None,None
2884285,63781841528640,None,None,None
2884293,63781841528651,None,None,None
2884310,63781841528662,None,None,None
2884318,63781841528673,None,None,None
2884335,63781841528685,None,None,None
2884343,63781841528695,None,None,None
2884351,63781841528707,None,None,None
2884368,63781841528718,None,None,None
2884376,63781841528729,None,None,None
2884385,63781841528740,None,None,None
2884401,63781841528752,None,None,None
2884410,63781841528763,None,None,None
2884418,63781841528774,None,None,None
2884426,63781841528785,None,None,None
2884443,63781841528796,None,None,None
2884451,63781841528807,None,None,None
2884460,63781841528818,None,None,None
2884476,63781841528829,None,None,None
2884485,63781841528840,None,None,None
2884493,63781841528852,None,None,None
2884510,63781841528863,None,None,None
2884518,63781841528874,None,None,None
2884526,63781841528885,None,None,None
2884543,63781841528896,None,None,None
2884551,63781841528907,None,None,None
2884560,63781841528918,None,None,None
2884576,63781841528929,None,None,None
2884585,63781841528941,None,None,None
2884593,63781841528952,None,None,None
2884610,63781841528963,None,None,None
2884618,63781841528974,None,None,None
2884626,63781841528985,None,None,None
2884643,63781841528996,None,None,None
2884651,63781841529007,None,None,None
2884660,63781841529018,None,None,None
2884676,63781841529030,None,None,None
2884685,63781841529040,None,None,None
2884693,63781841529052,None,None,None
2884710,63781841529063,None,None,None
2884718,63781841529074,None,None,None
2884726,63781841529085,None,None,None
2884743,63781841529096,None,None,None
2884751,63781841529107,None,None,None
2884760,63781841529118,None,None,None
2884776,63781841529129,None,None,None
2884785,63781841529140,None,None,None
2884793,63781841529152,None,None,None
2884810,63781841529163,None,None,None
2884818,63781841529174,None,None,None
2884826,63781841529185,None,None,None
2884843,63781841529196,None,None,None
2884851,63781841529207,None,None,None
2884860,63781841529218,None,None,None
2884876,63781841529229,None,None,None
2884885,63781841529240,None,None,None
2884893,63781841529251,None,None,None
2884910,63781841529262,None,None,None
2884918,63781841529274,None,None,None
2884926,63781841529285,None,None,None
2884943,63781841529296,None,None,None
2884951,63781841529307,None,None,None
2884959,63781841529318,None,None,None
2884976,63781841529329,None,None,None
2884984,63781841529340,None,None,None
2884993,63781841529351,None,None,None
2885009,63781841529363,None,None,None
2885018,63781841529374,None,None,None
2885026,63781841529385,None,None,None
2885043,63781841529396,None,None,None
2885051,63781841529407,None,None,None
2885059,63781841529418,None,None,None
2885076,63781841529429,None,None,None
2885084,63781841529440,None,None,None
2885093,63781841529451,None,None,None
2885109,63781841529462,None,None,None
2885118,63781841529474,None,None,None
2885126,63781841529485,None,None,None
2885143,63781841529496,None,None,None
2885151,63781841529507,None,None,None
2885159,63781841529518,None,None,None
2885176,63781841529529,None,None,None
2885184,63781841529541,None,None,None
2885193,63781841529551,None,None,None
2885209,63781841529562,None,None,None
2885218,63781841529573,None,None,None
2885226,63781841529585,None,None,None
2885243,63781841529595,None,None,None
2885251,63781841529607,None,None,None
2885259,63781841529618,None,None,None
2885276,63781841529629,None,None,None
2885284,63781841529640,None,None,None
2885293,63781841529652,None,None,None
2885309,63781841529662,None,None,None
2885318,63781841529674,None,None,None
2885326,63781841529685,None,None,None
2885343,63781841529696,None,None,None
2885351,63781841529707,None,None,None
2885359,63781841529718,None,None,None
2885376,63781841529729,None,None,None
2885384,63781841529740,99_Bahnsteig_PF,None,None
2885393,63781841529751,99_Bahnsteig_PF,None,None
2885409,63781841529762,99_Bahnsteig_PF,None,99_Bahnsteig_PF
2885418,63781841529774,None,None,None
2885426,63781841529784,None,None,None
2885443,63781841529796,99_Bahnsteig_PF,None,99_Bahnsteig_PF
2885451,63781841529807,None,None,None
2885468,63781841529818,None,None,None
2885476,63781841529829,None,None,None
2885484,63781841529840,None,None,None
2885493,63781841529851,None,None,None
2885509,63781841529862,None,None,None
2885518,63781841529873,None,None,None
2885526,63781841529884,None,None,None
2885543,63781841529896,None,None,None
2885551,63781841529906,None,None,None
2885559,63781841529918,None,None,None
2885576,63781841529929,None,None,None
2885584,63781841529940,None,None,None
2885593,63781841529951,None,None,None
2885609,63781841529962,99_Bahnsteig_PF,None,None
2885618,63781841529973,99_Bahnsteig_PF,None,99_Bahnsteig_PF
2885626,63781841529985,99_Bahnsteig_PF,None,99_Bahnsteig_PF
2885643,63781841529995,99_Bahnsteig_PF,None,99_Bahnsteig_PF
2885651,63781841530006,99_Bahnsteig_PF,None,99_Bahnsteig_PF
2885659,63781841530018,99_Bahnsteig_PF,None,99_Bahnsteig_PF
2885676,63781841530029,99_Bahnsteig_PF,None,99_Bahnsteig_PF
2885684,63781841530040,99_Bahnsteig_PF,None,99_Bahnsteig_PF
2885693,63781841530051,99_Bahnsteig_PF,None,99_Bahnsteig_PF
2885709,63781841530062,99_Bahnsteig_PF,None,99_Bahnsteig_PF
2885718,63781841530073,99_Bahnsteig_PF,None,99_Bahnsteig_PF
2885726,63781841530084,99_Bahnsteig_PF,None,99_Bahnsteig_PF
2885743,63781841530095,99_Bahnsteig_PF,None,99_Bahnsteig_PF
2885751,63781841530107,99_Bahnsteig_PF,None,99_Bahnsteig_PF
2885759,63781841530118,99_Bahnsteig_PF,None,99_Bahnsteig_PF
2885776,63781841530129,99_Bahnsteig_PF,99_Bahnsteig_PF,99_Bahnsteig_PF
2885784,63781841530140,99_Bahnsteig_PF,None,99_Bahnsteig_PF
2885792,63781841530151,99_Bahnsteig_PF,None,99_Bahnsteig_PF
2885809,63781841530162,None,None,None
2885817,63781841530173,None,None,None
2885826,63781841530184,None,None,None
2885842,63781841530195,None,None,None
2885851,63781841530206,None,None,None
2885859,63781841530217,None,None,None
2885876,63781841530229,None,None,None
2885884,63781841530240,None,None,None
2885901,63781841530251,None,None,None
2885909,63781841530262,None,None,None
2885917,63781841530273,None,None,None
2885926,63781841530284,None,None,None
2885942,63781841530295,None,None,None
2885951,63781841530306,None,None,None
2885959,63781841530317,None,None,None
2885976,63781841530329,None,None,None
2885984,63781841530340,None,None,None
2885992,63781841530351,None,None,None
2886009,63781841530362,None,None,None
2886017,63781841530373,None,None,None
2886026,63781841530384,None,None,None
2886042,63781841530395,None,None,None
2886051,63781841530407,None,None,None
2886059,63781841530418,None,None,None
2886076,63781841530428,None,None,None
2886084,63781841530439,None,None,None
2886092,63781841530451,None,None,None
2886109,63781841530462,None,None,None
2886117,63781841530473,None,None,None
2886126,63781841530484,None,None,None
2886142,63781841530495,None,None,None
2886151,63781841530506,None,None,None
2886159,63781841530517,None,None,None
2886176,63781841530528,None,None,None
2886184,63781841530539,None,None,None
2886192,63781841530550,None,None,None
2886209,63781841530562,None,None,None
2886217,63781841530573,None,None,None
2886226,63781841530584,None,None,None
2886242,63781841530595,None,None,None
2886251,63781841530606,None,None,None
2886259,63781841530618,None,None,None
2886276,63781841530628,None,None,None
2886284,63781841530639,None,None,None
2886292,63781841530651,None,None,None
2886309,63781841530662,None,None,None
2886326,63781841530682,None,None,None
2886334,63781841530686,None,None,None
2886334,63781841530690,None,None,None
2886342,63781841530701,None,None,None
2886359,63781841530712,None,None,None
2886367,63781841530724,None,None,None
2886392,63781841530746,None,None,None
2886401,63781841530757,None,None,None
2886409,63781841530768,None,None,None
2886426,63781841530779,None,None,None
2886434,63781841530790,None,None,None
2886442,63781841530801,None,None,None
2886459,63781841530812,None,None,None
2886467,63781841530823,None,None,None
2886476,63781841530834,None,None,None
2886492,63781841530845,None,None,None
2886501,63781841530857,None,None,None
2886509,63781841530868,None,None,None
2886526,63781841530879,None,None,None
2886534,63781841530890,None,None,None
2886542,63781841530901,None,None,None
2886559,63781841530912,None,None,None
2886567,63781841530923,None,None,None
2886584,63781841530934,None,None,None
2886592,63781841530945,None,None,None
2886601,63781841530957,None,None,None
2886609,63781841530968,None,None,None
2886626,63781841530979,None,None,None
2886634,63781841530990,None,None,None
2886651,63781841531001,None,None,None
2886659,63781841531012,None,None,None
2886667,63781841531023,None,None,None
2886684,63781841531035,None,None,None
2886692,63781841531045,None,None,None
2886701,63781841531056,None,None,None
2886709,63781841531067,None,None,None
2886726,63781841531079,None,None,None
2886734,63781841531089,None,None,None
2886742,63781841531102,None,None,None
2886759,63781841531112,None,None,None
2886767,63781841531123,None,None,None
2886776,63781841531134,99_Bahnsteig_PF,None,None
2886792,63781841531145,None,None,None
2886801,63781841531156,None,None,None
2886809,63781841531167,None,None,None
2886826,63781841531179,99_Bahnsteig_PF,None,99_Bahnsteig_PF
2886834,63781841531190,99_Bahnsteig_PF,None,99_Bahnsteig_PF
2886842,63781841531200,None,None,None
2886859,63781841531212,None,None,None
2886867,63781841531223,None,None,None
2886884,63781841531234,None,None,None
2886892,63781841531245,None,None,None
2886901,63781841531257,99_Bahnsteig_PF,None,99_Bahnsteig_PF
2886917,63781841531268,None,None,None
2886925,63781841531280,None,None,None
2886934,63781841531291,None,None,None
2886950,63781841531302,None,None,None
2886959,63781841531314,None,None,None
2886967,63781841531325,None,None,None
2886984,63781841531337,None,None,None
2886992,63781841531349,None,None,None
2887000,63781841531360,None,None,None
2887017,63781841531372,None,None,None
2887025,63781841531384,99_Bahnsteig_PF,None,None
2887042,63781841531395,99_Bahnsteig_PF,None,None
2887050,63781841531406,99_Bahnsteig_PF,None,None
2887059,63781841531417,None,None,None
2887075,63781841531428,99_Bahnsteig_PF,None,None
2887084,63781841531439,99_Bahnsteig_PF,None,None
2887092,63781841531451,99_Bahnsteig_PF,None,None
2887109,63781841531461,99_Bahnsteig_PF,None,None
2887117,63781841531472,None,None,None
2887125,63781841531484,99_Bahnsteig_PF,None,None
2887142,63781841531494,99_Bahnsteig_PF,None,None
2887150,63781841531506,99_Bahnsteig_PF,None,None
2887159,63781841531517,99_Bahnsteig_PF,None,None
2887175,63781841531528,99_Bahnsteig_PF,None,None
2887184,63781841531539,99_Bahnsteig_PF,None,None
2887192,63781841531550,99_Bahnsteig_PF,None,None
2887209,63781841531561,99_Bahnsteig_PF,None,None
2887217,63781841531572,99_Bahnsteig_PF,None,None
2887225,63781841531583,99_Bahnsteig_PF,None,None
2887242,63781841531594,99_Bahnsteig_PF,None,None
2887250,63781841531606,99_Bahnsteig_PF,None,None
2887259,63781841531617,None,None,None
2887275,63781841531628,99_Bahnsteig_PF,None,99_Bahnsteig_PF
2887284,63781841531639,None,None,None
2887292,63781841531650,None,None,None
2887309,63781841531661,None,None,None
2887317,63781841531673,None,None,None
2887325,63781841531683,None,None,None
2887342,63781841531694,None,None,None
2887350,63781841531705,None,None,None
2887359,63781841531716,None,None,None
2887375,63781841531727,None,None,None
2887384,63781841531738,None,None,None
2887392,63781841531749,None,None,None
2887409,63781841531760,None,None,None
2887417,63781841531772,None,None,None
2887425,63781841531782,None,None,None
2887442,63781841531795,None,None,None
2887450,63781841531805,None,None,None
2887459,63781841531816,None,None,None
2887467,63781841531827,None,None,None
2887484,63781841531838,None,None,None
2887492,63781841531849,None,None,None
2887500,63781841531860,None,None,None
2887517,63781841531872,None,None,None
2887525,63781841531883,None,None,None
2887534,63781841531894,None,None,None
2887550,63781841531905,None,None,None
2887559,63781841531916,None,None,None
2887575,63781841531927,None,None,None
2887583,63781841531938,None,None,None
2887592,63781841531949,None,None,None
2887600,63781841531960,None,None,None
2887617,63781841531972,None,None,None
2887625,63781841531983,None,None,None
2887633,63781841531994,None,None,None
2887650,63781841532005,None,None,None
2887658,63781841532016,None,None,None
2887675,63781841532027,None,None,None
2887683,63781841532038,None,None,None
2887692,63781841532050,None,None,None
2887708,63781841532060,None,None,None
2887717,63781841532072,None,None,None
2887725,63781841532083,None,None,None
2887742,63781841532094,None,None,None
2887750,63781841532105,None,None,None
2887758,63781841532117,None,None,None
2887775,63781841532128,None,None,None
2887783,63781841532139,None,None,None
2887792,63781841532150,None,None,None
2887808,63781841532161,None,None,None
2887817,63781841532172,None,None,None
2887825,63781841532183,None,None,None
2887842,63781841532194,None,None,None
2887850,63781841532205,None,None,None
2887858,63781841532216,None,None,None
2887875,63781841532227,None,None,None
2887883,63781841532238,None,None,None
2887892,63781841532249,None,None,None
2887908,63781841532261,None,None,None
2887917,63781841532272,None,None,None
2887925,63781841532283,None,None,None
2887942,63781841532294,None,None,None
2887950,63781841532305,None,None,None
2887958,63781841532316,None,None,None
2887975,63781841532327,None,None,None
2887983,63781841532339,None,None,None
2887992,63781841532350,None,None,None
2888008,63781841532360,None,None,None
2888017,63781841532372,None,None,None
2888025,63781841532383,None,None,None
2888042,63781841532394,None,None,None
2888050,63781841532405,None,None,None
2888058,63781841532416,None,None,None
2888075,63781841532427,None,None,None
2888083,63781841532439,None,None,None
2888092,63781841532450,None,None,None
2888108,63781841532460,None,None,None
2888117,63781841532472,None,None,None
2888125,63781841532483,None,None,None
2888142,63781841532494,None,None,None
2888150,63781841532505,None,None,None
2888158,63781841532516,None,None,None
2888175,63781841532527,None,None,None
2888183,63781841532539,None,None,None
2888192,63781841532550,None,None,None
2888208,63781841532561,None,None,None
2888217,63781841532572,None,None,None
2888225,63781841532583,None,None,None
2888242,63781841532594,None,None,None
2888250,63781841532605,None,None,None
2888258,63781841532616,None,None,None
2888275,63781841532627,99_Bahnsteig_PF,99_Bahnsteig_PF,99_Bahnsteig_PF
2888283,63781841532638,None,99_Bahnsteig_PF,99_Bahnsteig_PF
2888292,63781841532649,99_Bahnsteig_PF,99_Bahnsteig_PF,99_Bahnsteig_PF
2888308,63781841532660,99_Bahnsteig_PF,99_Bahnsteig_PF,99_Bahnsteig_PF
2888317,63781841532672,None,99_Bahnsteig_PF,99_Bahnsteig_PF
2888325,63781841532683,99_Bahnsteig_PF,99_Bahnsteig_PF,99_Bahnsteig_PF
2888342,63781841532694,99_Bahnsteig_PF,99_Bahnsteig_PF,99_Bahnsteig_PF
2888350,63781841532705,99_Bahnsteig_PF,99_Bahnsteig_PF,99_Bahnsteig_PF
2888358,63781841532716,99_Bahnsteig_PF,99_Bahnsteig_PF,99_Bahnsteig_PF
2888375,63781841532727,99_Bahnsteig_PF,99_Bahnsteig_PF,99_Bahnsteig_PF
2888383,63781841532738,99_Bahnsteig_PF,99_Bahnsteig_PF,99_Bahnsteig_PF
2888392,63781841532750,99_Bahnsteig_PF,99_Bahnsteig_PF,99_Bahnsteig_PF
2888408,63781841532760,99_Bahnsteig_PF,99_Bahnsteig_PF,99_Bahnsteig_PF
2888417,63781841532772,99_Bahnsteig_PF,99_Bahnsteig_PF,99_Bahnsteig_PF
2888425,63781841532783,99_Bahnsteig_PF,99_Bahnsteig_PF,99_Bahnsteig_PF
2888442,63781841532794,99_Bahnsteig_PF,99_Bahnsteig_PF,99_Bahnsteig_PF
2888450,63781841532805,99_Bahnsteig_PF,99_Bahnsteig_PF,99_Bahnsteig_PF
2888458,63781841532816,99_Bahnsteig_PF,99_Bahnsteig_PF,99_Bahnsteig_PF
2888475,63781841532828,99_Bahnsteig_PF,99_Bahnsteig_PF,99_Bahnsteig_PF
2888483,63781841532838,99_Bahnsteig_PF,99_Bahnsteig_PF,99_Bahnsteig_PF
2888492,63781841532850,99_Bahnsteig_PF,99_Bahnsteig_PF,99_Bahnsteig_PF
2888508,63781841532861,99_Bahnsteig_PF,99_Bahnsteig_PF,99_Bahnsteig_PF
2888517,63781841532872,99_Bahnsteig_PF,99_Bahnsteig_PF,99_Bahnsteig_PF
2888525,63781841532883,99_Bahnsteig_PF,99_Bahnsteig_PF,99_Bahnsteig_PF
2888542,63781841532894,99_Bahnsteig_PF,99_Bahnsteig_PF,99_Bahnsteig_PF
2888550,63781841532905,99_Bahnsteig_PF,99_Bahnsteig_PF,99_Bahnsteig_PF
2888558,63781841532916,99_Bahnsteig_PF,99_Bahnsteig_PF,99_Bahnsteig_PF
2888575,63781841532927,99_Bahnsteig_PF,99_Bahnsteig_PF,99_Bahnsteig_PF
2888583,63781841532938,99_Bahnsteig_PF,99_Bahnsteig_PF,99_Bahnsteig_PF
2888592,63781841532949,99_Bahnsteig_PF,99_Bahnsteig_PF,99_Bahnsteig_PF
2888608,63781841532960,99_Bahnsteig_PF,99_Bahnsteig_PF,99_Bahnsteig_PF
2888617,63781841532972,99_Bahnsteig_PF,99_Bahnsteig_PF,99_Bahnsteig_PF
2888625,63781841532983,99_Bahnsteig_PF,99_Bahnsteig_PF,99_Bahnsteig_PF
2888642,63781841532994,99_Bahnsteig_PF,99_Bahnsteig_PF,99_Bahnsteig_PF
2888650,63781841533005,99_Bahnsteig_PF,99_Bahnsteig_PF,99_Bahnsteig_PF
2888658,63781841533016,99_Bahnsteig_PF,99_Bahnsteig_PF,99_Bahnsteig_PF
2888675,63781841533027,99_Bahnsteig_PF,99_Bahnsteig_PF,99_Bahnsteig_PF
2888683,63781841533038,99_Bahnsteig_PF,99_Bahnsteig_PF,99_Bahnsteig_PF
2888692,63781841533049,99_Bahnsteig_PF,99_Bahnsteig_PF,99_Bahnsteig_PF
2888708,63781841533061,99_Bahnsteig_PF,99_Bahnsteig_PF,99_Bahnsteig_PF
2888717,63781841533071,99_Bahnsteig_PF,99_Bahnsteig_PF,99_Bahnsteig_PF
2888725,63781841533082,99_Bahnsteig_PF,99_Bahnsteig_PF,99_Bahnsteig_PF
2888742,63781841533094,None,99_Bahnsteig_PF,99_Bahnsteig_PF
2888750,63781841533105,None,99_Bahnsteig_PF,99_Bahnsteig_PF
2888758,63781841533116,None,99_Bahnsteig_PF,99_Bahnsteig_PF
2888775,63781841533127,None,99_Bahnsteig_PF,99_Bahnsteig_PF
2888783,63781841533138,None,99_Bahnsteig_PF,99_Bahnsteig_PF
2888792,63781841533149,None,99_Bahnsteig_PF,99_Bahnsteig_PF
2888808,63781841533160,None,99_Bahnsteig_PF,99_Bahnsteig_PF
2888817,63781841533172,None,99_Bahnsteig_PF,99_Bahnsteig_PF
2888825,63781841533183,None,99_Bahnsteig_PF,99_Bahnsteig_PF
2888842,63781841533193,None,99_Bahnsteig_PF,99_Bahnsteig_PF
2888850,63781841533204,None,99_Bahnsteig_PF,99_Bahnsteig_PF
2888858,63781841533216,None,99_Bahnsteig_PF,99_Bahnsteig_PF
2888875,63781841533227,None,99_Bahnsteig_PF,99_Bahnsteig_PF
2888883,63781841533238,None,99_Bahnsteig_PF,99_Bahnsteig_PF
2888892,63781841533249,None,99_Bahnsteig_PF,99_Bahnsteig_PF
2888908,63781841533260,None,99_Bahnsteig_PF,99_Bahnsteig_PF
2888917,63781841533271,None,99_Bahnsteig_PF,99_Bahnsteig_PF
2888925,63781841533282,None,99_Bahnsteig_PF,99_Bahnsteig_PF
2888942,63781841533293,99_Bahnsteig_PF,99_Bahnsteig_PF,99_Bahnsteig_PF
2888950,63781841533304,99_Bahnsteig_PF,99_Bahnsteig_PF,99_Bahnsteig_PF
2888958,63781841533316,99_Bahnsteig_PF,99_Bahnsteig_PF,99_Bahnsteig_PF
2888975,63781841533327,99_Bahnsteig_PF,99_Bahnsteig_PF,99_Bahnsteig_PF
2888983,63781841533338,99_Bahnsteig_PF,99_Bahnsteig_PF,99_Bahnsteig_PF
2888992,63781841533349,99_Bahnsteig_PF,99_Bahnsteig_PF,99_Bahnsteig_PF
2889008,63781841533360,99_Bahnsteig_PF,99_Bahnsteig_PF,99_Bahnsteig_PF
2889017,63781841533372,99_Bahnsteig_PF,99_Bahnsteig_PF,99_Bahnsteig_PF
2889025,63781841533382,99_Bahnsteig_PF,99_Bahnsteig_PF,99_Bahnsteig_PF
2889042,63781841533394,99_Bahnsteig_PF,99_Bahnsteig_PF,99_Bahnsteig_PF
2889050,63781841533404,99_Bahnsteig_PF,99_Bahnsteig_PF,99_Bahnsteig_PF
2889058,63781841533416,99_Bahnsteig_PF,99_Bahnsteig_PF,99_Bahnsteig_PF
2889075,63781841533427,99_Bahnsteig_PF,99_Bahnsteig_PF,99_Bahnsteig_PF
2889083,63781841533438,99_Bahnsteig_PF,99_Bahnsteig_PF,99_Bahnsteig_PF
2889092,63781841533449,99_Bahnsteig_PF,99_Bahnsteig_PF,99_Bahnsteig_PF
2889108,63781841533460,99_Bahnsteig_PF,99_Bahnsteig_PF,99_Bahnsteig_PF
2889117,63781841533471,99_Bahnsteig_PF,99_Bahnsteig_PF,99_Bahnsteig_PF
2889125,63781841533482,99_Bahnsteig_PF,99_Bahnsteig_PF,99_Bahnsteig_PF
2889141,63781841533493,99_Bahnsteig_PF,99_Bahnsteig_PF,99_Bahnsteig_PF
2889150,63781841533504,None,None,None
2889158,63781841533516,None,None,None
2889175,63781841533527,None,None,None
2889183,63781841533538,None,None,None
2889191,63781841533549,None,None,None
2889208,63781841533560,None,None,None
2889216,63781841533571,None,None,None
2889225,63781841533582,None,None,None
2889241,63781841533594,None,None,None
2889250,63781841533606,None,None,None
2889258,63781841533616,None,None,None
2889275,63781841533628,None,None,None
2889283,63781841533639,None,None,None
2889291,63781841533650,None,None,None
2889308,63781841533661,None,None,None
2889316,63781841533672,None,None,None
2889325,63781841533684,None,None,None
2889333,63781841533694,None,None,None
2889350,63781841533705,None,None,None
2889358,63781841533716,None,None,None
2889375,63781841533727,None,None,None
2889383,63781841533739,None,None,None
2889391,63781841533750,None,None,None
2889408,63781841533761,None,None,None
2889416,63781841533772,None,None,None
2889425,63781841533783,None,None,None
2889441,63781841533794,None,None,None
2889450,63781841533805,None,None,None
2889458,63781841533816,None,None,None
2889475,63781841533828,None,None,None
2889483,63781841533839,None,None,None
2889491,63781841533850,None,None,None
2889508,63781841533861,None,None,None
2889516,63781841533872,None,None,None
2889525,63781841533883,None,None,None
2889541,63781841533894,None,None,None
2889550,63781841533905,None,None,None
2889558,63781841533916,None,None,None
2889575,63781841533927,None,None,None
2889583,63781841533938,None,None,None
2889591,63781841533950,None,None,None
2889608,63781841533961,None,None,None
2889616,63781841533972,None,None,None
2889625,63781841533983,None,None,None
2889641,63781841533995,None,None,None
2889650,63781841534005,None,None,None
2889658,63781841534016,None,None,None
2889675,63781841534027,None,None,None
2889683,63781841534038,None,None,None
2889691,63781841534049,None,None,None
2889708,63781841534061,None,None,None
2889716,63781841534072,None,None,None
2889725,63781841534083,None,None,None
2889741,63781841534094,None,None,None
2889750,63781841534105,None,None,None
2889758,63781841534116,None,None,None
2889775,63781841534127,None,None,None
2889783,63781841534138,None,None,None
2889800,63781841534150,None,None,None
2889808,63781841534160,None,None,None
2889816,63781841534172,None,None,None
2889825,63781841534183,None,None,None
2889841,63781841534194,None,None,None
2889850,63781841534205,None,None,None
2889858,63781841534216,None,None,None
2889875,63781841534227,None,None,None
2889883,63781841534238,None,None,None
2889891,63781841534249,None,None,None
2889908,63781841534261,None,None,None
2889916,63781841534272,None,None,None
2889925,63781841534283,None,None,None
2889950,63781841534305,None,None,None
2889950,63781841534309,None,None,None
2889958,63781841534313,None,None,None
2889966,63781841534322,None,None,None
2889975,63781841534333,None,None,None
2889983,63781841534344,99_Bahnsteig_PF,99_Bahnsteig_PF,99_Bahnsteig_PF
2890000,63781841534355,99_Bahnsteig_PF,99_Bahnsteig_PF,99_Bahnsteig_PF
2890008,63781841534366,99_Bahnsteig_PF,99_Bahnsteig_PF,99_Bahnsteig_PF
2890025,63781841534378,99_Bahnsteig_PF,99_Bahnsteig_PF,99_Bahnsteig_PF
2890033,63781841534389,99_Bahnsteig_PF,None,99_Bahnsteig_PF
2890041,63781841534399,99_Bahnsteig_PF,None,99_Bahnsteig_PF
2890058,63781841534411,99_Bahnsteig_PF,None,None
2890066,63781841534422,99_Bahnsteig_PF,None,None
2890075,63781841534433,99_Bahnsteig_PF,None,99_Bahnsteig_PF
2890091,63781841534444,99_Bahnsteig_PF,None,99_Bahnsteig_PF
2890100,63781841534455,99_Bahnsteig_PF,None,99_Bahnsteig_PF
2890108,63781841534466,99_Bahnsteig_PF,None,99_Bahnsteig_PF
2890125,63781841534478,99_Bahnsteig_PF,None,99_Bahnsteig_PF
2890133,63781841534489,99_Bahnsteig_PF,None,99_Bahnsteig_PF
2890141,63781841534500,99_Bahnsteig_PF,None,99_Bahnsteig_PF
2890158,63781841534511,99_Bahnsteig_PF,None,99_Bahnsteig_PF
2890166,63781841534522,99_Bahnsteig_PF,None,99_Bahnsteig_PF
2890175,63781841534533,99_Bahnsteig_PF,None,99_Bahnsteig_PF
2890191,63781841534545,99_Bahnsteig_PF,99_Bahnsteig_PF,99_Bahnsteig_PF
2890200,63781841534555,99_Bahnsteig_PF,99_Bahnsteig_PF,99_Bahnsteig_PF
2890208,63781841534566,99_Bahnsteig_PF,99_Bahnsteig_PF,99_Bahnsteig_PF
2890225,63781841534577,99_Bahnsteig_PF,99_Bahnsteig_PF,99_Bahnsteig_PF
2890233,63781841534588,99_Bahnsteig_PF,99_Bahnsteig_PF,99_Bahnsteig_PF
2890241,63781841534600,99_Bahnsteig_PF,99_Bahnsteig_PF,99_Bahnsteig_PF
2890258,63781841534611,99_Bahnsteig_PF,99_Bahnsteig_PF,99_Bahnsteig_PF
2890266,63781841534622,99_Bahnsteig_PF,99_Bahnsteig_PF,99_Bahnsteig_PF
2890275,63781841534633,99_Bahnsteig_PF,99_Bahnsteig_PF,99_Bahnsteig_PF
2890291,63781841534644,99_Bahnsteig_PF,99_Bahnsteig_PF,99_Bahnsteig_PF
2890300,63781841534655,99_Bahnsteig_PF,99_Bahnsteig_PF,99_Bahnsteig_PF
2890308,63781841534666,99_Bahnsteig_PF,99_Bahnsteig_PF,99_Bahnsteig_PF
2890325,63781841534677,99_Bahnsteig_PF,99_Bahnsteig_PF,99_Bahnsteig_PF
2890333,63781841534689,99_Bahnsteig_PF,99_Bahnsteig_PF,99_Bahnsteig_PF
2890341,63781841534700,99_Bahnsteig_PF,99_Bahnsteig_PF,99_Bahnsteig_PF
2890358,63781841534711,None,99_Bahnsteig_PF,99_Bahnsteig_PF
2890366,63781841534722,None,None,None
2890375,63781841534733,None,None,None
2890391,63781841534744,None,None,None
2890400,63781841534755,None,None,None
2890408,63781841534766,None,None,None
2890425,63781841534778,None,None,None
2890433,63781841534789,None,None,None
2890450,63781841534801,None,None,None
2890458,63781841534812,None,None,None
2890466,63781841534824,None,None,None
2890483,63781841534835,None,None,None
2890491,63781841534847,None,None,None
2890500,63781841534858,None,None,None
2890516,63781841534870,None,None,None
2890525,63781841534881,None,None,None
2890541,63781841534893,None,None,None
2890550,63781841534904,None,None,None
2890558,63781841534915,None,None,None
2890566,63781841534927,None,None,None
2890583,63781841534938,None,None,None
2890591,63781841534949,None,None,None
2890600,63781841534960,None,None,None
2890616,63781841534971,99_Bahnsteig_PF,99_Bahnsteig_PF,99_Bahnsteig_PF
2890625,63781841534982,99_Bahnsteig_PF,99_Bahnsteig_PF,99_Bahnsteig_PF
2890641,63781841534993,99_Bahnsteig_PF,99_Bahnsteig_PF,99_Bahnsteig_PF
2890650,63781841535004,99_Bahnsteig_PF,99_Bahnsteig_PF,99_Bahnsteig_PF
2890658,63781841535015,99_Bahnsteig_PF,99_Bahnsteig_PF,99_Bahnsteig_PF
2890675,63781841535027,99_Bahnsteig_PF,99_Bahnsteig_PF,99_Bahnsteig_PF
2890683,63781841535038,99_Bahnsteig_PF,99_Bahnsteig_PF,99_Bahnsteig_PF
2890691,63781841535049,99_Bahnsteig_PF,99_Bahnsteig_PF,99_Bahnsteig_PF
2890708,63781841535060,99_Bahnsteig_PF,99_Bahnsteig_PF,99_Bahnsteig_PF
2890716,63781841535071,99_Bahnsteig_PF,99_Bahnsteig_PF,99_Bahnsteig_PF
2890725,63781841535082,99_Bahnsteig_PF,99_Bahnsteig_PF,99_Bahnsteig_PF
2890741,63781841535093,99_Bahnsteig_PF,99_Bahnsteig_PF,99_Bahnsteig_PF
2890750,63781841535104,99_Bahnsteig_PF,99_Bahnsteig_PF,99_Bahnsteig_PF
2890758,63781841535115,99_Bahnsteig_PF,99_Bahnsteig_PF,99_Bahnsteig_PF
2890775,63781841535127,99_Bahnsteig_PF,99_Bahnsteig_PF,99_Bahnsteig_PF
2890783,63781841535138,99_Bahnsteig_PF,99_Bahnsteig_PF,99_Bahnsteig_PF
2890791,63781841535149,99_Bahnsteig_PF,99_Bahnsteig_PF,99_Bahnsteig_PF
2890808,63781841535160,99_Bahnsteig_PF,99_Bahnsteig_PF,99_Bahnsteig_PF
2890816,63781841535171,99_Bahnsteig_PF,99_Bahnsteig_PF,99_Bahnsteig_PF
2890825,63781841535182,99_Bahnsteig_PF,99_Bahnsteig_PF,99_Bahnsteig_PF
2890841,63781841535193,99_Bahnsteig_PF,None,99_Bahnsteig_PF
2890850,63781841535205,99_Bahnsteig_PF,None,99_Bahnsteig_PF
2890858,63781841535215,99_Bahnsteig_PF,None,99_Bahnsteig_PF
2890866,63781841535226,99_Bahnsteig_PF,None,None
2890883,63781841535238,99_Bahnsteig_PF,None,None
2890891,63781841535249,99_Bahnsteig_PF,None,None
2890900,63781841535260,99_Bahnsteig_PF,None,99_Bahnsteig_PF
2890916,63781841535271,None,None,None
2890925,63781841535282,None,None,None
2890941,63781841535293,None,None,None
2890950,63781841535304,None,None,None
2890958,63781841535315,None,None,None
2890975,63781841535327,99_Bahnsteig_PF,None,None
2890983,63781841535338,99_Bahnsteig_PF,None,None
2890991,63781841535348,None,None,None
2891008,63781841535360,None,None,None
2891016,63781841535371,None,None,None
2891025,63781841535383,None,None,None
2891041,63781841535393,None,None,None
2891050,63781841535404,None,None,None
2891058,63781841535415,None,None,None
2891075,63781841535427,None,None,None
2891083,63781841535437,None,None,None
2891091,63781841535449,None,None,None
2891108,63781841535460,None,None,None
2891116,63781841535471,None,None,None
2891125,63781841535482,None,None,None
2891141,63781841535493,None,None,None
2891150,63781841535504,None,None,None
2891158,63781841535515,None,None,None
2891166,63781841535526,None,None,None
2891183,63781841535537,None,None,None
2891191,63781841535549,None,None,None
2891200,63781841535560,None,None,None
2891216,63781841535571,None,None,None
2891225,63781841535583,None,None,None
2891241,63781841535593,None,None,None
2891250,63781841535604,None,None,None
2891258,63781841535615,None,None,None
2891266,63781841535626,None,None,None
2891283,63781841535637,None,None,None
2891291,63781841535649,None,None,None
2891300,63781841535659,None,None,None
2891316,63781841535671,None,None,None
2891325,63781841535682,None,None,None
2891341,63781841535693,None,None,None
2891350,63781841535704,None,None,None
2891358,63781841535715,None,None,None
2891366,63781841535726,None,None,None
2891383,63781841535737,None,None,None
2891391,63781841535748,None,None,None
2891400,63781841535760,None,None,None
2891416,63781841535770,None,None,None
2891425,63781841535782,None,None,None
2891433,63781841535793,None,None,None
2891450,63781841535804,None,None,None
2891458,63781841535815,None,None,None
2891466,63781841535826,None,None,None
2891483,63781841535837,None,None,None
2891491,63781841535848,None,None,None
2891500,63781841535860,None,None,None
2891516,63781841535870,None,None,None
2891525,63781841535881,None,None,None
2891533,63781841535893,None,None,None
2891550,63781841535904,None,None,None
2891558,63781841535915,None,None,None
2891575,63781841535926,None,None,None
2891583,63781841535937,None,None,None
2891591,63781841535948,None,None,None
2891600,63781841535959,None,None,None
2891616,63781841535971,None,None,None
2891625,63781841535982,None,None,None
2891633,63781841535993,None,None,None
2891650,63781841536003,None,None,None
2891658,63781841536015,None,None,None
2891666,63781841536026,None,None,None
2891683,63781841536037,None,None,None
2891691,63781841536048,None,None,None
2891700,63781841536059,None,None,None
2891716,63781841536070,None,None,None
2891725,63781841536081,None,None,None
2891733,63781841536093,None,None,None
2891750,63781841536104,None,None,None
2891758,63781841536115,None,None,None
2891766,63781841536126,None,None,None
2891783,63781841536137,None,None,None
2891791,63781841536148,None,None,None
2891800,63781841536159,None,None,None
2891816,63781841536171,None,None,None
2891825,63781841536181,None,None,None
2891833,63781841536193,None,None,None
2891850,63781841536204,None,None,None
2891858,63781841536215,None,None,None
2891875,63781841536226,None,None,None
2891883,63781841536237,None,None,None
2891891,63781841536248,None,None,None
2891908,63781841536259,None,None,None
2891916,63781841536271,None,None,None
2891924,63781841536281,None,None,None
2891941,63781841536293,None,None,None
2891949,63781841536304,None,None,None
2891958,63781841536315,None,None,None
2891974,63781841536326,None,None,None
2891983,63781841536337,None,None,None
2891991,63781841536348,None,None,None
2892008,63781841536359,None,None,None
2892016,63781841536370,None,None,None
2892024,63781841536381,None,None,None
2892041,63781841536393,None,None,None
2892049,63781841536403,None,None,None
2892058,63781841536415,None,None,None
2892066,63781841536426,None,None,None
2892083,63781841536437,None,None,None
2892091,63781841536448,None,None,None
2892099,63781841536459,None,None,None
2892116,63781841536470,None,None,None
2892124,63781841536482,99_Bahnsteig_PF,99_Bahnsteig_PF,99_Bahnsteig_PF
2892133,63781841536492,99_Bahnsteig_PF,99_Bahnsteig_PF,99_Bahnsteig_PF
2892149,63781841536503,99_Bahnsteig_PF,99_Bahnsteig_PF,99_Bahnsteig_PF
2892158,63781841536515,99_Bahnsteig_PF,99_Bahnsteig_PF,99_Bahnsteig_PF
2892166,63781841536526,99_Bahnsteig_PF,99_Bahnsteig_PF,99_Bahnsteig_PF
2892183,63781841536537,99_Bahnsteig_PF,99_Bahnsteig_PF,99_Bahnsteig_PF
2892191,63781841536548,99_Bahnsteig_PF,99_Bahnsteig_PF,99_Bahnsteig_PF
2892208,63781841536559,99_Bahnsteig_PF,99_Bahnsteig_PF,99_Bahnsteig_PF
2892216,63781841536570,99_Bahnsteig_PF,99_Bahnsteig_PF,99_Bahnsteig_PF
2892224,63781841536581,99_Bahnsteig_PF,99_Bahnsteig_PF,99_Bahnsteig_PF
2892233,63781841536592,99_Bahnsteig_PF,99_Bahnsteig_PF,99_Bahnsteig_PF
2892249,63781841536603,99_Bahnsteig_PF,99_Bahnsteig_PF,99_Bahnsteig_PF
2892258,63781841536615,99_Bahnsteig_PF,99_Bahnsteig_PF,99_Bahnsteig_PF
2892266,63781841536626,99_Bahnsteig_PF,99_Bahnsteig_PF,99_Bahnsteig_PF
2892283,63781841536637,99_Bahnsteig_PF,99_Bahnsteig_PF,99_Bahnsteig_PF
2892291,63781841536648,99_Bahnsteig_PF,99_Bahnsteig_PF,99_Bahnsteig_PF
2892299,63781841536659,99_Bahnsteig_PF,99_Bahnsteig_PF,99_Bahnsteig_PF
2892316,63781841536670,99_Bahnsteig_PF,99_Bahnsteig_PF,99_Bahnsteig_PF
2892324,63781841536681,99_Bahnsteig_PF,99_Bahnsteig_PF,99_Bahnsteig_PF
2892341,63781841536692,99_Bahnsteig_PF,99_Bahnsteig_PF,99_Bahnsteig_PF
2892349,63781841536704,99_Bahnsteig_PF,99_Bahnsteig_PF,99_Bahnsteig_PF
2892358,63781841536714,99_Bahnsteig_PF,99_Bahnsteig_PF,99_Bahnsteig_PF
2892383,63781841536737,99_Bahnsteig_PF,99_Bahnsteig_PF,99_Bahnsteig_PF
2892391,63781841536748,99_Bahnsteig_PF,99_Bahnsteig_PF,99_Bahnsteig_PF
2892408,63781841536759,99_Bahnsteig_PF,99_Bahnsteig_PF,99_Bahnsteig_PF
2892416,63781841536770,99_Bahnsteig_PF,99_Bahnsteig_PF,99_Bahnsteig_PF
2892424,63781841536781,99_Bahnsteig_PF,99_Bahnsteig_PF,99_Bahnsteig_PF
2892441,63781841536792,99_Bahnsteig_PF,99_Bahnsteig_PF,99_Bahnsteig_PF
2892449,63781841536803,99_Bahnsteig_PF,99_Bahnsteig_PF,99_Bahnsteig_PF
2892458,63781841536814,99_Bahnsteig_PF,99_Bahnsteig_PF,99_Bahnsteig_PF
2892474,63781841536826,None,99_Bahnsteig_PF,99_Bahnsteig_PF
2892483,63781841536838,99_Bahnsteig_PF,99_Bahnsteig_PF,99_Bahnsteig_PF
2892491,63781841536848,99_Bahnsteig_PF,99_Bahnsteig_PF,99_Bahnsteig_PF
2892499,63781841536859,99_Bahnsteig_PF,99_Bahnsteig_PF,99_Bahnsteig_PF
2892516,63781841536870,99_Bahnsteig_PF,99_Bahnsteig_PF,99_Bahnsteig_PF
2892524,63781841536881,99_Bahnsteig_PF,99_Bahnsteig_PF,99_Bahnsteig_PF
2892533,63781841536892,99_Bahnsteig_PF,99_Bahnsteig_PF,99_Bahnsteig_PF
2892549,63781841536903,99_Bahnsteig_PF,99_Bahnsteig_PF,99_Bahnsteig_PF
2892558,63781841536914,99_Bahnsteig_PF,99_Bahnsteig_PF,99_Bahnsteig_PF
2892566,63781841536925,99_Bahnsteig_PF,99_Bahnsteig_PF,99_Bahnsteig_PF
2892583,63781841536936,99_Bahnsteig_PF,99_Bahnsteig_PF,99_Bahnsteig_PF
2892591,63781841536948,99_Bahnsteig_PF,99_Bahnsteig_PF,99_Bahnsteig_PF
2892608,63781841536959,99_Bahnsteig_PF,99_Bahnsteig_PF,99_Bahnsteig_PF
2892616,63781841536970,99_Bahnsteig_PF,99_Bahnsteig_PF,99_Bahnsteig_PF
2892624,63781841536981,99_Bahnsteig_PF,99_Bahnsteig_PF,99_Bahnsteig_PF
2892633,63781841536992,99_Bahnsteig_PF,99_Bahnsteig_PF,99_Bahnsteig_PF
2892649,63781841537003,99_Bahnsteig_PF,99_Bahnsteig_PF,99_Bahnsteig_PF
2892658,63781841537014,99_Bahnsteig_PF,99_Bahnsteig_PF,99_Bahnsteig_PF
2892674,63781841537026,99_Bahnsteig_PF,99_Bahnsteig_PF,99_Bahnsteig_PF
2892683,63781841537037,99_Bahnsteig_PF,99_Bahnsteig_PF,99_Bahnsteig_PF
2892699,63781841537053,99_Bahnsteig_PF,99_Bahnsteig_PF,99_Bahnsteig_PF
2892708,63781841537059,99_Bahnsteig_PF,99_Bahnsteig_PF,99_Bahnsteig_PF
2892716,63781841537070,99_Bahnsteig_PF,99_Bahnsteig_PF,99_Bahnsteig_PF
2892724,63781841537081,99_Bahnsteig_PF,99_Bahnsteig_PF,99_Bahnsteig_PF
2892741,63781841537092,None,None,None
2892749,63781841537104,99_Bahnsteig_PF,99_Bahnsteig_PF,99_Bahnsteig_PF
2892758,63781841537114,99_Bahnsteig_PF,99_Bahnsteig_PF,99_Bahnsteig_PF
2892774,63781841537125,99_Bahnsteig_PF,99_Bahnsteig_PF,99_Bahnsteig_PF
2892783,63781841537136,99_Bahnsteig_PF,99_Bahnsteig_PF,99_Bahnsteig_PF
2892791,63781841537147,99_Bahnsteig_PF,99_Bahnsteig_PF,99_Bahnsteig_PF
2892799,63781841537158,99_Bahnsteig_PF,99_Bahnsteig_PF,99_Bahnsteig_PF
2892816,63781841537170,99_Bahnsteig_PF,99_Bahnsteig_PF,99_Bahnsteig_PF
2892824,63781841537181,99_Bahnsteig_PF,99_Bahnsteig_PF,99_Bahnsteig_PF
2892833,63781841537192,99_Bahnsteig_PF,99_Bahnsteig_PF,99_Bahnsteig_PF
2892849,63781841537203,99_Bahnsteig_PF,99_Bahnsteig_PF,99_Bahnsteig_PF
2892858,63781841537214,99_Bahnsteig_PF,99_Bahnsteig_PF,99_Bahnsteig_PF
2892866,63781841537225,99_Bahnsteig_PF,99_Bahnsteig_PF,99_Bahnsteig_PF
2892883,63781841537236,99_Bahnsteig_PF,99_Bahnsteig_PF,99_Bahnsteig_PF
2892891,63781841537247,99_Bahnsteig_PF,99_Bahnsteig_PF,99_Bahnsteig_PF
2892908,63781841537259,99_Bahnsteig_PF,99_Bahnsteig_PF,99_Bahnsteig_PF
2892916,63781841537269,99_Bahnsteig_PF,99_Bahnsteig_PF,99_Bahnsteig_PF
2892924,63781841537281,99_Bahnsteig_PF,99_Bahnsteig_PF,99_Bahnsteig_PF
2892941,63781841537292,99_Bahnsteig_PF,99_Bahnsteig_PF,99_Bahnsteig_PF
2892949,63781841537303,99_Bahnsteig_PF,99_Bahnsteig_PF,99_Bahnsteig_PF
2892958,63781841537314,99_Bahnsteig_PF,99_Bahnsteig_PF,99_Bahnsteig_PF
2892966,63781841537325,99_Bahnsteig_PF,99_Bahnsteig_PF,99_Bahnsteig_PF
2892983,63781841537336,99_Bahnsteig_PF,99_Bahnsteig_PF,99_Bahnsteig_PF
2892991,63781841537347,99_Bahnsteig_PF,99_Bahnsteig_PF,99_Bahnsteig_PF
2892999,63781841537358,99_Bahnsteig_PF,99_Bahnsteig_PF,99_Bahnsteig_PF
2893016,63781841537370,99_Bahnsteig_PF,99_Bahnsteig_PF,99_Bahnsteig_PF
2893024,63781841537381,99_Bahnsteig_PF,99_Bahnsteig_PF,99_Bahnsteig_PF
2893033,63781841537391,99_Bahnsteig_PF,99_Bahnsteig_PF,99_Bahnsteig_PF
2893049,63781841537403,99_Bahnsteig_PF,99_Bahnsteig_PF,99_Bahnsteig_PF
2893058,63781841537414,99_Bahnsteig_PF,99_Bahnsteig_PF,99_Bahnsteig_PF
2893066,63781841537425,99_Bahnsteig_PF,99_Bahnsteig_PF,99_Bahnsteig_PF
2893083,63781841537436,99_Bahnsteig_PF,99_Bahnsteig_PF,99_Bahnsteig_PF
2893091,63781841537447,99_Bahnsteig_PF,99_Bahnsteig_PF,99_Bahnsteig_PF
2893099,63781841537458,99_Bahnsteig_PF,99_Bahnsteig_PF,99_Bahnsteig_PF
2893116,63781841537469,99_Bahnsteig_PF,99_Bahnsteig_PF,99_Bahnsteig_PF
2893124,63781841537481,99_Bahnsteig_PF,99_Bahnsteig_PF,99_Bahnsteig_PF
2893133,63781841537492,99_Bahnsteig_PF,99_Bahnsteig_PF,99_Bahnsteig_PF
2893149,63781841537503,99_Bahnsteig_PF,99_Bahnsteig_PF,99_Bahnsteig_PF
2893158,63781841537514,99_Bahnsteig_PF,99_Bahnsteig_PF,99_Bahnsteig_PF
2893166,63781841537525,99_Bahnsteig_PF,99_Bahnsteig_PF,99_Bahnsteig_PF
2893183,63781841537536,99_Bahnsteig_PF,99_Bahnsteig_PF,99_Bahnsteig_PF
2893191,63781841537547,99_Bahnsteig_PF,99_Bahnsteig_PF,99_Bahnsteig_PF
2893208,63781841537559,99_Bahnsteig_PF,99_Bahnsteig_PF,99_Bahnsteig_PF
2893216,63781841537570,99_Bahnsteig_PF,99_Bahnsteig_PF,99_Bahnsteig_PF
2893224,63781841537581,99_Bahnsteig_PF,99_Bahnsteig_PF,99_Bahnsteig_PF
2893233,63781841537592,99_Bahnsteig_PF,99_Bahnsteig_PF,99_Bahnsteig_PF
2893249,63781841537603,99_Bahnsteig_PF,99_Bahnsteig_PF,99_Bahnsteig_PF
2893258,63781841537614,99_Bahnsteig_PF,99_Bahnsteig_PF,99_Bahnsteig_PF
2893266,63781841537625,99_Bahnsteig_PF,99_Bahnsteig_PF,99_Bahnsteig_PF
2893283,63781841537636,99_Bahnsteig_PF,99_Bahnsteig_PF,99_Bahnsteig_PF
2893291,63781841537648,99_Bahnsteig_PF,99_Bahnsteig_PF,99_Bahnsteig_PF
2893308,63781841537659,99_Bahnsteig_PF,99_Bahnsteig_PF,99_Bahnsteig_PF
2893316,63781841537669,99_Bahnsteig_PF,99_Bahnsteig_PF,99_Bahnsteig_PF
2893324,63781841537681,99_Bahnsteig_PF,99_Bahnsteig_PF,99_Bahnsteig_PF
2893341,63781841537692,99_Bahnsteig_PF,99_Bahnsteig_PF,99_Bahnsteig_PF
2893349,63781841537703,99_Bahnsteig_PF,99_Bahnsteig_PF,99_Bahnsteig_PF
2893358,63781841537714,99_Bahnsteig_PF,99_Bahnsteig_PF,99_Bahnsteig_PF
2893366,63781841537725,99_Bahnsteig_PF,99_Bahnsteig_PF,99_Bahnsteig_PF
2893383,63781841537736,99_Bahnsteig_PF,99_Bahnsteig_PF,99_Bahnsteig_PF
2893391,63781841537747,99_Bahnsteig_PF,99_Bahnsteig_PF,99_Bahnsteig_PF
2893399,63781841537758,99_Bahnsteig_PF,99_Bahnsteig_PF,99_Bahnsteig_PF
2893416,63781841537769,99_Bahnsteig_PF,99_Bahnsteig_PF,99_Bahnsteig_PF
2893424,63781841537781,99_Bahnsteig_PF,99_Bahnsteig_PF,99_Bahnsteig_PF
2893441,63781841537796,99_Bahnsteig_PF,99_Bahnsteig_PF,99_Bahnsteig_PF
2893449,63781841537803,99_Bahnsteig_PF,99_Bahnsteig_PF,99_Bahnsteig_PF
2893458,63781841537810,99_Bahnsteig_PF,99_Bahnsteig_PF,99_Bahnsteig_PF
2893466,63781841537822,99_Bahnsteig_PF,99_Bahnsteig_PF,99_Bahnsteig_PF
2893474,63781841537833,99_Bahnsteig_PF,99_Bahnsteig_PF,99_Bahnsteig_PF
2893491,63781841537844,99_Bahnsteig_PF,99_Bahnsteig_PF,99_Bahnsteig_PF
2893499,63781841537855,99_Bahnsteig_PF,99_Bahnsteig_PF,99_Bahnsteig_PF
2893507,63781841537867,99_Bahnsteig_PF,99_Bahnsteig_PF,99_Bahnsteig_PF
2893524,63781841537878,99_Bahnsteig_PF,99_Bahnsteig_PF,99_Bahnsteig_PF
2893532,63781841537889,99_Bahnsteig_PF,99_Bahnsteig_PF,99_Bahnsteig_PF
2893541,63781841537900,99_Bahnsteig_PF,99_Bahnsteig_PF,99_Bahnsteig_PF
2893557,63781841537911,99_Bahnsteig_PF,99_Bahnsteig_PF,99_Bahnsteig_PF
2893566,63781841537922,99_Bahnsteig_PF,99_Bahnsteig_PF,99_Bahnsteig_PF
2893574,63781841537933,99_Bahnsteig_PF,99_Bahnsteig_PF,99_Bahnsteig_PF
2893591,63781841537944,99_Bahnsteig_PF,99_Bahnsteig_PF,99_Bahnsteig_PF
2893599,63781841537955,99_Bahnsteig_PF,99_Bahnsteig_PF,99_Bahnsteig_PF
2893607,63781841537966,99_Bahnsteig_PF,99_Bahnsteig_PF,99_Bahnsteig_PF
2893624,63781841537977,99_Bahnsteig_PF,99_Bahnsteig_PF,99_Bahnsteig_PF
2893632,63781841537990,99_Bahnsteig_PF,99_Bahnsteig_PF,99_Bahnsteig_PF
2893641,63781841538000,99_Bahnsteig_PF,99_Bahnsteig_PF,99_Bahnsteig_PF
2893657,63781841538011,99_Bahnsteig_PF,99_Bahnsteig_PF,99_Bahnsteig_PF
2893666,63781841538022,99_Bahnsteig_PF,99_Bahnsteig_PF,99_Bahnsteig_PF
2893682,63781841538033,99_Bahnsteig_PF,99_Bahnsteig_PF,99_Bahnsteig_PF
2893691,63781841538044,99_Bahnsteig_PF,99_Bahnsteig_PF,99_Bahnsteig_PF
2893699,63781841538055,99_Bahnsteig_PF,99_Bahnsteig_PF,99_Bahnsteig_PF
2893707,63781841538066,99_Bahnsteig_PF,99_Bahnsteig_PF,99_Bahnsteig_PF
2893724,63781841538077,99_Bahnsteig_PF,99_Bahnsteig_PF,99_Bahnsteig_PF
2893732,63781841538089,99_Bahnsteig_PF,99_Bahnsteig_PF,99_Bahnsteig_PF
2893741,63781841538100,99_Bahnsteig_PF,99_Bahnsteig_PF,99_Bahnsteig_PF
2893757,63781841538111,99_Bahnsteig_PF,99_Bahnsteig_PF,99_Bahnsteig_PF
2893766,63781841538122,99_Bahnsteig_PF,99_Bahnsteig_PF,99_Bahnsteig_PF
2893774,63781841538133,99_Bahnsteig_PF,99_Bahnsteig_PF,99_Bahnsteig_PF
2893791,63781841538144,99_Bahnsteig_PF,99_Bahnsteig_PF,99_Bahnsteig_PF
2893799,63781841538155,99_Bahnsteig_PF,99_Bahnsteig_PF,99_Bahnsteig_PF
2893816,63781841538167,99_Bahnsteig_PF,99_Bahnsteig_PF,99_Bahnsteig_PF
2893824,63781841538178,99_Bahnsteig_PF,99_Bahnsteig_PF,99_Bahnsteig_PF
2893832,63781841538189,99_Bahnsteig_PF,99_Bahnsteig_PF,99_Bahnsteig_PF
2893849,63781841538200,99_Bahnsteig_PF,99_Bahnsteig_PF,99_Bahnsteig_PF
2893857,63781841538212,99_Bahnsteig_PF,99_Bahnsteig_PF,99_Bahnsteig_PF
2893866,63781841538223,99_Bahnsteig_PF,99_Bahnsteig_PF,99_Bahnsteig_PF
2893882,63781841538235,99_Bahnsteig_PF,99_Bahnsteig_PF,99_Bahnsteig_PF
2893891,63781841538245,99_Bahnsteig_PF,99_Bahnsteig_PF,99_Bahnsteig_PF
2893899,63781841538257,99_Bahnsteig_PF,99_Bahnsteig_PF,99_Bahnsteig_PF
2893916,63781841538268,99_Bahnsteig_PF,99_Bahnsteig_PF,99_Bahnsteig_PF
2893924,63781841538280,99_Bahnsteig_PF,99_Bahnsteig_PF,99_Bahnsteig_PF
2893932,63781841538291,99_Bahnsteig_PF,99_Bahnsteig_PF,99_Bahnsteig_PF
2893949,63781841538302,99_Bahnsteig_PF,99_Bahnsteig_PF,99_Bahnsteig_PF
2893957,63781841538313,99_Bahnsteig_PF,99_Bahnsteig_PF,99_Bahnsteig_PF
2893966,63781841538325,99_Bahnsteig_PF,99_Bahnsteig_PF,99_Bahnsteig_PF
2893982,63781841538336,99_Bahnsteig_PF,99_Bahnsteig_PF,99_Bahnsteig_PF
2893991,63781841538347,99_Bahnsteig_PF,99_Bahnsteig_PF,99_Bahnsteig_PF
2893999,63781841538358,99_Bahnsteig_PF,99_Bahnsteig_PF,99_Bahnsteig_PF
2894016,63781841538369,99_Bahnsteig_PF,99_Bahnsteig_PF,99_Bahnsteig_PF
2894024,63781841538380,99_Bahnsteig_PF,99_Bahnsteig_PF,99_Bahnsteig_PF
2894032,63781841538391,99_Bahnsteig_PF,99_Bahnsteig_PF,99_Bahnsteig_PF
2894049,63781841538402,99_Bahnsteig_PF,99_Bahnsteig_PF,99_Bahnsteig_PF
2894057,63781841538413,99_Bahnsteig_PF,99_Bahnsteig_PF,99_Bahnsteig_PF
2894066,63781841538424,99_Bahnsteig_PF,99_Bahnsteig_PF,99_Bahnsteig_PF
2894082,63781841538435,99_Bahnsteig_PF,99_Bahnsteig_PF,99_Bahnsteig_PF
2894091,63781841538447,99_Bahnsteig_PF,99_Bahnsteig_PF,99_Bahnsteig_PF
2894099,63781841538459,99_Bahnsteig_PF,99_Bahnsteig_PF,99_Bahnsteig_PF
2894116,63781841538470,99_Bahnsteig_PF,99_Bahnsteig_PF,99_Bahnsteig_PF
2894124,63781841538481,99_Bahnsteig_PF,99_Bahnsteig_PF,99_Bahnsteig_PF
2894132,63781841538492,99_Bahnsteig_PF,99_Bahnsteig_PF,99_Bahnsteig_PF
2894149,63781841538503,99_Bahnsteig_PF,99_Bahnsteig_PF,99_Bahnsteig_PF
2894157,63781841538514,99_Bahnsteig_PF,99_Bahnsteig_PF,99_Bahnsteig_PF
2894166,63781841538525,99_Bahnsteig_PF,99_Bahnsteig_PF,99_Bahnsteig_PF
2894182,63781841538537,99_Bahnsteig_PF,99_Bahnsteig_PF,99_Bahnsteig_PF
2894191,63781841538548,99_Bahnsteig_PF,99_Bahnsteig_PF,99_Bahnsteig_PF
2894199,63781841538559,99_Bahnsteig_PF,99_Bahnsteig_PF,99_Bahnsteig_PF
2894216,63781841538570,99_Bahnsteig_PF,99_Bahnsteig_PF,99_Bahnsteig_PF
2894224,63781841538581,None,None,None
2894241,63781841538592,None,None,None
2894249,63781841538603,None,None,None
2894257,63781841538614,None,None,None
2894274,63781841538625,None,None,None
2894282,63781841538636,None,None,None
2894407,63781841538767,None,None,None
2894441,63781841538796,None,None,None
2894441,63781841538800,None,None,None
2894449,63781841538804,None,None,None
2894449,63781841538809,None,None,None
2894466,63781841538820,None,None,None
2894474,63781841538831,99_Bahnsteig_PF,99_Bahnsteig_PF,99_Bahnsteig_PF
2894491,63781841538842,99_Bahnsteig_PF,99_Bahnsteig_PF,99_Bahnsteig_PF
2894499,63781841538853,99_Bahnsteig_PF,99_Bahnsteig_PF,99_Bahnsteig_PF
2894507,63781841538865,99_Bahnsteig_PF,99_Bahnsteig_PF,99_Bahnsteig_PF
2894524,63781841538876,99_Bahnsteig_PF,99_Bahnsteig_PF,99_Bahnsteig_PF
2894532,63781841538887,99_Bahnsteig_PF,99_Bahnsteig_PF,99_Bahnsteig_PF
2894541,63781841538898,99_Bahnsteig_PF,99_Bahnsteig_PF,99_Bahnsteig_PF
2894557,63781841538909,99_Bahnsteig_PF,99_Bahnsteig_PF,99_Bahnsteig_PF
2894566,63781841538920,99_Bahnsteig_PF,99_Bahnsteig_PF,99_Bahnsteig_PF
2894574,63781841538931,99_Bahnsteig_PF,99_Bahnsteig_PF,99_Bahnsteig_PF
2894591,63781841538942,None,None,None
2894599,63781841538954,99_Bahnsteig_PF,99_Bahnsteig_PF,99_Bahnsteig_PF
2894607,63781841538964,99_Bahnsteig_PF,99_Bahnsteig_PF,99_Bahnsteig_PF
2894616,63781841538975,99_Bahnsteig_PF,99_Bahnsteig_PF,99_Bahnsteig_PF
2894632,63781841538987,99_Bahnsteig_PF,99_Bahnsteig_PF,99_Bahnsteig_PF
2894641,63781841538998,99_Bahnsteig_PF,99_Bahnsteig_PF,99_Bahnsteig_PF
2894657,63781841539009,99_Bahnsteig_PF,99_Bahnsteig_PF,99_Bahnsteig_PF
2894666,63781841539020,99_Bahnsteig_PF,99_Bahnsteig_PF,99_Bahnsteig_PF
2894674,63781841539031,99_Bahnsteig_PF,99_Bahnsteig_PF,99_Bahnsteig_PF
2894682,63781841539042,99_Bahnsteig_PF,99_Bahnsteig_PF,99_Bahnsteig_PF
2894699,63781841539053,99_Bahnsteig_PF,99_Bahnsteig_PF,99_Bahnsteig_PF
2894707,63781841539065,99_Bahnsteig_PF,99_Bahnsteig_PF,99_Bahnsteig_PF
2894724,63781841539076,99_Bahnsteig_PF,99_Bahnsteig_PF,99_Bahnsteig_PF
2894732,63781841539087,99_Bahnsteig_PF,99_Bahnsteig_PF,99_Bahnsteig_PF
2894741,63781841539098,99_Bahnsteig_PF,99_Bahnsteig_PF,99_Bahnsteig_PF
2894757,63781841539109,99_Bahnsteig_PF,99_Bahnsteig_PF,99_Bahnsteig_PF
2894766,63781841539120,99_Bahnsteig_PF,99_Bahnsteig_PF,99_Bahnsteig_PF
2894774,63781841539131,99_Bahnsteig_PF,99_Bahnsteig_PF,99_Bahnsteig_PF
2894791,63781841539143,99_Bahnsteig_PF,99_Bahnsteig_PF,99_Bahnsteig_PF
2894799,63781841539153,99_Bahnsteig_PF,99_Bahnsteig_PF,99_Bahnsteig_PF
2894807,63781841539164,99_Bahnsteig_PF,99_Bahnsteig_PF,99_Bahnsteig_PF
2894816,63781841539175,99_Bahnsteig_PF,99_Bahnsteig_PF,99_Bahnsteig_PF
2894832,63781841539187,99_Bahnsteig_PF,99_Bahnsteig_PF,99_Bahnsteig_PF
2894841,63781841539198,99_Bahnsteig_PF,99_Bahnsteig_PF,99_Bahnsteig_PF
2894857,63781841539209,99_Bahnsteig_PF,99_Bahnsteig_PF,99_Bahnsteig_PF
2894866,63781841539220,99_Bahnsteig_PF,99_Bahnsteig_PF,99_Bahnsteig_PF
2894874,63781841539231,99_Bahnsteig_PF,99_Bahnsteig_PF,99_Bahnsteig_PF
2894882,63781841539242,99_Bahnsteig_PF,99_Bahnsteig_PF,99_Bahnsteig_PF
2894899,63781841539253,99_Bahnsteig_PF,99_Bahnsteig_PF,99_Bahnsteig_PF
2894907,63781841539264,99_Bahnsteig_PF,99_Bahnsteig_PF,99_Bahnsteig_PF
2894916,63781841539275,99_Bahnsteig_PF,99_Bahnsteig_PF,99_Bahnsteig_PF
2894932,63781841539287,99_Bahnsteig_PF,99_Bahnsteig_PF,99_Bahnsteig_PF
2894941,63781841539298,99_Bahnsteig_PF,99_Bahnsteig_PF,99_Bahnsteig_PF
2894949,63781841539309,99_Bahnsteig_PF,99_Bahnsteig_PF,99_Bahnsteig_PF
2894966,63781841539320,99_Bahnsteig_PF,99_Bahnsteig_PF,99_Bahnsteig_PF
2894974,63781841539331,99_Bahnsteig_PF,99_Bahnsteig_PF,99_Bahnsteig_PF
2894991,63781841539342,None,None,None
2894999,63781841539353,99_Bahnsteig_PF,99_Bahnsteig_PF,99_Bahnsteig_PF
2895007,63781841539364,99_Bahnsteig_PF,99_Bahnsteig_PF,99_Bahnsteig_PF
2895024,63781841539376,99_Bahnsteig_PF,99_Bahnsteig_PF,99_Bahnsteig_PF
2895032,63781841539387,99_Bahnsteig_PF,99_Bahnsteig_PF,99_Bahnsteig_PF
2895040,63781841539397,99_Bahnsteig_PF,99_Bahnsteig_PF,99_Bahnsteig_PF
2895057,63781841539409,99_Bahnsteig_PF,99_Bahnsteig_PF,99_Bahnsteig_PF
2895065,63781841539420,99_Bahnsteig_PF,99_Bahnsteig_PF,99_Bahnsteig_PF
2895074,63781841539431,99_Bahnsteig_PF,99_Bahnsteig_PF,99_Bahnsteig_PF
2895090,63781841539442,99_Bahnsteig_PF,99_Bahnsteig_PF,99_Bahnsteig_PF
2895099,63781841539453,99_Bahnsteig_PF,99_Bahnsteig_PF,99_Bahnsteig_PF
2895107,63781841539464,99_Bahnsteig_PF,99_Bahnsteig_PF,99_Bahnsteig_PF
2895124,63781841539476,99_Bahnsteig_PF,99_Bahnsteig_PF,99_Bahnsteig_PF
2895132,63781841539492,99_Bahnsteig_PF,None,None
2895149,63781841539503,99_Bahnsteig_PF,99_Bahnsteig_PF,99_Bahnsteig_PF
2895157,63781841539514,99_Bahnsteig_PF,99_Bahnsteig_PF,99_Bahnsteig_PF
2895165,63781841539525,99_Bahnsteig_PF,99_Bahnsteig_PF,99_Bahnsteig_PF
2895182,63781841539536,99_Bahnsteig_PF,99_Bahnsteig_PF,99_Bahnsteig_PF
2895190,63781841539547,99_Bahnsteig_PF,99_Bahnsteig_PF,99_Bahnsteig_PF
2895199,63781841539558,99_Bahnsteig_PF,99_Bahnsteig_PF,99_Bahnsteig_PF
2895215,63781841539569,None,99_Bahnsteig_PF,99_Bahnsteig_PF
2895224,63781841539580,None,None,None
2895240,63781841539592,None,None,None
2895249,63781841539603,None,None,None
2895257,63781841539614,None,None,None
2895274,63781841539625,None,None,None
2895282,63781841539635,None,None,None
2895290,63781841539647,None,None,None
2895307,63781841539658,None,None,None
2895315,63781841539669,None,None,None
2895324,63781841539680,None,None,None
2895340,63781841539691,None,None,None
2895349,63781841539703,None,None,None
2895357,63781841539713,None,None,None
2895374,63781841539725,None,None,None
2895382,63781841539736,None,None,None
2895390,63781841539747,None,None,None
2895407,63781841539758,None,None,None
2895415,63781841539769,None,None,None
2895424,63781841539780,None,None,None
2895432,63781841539791,None,None,None
2895449,63781841539802,None,None,None
2895457,63781841539813,None,None,None
2895465,63781841539824,None,None,None
2895482,63781841539836,None,None,None
2895490,63781841539847,None,None,None
2895499,63781841539858,None,None,None
2895515,63781841539869,None,99_Bahnsteig_PF,99_Bahnsteig_PF
2895524,63781841539880,None,99_Bahnsteig_PF,99_Bahnsteig_PF
2895532,63781841539891,99_Bahnsteig_PF,99_Bahnsteig_PF,99_Bahnsteig_PF
2895549,63781841539902,99_Bahnsteig_PF,99_Bahnsteig_PF,99_Bahnsteig_PF
2895557,63781841539913,99_Bahnsteig_PF,99_Bahnsteig_PF,99_Bahnsteig_PF
2895565,63781841539925,99_Bahnsteig_PF,99_Bahnsteig_PF,99_Bahnsteig_PF
2895582,63781841539936,99_Bahnsteig_PF,99_Bahnsteig_PF,99_Bahnsteig_PF
2895590,63781841539947,99_Bahnsteig_PF,99_Bahnsteig_PF,99_Bahnsteig_PF
2895599,63781841539958,99_Bahnsteig_PF,99_Bahnsteig_PF,99_Bahnsteig_PF
2895615,63781841539969,99_Bahnsteig_PF,99_Bahnsteig_PF,99_Bahnsteig_PF
2895624,63781841539980,99_Bahnsteig_PF,99_Bahnsteig_PF,99_Bahnsteig_PF
2895632,63781841539991,99_Bahnsteig_PF,99_Bahnsteig_PF,99_Bahnsteig_PF
2895649,63781841540002,99_Bahnsteig_PF,99_Bahnsteig_PF,99_Bahnsteig_PF
2895657,63781841540014,99_Bahnsteig_PF,99_Bahnsteig_PF,99_Bahnsteig_PF
2895665,63781841540024,99_Bahnsteig_PF,99_Bahnsteig_PF,99_Bahnsteig_PF
2895682,63781841540036,99_Bahnsteig_PF,99_Bahnsteig_PF,99_Bahnsteig_PF
2895690,63781841540047,99_Bahnsteig_PF,99_Bahnsteig_PF,99_Bahnsteig_PF
2895699,63781841540058,None,99_Bahnsteig_PF,99_Bahnsteig_PF
2895715,63781841540069,None,None,None
2895724,63781841540080,None,None,None
2895740,63781841540091,None,None,None
2895749,63781841540102,None,None,None
2895757,63781841540113,None,None,None
2895774,63781841540124,None,None,None
2895782,63781841540136,None,None,None
2895790,63781841540146,None,None,None
2895807,63781841540158,None,None,None
2895815,63781841540169,None,None,None
2895824,63781841540181,None,None,None
2895840,63781841540191,None,None,None
2895849,63781841540202,None,None,None
2895857,63781841540213,None,None,None
2895874,63781841540224,None,None,None
2895882,63781841540236,None,None,None
2895890,63781841540247,None,None,None
2895907,63781841540257,None,None,None
2895915,63781841540269,None,None,None
2895924,63781841540280,None,None,None
2895932,63781841540291,None,None,None
2895949,63781841540302,None,None,None
2895957,63781841540313,None,None,None
2895965,63781841540324,None,None,None
2895982,63781841540335,None,None,None
2895990,63781841540346,None,None,None
2895999,63781841540358,99_Bahnsteig_PF,99_Bahnsteig_PF,99_Bahnsteig_PF
2896015,63781841540369,99_Bahnsteig_PF,99_Bahnsteig_PF,99_Bahnsteig_PF
2896024,63781841540380,99_Bahnsteig_PF,99_Bahnsteig_PF,99_Bahnsteig_PF
2896032,63781841540391,99_Bahnsteig_PF,99_Bahnsteig_PF,99_Bahnsteig_PF
2896049,63781841540402,99_Bahnsteig_PF,99_Bahnsteig_PF,99_Bahnsteig_PF
2896057,63781841540413,99_Bahnsteig_PF,None,99_Bahnsteig_PF
2896074,63781841540424,None,None,None
2896082,63781841540435,None,None,None
2896090,63781841540446,None,None,None
2896107,63781841540457,None,None,None
2896115,63781841540469,None,None,None
2896124,63781841540480,None,None,None
2896140,63781841540491,None,None,None
2896149,63781841540502,None,None,None
2896157,63781841540513,None,None,None
2896174,63781841540525,None,None,None
2896182,63781841540535,None,None,None
2896190,63781841540546,None,None,None
2896207,63781841540557,None,None,None
2896215,63781841540569,None,None,None
2896224,63781841540580,None,None,None
2896240,63781841540591,None,None,None
2896249,63781841540602,None,None,None
2896257,63781841540613,None,None,None
2896265,63781841540624,None,None,None
2896282,63781841540635,None,None,None
2896290,63781841540646,None,None,None
2896299,63781841540658,None,None,None
2896315,63781841540668,None,None,None
2896332,63781841540687,99_Bahnsteig_PF,99_Bahnsteig_PF,99_Bahnsteig_PF
2896332,63781841540691,99_Bahnsteig_PF,99_Bahnsteig_PF,99_Bahnsteig_PF
2896340,63781841540696,99_Bahnsteig_PF,99_Bahnsteig_PF,99_Bahnsteig_PF
2896349,63781841540708,99_Bahnsteig_PF,99_Bahnsteig_PF,99_Bahnsteig_PF
2896365,63781841540719,99_Bahnsteig_PF,99_Bahnsteig_PF,99_Bahnsteig_PF
2896374,63781841540730,99_Bahnsteig_PF,99_Bahnsteig_PF,99_Bahnsteig_PF
2896382,63781841540741,99_Bahnsteig_PF,99_Bahnsteig_PF,99_Bahnsteig_PF
2896399,63781841540752,99_Bahnsteig_PF,99_Bahnsteig_PF,99_Bahnsteig_PF
2896407,63781841540763,99_Bahnsteig_PF,99_Bahnsteig_PF,99_Bahnsteig_PF
2896415,63781841540774,99_Bahnsteig_PF,99_Bahnsteig_PF,99_Bahnsteig_PF
2896432,63781841540786,99_Bahnsteig_PF,99_Bahnsteig_PF,99_Bahnsteig_PF
2896440,63781841540797,99_Bahnsteig_PF,99_Bahnsteig_PF,99_Bahnsteig_PF
2896449,63781841540808,99_Bahnsteig_PF,99_Bahnsteig_PF,99_Bahnsteig_PF
2896465,63781841540819,99_Bahnsteig_PF,99_Bahnsteig_PF,99_Bahnsteig_PF
2896474,63781841540830,99_Bahnsteig_PF,99_Bahnsteig_PF,99_Bahnsteig_PF
2896482,63781841540841,99_Bahnsteig_PF,99_Bahnsteig_PF,99_Bahnsteig_PF
2896499,63781841540852,99_Bahnsteig_PF,99_Bahnsteig_PF,99_Bahnsteig_PF
2896507,63781841540864,99_Bahnsteig_PF,99_Bahnsteig_PF,99_Bahnsteig_PF
2896515,63781841540874,99_Bahnsteig_PF,99_Bahnsteig_PF,99_Bahnsteig_PF
2896532,63781841540885,99_Bahnsteig_PF,99_Bahnsteig_PF,99_Bahnsteig_PF
2896540,63781841540897,99_Bahnsteig_PF,99_Bahnsteig_PF,99_Bahnsteig_PF
2896548,63781841540908,99_Bahnsteig_PF,99_Bahnsteig_PF,99_Bahnsteig_PF
2896565,63781841540919,99_Bahnsteig_PF,99_Bahnsteig_PF,99_Bahnsteig_PF
2896573,63781841540930,99_Bahnsteig_PF,99_Bahnsteig_PF,99_Bahnsteig_PF
2896582,63781841540941,99_Bahnsteig_PF,99_Bahnsteig_PF,99_Bahnsteig_PF
2896598,63781841540952,99_Bahnsteig_PF,99_Bahnsteig_PF,99_Bahnsteig_PF
2896607,63781841540963,99_Bahnsteig_PF,99_Bahnsteig_PF,99_Bahnsteig_PF
2896615,63781841540974,99_Bahnsteig_PF,99_Bahnsteig_PF,99_Bahnsteig_PF
2896632,63781841540986,99_Bahnsteig_PF,99_Bahnsteig_PF,99_Bahnsteig_PF
2896640,63781841540996,99_Bahnsteig_PF,99_Bahnsteig_PF,99_Bahnsteig_PF
2896648,63781841541008,99_Bahnsteig_PF,99_Bahnsteig_PF,99_Bahnsteig_PF
2896665,63781841541019,99_Bahnsteig_PF,99_Bahnsteig_PF,99_Bahnsteig_PF
2896673,63781841541030,99_Bahnsteig_PF,99_Bahnsteig_PF,99_Bahnsteig_PF
2896682,63781841541041,99_Bahnsteig_PF,99_Bahnsteig_PF,99_Bahnsteig_PF
2896698,63781841541052,99_Bahnsteig_PF,99_Bahnsteig_PF,99_Bahnsteig_PF
2896707,63781841541064,99_Bahnsteig_PF,99_Bahnsteig_PF,99_Bahnsteig_PF
2896723,63781841541075,None,None,None
2896732,63781841541086,None,None,None
2896740,63781841541098,None,None,None
2896757,63781841541109,None,None,None
2896765,63781841541121,None,None,None
2896782,63781841541132,None,None,None
2896790,63781841541143,None,None,None
2896798,63781841541154,None,None,None
2896815,63781841541166,None,None,None
2896823,63781841541177,None,None,None
2896832,63781841541189,None,None,None
2896848,63781841541200,None,None,None
2896857,63781841541212,None,None,None
2896865,63781841541223,None,None,None
2896882,63781841541234,None,None,None
2896890,63781841541245,None,None,None
2896907,63781841541257,None,None,None
2896923,63781841541274,None,None,None
2896923,63781841541280,None,None,None
2896940,63781841541293,None,None,None
2896948,63781841541302,None,None,None
2896957,63781841541313,None,None,None
2896973,63781841541324,None,None,None
2896982,63781841541335,None,None,None
2896990,63781841541346,None,None,None
2896998,63781841541357,None,None,None
2897015,63781841541368,None,None,None
2897023,63781841541379,None,None,None
2897040,63781841541390,None,None,None
2897048,63781841541402,None,None,None
2897057,63781841541413,None,None,None
2897073,63781841541426,None,None,None
2897082,63781841541436,None,None,None
2897090,63781841541446,None,None,None
2897107,63781841541457,None,None,None
2897115,63781841541468,None,None,None
2897123,63781841541479,None,None,None
2897140,63781841541490,None,None,None
2897148,63781841541502,None,None,None
2897157,63781841541513,None,None,None
2897173,63781841541524,None,None,None
2897182,63781841541535,None,None,None
2897190,63781841541546,None,None,None
2897207,63781841541558,None,None,None
2897215,63781841541569,None,None,None
2897223,63781841541579,None,None,None
2897232,63781841541590,None,None,None
2897248,63781841541602,None,None,None
2897257,63781841541613,None,None,None
2897265,63781841541623,None,None,None
2897282,63781841541635,None,None,None
2897290,63781841541646,None,None,None
2897298,63781841541658,None,None,None
2897315,63781841541668,99_Bahnsteig_PF,99_Bahnsteig_PF,99_Bahnsteig_PF
2897323,63781841541679,99_Bahnsteig_PF,99_Bahnsteig_PF,99_Bahnsteig_PF
2897332,63781841541690,99_Bahnsteig_PF,99_Bahnsteig_PF,99_Bahnsteig_PF
2897348,63781841541701,99_Bahnsteig_PF,99_Bahnsteig_PF,99_Bahnsteig_PF
2897357,63781841541712,99_Bahnsteig_PF,99_Bahnsteig_PF,99_Bahnsteig_PF
2897365,63781841541723,99_Bahnsteig_PF,99_Bahnsteig_PF,99_Bahnsteig_PF
2897382,63781841541734,99_Bahnsteig_PF,99_Bahnsteig_PF,99_Bahnsteig_PF
2897390,63781841541745,99_Bahnsteig_PF,99_Bahnsteig_PF,99_Bahnsteig_PF
2897398,63781841541756,99_Bahnsteig_PF,99_Bahnsteig_PF,99_Bahnsteig_PF
2897415,63781841541767,99_Bahnsteig_PF,99_Bahnsteig_PF,99_Bahnsteig_PF
2897423,63781841541779,99_Bahnsteig_PF,99_Bahnsteig_PF,99_Bahnsteig_PF
2897432,63781841541789,99_Bahnsteig_PF,99_Bahnsteig_PF,99_Bahnsteig_PF
2897448,63781841541800,99_Bahnsteig_PF,99_Bahnsteig_PF,99_Bahnsteig_PF
2897457,63781841541812,99_Bahnsteig_PF,99_Bahnsteig_PF,99_Bahnsteig_PF
2897465,63781841541823,99_Bahnsteig_PF,99_Bahnsteig_PF,99_Bahnsteig_PF
2897482,63781841541834,99_Bahnsteig_PF,99_Bahnsteig_PF,99_Bahnsteig_PF
2897490,63781841541845,99_Bahnsteig_PF,99_Bahnsteig_PF,99_Bahnsteig_PF
2897498,63781841541856,99_Bahnsteig_PF,99_Bahnsteig_PF,99_Bahnsteig_PF
2897515,63781841541867,99_Bahnsteig_PF,99_Bahnsteig_PF,99_Bahnsteig_PF
2897523,63781841541879,None,99_Bahnsteig_PF,99_Bahnsteig_PF
2897532,63781841541889,None,None,None
2897548,63781841541901,None,None,None
2897557,63781841541912,None,None,None
2897573,63781841541923,None,None,None
2897582,63781841541934,None,None,None
2897590,63781841541945,None,None,None
2897598,63781841541956,None,None,None
2897615,63781841541967,None,None,None
2897623,63781841541978,None,None,None
2897632,63781841541989,None,None,None
2897648,63781841542001,None,None,None
2897657,63781841542012,None,None,None
2897665,63781841542023,None,None,None
2897682,63781841542034,None,None,None
2897690,63781841542045,None,None,None
2897698,63781841542056,None,None,None
2897715,63781841542067,None,None,None
2897723,63781841542078,None,None,None
2897732,63781841542089,None,None,None
2897748,63781841542101,None,None,None
2897757,63781841542112,None,None,None
2897765,63781841542123,None,None,None
2897782,63781841542134,None,None,None
2897790,63781841542146,None,None,None
2897798,63781841542157,None,None,None
2897815,63781841542168,None,None,None
2897823,63781841542179,None,99_Bahnsteig_PF,99_Bahnsteig_PF
2897832,63781841542191,None,99_Bahnsteig_PF,99_Bahnsteig_PF
2897848,63781841542201,99_Bahnsteig_PF,99_Bahnsteig_PF,99_Bahnsteig_PF
2897857,63781841542212,99_Bahnsteig_PF,99_Bahnsteig_PF,99_Bahnsteig_PF
2897865,63781841542223,99_Bahnsteig_PF,99_Bahnsteig_PF,99_Bahnsteig_PF
2897882,63781841542234,99_Bahnsteig_PF,99_Bahnsteig_PF,99_Bahnsteig_PF
2897890,63781841542247,99_Bahnsteig_PF,99_Bahnsteig_PF,99_Bahnsteig_PF
2897898,63781841542257,99_Bahnsteig_PF,99_Bahnsteig_PF,99_Bahnsteig_PF
2897915,63781841542268,99_Bahnsteig_PF,99_Bahnsteig_PF,99_Bahnsteig_PF
2897923,63781841542279,99_Bahnsteig_PF,99_Bahnsteig_PF,99_Bahnsteig_PF
2897932,63781841542290,99_Bahnsteig_PF,99_Bahnsteig_PF,99_Bahnsteig_PF
2897948,63781841542301,99_Bahnsteig_PF,99_Bahnsteig_PF,99_Bahnsteig_PF
2897957,63781841542312,99_Bahnsteig_PF,99_Bahnsteig_PF,99_Bahnsteig_PF
2897965,63781841542323,99_Bahnsteig_PF,99_Bahnsteig_PF,99_Bahnsteig_PF
2897982,63781841542335,99_Bahnsteig_PF,99_Bahnsteig_PF,99_Bahnsteig_PF
2897990,63781841542345,99_Bahnsteig_PF,99_Bahnsteig_PF,99_Bahnsteig_PF
2897998,63781841542356,None,None,None
2898015,63781841542368,None,None,None
2898023,63781841542379,None,None,None
2898040,63781841542390,None,None,None
2898048,63781841542401,None,None,None
2898057,63781841542412,None,None,None
2898073,63781841542423,None,None,None
2898081,63781841542434,None,None,None
2898090,63781841542445,None,None,None
2898106,63781841542456,None,None,None
2898115,63781841542468,None,None,None
2898123,63781841542479,None,None,None
2898140,63781841542490,None,None,None
2898148,63781841542501,None,None,None
2898156,63781841542512,None,None,None
2898173,63781841542523,None,None,None
2898181,63781841542534,None,None,None
2898190,63781841542545,None,None,None
2898198,63781841542556,None,None,None
2898215,63781841542567,None,None,None
2898223,63781841542579,None,None,None
2898240,63781841542591,None,None,None
2898248,63781841542601,None,None,None
2898256,63781841542612,None,None,None
2898265,63781841542623,None,None,None
2898281,63781841542634,None,None,None
2898290,63781841542645,99_Bahnsteig_PF,99_Bahnsteig_PF,99_Bahnsteig_PF
2898306,63781841542657,None,99_Bahnsteig_PF,99_Bahnsteig_PF
2898315,63781841542667,99_Bahnsteig_PF,99_Bahnsteig_PF,99_Bahnsteig_PF
2898323,63781841542679,99_Bahnsteig_PF,99_Bahnsteig_PF,99_Bahnsteig_PF
2898331,63781841542690,99_Bahnsteig_PF,99_Bahnsteig_PF,99_Bahnsteig_PF
2898348,63781841542701,99_Bahnsteig_PF,99_Bahnsteig_PF,99_Bahnsteig_PF
2898356,63781841542712,99_Bahnsteig_PF,99_Bahnsteig_PF,99_Bahnsteig_PF
2898365,63781841542723,99_Bahnsteig_PF,99_Bahnsteig_PF,99_Bahnsteig_PF
2898381,63781841542734,99_Bahnsteig_PF,99_Bahnsteig_PF,99_Bahnsteig_PF
2898390,63781841542745,99_Bahnsteig_PF,99_Bahnsteig_PF,99_Bahnsteig_PF
2898398,63781841542757,99_Bahnsteig_PF,99_Bahnsteig_PF,99_Bahnsteig_PF
2898415,63781841542768,99_Bahnsteig_PF,99_Bahnsteig_PF,99_Bahnsteig_PF
2898423,63781841542779,99_Bahnsteig_PF,99_Bahnsteig_PF,99_Bahnsteig_PF
2898431,63781841542790,99_Bahnsteig_PF,99_Bahnsteig_PF,99_Bahnsteig_PF
2898448,63781841542801,99_Bahnsteig_PF,99_Bahnsteig_PF,99_Bahnsteig_PF
2898456,63781841542812,99_Bahnsteig_PF,99_Bahnsteig_PF,99_Bahnsteig_PF
2898465,63781841542823,99_Bahnsteig_PF,99_Bahnsteig_PF,99_Bahnsteig_PF
2898481,63781841542834,99_Bahnsteig_PF,99_Bahnsteig_PF,99_Bahnsteig_PF
2898490,63781841542845,99_Bahnsteig_PF,99_Bahnsteig_PF,99_Bahnsteig_PF
2898498,63781841542856,99_Bahnsteig_PF,99_Bahnsteig_PF,99_Bahnsteig_PF
2898515,63781841542868,99_Bahnsteig_PF,99_Bahnsteig_PF,99_Bahnsteig_PF
2898523,63781841542878,99_Bahnsteig_PF,99_Bahnsteig_PF,99_Bahnsteig_PF
2898531,63781841542889,99_Bahnsteig_PF,99_Bahnsteig_PF,99_Bahnsteig_PF
2898548,63781841542901,99_Bahnsteig_PF,99_Bahnsteig_PF,99_Bahnsteig_PF
2898556,63781841542911,99_Bahnsteig_PF,99_Bahnsteig_PF,99_Bahnsteig_PF
2898565,63781841542923,99_Bahnsteig_PF,99_Bahnsteig_PF,99_Bahnsteig_PF
2898581,63781841542934,None,99_Bahnsteig_PF,99_Bahnsteig_PF
2898590,63781841542945,99_Bahnsteig_PF,99_Bahnsteig_PF,99_Bahnsteig_PF
2898598,63781841542956,99_Bahnsteig_PF,99_Bahnsteig_PF,99_Bahnsteig_PF
2898615,63781841542967,99_Bahnsteig_PF,None,99_Bahnsteig_PF
2898623,63781841542978,None,None,None
2898640,63781841542989,None,None,None
2898648,63781841543001,None,None,None
2898656,63781841543012,None,None,None
2898673,63781841543023,None,None,None
2898681,63781841543034,None,None,None
2898690,63781841543045,None,None,None
2898706,63781841543056,None,None,None
2898715,63781841543067,None,None,None
2898723,63781841543078,None,None,None
2898740,63781841543089,None,None,None
2898748,63781841543101,None,None,None
2898756,63781841543112,None,None,None
2898773,63781841543123,None,None,None
2898781,63781841543134,None,None,None
2898790,63781841543145,None,None,None
2898806,63781841543156,None,None,None
2898815,63781841543167,None,None,None
2898823,63781841543178,None,None,None
2898840,63781841543189,None,None,None
2898848,63781841543200,None,None,None
2898856,63781841543211,None,None,None
2898873,63781841543223,None,None,None
2898881,63781841543234,None,None,None
2898890,63781841543245,None,None,None
2898906,63781841543256,None,None,None
2898915,63781841543267,None,None,None
2898923,63781841543279,None,None,None
2898940,63781841543290,None,None,None
2898948,63781841543301,None,None,None
2898956,63781841543312,None,None,None
2898973,63781841543324,None,None,None
2898981,63781841543335,None,None,None
2898990,63781841543346,None,None,None
2899006,63781841543357,None,None,None
2899015,63781841543368,None,None,None
2899023,63781841543379,None,None,None
2899031,63781841543390,None,None,None
2899048,63781841543401,None,None,None
2899056,63781841543412,None,None,None
2899073,63781841543424,None,None,None
2899081,63781841543435,None,None,None
2899090,63781841543446,None,None,None
2899098,63781841543457,None,None,None
2899115,63781841543468,None,None,None
2899123,63781841543479,None,None,None
2899140,63781841543490,None,None,None
2899148,63781841543501,None,None,None
2899156,63781841543512,None,None,None
2899165,63781841543523,None,None,None
2899181,63781841543535,None,None,None
2899190,63781841543546,None,None,None
2899198,63781841543557,None,None,None
2899215,63781841543568,99_Bahnsteig_PF,99_Bahnsteig_PF,99_Bahnsteig_PF
2899223,63781841543579,99_Bahnsteig_PF,99_Bahnsteig_PF,99_Bahnsteig_PF
2899231,63781841543590,99_Bahnsteig_PF,99_Bahnsteig_PF,99_Bahnsteig_PF
2899248,63781841543601,99_Bahnsteig_PF,99_Bahnsteig_PF,99_Bahnsteig_PF
2899256,63781841543612,None,99_Bahnsteig_PF,99_Bahnsteig_PF
2899273,63781841543624,None,None,None
2899281,63781841543634,None,None,None
2899290,63781841543646,None,None,None
2899306,63781841543657,None,None,None
2899315,63781841543668,None,None,None
2899323,63781841543679,None,None,None
2899340,63781841543690,None,None,None
2899348,63781841543701,None,None,None
2899356,63781841543712,None,None,None
2899373,63781841543723,None,None,None
2899381,63781841543734,None,None,None
2899390,63781841543746,None,None,None
2899406,63781841543757,None,None,None
2899415,63781841543768,None,None,None
2899423,63781841543779,None,None,None
2899440,63781841543790,None,None,None
2899448,63781841543801,None,None,None
2899456,63781841543812,None,None,None
2899465,63781841543823,None,None,None
2899481,63781841543834,None,None,None
2899490,63781841543845,None,None,None
2899498,63781841543857,None,None,None
2899515,63781841543868,None,None,None
2899523,63781841543879,None,None,None
2899531,63781841543890,None,None,None
2899548,63781841543901,None,None,None
2899556,63781841543912,99_Bahnsteig_PF,99_Bahnsteig_PF,99_Bahnsteig_PF
2899565,63781841543923,99_Bahnsteig_PF,99_Bahnsteig_PF,99_Bahnsteig_PF
2899581,63781841543934,99_Bahnsteig_PF,99_Bahnsteig_PF,99_Bahnsteig_PF
2899590,63781841543945,99_Bahnsteig_PF,99_Bahnsteig_PF,99_Bahnsteig_PF
2899598,63781841543957,99_Bahnsteig_PF,99_Bahnsteig_PF,99_Bahnsteig_PF
2899614,63781841543968,99_Bahnsteig_PF,99_Bahnsteig_PF,99_Bahnsteig_PF
2899623,63781841543979,99_Bahnsteig_PF,99_Bahnsteig_PF,99_Bahnsteig_PF
2899631,63781841543990,99_Bahnsteig_PF,99_Bahnsteig_PF,99_Bahnsteig_PF
2899648,63781841544001,99_Bahnsteig_PF,99_Bahnsteig_PF,99_Bahnsteig_PF
2899656,63781841544012,99_Bahnsteig_PF,99_Bahnsteig_PF,99_Bahnsteig_PF
2899664,63781841544023,99_Bahnsteig_PF,99_Bahnsteig_PF,99_Bahnsteig_PF
2899681,63781841544034,99_Bahnsteig_PF,99_Bahnsteig_PF,99_Bahnsteig_PF
2899689,63781841544045,99_Bahnsteig_PF,99_Bahnsteig_PF,99_Bahnsteig_PF
2899698,63781841544057,99_Bahnsteig_PF,99_Bahnsteig_PF,99_Bahnsteig_PF
2899714,63781841544068,99_Bahnsteig_PF,99_Bahnsteig_PF,99_Bahnsteig_PF
2899723,63781841544079,99_Bahnsteig_PF,99_Bahnsteig_PF,99_Bahnsteig_PF
2899731,63781841544090,99_Bahnsteig_PF,99_Bahnsteig_PF,99_Bahnsteig_PF
2899748,63781841544101,99_Bahnsteig_PF,None,99_Bahnsteig_PF
2899756,63781841544112,None,None,None
2899773,63781841544123,None,None,None
2899781,63781841544134,None,None,None
2899798,63781841544156,None,None,None
2899806,63781841544161,None,None,None
2899814,63781841544167,None,None,None
2899823,63781841544176,None,None,None
2899831,63781841544187,None,None,None
2899839,63781841544198,None,None,None
2899856,63781841544209,None,None,None
2899864,63781841544220,None,None,None
2899881,63781841544231,None,None,None
2899889,63781841544242,None,None,None
2899898,63781841544254,None,None,None
2899906,63781841544264,None,None,None
2899923,63781841544276,None,None,None
2899931,63781841544287,None,None,None
2899939,63781841544298,None,None,None
2899956,63781841544310,None,None,None
2899964,63781841544320,None,None,None
2899973,63781841544331,None,None,None
2899989,63781841544342,None,None,None
2899998,63781841544353,None,None,None
2900006,63781841544365,None,None,None
2900023,63781841544376,None,None,None
2900031,63781841544387,None,None,None
2900039,63781841544398,None,None,None
2900056,63781841544409,None,None,None
2900064,63781841544420,None,None,None
2900073,63781841544431,None,None,None
2900089,63781841544442,None,None,None
2900098,63781841544453,None,None,None
2900106,63781841544464,None,None,None
2900123,63781841544476,None,None,None
2900131,63781841544487,None,None,None
2900139,63781841544498,None,None,None
2900156,63781841544509,None,None,None
2900164,63781841544521,None,None,None
2900173,63781841544531,None,None,None
2900189,63781841544542,None,None,None
2900198,63781841544553,None,None,None
2900206,63781841544565,None,None,None
2900223,63781841544576,None,None,None
2900231,63781841544587,None,None,None
2900239,63781841544599,None,None,None
2900256,63781841544610,None,None,None
2900264,63781841544621,None,None,None
2900281,63781841544633,None,None,None
2900289,63781841544644,None,None,None
2900298,63781841544655,None,None,None
2900314,63781841544667,None,None,None
2900323,63781841544678,None,None,None
2900331,63781841544689,None,None,None
2900348,63781841544700,None,None,None
2900356,63781841544711,None,None,None
2900364,63781841544722,None,None,None
2900381,63781841544733,None,None,None
2900390,63781841544744,None,None,None
2900398,63781841544755,None,None,None
2900415,63781841544767,None,None,None
2900423,63781841544778,None,None,None
2900431,63781841544790,None,None,None
2900448,63781841544800,None,None,None
2900456,63781841544811,None,None,None
2900465,63781841544823,None,None,None
2900481,63781841544835,None,None,None
2900490,63781841544845,None,None,None
2900498,63781841544856,None,None,None
2900515,63781841544867,None,None,None
2900523,63781841544878,None,None,None
2900531,63781841544889,None,None,None
2900548,63781841544900,None,None,None
2900556,63781841544912,None,None,None
2900565,63781841544923,None,None,None
2900581,63781841544934,None,None,None
2900590,63781841544945,None,None,None
2900598,63781841544956,None,None,None
2900615,63781841544967,None,None,None
2900623,63781841544978,None,None,None
2900631,63781841544990,None,None,None
2900648,63781841545001,None,None,None
2900656,63781841545012,None,None,None
2900665,63781841545023,None,None,None
2900681,63781841545034,None,None,None
2900690,63781841545044,None,None,None
2900698,63781841545056,None,None,None
2900715,63781841545067,None,None,None
2900723,63781841545078,None,None,None
2900731,63781841545089,None,None,None
2900748,63781841545100,None,None,None
2900756,63781841545111,None,None,None
2900765,63781841545123,None,None,None
2900781,63781841545134,None,None,None
2900790,63781841545145,None,None,None
2900798,63781841545156,None,None,None
2900815,63781841545167,None,None,None
2900823,63781841545179,None,None,None
2900831,63781841545189,None,None,None
2900848,63781841545200,None,None,None
2900856,63781841545211,None,None,None
2900865,63781841545222,None,None,None
2900881,63781841545234,None,None,None
2900889,63781841545245,None,None,None
2900898,63781841545256,None,None,None
2900914,63781841545267,None,None,None
2900923,63781841545278,None,None,None
2900931,63781841545289,None,None,None
2900948,63781841545300,None,None,None
2900956,63781841545311,None,None,None
2900964,63781841545322,None,None,None
2900981,63781841545333,None,None,None
2900989,63781841545345,None,None,None
2900998,63781841545356,None,None,None
2901014,63781841545367,None,None,None
2901023,63781841545378,None,None,None
2901031,63781841545389,None,None,None
2901048,63781841545400,None,None,None
2901056,63781841545411,None,None,None
2901064,63781841545422,None,None,None
2901081,63781841545433,None,None,None
2901089,63781841545444,None,None,None
2901098,63781841545456,None,None,None
2901114,63781841545467,None,None,None
2901123,63781841545477,None,None,None
2901131,63781841545489,None,None,None
2901148,63781841545500,None,None,None
2901156,63781841545511,None,None,None
2901164,63781841545522,None,None,None
2901181,63781841545534,None,None,None
2901189,63781841545544,None,None,None
2901198,63781841545556,None,None,None
2901214,63781841545567,None,None,None
2901223,63781841545577,None,None,None
2901231,63781841545588,None,None,None
2901248,63781841545600,None,None,None
2901256,63781841545612,None,None,None
2901264,63781841545622,None,None,None
2901281,63781841545633,None,None,None
2901289,63781841545644,None,None,None
2901298,63781841545655,None,None,None
2901314,63781841545666,None,None,None
2901323,63781841545678,None,None,None
2901331,63781841545689,None,None,None
2901348,63781841545700,None,None,None
2901356,63781841545711,None,None,None
2901364,63781841545722,None,None,None
2901381,63781841545733,None,None,None
2901389,63781841545744,99_Bahnsteig_PF,None,99_Bahnsteig_PF
2901398,63781841545755,99_Bahnsteig_PF,None,99_Bahnsteig_PF
2901414,63781841545767,None,None,None
2901423,63781841545778,99_Bahnsteig_PF,None,99_Bahnsteig_PF
2901431,63781841545789,None,None,None
2901448,63781841545800,None,None,None
2901456,63781841545810,None,None,None
2901464,63781841545822,None,None,None
2901481,63781841545833,None,None,None
2901489,63781841545844,None,None,None
2901498,63781841545855,None,None,None
2901514,63781841545866,None,None,None
2901523,63781841545877,None,None,None
2901531,63781841545889,None,None,None
2901548,63781841545899,None,None,None
2901556,63781841545911,None,None,None
2901564,63781841545922,None,None,None
2901581,63781841545933,None,None,None
2901589,63781841545944,None,None,None
2901598,63781841545955,None,None,None
2901614,63781841545966,None,None,None
2901623,63781841545978,None,None,None
2901631,63781841545989,None,None,None
2901648,63781841546000,None,None,None
2901656,63781841546011,None,None,None
2901664,63781841546022,None,None,None
2901681,63781841546034,None,None,None
2901689,63781841546044,None,None,None
2901698,63781841546055,None,None,None
2901714,63781841546066,None,None,None
2901722,63781841546079,None,None,None
2901731,63781841546089,None,None,None
2901747,63781841546100,None,None,None
2901756,63781841546112,None,None,None
2901764,63781841546122,None,None,None
2901781,63781841546133,None,None,None
2901789,63781841546145,None,None,None
2901797,63781841546155,None,None,None
2901814,63781841546166,None,None,None
2901822,63781841546178,None,None,None
2901831,63781841546188,None,None,None
2901847,63781841546200,None,None,None
2901856,63781841546211,None,None,None
2901864,63781841546222,None,None,None
2901881,63781841546233,None,None,None
2901889,63781841546244,None,None,None
2901897,63781841546255,None,None,None
2901914,63781841546266,None,None,None
2901922,63781841546277,None,None,None
2901931,63781841546289,None,None,None
2901947,63781841546300,None,None,None
2901956,63781841546311,Sphere (1),None,None
2901964,63781841546322,None,None,None
2901981,63781841546333,None,None,None
2901989,63781841546344,None,None,None
2901997,63781841546355,None,None,None
2902014,63781841546366,None,None,None
2902022,63781841546378,None,None,None
2902031,63781841546389,None,None,None
2902047,63781841546400,None,None,None
2902056,63781841546411,None,None,None
2902064,63781841546422,None,None,None
2902081,63781841546433,None,None,None
2902089,63781841546444,None,None,None
2902097,63781841546455,None,None,None
2902114,63781841546466,None,None,None
2902122,63781841546478,None,None,None
2902131,63781841546489,None,None,None
2902147,63781841546500,None,None,None
2902156,63781841546511,None,None,None
2902164,63781841546522,None,None,None
2902181,63781841546533,None,None,None
2902189,63781841546544,None,None,None
2902197,63781841546556,None,None,None
2902214,63781841546567,None,None,None
2902222,63781841546578,None,None,None
2902231,63781841546589,None,None,None
2902247,63781841546600,None,None,None
2902256,63781841546611,None,None,None
2902264,63781841546622,None,None,None
2902281,63781841546633,None,None,None
2902289,63781841546644,None,None,None
2902297,63781841546655,None,None,None
2902314,63781841546666,None,None,None
2902322,63781841546677,None,None,None
2902331,63781841546688,None,None,None
2902347,63781841546700,None,None,None
2902356,63781841546711,None,None,None
2902364,63781841546722,None,None,None
2902381,63781841546733,None,None,None
2902389,63781841546744,None,None,None
2902397,63781841546755,None,None,None
2902414,63781841546766,None,None,None
2902422,63781841546778,None,None,None
2902431,63781841546789,None,None,None
2902447,63781841546800,None,None,None
2902456,63781841546810,None,None,None
2902464,63781841546823,None,None,None
2902481,63781841546833,None,None,None
2902489,63781841546844,None,None,None
2902497,63781841546855,None,None,None
2902514,63781841546866,None,None,None
2902522,63781841546878,None,None,None
2902531,63781841546889,None,None,None
2902547,63781841546899,None,None,None
2902556,63781841546910,None,None,None
2902564,63781841546922,None,None,None
2902581,63781841546933,None,None,None
2902589,63781841546945,None,None,None
2902597,63781841546956,None,None,None
2902614,63781841546967,None,None,None
2902622,63781841546979,None,None,None
2902631,63781841546989,None,None,None
2902647,63781841547000,None,None,None
2902656,63781841547012,None,None,None
2902664,63781841547023,None,None,None
2902681,63781841547034,None,None,None
2902689,63781841547045,None,None,None
2902697,63781841547056,None,None,None
2902714,63781841547068,None,None,None
2902722,63781841547078,None,None,None
2902731,63781841547089,None,None,None
2902747,63781841547100,None,None,None
2902756,63781841547111,None,None,None
2902764,63781841547122,None,None,None
2902781,63781841547134,None,None,None
2902789,63781841547145,None,None,None
2902797,63781841547156,None,None,None
2902814,63781841547167,None,None,None
2902822,63781841547178,None,None,None
2902831,63781841547189,None,None,None
2902847,63781841547201,None,None,None
2902856,63781841547211,None,None,None
2902864,63781841547223,None,None,None
2902881,63781841547234,None,None,None
2902889,63781841547245,None,None,None
2902897,63781841547256,None,None,None
2902914,63781841547267,None,None,None
2902922,63781841547278,None,None,None
2902931,63781841547289,None,None,None
2902947,63781841547300,None,None,None
2902956,63781841547311,None,None,None
2902964,63781841547323,None,None,None
2902981,63781841547334,None,None,None
2902989,63781841547345,None,None,None
2902997,63781841547356,None,None,None
2903014,63781841547367,None,None,None
2903022,63781841547378,None,None,None
2903031,63781841547390,None,None,None
2903047,63781841547400,None,None,None
2903056,63781841547412,None,None,None
2903064,63781841547423,None,None,None
2903081,63781841547433,None,None,None
2903089,63781841547445,None,None,None
2903097,63781841547456,None,None,None
2903114,63781841547467,None,None,None
2903122,63781841547479,None,None,None
2903131,63781841547489,None,None,None
2903147,63781841547500,None,None,None
2903156,63781841547511,None,None,None
2903164,63781841547522,None,None,None
2903181,63781841547533,None,None,None
2903189,63781841547545,None,None,None
2903197,63781841547555,None,None,None
2903214,63781841547567,None,None,None
2903231,63781841547583,None,None,None
2903231,63781841547588,None,None,None
2903239,63781841547595,None,None,None
2903256,63781841547607,None,None,None
2903264,63781841547618,None,None,None
2903272,63781841547629,None,None,None
2903289,63781841547640,None,None,None
2903297,63781841547651,None,None,None
2903306,63781841547662,None,None,None
2903314,63781841547673,None,None,None
2903331,63781841547685,None,None,None
2903339,63781841547696,None,None,None
2903347,63781841547707,None,None,None
2903364,63781841547718,None,None,None
2903372,63781841547729,None,None,None
2903381,63781841547740,None,None,None
2903397,63781841547752,None,None,None
2903406,63781841547762,None,None,None
2903414,63781841547773,None,None,None
2903431,63781841547785,None,None,None
2903439,63781841547796,None,None,None
2903447,63781841547807,None,None,None
2903464,63781841547818,None,None,None
2903472,63781841547829,None,None,None
2903480,63781841547840,None,None,None
2903497,63781841547851,None,None,None
2903505,63781841547862,None,None,None
2903514,63781841547873,None,None,None
2903530,63781841547885,None,None,None
2903539,63781841547895,None,None,None
2903555,63781841547907,None,None,None
2903564,63781841547917,None,None,None
2903572,63781841547929,None,None,None
2903589,63781841547941,None,None,None
2903597,63781841547951,None,None,None
2903605,63781841547963,None,None,None
2903622,63781841547974,None,None,None
2903630,63781841547986,None,None,None
2903639,63781841547997,None,None,None
2903655,63781841548008,None,None,None
2903664,63781841548019,None,None,None
2903680,63781841548031,None,None,None
2903689,63781841548042,None,None,None
2903697,63781841548053,None,None,None
2903705,63781841548065,None,None,None
2903722,63781841548076,None,None,None
2903730,63781841548087,None,None,None
2903747,63781841548099,None,None,None
2903755,63781841548110,None,None,None
2903764,63781841548121,None,None,None
2903780,63781841548133,None,None,None
2903789,63781841548144,None,None,None
2903797,63781841548155,None,None,None
2903814,63781841548166,None,None,None
2903822,63781841548178,None,None,None
2903830,63781841548188,None,None,None
2903847,63781841548200,None,None,None
2903855,63781841548211,None,None,None
2903864,63781841548222,None,None,None
2903880,63781841548234,None,None,None
2903889,63781841548244,None,None,None
2903897,63781841548255,None,None,None
2903914,63781841548266,None,None,None
2903922,63781841548278,None,None,None
2903930,63781841548289,None,None,None
2903947,63781841548300,None,None,None
2903955,63781841548311,None,None,None
2903964,63781841548322,None,None,None
2903980,63781841548333,None,None,None
2903989,63781841548344,None,None,None
2903997,63781841548355,None,None,None
2904014,63781841548366,None,None,None
2904022,63781841548378,None,None,None
2904030,63781841548389,None,None,None
2904047,63781841548400,None,None,None
2904055,63781841548411,None,None,None
2904064,63781841548422,None,None,None
2904080,63781841548433,None,None,None
2904089,63781841548445,None,None,None
2904097,63781841548456,None,None,None
2904114,63781841548466,None,None,None
2904122,63781841548477,None,None,None
2904130,63781841548488,None,None,None
2904147,63781841548499,None,None,None
2904155,63781841548510,None,None,None
2904164,63781841548522,None,None,None
2904180,63781841548533,None,None,None
2904189,63781841548544,None,None,None
2904197,63781841548555,None,None,None
2904214,63781841548566,None,None,None
2904222,63781841548577,None,None,None
2904230,63781841548588,None,None,None
2904247,63781841548600,None,None,None
2904255,63781841548611,None,None,None
2904264,63781841548622,None,None,None
2904280,63781841548633,None,None,None
2904289,63781841548644,None,None,None
2904297,63781841548655,None,None,None
2904314,63781841548666,None,None,None
2904322,63781841548677,None,None,None
2904330,63781841548688,None,None,None
2904347,63781841548699,None,None,None
2904355,63781841548710,None,None,None
2904364,63781841548722,None,None,None
2904380,63781841548733,None,None,None
2904389,63781841548744,None,None,None
2904405,63781841548755,None,None,None
2904414,63781841548766,None,None,None
2904422,63781841548777,None,None,None
2904430,63781841548789,None,None,None
2904447,63781841548799,None,None,None
2904455,63781841548810,None,None,None
2904464,63781841548821,None,None,None
2904480,63781841548832,99_Bahnsteig_PF,None,99_Bahnsteig_PF
2904489,63781841548844,99_Bahnsteig_PF,None,99_Bahnsteig_PF
2904497,63781841548855,99_Bahnsteig_PF,99_Bahnsteig_PF,99_Bahnsteig_PF
2904514,63781841548867,None,99_Bahnsteig_PF,99_Bahnsteig_PF
2904522,63781841548877,99_Bahnsteig_PF,None,99_Bahnsteig_PF
2904530,63781841548888,None,None,None
2904547,63781841548899,None,None,None
2904555,63781841548910,None,None,None
2904564,63781841548922,None,None,None
2904580,63781841548932,None,None,None
2904589,63781841548944,None,None,None
2904597,63781841548955,None,None,None
2904613,63781841548966,None,None,None
2904622,63781841548977,None,None,None
2904630,63781841548988,None,None,None
2904647,63781841548999,None,None,None
2904655,63781841549010,None,99_Bahnsteig_PF,99_Bahnsteig_PF
2904663,63781841549021,None,None,None
2904680,63781841549033,None,None,None
2904688,63781841549043,None,None,None
2904697,63781841549055,None,99_Bahnsteig_PF,99_Bahnsteig_PF
2904713,63781841549066,None,None,None
2904722,63781841549077,None,None,None
2904730,63781841549088,None,None,None
2904747,63781841549099,None,None,None
2904755,63781841549111,None,None,None
2904763,63781841549122,None,None,None
2904780,63781841549133,None,None,None
2904788,63781841549144,None,None,None
2904797,63781841549155,None,None,None
2904813,63781841549166,None,None,None
2904822,63781841549177,None,None,None
2904830,63781841549188,None,None,None
2904847,63781841549199,None,None,None
2904855,63781841549210,None,None,None
2904863,63781841549222,None,None,None
2904880,63781841549232,None,None,None
2904888,63781841549243,None,None,None
2904897,63781841549255,None,None,None
2904913,63781841549266,None,None,None
2904922,63781841549277,None,None,None
2904930,63781841549288,None,None,None
2904947,63781841549299,None,None,None
2904955,63781841549310,None,None,None
2904963,63781841549321,None,None,None
2904980,63781841549332,None,None,None
2904988,63781841549344,None,None,None
2904997,63781841549354,None,None,None
2905013,63781841549365,99_Bahnsteig_PF,None,99_Bahnsteig_PF
2905022,63781841549376,99_Bahnsteig_PF,None,None
2905030,63781841549387,99_Bahnsteig_PF,None,None
2905047,63781841549398,99_Bahnsteig_PF,None,None
2905055,63781841549410,None,None,None
2905063,63781841549421,None,None,None
2905080,63781841549432,None,None,None
2905088,63781841549443,99_Bahnsteig_PF,None,None
2905097,63781841549454,99_Bahnsteig_PF,None,None
2905113,63781841549465,99_Bahnsteig_PF,None,None
2905122,63781841549477,99_Bahnsteig_PF,None,None
2905130,63781841549488,99_Bahnsteig_PF,None,None
2905147,63781841549499,None,None,None
2905155,63781841549510,None,None,None
2905163,63781841549521,None,None,None
2905180,63781841549532,None,None,None
2905188,63781841549543,None,None,None
2905197,63781841549554,None,None,None
2905213,63781841549565,None,None,None
2905222,63781841549576,None,None,None
2905230,63781841549587,None,None,None
2905247,63781841549599,None,None,None
2905255,63781841549610,None,None,None
2905263,63781841549621,None,None,None
2905280,63781841549632,None,None,None
2905288,63781841549644,None,None,None
2905297,63781841549655,None,None,None
2905313,63781841549666,None,None,None
2905322,63781841549677,None,None,None
2905330,63781841549688,None,None,None
2905347,63781841549699,None,None,None
2905355,63781841549710,None,None,None
2905363,63781841549722,None,None,None
2905380,63781841549733,None,None,None
2905388,63781841549743,None,None,None
2905397,63781841549754,99_Bahnsteig_PF,None,None
2905413,63781841549766,None,None,None
2905421,63781841549777,None,None,None
2905430,63781841549788,None,None,None
2905446,63781841549799,None,None,None
2905455,63781841549811,None,None,None
2905463,63781841549822,None,None,None
2905480,63781841549832,None,None,None
2905488,63781841549844,None,None,None
2905496,63781841549855,None,None,None
2905513,63781841549866,None,None,None
2905521,63781841549877,99_Bahnsteig_PF,None,None
2905530,63781841549888,99_Bahnsteig_PF,None,None
2905546,63781841549899,None,None,None
2905555,63781841549910,None,None,None
2905563,63781841549921,None,None,None
2905580,63781841549932,None,None,None
2905588,63781841549943,None,None,None
2905596,63781841549954,None,None,None
2905613,63781841549966,None,None,None
2905621,63781841549977,None,None,None
2905630,63781841549988,None,None,None
2905646,63781841549999,None,None,None
2905655,63781841550010,None,None,None
2905663,63781841550021,None,None,None
2905680,63781841550032,None,None,None
2905688,63781841550043,None,None,None
2905705,63781841550055,None,None,None
2905713,63781841550065,None,None,None
2905721,63781841550077,None,None,None
2905738,63781841550088,None,None,None
2905746,63781841550099,None,None,None
2905755,63781841550110,None,None,None
2905771,63781841550122,None,None,None
2905780,63781841550132,None,None,None
2905788,63781841550144,None,None,None
2905796,63781841550154,None,None,None
2905813,63781841550166,None,None,None
2905821,63781841550177,None,None,None
2905830,63781841550188,None,None,None
2905846,63781841550199,None,None,None
2905855,63781841550210,None,None,None
2905863,63781841550221,None,None,None
2905880,63781841550232,None,None,None
2905888,63781841550243,None,None,None
2905896,63781841550254,None,None,None
2905913,63781841550266,None,None,None
2905921,63781841550277,None,None,None
2905930,63781841550288,None,None,None
2905946,63781841550299,None,None,None
2905955,63781841550310,None,None,None
2905963,63781841550321,None,None,None
2905980,63781841550332,None,None,None
2905988,63781841550343,None,None,None
2905996,63781841550354,None,None,None
2906013,63781841550365,None,None,None
2906021,63781841550376,None,None,None
2906030,63781841550388,None,None,None
2906046,63781841550399,None,None,None
2906055,63781841550410,None,None,None
2906063,63781841550421,None,None,None
2906080,63781841550432,None,None,None
2906088,63781841550443,None,None,None
2906096,63781841550454,None,None,None
2906113,63781841550465,None,None,None
2906121,63781841550476,None,None,None
2906138,63781841550488,None,None,None
2906146,63781841550498,None,None,None
2906155,63781841550511,None,None,None
2906163,63781841550521,None,None,None
2906180,63781841550532,None,None,None
2906188,63781841550543,None,None,None
2906196,63781841550554,None,None,None
2906213,63781841550565,None,None,None
2906221,63781841550576,None,None,None
2906230,63781841550588,None,None,None
2906246,63781841550599,None,None,None
2906255,63781841550610,None,None,None
2906263,63781841550621,None,None,None
2906280,63781841550632,None,None,None
2906288,63781841550643,None,None,None
2906296,63781841550654,None,None,None
2906313,63781841550665,None,None,None
2906321,63781841550677,None,None,None
2906330,63781841550688,None,None,None
2906346,63781841550698,None,None,None
2906355,63781841550710,None,None,None
2906363,63781841550721,None,None,None
2906380,63781841550732,None,None,None
2906388,63781841550744,None,None,None
2906396,63781841550754,None,None,None
2906413,63781841550765,None,None,None
2906421,63781841550776,None,None,None
2906430,63781841550787,None,None,None
2906446,63781841550799,None,None,None
2906455,63781841550810,None,None,None
2906463,63781841550821,None,None,None
2906480,63781841550832,None,None,None
2906488,63781841550843,None,None,None
2906505,63781841550854,None,None,None
2906513,63781841550865,None,None,None
2906521,63781841550876,None,None,None
2906530,63781841550887,None,None,None
2906546,63781841550899,None,None,None
2906555,63781841550909,None,None,None
2906563,63781841550921,None,None,None
2906580,63781841550932,None,None,None
2906588,63781841550943,None,None,None
2906596,63781841550954,None,None,None
2906613,63781841550965,None,None,None
2906621,63781841550976,None,None,None
2906630,63781841550987,None,None,None
2906646,63781841550998,None,None,None
2906655,63781841551010,None,None,None
2906663,63781841551021,None,None,None
2906680,63781841551032,None,None,None
2906688,63781841551043,None,None,None
2906696,63781841551054,None,None,None
2906713,63781841551065,None,None,None
2906721,63781841551076,None,None,None
2906730,63781841551087,None,None,None
2906746,63781841551098,99_Bahnsteig_PF,None,99_Bahnsteig_PF
2906755,63781841551110,99_Bahnsteig_PF,None,99_Bahnsteig_PF
2906763,63781841551121,99_Bahnsteig_PF,None,99_Bahnsteig_PF
2906780,63781841551137,None,None,None
2906788,63781841551142,None,None,None
2906796,63781841551150,None,None,None
2906805,63781841551161,99_Bahnsteig_PF,None,99_Bahnsteig_PF
2906821,63781841551172,None,None,None
2906829,63781841551183,None,None,None
2906838,63781841551195,None,None,None
2906854,63781841551205,None,None,None
2906863,63781841551217,None,None,None
2906871,63781841551228,None,None,None
2906879,63781841551238,None,None,None
2906896,63781841551250,None,None,None
2906904,63781841551261,None,None,None
2906913,63781841551272,None,None,None
2906929,63781841551284,None,None,None
2906938,63781841551294,None,None,None
2906946,63781841551305,None,None,None
2906963,63781841551316,None,None,None
2906971,63781841551327,None,None,None
2906979,63781841551339,None,None,None
2906996,63781841551350,None,None,None
2907004,63781841551361,None,None,None
2907013,63781841551372,99_Bahnsteig_PF,None,None
2907029,63781841551383,99_Bahnsteig_PF,None,None
2907038,63781841551394,None,None,None
2907046,63781841551405,99_Bahnsteig_PF,None,None
2907063,63781841551416,99_Bahnsteig_PF,None,None
2907071,63781841551427,None,None,None
2907079,63781841551439,None,None,None
2907096,63781841551450,None,None,None
2907104,63781841551461,None,None,None
2907121,63781841551472,None,None,None
2907129,63781841551483,None,None,None
2907138,63781841551494,None,None,None
2907154,63781841551506,None,None,None
2907163,63781841551517,None,None,None
2907171,63781841551528,None,None,None
2907188,63781841551540,None,None,None
2907196,63781841551551,None,None,None
2907204,63781841551562,None,None,None
2907221,63781841551574,None,None,None
2907229,63781841551585,None,None,None
2907238,63781841551596,None,None,None
2907254,63781841551608,None,None,None
2907263,63781841551619,None,None,None
2907271,63781841551630,None,None,None
2907288,63781841551641,None,None,None
2907296,63781841551653,None,None,None
2907304,63781841551664,None,None,None
2907321,63781841551675,None,None,None
2907329,63781841551686,99_Bahnsteig_PF,99_Bahnsteig_PF,99_Bahnsteig_PF
2907346,63781841551698,None,None,None
2907354,63781841551709,99_Bahnsteig_PF,None,None
2907363,63781841551720,None,None,None
2907379,63781841551731,99_Bahnsteig_PF,None,None
2907388,63781841551742,99_Bahnsteig_PF,None,None
2907396,63781841551753,99_Bahnsteig_PF,None,None
2907413,63781841551764,99_Bahnsteig_PF,None,None
2907421,63781841551776,99_Bahnsteig_PF,None,None
2907429,63781841551787,99_Bahnsteig_PF,None,None
2907446,63781841551798,99_Bahnsteig_PF,None,None
2907454,63781841551809,99_Bahnsteig_PF,None,None
2907462,63781841551820,99_Bahnsteig_PF,None,None
2907471,63781841551831,None,None,None
2907487,63781841551842,None,None,None
2907496,63781841551853,None,99_Bahnsteig_PF,99_Bahnsteig_PF
2907504,63781841551865,None,99_Bahnsteig_PF,99_Bahnsteig_PF
2907521,63781841551876,99_Bahnsteig_PF,99_Bahnsteig_PF,99_Bahnsteig_PF
2907529,63781841551887,99_Bahnsteig_PF,99_Bahnsteig_PF,99_Bahnsteig_PF
2907537,63781841551898,None,99_Bahnsteig_PF,99_Bahnsteig_PF
2907554,63781841551909,99_Bahnsteig_PF,99_Bahnsteig_PF,99_Bahnsteig_PF
2907562,63781841551920,99_Bahnsteig_PF,99_Bahnsteig_PF,99_Bahnsteig_PF
2907579,63781841551931,99_Bahnsteig_PF,99_Bahnsteig_PF,99_Bahnsteig_PF
2907587,63781841551942,99_Bahnsteig_PF,99_Bahnsteig_PF,99_Bahnsteig_PF
2907596,63781841551953,99_Bahnsteig_PF,99_Bahnsteig_PF,99_Bahnsteig_PF
2907612,63781841551964,99_Bahnsteig_PF,99_Bahnsteig_PF,99_Bahnsteig_PF
2907621,63781841551975,99_Bahnsteig_PF,99_Bahnsteig_PF,99_Bahnsteig_PF
2907629,63781841551987,99_Bahnsteig_PF,99_Bahnsteig_PF,99_Bahnsteig_PF
2907646,63781841551998,99_Bahnsteig_PF,99_Bahnsteig_PF,99_Bahnsteig_PF
2907654,63781841552009,99_Bahnsteig_PF,99_Bahnsteig_PF,99_Bahnsteig_PF
2907662,63781841552020,99_Bahnsteig_PF,99_Bahnsteig_PF,99_Bahnsteig_PF
2907679,63781841552031,99_Bahnsteig_PF,99_Bahnsteig_PF,99_Bahnsteig_PF
2907687,63781841552042,99_Bahnsteig_PF,99_Bahnsteig_PF,99_Bahnsteig_PF
2907696,63781841552053,99_Bahnsteig_PF,99_Bahnsteig_PF,99_Bahnsteig_PF
2907712,63781841552064,99_Bahnsteig_PF,99_Bahnsteig_PF,99_Bahnsteig_PF
2907721,63781841552075,99_Bahnsteig_PF,99_Bahnsteig_PF,99_Bahnsteig_PF
2907729,63781841552087,99_Bahnsteig_PF,99_Bahnsteig_PF,99_Bahnsteig_PF
2907746,63781841552098,99_Bahnsteig_PF,99_Bahnsteig_PF,99_Bahnsteig_PF
2907754,63781841552109,99_Bahnsteig_PF,99_Bahnsteig_PF,99_Bahnsteig_PF
2907762,63781841552120,99_Bahnsteig_PF,99_Bahnsteig_PF,99_Bahnsteig_PF
2907779,63781841552131,99_Bahnsteig_PF,99_Bahnsteig_PF,99_Bahnsteig_PF
2907787,63781841552142,99_Bahnsteig_PF,99_Bahnsteig_PF,99_Bahnsteig_PF
2907796,63781841552153,99_Bahnsteig_PF,99_Bahnsteig_PF,99_Bahnsteig_PF
2907812,63781841552164,99_Bahnsteig_PF,99_Bahnsteig_PF,99_Bahnsteig_PF
2907821,63781841552176,99_Bahnsteig_PF,99_Bahnsteig_PF,99_Bahnsteig_PF
2907829,63781841552186,99_Bahnsteig_PF,99_Bahnsteig_PF,99_Bahnsteig_PF
2907846,63781841552198,99_Bahnsteig_PF,99_Bahnsteig_PF,99_Bahnsteig_PF
2907854,63781841552209,99_Bahnsteig_PF,99_Bahnsteig_PF,99_Bahnsteig_PF
2907862,63781841552220,99_Bahnsteig_PF,99_Bahnsteig_PF,99_Bahnsteig_PF
2907879,63781841552232,99_Bahnsteig_PF,99_Bahnsteig_PF,99_Bahnsteig_PF
2907887,63781841552242,99_Bahnsteig_PF,99_Bahnsteig_PF,99_Bahnsteig_PF
2907896,63781841552253,99_Bahnsteig_PF,99_Bahnsteig_PF,99_Bahnsteig_PF
2907912,63781841552264,99_Bahnsteig_PF,99_Bahnsteig_PF,99_Bahnsteig_PF
2907921,63781841552275,99_Bahnsteig_PF,99_Bahnsteig_PF,99_Bahnsteig_PF
2907929,63781841552286,99_Bahnsteig_PF,99_Bahnsteig_PF,99_Bahnsteig_PF
2907946,63781841552298,None,None,None
2907954,63781841552309,None,None,None
2907962,63781841552320,None,None,None
2907979,63781841552331,None,None,None
2907987,63781841552342,None,None,None
2907996,63781841552353,None,None,None
2908012,63781841552364,None,None,None
2908021,63781841552375,None,None,None
2908029,63781841552386,None,None,None
2908046,63781841552397,None,None,None
2908054,63781841552408,None,None,None
2908062,63781841552420,None,None,None
2908079,63781841552431,None,None,None
2908087,63781841552442,None,None,None
2908096,63781841552453,None,None,None
2908104,63781841552464,None,None,None
2908121,63781841552475,None,None,None
2908129,63781841552486,None,None,None
2908137,63781841552497,None,None,None
2908154,63781841552509,None,None,None
2908162,63781841552520,None,None,None
2908171,63781841552531,None,None,None
2908187,63781841552542,None,None,None
2908196,63781841552553,None,None,None
2908212,63781841552564,None,None,None
2908221,63781841552576,None,None,None
2908229,63781841552586,None,None,None
2908237,63781841552597,None,None,None
2908254,63781841552609,None,None,None
2908262,63781841552619,None,None,None
2908279,63781841552631,None,None,None
2908287,63781841552642,None,None,None
2908296,63781841552653,None,None,None
2908312,63781841552664,None,None,None
2908321,63781841552676,None,None,None
2908329,63781841552686,None,None,None
2908346,63781841552697,None,None,None
2908354,63781841552708,None,None,None
2908362,63781841552720,None,None,None
2908379,63781841552731,None,None,None
2908387,63781841552742,None,None,None
2908396,63781841552753,None,None,None
2908412,63781841552764,None,None,None
2908421,63781841552775,None,None,None
2908429,63781841552786,None,None,None
2908437,63781841552797,None,None,None
2908454,63781841552808,99_Bahnsteig_PF,99_Bahnsteig_PF,99_Bahnsteig_PF
2908462,63781841552820,99_Bahnsteig_PF,99_Bahnsteig_PF,99_Bahnsteig_PF
2908479,63781841552831,99_Bahnsteig_PF,99_Bahnsteig_PF,99_Bahnsteig_PF
2908487,63781841552842,99_Bahnsteig_PF,99_Bahnsteig_PF,99_Bahnsteig_PF
2908496,63781841552853,99_Bahnsteig_PF,99_Bahnsteig_PF,99_Bahnsteig_PF
2908512,63781841552864,99_Bahnsteig_PF,99_Bahnsteig_PF,99_Bahnsteig_PF
2908521,63781841552875,99_Bahnsteig_PF,99_Bahnsteig_PF,99_Bahnsteig_PF
2908529,63781841552886,99_Bahnsteig_PF,99_Bahnsteig_PF,99_Bahnsteig_PF
2908546,63781841552897,99_Bahnsteig_PF,99_Bahnsteig_PF,99_Bahnsteig_PF
2908554,63781841552909,99_Bahnsteig_PF,99_Bahnsteig_PF,99_Bahnsteig_PF
2908562,63781841552920,99_Bahnsteig_PF,99_Bahnsteig_PF,99_Bahnsteig_PF
2908579,63781841552931,99_Bahnsteig_PF,99_Bahnsteig_PF,99_Bahnsteig_PF
2908587,63781841552942,99_Bahnsteig_PF,99_Bahnsteig_PF,99_Bahnsteig_PF
2908596,63781841552953,99_Bahnsteig_PF,99_Bahnsteig_PF,99_Bahnsteig_PF
2908612,63781841552964,99_Bahnsteig_PF,99_Bahnsteig_PF,99_Bahnsteig_PF
2908621,63781841552975,99_Bahnsteig_PF,99_Bahnsteig_PF,99_Bahnsteig_PF
2908629,63781841552986,99_Bahnsteig_PF,99_Bahnsteig_PF,99_Bahnsteig_PF
2908646,63781841552997,99_Bahnsteig_PF,99_Bahnsteig_PF,99_Bahnsteig_PF
2908654,63781841553008,99_Bahnsteig_PF,99_Bahnsteig_PF,99_Bahnsteig_PF
2908662,63781841553019,99_Bahnsteig_PF,99_Bahnsteig_PF,99_Bahnsteig_PF
2908679,63781841553030,None,99_Bahnsteig_PF,99_Bahnsteig_PF
2908687,63781841553042,None,99_Bahnsteig_PF,99_Bahnsteig_PF
2908696,63781841553053,None,99_Bahnsteig_PF,99_Bahnsteig_PF
2908712,63781841553064,None,99_Bahnsteig_PF,99_Bahnsteig_PF
2908721,63781841553075,99_Bahnsteig_PF,None,99_Bahnsteig_PF
2908729,63781841553086,99_Bahnsteig_PF,99_Bahnsteig_PF,99_Bahnsteig_PF
2908746,63781841553097,None,None,None
2908754,63781841553108,99_Bahnsteig_PF,99_Bahnsteig_PF,99_Bahnsteig_PF
2908762,63781841553119,99_Bahnsteig_PF,99_Bahnsteig_PF,99_Bahnsteig_PF
2908779,63781841553130,99_Bahnsteig_PF,99_Bahnsteig_PF,99_Bahnsteig_PF
2908787,63781841553141,99_Bahnsteig_PF,99_Bahnsteig_PF,99_Bahnsteig_PF
2908796,63781841553153,99_Bahnsteig_PF,99_Bahnsteig_PF,99_Bahnsteig_PF
2908812,63781841553164,99_Bahnsteig_PF,99_Bahnsteig_PF,99_Bahnsteig_PF
2908821,63781841553175,99_Bahnsteig_PF,99_Bahnsteig_PF,99_Bahnsteig_PF
2908829,63781841553186,99_Bahnsteig_PF,99_Bahnsteig_PF,99_Bahnsteig_PF
2908846,63781841553197,99_Bahnsteig_PF,99_Bahnsteig_PF,99_Bahnsteig_PF
2908854,63781841553208,99_Bahnsteig_PF,99_Bahnsteig_PF,99_Bahnsteig_PF
2908862,63781841553219,99_Bahnsteig_PF,99_Bahnsteig_PF,99_Bahnsteig_PF
2908879,63781841553231,99_Bahnsteig_PF,99_Bahnsteig_PF,99_Bahnsteig_PF
2908887,63781841553241,99_Bahnsteig_PF,99_Bahnsteig_PF,99_Bahnsteig_PF
2908896,63781841553253,99_Bahnsteig_PF,99_Bahnsteig_PF,99_Bahnsteig_PF
2908912,63781841553265,99_Bahnsteig_PF,99_Bahnsteig_PF,99_Bahnsteig_PF
2908921,63781841553275,99_Bahnsteig_PF,99_Bahnsteig_PF,99_Bahnsteig_PF
2908929,63781841553286,99_Bahnsteig_PF,99_Bahnsteig_PF,99_Bahnsteig_PF
2908946,63781841553297,99_Bahnsteig_PF,99_Bahnsteig_PF,99_Bahnsteig_PF
2908954,63781841553308,99_Bahnsteig_PF,99_Bahnsteig_PF,99_Bahnsteig_PF
2908962,63781841553319,99_Bahnsteig_PF,99_Bahnsteig_PF,99_Bahnsteig_PF
2908979,63781841553331,99_Bahnsteig_PF,99_Bahnsteig_PF,99_Bahnsteig_PF
2908987,63781841553342,99_Bahnsteig_PF,99_Bahnsteig_PF,99_Bahnsteig_PF
2908995,63781841553352,99_Bahnsteig_PF,99_Bahnsteig_PF,99_Bahnsteig_PF
2909012,63781841553364,99_Bahnsteig_PF,99_Bahnsteig_PF,99_Bahnsteig_PF
2909020,63781841553375,99_Bahnsteig_PF,99_Bahnsteig_PF,99_Bahnsteig_PF
2909029,63781841553386,99_Bahnsteig_PF,99_Bahnsteig_PF,99_Bahnsteig_PF
2909045,63781841553397,99_Bahnsteig_PF,99_Bahnsteig_PF,99_Bahnsteig_PF
2909054,63781841553408,99_Bahnsteig_PF,99_Bahnsteig_PF,99_Bahnsteig_PF
2909062,63781841553419,99_Bahnsteig_PF,99_Bahnsteig_PF,99_Bahnsteig_PF
2909079,63781841553430,99_Bahnsteig_PF,99_Bahnsteig_PF,99_Bahnsteig_PF
2909087,63781841553441,99_Bahnsteig_PF,99_Bahnsteig_PF,99_Bahnsteig_PF
2909095,63781841553453,99_Bahnsteig_PF,99_Bahnsteig_PF,99_Bahnsteig_PF
2909112,63781841553463,99_Bahnsteig_PF,99_Bahnsteig_PF,99_Bahnsteig_PF
2909120,63781841553475,99_Bahnsteig_PF,99_Bahnsteig_PF,99_Bahnsteig_PF
2909129,63781841553486,99_Bahnsteig_PF,99_Bahnsteig_PF,99_Bahnsteig_PF
2909145,63781841553497,99_Bahnsteig_PF,99_Bahnsteig_PF,99_Bahnsteig_PF
2909154,63781841553508,99_Bahnsteig_PF,99_Bahnsteig_PF,99_Bahnsteig_PF
2909162,63781841553519,99_Bahnsteig_PF,99_Bahnsteig_PF,99_Bahnsteig_PF
2909179,63781841553531,99_Bahnsteig_PF,99_Bahnsteig_PF,99_Bahnsteig_PF
2909187,63781841553542,99_Bahnsteig_PF,99_Bahnsteig_PF,99_Bahnsteig_PF
2909195,63781841553553,99_Bahnsteig_PF,99_Bahnsteig_PF,99_Bahnsteig_PF
2909212,63781841553564,None,99_Bahnsteig_PF,99_Bahnsteig_PF
2909220,63781841553575,None,99_Bahnsteig_PF,99_Bahnsteig_PF
2909229,63781841553586,None,None,None
2909245,63781841553597,None,None,None
2909254,63781841553608,None,None,None
2909262,63781841553619,None,None,None
2909279,63781841553630,None,None,None
2909287,63781841553641,None,None,None
2909295,63781841553652,None,None,None
2909312,63781841553663,None,None,None
2909320,63781841553674,None,None,None
2909329,63781841553686,None,None,None
2909345,63781841553697,None,None,None
2909354,63781841553708,None,None,None
2909362,63781841553719,None,None,None
2909379,63781841553730,None,None,None
2909387,63781841553741,None,None,None
2909395,63781841553752,None,None,None
2909412,63781841553763,None,None,None
2909420,63781841553775,None,None,None
2909429,63781841553785,None,None,None
2909445,63781841553797,None,None,None
2909454,63781841553808,None,None,None
2909462,63781841553819,None,None,None
2909479,63781841553830,None,None,None
2909487,63781841553842,99_Bahnsteig_PF,99_Bahnsteig_PF,99_Bahnsteig_PF
2909495,63781841553852,None,None,None
2909512,63781841553863,None,None,None
2909520,63781841553874,None,None,None
2909529,63781841553886,None,None,None
2909545,63781841553897,None,None,None
2909554,63781841553908,None,None,None
2909562,63781841553919,None,None,None
2909579,63781841553930,None,None,None
2909587,63781841553941,None,None,None
2909595,63781841553953,None,None,None
2909612,63781841553963,None,None,None
2909620,63781841553974,None,None,None
2909629,63781841553985,None,None,None
2909637,63781841553997,None,None,None
2909654,63781841554008,None,None,None
2909662,63781841554019,None,None,None
2909670,63781841554030,None,None,None
2909687,63781841554041,None,None,None
2909695,63781841554052,None,None,None
2909712,63781841554063,None,None,None
2909720,63781841554074,None,None,None
2909729,63781841554086,None,None,None
2909745,63781841554097,None,None,None
2909754,63781841554108,None,None,None
2909762,63781841554119,None,None,None
2909770,63781841554130,None,None,None
2909787,63781841554141,None,None,None
2909795,63781841554152,None,None,None
2909804,63781841554163,None,None,None
2909820,63781841554174,None,None,None
2909829,63781841554185,None,None,None
2909837,63781841554196,None,None,None
2909854,63781841554207,None,None,None
2909862,63781841554220,None,None,None
2909879,63781841554230,None,None,None
2909887,63781841554242,None,None,None
2909895,63781841554253,None,None,None
2909912,63781841554264,None,None,None
2909920,63781841554275,None,None,None
2909929,63781841554286,None,None,None
2909945,63781841554298,None,None,None
2909954,63781841554309,None,None,None
2909962,63781841554320,None,None,None
2909979,63781841554331,None,None,None
2909987,63781841554342,None,None,None
2909995,63781841554353,None,None,None
2910012,63781841554364,None,None,None
2910020,63781841554375,None,None,None
2910029,63781841554386,None,None,None
2910045,63781841554397,None,None,None
2910054,63781841554408,None,None,None
2910062,63781841554419,None,None,None
2910070,63781841554430,None,None,None
2910087,63781841554442,None,None,None
2910095,63781841554453,None,None,None
2910104,63781841554464,None,None,None
2910120,63781841554475,99_Bahnsteig_PF,None,99_Bahnsteig_PF
2910129,63781841554486,99_Bahnsteig_PF,None,99_Bahnsteig_PF
2910137,63781841554497,99_Bahnsteig_PF,99_Bahnsteig_PF,99_Bahnsteig_PF
2910154,63781841554508,99_Bahnsteig_PF,99_Bahnsteig_PF,99_Bahnsteig_PF
2910162,63781841554520,99_Bahnsteig_PF,99_Bahnsteig_PF,99_Bahnsteig_PF
2910179,63781841554530,99_Bahnsteig_PF,99_Bahnsteig_PF,99_Bahnsteig_PF
2910187,63781841554542,99_Bahnsteig_PF,99_Bahnsteig_PF,99_Bahnsteig_PF
2910195,63781841554553,99_Bahnsteig_PF,99_Bahnsteig_PF,99_Bahnsteig_PF
2910212,63781841554564,None,None,None
2910220,63781841554575,99_Bahnsteig_PF,99_Bahnsteig_PF,99_Bahnsteig_PF
2910229,63781841554587,99_Bahnsteig_PF,99_Bahnsteig_PF,99_Bahnsteig_PF
2910245,63781841554597,99_Bahnsteig_PF,99_Bahnsteig_PF,99_Bahnsteig_PF
2910254,63781841554609,99_Bahnsteig_PF,99_Bahnsteig_PF,99_Bahnsteig_PF
2910262,63781841554619,99_Bahnsteig_PF,99_Bahnsteig_PF,99_Bahnsteig_PF
2910279,63781841554631,99_Bahnsteig_PF,99_Bahnsteig_PF,99_Bahnsteig_PF
2910287,63781841554642,99_Bahnsteig_PF,99_Bahnsteig_PF,99_Bahnsteig_PF
2910304,63781841554660,99_Bahnsteig_PF,99_Bahnsteig_PF,99_Bahnsteig_PF
2910312,63781841554665,99_Bahnsteig_PF,99_Bahnsteig_PF,99_Bahnsteig_PF
2910312,63781841554671,99_Bahnsteig_PF,99_Bahnsteig_PF,99_Bahnsteig_PF
2910329,63781841554680,99_Bahnsteig_PF,99_Bahnsteig_PF,99_Bahnsteig_PF
2910337,63781841554692,99_Bahnsteig_PF,99_Bahnsteig_PF,99_Bahnsteig_PF
2910345,63781841554703,99_Bahnsteig_PF,99_Bahnsteig_PF,99_Bahnsteig_PF
2910362,63781841554714,99_Bahnsteig_PF,99_Bahnsteig_PF,99_Bahnsteig_PF
2910370,63781841554725,99_Bahnsteig_PF,99_Bahnsteig_PF,99_Bahnsteig_PF
2910379,63781841554736,99_Bahnsteig_PF,99_Bahnsteig_PF,99_Bahnsteig_PF
2910395,63781841554747,99_Bahnsteig_PF,99_Bahnsteig_PF,99_Bahnsteig_PF
2910404,63781841554759,99_Bahnsteig_PF,99_Bahnsteig_PF,99_Bahnsteig_PF
2910412,63781841554770,99_Bahnsteig_PF,99_Bahnsteig_PF,99_Bahnsteig_PF
2910429,63781841554781,99_Bahnsteig_PF,99_Bahnsteig_PF,99_Bahnsteig_PF
2910437,63781841554792,99_Bahnsteig_PF,99_Bahnsteig_PF,99_Bahnsteig_PF
2910445,63781841554803,99_Bahnsteig_PF,99_Bahnsteig_PF,99_Bahnsteig_PF
2910462,63781841554814,99_Bahnsteig_PF,99_Bahnsteig_PF,99_Bahnsteig_PF
2910470,63781841554825,99_Bahnsteig_PF,99_Bahnsteig_PF,99_Bahnsteig_PF
2910479,63781841554836,99_Bahnsteig_PF,99_Bahnsteig_PF,99_Bahnsteig_PF
2910495,63781841554848,99_Bahnsteig_PF,99_Bahnsteig_PF,99_Bahnsteig_PF
2910504,63781841554859,99_Bahnsteig_PF,99_Bahnsteig_PF,99_Bahnsteig_PF
2910512,63781841554870,99_Bahnsteig_PF,99_Bahnsteig_PF,99_Bahnsteig_PF
2910528,63781841554881,99_Bahnsteig_PF,99_Bahnsteig_PF,99_Bahnsteig_PF
2910537,63781841554892,99_Bahnsteig_PF,99_Bahnsteig_PF,99_Bahnsteig_PF
2910545,63781841554903,99_Bahnsteig_PF,99_Bahnsteig_PF,99_Bahnsteig_PF
2910562,63781841554914,99_Bahnsteig_PF,99_Bahnsteig_PF,99_Bahnsteig_PF
2910570,63781841554925,99_Bahnsteig_PF,99_Bahnsteig_PF,99_Bahnsteig_PF
2910578,63781841554937,99_Bahnsteig_PF,99_Bahnsteig_PF,99_Bahnsteig_PF
2910595,63781841554947,99_Bahnsteig_PF,99_Bahnsteig_PF,99_Bahnsteig_PF
2910603,63781841554958,99_Bahnsteig_PF,99_Bahnsteig_PF,99_Bahnsteig_PF
2910612,63781841554970,99_Bahnsteig_PF,99_Bahnsteig_PF,99_Bahnsteig_PF
2910628,63781841554981,99_Bahnsteig_PF,99_Bahnsteig_PF,99_Bahnsteig_PF
2910637,63781841554992,99_Bahnsteig_PF,99_Bahnsteig_PF,99_Bahnsteig_PF
2910645,63781841555003,99_Bahnsteig_PF,99_Bahnsteig_PF,99_Bahnsteig_PF
2910662,63781841555014,99_Bahnsteig_PF,99_Bahnsteig_PF,99_Bahnsteig_PF
2910670,63781841555025,99_Bahnsteig_PF,99_Bahnsteig_PF,99_Bahnsteig_PF
2910678,63781841555036,99_Bahnsteig_PF,99_Bahnsteig_PF,99_Bahnsteig_PF
2910695,63781841555047,99_Bahnsteig_PF,99_Bahnsteig_PF,99_Bahnsteig_PF
2910703,63781841555059,99_Bahnsteig_PF,99_Bahnsteig_PF,99_Bahnsteig_PF
2910712,63781841555070,99_Bahnsteig_PF,99_Bahnsteig_PF,99_Bahnsteig_PF
2910728,63781841555082,99_Bahnsteig_PF,99_Bahnsteig_PF,99_Bahnsteig_PF
2910737,63781841555093,99_Bahnsteig_PF,99_Bahnsteig_PF,99_Bahnsteig_PF
2910745,63781841555104,99_Bahnsteig_PF,99_Bahnsteig_PF,99_Bahnsteig_PF
2910762,63781841555116,99_Bahnsteig_PF,99_Bahnsteig_PF,99_Bahnsteig_PF
2910770,63781841555127,99_Bahnsteig_PF,99_Bahnsteig_PF,99_Bahnsteig_PF
2910787,63781841555138,99_Bahnsteig_PF,99_Bahnsteig_PF,99_Bahnsteig_PF
2910795,63781841555150,99_Bahnsteig_PF,99_Bahnsteig_PF,99_Bahnsteig_PF
2910803,63781841555161,99_Bahnsteig_PF,99_Bahnsteig_PF,99_Bahnsteig_PF
2910820,63781841555173,99_Bahnsteig_PF,99_Bahnsteig_PF,99_Bahnsteig_PF
2910828,63781841555184,99_Bahnsteig_PF,99_Bahnsteig_PF,99_Bahnsteig_PF
2910837,63781841555195,99_Bahnsteig_PF,99_Bahnsteig_PF,99_Bahnsteig_PF
2910853,63781841555207,99_Bahnsteig_PF,99_Bahnsteig_PF,99_Bahnsteig_PF
2910862,63781841555218,99_Bahnsteig_PF,99_Bahnsteig_PF,99_Bahnsteig_PF
2910870,63781841555229,99_Bahnsteig_PF,99_Bahnsteig_PF,99_Bahnsteig_PF
2910887,63781841555241,99_Bahnsteig_PF,99_Bahnsteig_PF,99_Bahnsteig_PF
2910895,63781841555252,99_Bahnsteig_PF,99_Bahnsteig_PF,99_Bahnsteig_PF
2910903,63781841555263,99_Bahnsteig_PF,99_Bahnsteig_PF,99_Bahnsteig_PF
2910920,63781841555275,99_Bahnsteig_PF,99_Bahnsteig_PF,99_Bahnsteig_PF
2910928,63781841555286,99_Bahnsteig_PF,99_Bahnsteig_PF,99_Bahnsteig_PF
2910937,63781841555297,99_Bahnsteig_PF,99_Bahnsteig_PF,99_Bahnsteig_PF
2910953,63781841555308,99_Bahnsteig_PF,99_Bahnsteig_PF,99_Bahnsteig_PF
2910962,63781841555319,99_Bahnsteig_PF,99_Bahnsteig_PF,99_Bahnsteig_PF
2910978,63781841555331,99_Bahnsteig_PF,99_Bahnsteig_PF,99_Bahnsteig_PF
2910987,63781841555341,99_Bahnsteig_PF,99_Bahnsteig_PF,99_Bahnsteig_PF
2910995,63781841555352,99_Bahnsteig_PF,99_Bahnsteig_PF,99_Bahnsteig_PF
2911012,63781841555364,99_Bahnsteig_PF,99_Bahnsteig_PF,99_Bahnsteig_PF
2911020,63781841555374,99_Bahnsteig_PF,99_Bahnsteig_PF,99_Bahnsteig_PF
2911028,63781841555385,99_Bahnsteig_PF,99_Bahnsteig_PF,99_Bahnsteig_PF
2911037,63781841555397,99_Bahnsteig_PF,99_Bahnsteig_PF,99_Bahnsteig_PF
2911053,63781841555408,99_Bahnsteig_PF,99_Bahnsteig_PF,99_Bahnsteig_PF
2911062,63781841555419,99_Bahnsteig_PF,99_Bahnsteig_PF,99_Bahnsteig_PF
2911078,63781841555430,None,None,None
2911087,63781841555441,99_Bahnsteig_PF,99_Bahnsteig_PF,99_Bahnsteig_PF
2911095,63781841555452,99_Bahnsteig_PF,99_Bahnsteig_PF,99_Bahnsteig_PF
2911103,63781841555463,99_Bahnsteig_PF,99_Bahnsteig_PF,99_Bahnsteig_PF
2911120,63781841555474,99_Bahnsteig_PF,99_Bahnsteig_PF,99_Bahnsteig_PF
2911128,63781841555485,99_Bahnsteig_PF,99_Bahnsteig_PF,99_Bahnsteig_PF
2911137,63781841555497,99_Bahnsteig_PF,99_Bahnsteig_PF,99_Bahnsteig_PF
2911153,63781841555508,99_Bahnsteig_PF,99_Bahnsteig_PF,99_Bahnsteig_PF
2911162,63781841555519,99_Bahnsteig_PF,99_Bahnsteig_PF,99_Bahnsteig_PF
2911170,63781841555530,99_Bahnsteig_PF,99_Bahnsteig_PF,99_Bahnsteig_PF
2911187,63781841555541,99_Bahnsteig_PF,99_Bahnsteig_PF,99_Bahnsteig_PF
2911195,63781841555552,99_Bahnsteig_PF,99_Bahnsteig_PF,99_Bahnsteig_PF
2911212,63781841555564,99_Bahnsteig_PF,99_Bahnsteig_PF,99_Bahnsteig_PF
2911220,63781841555574,99_Bahnsteig_PF,99_Bahnsteig_PF,99_Bahnsteig_PF
2911228,63781841555586,99_Bahnsteig_PF,99_Bahnsteig_PF,99_Bahnsteig_PF
2911237,63781841555596,99_Bahnsteig_PF,99_Bahnsteig_PF,99_Bahnsteig_PF
2911253,63781841555608,99_Bahnsteig_PF,99_Bahnsteig_PF,99_Bahnsteig_PF
2911262,63781841555619,99_Bahnsteig_PF,99_Bahnsteig_PF,99_Bahnsteig_PF
2911278,63781841555630,99_Bahnsteig_PF,99_Bahnsteig_PF,99_Bahnsteig_PF
2911287,63781841555641,99_Bahnsteig_PF,99_Bahnsteig_PF,99_Bahnsteig_PF
2911295,63781841555652,99_Bahnsteig_PF,99_Bahnsteig_PF,99_Bahnsteig_PF
2911312,63781841555663,99_Bahnsteig_PF,99_Bahnsteig_PF,99_Bahnsteig_PF
2911320,63781841555675,99_Bahnsteig_PF,99_Bahnsteig_PF,99_Bahnsteig_PF
2911328,63781841555686,99_Bahnsteig_PF,99_Bahnsteig_PF,99_Bahnsteig_PF
2911345,63781841555696,99_Bahnsteig_PF,99_Bahnsteig_PF,99_Bahnsteig_PF
2911353,63781841555707,99_Bahnsteig_PF,99_Bahnsteig_PF,99_Bahnsteig_PF
2911362,63781841555719,99_Bahnsteig_PF,99_Bahnsteig_PF,99_Bahnsteig_PF
2911378,63781841555730,None,None,None
2911387,63781841555741,99_Bahnsteig_PF,99_Bahnsteig_PF,99_Bahnsteig_PF
2911395,63781841555752,99_Bahnsteig_PF,99_Bahnsteig_PF,99_Bahnsteig_PF
2911403,63781841555763,99_Bahnsteig_PF,99_Bahnsteig_PF,99_Bahnsteig_PF
2911420,63781841555774,99_Bahnsteig_PF,99_Bahnsteig_PF,99_Bahnsteig_PF
2911428,63781841555785,99_Bahnsteig_PF,99_Bahnsteig_PF,99_Bahnsteig_PF
2911437,63781841555796,99_Bahnsteig_PF,99_Bahnsteig_PF,99_Bahnsteig_PF
2911453,63781841555808,99_Bahnsteig_PF,99_Bahnsteig_PF,99_Bahnsteig_PF
2911462,63781841555818,99_Bahnsteig_PF,99_Bahnsteig_PF,99_Bahnsteig_PF
2911470,63781841555830,99_Bahnsteig_PF,99_Bahnsteig_PF,99_Bahnsteig_PF
2911487,63781841555841,99_Bahnsteig_PF,99_Bahnsteig_PF,99_Bahnsteig_PF
2911495,63781841555852,99_Bahnsteig_PF,99_Bahnsteig_PF,99_Bahnsteig_PF
2911503,63781841555863,99_Bahnsteig_PF,99_Bahnsteig_PF,99_Bahnsteig_PF
2911520,63781841555875,99_Bahnsteig_PF,99_Bahnsteig_PF,99_Bahnsteig_PF
2911528,63781841555886,99_Bahnsteig_PF,99_Bahnsteig_PF,99_Bahnsteig_PF
2911545,63781841555896,99_Bahnsteig_PF,99_Bahnsteig_PF,99_Bahnsteig_PF
2911553,63781841555907,99_Bahnsteig_PF,99_Bahnsteig_PF,99_Bahnsteig_PF
2911562,63781841555919,99_Bahnsteig_PF,99_Bahnsteig_PF,99_Bahnsteig_PF
2911578,63781841555930,99_Bahnsteig_PF,99_Bahnsteig_PF,99_Bahnsteig_PF
2911587,63781841555941,99_Bahnsteig_PF,99_Bahnsteig_PF,99_Bahnsteig_PF
2911595,63781841555952,99_Bahnsteig_PF,99_Bahnsteig_PF,99_Bahnsteig_PF
2911612,63781841555963,99_Bahnsteig_PF,99_Bahnsteig_PF,99_Bahnsteig_PF
2911620,63781841555974,99_Bahnsteig_PF,99_Bahnsteig_PF,99_Bahnsteig_PF
2911628,63781841555985,99_Bahnsteig_PF,99_Bahnsteig_PF,99_Bahnsteig_PF
2911645,63781841555996,99_Bahnsteig_PF,99_Bahnsteig_PF,99_Bahnsteig_PF
2911653,63781841556007,99_Bahnsteig_PF,99_Bahnsteig_PF,99_Bahnsteig_PF
2911662,63781841556019,99_Bahnsteig_PF,99_Bahnsteig_PF,99_Bahnsteig_PF
2911678,63781841556030,99_Bahnsteig_PF,99_Bahnsteig_PF,99_Bahnsteig_PF
2911687,63781841556041,99_Bahnsteig_PF,99_Bahnsteig_PF,99_Bahnsteig_PF
2911695,63781841556052,99_Bahnsteig_PF,99_Bahnsteig_PF,99_Bahnsteig_PF
2911712,63781841556063,None,None,None
2911720,63781841556074,None,None,None
2911728,63781841556085,None,None,None
2911745,63781841556096,None,None,None
2911753,63781841556107,None,None,None
2911762,63781841556118,None,None,None
2911778,63781841556129,None,None,None
2911787,63781841556140,None,None,None
2911795,63781841556152,None,None,None
2911812,63781841556163,None,None,None
2911820,63781841556174,None,None,None
2911828,63781841556185,None,None,None
2911845,63781841556196,None,None,None
2911853,63781841556207,None,None,None
2911862,63781841556218,None,None,None
2911870,63781841556229,None,None,None
2911887,63781841556240,None,None,None
2911895,63781841556252,None,None,None
2911903,63781841556263,None,None,None
2911920,63781841556274,None,None,None
2911928,63781841556285,None,None,None
2911937,63781841556296,None,None,None
2911953,63781841556307,None,None,None
2911962,63781841556318,None,None,None
2911970,63781841556329,None,None,None
2911987,63781841556341,None,None,None
2911995,63781841556352,None,None,None
2912003,63781841556363,None,None,None
2912020,63781841556374,None,None,None
2912028,63781841556385,None,None,None
2912037,63781841556396,None,None,None
2912053,63781841556407,None,None,None
2912061,63781841556418,None,None,None
2912078,63781841556429,None,None,None
2912086,63781841556440,None,None,None
2912095,63781841556451,None,None,None
2912111,63781841556462,None,None,None
2912120,63781841556473,None,None,None
2912128,63781841556485,None,None,None
2912145,63781841556496,None,None,None
2912153,63781841556507,None,None,None
2912161,63781841556518,None,None,None
2912178,63781841556529,None,None,None
2912186,63781841556540,None,None,None
2912195,63781841556551,None,None,None
2912211,63781841556562,None,None,None
2912220,63781841556573,None,None,None
2912228,63781841556585,None,None,None
2912245,63781841556596,None,None,None
2912253,63781841556607,None,None,None
2912261,63781841556618,None,None,None
2912270,63781841556629,None,None,None
2912286,63781841556640,None,None,None
2912295,63781841556651,None,None,None
2912311,63781841556662,None,None,None
2912320,63781841556673,None,None,None
2912328,63781841556685,None,None,None
2912336,63781841556696,None,None,None
2912353,63781841556708,None,None,None
2912361,63781841556718,None,None,None
2912370,63781841556729,None,None,None
2912386,63781841556740,None,None,None
2912395,63781841556751,None,None,None
2912403,63781841556762,None,None,None
2912420,63781841556773,None,None,None
2912428,63781841556784,None,None,None
2912436,63781841556796,None,None,None
2912453,63781841556807,None,None,None
2912461,63781841556818,None,None,None
2912478,63781841556830,None,None,None
2912486,63781841556840,None,None,None
2912495,63781841556851,None,None,None
2912511,63781841556863,None,None,None
2912520,63781841556873,None,None,None
2912528,63781841556884,None,None,None
2912545,63781841556895,None,None,None
2912553,63781841556906,None,None,None
2912561,63781841556918,None,None,None
2912578,63781841556929,None,None,None
2912586,63781841556940,None,None,None
2912595,63781841556951,None,None,None
2912611,63781841556963,None,None,None
2912620,63781841556973,None,None,None
2912628,63781841556984,None,None,None
2912636,63781841556995,None,None,None
2912653,63781841557007,None,None,None
2912661,63781841557017,None,None,None
2912670,63781841557029,None,None,None
2912686,63781841557040,None,None,None
2912695,63781841557052,None,None,None
2912703,63781841557062,None,None,None
2912720,63781841557073,None,None,None
2912728,63781841557084,None,None,None
2912736,63781841557095,None,None,None
2912753,63781841557106,None,None,None
2912761,63781841557118,None,None,None
2912770,63781841557129,None,None,None
2912786,63781841557140,None,None,None
2912795,63781841557151,None,None,None
2912803,63781841557162,None,None,None
2912820,63781841557173,None,None,None
2912828,63781841557184,None,None,None
2912836,63781841557195,None,None,None
2912853,63781841557206,None,None,None
2912861,63781841557217,None,None,None
2912870,63781841557229,None,None,None
2912886,63781841557240,None,None,None
2912895,63781841557251,None,None,None
2912911,63781841557262,None,None,None
2912920,63781841557273,None,None,None
2912928,63781841557284,None,None,None
2912936,63781841557295,None,None,None
2912953,63781841557306,None,None,None
2912961,63781841557317,None,None,None
2912978,63781841557329,None,None,None
2912986,63781841557340,None,None,None
2912995,63781841557351,None,None,None
2913003,63781841557362,None,None,None
2913020,63781841557373,None,None,None
2913028,63781841557384,None,None,None
2913036,63781841557396,None,None,None
2913053,63781841557406,None,None,None
2913061,63781841557417,None,None,None
2913070,63781841557429,99_Bahnsteig_PF,99_Bahnsteig_PF,99_Bahnsteig_PF
2913086,63781841557440,99_Bahnsteig_PF,99_Bahnsteig_PF,99_Bahnsteig_PF
2913095,63781841557451,None,99_Bahnsteig_PF,99_Bahnsteig_PF
2913103,63781841557462,None,99_Bahnsteig_PF,99_Bahnsteig_PF
2913120,63781841557473,None,None,None
2913128,63781841557484,None,None,None
2913145,63781841557495,None,None,None
2913153,63781841557506,None,None,None
2913161,63781841557517,None,None,None
2913178,63781841557528,None,None,None
2913186,63781841557539,None,None,None
2913195,63781841557550,None,None,None
2913211,63781841557562,None,None,None
2913220,63781841557573,None,None,None
2913228,63781841557584,99_Bahnsteig_PF,99_Bahnsteig_PF,99_Bahnsteig_PF
2913245,63781841557595,99_Bahnsteig_PF,99_Bahnsteig_PF,99_Bahnsteig_PF
2913253,63781841557606,99_Bahnsteig_PF,99_Bahnsteig_PF,99_Bahnsteig_PF
2913261,63781841557617,99_Bahnsteig_PF,99_Bahnsteig_PF,99_Bahnsteig_PF
2913270,63781841557628,99_Bahnsteig_PF,99_Bahnsteig_PF,99_Bahnsteig_PF
2913286,63781841557639,99_Bahnsteig_PF,99_Bahnsteig_PF,99_Bahnsteig_PF
2913295,63781841557651,99_Bahnsteig_PF,99_Bahnsteig_PF,99_Bahnsteig_PF
2913303,63781841557662,99_Bahnsteig_PF,99_Bahnsteig_PF,99_Bahnsteig_PF
2913320,63781841557673,99_Bahnsteig_PF,99_Bahnsteig_PF,99_Bahnsteig_PF
2913328,63781841557684,99_Bahnsteig_PF,99_Bahnsteig_PF,99_Bahnsteig_PF
2913336,63781841557695,99_Bahnsteig_PF,99_Bahnsteig_PF,99_Bahnsteig_PF
2913353,63781841557706,99_Bahnsteig_PF,99_Bahnsteig_PF,99_Bahnsteig_PF
2913361,63781841557717,99_Bahnsteig_PF,99_Bahnsteig_PF,99_Bahnsteig_PF
2913370,63781841557728,99_Bahnsteig_PF,99_Bahnsteig_PF,99_Bahnsteig_PF
2913386,63781841557740,99_Bahnsteig_PF,99_Bahnsteig_PF,99_Bahnsteig_PF
2913395,63781841557750,99_Bahnsteig_PF,99_Bahnsteig_PF,99_Bahnsteig_PF
2913403,63781841557761,99_Bahnsteig_PF,99_Bahnsteig_PF,99_Bahnsteig_PF
2913420,63781841557773,99_Bahnsteig_PF,99_Bahnsteig_PF,99_Bahnsteig_PF
2913428,63781841557784,99_Bahnsteig_PF,99_Bahnsteig_PF,99_Bahnsteig_PF
2913436,63781841557795,99_Bahnsteig_PF,99_Bahnsteig_PF,99_Bahnsteig_PF
2913453,63781841557806,99_Bahnsteig_PF,99_Bahnsteig_PF,99_Bahnsteig_PF
2913461,63781841557817,99_Bahnsteig_PF,99_Bahnsteig_PF,99_Bahnsteig_PF
2913469,63781841557828,99_Bahnsteig_PF,99_Bahnsteig_PF,99_Bahnsteig_PF
2913486,63781841557839,99_Bahnsteig_PF,99_Bahnsteig_PF,99_Bahnsteig_PF
2913494,63781841557851,99_Bahnsteig_PF,99_Bahnsteig_PF,99_Bahnsteig_PF
2913503,63781841557861,99_Bahnsteig_PF,99_Bahnsteig_PF,99_Bahnsteig_PF
2913519,63781841557873,99_Bahnsteig_PF,99_Bahnsteig_PF,99_Bahnsteig_PF
2913528,63781841557884,99_Bahnsteig_PF,99_Bahnsteig_PF,99_Bahnsteig_PF
2913536,63781841557895,99_Bahnsteig_PF,99_Bahnsteig_PF,99_Bahnsteig_PF
2913553,63781841557906,99_Bahnsteig_PF,99_Bahnsteig_PF,99_Bahnsteig_PF
2913561,63781841557917,99_Bahnsteig_PF,99_Bahnsteig_PF,99_Bahnsteig_PF
2913569,63781841557928,99_Bahnsteig_PF,99_Bahnsteig_PF,99_Bahnsteig_PF
2913586,63781841557939,99_Bahnsteig_PF,99_Bahnsteig_PF,99_Bahnsteig_PF
2913594,63781841557950,99_Bahnsteig_PF,99_Bahnsteig_PF,99_Bahnsteig_PF
2913603,63781841557962,99_Bahnsteig_PF,99_Bahnsteig_PF,99_Bahnsteig_PF
2913619,63781841557973,99_Bahnsteig_PF,99_Bahnsteig_PF,99_Bahnsteig_PF
2913628,63781841557984,99_Bahnsteig_PF,99_Bahnsteig_PF,99_Bahnsteig_PF
2913636,63781841557994,99_Bahnsteig_PF,99_Bahnsteig_PF,99_Bahnsteig_PF
2913653,63781841558006,99_Bahnsteig_PF,99_Bahnsteig_PF,99_Bahnsteig_PF
2913661,63781841558017,99_Bahnsteig_PF,99_Bahnsteig_PF,99_Bahnsteig_PF
2913669,63781841558028,99_Bahnsteig_PF,99_Bahnsteig_PF,99_Bahnsteig_PF
2913686,63781841558039,99_Bahnsteig_PF,99_Bahnsteig_PF,99_Bahnsteig_PF
2913694,63781841558051,99_Bahnsteig_PF,99_Bahnsteig_PF,99_Bahnsteig_PF
2913703,63781841558061,99_Bahnsteig_PF,99_Bahnsteig_PF,99_Bahnsteig_PF
2913719,63781841558072,99_Bahnsteig_PF,99_Bahnsteig_PF,99_Bahnsteig_PF
2913728,63781841558084,99_Bahnsteig_PF,99_Bahnsteig_PF,99_Bahnsteig_PF
2913736,63781841558095,99_Bahnsteig_PF,99_Bahnsteig_PF,99_Bahnsteig_PF
2913753,63781841558106,99_Bahnsteig_PF,99_Bahnsteig_PF,99_Bahnsteig_PF
2913761,63781841558117,99_Bahnsteig_PF,99_Bahnsteig_PF,99_Bahnsteig_PF
2913769,63781841558128,99_Bahnsteig_PF,99_Bahnsteig_PF,99_Bahnsteig_PF
2913786,63781841558139,99_Bahnsteig_PF,99_Bahnsteig_PF,99_Bahnsteig_PF
2913794,63781841558150,99_Bahnsteig_PF,99_Bahnsteig_PF,99_Bahnsteig_PF
2913803,63781841558161,99_Bahnsteig_PF,99_Bahnsteig_PF,99_Bahnsteig_PF
2913819,63781841558173,99_Bahnsteig_PF,99_Bahnsteig_PF,99_Bahnsteig_PF
2913828,63781841558184,99_Bahnsteig_PF,99_Bahnsteig_PF,99_Bahnsteig_PF
2913836,63781841558194,99_Bahnsteig_PF,99_Bahnsteig_PF,99_Bahnsteig_PF
2913853,63781841558206,99_Bahnsteig_PF,99_Bahnsteig_PF,99_Bahnsteig_PF
2913861,63781841558217,99_Bahnsteig_PF,99_Bahnsteig_PF,99_Bahnsteig_PF
2913869,63781841558228,99_Bahnsteig_PF,99_Bahnsteig_PF,99_Bahnsteig_PF
2913886,63781841558239,99_Bahnsteig_PF,99_Bahnsteig_PF,99_Bahnsteig_PF
2913894,63781841558250,99_Bahnsteig_PF,99_Bahnsteig_PF,99_Bahnsteig_PF
2913903,63781841558261,99_Bahnsteig_PF,99_Bahnsteig_PF,99_Bahnsteig_PF
2913919,63781841558272,99_Bahnsteig_PF,99_Bahnsteig_PF,99_Bahnsteig_PF
2913928,63781841558283,99_Bahnsteig_PF,99_Bahnsteig_PF,99_Bahnsteig_PF
