OcutimeStamp,UnityTimeStamp,cameraPosition.x,cameraPosition.y,cameraPosition.z,cameraRotation.x,cameraRotation.y,cameraRotation.z,cameraRotation.w,meanBasePoint.x,meanBasePoint.y,meanBasePoint.z,meanGazeDirection.x,meanGazeDirection.y,meanGazeDirection.z,leftBasePoint.x,leftBasePoint.y,leftBasePoint.z,rightBasePoint.x,rightBasePoint.y,rightBasePoint.z,leftEyeDirection.x,leftEyeDirection.y,leftEyeDirection.z,rightEyeDirection.x,rightEyeDirection.y,rightEyeDirection.z,pupilDiameterL,pupilDiameterR,valB,valL,valR
1582940,63779589465964,-13.59248,2.594372,-0.3257289,-0.04849836,0.9624734,-0.2668076,0.01032532,-0.001,-0.001,-0.001,1,-1,-1,0.03396492,0.00288855,-0.02476224,0.03396492,0.00288855,-0.02476224,0,0,0,0,0,0,-1,-1,False,True,True
1582948,63779589465971,-13.59238,2.594561,-0.3249035,-0.04984749,0.9631043,-0.2643583,0.007757311,-0.02437886,0.002821136,-0.01928807,-0.2291565,-0.1143188,0.9666443,0.03424481,0.002947342,-0.02460877,0.03424481,0.002947342,-0.02460877,0,0,0,0,0,0,-1,-1,True,True,True
1582957,63779589465982,-13.59219,2.594691,-0.3238471,-0.05079553,0.9638793,-0.2613939,0.0054567,-0.02448843,0.003469269,-0.02274079,-0.2381592,-0.05964661,0.9693909,0.03286099,0.003123688,-0.02472089,0.03286099,0.003123688,-0.02472089,0,0,0,0,0,0,-1,-1,True,True,True
1582965,63779589465982,-13.59219,2.594691,-0.3238471,-0.05079553,0.9638793,-0.2613939,0.0054567,-0.02452547,0.003259293,-0.02209694,-0.2352142,-0.07911682,0.9687042,0.03405946,0.002835297,-0.02466116,0.03405946,0.002835297,-0.02466116,0,0,0,0,0,0,-1,-1,True,True,True
1582973,63779589465994,-13.59192,2.594729,-0.3228922,-0.05156956,0.9645058,-0.2589567,0.003248097,-0.02445613,0.003481598,-0.0233271,-0.2313232,0.00894165,0.9728241,0.03431459,0.003962433,-0.02436574,0.03431459,0.003962433,-0.02436574,0,0,0,0,0,0,-1,-1,True,True,True
1582982,63779589466008,-13.59158,2.594591,-0.3218178,-0.05173066,0.9653222,-0.2558778,0.001894742,-0.02451534,0.003383072,-0.02297861,-0.2369843,0.007080078,0.9714813,0.03276933,0.002884293,-0.0246909,0.03276933,0.002884293,-0.0246909,0,0,0,0,0,0,-1,-1,True,True,True
1582990,63779589466008,-13.59158,2.594591,-0.3218178,-0.05173066,0.9653222,-0.2558778,0.001894742,-0.0243327,0.003473053,-0.02412196,-0.1786041,-0.04270935,0.9829865,0.03278159,0.002945603,-0.02468678,0.03278159,0.002945603,-0.02468678,0,0,0,0,0,0,-1,-1,True,True,True
1582998,63779589466019,-13.5911,2.594277,-0.3206077,-0.05161992,0.966049,-0.2531482,0.0008683605,-0.02445279,0.004439774,-0.02823575,-0.1568298,-0.03366089,0.9870453,0.03280844,0.002942688,-0.02463004,0.03280844,0.002942688,-0.02463004,0,0,0,0,0,0,-1,-1,True,True,True
1583007,63779589466027,-13.59055,2.593806,-0.3193903,-0.05146455,0.9668196,-0.2502226,0.0002945624,-0.02445783,0.003451126,-0.02403111,-0.2005005,-0.07252502,0.9769897,0.03282778,0.002931152,-0.02461112,0.03282778,0.002931152,-0.02461112,0,0,0,0,0,0,-1,-1,True,True,True
1583015,63779589466039,-13.58997,2.59335,-0.3181797,-0.05103282,0.9675313,-0.2475457,-2.983678E-05,-0.02446683,0.003258698,-0.02323467,-0.2139282,-0.05482483,0.975296,0.03284929,0.002752091,-0.02470233,0.03284929,0.002752091,-0.02470233,0,0,0,0,0,0,-1,-1,True,True,True
1583023,63779589466039,-13.58997,2.59335,-0.3181797,-0.05103282,0.9675313,-0.2475457,-2.983678E-05,0.03285277,0.002701218,-0.02470577,-0.193634,-0.05386353,0.9795837,0.03285277,0.002701218,-0.02470577,0.03285277,0.002701218,-0.02470577,-0.193634,-0.05386353,0.9795837,-0.193634,-0.05386353,0.9795837,4.435257,4.435257,True,True,True
1583032,63779589466051,-13.58929,2.592942,-0.3169876,-0.05015425,0.9682462,-0.2449155,0.0005124491,0.03282712,0.002734711,-0.02470375,-0.2128143,-0.06442261,0.9749603,0.03282712,0.002734711,-0.02470375,0.03282712,0.002734711,-0.02470375,-0.2128143,-0.06442261,0.9749603,-0.2128143,-0.06442261,0.9749603,4.375977,4.375977,True,True,True
1583040,63779589466064,-13.58864,2.592574,-0.3157771,-0.04929169,0.968813,-0.2428369,0.001363331,0.03281406,0.002761383,-0.02468384,-0.2046661,-0.08995056,0.9746857,0.03281406,0.002761383,-0.02468384,0.03281406,0.002761383,-0.02468384,-0.2046661,-0.08995056,0.9746857,-0.2046661,-0.08995056,0.9746857,4.219971,4.219971,True,True,True
1583048,63779589466073,-13.58792,2.592302,-0.3146169,-0.04891628,0.9693321,-0.2408283,0.002029293,0.03280304,0.002789322,-0.02471773,-0.2224274,-0.03662109,0.9742584,0.03280304,0.002789322,-0.02471773,0.03280304,0.002789322,-0.02471773,-0.2224274,-0.03662109,0.9742584,-0.2224274,-0.03662109,0.9742584,4.5495,4.5495,True,True,True
1583057,63779589466073,-13.58792,2.592302,-0.3146169,-0.04891628,0.9693321,-0.2408283,0.002029293,0.0327899,0.002794403,-0.02468195,-0.1906891,-0.07498169,0.978775,0.0327899,0.002794403,-0.02468195,0.0327899,0.002794403,-0.02468195,-0.1906891,-0.07498169,0.978775,-0.1906891,-0.07498169,0.978775,4.37442,4.37442,True,True,True
1583065,63779589466085,-13.58711,2.591956,-0.3132803,-0.04892566,0.9697519,-0.2391205,0.002989346,0.03278449,0.002813751,-0.02470287,-0.2081299,-0.04891968,0.9768677,0.03278449,0.002813751,-0.02470287,0.03278449,0.002813751,-0.02470287,-0.2081299,-0.04891968,0.9768677,-0.2081299,-0.04891968,0.9768677,4.463058,4.463058,True,True,True
1583073,63779589466095,-13.58624,2.591585,-0.3117436,-0.04930256,0.9700573,-0.237793,0.003545705,0.03277757,0.002787827,-0.02469872,-0.1944733,-0.05688477,0.979248,0.03277757,0.002787827,-0.02469872,0.03277757,0.002787827,-0.02469872,-0.1944733,-0.05688477,0.979248,-0.1944733,-0.05688477,0.979248,4.46727,4.46727,True,True,True
1583082,63779589466106,-13.58533,2.59105,-0.31023,-0.04966192,0.9703797,-0.2363901,0.004089184,0.03276401,0.002799881,-0.02471126,-0.2295685,-0.05284119,0.9718475,0.03276401,0.002799881,-0.02471126,0.03276401,0.002799881,-0.02471126,-0.2295685,-0.05284119,0.9718475,-0.2295685,-0.05284119,0.9718475,4.677429,4.677429,True,True,True
1583090,63779589466106,-13.58533,2.59105,-0.31023,-0.04966192,0.9703797,-0.2363901,0.004089184,0.03275699,0.002964661,-0.02455094,-0.15802,-0.170578,0.97258,0.03275699,0.002964661,-0.02455094,0.03275699,0.002964661,-0.02455094,-0.15802,-0.170578,0.97258,-0.15802,-0.170578,0.97258,4.30307,4.30307,True,True,True
1583098,63779589466118,-13.58443,2.590517,-0.3085911,-0.05000767,0.9706611,-0.2351412,0.004985579,0.03288703,0.002841339,-0.02433867,-0.09635925,-0.1922455,0.976593,0.03288703,0.002841339,-0.02433867,0.03288703,0.002841339,-0.02433867,-0.09635925,-0.1922455,0.976593,-0.09635925,-0.1922455,0.976593,4.039856,4.039856,True,True,True
1583107,63779589466129,-13.58362,2.590158,-0.3069405,-0.04964054,0.9709852,-0.233838,0.006585347,-0.001,-0.001,-0.001,1,-1,-1,0.03257433,0.002770966,-0.02462818,0.03257433,0.002770966,-0.02462818,0,0,0,0,0,0,-1,-1,False,True,True
1583115,63779589466140,-13.58282,2.589939,-0.3052354,-0.04842587,0.9711017,-0.2335386,0.008724591,-0.001,-0.001,-0.001,1,-1,-1,0.0338315,0.002495529,-0.02467896,0.0338315,0.002495529,-0.02467896,0,0,0,0,0,0,-1,-1,False,True,True
1583123,63779589466140,-13.58282,2.589939,-0.3052354,-0.04842587,0.9711017,-0.2335386,0.008724591,-0.001,-0.001,-0.001,1,-1,-1,0.03300699,0.001529678,-0.02453337,0.03300699,0.001529678,-0.02453337,0,0,0,0,0,0,-1,-1,False,True,True
1583132,63779589466151,-13.58196,2.58974,-0.303345,-0.04723969,0.9711645,-0.2334498,0.01045345,-0.001,-0.001,-0.001,1,-1,-1,0.03300699,0.001529678,-0.02453337,0.03300699,0.001529678,-0.02453337,0,0,0,0,0,0,-1,-1,False,False,False
1583140,63779589466162,-13.58115,2.589564,-0.3013577,-0.04574207,0.9713691,-0.2328022,0.01236878,-0.001,-0.001,-0.001,1,-1,-1,0.03236299,0.002167801,-0.02437453,0.03236299,0.002167801,-0.02437453,0,0,0,0,0,0,-1,-1,False,True,True
1583148,63779589466173,-13.58037,2.589441,-0.2994215,-0.04434037,0.9716862,-0.2316463,0.01413279,-0.001,-0.001,-0.001,1,-1,-1,0.03261829,0.0007303467,-0.02475087,0.03261829,0.0007303467,-0.02475087,0,0,0,0,0,0,-1,-1,False,True,True
1583157,63779589466173,-13.58037,2.589441,-0.2994215,-0.04434037,0.9716862,-0.2316463,0.01413279,-0.001,-0.001,-0.001,1,-1,-1,0.03312915,0.0008811493,-0.02477445,0.03312915,0.0008811493,-0.02477445,0,0,0,0,0,0,-1,-1,False,True,True
1583165,63779589466184,-13.57957,2.589428,-0.2974044,-0.04305035,0.9721636,-0.2297808,0.015669,-0.001,-0.001,-0.001,1,-1,-1,0.03180949,2.290344E-05,-0.02504117,0.03180949,2.290344E-05,-0.02504117,0,0,0,0,0,0,-1,-1,False,True,True
1583173,63779589466195,-13.5788,2.589488,-0.2952564,-0.04150831,0.9727773,-0.2273577,0.01702595,-0.001,-0.001,-0.001,1,-1,-1,0.03251735,0.0007660828,-0.02444928,0.03251735,0.0007660828,-0.02444928,0,0,0,0,0,0,-1,-1,False,True,True
1583182,63779589466206,-13.57798,2.589559,-0.2931183,-0.04031064,0.9733516,-0.2250107,0.01821967,-0.001,-0.001,-0.001,1,-1,-1,0.03237244,0.002218857,-0.02427971,0.03237244,0.002218857,-0.02427971,0,0,0,0,0,0,-1,-1,False,True,True
1583190,63779589466206,-13.57798,2.589559,-0.2931183,-0.04031064,0.9733516,-0.2250107,0.01821967,-0.001,-0.001,-0.001,1,-1,-1,0.03220776,0.002126541,-0.02399304,0.03220776,0.002126541,-0.02399304,0,0,0,0,0,0,-1,-1,False,True,True
1583198,63779589466217,-13.57723,2.589715,-0.2908542,-0.03922405,0.9739876,-0.2223672,0.01904102,-0.001,-0.001,-0.001,1,-1,-1,0.03306133,0.001558121,-0.02467542,0.03306133,0.001558121,-0.02467542,0,0,0,0,0,0,-1,-1,False,True,True
1583207,63779589466228,-13.57657,2.589901,-0.2885365,-0.03788028,0.9747024,-0.2193944,0.01966022,-0.001,-0.001,-0.001,1,-1,-1,0.03353198,0.00198262,-0.0247453,0.03353198,0.00198262,-0.0247453,0,0,0,0,0,0,-1,-1,False,True,True
1583215,63779589466240,-13.57596,2.590261,-0.2862379,-0.03667828,0.97561,-0.2155061,0.01992361,-0.001,-0.001,-0.001,1,-1,-1,0.03416269,0.002945313,-0.02458719,0.03416269,0.002945313,-0.02458719,0,0,0,0,0,0,-1,-1,False,True,True
1583223,63779589466240,-13.57596,2.590261,-0.2862379,-0.03667828,0.97561,-0.2155061,0.01992361,-0.001,-0.001,-0.001,1,-1,-1,0.03327086,0.003468002,-0.02447374,0.03327086,0.003468002,-0.02447374,0,0,0,0,0,0,-1,-1,False,True,True
1583232,63779589466251,-13.57531,2.590641,-0.2839451,-0.03525187,0.9765396,-0.2114776,0.02012409,-0.001,-0.001,-0.001,1,-1,-1,0.03151067,0.003664337,-0.02517104,0.03151067,0.003664337,-0.02517104,0,0,0,0,0,0,-1,-1,False,True,True
1583240,63779589466262,-13.57463,2.591104,-0.2817494,-0.03344801,0.9775388,-0.2071146,0.02006675,-0.001,-0.001,-0.001,1,-1,-1,0.0317742,0.00241774,-0.01990256,0.0317742,0.00241774,-0.01990256,0,0,0,0,0,0,-1,-1,False,True,True
1583248,63779589466273,-13.57404,2.591421,-0.279483,-0.03169119,0.9784847,-0.2028462,0.02041397,-0.001,-0.001,-0.001,1,-1,-1,0.03146404,0.00353888,-0.02532161,0.03146404,0.00353888,-0.02532161,0,0,0,0,0,0,-1,-1,False,True,True
1583257,63779589466273,-13.57404,2.591421,-0.279483,-0.03169119,0.9784847,-0.2028462,0.02041397,-0.001,-0.001,-0.001,1,-1,-1,0.03155869,0.002863907,-0.02252625,0.03155869,0.002863907,-0.02252625,0,0,0,0,0,0,-1,-1,False,True,True
1583265,63779589466284,-13.57359,2.591591,-0.2772414,-0.02985566,0.979463,-0.1983027,0.02089996,-0.001,-0.001,-0.001,1,-1,-1,0.03139708,0.003433884,-0.02496776,0.03139708,0.003433884,-0.02496776,0,0,0,0,0,0,-1,-1,False,True,True
1583273,63779589466295,-13.57308,2.59171,-0.2750799,-0.0279725,0.9804466,-0.193637,0.02113829,-0.001,-0.001,-0.001,1,-1,-1,0.03142887,0.003305176,-0.02503319,0.03142887,0.003305176,-0.02503319,0,0,0,0,0,0,-1,-1,False,True,True
1583282,63779589466306,-13.57253,2.59187,-0.2729814,-0.02619022,0.9813573,-0.1892204,0.02115658,0.02943076,0.003317581,-0.02507398,0.01452637,0.009216309,0.9998474,0.03142172,0.003306839,-0.02508174,0.03142172,0.003306839,-0.02508174,0.01560974,0.01055908,0.9998169,0.01560974,0.01055908,0.9998169,4.506332,4.506332,True,True,True
1583290,63779589466306,-13.57253,2.59187,-0.2729814,-0.02619022,0.9813573,-0.1892204,0.02115658,0.02967279,0.003171982,-0.02475151,0.02178955,-0.001403809,0.9997559,0.03143682,0.003148834,-0.0247311,0.03143682,0.003148834,-0.0247311,0.02375793,0.0006713867,0.9997101,0.02375793,0.0006713867,0.9997101,4.62915,4.62915,True,True,True
1583298,63779589466317,-13.57214,2.592177,-0.2709007,-0.02423243,0.9822575,-0.1847691,0.0210582,0.03016831,0.003017563,-0.0243405,0.01094055,-0.0149231,0.9998169,0.03144966,0.0030056,-0.02433245,0.03144966,0.0030056,-0.02433245,0.01174927,-0.01368713,0.9998322,0.01174927,-0.01368713,0.9998322,4.658798,4.658798,True,True,True
1583307,63779589466329,-13.57169,2.592524,-0.2687691,-0.02254451,0.9829963,-0.1810128,0.02108289,0.03051625,0.002971283,-0.02426468,0.01986694,-0.009796143,0.9997406,0.03145216,0.002957977,-0.02422557,0.03145216,0.002957977,-0.02422557,0.0198822,-0.009094238,0.9997559,0.0198822,-0.009094238,0.9997559,4.704147,4.704147,True,True,True
1583315,63779589466340,-13.57124,2.592925,-0.2666913,-0.02107091,0.9835297,-0.1782719,0.02107904,0.03116152,0.002926392,-0.02419772,0.02432251,-0.02383423,0.9994049,0.03142999,0.002922623,-0.02418626,0.03142999,0.002922623,-0.02418626,0.02436829,-0.0236969,0.9994202,0.02436829,-0.0236969,0.9994202,4.596939,4.596939,True,True,True
1583323,63779589466340,-13.57124,2.592925,-0.2666913,-0.02107091,0.9835297,-0.1782719,0.02107904,0.0295421,0.002907868,-0.02416306,0.0239563,-0.03877258,0.9989471,0.03142537,0.002883942,-0.02408785,0.03142537,0.002883942,-0.02408785,0.02412415,-0.03741455,0.9990082,0.02412415,-0.03741455,0.9990082,4.558838,4.558838,True,True,True
1583332,63779589466351,-13.57079,2.593407,-0.2646589,-0.02013716,0.9839368,-0.1761347,0.02096225,0.03139516,0.002899689,-0.02416127,0.01196289,1.525879E-05,0.9999237,0.03142841,0.00289946,-0.02416104,0.03142841,0.00289946,-0.02416104,0.01197815,7.629395E-05,0.9999237,0.01197815,7.629395E-05,0.9999237,4.800537,4.800537,True,True,True
1583340,63779589466363,-13.57031,2.593777,-0.2625946,-0.01957419,0.9843599,-0.1738796,0.02045605,0.03138642,0.002883255,-0.02415099,0.003585815,-0.04406738,0.9990082,0.03138645,0.002883255,-0.02415099,0.03138645,0.002883255,-0.02415099,0.003585815,-0.04406738,0.9990082,0.003585815,-0.04406738,0.9990082,4.638657,4.638657,True,True,True
1583348,63779589466374,-13.56983,2.594103,-0.2605199,-0.01935593,0.9847289,-0.1719021,0.01959559,0.03133063,0.002813416,-0.0238223,-0.006637573,-0.08894348,0.9960022,0.03133063,0.002813416,-0.0238223,0.03133063,0.002813416,-0.0238223,-0.006637573,-0.08894348,0.9960022,-0.006637573,-0.08894348,0.9960022,4.557007,4.557007,True,True,True
1583356,63779589466374,-13.56983,2.594103,-0.2605199,-0.01935593,0.9847289,-0.1719021,0.01959559,0.03123546,0.002711182,-0.02325139,-0.01660156,-0.1597595,0.9870148,0.03123546,0.002711182,-0.02325139,0.03123546,0.002711182,-0.02325139,-0.01660156,-0.1597595,0.9870148,-0.01660156,-0.1597595,0.9870148,4.146454,4.146454,True,True,True
1583365,63779589466385,-13.56941,2.594327,-0.2584623,-0.01886516,0.9851979,-0.1693556,0.01865038,-0.001,-0.001,-0.001,1,-1,-1,0.0315887,0.001603867,-0.01795754,0.0315887,0.001603867,-0.01795754,0,0,0,0,0,0,-1,-1,False,True,True
1583373,63779589466397,-13.56893,2.594698,-0.2565011,-0.01808928,0.9857785,-0.1661751,0.0173013,-0.001,-0.001,-0.001,1,-1,-1,0.03203087,0.001493286,-0.01884017,0.03203087,0.001493286,-0.01884017,0,0,0,0,0,0,-1,-1,False,True,True
1583381,63779589466397,-13.56893,2.594698,-0.2565011,-0.01808928,0.9857785,-0.1661751,0.0173013,-0.001,-0.001,-0.001,1,-1,-1,0.03189911,0.001959274,-0.02302637,0.03189911,0.001959274,-0.02302637,0,0,0,0,0,0,-1,-1,False,True,True
1583390,63779589466408,-13.56863,2.595139,-0.2547147,-0.01684904,0.9864717,-0.1622895,0.01587107,-0.001,-0.001,-0.001,1,-1,-1,0.03186174,0.001325089,-0.02456282,0.03186174,0.001325089,-0.02456282,0,0,0,0,0,0,-1,-1,False,True,True
1583398,63779589466419,-13.56822,2.59557,-0.2529145,-0.01533547,0.9870487,-0.1590677,0.01403548,-0.001,-0.001,-0.001,1,-1,-1,0.03236492,0.001694992,-0.02434808,0.03236492,0.001694992,-0.02434808,0,0,0,0,0,0,-1,-1,False,True,True
1583406,63779589466430,-13.56778,2.595834,-0.2510796,-0.0136794,0.9875467,-0.156306,0.01153109,-0.001,-0.001,-0.001,1,-1,-1,0.03234036,0.001347534,-0.0244545,0.03234036,0.001347534,-0.0244545,0,0,0,0,0,0,-1,-1,False,True,True
1583415,63779589466430,-13.56778,2.595834,-0.2510796,-0.0136794,0.9875467,-0.156306,0.01153109,-0.001,-0.001,-0.001,1,-1,-1,0.03198915,0.001203812,-0.02460896,0.03198915,0.001203812,-0.02460896,0,0,0,0,0,0,-1,-1,False,True,True
1583423,63779589466441,-13.5674,2.596039,-0.2492296,-0.01235625,0.9879946,-0.1537192,0.009196644,-0.001,-0.001,-0.001,1,-1,-1,0.03240668,0.001996521,-0.02439223,0.03240668,0.001996521,-0.02439223,0,0,0,0,0,0,-1,-1,False,True,True
1583431,63779589466453,-13.56701,2.596071,-0.247357,-0.01120051,0.9884605,-0.1509254,0.006469691,-0.001,-0.001,-0.001,1,-1,-1,0.03268933,0.002367783,-0.02390767,0.03268933,0.002367783,-0.02390767,0,0,0,0,0,0,-1,-1,False,True,True
1583440,63779589466464,-13.56679,2.596147,-0.2455322,-0.01008159,0.9889466,-0.1478813,0.00375444,-0.001,-0.001,-0.001,1,-1,-1,0.03218956,0.002960266,-0.02419446,0.03218956,0.002960266,-0.02419446,0,0,0,0,0,0,-1,-1,False,True,True
1583448,63779589466464,-13.56679,2.596147,-0.2455322,-0.01008159,0.9889466,-0.1478813,0.00375444,-0.001,-0.001,-0.001,1,-1,-1,0.03296379,0.002756409,-0.02436823,0.03296379,0.002756409,-0.02436823,0,0,0,0,0,0,-1,-1,False,True,True
1583456,63779589466475,-13.56643,2.596185,-0.2435932,-0.008806831,0.9894153,-0.1448434,0.0004287483,-0.001,-0.001,-0.001,1,-1,-1,0.03289568,0.002742706,-0.02427753,0.03289568,0.002742706,-0.02427753,0,0,0,0,0,0,-1,-1,False,True,True
1583465,63779589466486,-13.56609,2.596215,-0.2418104,-0.007772715,0.989827,-0.142027,-0.003225337,-0.001,-0.001,-0.001,1,-1,-1,0.03221742,0.001072022,-0.01757549,0.03221742,0.001072022,-0.01757549,0,0,0,0,0,0,-1,-1,False,True,True
1583473,63779589466498,-13.56574,2.596306,-0.2399796,-0.006678875,0.9901943,-0.1393671,-0.006877172,-0.001,-0.001,-0.001,1,-1,-1,0.03116072,0.001643723,-0.01631424,0.03116072,0.001643723,-0.01631424,0,0,0,0,0,0,-1,-1,False,True,True
1583481,63779589466498,-13.56574,2.596306,-0.2399796,-0.006678875,0.9901943,-0.1393671,-0.006877172,-0.001,-0.001,-0.001,1,-1,-1,0.03110492,0.003102005,-0.02474506,0.03110492,0.003102005,-0.02474506,0,0,0,0,0,0,-1,-1,False,True,True
1583490,63779589466509,-13.56538,2.596426,-0.2381844,-0.005804883,0.9904811,-0.1371024,-0.01079308,-0.001,-0.001,-0.001,1,-1,-1,0.03182808,0.001687454,-0.0173775,0.03182808,0.001687454,-0.0173775,0,0,0,0,0,0,-1,-1,False,True,True
1583498,63779589466520,-13.565,2.596525,-0.2364222,-0.005119637,0.99077,-0.1346592,-0.014678,-0.001,-0.001,-0.001,1,-1,-1,0.03110668,0.003278351,-0.02400809,0.03110668,0.003278351,-0.02400809,0,0,0,0,0,0,-1,-1,False,True,True
1583506,63779589466531,-13.56469,2.596527,-0.2345254,-0.00441459,0.9910794,-0.1318853,-0.01866202,-0.001,-0.001,-0.001,1,-1,-1,0.03115972,0.003125275,-0.0238743,0.03115972,0.003125275,-0.0238743,0,0,0,0,0,0,-1,-1,False,True,True
1583515,63779589466531,-13.56469,2.596527,-0.2345254,-0.00441459,0.9910794,-0.1318853,-0.01866202,-0.001,-0.001,-0.001,1,-1,-1,0.03118343,0.003082611,-0.02387933,0.03118343,0.003082611,-0.02387933,0,0,0,0,0,0,-1,-1,False,True,True
1583523,63779589466542,-13.5644,2.596655,-0.2328253,-0.003816905,0.9914393,-0.1284362,-0.02318713,-0.02703627,0.003922333,-0.02649005,0.03494263,-0.01220703,0.9993134,0.03122136,0.003108536,-0.02341824,0.03122136,0.003108536,-0.02341824,0.02529907,-0.06440735,0.9975891,0.02529907,-0.06440735,0.9975891,4.719711,4.719711,True,True,True
1583531,63779589466553,-13.56416,2.597094,-0.23129,-0.002868274,0.9918097,-0.124655,-0.02768504,-0.02694773,0.003881867,-0.02629665,0.03536987,-0.04260254,0.9984589,0.03126758,0.00319043,-0.02436437,0.03126758,0.00319043,-0.02436437,0.01187134,-0.04840088,0.9987488,0.01187134,-0.04840088,0.9987488,4.587234,4.587234,True,True,True
1583540,63779589466564,-13.56395,2.597848,-0.2299554,-0.001459617,0.9922443,-0.1200572,-0.03217798,-0.02687225,0.003684372,-0.02566603,0.01332092,-0.06236267,0.9979553,0.03129959,0.003137421,-0.02430109,0.03129959,0.003137421,-0.02430109,0.03137207,-0.05154419,0.9981689,0.03137207,-0.05154419,0.9981689,4.580429,4.580429,True,True,True
1583548,63779589466564,-13.56395,2.597848,-0.2299554,-0.001459617,0.9922443,-0.1200572,-0.03217798,-0.02684439,0.003583298,-0.02540106,0.004608154,-0.10112,0.9948578,0.03136014,0.003032379,-0.02419501,0.03136014,0.003032379,-0.02419501,0.01358032,-0.01393127,0.9998016,0.01358032,-0.01393127,0.9998016,4.789215,4.789215,True,True,True
1583556,63779589466576,-13.56373,2.59845,-0.2285047,-0.000209857,0.9925507,-0.1162826,-0.03635093,-0.02679325,0.003382935,-0.02492841,-0.003936768,-0.1076508,0.9941711,0.03140328,0.002910858,-0.02405133,0.03140328,0.002910858,-0.02405133,0.02226257,-0.03160095,0.9992371,0.02226257,-0.03160095,0.9992371,4.656204,4.656204,True,True,True
1583565,63779589466587,-13.56358,2.598897,-0.227122,0.0009339023,0.9927751,-0.1130884,-0.04009629,-0.0267542,0.003268921,-0.02490102,-0.01237488,-0.1004639,0.9948578,0.03139826,0.002930328,-0.02428128,0.03139826,0.002930328,-0.02428128,0.02578735,-0.06140137,0.9977722,0.02578735,-0.06140137,0.9977722,4.569687,4.569687,True,True,True
1583573,63779589466598,-13.56349,2.599144,-0.2257457,0.001515117,0.9929303,-0.1102638,-0.04392164,0.03145438,0.002852158,-0.02424574,0.0171814,-0.02726746,0.9994659,0.03145444,0.002852158,-0.02424574,0.03145444,0.002852158,-0.02424574,0.0171814,-0.02726746,0.9994659,0.0171814,-0.02726746,0.9994659,4.634933,4.634933,True,True,True
1583581,63779589466598,-13.56349,2.599144,-0.2257457,0.001515117,0.9929303,-0.1102638,-0.04392164,0.03146819,0.002830628,-0.02424742,0.02278137,-0.06036377,0.9979095,0.03146822,0.002830628,-0.02424742,0.03146822,0.002830628,-0.02424742,0.02278137,-0.06036377,0.9979095,0.02278137,-0.06036377,0.9979095,4.591034,4.591034,True,True,True
1583590,63779589466609,-13.56351,2.599558,-0.2244021,0.002125707,0.9929513,-0.1085407,-0.04756098,0.03149219,0.002811142,-0.02422147,0.01425171,-0.08535767,0.9962463,0.0314922,0.002811142,-0.02422147,0.0314922,0.002811142,-0.02422147,0.01425171,-0.08535767,0.9962463,0.01425171,-0.08535767,0.9962463,4.445663,4.445663,True,True,True
1583598,63779589466621,-13.5636,2.600134,-0.2229723,0.002677076,0.9928728,-0.1074282,-0.05153281,0.03153291,0.002852432,-0.02437776,0.007461548,-0.06343079,0.9979553,0.03153291,0.002852432,-0.02437776,0.03153291,0.002852432,-0.02437776,0.007461548,-0.06343079,0.9979553,0.007461548,-0.06343079,0.9979553,4.537109,4.537109,True,True,True
1583606,63779589466631,-13.5638,2.600781,-0.2215225,0.0024674,0.9927043,-0.1071402,-0.05525488,0.03172991,0.00264418,-0.02409126,0.06210327,-0.03793335,0.997345,0.03172991,0.00264418,-0.02409126,0.03172991,0.00264418,-0.02409126,0.06210327,-0.03793335,0.997345,0.06210327,-0.03793335,0.997345,4.627472,4.627472,True,True,True
1583615,63779589466631,-13.5638,2.600781,-0.2215225,0.0024674,0.9927043,-0.1071402,-0.05525488,0.03157752,0.002870758,-0.02451408,0.008132935,-0.07342529,0.9972534,0.03157752,0.002870758,-0.02451408,0.03157752,0.002870758,-0.02451408,0.008132935,-0.07342529,0.9972534,0.008132935,-0.07342529,0.9972534,4.588165,4.588165,True,True,True
1583623,63779589466642,-13.56411,2.601377,-0.2200179,0.001960183,0.9925073,-0.106784,-0.05935008,0.03159572,0.00285437,-0.0244939,-0.01052856,-0.07876587,0.9968262,0.03159572,0.00285437,-0.0244939,0.03159572,0.00285437,-0.0244939,-0.01052856,-0.07876587,0.9968262,-0.01052856,-0.07876587,0.9968262,4.602921,4.602921,True,True,True
1583631,63779589466654,-13.5645,2.601909,-0.218428,0.0009833658,0.9921978,-0.1067011,-0.06447769,0.03160701,0.002848633,-0.02451444,-0.01000977,-0.08430481,0.9963837,0.03160701,0.002848633,-0.02451444,0.03160701,0.002848633,-0.02451444,-0.01000977,-0.08430481,0.9963837,-0.01000977,-0.08430481,0.9963837,4.538803,4.538803,True,True,True
1583640,63779589466664,-13.56502,2.602244,-0.2167483,-6.325427E-06,0.9918535,-0.1061905,-0.07035808,0.03164752,0.002824631,-0.02459277,-0.009963989,-0.09263611,0.995636,0.03164752,0.002824631,-0.02459277,0.03164752,0.002824631,-0.02459277,-0.009963989,-0.09263611,0.995636,-0.009963989,-0.09263611,0.995636,4.535751,4.535751,True,True,True
1583648,63779589466664,-13.56502,2.602244,-0.2167483,-6.325427E-06,0.9918535,-0.1061905,-0.07035808,0.03189107,0.003154724,-0.02653984,0.03495789,-0.02864075,0.9989777,0.03189298,0.003154755,-0.02653996,0.03189298,0.003154755,-0.02653996,0.03495789,-0.02864075,0.9989777,0.03495789,-0.02864075,0.9989777,4.608063,4.608063,True,True,True
1583656,63779589466675,-13.56559,2.602551,-0.2150812,-0.0005462196,0.9914817,-0.105691,-0.07611294,0.03164069,0.00282814,-0.02469524,-0.03941345,-0.07624817,0.9963074,0.03169512,0.002828613,-0.02469698,0.03169512,0.002828613,-0.02469698,-0.03939819,-0.07620239,0.9963074,-0.03939819,-0.07620239,0.9963074,4.607727,4.607727,True,True,True
1583665,63779589466687,-13.56638,2.602741,-0.2134791,-0.00114127,0.9910543,-0.1055302,-0.08169217,0.02823593,0.002764008,-0.02461658,-0.04602051,-0.08815002,0.9950409,0.03176796,0.002791016,-0.02472737,0.03176796,0.002791016,-0.02472737,-0.04605103,-0.08366394,0.9954224,-0.04605103,-0.08366394,0.9954224,4.527924,4.527924,True,True,True
1583673,63779589466698,-13.56728,2.602941,-0.21178,-0.001033354,0.990616,-0.1053618,-0.08705107,-0.001,-0.001,-0.001,1,-1,-1,0.03175887,0.002834137,-0.02480077,0.03175887,0.002834137,-0.02480077,0,0,0,0,0,0,-1,-1,False,True,True
1583681,63779589466698,-13.56728,2.602941,-0.21178,-0.001033354,0.990616,-0.1053618,-0.08705107,-0.001,-0.001,-0.001,1,-1,-1,0.03174994,0.002889435,-0.02486214,0.03174994,0.002889435,-0.02486214,0,0,0,0,0,0,-1,-1,False,True,True
1583690,63779589466709,-13.56848,2.602993,-0.2099928,-0.0008684449,0.990083,-0.1046779,-0.09368786,-0.001,-0.001,-0.001,1,-1,-1,0.0316021,0.002692322,-0.02389408,0.0316021,0.002692322,-0.02389408,0,0,0,0,0,0,-1,-1,False,True,True
1583698,63779589466720,-13.56963,2.603059,-0.2080557,-0.001755438,0.9893939,-0.1037199,-0.1016791,-0.001,-0.001,-0.001,1,-1,-1,0.03323716,0.001057251,-0.0248039,0.03323716,0.001057251,-0.0248039,0,0,0,0,0,0,-1,-1,False,True,True
1583706,63779589466731,-13.57099,2.602923,-0.2060359,-0.002658107,0.9884823,-0.1025083,-0.1113007,-0.001,-0.001,-0.001,1,-1,-1,0.03232098,0.001424042,-0.02448816,0.03232098,0.001424042,-0.02448816,0,0,0,0,0,0,-1,-1,False,True,True
1583715,63779589466731,-13.57099,2.602923,-0.2060359,-0.002658107,0.9884823,-0.1025083,-0.1113007,-0.001,-0.001,-0.001,1,-1,-1,0.03155072,0.0009261323,-0.02479733,0.03155072,0.0009261323,-0.02479733,0,0,0,0,0,0,-1,-1,False,True,True
1583723,63779589466743,-13.57239,2.602742,-0.2040183,-0.003878069,0.9873696,-0.1017451,-0.1213845,-0.001,-0.001,-0.001,1,-1,-1,0.03200261,0.001803955,-0.0245437,0.03200261,0.001803955,-0.0245437,0,0,0,0,0,0,-1,-1,False,True,True
1583731,63779589466753,-13.57401,2.602613,-0.2019079,-0.005673838,0.9859757,-0.1017286,-0.1321783,-0.001,-0.001,-0.001,1,-1,-1,0.03509435,0.000283783,-0.02683594,0.03509435,0.000283783,-0.02683594,0,0,0,0,0,0,-1,-1,False,True,True
1583740,63779589466765,-13.57583,2.602635,-0.1997387,-0.006978949,0.9844117,-0.1018281,-0.143234,-0.001,-0.001,-0.001,1,-1,-1,0.03425821,0.0007345276,-0.02648987,0.03425821,0.0007345276,-0.02648987,0,0,0,0,0,0,-1,-1,False,True,True
1583748,63779589466765,-13.57583,2.602635,-0.1997387,-0.006978949,0.9844117,-0.1018281,-0.143234,-0.001,-0.001,-0.001,1,-1,-1,0.0322666,0.0007106171,-0.02483124,0.0322666,0.0007106171,-0.02483124,0,0,0,0,0,0,-1,-1,False,True,True
1583756,63779589466776,-13.5776,2.602794,-0.1974869,-0.008315098,0.9826302,-0.1021053,-0.1547359,-0.001,-0.001,-0.001,1,-1,-1,0.03193834,0.001133072,-0.02475742,0.03193834,0.001133072,-0.02475742,0,0,0,0,0,0,-1,-1,False,True,True
1583765,63779589466786,-13.57941,2.60309,-0.195244,-0.009296528,0.9805175,-0.1027145,-0.1671789,-0.001,-0.001,-0.001,1,-1,-1,0.03179439,0.001398834,-0.0246653,0.03179439,0.001398834,-0.0246653,0,0,0,0,0,0,-1,-1,False,True,True
1583773,63779589466797,-13.58117,2.603243,-0.1930506,-0.00986687,0.9783666,-0.1034439,-0.1788875,-0.001,-0.001,-0.001,1,-1,-1,0.03161008,0.001721695,-0.02441357,0.03161008,0.001721695,-0.02441357,0,0,0,0,0,0,-1,-1,False,True,True
1583781,63779589466797,-13.58117,2.603243,-0.1930506,-0.00986687,0.9783666,-0.1034439,-0.1788875,-0.001,-0.001,-0.001,1,-1,-1,0.0319632,0.001600464,-0.02463332,0.0319632,0.001600464,-0.02463332,0,0,0,0,0,0,-1,-1,False,True,True
1583790,63779589466809,-13.58284,2.603486,-0.1908841,-0.01016551,0.9762053,-0.1046017,-0.1896796,-0.001,-0.001,-0.001,1,-1,-1,0.03134102,0.001950424,-0.02338642,0.03134102,0.001950424,-0.02338642,0,0,0,0,0,0,-1,-1,False,True,True
1583798,63779589466820,-13.58455,2.603702,-0.1887931,-0.01021347,0.9741636,-0.1057372,-0.1993004,-0.001,-0.001,-0.001,1,-1,-1,0.03114064,0.000370163,-0.01817456,0.03114064,0.000370163,-0.01817456,0,0,0,0,0,0,-1,-1,False,True,True
1583806,63779589466831,-13.58603,2.603911,-0.186735,-0.009852057,0.9724151,-0.107165,-0.2069482,-0.001,-0.001,-0.001,1,-1,-1,0.03086101,0.0008012543,-0.01942391,0.03086101,0.0008012543,-0.01942391,0,0,0,0,0,0,-1,-1,False,True,True
1583815,63779589466831,-13.58603,2.603911,-0.186735,-0.009852057,0.9724151,-0.107165,-0.2069482,-0.001,-0.001,-0.001,1,-1,-1,0.03070955,0.002124603,-0.02214659,0.03070955,0.002124603,-0.02214659,0,0,0,0,0,0,-1,-1,False,True,True
1583823,63779589466842,-13.58757,2.603931,-0.1847029,-0.009795804,0.9707955,-0.1084853,-0.2137545,-0.001,-0.001,-0.001,1,-1,-1,0.03073163,0.002422363,-0.02321301,0.03073163,0.002422363,-0.02321301,0,0,0,0,0,0,-1,-1,False,True,True
1583831,63779589466853,-13.58903,2.603952,-0.1828172,-0.01051164,0.9691187,-0.1099574,-0.2204718,-0.001,-0.001,-0.001,1,-1,-1,0.03103873,0.001974762,-0.02137924,0.03103873,0.001974762,-0.02137924,0,0,0,0,0,0,-1,-1,False,True,True
1583840,63779589466864,-13.59041,2.604038,-0.1810164,-0.01158831,0.9673277,-0.1109334,-0.2276765,-0.001,-0.001,-0.001,1,-1,-1,0.03095004,0.002464829,-0.02312158,0.03095004,0.002464829,-0.02312158,0,0,0,0,0,0,-1,-1,False,True,True
1583848,63779589466864,-13.59041,2.604038,-0.1810164,-0.01158831,0.9673277,-0.1109334,-0.2276765,-0.001,-0.001,-0.001,1,-1,-1,0.03106648,0.00256305,-0.02306241,0.03106648,0.00256305,-0.02306241,0,0,0,0,0,0,-1,-1,False,True,True
1583856,63779589466876,-13.59175,2.604065,-0.1794348,-0.01317248,0.9654106,-0.1115313,-0.2353071,-0.001,-0.001,-0.001,1,-1,-1,0.03111601,0.002334137,-0.02208279,0.03111601,0.002334137,-0.02208279,0,0,0,0,0,0,-1,-1,False,True,True
1583865,63779589466886,-13.59309,2.604099,-0.1779127,-0.01515035,0.9636055,-0.1116747,-0.2424122,-0.001,-0.001,-0.001,1,-1,-1,0.03124399,0.002716736,-0.02410663,0.03124399,0.002716736,-0.02410663,0,0,0,0,0,0,-1,-1,False,True,True
1583873,63779589466898,-13.59445,2.604065,-0.1764741,-0.01733254,0.9617552,-0.1117307,-0.2494851,-0.0268046,0.002656494,-0.024134,0.01133728,-0.1559906,0.9876862,0.03132378,0.002675232,-0.02409488,0.03132378,0.002675232,-0.02409488,0.02479553,-0.08535767,0.9960327,0.02479553,-0.08535767,0.9960327,4.635574,4.635574,True,True,True
1583881,63779589466898,-13.59445,2.604065,-0.1764741,-0.01733254,0.9617552,-0.1117307,-0.2494851,-0.02680244,0.002703445,-0.02439487,6.103516E-05,-0.1457214,0.9893188,0.03135717,0.002666184,-0.02412824,0.03135717,0.002666184,-0.02412824,0.005142212,-0.06536865,0.9978333,0.005142212,-0.06536865,0.9978333,4.745422,4.745422,True,True,True
1583890,63779589466909,-13.59578,2.603903,-0.1751761,-0.01969395,0.9599288,-0.1119362,-0.2561623,-0.02702608,0.002734055,-0.02487952,0.02842712,-0.1483765,0.9885101,0.0311281,0.002354309,-0.02345516,0.0311281,0.002354309,-0.02345516,0.02485657,-0.07987976,0.9964905,0.02485657,-0.07987976,0.9964905,4.601868,4.601868,True,True,True
1583898,63779589466920,-13.59721,2.603636,-0.1738614,-0.02192705,0.958057,-0.1123279,-0.2627326,-0.02723827,0.002450363,-0.02430356,0.0987854,-0.1886749,0.9770508,0.0306729,0.002137528,-0.02309692,0.0306729,0.002137528,-0.02309692,0.08648682,-0.1253967,0.988327,0.08648682,-0.1253967,0.988327,4.713074,4.713074,True,True,True
1583906,63779589466931,-13.59861,2.603208,-0.1726128,-0.02450127,0.9560242,-0.1132305,-0.2694369,-0.02754221,0.002256729,-0.02428214,0.1374664,-0.2100067,0.9679718,0.03019683,0.002047516,-0.0234325,0.03019683,0.002047516,-0.0234325,0.1246185,-0.1339417,0.9831085,0.1246185,-0.1339417,0.9831085,4.680588,4.680588,True,True,True
1583915,63779589466931,-13.59861,2.603208,-0.1726128,-0.02450127,0.9560242,-0.1132305,-0.2694369,-0.02563971,0.002097763,-0.02437781,0.1946411,-0.232193,0.9529877,0.02981113,0.002170166,-0.02432427,0.02981113,0.002170166,-0.02432427,0.1543579,-0.1794586,0.9715729,0.1543579,-0.1794586,0.9715729,4.640442,4.640442,True,True,True
1583923,63779589466942,-13.59999,2.602712,-0.1713933,-0.0270364,0.9538345,-0.1143593,-0.276389,-0.02796254,0.002021591,-0.02444064,0.2366486,-0.2626038,0.9354248,0.02954631,0.002124588,-0.02441283,0.02954631,0.002124588,-0.02441283,0.1819,-0.2173157,0.9589996,0.1819,-0.2173157,0.9589996,4.500198,4.500198,True,True,True
1583931,63779589466953,-13.60149,2.602002,-0.170269,-0.0298098,0.9514905,-0.1161755,-0.283338,-0.02815741,0.001938416,-0.02453438,0.2883759,-0.2654266,0.9199829,0.02927849,0.002063919,-0.02447702,0.02927849,0.002063919,-0.02447702,0.2267609,-0.2445831,0.9427338,0.2267609,-0.2445831,0.9427338,4.429871,4.429871,True,True,True
1583940,63779589466965,-13.60268,2.601179,-0.1692193,-0.03271887,0.9491779,-0.1183692,-0.2897922,-0.02820226,0.00186023,-0.02460695,0.3108673,-0.2943573,0.903717,0.02918521,0.00196463,-0.02455972,0.02918521,0.00196463,-0.02455972,0.2632904,-0.228241,0.9373169,0.2632904,-0.228241,0.9373169,4.428421,4.428421,True,True,True
1583948,63779589466965,-13.60268,2.601179,-0.1692193,-0.03271887,0.9491779,-0.1183692,-0.2897922,-0.02840801,0.001732559,-0.02468669,0.3388519,-0.2948608,0.8934326,0.0289604,0.001905167,-0.02459119,0.0289604,0.001905167,-0.02459119,0.26828,-0.2814636,0.9212952,0.26828,-0.2814636,0.9212952,4.395355,4.395355,True,True,True
1583956,63779589466976,-13.60388,2.600238,-0.1681379,-0.03577419,0.9468967,-0.1211741,-0.2956749,-0.02853873,0.001645203,-0.02478769,0.3758545,-0.3085785,0.8737793,0.02876029,0.001800949,-0.02469893,0.02876029,0.001800949,-0.02469893,0.3132019,-0.2810669,0.907135,0.3132019,-0.2810669,0.907135,4.389664,4.389664,True,True,True
1583965,63779589466987,-13.60501,2.599198,-0.1672268,-0.0388303,0.9446879,-0.1245871,-0.3008906,-0.02866617,0.001606232,-0.02487155,0.4044342,-0.3310852,0.8525238,0.02857898,0.001710861,-0.02478047,0.02857898,0.001710861,-0.02478047,0.3430481,-0.274231,0.8983917,0.3430481,-0.274231,0.8983917,4.493423,4.493423,True,True,True
1583973,63779589466999,-13.60607,2.598126,-0.166245,-0.04171112,0.9426577,-0.1281795,-0.3053305,-0.02874727,0.001594528,-0.02495154,0.425415,-0.3473358,0.8356781,0.02848927,0.001649277,-0.02489172,0.02848927,0.001649277,-0.02489172,0.3934174,-0.2819519,0.8750458,0.3934174,-0.2819519,0.8750458,4.487167,4.487167,True,True,True
1583981,63779589466999,-13.60607,2.598126,-0.166245,-0.04171112,0.9426577,-0.1281795,-0.3053305,-0.02084705,0.001612671,-0.02501286,0.4406586,-0.3410492,0.8303528,0.02831896,0.00169577,-0.02493254,0.02831896,0.00169577,-0.02493254,0.4160004,-0.3033295,0.8572693,0.4160004,-0.3033295,0.8572693,4.627167,4.627167,True,True,True
1583990,63779589467009,-13.60709,2.596961,-0.1653915,-0.04480142,0.9407498,-0.1322171,-0.3090329,-0.002251114,0.001684479,-0.02503069,0.4506073,-0.3164063,0.8347473,0.02818535,0.00173674,-0.02497897,0.02818535,0.00173674,-0.02497897,0.4312134,-0.2899017,0.8544006,0.4312134,-0.2899017,0.8544006,4.553619,4.553619,True,True,True
1583998,63779589467020,-13.60802,2.595899,-0.1645912,-0.04807151,0.9387687,-0.1360978,-0.3128575,-0.00225354,0.00173497,-0.02502513,0.455658,-0.3077698,0.8352509,0.0281955,0.001813583,-0.02496552,0.0281955,0.001813583,-0.02496552,0.4399872,-0.2840271,0.8518829,0.4399872,-0.2840271,0.8518829,4.629868,4.629868,True,True,True
1584006,63779589467032,-13.60882,2.594816,-0.163833,-0.05151613,0.9368882,-0.1396229,-0.3163732,0.01031854,0.001832214,-0.0249634,0.446167,-0.2941742,0.8451996,0.02823937,0.001891831,-0.0249158,0.02823937,0.001891831,-0.0249158,0.4332275,-0.2848816,0.8550568,0.4332275,-0.2848816,0.8550568,4.62793,4.62793,True,True,True
1584015,63779589467032,-13.60882,2.594816,-0.163833,-0.05151613,0.9368882,-0.1396229,-0.3163732,-0.003020142,0.001802353,-0.02497968,0.4526062,-0.2857513,0.8446655,0.02832306,0.001859573,-0.02494156,0.02832306,0.001859573,-0.02494156,0.4420624,-0.2592163,0.8587036,0.4420624,-0.2592163,0.8587036,4.580811,4.580811,True,True,True
1584023,63779589467043,-13.60965,2.593754,-0.1631662,-0.05499469,0.934994,-0.1430039,-0.3198622,0.003232102,0.001824646,-0.02495548,0.4477997,-0.2562256,0.8566284,0.02838652,0.001877228,-0.02491295,0.02838652,0.001877228,-0.02491295,0.4379425,-0.2409058,0.8661041,0.4379425,-0.2409058,0.8661041,4.510132,4.510132,True,True,True
1584031,63779589467054,-13.61029,2.592718,-0.1624891,-0.05820412,0.9332945,-0.1463724,-0.3227208,0.008525406,0.001869934,-0.02489897,0.4234161,-0.256012,0.868988,0.02841669,0.001887283,-0.02487287,0.02841669,0.001887283,-0.02487287,0.4149475,-0.2465363,0.8757935,0.4149475,-0.2465363,0.8757935,4.481033,4.481033,True,True,True
1584040,63779589467065,-13.61095,2.591607,-0.1617929,-0.06137748,0.9315985,-0.150001,-0.3253562,0.008355972,0.001937927,-0.02486917,0.4134216,-0.2600708,0.8725891,0.0283728,0.001966476,-0.02482582,0.0283728,0.001966476,-0.02482582,0.3941956,-0.2489624,0.8846436,0.3941956,-0.2489624,0.8846436,4.516159,4.516159,True,True,True
1584048,63779589467065,-13.61095,2.591607,-0.1617929,-0.06137748,0.9315985,-0.150001,-0.3253562,0.007925034,0.001973435,-0.02484604,0.4084778,-0.2534485,0.8768616,0.02840666,0.002008103,-0.02480602,0.02840666,0.002008103,-0.02480602,0.3926392,-0.2425079,0.8871307,0.3926392,-0.2425079,0.8871307,4.62233,4.62233,True,True,True
1584056,63779589467076,-13.61144,2.590503,-0.1610479,-0.06444128,0.9299894,-0.1538136,-0.3275797,0.00756186,0.002010727,-0.02483504,0.414505,-0.2493744,0.8751984,0.0284438,0.002039688,-0.02479515,0.0284438,0.002039688,-0.02479515,0.4007416,-0.2324371,0.8862,0.4007416,-0.2324371,0.8862,4.537598,4.537598,True,True,True
1584065,63779589467088,-13.61192,2.589447,-0.1602842,-0.06793792,0.9283729,-0.1576305,-0.3296375,0.008810837,0.002074585,-0.02481491,0.4176941,-0.2356567,0.8774872,0.02848209,0.002105408,-0.02477211,0.02848209,0.002105408,-0.02477211,0.4028168,-0.2268677,0.8867035,0.4028168,-0.2268677,0.8867035,4.454849,4.454849,True,True,True
1584073,63779589467098,-13.61237,2.588504,-0.1595172,-0.07142717,0.9267786,-0.160794,-0.3318509,0.00479506,0.002116272,-0.02478972,0.4096069,-0.2403412,0.8800201,0.02851479,0.002161575,-0.02474303,0.02851479,0.002161575,-0.02474303,0.3966827,-0.2241364,0.890152,0.3966827,-0.2241364,0.890152,4.612167,4.612167,True,True,True
1584081,63779589467098,-13.61237,2.588504,-0.1595172,-0.07142717,0.9267786,-0.160794,-0.3318509,0.005039322,0.002172836,-0.02479944,0.3720551,-0.2294922,0.8993835,0.02832967,0.002210785,-0.02476816,0.02832967,0.002210785,-0.02476816,0.3322449,-0.2093964,0.9196472,0.3322449,-0.2093964,0.9196472,4.51738,4.51738,True,True,True
1584090,63779589467109,-13.61272,2.58775,-0.1587852,-0.07467672,0.9254411,-0.1631287,-0.3337232,0.004807465,0.002231201,-0.02476784,0.365387,-0.2185669,0.9048157,0.02835027,0.002273468,-0.02473566,0.02835027,0.002273468,-0.02473566,0.3284912,-0.2122345,0.9203339,0.3284912,-0.2122345,0.9203339,4.525253,4.525253,True,True,True
1584098,63779589467120,-13.613,2.587121,-0.1580635,-0.0776419,0.9241483,-0.165013,-0.3356971,0.007593338,0.002275223,-0.0247489,0.3594971,-0.2176514,0.9073944,0.02837645,0.002307388,-0.02471913,0.02837645,0.002307388,-0.02471913,0.3255768,-0.2111816,0.9216156,0.3255768,-0.2111816,0.9216156,4.564499,4.564499,True,True,True
1584106,63779589467132,-13.61316,2.586624,-0.1573681,-0.07969562,0.9232281,-0.1660303,-0.3372425,0.009218811,0.002299927,-0.02472418,0.3503876,-0.2067108,0.9134979,0.02838884,0.002310059,-0.02469679,0.02838884,0.002310059,-0.02469679,0.315033,-0.2007446,0.927597,0.315033,-0.2007446,0.927597,4.591324,4.591324,True,True,True
1584115,63779589467132,-13.61316,2.586624,-0.1573681,-0.07969562,0.9232281,-0.1660303,-0.3372425,0.01028958,0.002317993,-0.02470754,0.3431702,-0.2127228,0.914856,0.02841892,0.00232251,-0.02468829,0.02841892,0.00232251,-0.02468829,0.3108063,-0.1983032,0.9295502,0.3108063,-0.1983032,0.9295502,4.519806,4.519806,True,True,True
1584123,63779589467142,-13.61337,2.58612,-0.1566742,-0.08143182,0.9223999,-0.1671588,-0.3385338,0.01052454,0.002336731,-0.02469977,0.3456726,-0.1981812,0.9171753,0.02844335,0.0023358,-0.02467828,0.02844335,0.0023358,-0.02467828,0.3154602,-0.1954498,0.9285736,0.3154602,-0.1954498,0.9285736,4.607635,4.607635,True,True,True
1584131,63779589467154,-13.61351,2.585653,-0.1559616,-0.08255482,0.921784,-0.1679935,-0.3395246,0.009628479,0.00237323,-0.02469037,0.3529663,-0.1896973,0.9161987,0.02847336,0.002369583,-0.02465237,0.02847336,0.002369583,-0.02465237,0.3152771,-0.1894989,0.9298706,0.3152771,-0.1894989,0.9298706,4.572235,4.572235,True,True,True
1584140,63779589467165,-13.61349,2.585207,-0.1552191,-0.08384094,0.9212347,-0.1687506,-0.3403241,0.009090409,0.002399582,-0.02467603,0.3531952,-0.1939697,0.9152069,0.02848984,0.002395203,-0.02465225,0.02848984,0.002395203,-0.02465225,0.3257751,-0.184906,0.9271698,0.3257751,-0.184906,0.9271698,4.630005,4.630005,True,True,True
1584148,63779589467165,-13.61349,2.585207,-0.1552191,-0.08384094,0.9212347,-0.1687506,-0.3403241,0.009387573,0.002421326,-0.02466234,0.3465424,-0.1911163,0.9183502,0.02851077,0.002417862,-0.02463413,0.02851077,0.002417862,-0.02463413,0.3156281,-0.1867523,0.9303131,0.3156281,-0.1867523,0.9303131,4.522659,4.522659,True,True,True
1584156,63779589467176,-13.61341,2.584793,-0.1543723,-0.08464425,0.9208399,-0.1690969,-0.3410213,0.009412461,0.002451874,-0.0246443,0.350235,-0.1962128,0.9158783,0.02853302,0.002454422,-0.02461082,0.02853302,0.002454422,-0.02461082,0.3224945,-0.1968689,0.9258575,0.3224945,-0.1968689,0.9258575,4.673935,4.673935,True,True,True
1584165,63779589467187,-13.61319,2.584492,-0.1536633,-0.08546943,0.9205646,-0.1687898,-0.3417101,0.008567384,0.002481064,-0.02464227,0.3512268,-0.1862946,0.9175568,0.02855109,0.002494293,-0.0246075,0.02855109,0.002494293,-0.0246075,0.3233185,-0.1857758,0.9278564,0.3233185,-0.1857758,0.9278564,4.572586,4.572586,True,True,True
1584173,63779589467199,-13.6131,2.584342,-0.1529326,-0.08642276,0.9203471,-0.168016,-0.3424369,0.008104173,0.002496872,-0.024631,0.3499298,-0.1847839,0.9183502,0.02857117,0.002516342,-0.02459906,0.02857117,0.002516342,-0.02459906,0.3263092,-0.1806946,0.9278259,0.3263092,-0.1806946,0.9278259,4.623703,4.623703,True,True,True
1584181,63779589467199,-13.6131,2.584342,-0.1529326,-0.08642276,0.9203471,-0.168016,-0.3424369,0.004132874,0.00251535,-0.02463693,0.3618622,-0.1755066,0.9155426,0.02857909,0.002546158,-0.02457565,0.02857909,0.002546158,-0.02457565,0.325943,-0.1871185,0.9266663,0.325943,-0.1871185,0.9266663,4.648697,4.648697,True,True,True
1584190,63779589467209,-13.61279,2.584356,-0.152258,-0.0871925,0.9200983,-0.1665109,-0.3436433,0.002991608,0.002512619,-0.02463129,0.3576508,-0.1785126,0.916626,0.02859253,0.002545532,-0.02456734,0.02859253,0.002545532,-0.02456734,0.3234863,-0.1853333,0.927887,0.3234863,-0.1853333,0.927887,4.610886,4.610886,True,True,True
1584198,63779589467220,-13.6125,2.584282,-0.1515821,-0.08793651,0.9198721,-0.1651337,-0.344722,0.003154862,0.002507706,-0.02462615,0.3539124,-0.1810303,0.917572,0.02859859,0.00253801,-0.02456581,0.02859859,0.00253801,-0.02456581,0.3197174,-0.1850128,0.9292603,0.3197174,-0.1850128,0.9292603,4.575851,4.575851,True,True,True
1584206,63779589467232,-13.61209,2.58421,-0.1508443,-0.08855508,0.9198417,-0.1633676,-0.3454854,0.00370279,0.002496109,-0.02462439,0.3540344,-0.1796112,0.9178162,0.02861383,0.00251709,-0.02456731,0.02861383,0.00251709,-0.02456731,0.3235168,-0.1808167,0.928772,0.3235168,-0.1808167,0.928772,4.460434,4.460434,True,True,True
1584215,63779589467232,-13.61209,2.58421,-0.1508443,-0.08855508,0.9198417,-0.1633676,-0.3454854,0.00334288,0.002490112,-0.02461102,0.3481903,-0.1769714,0.9205475,0.0286187,0.002506806,-0.02455449,0.0286187,0.002506806,-0.02455449,0.3155823,-0.1834412,0.9309845,0.3155823,-0.1834412,0.9309845,4.522736,4.522736,True,True,True
1584223,63779589467242,-13.61163,2.58408,-0.1501296,-0.08906272,0.919838,-0.1618374,-0.3460846,0.004024475,0.002491516,-0.02461078,0.3491821,-0.1738281,0.9207764,0.0286189,0.002501908,-0.02454892,0.0286189,0.002501908,-0.02454892,0.312912,-0.1829681,0.9319763,0.312912,-0.1829681,0.9319763,4.477921,4.477921,True,True,True
1584231,63779589467253,-13.61118,2.583985,-0.1494212,-0.08921383,0.9200034,-0.1601826,-0.3463758,0.004799912,0.002488403,-0.02460408,0.3477325,-0.1779327,0.9205475,0.02862137,0.002495377,-0.02454291,0.02862137,0.002495377,-0.02454291,0.314621,-0.1885529,0.9302826,0.314621,-0.1885529,0.9302826,4.517792,4.517792,True,True,True
1584240,63779589467266,-13.61066,2.583938,-0.148726,-0.08934476,0.9201844,-0.1587923,-0.3465013,0.005661789,0.002441772,-0.02461082,0.3718567,-0.1647797,0.9135437,0.02881108,0.002417007,-0.02455945,0.02881108,0.002417007,-0.02455945,0.3579712,-0.1657104,0.9188995,0.3579712,-0.1657104,0.9188995,4.439468,4.439468,True,True,True
1584248,63779589467266,-13.61066,2.583938,-0.148726,-0.08934476,0.9201844,-0.1587923,-0.3465013,0.006914261,0.002441406,-0.02460687,0.3724976,-0.1640472,0.9134064,0.02881259,0.002418701,-0.02455835,0.02881259,0.002418701,-0.02455835,0.3604736,-0.1629028,0.9184265,0.3604736,-0.1629028,0.9184265,4.461746,4.461746,True,True,True
1584256,63779589467276,-13.61017,2.583986,-0.1480251,-0.08957738,0.9204667,-0.1571903,-0.3464222,0.006890427,0.002441315,-0.02460573,0.3709717,-0.1627045,0.9142609,0.02881183,0.002418686,-0.02455725,0.02881183,0.002418686,-0.02455725,0.3582458,-0.1601257,0.9197845,0.3582458,-0.1601257,0.9197845,4.441238,4.441238,True,True,True
1584265,63779589467287,-13.60963,2.584096,-0.1474466,-0.0898959,0.9207725,-0.1554028,-0.3463334,0.006750275,0.002440857,-0.02460497,0.3709259,-0.164032,0.9140472,0.02881284,0.002417847,-0.02455563,0.02881284,0.002417847,-0.02455563,0.3574677,-0.1631927,0.9195404,0.3574677,-0.1631927,0.9195404,4.434555,4.434555,True,True,True
1584273,63779589467298,-13.60898,2.584195,-0.1469066,-0.09020909,0.9211296,-0.1535377,-0.3461341,0.006653367,0.002440369,-0.02460417,0.3713379,-0.1663208,0.9134674,0.02881384,0.002417007,-0.02455402,0.02881384,0.002417007,-0.02455402,0.3581696,-0.1660461,0.9187622,0.3581696,-0.1660461,0.9187622,4.428223,4.428223,True,True,True
1584281,63779589467298,-13.60898,2.584195,-0.1469066,-0.09020909,0.9211296,-0.1535377,-0.3461341,0.006402664,0.002409454,-0.02460108,0.3706055,-0.1688232,0.9132996,0.02881462,0.002366638,-0.02454794,0.02881462,0.002366638,-0.02454794,0.3569641,-0.1698151,0.9185486,0.3569641,-0.1698151,0.9185486,4.432556,4.432556,True,True,True
1584290,63779589467309,-13.60832,2.584223,-0.1464548,-0.0903668,0.9215933,-0.1515152,-0.3457494,0.006303925,0.0023918,-0.02460465,0.3670197,-0.15979,0.9163666,0.02881076,0.002338074,-0.02455335,0.02881076,0.002338074,-0.02455335,0.3509064,-0.1546326,0.9235382,0.3509064,-0.1546326,0.9235382,4.339355,4.339355,True,True,True
1584298,63779589467320,-13.60758,2.584216,-0.1460035,-0.09044633,0.9221784,-0.1496494,-0.3449805,0.006162873,0.00238266,-0.02461386,0.3787537,-0.1661224,0.9104614,0.02880682,0.002323303,-0.02456784,0.02880682,0.002323303,-0.02456784,0.3705902,-0.1645203,0.914093,0.3705902,-0.1645203,0.914093,4.44397,4.44397,True,True,True
1584306,63779589467332,-13.60678,2.584203,-0.1457164,-0.0905339,0.9228481,-0.1480211,-0.3438673,0.005987366,0.002375366,-0.02461347,0.375946,-0.1645813,0.9118958,0.02879976,0.002311341,-0.02456645,0.02879976,0.002311341,-0.02456645,0.3659363,-0.161438,0.9165192,0.3659363,-0.161438,0.9165192,4.501831,4.501831,True,True,True
1584315,63779589467332,-13.60678,2.584203,-0.1457164,-0.0905339,0.9228481,-0.1480211,-0.3438673,0.005678589,0.002373138,-0.0246145,0.3788757,-0.1669769,0.9102478,0.02879683,0.002308395,-0.02456679,0.02879683,0.002308395,-0.02456679,0.3705139,-0.165741,0.9139099,0.3705139,-0.165741,0.9139099,4.479782,4.479782,True,True,True
1584323,63779589467342,-13.60604,2.584223,-0.1454025,-0.09055931,0.9236319,-0.1463728,-0.3424588,0.005462524,0.002354736,-0.02460471,0.3693695,-0.1777191,0.9121246,0.02878841,0.002297867,-0.02455353,0.02878841,0.002297867,-0.02455353,0.3593597,-0.1769714,0.9162598,0.3593597,-0.1769714,0.9162598,4.365707,4.365707,True,True,True
1584331,63779589467354,-13.60515,2.584257,-0.1451163,-0.09060523,0.9245049,-0.1450423,-0.3406526,0.005561615,0.002353439,-0.02461951,0.3825073,-0.1760254,0.9070129,0.02878229,0.002293396,-0.02456418,0.02878229,0.002293396,-0.02456418,0.3718414,-0.1748047,0.9116821,0.3718414,-0.1748047,0.9116821,4.420349,4.420349,True,True,True
1584340,63779589467365,-13.60425,2.584303,-0.1448239,-0.09060243,0.9254196,-0.1435391,-0.3388013,0.005747956,0.002321533,-0.0246442,0.3863068,-0.1668549,0.907135,0.02875852,0.002241318,-0.02460608,0.02875852,0.002241318,-0.02460608,0.3774719,-0.1560516,0.9127655,0.3774719,-0.1560516,0.9127655,4.457687,4.457687,True,True,True
1584348,63779589467365,-13.60425,2.584303,-0.1448239,-0.09060243,0.9254196,-0.1435391,-0.3388013,0.005985764,0.002323746,-0.02464343,0.3876648,-0.1757355,0.9048767,0.02874352,0.00224054,-0.02459343,0.02874352,0.00224054,-0.02459343,0.3709412,-0.1667175,0.913559,0.3709412,-0.1667175,0.913559,4.44957,4.44957,True,True,True
1584356,63779589467375,-13.60327,2.584469,-0.1446117,-0.09050487,0.9265388,-0.1418747,-0.3364615,0.005509934,0.002368103,-0.02463472,0.3586578,-0.1895752,0.9140015,0.0286071,0.002303086,-0.02459254,0.0286071,0.002303086,-0.02459254,0.3267517,-0.1897125,0.9258575,0.3267517,-0.1897125,0.9258575,4.425064,4.425064,True,True,True
1584365,63779589467387,-13.60223,2.584542,-0.1444728,-0.09014709,0.9278218,-0.140059,-0.333772,0.004255326,0.002398392,-0.02453491,0.3385468,-0.1769409,0.9241486,0.02910458,0.002277374,-0.0245073,0.02910458,0.002277374,-0.0245073,0.3225098,-0.1565247,0.9335327,0.3225098,-0.1565247,0.9335327,4.418304,4.418304,True,True,True
1584373,63779589467399,-13.60113,2.5846,-0.1443258,-0.08954161,0.929153,-0.1383992,-0.330912,0.003522705,0.002524796,-0.02433325,0.2667847,-0.1752625,0.9476776,0.02945279,0.00238974,-0.02426322,0.02945279,0.00238974,-0.02426322,0.2365265,-0.1556091,0.9590759,0.2365265,-0.1556091,0.9590759,4.472763,4.472763,True,True,True
1584381,63779589467399,-13.60113,2.5846,-0.1443258,-0.08954161,0.929153,-0.1383992,-0.330912,-0.02653322,0.002725449,-0.02433721,0.2383423,-0.1215515,0.9635315,0.02982909,0.002284897,-0.0233878,0.02982909,0.002284897,-0.0233878,0.1858826,-0.1363373,0.973053,0.1858826,-0.1363373,0.973053,4.349426,4.349426,True,True,True
1584390,63779589467409,-13.59995,2.584695,-0.1442031,-0.08859432,0.9306648,-0.1368767,-0.3275346,-0.02751659,0.00301149,-0.02424385,0.1704254,-0.1533051,0.9733582,0.03020859,0.002338959,-0.02330345,0.03020859,0.002338959,-0.02330345,0.1557465,-0.09176636,0.9835205,0.1557465,-0.09176636,0.9835205,4.453537,4.453537,True,True,True
1584398,63779589467420,-13.59882,2.584745,-0.1441191,-0.0877744,0.9321744,-0.1354125,-0.3240523,-0.02727622,0.003450684,-0.0255159,0.1211853,-0.1462097,0.9817963,0.03063521,0.002149124,-0.02234766,0.03063521,0.002149124,-0.02234766,0.1146851,-0.07537842,0.9905243,0.1146851,-0.07537842,0.9905243,4.475861,4.475861,True,True,True
1584406,63779589467431,-13.59767,2.584893,-0.1440529,-0.08654308,0.9339113,-0.1339923,-0.3199469,-0.02689056,0.003584458,-0.02551154,0.07389832,-0.1019897,0.9920349,0.03105293,0.002504715,-0.0232206,0.03105293,0.002504715,-0.0232206,0.09106445,-0.04263306,0.9949188,0.09106445,-0.04263306,0.9949188,4.589127,4.589127,True,True,True
1584415,63779589467431,-13.59767,2.584893,-0.1440529,-0.08654308,0.9339113,-0.1339923,-0.3199469,-0.02652567,0.003558472,-0.02487796,0.01457214,-0.06069946,0.9980469,0.03141092,0.003005295,-0.02467478,0.03141092,0.003005295,-0.02467478,0.04421997,-0.0209198,0.9987946,0.04421997,-0.0209198,0.9987946,4.548416,4.548416,True,True,True
1584423,63779589467442,-13.59654,2.584965,-0.1438376,-0.08529458,0.935681,-0.1322831,-0.315796,-0.02621758,0.0038302,-0.02496155,-0.006317139,-0.04019165,0.9991608,0.03174126,0.002995346,-0.02382817,0.03174126,0.002995346,-0.02382817,0.009506226,0.02616882,0.9996033,0.009506226,0.02616882,0.9996033,4.865952,4.865952,True,True,True
1584431,63779589467453,-13.59536,2.585202,-0.1439076,-0.08381795,0.9375389,-0.1304218,-0.3114251,-0.02591898,0.003865204,-0.02451766,-0.02372742,-0.06375122,0.9976807,0.03185017,0.003564667,-0.02583853,0.03185017,0.003564667,-0.02583853,-0.03062439,-0.004348755,0.9995117,-0.03062439,-0.004348755,0.9995117,4.593399,4.593399,True,True,True
1584440,63779589467465,-13.59418,2.585428,-0.1439968,-0.08223462,0.9395147,-0.1286519,-0.3065913,-0.02576026,0.004004334,-0.02455777,-0.003204346,-0.004272461,0.9999847,0.03194454,0.003236374,-0.02442374,0.03194454,0.003236374,-0.02442374,0,0,0,0,0,0,-1,-1,True,True,True
1584448,63779589467465,-13.59418,2.585428,-0.1439968,-0.08223462,0.9395147,-0.1286519,-0.3065913,-0.001,-0.001,-0.001,1,-1,-1,0.03202542,0.003296173,-0.02434749,0.03202542,0.003296173,-0.02434749,0,0,0,0,0,0,-1,-1,False,True,True
1584456,63779589467476,-13.59295,2.58563,-0.1441167,-0.08024481,0.9416328,-0.1269781,-0.3012723,-0.001,-0.001,-0.001,1,-1,-1,0.03219455,0.003560089,-0.0243246,0.03219455,0.003560089,-0.0243246,0,0,0,0,0,0,-1,-1,False,True,True
1584465,63779589467487,-13.59164,2.585781,-0.1441956,-0.07845665,0.943761,-0.1254372,-0.2956776,-0.001,-0.001,-0.001,1,-1,-1,0.03231554,0.003532303,-0.0243235,0.03231554,0.003532303,-0.0243235,0,0,0,0,0,0,-1,-1,False,True,True
1584473,63779589467498,-13.59034,2.585869,-0.1443181,-0.07664264,0.9457868,-0.1241107,-0.2901894,-0.001,-0.001,-0.001,1,-1,-1,0.03232716,0.003340851,-0.02442928,0.03232716,0.003340851,-0.02442928,0,0,0,0,0,0,-1,-1,False,True,True
1584481,63779589467498,-13.59034,2.585869,-0.1443181,-0.07664264,0.9457868,-0.1241107,-0.2901894,-0.001,-0.001,-0.001,1,-1,-1,0.03240852,0.003261551,-0.02444881,0.03240852,0.003261551,-0.02444881,0,0,0,0,0,0,-1,-1,False,True,True
1584490,63779589467509,-13.58902,2.585966,-0.1443583,-0.07500441,0.947763,-0.1230578,-0.2845638,-0.001,-0.001,-0.001,1,-1,-1,0.03245813,0.003252503,-0.02446036,0.03245813,0.003252503,-0.02446036,0,0,0,0,0,0,-1,-1,False,True,True
1584498,63779589467520,-13.58765,2.586056,-0.144349,-0.07357875,0.9496678,-0.1221255,-0.2789315,-0.001,-0.001,-0.001,1,-1,-1,0.03246707,0.003326386,-0.02444223,0.03246707,0.003326386,-0.02444223,0,0,0,0,0,0,-1,-1,False,True,True
1584506,63779589467531,-13.58627,2.586119,-0.1443812,-0.07275037,0.9515079,-0.1212964,-0.2731797,0.03240367,0.003248581,-0.02446736,-0.1965942,0.08042908,0.9771729,0.03240367,0.003248581,-0.02446736,0.03240367,0.003248581,-0.02446736,-0.1965942,0.08042908,0.9771729,-0.1965942,0.08042908,0.9771729,4.811874,4.811874,True,True,True
1584515,63779589467531,-13.58627,2.586119,-0.1443812,-0.07275037,0.9515079,-0.1212964,-0.2731797,0.0323315,0.003269486,-0.02440781,-0.1487122,0.05987549,0.9870605,0.0323315,0.003269486,-0.02440781,0.0323315,0.003269486,-0.02440781,-0.1487122,0.05987549,0.9870605,-0.1487122,0.05987549,0.9870605,4.752319,4.752319,True,True,True
1584523,63779589467542,-13.58496,2.586237,-0.1444537,-0.07194692,0.9533263,-0.1203331,-0.2674184,0.03245502,0.003166779,-0.02441866,-0.09059143,0.07507324,0.993042,0.03245502,0.003166779,-0.02441866,0.03245502,0.003166779,-0.02441866,-0.09059143,0.07507324,0.993042,-0.09059143,0.07507324,0.993042,4.612381,4.612381,True,True,True
1584531,63779589467554,-13.58359,2.58631,-0.1445459,-0.07153983,0.9550869,-0.1193509,-0.2616225,0.03235306,0.003151901,-0.02435254,-0.08355713,0.08079529,0.9932098,0.03235306,0.003151901,-0.02435254,0.03235306,0.003151901,-0.02435254,-0.08355713,0.08079529,0.9932098,-0.08355713,0.08079529,0.9932098,4.613281,4.613281,True,True,True
1584540,63779589467564,-13.58224,2.586332,-0.1447088,-0.0709885,0.9567955,-0.1180625,-0.256055,0.03219324,0.003250305,-0.02437343,-0.09275818,0.05148315,0.9943542,0.03219324,0.003250305,-0.02437343,0.03219324,0.003250305,-0.02437343,-0.09275818,0.05148315,0.9943542,-0.09275818,0.05148315,0.9943542,4.674408,4.674408,True,True,True
1584548,63779589467564,-13.58224,2.586332,-0.1447088,-0.0709885,0.9567955,-0.1180625,-0.256055,0.03214972,0.003185913,-0.02437273,-0.08439636,0.03840637,0.9956818,0.03214972,0.003185913,-0.02437273,0.03214972,0.003185913,-0.02437273,-0.08439636,0.03840637,0.9956818,-0.08439636,0.03840637,0.9956818,4.538818,4.538818,True,True,True
1584556,63779589467575,-13.58099,2.586443,-0.1448057,-0.07043291,0.9585061,-0.1167691,-0.2503401,0.03211731,0.003193008,-0.02440584,-0.06913757,0.02597046,0.9972534,0.03211731,0.003193008,-0.02440584,0.03211731,0.003193008,-0.02440584,-0.06913757,0.02597046,0.9972534,-0.06913757,0.02597046,0.9972534,4.324905,4.324905,True,True,True
1584565,63779589467586,-13.57973,2.586603,-0.1449623,-0.0697317,0.9601011,-0.1155885,-0.2449135,0.03207159,0.003229752,-0.02455953,-0.06185913,0.01498413,0.9979706,0.03207159,0.003229752,-0.02455953,0.03207159,0.003229752,-0.02455953,-0.06185913,0.01498413,0.9979706,-0.06185913,0.01498413,0.9979706,4.344788,4.344788,True,True,True
1584573,63779589467597,-13.57844,2.586788,-0.1451279,-0.0689633,0.9615704,-0.114351,-0.2398962,0.03203113,0.003278198,-0.0247746,-0.05041504,0.03729248,0.9980164,0.03203113,0.003278198,-0.0247746,0.03203113,0.003278198,-0.0247746,-0.05041504,0.03729248,0.9980164,-0.05041504,0.03729248,0.9980164,4.499939,4.499939,True,True,True
1584581,63779589467597,-13.57844,2.586788,-0.1451279,-0.0689633,0.9615704,-0.114351,-0.2398962,0.0320201,0.003396759,-0.02528543,-0.02532959,0.01066589,0.9996185,0.03202028,0.003396759,-0.02528543,0.03202028,0.003396759,-0.02528543,-0.02532959,0.01066589,0.9996185,-0.02532959,0.01066589,0.9996185,4.400177,4.400177,True,True,True
1584590,63779589467609,-13.57723,2.586968,-0.1452428,-0.06792166,0.9630324,-0.1133727,-0.2347381,0.03194872,0.00359787,-0.02590128,-0.02064514,0.0006866455,0.9997864,0.0319619,0.003597946,-0.0259019,0.0319619,0.003597946,-0.0259019,-0.02064514,0.0007019043,0.9997864,-0.02064514,0.0007019043,0.9997864,4.403473,4.403473,True,True,True
1584598,63779589467620,-13.57601,2.587092,-0.1453919,-0.06684096,0.9644296,-0.1123381,-0.2297566,0.03157064,0.003645432,-0.02602536,-0.004760742,0.006271362,0.9999542,0.03190036,0.003643921,-0.02602995,0.03190036,0.003643921,-0.02602995,-0.004638672,0.006729126,0.9999542,-0.004638672,0.006729126,0.9999542,4.46106,4.46106,True,True,True
1584606,63779589467631,-13.57487,2.587211,-0.1454661,-0.06528183,0.9658766,-0.1114915,-0.2244779,0.02563878,0.003656449,-0.02583757,-0.01460266,0.02667236,0.999527,0.03183971,0.003654572,-0.02600965,0.03183971,0.003654572,-0.02600965,-0.01515198,0.03250122,0.9993439,-0.01515198,0.03250122,0.9993439,4.746796,4.746796,True,True,True
1584615,63779589467631,-13.57487,2.587211,-0.1454661,-0.06528183,0.9658766,-0.1114915,-0.2244779,-0.001,-0.001,-0.001,1,-1,-1,0.03177553,0.003030441,-0.02237467,0.03177553,0.003030441,-0.02237467,0,0,0,0,0,0,-1,-1,False,True,True
1584623,63779589467642,-13.57374,2.587335,-0.1455887,-0.0636626,0.9672699,-0.110705,-0.2192725,-0.001,-0.001,-0.001,1,-1,-1,0.03195982,0.003775925,-0.02575041,0.03195982,0.003775925,-0.02575041,0,0,0,0,0,0,-1,-1,False,True,True
1584631,63779589467653,-13.57269,2.587494,-0.1456993,-0.06180674,0.9686589,-0.1101585,-0.2138811,-0.001,-0.001,-0.001,1,-1,-1,0.03195415,0.003896652,-0.02452943,0.03195415,0.003896652,-0.02452943,0,0,0,0,0,0,-1,-1,False,True,True
1584640,63779589467664,-13.57163,2.587693,-0.1457921,-0.06005745,0.9699661,-0.109345,-0.2088126,-0.001,-0.001,-0.001,1,-1,-1,0.03213184,0.003377335,-0.02450853,0.03213184,0.003377335,-0.02450853,0,0,0,0,0,0,-1,-1,False,True,True
1584648,63779589467664,-13.57163,2.587693,-0.1457921,-0.06005745,0.9699661,-0.109345,-0.2088126,-0.001,-0.001,-0.001,1,-1,-1,0.03213184,0.003377335,-0.02450853,0.03213184,0.003377335,-0.02450853,0,0,0,0,0,0,-1,-1,False,False,False
1584656,63779589467675,-13.57067,2.587902,-0.1458889,-0.05811164,0.9712128,-0.1082634,-0.2040779,-0.001,-0.001,-0.001,1,-1,-1,0.03395155,0.002017609,-0.02468869,0.03395155,0.002017609,-0.02468869,0,0,0,0,0,0,-1,-1,False,True,True
1584665,63779589467686,-13.56968,2.588123,-0.1460015,-0.05633315,0.9723418,-0.107145,-0.1997451,-0.001,-0.001,-0.001,1,-1,-1,0.03395155,0.002017609,-0.02468869,0.03395155,0.002017609,-0.02468869,0,0,0,0,0,0,-1,-1,False,False,False
1584673,63779589467697,-13.56872,2.588256,-0.146079,-0.05449066,0.9733999,-0.1058927,-0.1957298,-0.001,-0.001,-0.001,1,-1,-1,0.03439174,0.002673645,-0.0246113,0.03439174,0.002673645,-0.0246113,0,0,0,0,0,0,-1,-1,False,True,True
1584681,63779589467697,-13.56872,2.588256,-0.146079,-0.05449066,0.9733999,-0.1058927,-0.1957298,-0.001,-0.001,-0.001,1,-1,-1,0.03403996,0.004564865,-0.02424127,0.03403996,0.004564865,-0.02424127,0,0,0,0,0,0,-1,-1,False,True,True
1584690,63779589467709,-13.56778,2.588388,-0.146133,-0.05274055,0.9744473,-0.1045169,-0.1916956,-0.001,-0.001,-0.001,1,-1,-1,0.03367462,0.00332312,-0.02466496,0.03367462,0.00332312,-0.02466496,0,0,0,0,0,0,-1,-1,False,True,True
1584698,63779589467720,-13.56691,2.588541,-0.1461699,-0.05118922,0.9754443,-0.1030465,-0.1878014,-0.001,-0.001,-0.001,1,-1,-1,0.03280265,0.002970139,-0.02491994,0.03280265,0.002970139,-0.02491994,0,0,0,0,0,0,-1,-1,False,True,True
1584706,63779589467731,-13.566,2.588676,-0.1461713,-0.0497081,0.976388,-0.1016124,-0.1840393,-0.001,-0.001,-0.001,1,-1,-1,0.03296001,0.003888748,-0.02448688,0.03296001,0.003888748,-0.02448688,0,0,0,0,0,0,-1,-1,False,True,True
1584715,63779589467731,-13.566,2.588676,-0.1461713,-0.0497081,0.976388,-0.1016124,-0.1840393,-0.001,-0.001,-0.001,1,-1,-1,0.03208241,0.003819748,-0.02473207,0.03208241,0.003819748,-0.02473207,0,0,0,0,0,0,-1,-1,False,True,True
1584723,63779589467741,-13.56517,2.588829,-0.1461419,-0.04861971,0.9772178,-0.1003567,-0.1805827,-0.001,-0.001,-0.001,1,-1,-1,0.03227675,0.003821961,-0.02458348,0.03227675,0.003821961,-0.02458348,0,0,0,0,0,0,-1,-1,False,True,True
1584731,63779589467753,-13.56441,2.589057,-0.1461082,-0.04774484,0.97796,-0.09896456,-0.1775411,-0.001,-0.001,-0.001,1,-1,-1,0.03195427,0.003778702,-0.02469612,0.03195427,0.003778702,-0.02469612,0,0,0,0,0,0,-1,-1,False,True,True
1584740,63779589467764,-13.5636,2.589216,-0.1460617,-0.04679784,0.9786698,-0.09746505,-0.1746881,-0.001,-0.001,-0.001,1,-1,-1,0.03215857,0.005284836,-0.02405675,0.03215857,0.005284836,-0.02405675,0,0,0,0,0,0,-1,-1,False,True,True
1584748,63779589467764,-13.5636,2.589216,-0.1460617,-0.04679784,0.9786698,-0.09746505,-0.1746881,-0.001,-0.001,-0.001,1,-1,-1,0.03220081,0.00375293,-0.02466429,0.03220081,0.00375293,-0.02466429,0,0,0,0,0,0,-1,-1,False,True,True
1584756,63779589467775,-13.56292,2.589406,-0.1459948,-0.04579797,0.9793477,-0.09602749,-0.1719282,-0.001,-0.001,-0.001,1,-1,-1,0.03215244,0.003746338,-0.02467784,0.03215244,0.003746338,-0.02467784,0,0,0,0,0,0,-1,-1,False,True,True
1584765,63779589467786,-13.5622,2.589519,-0.1459427,-0.04438354,0.980039,-0.09475072,-0.1690442,-0.001,-0.001,-0.001,1,-1,-1,0.03213559,0.003701462,-0.02468245,0.03213559,0.003701462,-0.02468245,0,0,0,0,0,0,-1,-1,False,True,True
1584773,63779589467797,-13.56157,2.589609,-0.1457796,-0.04284985,0.9806792,-0.0935844,-0.1663557,-0.001,-0.001,-0.001,1,-1,-1,0.03212373,0.003680329,-0.02470056,0.03212373,0.003680329,-0.02470056,0,0,0,0,0,0,-1,-1,False,True,True
1584781,63779589467808,-13.56108,2.589737,-0.1457172,-0.04127721,0.9813018,-0.09235467,-0.1637488,0.03207286,0.003655762,-0.02468575,-0.0771637,0.08244324,0.9935913,0.03207286,0.003655762,-0.02468575,0.03207286,0.003655762,-0.02468575,-0.0771637,0.08244324,0.9935913,-0.0771637,0.08244324,0.9935913,4.757767,4.757767,True,True,True
1584790,63779589467808,-13.56108,2.589737,-0.1457172,-0.04127721,0.9813018,-0.09235467,-0.1637488,0.03205435,0.003662888,-0.02471303,-0.08006287,0.126358,0.988739,0.03205438,0.003662888,-0.02471303,0.03205438,0.003662888,-0.02471303,-0.08006287,0.126358,0.988739,-0.08006287,0.126358,0.988739,4.938751,4.938751,True,True,True
1584798,63779589467819,-13.56061,2.589827,-0.1456558,-0.03992777,0.9819304,-0.09086312,-0.1611284,0.03221544,0.003467774,-0.02477902,-0.03686523,0.172348,0.9843292,0.03221546,0.003467774,-0.02477902,0.03221546,0.003467774,-0.02477902,-0.03686523,0.172348,0.9843292,-0.03686523,0.172348,0.9843292,4.997498,4.997498,True,True,True
1584806,63779589467831,-13.56008,2.590076,-0.1456076,-0.03866478,0.9825051,-0.08932858,-0.1587743,0.03198741,0.003628281,-0.02470808,-0.05369568,0.0796051,0.9953766,0.03198747,0.003628281,-0.02470808,0.03198747,0.003628281,-0.02470808,-0.05369568,0.0796051,0.9953766,-0.05369568,0.0796051,0.9953766,4.774979,4.774979,True,True,True
1584815,63779589467831,-13.56008,2.590076,-0.1456076,-0.03866478,0.9825051,-0.08932858,-0.1587743,0.03196672,0.003661225,-0.02490311,-0.04382324,0.0428009,0.9981079,0.03196677,0.003661225,-0.02490311,0.03196677,0.003661225,-0.02490311,-0.04382324,0.0428009,0.9981079,-0.04382324,0.0428009,0.9981079,4.473663,4.473663,True,True,True
1584823,63779589467842,-13.55963,2.590281,-0.1455906,-0.03791775,0.9830177,-0.08779297,-0.156623,0.03193808,0.003666291,-0.02501425,-0.0410614,0.04425049,0.9981689,0.03193845,0.003666291,-0.02501424,0.03193845,0.003666291,-0.02501424,-0.0410614,0.04425049,0.9981689,-0.0410614,0.04425049,0.9981689,4.470673,4.470673,True,True,True
1584831,63779589467853,-13.55915,2.590608,-0.1456208,-0.03707813,0.9835121,-0.08621945,-0.1545812,0.03189456,0.003664749,-0.02509169,-0.03613281,0.04708862,0.99823,0.03191042,0.003664643,-0.02509172,0.03191042,0.003664643,-0.02509172,-0.03613281,0.04710388,0.99823,-0.03613281,0.04710388,0.99823,4.581924,4.581924,True,True,True
1584840,63779589467864,-13.55866,2.590945,-0.1455709,-0.03634665,0.9839999,-0.08482204,-0.1524085,0.03187256,0.003670212,-0.02517902,-0.0506134,0.059021,0.9969635,0.03188722,0.003670136,-0.02517908,0.03188722,0.003670136,-0.02517908,-0.0506134,0.05903625,0.9969635,-0.0506134,0.05903625,0.9969635,4.461197,4.461197,True,True,True
1584848,63779589467864,-13.55866,2.590945,-0.1455709,-0.03634665,0.9839999,-0.08482204,-0.1524085,0.03183675,0.003654373,-0.0251254,-0.05181885,0.07998657,0.9954376,0.03185057,0.003654266,-0.02512535,0.03185057,0.003654266,-0.02512535,-0.05181885,0.08000183,0.9954376,-0.05181885,0.08000183,0.9954376,4.85257,4.85257,True,True,True
1584856,63779589467878,-13.55827,2.591405,-0.1454292,-0.0355523,0.9844499,-0.0837824,-0.1502493,-0.02619905,0.004157776,-0.02527872,-0.03393555,-0.07510376,0.996582,0.0317264,0.003265351,-0.02252939,0.0317264,0.003265351,-0.02252939,0,0,0,0,0,0,-1,-1,True,True,True
1584865,63779589467889,-13.5579,2.591886,-0.1453407,-0.03459446,0.9848885,-0.08289139,-0.1480772,-0.001,-0.001,-0.001,1,-1,-1,0.0318069,0.003906464,-0.0256909,0.0318069,0.003906464,-0.0256909,0,0,0,0,0,0,-1,-1,False,True,True
1584873,63779589467898,-13.55747,2.592425,-0.1451485,-0.03384725,0.9852871,-0.08215377,-0.1459949,-0.001,-0.001,-0.001,1,-1,-1,0.03243421,0.002942886,-0.02478563,0.03243421,0.002942886,-0.02478563,0,0,0,0,0,0,-1,-1,False,True,True
1584881,63779589467898,-13.55747,2.592425,-0.1451485,-0.03384725,0.9852871,-0.08215377,-0.1459949,-0.001,-0.001,-0.001,1,-1,-1,0.03363333,0.002490265,-0.02464844,0.03363333,0.002490265,-0.02464844,0,0,0,0,0,0,-1,-1,False,True,True
1584889,63779589467909,-13.55717,2.593065,-0.1449832,-0.03297805,0.9856983,-0.08143229,-0.1438058,-0.001,-0.001,-0.001,1,-1,-1,0.03210822,0.001029602,-0.01829651,0.03210822,0.001029602,-0.01829651,0,0,0,0,0,0,-1,-1,False,True,True
1584898,63779589467920,-13.55695,2.593676,-0.1448226,-0.03248335,0.9860385,-0.08083053,-0.1419128,-0.001,-0.001,-0.001,1,-1,-1,0.0323875,0.002654083,-0.02453621,0.0323875,0.002654083,-0.02453621,0,0,0,0,0,0,-1,-1,False,True,True
1584906,63779589467931,-13.55668,2.594329,-0.1446273,-0.03217166,0.9863396,-0.08015761,-0.140264,-0.001,-0.001,-0.001,1,-1,-1,0.03352426,0.001482193,-0.02483428,0.03352426,0.001482193,-0.02483428,0,0,0,0,0,0,-1,-1,False,True,True
1584914,63779589467931,-13.55668,2.594329,-0.1446273,-0.03217166,0.9863396,-0.08015761,-0.140264,-0.001,-0.001,-0.001,1,-1,-1,0.033353,0.001684113,-0.02419659,0.033353,0.001684113,-0.02419659,0,0,0,0,0,0,-1,-1,False,True,True
1584923,63779589467942,-13.55648,2.594835,-0.1443859,-0.03233319,0.9866155,-0.07931873,-0.1387549,-0.001,-0.001,-0.001,1,-1,-1,0.03324091,0.002677963,-0.02461603,0.03324091,0.002677963,-0.02461603,0,0,0,0,0,0,-1,-1,False,True,True
1584931,63779589467953,-13.55622,2.595375,-0.1440643,-0.03281519,0.9868777,-0.07824028,-0.1373827,-0.001,-0.001,-0.001,1,-1,-1,0.03358898,0.002730087,-0.02471085,0.03358898,0.002730087,-0.02471085,0,0,0,0,0,0,-1,-1,False,True,True
1584939,63779589467965,-13.55602,2.595906,-0.1437673,-0.03337841,0.987126,-0.07702338,-0.1361453,-0.001,-0.001,-0.001,1,-1,-1,0.03285135,0.003318482,-0.02459366,0.03285135,0.003318482,-0.02459366,0,0,0,0,0,0,-1,-1,False,True,True
1584948,63779589467965,-13.55602,2.595906,-0.1437673,-0.03337841,0.987126,-0.07702338,-0.1361453,-0.001,-0.001,-0.001,1,-1,-1,0.03304434,0.003721436,-0.02479697,0.03304434,0.003721436,-0.02479697,0,0,0,0,0,0,-1,-1,False,True,True
1584956,63779589467976,-13.55586,2.596327,-0.1434068,-0.03401313,0.9873767,-0.07535567,-0.1350991,-0.001,-0.001,-0.001,1,-1,-1,0.03315247,0.005645096,-0.0231075,0.03315247,0.005645096,-0.0231075,0,0,0,0,0,0,-1,-1,False,True,True
1584964,63779589467987,-13.55575,2.596613,-0.1430237,-0.03463214,0.9876314,-0.07349856,-0.1341,-0.001,-0.001,-0.001,1,-1,-1,0.03225024,0.003481308,-0.02028597,0.03225024,0.003481308,-0.02028597,0,0,0,0,0,0,-1,-1,False,True,True
1584973,63779589467998,-13.55565,2.596771,-0.1426767,-0.03513498,0.9878696,-0.0713477,-0.1333747,-0.001,-0.001,-0.001,1,-1,-1,0.03150287,0.003680115,-0.02432172,0.03150287,0.003680115,-0.02432172,0,0,0,0,0,0,-1,-1,False,True,True
1584981,63779589467998,-13.55565,2.596771,-0.1426767,-0.03513498,0.9878696,-0.0713477,-0.1333747,-0.001,-0.001,-0.001,1,-1,-1,0.03108656,0.002893356,-0.01805496,0.03108656,0.002893356,-0.01805496,0,0,0,0,0,0,-1,-1,False,True,True
1584989,63779589468009,-13.5556,2.596829,-0.1423454,-0.03537315,0.9881214,-0.06938402,-0.1324787,-0.001,-0.001,-0.001,1,-1,-1,0.03164951,0.003991806,-0.02579881,0.03164951,0.003991806,-0.02579881,0,0,0,0,0,0,-1,-1,False,True,True
1584998,63779589468021,-13.55554,2.596809,-0.1419762,-0.0355149,0.9883521,-0.06738162,-0.1317521,-0.001,-0.001,-0.001,1,-1,-1,0.03162392,0.003929764,-0.02560962,0.03162392,0.003929764,-0.02560962,0,0,0,0,0,0,-1,-1,False,True,True
1585006,63779589468031,-13.55544,2.596671,-0.141661,-0.03566701,0.988546,-0.06573667,-0.1310855,-0.001,-0.001,-0.001,1,-1,-1,0.03166808,0.00391063,-0.02599381,0.03166808,0.00391063,-0.02599381,0,0,0,0,0,0,-1,-1,False,True,True
1585014,63779589468042,-13.55536,2.596444,-0.1411347,-0.0357096,0.9887167,-0.06436845,-0.1304643,0.03164243,0.003724457,-0.02536266,0.01872253,0.02624512,0.9994659,0.03164253,0.003724457,-0.02536266,0.03164253,0.003724457,-0.02536266,0.01872253,0.02624512,0.9994659,0.01872253,0.02624512,0.9994659,4.668686,4.668686,True,True,True
1585023,63779589468042,-13.55536,2.596444,-0.1411347,-0.0357096,0.9887167,-0.06436845,-0.1304643,0.03159937,0.003569519,-0.02491512,0.004653931,0.0554657,0.9984436,0.03164195,0.003569199,-0.02491496,0.03164195,0.003569199,-0.02491496,0.004684448,0.05552673,0.9984436,0.004684448,0.05552673,0.9984436,4.963028,4.963028,True,True,True
1585031,63779589468053,-13.55529,2.596275,-0.140707,-0.03583387,0.9888296,-0.06338575,-0.1300554,-0.02648123,0.004323532,-0.02622942,-0.01161194,-0.0486908,0.9987335,0.03163642,0.003491715,-0.02471896,0.03163642,0.003491715,-0.02471896,0.01055908,0.0496521,0.998703,0.01055908,0.0496521,0.998703,4.808716,4.808716,True,True,True
1585039,63779589468065,-13.5551,2.596073,-0.1402919,-0.03585489,0.9889661,-0.06250738,-0.1294345,-0.02659653,0.004242722,-0.02600157,-0.007629395,-0.06268311,0.9980011,0.03161832,0.003442337,-0.02466429,0.03161832,0.003442337,-0.02466429,0.0390625,0.0236969,0.9989471,0.0390625,0.0236969,0.9989471,4.741592,4.741592,True,True,True
1585048,63779589468065,-13.5551,2.596073,-0.1402919,-0.03585489,0.9889661,-0.06250738,-0.1294345,-0.02660205,0.004187012,-0.02592311,-0.009216309,-0.06419373,0.9978943,0.0316158,0.003602432,-0.02540154,0.0316158,0.003602432,-0.02540154,0.02645874,0.02368164,0.9993591,0.02645874,0.02368164,0.9993591,4.612244,4.612244,True,True,True
1585056,63779589468076,-13.55501,2.595788,-0.139784,-0.0357597,0.9890644,-0.06216541,-0.1288736,-0.02660948,0.004160675,-0.02585756,-0.01071167,-0.07086182,0.9974213,0.03160634,0.003409531,-0.02468485,0.03160634,0.003409531,-0.02468485,0.0256958,0.02636719,0.9993134,0.0256958,0.02636719,0.9993134,4.664185,4.664185,True,True,True
1585064,63779589468087,-13.55492,2.595507,-0.1393552,-0.03534412,0.9891934,-0.06190086,-0.1281225,0.001297211,0.003720169,-0.02501068,0.0004272461,-0.0174408,0.9998474,0.03159706,0.003412369,-0.02471155,0.03159706,0.003412369,-0.02471155,0.03688049,0.03384399,0.9987335,0.03688049,0.03384399,0.9987335,4.77504,4.77504,True,True,True
1585073,63779589468098,-13.55489,2.59515,-0.1387663,-0.03487217,0.9893026,-0.06187657,-0.1274192,0.01572267,0.003541779,-0.0248284,0.01841736,-0.006225586,0.9998016,0.03159148,0.003391358,-0.02466905,0.03159148,0.003391358,-0.02466905,0.03030396,0.01379395,0.9994354,0.03030396,0.01379395,0.9994354,4.72995,4.72995,True,True,True
1585081,63779589468098,-13.55489,2.59515,-0.1387663,-0.03487217,0.9893026,-0.06187657,-0.1274192,0.02165364,0.003484116,-0.02475548,0.0243988,0.009017944,0.999649,0.03159923,0.003390869,-0.02466144,0.03159923,0.003390869,-0.02466144,0.03227234,0.02209473,0.9992218,0.03227234,0.02209473,0.9992218,4.772232,4.772232,True,True,True
1585089,63779589468109,-13.5548,2.594966,-0.1382441,-0.03447709,0.9894021,-0.06181493,-0.1267822,0.03141867,0.003385986,-0.02458733,0.05130005,-0.0280304,0.9982758,0.03159072,0.003384369,-0.02458559,0.03159072,0.003384369,-0.02458559,0.05149841,-0.02793884,0.9982758,0.05149841,-0.02793884,0.9982758,4.533081,4.533081,True,True,True
1585098,63779589468121,-13.55481,2.59485,-0.1377217,-0.03428252,0.9894897,-0.06189433,-0.1261108,0.03155829,0.003427124,-0.02488988,0.04878235,-0.01385498,0.998703,0.03159146,0.003426834,-0.02488973,0.03159146,0.003426834,-0.02488973,0.04881287,-0.01382446,0.998703,0.04881287,-0.01382446,0.998703,4.594467,4.594467,True,True,True
1585106,63779589468132,-13.5547,2.594892,-0.1371361,-0.03450603,0.9895414,-0.06206807,-0.1255575,0.03157677,0.003439758,-0.02489601,0.03924561,-0.01043701,0.9991608,0.03158199,0.003439728,-0.02489606,0.03158199,0.003439728,-0.02489606,0.03926086,-0.01042175,0.9991608,0.03926086,-0.01042175,0.9991608,4.565125,4.565125,True,True,True
1585114,63779589468132,-13.5547,2.594892,-0.1371361,-0.03450603,0.9895414,-0.06206807,-0.1255575,0.03150516,0.003408051,-0.0246579,0.0271759,-0.01548767,0.9994965,0.03152709,0.003407974,-0.02465799,0.03152709,0.003407974,-0.02465799,0.0271759,-0.01548767,0.9994965,0.0271759,-0.01548767,0.9994965,4.583374,4.583374,True,True,True
1585123,63779589468148,-13.55457,2.594928,-0.1365222,-0.03517426,0.9895803,-0.0621467,-0.1250256,0.03149731,0.003331406,-0.0243894,0.0302887,-0.01643372,0.9994049,0.03153143,0.003331223,-0.02438931,0.03153143,0.003331223,-0.02438931,0.03030396,-0.01643372,0.9994049,0.03030396,-0.01643372,0.9994049,4.551224,4.551224,True,True,True
1585131,63779589468153,-13.5544,2.594877,-0.1359052,-0.03633032,0.9895802,-0.0620513,-0.1247434,0.03151061,0.003314133,-0.02434909,0.03591919,-0.01524353,0.9992371,0.03151628,0.003314102,-0.02434908,0.03151628,0.003314102,-0.02434908,0.03591919,-0.01524353,0.9992371,0.03591919,-0.01524353,0.9992371,4.587921,4.587921,True,True,True
1585139,63779589468161,-13.55423,2.594843,-0.1352754,-0.03698351,0.9896244,-0.06190795,-0.1242707,0.03143973,0.00329802,-0.0243322,0.02989197,-0.01065063,0.9994812,0.03150995,0.003297592,-0.02433193,0.03150995,0.003297592,-0.02433193,0.02992249,-0.01065063,0.9994812,0.02992249,-0.01065063,0.9994812,4.563034,4.563034,True,True,True
1585148,63779589468172,-13.55402,2.594859,-0.1345932,-0.03782422,0.9896616,-0.06167848,-0.1238346,0.03116152,0.003278702,-0.02429169,0.03291321,-0.002838135,0.9994507,0.03150124,0.003276657,-0.02429035,0.03150124,0.003276657,-0.02429035,0.03305054,-0.002731323,0.9994354,0.03305054,-0.002731323,0.9994354,4.655182,4.655182,True,True,True
1585156,63779589468183,-13.5539,2.594941,-0.1339105,-0.0382184,0.9897434,-0.06113701,-0.1233278,0.02908975,0.003281098,-0.0243349,0.02471924,-0.01170349,0.9996185,0.03150941,0.003266342,-0.02432854,0.03150941,0.003266342,-0.02432854,0.02548218,-0.01135254,0.9996033,0.02548218,-0.01135254,0.9996033,4.5905,4.5905,True,True,True
1585164,63779589468183,-13.5539,2.594941,-0.1339105,-0.0382184,0.9897434,-0.06113701,-0.1233278,0.01215787,0.003370987,-0.02433411,0.02481079,-0.01200867,0.9996185,0.03149533,0.003246094,-0.02428038,0.03149533,0.003246094,-0.02428038,0.03379822,-0.006729126,0.9994049,0.03379822,-0.006729126,0.9994049,4.60408,4.60408,True,True,True
1585173,63779589468194,-13.55368,2.595014,-0.1333007,-0.03815637,0.9898725,-0.06019464,-0.1227726,-0.01950131,0.003577881,-0.02445975,0.01020813,-0.019104,0.9997559,0.03148015,0.003242584,-0.02430419,0.03148015,0.003242584,-0.02430419,0.02627563,-0.007080078,0.9996185,0.02627563,-0.007080078,0.9996185,4.550934,4.550934,True,True,True
1585181,63779589468205,-13.55353,2.595191,-0.1327202,-0.03796129,0.9900468,-0.05879703,-0.1221032,-0.0203083,0.003586228,-0.02449962,0.01119995,-0.01725769,0.9997864,0.03147862,0.003244049,-0.02432343,0.03147862,0.003244049,-0.02432343,0.02682495,-0.001968384,0.9996338,0.02682495,-0.001968384,0.9996338,4.551682,4.551682,True,True,True
1585189,63779589468216,-13.55336,2.595464,-0.132176,-0.03736985,0.9902352,-0.05720514,-0.1215125,0.001677857,0.003430954,-0.02438655,0.020401,-0.01234436,0.9997101,0.0314707,0.003213394,-0.02423062,0.0314707,0.003213394,-0.02423062,0.03208923,-0.003494263,0.9994659,0.03208923,-0.003494263,0.9994659,4.61734,4.61734,True,True,True
1585198,63779589468216,-13.55336,2.595464,-0.132176,-0.03736985,0.9902352,-0.05720514,-0.1215125,0.007839097,0.003367447,-0.02435523,0.008926392,-0.01612854,0.9998169,0.03145972,0.003182495,-0.02418825,0.03145972,0.003182495,-0.02418825,0.03268433,-0.007980347,0.9994202,0.03268433,-0.007980347,0.9994202,4.695251,4.695251,True,True,True
1585206,63779589468227,-13.5532,2.595719,-0.1316546,-0.03690159,0.9904093,-0.05557746,-0.1209916,0.01148273,0.00333284,-0.02434903,0.01759338,-0.01107788,0.9997711,0.03145456,0.003165649,-0.02415033,0.03145456,0.003165649,-0.02415033,0.03475952,-0.008132935,0.9993591,0.03475952,-0.008132935,0.9993591,4.661209,4.661209,True,True,True
1585214,63779589468239,-13.55299,2.595924,-0.1310524,-0.03663557,0.9905716,-0.05392945,-0.120488,0.01277571,0.003307404,-0.02431604,0.01849365,-0.01148987,0.9997559,0.03144942,0.003148789,-0.02411241,0.03144942,0.003148789,-0.02411241,0.03723145,-0.007873535,0.9992676,0.03723145,-0.007873535,0.9992676,4.69751,4.69751,True,True,True
1585223,63779589468249,-13.55277,2.596061,-0.1305087,-0.03638845,0.9907057,-0.05240676,-0.1201315,0.01753412,0.003257416,-0.02425128,0.02349854,-0.01040649,0.9996643,0.03144841,0.003140244,-0.02409589,0.03144841,0.003140244,-0.02409589,0.037323,-0.007171631,0.9992676,0.037323,-0.007171631,0.9992676,4.694565,4.694565,True,True,True
1585231,63779589468249,-13.55277,2.596061,-0.1305087,-0.03638845,0.9907057,-0.05240676,-0.1201315,0.01728673,0.003247116,-0.02423383,0.02378845,-0.01019287,0.9996643,0.03144742,0.003131699,-0.02407936,0.03144742,0.003131699,-0.02407936,0.03739929,-0.006362915,0.9992676,0.03739929,-0.006362915,0.9992676,4.691895,4.691895,True,True,True
1585239,63779589468260,-13.5526,2.596209,-0.1299558,-0.03624133,0.9908206,-0.05121256,-0.1197432,0.01649407,0.003239868,-0.02422673,0.0239563,-0.01568604,0.999588,0.03144293,0.003124802,-0.0240736,0.03144293,0.003124802,-0.0240736,0.03871155,-0.01176453,0.999176,0.03871155,-0.01176453,0.999176,4.693085,4.693085,True,True,True
1585248,63779589468272,-13.55231,2.596291,-0.1294075,-0.03590536,0.9908987,-0.05027296,-0.1195961,0.01070689,0.003273606,-0.02426793,0.01994324,-0.02017212,0.999588,0.03143843,0.003117905,-0.02406784,0.03143843,0.003117905,-0.02406784,0.04000854,-0.01721191,0.9990387,0.04000854,-0.01721191,0.9990387,4.691345,4.691345,True,True,True
1585256,63779589468283,-13.55213,2.596359,-0.1288602,-0.03564449,0.9909763,-0.0493361,-0.1194216,0.01048688,0.003261765,-0.02424465,0.02072144,-0.01963806,0.999588,0.03143695,0.003106873,-0.02405081,0.03143695,0.003106873,-0.02405081,0.04025269,-0.01712036,0.9990387,0.04025269,-0.01712036,0.9990387,4.693497,4.693497,True,True,True
1585264,63779589468283,-13.55213,2.596359,-0.1288602,-0.03564449,0.9909763,-0.0493361,-0.1194216,0.01435056,0.00322258,-0.02419234,0.02510071,-0.020401,0.9994659,0.03143547,0.003095841,-0.0240338,0.03143547,0.003095841,-0.0240338,0.04049683,-0.01707458,0.9990234,0.04049683,-0.01707458,0.9990234,4.692856,4.692856,True,True,True
1585273,63779589468294,-13.55197,2.596401,-0.1282941,-0.03504843,0.9910654,-0.04810081,-0.1193615,0.01616429,0.003196549,-0.02416942,0.02708435,-0.01879883,0.9994507,0.03143344,0.003082214,-0.02403104,0.03143344,0.003082214,-0.02403104,0.04025269,-0.01391602,0.9990845,0.04025269,-0.01391602,0.9990845,4.692276,4.692276,True,True,True
1585281,63779589468305,-13.55183,2.596438,-0.1277935,-0.03456074,0.991141,-0.04691529,-0.1193481,0.01938048,0.003159271,-0.02413326,0.02954102,-0.01504517,0.9994354,0.03143141,0.003068588,-0.02402828,0.03143141,0.003068588,-0.02402828,0.04000854,-0.01075745,0.9991302,0.04000854,-0.01075745,0.9991302,4.691498,4.691498,True,True,True
1585289,63779589468316,-13.5517,2.59643,-0.127266,-0.03386849,0.9912226,-0.0455283,-0.1194062,0.01971774,0.003145569,-0.02412433,0.02928162,-0.01434326,0.9994659,0.03142819,0.003057526,-0.02402011,0.03142819,0.003057526,-0.02402011,0.03938293,-0.01066589,0.9991608,0.03938293,-0.01066589,0.9991608,4.690155,4.690155,True,True,True
1585298,63779589468316,-13.5517,2.59643,-0.127266,-0.03386849,0.9912226,-0.0455283,-0.1194062,0.01821567,0.003146576,-0.02413367,0.02722168,-0.01449585,0.9995117,0.03142497,0.003046478,-0.02401193,0.03142497,0.003046478,-0.02401193,0.03875732,-0.01049805,0.9991913,0.03875732,-0.01049805,0.9991913,4.689301,4.689301,True,True,True
1585306,63779589468327,-13.55156,2.59636,-0.12681,-0.03327043,0.9913112,-0.04413994,-0.11936,0.01489142,0.003161469,-0.02415489,0.0242157,-0.01428223,0.9996033,0.03142215,0.003035111,-0.02400289,0.03142215,0.003035111,-0.02400289,0.03884888,-0.008651733,0.9992065,0.03884888,-0.008651733,0.9992065,4.675598,4.675598,True,True,True
1585314,63779589468338,-13.55139,2.59635,-0.1263713,-0.03260905,0.9913771,-0.042821,-0.1194754,0.01177513,0.003177094,-0.02418095,0.02145386,-0.01452637,0.999649,0.03141933,0.003023743,-0.02399384,0.03141933,0.003023743,-0.02399384,0.03894043,-0.006774902,0.9992065,0.03894043,-0.006774902,0.9992065,4.662125,4.662125,True,True,True
1585323,63779589468349,-13.55119,2.596347,-0.1259546,-0.03205037,0.9914529,-0.0412331,-0.1195567,0.009155884,0.003184906,-0.02420091,0.01889038,-0.02171326,0.9995728,0.03141293,0.003004532,-0.02397954,0.03141293,0.003004532,-0.02397954,0.03907776,-0.01593018,0.9990997,0.03907776,-0.01593018,0.9990997,4.658005,4.658005,True,True,True
1585331,63779589468349,-13.55119,2.596347,-0.1259546,-0.03205037,0.9914529,-0.0412331,-0.1195567,0.007767288,0.003192475,-0.02421584,0.01873779,-0.02304077,0.9995575,0.03141205,0.002998398,-0.02397954,0.03141205,0.002998398,-0.02397954,0.04037476,-0.01647949,0.9990387,0.04037476,-0.01647949,0.9990387,4.657837,4.657837,True,True,True
1585339,63779589468361,-13.55101,2.596369,-0.1255634,-0.0314559,0.9915154,-0.03973012,-0.1197047,0.007475205,0.003178909,-0.02421985,0.01905823,-0.02078247,0.999588,0.03141042,0.00297139,-0.02397954,0.03141042,0.00297139,-0.02397954,0.04100037,-0.01147461,0.9990845,0.04100037,-0.01147461,0.9990845,4.660019,4.660019,True,True,True
1585348,63779589468372,-13.55083,2.596401,-0.1252624,-0.03068138,0.9915872,-0.03807305,-0.1198495,0.007656998,0.003175461,-0.02422319,0.02009583,-0.02148438,0.9995575,0.03140891,0.002968323,-0.02397954,0.03140891,0.002968323,-0.02397954,0.04237366,-0.01324463,0.9990082,0.04237366,-0.01324463,0.9990082,4.659164,4.659164,True,True,True
1585356,63779589468383,-13.55062,2.596367,-0.124972,-0.03001172,0.9916739,-0.03649405,-0.119793,0.009263963,0.003157715,-0.02421152,0.02253723,-0.02104187,0.9995117,0.03140599,0.002962403,-0.02397954,0.03140599,0.002962403,-0.02397954,0.04380798,-0.01390076,0.9989319,0.04380798,-0.01390076,0.9989319,4.658829,4.658829,True,True,True
1585364,63779589468383,-13.55062,2.596367,-0.124972,-0.03001172,0.9916739,-0.03649405,-0.119793,0.009158447,0.003139114,-0.02421259,0.02258301,-0.02011108,0.9995422,0.0314025,0.002947266,-0.02397954,0.0314025,0.002947266,-0.02397954,0.04290771,-0.01046753,0.9990234,0.04290771,-0.01046753,0.9990234,4.660339,4.660339,True,True,True
1585373,63779589468394,-13.55039,2.596388,-0.1246608,-0.02921985,0.9917616,-0.03495977,-0.1197207,0.009332108,0.003128433,-0.02420104,0.01953125,-0.02349854,0.999527,0.03138385,0.002936844,-0.02397954,0.03138385,0.002936844,-0.02397954,0.03794861,-0.01556396,0.9991455,0.03794861,-0.01556396,0.9991455,4.657028,4.657028,True,True,True
1585381,63779589468405,-13.55013,2.596391,-0.1243979,-0.0284957,0.9918506,-0.03360872,-0.1195442,0.01287207,0.003042008,-0.02412717,0.02198792,-0.02845764,0.9993439,0.03138089,0.002915756,-0.02399384,0.03138089,0.002915756,-0.02399384,0.03765869,-0.01646423,0.9991455,0.03765869,-0.01646423,0.9991455,4.655899,4.655899,True,True,True
1585389,63779589468416,-13.54984,2.596471,-0.1241136,-0.02760277,0.9919527,-0.03243743,-0.1192305,0.01873346,0.002944275,-0.02404497,0.02378845,-0.04135132,0.9988556,0.03143845,0.00284259,-0.02395282,0.03143845,0.00284259,-0.02395282,0.03471375,-0.03596497,0.9987488,0.03471375,-0.03596497,0.9987488,4.712067,4.712067,True,True,True
1585398,63779589468416,-13.54984,2.596471,-0.1241136,-0.02760277,0.9919527,-0.03243743,-0.1192305,0.01638496,0.003080261,-0.02426224,0.01086426,-0.02494812,0.9996185,0.03159137,0.002962525,-0.02419183,0.03159137,0.002962525,-0.02419183,0.01176453,-0.01927185,0.9997406,0.01176453,-0.01927185,0.9997406,4.742966,4.742966,True,True,True
1585406,63779589468427,-13.5495,2.596572,-0.1238187,-0.02688374,0.9920717,-0.03125261,-0.1187193,0.000332901,0.003351196,-0.02434519,-0.01106262,-0.001174927,0.9999237,0.03171108,0.003192047,-0.02455531,0.03171108,0.003192047,-0.02455531,-0.009658813,0.008102417,0.9999084,-0.009658813,0.008102417,0.9999084,4.748108,4.748108,True,True,True
1585414,63779589468438,-13.54907,2.596735,-0.123619,-0.02618291,0.9922043,-0.02983894,-0.1181301,-0.01746642,0.003615952,-0.02439049,-0.009613037,0.01124573,0.9998779,0.03175186,0.003272354,-0.02447122,0.03175186,0.003272354,-0.02447122,-0.01457214,0.02339172,0.9996185,-0.01457214,0.02339172,0.9996185,4.754532,4.754532,True,True,True
1585423,63779589468449,-13.54872,2.596965,-0.1233888,-0.02559786,0.9923537,-0.02822941,-0.1173966,-0.01831322,0.003704743,-0.02443628,-0.01275635,0.0171814,0.9997559,0.03172554,0.003231995,-0.02416075,0.03172554,0.003231995,-0.02416075,-0.04454041,0.05010986,0.9977417,-0.04454041,0.05010986,0.9977417,4.718674,4.718674,True,True,True
1585431,63779589468449,-13.54872,2.596965,-0.1233888,-0.02559786,0.9923537,-0.02822941,-0.1173966,-0.02132333,0.003800095,-0.02447609,-0.02261353,0.02679443,0.9993744,0.03176761,0.003336533,-0.02437177,0.03176761,0.003336533,-0.02437177,-0.03895569,0.05963135,0.9974518,-0.03895569,0.05963135,0.9974518,4.714188,4.714188,True,True,True
1585439,63779589468461,-13.54828,2.597205,-0.1232206,-0.02474675,0.9925441,-0.02623331,-0.1164291,-0.02544635,0.003800476,-0.02440302,-0.01795959,0.02908325,0.9994049,0.03178023,0.003014175,-0.02341626,0.03178023,0.003014175,-0.02341626,-0.03466797,0.08209229,0.9960175,-0.03466797,0.08209229,0.9960175,4.688904,4.688904,True,True,True
1585448,63779589468472,-13.54791,2.597515,-0.1230643,-0.02387467,0.9927644,-0.02370723,-0.1152691,-0.02608392,0.003754334,-0.0243393,-0.01539612,0.01948547,0.9996796,0.03174567,0.002943222,-0.02324556,0.03174567,0.002943222,-0.02324556,-0.0362854,0.07952881,0.99617,-0.0362854,0.07952881,0.99617,4.702393,4.702393,True,True,True
1585456,63779589468472,-13.54755,2.597797,-0.1228607,-0.02303886,0.9929935,-0.02103344,-0.1139766,-0.02615192,0.00373497,-0.02437538,-0.01766968,0.01795959,0.9996796,0.0317334,0.002894074,-0.02316736,0.0317334,0.002894074,-0.02316736,-0.04075623,0.07261658,0.996521,-0.04075623,0.07261658,0.996521,4.752975,4.752975,True,True,True
1585464,63779589468483,-13.54755,2.597797,-0.1228607,-0.02303886,0.9929935,-0.02103344,-0.1139766,-0.02617609,0.003711136,-0.02436476,-0.0124054,0.01219177,0.9998474,0.03172229,0.002873184,-0.02316893,0.03172229,0.002873184,-0.02316893,-0.02763367,0.05635071,0.9980164,-0.02763367,0.05635071,0.9980164,4.818771,4.818771,True,True,True
1585473,63779589468494,-13.54719,2.598085,-0.122681,-0.02205936,0.9932331,-0.01847808,-0.1125166,-0.02620482,0.003677017,-0.02432633,-0.02429199,0.00289917,0.9996948,0.03171526,0.002865936,-0.02322034,0.03171526,0.002865936,-0.02322034,-0.0345459,0.06214905,0.997467,-0.0345459,0.06214905,0.997467,4.72612,4.72612,True,True,True
1585481,63779589468505,-13.5468,2.598402,-0.1224555,-0.02124915,0.993467,-0.0161325,-0.1109577,-0.02623111,0.003621689,-0.02420926,-0.02069092,0.01141357,0.9997101,0.03170894,0.002880005,-0.02334485,0.03170894,0.002880005,-0.02334485,-0.026474,0.05645752,0.9980469,-0.026474,0.05645752,0.9980469,4.702042,4.702042,True,True,True
1585489,63779589468505,-13.5468,2.598402,-0.1224555,-0.02124915,0.993467,-0.0161325,-0.1109577,-0.02626158,0.00353186,-0.02400069,-0.01530457,0.00328064,0.9998627,0.03176402,0.003275696,-0.02457279,0.03176402,0.003275696,-0.02457279,0.002197266,0.02078247,0.9997711,0.002197266,0.02078247,0.9997711,4.712479,4.712479,True,True,True
1585498,63779589468516,-13.54639,2.598742,-0.1222856,-0.02044597,0.9937326,-0.01337618,-0.1090805,-0.02628612,0.003495407,-0.02397199,-0.01771545,0.002151489,0.9998322,0.03175243,0.003236084,-0.02450447,0.03175243,0.003236084,-0.02450447,0.005386353,0.01808167,0.9998169,0.005386353,0.01808167,0.9998169,4.747635,4.747635,True,True,True
1585506,63779589468528,-13.54603,2.599225,-0.122152,-0.01980622,0.9939871,-0.009418698,-0.1072788,-0.02631151,0.003462509,-0.02394803,-0.0222168,-0.002151489,0.9997406,0.03173294,0.003189011,-0.0244093,0.03173294,0.003189011,-0.0244093,0.01062012,0.01622009,0.9998016,0.01062012,0.01622009,0.9998016,4.745819,4.745819,True,True,True
1585514,63779589468539,-13.54567,2.599815,-0.122066,-0.01924684,0.9942048,-0.004412336,-0.1056734,-0.02634093,0.003433701,-0.02395084,-0.01617432,0.0003051758,0.9998627,0.03170998,0.003138901,-0.02431467,0.03170998,0.003138901,-0.02431467,0.005859375,0.01139832,0.9999084,0.005859375,0.01139832,0.9999084,4.712173,4.712173,True,True,True
1585523,63779589468539,-13.54567,2.599815,-0.122066,-0.01924684,0.9942048,-0.004412336,-0.1056734,-0.02638083,0.003423172,-0.0240421,-0.01733398,-0.00718689,0.9998169,0.03168607,0.003106735,-0.02430556,0.03168607,0.003106735,-0.02430556,0.00920105,0.01519775,0.9998322,0.00920105,0.01519775,0.9998322,4.687912,4.687912,True,True,True
1585531,63779589468550,-13.54543,2.600559,-0.1220137,-0.0183899,0.9944185,0.002663621,-0.1038582,-0.02641022,0.003405945,-0.0240132,-0.01554871,-0.02388,0.999588,0.03166803,0.003087204,-0.02429933,0.03166803,0.003087204,-0.02429933,0.01934814,-0.001373291,0.9998016,0.01934814,-0.001373291,0.9998016,4.749207,4.749207,True,True,True
1585539,63779589468562,-13.54516,2.601377,-0.1219253,-0.01778069,0.9945726,0.01056447,-0.101969,-0.02640749,0.00353154,-0.02421065,-0.008468628,-0.020401,0.9997559,0.03166419,0.003191818,-0.02428884,0.03166419,0.003191818,-0.02428884,0.01075745,0.00112915,0.999939,0.01075745,0.00112915,0.999939,4.715469,4.715469,True,True,True
1585548,63779589468573,-13.54486,2.60227,-0.1217775,-0.01697644,0.9946541,0.01828907,-0.1002034,-0.02632018,0.003685806,-0.02430287,-0.0189209,0.008728027,0.9997711,0.03164197,0.003304291,-0.02437006,0.03164197,0.003304291,-0.02437006,0.01173401,0.04450989,0.9989319,0.01173401,0.04450989,0.9989319,4.795258,4.795258,True,True,True
1585556,63779589468573,-13.54486,2.60227,-0.1217775,-0.01697644,0.9946541,0.01828907,-0.1002034,-0.02630762,0.003811691,-0.02463529,-0.01124573,0.009277344,0.9998932,0.03153256,0.002957535,-0.02309859,0.03153256,0.002957535,-0.02309859,0.00894165,0.08003235,0.9967499,0.00894165,0.08003235,0.9967499,4.768936,4.768936,True,True,True
1585564,63779589468584,-13.54459,2.603338,-0.1216384,-0.01648059,0.9946663,0.02654891,-0.09829818,-0.02628323,0.003831971,-0.02456389,0.0003204346,0.01377869,0.9998932,0.03150402,0.00299292,-0.02311733,0.03150402,0.00299292,-0.02311733,0.01509094,0.07463074,0.9970856,0.01509094,0.07463074,0.9970856,4.818726,4.818726,True,True,True
1585573,63779589468596,-13.54429,2.604399,-0.121417,-0.01588391,0.9946094,0.03444387,-0.09650648,-0.02645502,0.003834641,-0.02461717,0.001831055,0.01806641,0.9998322,0.03151233,0.002942444,-0.02304088,0.03151233,0.002942444,-0.02304088,0.00604248,0.08003235,0.9967651,0.00604248,0.08003235,0.9967651,4.776062,4.776062,True,True,True
1585581,63779589468607,-13.54385,2.605289,-0.1211065,-0.01523897,0.994519,0.04165639,-0.09468087,-0.0264966,0.003708557,-0.02435806,0.005004883,-0.003677368,0.9999695,0.0315052,0.002869019,-0.0230911,0.0315052,0.002869019,-0.0230911,0.01112366,0.07348633,0.9972229,0.01112366,0.07348633,0.9972229,4.529541,4.529541,True,True,True
1585589,63779589468607,-13.54385,2.605289,-0.1211065,-0.01523897,0.994519,0.04165639,-0.09468087,-0.02652831,0.00360286,-0.02442116,-0.002929688,-0.003479004,0.9999847,0.03151795,0.003076202,-0.02395155,0.03151795,0.003076202,-0.02395155,0.02279663,0.03170776,0.9992218,0.02279663,0.03170776,0.9992218,4.655899,4.655899,True,True,True
1585598,63779589468618,-13.54354,2.605958,-0.1207201,-0.01501727,0.9944223,0.04783696,-0.09279219,-0.02647862,0.003080567,-0.02298189,-0.005508423,0.01370239,0.9998779,0.03149933,0.002989945,-0.02401076,0.03149933,0.002989945,-0.02401076,0.02142334,0.02810669,0.9993744,0.02142334,0.02810669,0.9993744,4.707291,4.707291,True,True,True
1585606,63779589468629,-13.54319,2.606384,-0.1201479,-0.01487145,0.9943624,0.05264855,-0.09083205,-0.02638674,0.003384949,-0.02418256,0.002990723,-0.02287292,0.9997253,0.03148071,0.002859451,-0.02381549,0.03148071,0.002859451,-0.02381549,0.03872681,0.01638794,0.999115,0.03872681,0.01638794,0.999115,4.716614,4.716614,True,True,True
1585614,63779589468641,-13.54279,2.606721,-0.1196885,-0.01478072,0.9943182,0.05661051,-0.0889275,-0.02635115,0.003304169,-0.02416533,0.01132202,-0.01361084,0.9998322,0.03146794,0.002840012,-0.02396552,0.03146794,0.002840012,-0.02396552,0.0410614,0.01470947,0.9990387,0.0410614,0.01470947,0.9990387,4.653595,4.653595,True,True,True
1585623,63779589468641,-13.54279,2.606721,-0.1196885,-0.01478072,0.9943182,0.05661051,-0.0889275,-0.02586572,0.003275284,-0.02425406,0.009506226,-0.03569031,0.9993134,0.03144284,0.002745178,-0.02381705,0.03144284,0.002745178,-0.02381705,0.03346252,0.005828857,0.9994202,0.03346252,0.005828857,0.9994202,4.575195,4.575195,True,True,True
1585631,63779589468652,-13.54239,2.607006,-0.1190923,-0.01467085,0.9943494,0.05931931,-0.08680537,-0.02294701,0.003195496,-0.02416519,0.006408691,-0.04475403,0.9989624,0.03142764,0.002683655,-0.0237701,0.03142764,0.002683655,-0.0237701,0.03735352,-0.009002686,0.9992523,0.03735352,-0.009002686,0.9992523,4.638718,4.638718,True,True,True
1585639,63779589468664,-13.54204,2.607172,-0.1184886,-0.01454565,0.9944219,0.06134577,-0.08455904,-0.02053522,0.003131546,-0.02416322,0.01422119,-0.04585266,0.9988403,0.03139678,0.002691742,-0.02379906,0.03139678,0.002691742,-0.02379906,0.03308105,-0.02320862,0.999176,0.03308105,-0.02320862,0.999176,4.631943,4.631943,True,True,True
1585648,63779589468664,-13.54204,2.607172,-0.1184886,-0.01454565,0.9944219,0.06134577,-0.08455904,-0.002383926,0.002943253,-0.02404488,0.0243988,-0.04212952,0.9988098,0.03138414,0.00268898,-0.02389873,0.03138414,0.00268898,-0.02389873,0.03811646,-0.03822327,0.9985352,0.03811646,-0.03822327,0.9985352,4.621521,4.621521,True,True,True
1585656,63779589468675,-13.54173,2.607346,-0.1180044,-0.0141758,0.9944916,0.06336182,-0.08228494,0.0286568,0.00266359,-0.02384886,0.04249573,-0.03646851,0.9984283,0.03136835,0.002641266,-0.02383153,0.03136835,0.002641266,-0.02383153,0.04389954,-0.03585815,0.9983826,0.04389954,-0.03585815,0.9983826,4.59845,4.59845,True,True,True
1585664,63779589468686,-13.54138,2.6074,-0.1174592,-0.01371025,0.9946066,0.06456246,-0.08000875,0.03084476,0.002562287,-0.02364737,0.04670715,-0.04492188,0.9978943,0.03135477,0.002557556,-0.02364243,0.03135477,0.002557556,-0.02364243,0.04699707,-0.04476929,0.997879,0.04699707,-0.04476929,0.997879,4.588333,4.588333,True,True,True
1585673,63779589468698,-13.54103,2.607332,-0.1169619,-0.01318508,0.9947541,0.06514603,-0.07776001,0.03081778,0.002555435,-0.02365814,0.04612732,-0.04481506,0.9979248,0.03134592,0.002550369,-0.02365166,0.03134592,0.002550369,-0.02365166,0.04637146,-0.04467773,0.9979095,0.04637146,-0.04467773,0.9979095,4.622559,4.622559,True,True,True
1585681,63779589468698,-13.54103,2.607332,-0.1169619,-0.01318508,0.9947541,0.06514603,-0.07776001,0.002064362,0.002813141,-0.02403122,0.03463745,-0.05447388,0.9979095,0.03135477,0.002543183,-0.02366089,0.03135477,0.002543183,-0.02366089,0.05020142,-0.04495239,0.9977112,0.05020142,-0.04495239,0.9977112,4.611542,4.611542,True,True,True
1585689,63779589468709,-13.54071,2.607316,-0.1165389,-0.01291593,0.994903,0.06560355,-0.07548124,0.005212555,0.002776581,-0.02400168,0.03747559,-0.06268311,0.9973145,0.03134592,0.002542511,-0.02365166,0.03134592,0.002542511,-0.02365166,0.05528259,-0.05607605,0.9968872,0.05528259,-0.05607605,0.9968872,4.599564,4.599564,True,True,True
1585698,63779589468719,-13.54042,2.607141,-0.1161237,-0.01262773,0.9950461,0.06599844,-0.07326666,0.01379886,0.002696198,-0.02388657,0.04975891,-0.0687561,0.9963837,0.03133708,0.002541824,-0.02364243,0.03133708,0.002541824,-0.02364243,0.06036377,-0.06719971,0.9959106,0.06036377,-0.06719971,0.9959106,4.588058,4.588058,True,True,True
1585706,63779589468730,-13.54009,2.606974,-0.1157534,-0.01234049,0.9951981,0.06617714,-0.07105715,0.01839253,0.002623612,-0.02377815,0.04814148,-0.06414795,0.9967651,0.03131752,0.002504547,-0.02357784,0.03131752,0.002504547,-0.02357784,0.05987549,-0.06190491,0.9962769,0.05987549,-0.06190491,0.9962769,4.59938,4.59938,True,True,True
1585714,63779589468730,-13.54009,2.606974,-0.1157534,-0.01234049,0.9951981,0.06617714,-0.07105715,0.01815935,0.002614258,-0.02381995,0.0480957,-0.06045532,0.9970093,0.03129796,0.002500946,-0.02364243,0.03129796,0.002500946,-0.02364243,0.05938721,-0.05705261,0.9965973,0.05938721,-0.05705261,0.9965973,4.591629,4.591629,True,True,True
1585723,63779589468742,-13.53984,2.606747,-0.1154501,-0.01228624,0.9953923,0.06553595,-0.06890762,0.02762506,0.002501556,-0.02368848,0.05473328,-0.05934143,0.9967346,0.03115457,0.002479126,-0.02367449,0.03115457,0.002479126,-0.02367449,0.0567627,-0.05821228,0.9966736,0.0567627,-0.05821228,0.9966736,4.624146,4.624146,True,True,True
1585731,63779589468753,-13.53954,2.606546,-0.1151983,-0.01219678,0.995553,0.0651697,-0.06692009,0.02510507,0.002619919,-0.0240163,0.04272461,-0.05485535,0.9975739,0.03118288,0.002572784,-0.02396193,0.03118288,0.002572784,-0.02396193,0.04562378,-0.05195618,0.9976044,0.04562378,-0.05195618,0.9976044,4.476044,4.476044,True,True,True
1585739,63779589468764,-13.53933,2.606375,-0.1150485,-0.01199935,0.9957073,0.06466105,-0.06513038,0.02588791,0.002596481,-0.02379097,0.04838562,-0.05250549,0.9974365,0.03144763,0.002551636,-0.02374074,0.03144763,0.002551636,-0.02374074,0.05204773,-0.05059814,0.9973602,0.05204773,-0.05059814,0.9973602,4.591629,4.591629,True,True,True
1585748,63779589468764,-13.53933,2.606375,-0.1150485,-0.01199935,0.9957073,0.06466105,-0.06513038,0.02484377,0.002593353,-0.02368921,0.02760315,-0.03163147,0.999115,0.03155849,0.00253302,-0.02361608,0.03155849,0.00253302,-0.02361608,0.03045654,-0.02758789,0.9991455,0.03045654,-0.02758789,0.9991455,4.619781,4.619781,True,True,True
1585756,63779589468775,-13.53913,2.60622,-0.1149487,-0.01170058,0.9958566,0.06400231,-0.06353322,0.006751603,0.002878296,-0.02422637,0.01196289,-0.0447998,0.9989166,0.03163333,0.002740952,-0.02428591,0.03163333,0.002740952,-0.02428591,0.01954651,-0.02961731,0.9993591,0.01954651,-0.02961731,0.9993591,4.636063,4.636063,True,True,True
1585764,63779589468786,-13.53908,2.606113,-0.1149992,-0.01135348,0.995984,0.06370495,-0.06187558,-0.01639775,0.002987976,-0.02410902,-0.003341675,-0.05743408,0.9983368,0.03164188,0.002763275,-0.02433266,0.03164188,0.002763275,-0.02433266,0.014328,-0.03695679,0.9992065,0.014328,-0.03695679,0.9992065,4.598236,4.598236,True,True,True
1585773,63779589468798,-13.53897,2.606108,-0.1151685,-0.01116948,0.9960809,0.0636364,-0.06040224,-0.0230333,0.003019943,-0.02412821,-0.002441406,-0.05628967,0.9983978,0.03161499,0.002727631,-0.02421506,0.03161499,0.002727631,-0.02421506,0.01745605,-0.02871704,0.9994202,0.01745605,-0.02871704,0.9994202,4.667709,4.667709,True,True,True
1585781,63779589468798,-13.53897,2.606108,-0.1151685,-0.01116948,0.9960809,0.0636364,-0.06040224,-0.02448432,0.003062424,-0.024317,-0.002944946,-0.05833435,0.998291,0.03158968,0.002709412,-0.02414555,0.03158968,0.002709412,-0.02414555,0.02157593,-0.03656006,0.9990845,0.02157593,-0.03656006,0.9990845,4.566269,4.566269,True,True,True
1585789,63779589468809,-13.53883,2.605948,-0.1152691,-0.0111317,0.9961994,0.06325908,-0.05883151,-0.02277472,0.00301857,-0.02424693,-0.0003967285,-0.07267761,0.997345,0.03154292,0.002662033,-0.02394718,0.03154292,0.002662033,-0.02394718,0.0163269,-0.03704834,0.999176,0.0163269,-0.03704834,0.999176,4.556519,4.556519,True,True,True
1585798,63779589468820,-13.53876,2.605767,-0.1154702,-0.0110774,0.9963143,0.0625943,-0.05759414,-0.02185852,0.002996445,-0.02421279,0.005187988,-0.05854797,0.9982605,0.03153328,0.002651138,-0.02390441,0.03153328,0.002651138,-0.02390441,0.01980591,-0.03614807,0.9991455,0.01980591,-0.03614807,0.9991455,4.578583,4.578583,True,True,True
1585806,63779589468831,-13.5387,2.605474,-0.1155953,-0.01133287,0.9964399,0.06173819,-0.05627993,-0.02399896,0.003014832,-0.02423862,0.0005187988,-0.06742859,0.9977112,0.03152364,0.002640259,-0.02386163,0.03152364,0.002640259,-0.02386163,0.02313232,-0.03536987,0.9990997,0.02313232,-0.03536987,0.9990997,4.570679,4.570679,True,True,True
1585814,63779589468831,-13.5387,2.605474,-0.1155953,-0.01133287,0.9964399,0.06173819,-0.05627993,-0.0251628,0.00301088,-0.0241852,-0.001083374,-0.06698608,0.9977417,0.03151378,0.00264505,-0.02386182,0.03151378,0.00264505,-0.02386182,0.02249146,-0.03697205,0.999054,0.02249146,-0.03697205,0.999054,4.564545,4.564545,True,True,True
1585823,63779589468842,-13.53867,2.605138,-0.1157163,-0.01169202,0.996567,0.06057278,-0.05521413,-0.02486562,0.003017441,-0.024196,0.002151489,-0.06173706,0.9980774,0.03150394,0.002649826,-0.023862,0.03150394,0.002649826,-0.023862,0.02185059,-0.03788757,0.9990387,0.02185059,-0.03788757,0.9990387,4.558502,4.558502,True,True,True
1585831,63779589468853,-13.53862,2.604861,-0.1158509,-0.01205548,0.9967016,0.05936714,-0.05400193,-0.0236409,0.003017884,-0.02417891,0.00491333,-0.06150818,0.9980927,0.03149964,0.002655167,-0.02386411,0.03149964,0.002655167,-0.02386411,0.02258301,-0.03884888,0.9989777,0.02258301,-0.03884888,0.9989777,4.563599,4.563599,True,True,True
1585839,63779589468864,-13.53857,2.604498,-0.1160637,-0.01264504,0.9968305,0.05794612,-0.05302197,-0.02090369,0.003000885,-0.024174,0.005111694,-0.05804443,0.998291,0.03149533,0.002660492,-0.0238662,0.03149533,0.002660492,-0.0238662,0.02330017,-0.03971863,0.9989319,0.02330017,-0.03971863,0.9989319,4.56868,4.56868,True,True,True
1585848,63779589468864,-13.53857,2.604498,-0.1160637,-0.01264504,0.9968305,0.05794612,-0.05302197,-0.01068626,0.002957565,-0.02411757,0.01072693,-0.05203247,0.9985809,0.03149164,0.002655167,-0.02386411,0.03149164,0.002655167,-0.02386411,0.02522278,-0.03659058,0.9990082,0.02522278,-0.03659058,0.9990082,4.585022,4.585022,True,True,True
1585856,63779589468875,-13.53856,2.604246,-0.116228,-0.01314021,0.9969541,0.05649958,-0.05212997,0.001902084,0.00287178,-0.0240423,0.01370239,-0.04780579,0.9987488,0.03148796,0.002649826,-0.023862,0.03148796,0.002649826,-0.023862,0.02706909,-0.03346252,0.9990692,0.02706909,-0.03346252,0.9990692,4.590454,4.590454,True,True,True
1585864,63779589468886,-13.53854,2.603901,-0.1164274,-0.01369512,0.9970675,0.05494721,-0.05147553,0.008792358,0.002824173,-0.02400173,0.02133179,-0.04208374,0.9988708,0.03148424,0.002651138,-0.02386182,0.03148424,0.002651138,-0.02386182,0.0305481,-0.03175354,0.9990234,0.0305481,-0.03175354,0.9990234,4.596695,4.596695,True,True,True
1585873,63779589468898,-13.53859,2.603628,-0.1165265,-0.01413031,0.9971768,0.05352404,-0.05073398,0.009885713,0.002820389,-0.02399379,0.02407837,-0.03971863,0.9989166,0.03148053,0.002652451,-0.02386163,0.03148053,0.002652451,-0.02386163,0.03396606,-0.0300293,0.9989624,0.03396606,-0.0300293,0.9989624,4.591812,4.591812,True,True,True
1585881,63779589468898,-13.53859,2.603628,-0.1165265,-0.01413031,0.9971768,0.05352404,-0.05073398,0.01019614,0.002818222,-0.02397991,0.02513123,-0.03915405,0.9989014,0.03147704,0.002651871,-0.02384825,0.03147704,0.002651871,-0.02384825,0.03486633,-0.02996826,0.9989319,0.03486633,-0.02996826,0.9989319,4.597977,4.597977,True,True,True
1585889,63779589468908,-13.53855,2.603393,-0.1167355,-0.01446883,0.9972824,0.05201337,-0.0501302,0.008767075,0.002830414,-0.02397685,0.02537537,-0.039505,0.9988861,0.03147356,0.002652451,-0.02383487,0.03147356,0.002652451,-0.02383487,0.03578186,-0.03022766,0.9989014,0.03578186,-0.03022766,0.9989014,4.603592,4.603592,True,True,True
1585898,63779589468919,-13.53858,2.603129,-0.1169061,-0.01458761,0.9973921,0.05039591,-0.0495617,0.006433899,0.002850678,-0.02393504,0.02452087,-0.03849792,0.9989471,0.03145714,0.00265416,-0.02374533,0.03145714,0.00265416,-0.02374533,0.03607178,-0.03074646,0.9988708,0.03607178,-0.03074646,0.9988708,4.600998,4.600998,True,True,True
1585906,63779589468931,-13.53861,2.602921,-0.1170893,-0.01462953,0.9974918,0.04880085,-0.04913828,0.00444133,0.002939499,-0.0239603,0.0294342,-0.03271484,0.9990234,0.03143361,0.00275679,-0.02376489,0.03143361,0.00275679,-0.02376489,0.04832458,-0.02598572,0.9984894,0.04832458,-0.02598572,0.9984894,4.584137,4.584137,True,True,True
1585914,63779589468931,-13.53861,2.602921,-0.1170893,-0.01462953,0.9974918,0.04880085,-0.04913828,0.00521402,0.002972229,-0.02397669,0.03012085,-0.02897644,0.999115,0.03141081,0.002818985,-0.023825,0.03141081,0.002818985,-0.023825,0.04576111,-0.02073669,0.9987335,0.04576111,-0.02073669,0.9987335,4.560898,4.560898,True,True,True
1585923,63779589468942,-13.53868,2.602739,-0.1172771,-0.0148537,0.9975736,0.0472634,-0.04891254,0.001116089,0.002995071,-0.02395343,0.02626038,-0.02767944,0.9992676,0.03142636,0.002784576,-0.0236964,0.03142636,0.002784576,-0.0236964,0.04692078,-0.01327515,0.9987946,0.04692078,-0.01327515,0.9987946,4.582169,4.582169,True,True,True
1585931,63779589468953,-13.53875,2.602592,-0.1174366,-0.01499342,0.9976321,0.04613101,-0.04875721,0.001612549,0.003039841,-0.02404743,0.01237488,-0.03118896,0.9994354,0.03141127,0.002800766,-0.02368829,0.03141127,0.002800766,-0.02368829,0.04908752,-0.01702881,0.998642,0.04908752,-0.01702881,0.998642,4.602142,4.602142,True,True,True
1585939,63779589468964,-13.53881,2.602455,-0.1176376,-0.01512343,0.997674,0.04509562,-0.04882889,0.01835257,0.002853684,-0.02365666,0.03779602,-0.0234375,0.9990082,0.0313593,0.002788147,-0.0236507,0.0313593,0.002788147,-0.0236507,0.04766846,-0.01673889,0.9987183,0.04766846,-0.01673889,0.9987183,4.668198,4.668198,True,True,True
1585948,63779589468964,-13.53881,2.602455,-0.1176376,-0.01512343,0.997674,0.04509562,-0.04882889,0.01378409,0.002860931,-0.02373102,0.0381012,-0.01741028,0.999115,0.0313754,0.002707871,-0.02350441,0.0313754,0.002707871,-0.02350441,0.06358337,-0.008789063,0.9979248,0.06358337,-0.008789063,0.9979248,4.71843,4.71843,True,True,True
1585956,63779589468975,-13.53888,2.602242,-0.1178085,-0.0152323,0.997709,0.04418047,-0.04891519,-0.02564049,0.003387894,-0.02489108,-0.01428223,-0.07594299,0.996994,0.03141883,0.002311218,-0.02204744,0.03141883,0.002311218,-0.02204744,0.06867981,0.00177002,0.9976349,0.06867981,0.00177002,0.9976349,4.808655,4.808655,True,True,True
1585964,63779589468986,-13.53895,2.60207,-0.1179762,-0.01540946,0.9977442,0.04301485,-0.04918204,-0.023651,0.003239731,-0.02452719,-0.005584717,-0.08587646,0.9962769,0.03131443,0.002836518,-0.02390604,0.03131443,0.002836518,-0.02390604,0.02342224,-0.02005005,0.9995117,0.02342224,-0.02005005,0.9995117,4.768173,4.768173,True,True,True
1585973,63779589468997,-13.53896,2.601738,-0.1181432,-0.01540857,0.9977812,0.04173877,-0.04952995,-0.02658447,0.003243119,-0.02442424,0.0004730225,-0.12854,0.9916992,0.03126799,0.002716492,-0.02339359,0.03126799,0.002716492,-0.02339359,0,0,0,0,0,0,-1,-1,True,True,True
1585981,63779589468997,-13.53896,2.601738,-0.1181432,-0.01540857,0.9977812,0.04173877,-0.04952995,-0.001,-0.001,-0.001,1,-1,-1,0.03117731,0.002600693,-0.02261696,0.03117731,0.002600693,-0.02261696,0,0,0,0,0,0,-1,-1,False,True,True
1585989,63779589469008,-13.53902,2.601436,-0.118223,-0.01542007,0.9978203,0.04031637,-0.04991351,-0.001,-0.001,-0.001,1,-1,-1,0.03117731,0.002600693,-0.02261696,0.03117731,0.002600693,-0.02261696,0,0,0,0,0,0,-1,-1,False,False,False
1585998,63779589469019,-13.53907,2.601093,-0.1183144,-0.01549275,0.9978533,0.03891969,-0.05034067,-0.001,-0.001,-0.001,1,-1,-1,0.03156148,0.00099086,-0.02388654,0.03156148,0.00099086,-0.02388654,0,0,0,0,0,0,-1,-1,False,True,True
1586006,63779589469030,-13.53907,2.600674,-0.1184489,-0.01538692,0.9978803,0.03758106,-0.05085038,-0.001,-0.001,-0.001,1,-1,-1,0.03143639,0.0004559937,-0.02406242,0.03143639,0.0004559937,-0.02406242,0,0,0,0,0,0,-1,-1,False,True,True
1586014,63779589469030,-13.53907,2.600674,-0.1184489,-0.01538692,0.9978803,0.03758106,-0.05085038,-0.001,-0.001,-0.001,1,-1,-1,0.03403395,0.0006735535,-0.02530837,0.03403395,0.0006735535,-0.02530837,0,0,0,0,0,0,-1,-1,False,True,True
1586023,63779589469042,-13.53911,2.600297,-0.1184785,-0.01521838,0.9979067,0.03629462,-0.05131644,-0.001,-0.001,-0.001,1,-1,-1,0.03403395,0.0006735535,-0.02530837,0.03403395,0.0006735535,-0.02530837,0,0,0,0,0,0,-1,-1,False,False,False
1586031,63779589469053,-13.53916,2.599945,-0.118508,-0.01502133,0.9979376,0.03489051,-0.05174563,-0.001,-0.001,-0.001,1,-1,-1,0.03316367,-0.0005854187,-0.02443784,0.03316367,-0.0005854187,-0.02443784,0,0,0,0,0,0,-1,-1,False,True,True
1586039,63779589469064,-13.53923,2.599465,-0.1185426,-0.01450638,0.9979625,0.03360001,-0.05226342,-0.001,-0.001,-0.001,1,-1,-1,0.03346977,-0.0001982422,-0.02428148,0.03346977,-0.0001982422,-0.02428148,0,0,0,0,0,0,-1,-1,False,True,True
1586048,63779589469064,-13.53923,2.599465,-0.1185426,-0.01450638,0.9979625,0.03360001,-0.05226342,-0.001,-0.001,-0.001,1,-1,-1,0.03376274,2.050781E-05,-0.02420686,0.03376274,2.050781E-05,-0.02420686,0,0,0,0,0,0,-1,-1,False,True,True
1586056,63779589469075,-13.53932,2.599147,-0.1185966,-0.0139329,0.9979886,0.0324022,-0.05267508,-0.001,-0.001,-0.001,1,-1,-1,0.03165963,0.0002362671,-0.02412537,0.03165963,0.0002362671,-0.02412537,0,0,0,0,0,0,-1,-1,False,True,True
1586064,63779589469086,-13.53946,2.598892,-0.1186507,-0.01330151,0.9980078,0.03137795,-0.05309278,-0.001,-0.001,-0.001,1,-1,-1,0.03183435,0.000247284,-0.02411163,0.03183435,0.000247284,-0.02411163,0,0,0,0,0,0,-1,-1,False,True,True
1586073,63779589469097,-13.53957,2.598776,-0.118722,-0.01282383,0.9980003,0.03082966,-0.05367156,-0.001,-0.001,-0.001,1,-1,-1,0.03095467,0.002012741,-0.02370877,0.03095467,0.002012741,-0.02370877,0,0,0,0,0,0,-1,-1,False,True,True
1586081,63779589469097,-13.53957,2.598776,-0.118722,-0.01282383,0.9980003,0.03082966,-0.05367156,-0.001,-0.001,-0.001,1,-1,-1,0.03356105,0.001079041,-0.0239444,0.03356105,0.001079041,-0.0239444,0,0,0,0,0,0,-1,-1,False,True,True
1586089,63779589469108,-13.53967,2.59873,-0.1188251,-0.01238397,0.9979832,0.03045506,-0.05430097,-0.001,-0.001,-0.001,1,-1,-1,0.03278475,0.00136618,-0.02392522,0.03278475,0.00136618,-0.02392522,0,0,0,0,0,0,-1,-1,False,True,True
1586098,63779589469119,-13.5398,2.598677,-0.1189463,-0.01218046,0.9979397,0.03035633,-0.05519545,-0.001,-0.001,-0.001,1,-1,-1,0.03242212,0.001515732,-0.02320517,0.03242212,0.001515732,-0.02320517,0,0,0,0,0,0,-1,-1,False,True,True
1586106,63779589469131,-13.5399,2.59866,-0.1190763,-0.01225122,0.997894,0.0301341,-0.0561195,-0.001,-0.001,-0.001,1,-1,-1,0.03179752,0.001029297,-0.02284203,0.03179752,0.001029297,-0.02284203,0,0,0,0,0,0,-1,-1,False,True,True
1586114,63779589469131,-13.5399,2.59866,-0.1190763,-0.01225122,0.997894,0.0301341,-0.0561195,-0.001,-0.001,-0.001,1,-1,-1,0.03133461,0.0001467133,-0.01715674,0.03133461,0.0001467133,-0.01715674,0,0,0,0,0,0,-1,-1,False,True,True
1586123,63779589469141,-13.54006,2.598648,-0.119221,-0.01251977,0.9978402,0.02990556,-0.05712985,-0.02649405,0.003370926,-0.02644151,0.2687836,-0.1868439,0.9449005,0.03229013,-0.0007826996,-0.01532443,0.03229013,-0.0007826996,-0.01532443,0.1395874,-0.04348755,0.9892426,0.1395874,-0.04348755,0.9892426,4.200714,4.200714,True,True,True
1586131,63779589469153,-13.54019,2.598672,-0.1193275,-0.0130119,0.9977858,0.02955143,-0.05814507,-0.02654233,0.002705658,-0.0240725,0.2487946,-0.1764832,0.9523315,0.03210393,-0.0002555237,-0.01768628,0.03210393,-0.0002555237,-0.01768628,0.1457062,-0.07142639,0.9867401,0.1457062,-0.07142639,0.9867401,4.045197,4.045197,True,True,True
1586139,63779589469164,-13.54033,2.598665,-0.1194631,-0.01361902,0.9977286,0.02915761,-0.05917665,-0.02629222,0.003671738,-0.02334918,0.1513367,-0.451355,0.8794098,0.03083486,0.0009432221,-0.01940923,0.03083486,0.0009432221,-0.01940923,-0.104248,-0.2754059,0.9556427,-0.104248,-0.2754059,0.9556427,3.583908,3.583908,True,True,True
1586148,63779589469164,-13.54033,2.598665,-0.1194631,-0.01361902,0.9977286,0.02915761,-0.05917665,-0.02511928,0.002793335,-0.02418094,0.09735107,-0.2801819,0.9549866,0.03293155,0.001558975,-0.023244,0.03293155,0.001558975,-0.023244,0.007843018,-0.3992767,0.9167938,0.007843018,-0.3992767,0.9167938,4.155212,4.155212,True,True,True
1586156,63779589469175,-13.54046,2.598672,-0.1195691,-0.01410873,0.9976701,0.02868441,-0.06026997,-0.02594617,0.00197612,-0.02460475,0.3197479,-0.2671814,0.9090424,0.03230947,0.0006946564,-0.02354659,0.03230947,0.0006946564,-0.02354659,-0.1576233,0.01403809,0.9873962,-0.1576233,0.01403809,0.9873962,4.01001,4.01001,True,True,True
1586164,63779589469186,-13.54062,2.598758,-0.1196626,-0.01476512,0.9975996,0.02824555,-0.06147548,-0.02724065,0.002293076,-0.02442459,0.06253052,-0.3894043,0.9189301,0.03293662,0.001980515,-0.02314771,0.03293662,0.001980515,-0.02314771,0.1092682,-0.5680695,0.8156891,0.1092682,-0.5680695,0.8156891,4.737198,4.737198,True,True,True
1586173,63779589469198,-13.5407,2.598804,-0.1198044,-0.01519034,0.9975244,0.02786017,-0.06275392,-0.02799187,0.00133403,-0.02490299,0.1530762,-0.3151855,0.9365997,0.03211121,0.0006824189,-0.02354968,0.03211121,0.0006824189,-0.02354968,-0.07051086,-0.3524933,0.933136,-0.07051086,-0.3524933,0.933136,4.392975,4.392975,True,True,True
1586181,63779589469198,-13.5407,2.598804,-0.1198044,-0.01519034,0.9975244,0.02786017,-0.06275392,-0.02781369,0.001500244,-0.02481287,0.2804871,-0.3762817,0.8830261,0.03167441,0.0005866852,-0.02354093,0.03167441,0.0005866852,-0.02354093,0.004272461,-0.3690643,0.9293823,0.004272461,-0.3690643,0.9293823,4.086014,4.086014,True,True,True
1586189,63779589469208,-13.54088,2.598847,-0.1199194,-0.01570581,0.9974409,0.02741716,-0.06413452,0.03168134,0.0002055817,-0.02368227,0.00440979,-0.4354858,0.900177,0.03168134,0.0002055817,-0.02368227,0.03168134,0.0002055817,-0.02368227,0.00440979,-0.4354858,0.900177,0.00440979,-0.4354858,0.900177,4.294174,4.294174,True,True,True
1586198,63779589469219,-13.54105,2.598851,-0.1200457,-0.01594711,0.9973586,0.02693101,-0.06554545,-0.001,-0.001,-0.001,1,-1,-1,0.03168134,0.0002055817,-0.02368227,0.03168134,0.0002055817,-0.02368227,0,0,0,0,0,0,-1,-1,False,False,False
1586206,63779589469230,-13.54124,2.598857,-0.1201871,-0.0160959,0.9972738,0.02653843,-0.06694513,-0.001,-0.001,-0.001,1,-1,-1,0.03168134,0.0002055817,-0.02368227,0.03168134,0.0002055817,-0.02368227,0,0,0,0,0,0,-1,-1,False,False,False
1586214,63779589469230,-13.54124,2.598857,-0.1201871,-0.0160959,0.9972738,0.02653843,-0.06694513,-0.001,-0.001,-0.001,1,-1,-1,0.03168134,0.0002055817,-0.02368227,0.03168134,0.0002055817,-0.02368227,0,0,0,0,0,0,-1,-1,False,False,False
1586223,63779589469242,-13.54144,2.598824,-0.1202976,-0.01610801,0.9971803,0.02627201,-0.0684233,-0.001,-0.001,-0.001,1,-1,-1,0.03454286,-0.0001494598,-0.02545728,0.03454286,-0.0001494598,-0.02545728,0,0,0,0,0,0,-1,-1,False,True,True
1586231,63779589469253,-13.54171,2.598833,-0.1204517,-0.01614941,0.9970843,0.02624719,-0.06980912,-0.001,-0.001,-0.001,1,-1,-1,0.03178919,-0.0001977539,-0.02393057,0.03178919,-0.0001977539,-0.02393057,0,0,0,0,0,0,-1,-1,False,True,True
1586239,63779589469264,-13.54196,2.598861,-0.1205594,-0.01602194,0.9969723,0.02649686,-0.07132592,0.03116904,-0.0008026734,-0.02422746,0.09231567,-0.6079102,0.7886047,0.03116904,-0.0008026734,-0.02422746,0.03116904,-0.0008026734,-0.02422746,0.09231567,-0.6079102,0.7886047,0.09231567,-0.6079102,0.7886047,4.322617,4.322617,True,True,True
1586248,63779589469264,-13.54196,2.598861,-0.1205594,-0.01602194,0.9969723,0.02649686,-0.07132592,-0.001,-0.001,-0.001,1,-1,-1,0.03095691,-0.0004653321,-0.02404813,0.03095691,-0.0004653321,-0.02404813,0,0,0,0,0,0,-1,-1,False,True,True
1586256,63779589469275,-13.54226,2.598873,-0.120657,-0.01580869,0.9968644,0.02671227,-0.07278652,0.03079616,-0.001028809,-0.02424211,-0.01135254,-0.516098,0.8564453,0.03079616,-0.001028809,-0.02424211,0.03079616,-0.001028809,-0.02424211,-0.01135254,-0.516098,0.8564453,-0.01135254,-0.516098,0.8564453,4.082581,4.082581,True,True,True
1586264,63779589469286,-13.54253,2.598921,-0.1207132,-0.01554118,0.9967557,0.02689777,-0.07424981,-0.001,-0.001,-0.001,1,-1,-1,0.03191499,-0.0008643799,-0.02426158,0.03191499,-0.0008643799,-0.02426158,0,0,0,0,0,0,-1,-1,False,True,True
1586272,63779589469297,-13.54276,2.598927,-0.120782,-0.01526644,0.9966365,0.02707281,-0.07582749,-0.001,-0.001,-0.001,1,-1,-1,0.03280235,-0.0005374146,-0.02417758,0.03280235,-0.0005374146,-0.02417758,0,0,0,0,0,0,-1,-1,False,True,True
1586281,63779589469297,-13.54276,2.598927,-0.120782,-0.01526644,0.9966365,0.02707281,-0.07582749,-0.001,-0.001,-0.001,1,-1,-1,0.03331519,0.0003106842,-0.02517017,0.03331519,0.0003106842,-0.02517017,0,0,0,0,0,0,-1,-1,False,True,True
1586289,63779589469308,-13.54308,2.598926,-0.1207937,-0.0150018,0.9965318,0.02701641,-0.07726267,-0.001,-0.001,-0.001,1,-1,-1,0.03428886,-0.0006813508,-0.02513579,0.03428886,-0.0006813508,-0.02513579,0,0,0,0,0,0,-1,-1,False,True,True
1586297,63779589469319,-13.54334,2.59897,-0.1207936,-0.01463214,0.996429,0.02703918,-0.07863846,-0.001,-0.001,-0.001,1,-1,-1,0.03428886,-0.0006813508,-0.02513579,0.03428886,-0.0006813508,-0.02513579,0,0,0,0,0,0,-1,-1,False,False,False
1586306,63779589469330,-13.54357,2.599013,-0.1207997,-0.0144891,0.9963186,0.02694597,-0.08008227,-0.001,-0.001,-0.001,1,-1,-1,0.03490822,-0.00073172,-0.02577684,0.03490822,-0.00073172,-0.02577684,0,0,0,0,0,0,-1,-1,False,True,True
1586314,63779589469330,-13.54357,2.599013,-0.1207997,-0.0144891,0.9963186,0.02694597,-0.08008227,-0.001,-0.001,-0.001,1,-1,-1,0.03490822,-0.00073172,-0.02577684,0.03490822,-0.00073172,-0.02577684,0,0,0,0,0,0,-1,-1,False,False,False
1586322,63779589469341,-13.54381,2.599053,-0.1208003,-0.01412722,0.996231,0.02675446,-0.0812921,-0.001,-0.001,-0.001,1,-1,-1,0.03497159,-0.0008017121,-0.02592728,0.03497159,-0.0008017121,-0.02592728,0,0,0,0,0,0,-1,-1,False,True,True
1586331,63779589469353,-13.544,2.599049,-0.1207686,-0.01385065,0.9961491,0.02648326,-0.08242524,-0.001,-0.001,-0.001,1,-1,-1,0.03280094,0.0004212036,-0.02451965,0.03280094,0.0004212036,-0.02451965,0,0,0,0,0,0,-1,-1,False,True,True
1586339,63779589469364,-13.54416,2.599066,-0.1208476,-0.01356752,0.9960743,0.02613256,-0.08348098,-0.001,-0.001,-0.001,1,-1,-1,0.03298439,0.0003803559,-0.02455515,0.03298439,0.0003803559,-0.02455515,0,0,0,0,0,0,-1,-1,False,True,True
1586347,63779589469364,-13.54416,2.599066,-0.1208476,-0.01356752,0.9960743,0.02613256,-0.08348098,-0.001,-0.001,-0.001,1,-1,-1,0.0352589,-0.0004029846,-0.02589328,0.0352589,-0.0004029846,-0.02589328,0,0,0,0,0,0,-1,-1,False,True,True
1586356,63779589469375,-13.54436,2.599102,-0.1208623,-0.01313692,0.9960056,0.02589493,-0.08443831,-0.001,-0.001,-0.001,1,-1,-1,0.0352589,-0.0004029846,-0.02589328,0.0352589,-0.0004029846,-0.02589328,0,0,0,0,0,0,-1,-1,False,False,False
1586364,63779589469386,-13.54452,2.599148,-0.1208903,-0.01282437,0.9959391,0.02545417,-0.08539841,-0.001,-0.001,-0.001,1,-1,-1,0.0352589,-0.0004029846,-0.02589328,0.0352589,-0.0004029846,-0.02589328,0,0,0,0,0,0,-1,-1,False,False,False
1586372,63779589469397,-13.54471,2.599192,-0.1209097,-0.01241198,0.9958789,0.02513935,-0.08625069,-0.001,-0.001,-0.001,1,-1,-1,0.03538584,-0.0004295654,-0.02609842,0.03538584,-0.0004295654,-0.02609842,0,0,0,0,0,0,-1,-1,False,True,True
1586381,63779589469397,-13.54471,2.599192,-0.1209097,-0.01241198,0.9958789,0.02513935,-0.08625069,-0.001,-0.001,-0.001,1,-1,-1,0.03538584,-0.0004295654,-0.02609842,0.03538584,-0.0004295654,-0.02609842,0,0,0,0,0,0,-1,-1,False,False,False
1586389,63779589469408,-13.54486,2.599141,-0.1209755,-0.0119121,0.9958175,0.0248332,-0.08711505,-0.001,-0.001,-0.001,1,-1,-1,0.03538584,-0.0004295654,-0.02609842,0.03538584,-0.0004295654,-0.02609842,0,0,0,0,0,0,-1,-1,False,False,False
1586397,63779589469420,-13.54504,2.599121,-0.1210141,-0.01153251,0.9957664,0.02449557,-0.08784275,-0.001,-0.001,-0.001,1,-1,-1,0.03538584,-0.0004295654,-0.02609842,0.03538584,-0.0004295654,-0.02609842,0,0,0,0,0,0,-1,-1,False,False,False
1586406,63779589469430,-13.54511,2.599057,-0.1210691,-0.01109677,0.9957284,0.02407418,-0.0884437,-0.001,-0.001,-0.001,1,-1,-1,0.03382196,-0.0008373414,-0.02642282,0.03382196,-0.0008373414,-0.02642282,0,0,0,0,0,0,-1,-1,False,True,True
1586414,63779589469430,-13.54511,2.599057,-0.1210691,-0.01109677,0.9957284,0.02407418,-0.0884437,-0.001,-0.001,-0.001,1,-1,-1,0.03382196,-0.0008373414,-0.02642282,0.03382196,-0.0008373414,-0.02642282,0,0,0,0,0,0,-1,-1,False,False,False
1586422,63779589469442,-13.54529,2.598963,-0.1211356,-0.01075544,0.9956989,0.02378833,-0.08889394,-0.001,-0.001,-0.001,1,-1,-1,0.03531719,-0.0004391022,-0.02600844,0.03531719,-0.0004391022,-0.02600844,0,0,0,0,0,0,-1,-1,False,True,True
1586431,63779589469453,-13.54543,2.598905,-0.1212398,-0.01030722,0.9956692,0.02362251,-0.08932208,-0.001,-0.001,-0.001,1,-1,-1,0.03531719,-0.0004391022,-0.02600844,0.03531719,-0.0004391022,-0.02600844,0,0,0,0,0,0,-1,-1,False,False,False
1586439,63779589469464,-13.54565,2.598784,-0.1213641,-0.009869878,0.9956501,0.02344967,-0.08962996,-0.001,-0.001,-0.001,1,-1,-1,0.03492447,-0.0008988953,-0.02597717,0.03492447,-0.0008988953,-0.02597717,0,0,0,0,0,0,-1,-1,False,True,True
1586447,63779589469464,-13.54565,2.598784,-0.1213641,-0.009869878,0.9956501,0.02344967,-0.08962996,-0.001,-0.001,-0.001,1,-1,-1,0.03192111,-0.001289475,-0.02431596,0.03192111,-0.001289475,-0.02431596,0,0,0,0,0,0,-1,-1,False,True,True
1586456,63779589469474,-13.5458,2.598673,-0.1214917,-0.009639348,0.995639,0.02331216,-0.08981413,-0.001,-0.001,-0.001,1,-1,-1,0.03192111,-0.001289475,-0.02431596,0.03192111,-0.001289475,-0.02431596,0,0,0,0,0,0,-1,-1,False,False,False
1586464,63779589469486,-13.54599,2.598671,-0.1216207,-0.009428344,0.9956416,0.02316592,-0.08984627,-0.001,-0.001,-0.001,1,-1,-1,0.03113469,-0.0009036408,-0.02430036,0.03113469,-0.0009036408,-0.02430036,0,0,0,0,0,0,-1,-1,False,True,True
1586472,63779589469498,-13.54599,2.598583,-0.1218302,-0.009395197,0.995649,0.02287912,-0.08984091,-0.001,-0.001,-0.001,1,-1,-1,0.03121199,-0.001027466,-0.02438757,0.03121199,-0.001027466,-0.02438757,0,0,0,0,0,0,-1,-1,False,True,True
1586481,63779589469498,-13.54599,2.598583,-0.1218302,-0.009395197,0.995649,0.02287912,-0.08984091,-0.001,-0.001,-0.001,1,-1,-1,0.03411275,-0.001202896,-0.02548422,0.03411275,-0.001202896,-0.02548422,0,0,0,0,0,0,-1,-1,False,True,True
1586489,63779589469508,-13.5461,2.59855,-0.1219798,-0.009403305,0.9956837,0.02250125,-0.08954991,-0.001,-0.001,-0.001,1,-1,-1,0.03387483,-0.001487076,-0.02540366,0.03387483,-0.001487076,-0.02540366,0,0,0,0,0,0,-1,-1,False,True,True
1586497,63779589469519,-13.54614,2.598479,-0.1221964,-0.009519787,0.9957166,0.02205295,-0.08928305,-0.001,-0.001,-0.001,1,-1,-1,0.03178014,-0.0007830048,-0.02422185,0.03178014,-0.0007830048,-0.02422185,0,0,0,0,0,0,-1,-1,False,True,True
1586506,63779589469530,-13.54622,2.5984,-0.1223602,-0.009633118,0.9957746,0.02139176,-0.08878468,-0.001,-0.001,-0.001,1,-1,-1,0.03112456,-0.0009689027,-0.02434865,0.03112456,-0.0009689027,-0.02434865,0,0,0,0,0,0,-1,-1,False,True,True
1586514,63779589469530,-13.54622,2.5984,-0.1223602,-0.009633118,0.9957746,0.02139176,-0.08878468,-0.001,-0.001,-0.001,1,-1,-1,0.03306958,-6.167603E-05,-0.02557683,0.03306958,-6.167603E-05,-0.02557683,0,0,0,0,0,0,-1,-1,False,True,True
1586522,63779589469541,-13.54629,2.598337,-0.1225652,-0.009529307,0.9958252,0.02079262,-0.08836957,-0.001,-0.001,-0.001,1,-1,-1,0.03317702,-2.287293E-05,-0.02550008,0.03317702,-2.287293E-05,-0.02550008,0,0,0,0,0,0,-1,-1,False,True,True
1586531,63779589469553,-13.54629,2.598231,-0.1226917,-0.009491472,0.9958804,0.01999782,-0.08793338,-0.001,-0.001,-0.001,1,-1,-1,0.03291309,-0.001137772,-0.0243891,0.03291309,-0.001137772,-0.0243891,0,0,0,0,0,0,-1,-1,False,True,True
1586539,63779589469564,-13.54632,2.598118,-0.1228305,-0.009341328,0.9959384,0.01908885,-0.0874934,-0.001,-0.001,-0.001,1,-1,-1,0.03247321,-0.001043106,-0.02415233,0.03247321,-0.001043106,-0.02415233,0,0,0,0,0,0,-1,-1,False,True,True
1586547,63779589469564,-13.54632,2.598118,-0.1228305,-0.009341328,0.9959384,0.01908885,-0.0874934,-0.001,-0.001,-0.001,1,-1,-1,0.03417268,-0.0003148499,-0.02478023,0.03417268,-0.0003148499,-0.02478023,0,0,0,0,0,0,-1,-1,False,True,True
1586556,63779589469575,-13.54628,2.597951,-0.1229516,-0.00917311,0.9960073,0.0180828,-0.08693968,-0.001,-0.001,-0.001,1,-1,-1,0.03434558,-0.0004724579,-0.02501717,0.03434558,-0.0004724579,-0.02501717,0,0,0,0,0,0,-1,-1,False,True,True
1586564,63779589469586,-13.54631,2.5978,-0.1230654,-0.008992312,0.9960773,0.0172417,-0.08632421,-0.001,-0.001,-0.001,1,-1,-1,0.03155212,-0.0007316743,-0.02412714,0.03155212,-0.0007316743,-0.02412714,0,0,0,0,0,0,-1,-1,False,True,True
1586572,63779589469597,-13.54633,2.597699,-0.1232157,-0.008723495,0.9961401,0.01629886,-0.08580914,-0.001,-0.001,-0.001,1,-1,-1,0.03265752,0.0001173248,-0.02370844,0.03265752,0.0001173248,-0.02370844,0,0,0,0,0,0,-1,-1,False,True,True
1586581,63779589469597,-13.54633,2.597699,-0.1232157,-0.008723495,0.9961401,0.01629886,-0.08580914,-0.001,-0.001,-0.001,1,-1,-1,0.03297948,-0.001198349,-0.02435011,0.03297948,-0.001198349,-0.02435011,0,0,0,0,0,0,-1,-1,False,True,True
1586589,63779589469608,-13.54636,2.597553,-0.1233543,-0.008363281,0.9962096,0.01556716,-0.08517179,-0.001,-0.001,-0.001,1,-1,-1,0.03145545,-0.000347992,-0.02376009,0.03145545,-0.000347992,-0.02376009,0,0,0,0,0,0,-1,-1,False,True,True
1586597,63779589469619,-13.54633,2.597476,-0.1234263,-0.007851372,0.9962707,0.0150505,-0.08459605,-0.001,-0.001,-0.001,1,-1,-1,0.03319338,0.0008090516,-0.02376617,0.03319338,0.0008090516,-0.02376617,0,0,0,0,0,0,-1,-1,False,True,True
1586606,63779589469630,-13.54636,2.597419,-0.1235218,-0.007626547,0.9963228,0.01469645,-0.08406463,-0.001,-0.001,-0.001,1,-1,-1,0.03296416,0.000774704,-0.02370665,0.03296416,0.000774704,-0.02370665,0,0,0,0,0,0,-1,-1,False,True,True
1586614,63779589469630,-13.54636,2.597419,-0.1235218,-0.007626547,0.9963228,0.01469645,-0.08406463,-0.001,-0.001,-0.001,1,-1,-1,0.03220125,0.001198624,-0.02343234,0.03220125,0.001198624,-0.02343234,0,0,0,0,0,0,-1,-1,False,True,True
1586622,63779589469642,-13.54638,2.597285,-0.1236739,-0.007279547,0.9963743,0.01430956,-0.08354947,-0.001,-0.001,-0.001,1,-1,-1,0.0324323,0.001524017,-0.02333124,0.0324323,0.001524017,-0.02333124,0,0,0,0,0,0,-1,-1,False,True,True
1586631,63779589469652,-13.54642,2.597264,-0.1237271,-0.007009686,0.9964193,0.01394284,-0.08309661,-0.001,-0.001,-0.001,1,-1,-1,0.03234607,0.0007656708,-0.02356081,0.03234607,0.0007656708,-0.02356081,0,0,0,0,0,0,-1,-1,False,True,True
1586639,63779589469664,-13.54644,2.597157,-0.1238396,-0.006774616,0.9964685,0.01358197,-0.08258503,-0.001,-0.001,-0.001,1,-1,-1,0.03216425,0.001455246,-0.02330351,0.03216425,0.001455246,-0.02330351,0,0,0,0,0,0,-1,-1,False,True,True
1586647,63779589469664,-13.54644,2.597157,-0.1238396,-0.006774616,0.9964685,0.01358197,-0.08258503,-0.001,-0.001,-0.001,1,-1,-1,0.03308833,-0.0002041931,-0.02378418,0.03308833,-0.0002041931,-0.02378418,0,0,0,0,0,0,-1,-1,False,True,True
1586656,63779589469675,-13.54646,2.597098,-0.1239349,-0.006639277,0.9965149,0.01313187,-0.08210723,-0.001,-0.001,-0.001,1,-1,-1,0.0316041,0.001140747,-0.02328467,0.0316041,0.001140747,-0.02328467,0,0,0,0,0,0,-1,-1,False,True,True
1586664,63779589469686,-13.54644,2.596964,-0.1240845,-0.006453999,0.9965513,0.01251206,-0.08177678,-0.001,-0.001,-0.001,1,-1,-1,0.0316041,0.001140747,-0.02328467,0.0316041,0.001140747,-0.02328467,0,0,0,0,0,0,-1,-1,False,False,False
1586672,63779589469697,-13.54643,2.596818,-0.1241452,-0.006492012,0.996587,0.01181914,-0.08143964,-0.001,-0.001,-0.001,1,-1,-1,0.03448311,-0.0006156311,-0.02524266,0.03448311,-0.0006156311,-0.02524266,0,0,0,0,0,0,-1,-1,False,True,True
1586681,63779589469697,-13.54643,2.596818,-0.1241452,-0.006492012,0.996587,0.01181914,-0.08143964,-0.001,-0.001,-0.001,1,-1,-1,0.03095763,-0.0006569825,-0.02409276,0.03095763,-0.0006569825,-0.02409276,0,0,0,0,0,0,-1,-1,False,True,True
1586689,63779589469708,-13.54647,2.596732,-0.1242483,-0.006362338,0.9966304,0.01119869,-0.08100604,-0.001,-0.001,-0.001,1,-1,-1,0.03057298,-0.0007377777,-0.02425615,0.03057298,-0.0007377777,-0.02425615,0,0,0,0,0,0,-1,-1,False,True,True
1586697,63779589469719,-13.54648,2.596607,-0.1243055,-0.006222453,0.9966619,0.01057116,-0.08071367,-0.001,-0.001,-0.001,1,-1,-1,0.03378185,-0.001032196,-0.02526862,0.03378185,-0.001032196,-0.02526862,0,0,0,0,0,0,-1,-1,False,True,True
1586706,63779589469730,-13.5465,2.596522,-0.1243112,-0.006150824,0.9966826,0.009951169,-0.08054151,-0.001,-0.001,-0.001,1,-1,-1,0.03378185,-0.001032196,-0.02526862,0.03378185,-0.001032196,-0.02526862,0,0,0,0,0,0,-1,-1,False,False,False
1586714,63779589469730,-13.5465,2.596522,-0.1243112,-0.006150824,0.9966826,0.009951169,-0.08054151,-0.001,-0.001,-0.001,1,-1,-1,0.03099831,-0.001065262,-0.02443225,0.03099831,-0.001065262,-0.02443225,0,0,0,0,0,0,-1,-1,False,True,True
1586722,63779589469741,-13.54651,2.596343,-0.1243769,-0.006174678,0.9967035,0.009520081,-0.08033273,-0.001,-0.001,-0.001,1,-1,-1,0.03176976,2.180481E-05,-0.02387865,0.03176976,2.180481E-05,-0.02387865,0,0,0,0,0,0,-1,-1,False,True,True
1586731,63779589469752,-13.54653,2.596246,-0.1244215,-0.006173218,0.9967143,0.008970231,-0.08026256,-0.001,-0.001,-0.001,1,-1,-1,0.03463745,-0.0006007691,-0.02537033,0.03463745,-0.0006007691,-0.02537033,0,0,0,0,0,0,-1,-1,False,True,True
1586739,63779589469764,-13.54648,2.596136,-0.1245122,-0.006181267,0.9967215,0.00855514,-0.08021741,-0.001,-0.001,-0.001,1,-1,-1,0.03541467,-0.000339447,-0.02605103,0.03541467,-0.000339447,-0.02605103,0,0,0,0,0,0,-1,-1,False,True,True
1586747,63779589469764,-13.54648,2.596136,-0.1245122,-0.006181267,0.9967215,0.00855514,-0.08021741,-0.001,-0.001,-0.001,1,-1,-1,0.03290197,0.0003013306,-0.02364015,0.03290197,0.0003013306,-0.02364015,0,0,0,0,0,0,-1,-1,False,True,True
1586756,63779589469774,-13.54649,2.596071,-0.1245186,-0.006329863,0.996718,0.008220539,-0.08028405,-0.001,-0.001,-0.001,1,-1,-1,0.03236599,0.0005124512,-0.02364603,0.03236599,0.0005124512,-0.02364603,0,0,0,0,0,0,-1,-1,False,True,True
1586764,63779589469786,-13.54637,2.595985,-0.124514,-0.006234252,0.9967198,0.007717068,-0.08031867,-0.001,-0.001,-0.001,1,-1,-1,0.03233507,0.00167482,-0.02324597,0.03233507,0.00167482,-0.02324597,0,0,0,0,0,0,-1,-1,False,True,True
1586772,63779589469797,-13.54637,2.595999,-0.1244776,-0.006162403,0.9967202,0.007390106,-0.08035117,-0.001,-0.001,-0.001,1,-1,-1,0.03356421,0.001045273,-0.02339003,0.03356421,0.001045273,-0.02339003,0,0,0,0,0,0,-1,-1,False,True,True
1586781,63779589469797,-13.54637,2.595999,-0.1244776,-0.006162403,0.9967202,0.007390106,-0.08035117,-0.001,-0.001,-0.001,1,-1,-1,0.03190331,-0.0001847076,-0.01510803,0.03190331,-0.0001847076,-0.01510803,0,0,0,0,0,0,-1,-1,False,True,True
1586789,63779589469808,-13.54637,2.595919,-0.1244563,-0.00618179,0.99672,0.007019615,-0.08038554,-0.001,-0.001,-0.001,1,-1,-1,0.03070079,0.003739136,-0.0272753,0.03070079,0.003739136,-0.0272753,0,0,0,0,0,0,-1,-1,False,True,True
1586797,63779589469819,-13.54633,2.595857,-0.1243958,-0.006090003,0.9967222,0.006637115,-0.08039731,-0.001,-0.001,-0.001,1,-1,-1,0.03175998,0.001311249,-0.0184216,0.03175998,0.001311249,-0.0184216,0,0,0,0,0,0,-1,-1,False,True,True
1586806,63779589469830,-13.54637,2.595771,-0.1243788,-0.006028778,0.9967171,0.006343811,-0.08048811,-0.001,-0.001,-0.001,1,-1,-1,0.03119718,0.002563019,-0.02332587,0.03119718,0.002563019,-0.02332587,0,0,0,0,0,0,-1,-1,False,True,True
1586814,63779589469830,-13.54637,2.595771,-0.1243788,-0.006028778,0.9967171,0.006343811,-0.08048811,-0.001,-0.001,-0.001,1,-1,-1,0.03109253,0.002680634,-0.02357662,0.03109253,0.002680634,-0.02357662,0,0,0,0,0,0,-1,-1,False,True,True
1586822,63779589469842,-13.5464,2.595675,-0.1241494,-0.005987694,0.9967095,0.006139139,-0.08060055,-0.001,-0.001,-0.001,1,-1,-1,0.03134355,0.002182297,-0.02166687,0.03134355,0.002182297,-0.02166687,0,0,0,0,0,0,-1,-1,False,True,True
1586831,63779589469852,-13.54641,2.595588,-0.1240661,-0.005978487,0.9967052,0.005763025,-0.08068251,-0.001,-0.001,-0.001,1,-1,-1,0.03116501,0.002556992,-0.02307906,0.03116501,0.002556992,-0.02307906,0,0,0,0,0,0,-1,-1,False,True,True
1586839,63779589469864,-13.54641,2.59553,-0.1239888,-0.006020034,0.9966981,0.005482338,-0.08078737,0.03116133,0.00260228,-0.02358685,0.04386902,-0.08198547,0.9956512,0.03116133,0.00260228,-0.02358685,0.03116133,0.00260228,-0.02358685,0.04386902,-0.08198547,0.9956512,0.04386902,-0.08198547,0.9956512,5.013855,5.013855,True,True,True
1586847,63779589469874,-13.54643,2.595424,-0.1239383,-0.006076367,0.9966968,0.005095858,-0.08082408,-0.02712245,0.003031067,-0.02488796,0.04260254,-0.1123505,0.9927521,0.03117885,0.002533386,-0.02353333,0.03117885,0.002533386,-0.02353333,0.04621887,-0.0607605,0.9970703,0.04621887,-0.0607605,0.9970703,5.051102,5.051102,True,True,True
1586856,63779589469874,-13.54643,2.595424,-0.1239383,-0.006076367,0.9966968,0.005095858,-0.08082408,-0.0271185,0.003022232,-0.02491782,0.04421997,-0.1060638,0.9933624,0.03116512,0.002491455,-0.0234968,0.03116512,0.002491455,-0.0234968,0.05374146,-0.1193542,0.991394,0.05374146,-0.1193542,0.991394,4.806091,4.806091,True,True,True
1586864,63779589469886,-13.5465,2.595312,-0.1238799,-0.006140143,0.996689,0.004810654,-0.08093471,-0.02710541,0.002987961,-0.02480766,0.03456116,-0.1290894,0.9910278,0.03114909,0.002512757,-0.02357538,0.03114909,0.002512757,-0.02357538,0.05981445,-0.1277008,0.9900055,0.05981445,-0.1277008,0.9900055,4.722946,4.722946,True,True,True
1586872,63779589469896,-13.54652,2.595296,-0.123843,-0.006125439,0.9966875,0.004420772,-0.08097636,-0.02709398,0.00294896,-0.02469853,0.02636719,-0.1469574,0.9887848,0.03117984,0.002420075,-0.02331937,0.03117984,0.002420075,-0.02331937,0.07049561,-0.06974792,0.9950562,0.07049561,-0.06974792,0.9950562,4.953415,4.953415,True,True,True
1586881,63779589469896,-13.54652,2.595296,-0.123843,-0.006125439,0.9966875,0.004420772,-0.08097636,-0.02589107,0.002927139,-0.02465888,0.03683472,-0.1316681,0.9906006,0.03118378,0.002420303,-0.02331667,0.03118378,0.002420303,-0.02331667,0.07228088,-0.08131409,0.9940491,0.07228088,-0.08131409,0.9940491,4.873184,4.873184,True,True,True
1586889,63779589469908,-13.54658,2.595206,-0.1237746,-0.006108218,0.9966883,0.004136149,-0.08098195,-0.02649593,0.002912155,-0.02465938,0.03448486,-0.1313782,0.9907227,0.03118372,0.002387741,-0.0232265,0.03118372,0.002387741,-0.0232265,0.07089233,-0.1138916,0.9909515,0.07089233,-0.1138916,0.9909515,4.805008,4.805008,True,True,True
1586897,63779589469919,-13.54661,2.595153,-0.1237066,-0.006099707,0.9966911,0.003868642,-0.08096118,-0.02661594,0.002825821,-0.02451982,0.04000854,-0.1218414,0.9917297,0.03117641,0.002368042,-0.02319957,0.03117641,0.002368042,-0.02319957,0.06784058,-0.1217651,0.9902344,0.06784058,-0.1217651,0.9902344,4.668259,4.668259,True,True,True
1586906,63779589469930,-13.5466,2.595118,-0.1236608,-0.006120629,0.9966912,0.003438416,-0.08097757,0.008726212,0.002530808,-0.02368826,0.05903625,-0.1190948,0.9911194,0.03117517,0.002352463,-0.02317613,0.03117517,0.002352463,-0.02317613,0.07154846,-0.1173401,0.990509,0.07154846,-0.1173401,0.990509,4.73233,4.73233,True,True,True
1586914,63779589469930,-13.5466,2.595118,-0.1236608,-0.006120629,0.9966912,0.003438416,-0.08097757,-1.156616E-05,0.002663849,-0.02405638,0.05567932,-0.1252441,0.9905548,0.03117043,0.002355911,-0.02320595,0.03117043,0.002355911,-0.02320595,0.07731628,-0.1064148,0.9913025,0.07731628,-0.1064148,0.9913025,4.82106,4.82106,True,True,True
1586922,63779589469941,-13.54658,2.595064,-0.1235749,-0.006303351,0.9966974,0.003087394,-0.08090169,-0.0006125641,0.002643127,-0.02401122,0.05638123,-0.1216431,0.9909668,0.03116858,0.002345825,-0.02315622,0.03116858,0.002345825,-0.02315622,0.07659912,-0.105072,0.9915009,0.07659912,-0.105072,0.9915009,4.755676,4.755676,True,True,True
1586931,63779589469952,-13.54657,2.594988,-0.123475,-0.0064316,0.9967024,0.002648759,-0.08084422,-0.001579147,0.002625244,-0.02398433,0.05606079,-0.1205292,0.9911194,0.03116829,0.002336289,-0.02312711,0.03116829,0.002336289,-0.02312711,0.07435608,-0.1094055,0.9912109,0.07435608,-0.1094055,0.9912109,4.74649,4.74649,True,True,True
1586939,63779589469963,-13.54662,2.594921,-0.1233777,-0.006615194,0.9967127,0.002113082,-0.08071902,0.01154378,0.002485398,-0.02357326,0.06396484,-0.1155701,0.9912262,0.03116799,0.002345825,-0.02315622,0.03116799,0.002345825,-0.02315622,0.07647705,-0.1114349,0.9908142,0.07647705,-0.1114349,0.9908142,4.753159,4.753159,True,True,True
1586947,63779589469963,-13.54662,2.594921,-0.1233777,-0.006615194,0.9967127,0.002113082,-0.08071902,0.02689331,0.002360275,-0.02322312,0.0599823,-0.1300964,0.9896698,0.03111035,0.00233049,-0.0231373,0.03111035,0.00233049,-0.0231373,0.06233215,-0.1309814,0.9894104,0.06233215,-0.1309814,0.9894104,4.660034,4.660034,True,True,True
1586956,63779589469974,-13.5466,2.594839,-0.1233147,-0.007008406,0.9967169,0.001642074,-0.08064464,0.02470323,0.002278839,-0.02294779,0.05976868,-0.0789032,0.9950867,0.03110912,0.002217026,-0.02276651,0.03110912,0.002217026,-0.02276651,0.06523132,-0.07185364,0.9952698,0.06523132,-0.07185364,0.9952698,5.028915,5.028915,True,True,True
1586964,63779589469986,-13.54659,2.594752,-0.1232135,-0.007385901,0.9967335,0.001243237,-0.08041192,0.001978684,0.002379578,-0.02310513,0.04090881,-0.1412964,0.9891052,0.03095134,0.002094101,-0.02229942,0.03095134,0.002094101,-0.02229942,0.05238342,-0.1062927,0.9929504,0.05238342,-0.1062927,0.9929504,4.834106,4.834106,True,True,True
1586972,63779589469997,-13.5466,2.594723,-0.1230877,-0.0077891,0.9967378,0.0008431544,-0.08032647,-0.001,-0.001,-0.001,1,-1,-1,0.03084969,0.002213852,-0.02235314,0.03084969,0.002213852,-0.02235314,0,0,0,0,0,0,-1,-1,False,True,True
1586981,63779589469997,-13.5466,2.594723,-0.1230877,-0.0077891,0.9967378,0.0008431544,-0.08032647,-0.001,-0.001,-0.001,1,-1,-1,0.03084969,0.002213852,-0.02235314,0.03084969,0.002213852,-0.02235314,0,0,0,0,0,0,-1,-1,False,False,False
1586989,63779589470008,-13.54659,2.594623,-0.122984,-0.008105958,0.9967409,0.0005808995,-0.08025792,-0.001,-0.001,-0.001,1,-1,-1,0.03093254,0.0004201203,-0.02360254,0.03093254,0.0004201203,-0.02360254,0,0,0,0,0,0,-1,-1,False,True,True
1586997,63779589470019,-13.54659,2.594632,-0.1228787,-0.008409259,0.9967464,0.0003180309,-0.08016197,-0.001,-0.001,-0.001,1,-1,-1,0.03362283,-0.0001063843,-0.02448537,0.03362283,-0.0001063843,-0.02448537,0,0,0,0,0,0,-1,-1,False,True,True
1587006,63779589470030,-13.54659,2.594611,-0.1227854,-0.008516878,0.9967551,0.0002263224,-0.08004219,-0.001,-0.001,-0.001,1,-1,-1,0.03281728,-0.0006788636,-0.02443805,0.03281728,-0.0006788636,-0.02443805,0,0,0,0,0,0,-1,-1,False,True,True
1587014,63779589470030,-13.54659,2.594611,-0.1227854,-0.008516878,0.9967551,0.0002263224,-0.08004219,-0.001,-0.001,-0.001,1,-1,-1,0.03063751,-0.0008250428,-0.02433341,0.03063751,-0.0008250428,-0.02433341,0,0,0,0,0,0,-1,-1,False,True,True
1587022,63779589470041,-13.54656,2.594659,-0.1226649,-0.008539858,0.9967566,0.0001292828,-0.08002169,-0.001,-0.001,-0.001,1,-1,-1,0.03107808,-0.0007491608,-0.02423191,0.03107808,-0.0007491608,-0.02423191,0,0,0,0,0,0,-1,-1,False,True,True
1587031,63779589470052,-13.54658,2.594597,-0.1224906,-0.008509901,0.9967672,0.0001258699,-0.07989194,-0.001,-0.001,-0.001,1,-1,-1,0.03107808,-0.0007491608,-0.02423191,0.03107808,-0.0007491608,-0.02423191,0,0,0,0,0,0,-1,-1,False,False,False
1587039,63779589470063,-13.54654,2.59458,-0.1223546,-0.008446274,0.9967775,6.923786E-05,-0.07976921,-0.001,-0.001,-0.001,1,-1,-1,0.03119402,-0.0006908112,-0.02418752,0.03119402,-0.0006908112,-0.02418752,0,0,0,0,0,0,-1,-1,False,True,True
1587047,63779589470063,-13.54654,2.59458,-0.1223546,-0.008446274,0.9967775,6.923786E-05,-0.07976921,-0.001,-0.001,-0.001,1,-1,-1,0.03498599,-0.0004747467,-0.02584699,0.03498599,-0.0004747467,-0.02584699,0,0,0,0,0,0,-1,-1,False,True,True
1587056,63779589470074,-13.54654,2.594537,-0.1222464,-0.008362033,0.9967971,9.174412E-05,-0.07953324,-0.001,-0.001,-0.001,1,-1,-1,0.03424112,-0.000644516,-0.02668976,0.03424112,-0.000644516,-0.02668976,0,0,0,0,0,0,-1,-1,False,True,True
1587064,63779589470085,-13.5465,2.594557,-0.122143,-0.008336876,0.9968148,9.769361E-05,-0.07931317,-0.001,-0.001,-0.001,1,-1,-1,0.03349858,0.0004047394,-0.02371754,0.03349858,0.0004047394,-0.02371754,0,0,0,0,0,0,-1,-1,False,True,True
1587072,63779589470097,-13.54646,2.59452,-0.1220883,-0.008227251,0.9968334,0.0003027003,-0.07909074,-0.001,-0.001,-0.001,1,-1,-1,0.03281686,0.0008865509,-0.02351323,0.03281686,0.0008865509,-0.02351323,0,0,0,0,0,0,-1,-1,False,True,True
1587081,63779589470097,-13.54646,2.59452,-0.1220883,-0.008227251,0.9968334,0.0003027003,-0.07909074,-0.001,-0.001,-0.001,1,-1,-1,0.03259944,0.0003316803,-0.02366141,0.03259944,0.0003316803,-0.02366141,0,0,0,0,0,0,-1,-1,False,True,True
1587089,63779589470108,-13.54641,2.594538,-0.1219947,-0.008213925,0.9968516,0.0003360783,-0.07886216,-0.001,-0.001,-0.001,1,-1,-1,0.03231325,0.001247223,-0.02329395,0.03231325,0.001247223,-0.02329395,0,0,0,0,0,0,-1,-1,False,True,True
1587097,63779589470119,-13.54632,2.594563,-0.1218837,-0.008250975,0.9968721,0.000409472,-0.07859953,-0.001,-0.001,-0.001,1,-1,-1,0.0318248,0.0004535218,-0.02166223,0.0318248,0.0004535218,-0.02166223,0,0,0,0,0,0,-1,-1,False,True,True
1587106,63779589470131,-13.54618,2.594569,-0.1217825,-0.0082495,0.996895,0.0005262497,-0.07830734,-0.001,-0.001,-0.001,1,-1,-1,0.03165668,0.0008668824,-0.01941209,0.03165668,0.0008668824,-0.01941209,0,0,0,0,0,0,-1,-1,False,True,True
1587114,63779589470141,-13.54608,2.594578,-0.1216462,-0.00836896,0.9969153,0.0004535715,-0.07803542,-0.001,-0.001,-0.001,1,-1,-1,0.03076938,0.002415176,-0.02483917,0.03076938,0.002415176,-0.02483917,0,0,0,0,0,0,-1,-1,False,True,True
1587122,63779589470141,-13.54608,2.594578,-0.1216462,-0.00836896,0.9969153,0.0004535715,-0.07803542,-0.001,-0.001,-0.001,1,-1,-1,0.03109339,0.001809967,-0.0221987,0.03109339,0.001809967,-0.0221987,0,0,0,0,0,0,-1,-1,False,True,True
1587131,63779589470152,-13.54593,2.594639,-0.1215243,-0.008345882,0.9969436,0.0003469089,-0.07767659,-0.001,-0.001,-0.001,1,-1,-1,0.03117256,0.001575424,-0.02183194,0.03117256,0.001575424,-0.02183194,0,0,0,0,0,0,-1,-1,False,True,True
1587139,63779589470163,-13.54584,2.594659,-0.1214473,-0.008304738,0.9969705,0.000215821,-0.07733473,-0.001,-0.001,-0.001,1,-1,-1,0.03063524,0.001693497,-0.01835054,0.03063524,0.001693497,-0.01835054,0,0,0,0,0,0,-1,-1,False,True,True
1587147,63779589470174,-13.54572,2.594657,-0.12133,-0.008242544,0.9970004,0.0001410453,-0.0769561,-0.001,-0.001,-0.001,1,-1,-1,0.03102893,0.001925415,-0.02286398,0.03102893,0.001925415,-0.02286398,0,0,0,0,0,0,-1,-1,False,True,True
1587156,63779589470174,-13.54572,2.594657,-0.12133,-0.008242544,0.9970004,0.0001410453,-0.0769561,-0.001,-0.001,-0.001,1,-1,-1,0.03103989,0.001863327,-0.02229422,0.03103989,0.001863327,-0.02229422,0,0,0,0,0,0,-1,-1,False,True,True
1587164,63779589470186,-13.54567,2.594632,-0.1212669,-0.008229055,0.9970244,3.805172E-05,-0.07664717,-0.001,-0.001,-0.001,1,-1,-1,0.03100315,0.001639328,-0.02144074,0.03100315,0.001639328,-0.02144074,0,0,0,0,0,0,-1,-1,False,True,True
1587172,63779589470197,-13.54554,2.594638,-0.1212129,-0.008206646,0.9970487,-0.0001226296,-0.0763317,0.0231302,0.001669174,-0.02140079,0.04908752,-0.2160492,0.9751434,0.03103108,0.001549606,-0.02092314,0.03103108,0.001549606,-0.02092314,0.04469299,-0.2286072,0.9724884,0.04469299,-0.2286072,0.9724884,4.766312,4.766312,True,True,True
1587181,63779589470208,-13.54535,2.594578,-0.1211375,-0.00815534,0.9970747,-0.0001737668,-0.07599634,-0.02455672,0.00237677,-0.02431043,0.04600525,-0.203598,0.9779663,0.0310305,0.001961594,-0.02326697,0.0310305,0.001961594,-0.02326697,0.05387878,-0.1461029,0.987793,0.05387878,-0.1461029,0.987793,4.786987,4.786987,True,True,True
1587189,63779589470208,-13.54535,2.594578,-0.1211375,-0.00815534,0.9970747,-0.0001737668,-0.07599634,-0.02702495,0.002343231,-0.0241388,0.03912354,-0.2079163,0.977356,0.03103163,0.001967926,-0.02327931,0.03103163,0.001967926,-0.02327931,0.05741882,-0.1290131,0.989975,0.05741882,-0.1290131,0.989975,4.985443,4.985443,True,True,True
1587197,63779589470219,-13.5452,2.594615,-0.1210377,-0.008192296,0.9970961,-0.0003392621,-0.07571171,-0.0270257,0.002369553,-0.02426524,0.03343201,-0.2239227,0.9740295,0.03103002,0.001953964,-0.02323534,0.03103002,0.001953964,-0.02323534,0.0609436,-0.1442566,0.9876556,0.0609436,-0.1442566,0.9876556,4.75502,4.75502,True,True,True
1587206,63779589470230,-13.5451,2.594609,-0.1209453,-0.00809788,0.9971144,-0.0004164847,-0.07547908,-0.02702533,0.002362976,-0.02424913,0.04118347,-0.2372437,0.9705658,0.03103197,0.001930405,-0.0231613,0.03103197,0.001930405,-0.0231613,0.05795288,-0.1561584,0.9860229,0.05795288,-0.1561584,0.9860229,4.781006,4.781006,True,True,True
1587214,63779589470230,-13.5451,2.594609,-0.1209453,-0.00809788,0.9971144,-0.0004164847,-0.07547908,-0.02702351,0.002357025,-0.02424497,0.03941345,-0.22052,0.9745789,0.03102449,0.001890839,-0.02301856,0.03102449,0.001890839,-0.02301856,0.04573059,-0.156311,0.9866333,0.04573059,-0.156311,0.9866333,4.831497,4.831497,True,True,True
1587222,63779589470241,-13.54494,2.594593,-0.12082,-0.008012413,0.9971379,-0.0005580158,-0.07517646,-0.02700446,0.00229567,-0.02400011,0.03594971,-0.2223206,0.9743042,0.03099735,0.001870621,-0.02292961,0.03099735,0.001870621,-0.02292961,0.06907654,-0.1458282,0.9868927,0.06907654,-0.1458282,0.9868927,4.820831,4.820831,True,True,True
1587231,63779589470252,-13.54479,2.594577,-0.1207275,-0.007974627,0.997151,-0.0006426815,-0.07500566,-0.02694859,0.002226318,-0.02375714,0.04498291,-0.2285004,0.9724884,0.03096288,0.001487732,-0.02072012,0.03096288,0.001487732,-0.02072012,0.04975891,-0.1956787,0.9794006,0.04975891,-0.1956787,0.9794006,4.977448,4.977448,True,True,True
1587239,63779589470263,-13.54472,2.59453,-0.1206408,-0.007857454,0.9971628,-0.0006683365,-0.07486095,-0.0267986,0.002238327,-0.02365318,0.05780029,-0.1859894,0.980835,0.03083438,0.001893478,-0.02251341,0.03083438,0.001893478,-0.02251341,0,0,0,0,0,0,-1,-1,True,True,True
1587247,63779589470263,-13.54472,2.59453,-0.1206408,-0.007857454,0.9971628,-0.0006683365,-0.07486095,-0.001,-0.001,-0.001,1,-1,-1,0.03074977,0.001863556,-0.02205656,0.03074977,0.001863556,-0.02205656,0,0,0,0,0,0,-1,-1,False,True,True
1587256,63779589470274,-13.54461,2.594476,-0.1205716,-0.007709356,0.9971781,-0.0008360837,-0.07467018,-0.001,-0.001,-0.001,1,-1,-1,0.03101198,0.0004359284,-0.02334532,0.03101198,0.0004359284,-0.02334532,0,0,0,0,0,0,-1,-1,False,True,True
1587264,63779589470285,-13.54448,2.594486,-0.1204926,-0.007497295,0.9971917,-0.0008816151,-0.07450906,-0.001,-0.001,-0.001,1,-1,-1,0.03319457,-0.0007334442,-0.02442426,0.03319457,-0.0007334442,-0.02442426,0,0,0,0,0,0,-1,-1,False,True,True
1587272,63779589470296,-13.54432,2.594444,-0.1204724,-0.007199181,0.9971956,-0.0007814812,-0.07448871,-0.001,-0.001,-0.001,1,-1,-1,0.03250086,-0.0005139466,-0.02400098,0.03250086,-0.0005139466,-0.02400098,0,0,0,0,0,0,-1,-1,False,True,True
1587281,63779589470296,-13.54432,2.594444,-0.1204724,-0.007199181,0.9971956,-0.0007814812,-0.07448871,-0.001,-0.001,-0.001,1,-1,-1,0.03219731,-0.0007821656,-0.02410919,0.03219731,-0.0007821656,-0.02410919,0,0,0,0,0,0,-1,-1,False,True,True
1587289,63779589470307,-13.54418,2.594476,-0.1204766,-0.007050049,0.9972057,-0.0007699546,-0.0743669,-0.001,-0.001,-0.001,1,-1,-1,0.03219731,-0.0007821656,-0.02410919,0.03219731,-0.0007821656,-0.02410919,0,0,0,0,0,0,-1,-1,False,False,False
1587297,63779589470319,-13.54407,2.594481,-0.1204073,-0.006818042,0.9972079,-0.0007732283,-0.07435902,-0.001,-0.001,-0.001,1,-1,-1,0.03219731,-0.0007821656,-0.02410919,0.03219731,-0.0007821656,-0.02410919,0,0,0,0,0,0,-1,-1,False,False,False
1587306,63779589470330,-13.54393,2.594462,-0.120397,-0.006516283,0.9972153,-0.0007414274,-0.07428677,-0.001,-0.001,-0.001,1,-1,-1,0.03111366,-0.0006761933,-0.02392644,0.03111366,-0.0006761933,-0.02392644,0,0,0,0,0,0,-1,-1,False,True,True
1587314,63779589470330,-13.54393,2.594462,-0.120397,-0.006516283,0.9972153,-0.0007414274,-0.07428677,-0.001,-0.001,-0.001,1,-1,-1,0.03344551,-0.0005788422,-0.02367122,0.03344551,-0.0005788422,-0.02367122,0,0,0,0,0,0,-1,-1,False,True,True
1587322,63779589470341,-13.54379,2.594465,-0.120338,-0.006402613,0.9972168,-0.0007380345,-0.07427793,-0.001,-0.001,-0.001,1,-1,-1,0.03358466,0.0002754364,-0.02341309,0.03358466,0.0002754364,-0.02341309,0,0,0,0,0,0,-1,-1,False,True,True
1587331,63779589470352,-13.54358,2.594517,-0.1203061,-0.00617086,0.9972163,-0.0006460273,-0.07430474,-0.001,-0.001,-0.001,1,-1,-1,0.03212981,0.001307892,-0.02311005,0.03212981,0.001307892,-0.02311005,0,0,0,0,0,0,-1,-1,False,True,True
1587339,63779589470363,-13.54343,2.594555,-0.1202706,-0.006003466,0.997217,-0.0005506136,-0.0743093,-0.001,-0.001,-0.001,1,-1,-1,0.03353227,0.0008999787,-0.02327387,0.03353227,0.0008999787,-0.02327387,0,0,0,0,0,0,-1,-1,False,True,True
1587347,63779589470363,-13.54343,2.594555,-0.1202706,-0.006003466,0.997217,-0.0005506136,-0.0743093,-0.001,-0.001,-0.001,1,-1,-1,0.03260085,0.001571762,-0.02279602,0.03260085,0.001571762,-0.02279602,0,0,0,0,0,0,-1,-1,False,True,True
1587356,63779589470374,-13.5433,2.594584,-0.120151,-0.005819384,0.9972206,-0.0004270411,-0.07427605,-0.001,-0.001,-0.001,1,-1,-1,0.03137126,0.003535233,-0.01495628,0.03137126,0.003535233,-0.01495628,0,0,0,0,0,0,-1,-1,False,True,True
1587364,63779589470385,-13.54324,2.594577,-0.1200854,-0.005646032,0.9972283,-0.0003132446,-0.07418788,-0.001,-0.001,-0.001,1,-1,-1,0.03091748,0.0009001007,-0.01509476,0.03091748,0.0009001007,-0.01509476,0,0,0,0,0,0,-1,-1,False,True,True
1587372,63779589470396,-13.5431,2.594598,-0.1200465,-0.005631104,0.9972322,-8.186883E-05,-0.07413685,-0.001,-0.001,-0.001,1,-1,-1,0.03032481,0.003244339,-0.02413896,0.03032481,0.003244339,-0.02413896,0,0,0,0,0,0,-1,-1,False,True,True
1587381,63779589470396,-13.5431,2.594598,-0.1200465,-0.005631104,0.9972322,-8.186883E-05,-0.07413685,-0.001,-0.001,-0.001,1,-1,-1,0.03038356,0.003054444,-0.02306528,0.03038356,0.003054444,-0.02306528,0,0,0,0,0,0,-1,-1,False,True,True
1587389,63779589470408,-13.54297,2.594604,-0.1200216,-0.00555602,0.9972359,0.0001840368,-0.07409219,-0.001,-0.001,-0.001,1,-1,-1,0.03030058,0.00235025,-0.02009822,0.03030058,0.00235025,-0.02009822,0,0,0,0,0,0,-1,-1,False,True,True
1587397,63779589470419,-13.54284,2.594675,-0.1199761,-0.005476323,0.9972454,0.0003900604,-0.0739697,0.03025678,0.003228714,-0.02458254,0.06085205,-0.01675415,0.9980011,0.03027356,0.003228684,-0.02458255,0.03027356,0.003228684,-0.02458255,0.06083679,-0.01672363,0.9980011,0.06083679,-0.01672363,0.9980011,4.839066,4.839066,True,True,True
1587406,63779589470430,-13.54267,2.594694,-0.1200308,-0.005322928,0.9972487,0.000772953,-0.07393306,-0.02760622,0.003363709,-0.02474475,0.1133881,-0.0925293,0.9892273,0.03033434,0.002946091,-0.02361723,0.03033434,0.002946091,-0.02361723,0.09637451,-0.008071899,0.9953003,0.09637451,-0.008071899,0.9953003,4.777039,4.777039,True,True,True
1587414,63779589470430,-13.54267,2.594694,-0.1200308,-0.005322928,0.9972487,0.000772953,-0.07393306,-0.0276263,0.003350296,-0.02485884,0.1077881,-0.07521057,0.9913177,0.03032607,0.00289888,-0.0235866,0.03032607,0.00289888,-0.0235866,0.1091156,-0.02561951,0.9936829,0.1091156,-0.02561951,0.9936829,4.672974,4.672974,True,True,True
1587422,63779589470441,-13.54255,2.594751,-0.1199837,-0.005244949,0.9972566,0.0009234931,-0.07382983,-0.02760645,0.003289505,-0.02478558,0.1169281,-0.08981323,0.9890594,0.03032816,0.002882935,-0.02350984,0.03032816,0.002882935,-0.02350984,0.1027374,-0.03968811,0.9939117,0.1027374,-0.03968811,0.9939117,4.778107,4.778107,True,True,True
1587431,63779589470452,-13.54241,2.59478,-0.1199303,-0.005127023,0.9972635,0.001124276,-0.07374229,-0.02762161,0.003283188,-0.02486368,0.1087646,-0.08888245,0.9900818,0.03032755,0.002804627,-0.02339128,0.03032755,0.002804627,-0.02339128,0.1071625,-0.0322113,0.9937134,0.1071625,-0.0322113,0.9937134,4.754166,4.754166,True,True,True
1587439,63779589470463,-13.54231,2.594792,-0.1198212,-0.005053879,0.9972709,0.001220806,-0.07364583,-0.02762486,0.003261749,-0.02485675,0.1070099,-0.07899475,0.9911041,0.030388,0.002528763,-0.02247692,0.030388,0.002528763,-0.02247692,0.1183014,-0.04075623,0.9921265,0.1183014,-0.04075623,0.9921265,4.727905,4.727905,True,True,True
1587447,63779589470463,-13.54231,2.594792,-0.1198212,-0.005053879,0.9972709,0.001220806,-0.07364583,-0.02764372,0.003278259,-0.02492622,0.1108093,-0.08023071,0.9905853,0.03038327,0.002514893,-0.02249275,0.03038327,0.002514893,-0.02249275,0.1135101,-0.03309631,0.992981,0.1135101,-0.03309631,0.992981,4.778412,4.778412,True,True,True
1587456,63779589470474,-13.5422,2.59482,-0.1197423,-0.004987344,0.9972805,0.001407517,-0.07351772,-0.02763651,0.003239639,-0.02483652,0.1146393,-0.07955933,0.9902039,0.03032645,0.002612778,-0.02276468,0.03032645,0.002612778,-0.02276468,0.1018677,-0.06143188,0.9928894,0.1018677,-0.06143188,0.9928894,4.734329,4.734329,True,True,True
1587464,63779589470485,-13.5421,2.59482,-0.1197059,-0.004868824,0.9972875,0.001547039,-0.07342675,-0.02764087,0.003233429,-0.0248653,0.1125336,-0.08493042,0.9900055,0.03031984,0.00260733,-0.02278281,0.03031984,0.00260733,-0.02278281,0.1080322,-0.05381775,0.9926758,0.1080322,-0.05381775,0.9926758,4.759933,4.759933,True,True,True
1587472,63779589470497,-13.542,2.59489,-0.1196481,-0.004716408,0.9972925,0.001825639,-0.07336241,-0.02758287,0.003102692,-0.02448799,0.1274567,-0.07548523,0.9889526,0.0303183,0.002616592,-0.02282149,0.0303183,0.002616592,-0.02282149,0.104126,-0.05560303,0.9929962,0.104126,-0.05560303,0.9929962,4.748444,4.748444,True,True,True
1587481,63779589470497,-13.542,2.59489,-0.1196481,-0.004716408,0.9972925,0.001825639,-0.07336241,-0.0275876,0.003092331,-0.02449555,0.1191406,-0.08323669,0.9893799,0.03031677,0.002613754,-0.02284416,0.03031677,0.002613754,-0.02284416,0.1045227,-0.05513,0.992981,0.1045227,-0.05513,0.992981,4.757095,4.757095,True,True,True
1587489,63779589470508,-13.54193,2.594965,-0.1196415,-0.004647042,0.9972953,0.00225069,-0.07331731,-0.02752622,0.003214478,-0.02499779,0.1092529,-0.08030701,0.9907532,0.03031676,0.00259195,-0.02278681,0.03031676,0.00259195,-0.02278681,0.1085205,-0.06161499,0.9921722,0.1085205,-0.06161499,0.9921722,4.750748,4.750748,True,True,True
1587497,63779589470519,-13.54195,2.594981,-0.1196201,-0.004549372,0.9972771,0.002691313,-0.07355531,-0.01773049,0.002951096,-0.0241409,0.1236115,-0.07527161,0.9894562,0.03032681,0.002570343,-0.02275644,0.03032681,0.002570343,-0.02275644,0.1063843,-0.06546021,0.992157,0.1063843,-0.06546021,0.992157,4.685028,4.685028,True,True,True
1587505,63779589470530,-13.54192,2.595064,-0.1195965,-0.004719136,0.9972495,0.003115813,-0.07390196,0.02195748,0.00264534,-0.02304962,0.1099701,-0.06236267,0.9919739,0.03031853,0.00255658,-0.02272188,0.03031853,0.00255658,-0.02272188,0.1094971,-0.05966187,0.9921875,0.1094971,-0.05966187,0.9921875,4.697556,4.697556,True,True,True
1587514,63779589470530,-13.54192,2.595064,-0.1195965,-0.004719136,0.9972495,0.003115813,-0.07390196,0.02833238,0.0025672,-0.02275191,0.1088867,-0.06126404,0.992157,0.03032126,0.00254596,-0.02267195,0.03032126,0.00254596,-0.02267195,0.1086273,-0.06086731,0.9922028,0.1086273,-0.06086731,0.9922028,4.715973,4.715973,True,True,True
1587522,63779589470541,-13.54194,2.595181,-0.119592,-0.005080648,0.9972079,0.003818718,-0.0744036,0.02944766,0.002544708,-0.02265816,0.1114197,-0.0619812,0.9918365,0.03032398,0.002535339,-0.02262203,0.03032398,0.002535339,-0.02262203,0.1113434,-0.06169128,0.9918518,0.1113434,-0.06169128,0.9918518,4.732101,4.732101,True,True,True
1587530,63779589470551,-13.54201,2.595381,-0.1196061,-0.005494373,0.9971536,0.004775599,-0.07504437,0.02959516,0.00259671,-0.02287886,0.1041718,-0.06861877,0.9921875,0.03021648,0.00259166,-0.0228582,0.03021648,0.00259166,-0.0228582,0.1038818,-0.06846619,0.992218,0.1038818,-0.06846619,0.992218,4.773499,4.773499,True,True,True
1587539,63779589470563,-13.54234,2.595628,-0.1196314,-0.00600755,0.9970626,0.006379546,-0.0760876,0.02393067,0.002389969,-0.02233826,0.1613617,-0.0634613,0.984848,0.02992713,0.002320572,-0.02206332,0.02992713,0.002320572,-0.02206332,0.1581421,-0.06118774,0.9855042,0.1581421,-0.06118774,0.9855042,4.855881,4.855881,True,True,True
1587547,63779589470563,-13.54234,2.595628,-0.1196314,-0.00600755,0.9970626,0.006379546,-0.0760876,0.02219038,0.002531159,-0.0230627,0.2092133,-0.05702209,0.9761963,0.02953758,0.002473633,-0.0228103,0.02953758,0.002473633,-0.0228103,0.2022247,-0.05192566,0.977951,0.2022247,-0.05192566,0.977951,4.664078,4.664078,True,True,True
1587556,63779589470574,-13.54268,2.595821,-0.1196451,-0.006792832,0.9969007,0.008141319,-0.0779524,0.01109575,0.002629212,-0.02363043,0.2756348,-0.07264709,0.9585114,0.0291741,0.00251033,-0.02304996,0.0291741,0.00251033,-0.02304996,0.2590637,-0.0643158,0.9636993,0.2590637,-0.0643158,0.9636993,4.800491,4.800491,True,True,True
1587564,63779589470585,-13.54322,2.596065,-0.1195663,-0.00769098,0.9966329,0.009775365,-0.08104445,-0.008352875,0.002722275,-0.02435794,0.3408661,-0.07322693,0.9372406,0.02886304,0.002493576,-0.02313773,0.02886304,0.002493576,-0.02313773,0.313324,-0.06187439,0.9476166,0.313324,-0.06187439,0.9476166,4.834152,4.834152,True,True,True
1587572,63779589470596,-13.5438,2.596255,-0.119455,-0.008398799,0.9962803,0.01102409,-0.0850497,-0.01992546,0.002743469,-0.02484969,0.4056091,-0.08084106,0.9104614,0.02864079,0.002495499,-0.02325597,0.02864079,0.002495499,-0.02325597,0.3847961,-0.05821228,0.9211578,0.3847961,-0.05821228,0.9211578,4.848068,4.848068,True,True,True
1587581,63779589470596,-13.5438,2.596255,-0.119455,-0.008398799,0.9962803,0.01102409,-0.0850497,-0.02820967,0.002760346,-0.02521213,0.4444885,-0.09208679,0.8910217,0.02835459,0.002471359,-0.02334271,0.02835459,0.002471359,-0.02334271,0.4114075,-0.0675354,0.9089355,0.4114075,-0.0675354,0.9089355,4.791428,4.791428,True,True,True
1587589,63779589470607,-13.54446,2.596439,-0.1192813,-0.009181621,0.9958854,0.01214423,-0.08933435,-0.02887163,0.002738983,-0.02534015,0.4767761,-0.0846405,0.8749237,0.02809906,0.002400269,-0.02349977,0.02809906,0.002400269,-0.02349977,0.4430389,-0.03382874,0.8958435,0.4430389,-0.03382874,0.8958435,4.817368,4.817368,True,True,True
1587597,63779589470618,-13.54524,2.596662,-0.1190987,-0.0102302,0.9953898,0.01346266,-0.09440918,-0.02838635,0.002694489,-0.02543691,0.5113373,-0.08914185,0.8547363,0.02796748,0.00249144,-0.02356014,0.02796748,0.00249144,-0.02356014,0.5004578,-0.07321167,0.8626556,0.5004578,-0.07321167,0.8626556,4.901657,4.901657,True,True,True
1587606,63779589470629,-13.54602,2.596865,-0.1188844,-0.01146473,0.9948918,0.0148263,-0.09919155,-0.02388648,0.002695435,-0.02538663,0.543396,-0.09584045,0.8339691,0.02776042,0.002488129,-0.02366527,0.02776042,0.002488129,-0.02366527,0.5180359,-0.06916809,0.8525543,0.5180359,-0.06916809,0.8525543,4.897781,4.897781,True,True,True
1587614,63779589470629,-13.54602,2.596865,-0.1188844,-0.01146473,0.9948918,0.0148263,-0.09919155,-0.02431264,0.002703461,-0.02549278,0.5695648,-0.1027222,0.8154907,0.02757173,0.002512253,-0.02378565,0.02757173,0.002512253,-0.02378565,0.5486755,-0.07025146,0.8330688,0.5486755,-0.07025146,0.8330688,4.868759,4.868759,True,True,True
1587622,63779589470641,-13.54692,2.597084,-0.1187044,-0.01312898,0.9943082,0.01642924,-0.1044465,-0.005775696,0.002638382,-0.02496774,0.5811157,-0.08325195,0.8095398,0.02741626,0.002510666,-0.02386788,0.02741626,0.002510666,-0.02386788,0.5634918,-0.06642151,0.8234406,0.5634918,-0.06642151,0.8234406,4.977325,4.977325,True,True,True
1587631,63779589470652,-13.54778,2.597259,-0.1184818,-0.01501116,0.9936626,0.01786453,-0.1099557,-0.005704682,0.002628647,-0.0250311,0.5947418,-0.08152771,0.7997589,0.02735939,0.002509888,-0.02392615,0.02735939,0.002509888,-0.02392615,0.5841064,-0.07164001,0.8085022,0.5841064,-0.07164001,0.8085022,4.899841,4.899841,True,True,True
1587639,63779589470663,-13.54871,2.59735,-0.1182313,-0.01733746,0.9929232,0.01892667,-0.1159512,-0.003868531,0.002606689,-0.02506014,0.6175537,-0.08335876,0.7820892,0.02725072,0.002489426,-0.0240183,0.02725072,0.002489426,-0.0240183,0.6038818,-0.06144714,0.7946777,0.6038818,-0.06144714,0.7946777,4.994354,4.994354,True,True,True
1587647,63779589470663,-13.54871,2.59735,-0.1182313,-0.01733746,0.9929232,0.01892667,-0.1159512,-0.001,-0.001,-0.001,1,-1,-1,0.02719756,0.002504807,-0.02412168,0.02719756,0.002504807,-0.02412168,0,0,0,0,0,0,-1,-1,False,True,True
1587656,63779589470674,-13.54968,2.59744,-0.1179581,-0.01940714,0.9921402,0.01980603,-0.1220208,-0.001,-0.001,-0.001,1,-1,-1,0.02705879,0.002484452,-0.02418796,0.02705879,0.002484452,-0.02418796,0,0,0,0,0,0,-1,-1,False,True,True
1587664,63779589470685,-13.55083,2.597519,-0.1176831,-0.02177958,0.9912289,0.02087057,-0.1286674,-0.001,-0.001,-0.001,1,-1,-1,0.02698465,0.002503601,-0.02422138,0.02698465,0.002503601,-0.02422138,0,0,0,0,0,0,-1,-1,False,True,True
1587672,63779589470696,-13.55202,2.597617,-0.1173629,-0.02402515,0.9901624,0.02209665,-0.1360626,-0.001,-0.001,-0.001,1,-1,-1,0.02692314,0.00252269,-0.02429602,0.02692314,0.00252269,-0.02429602,0,0,0,0,0,0,-1,-1,False,True,True
1587681,63779589470707,-13.55321,2.597651,-0.1170033,-0.02605099,0.9889259,0.02331308,-0.1442344,-0.001,-0.001,-0.001,1,-1,-1,0.02676404,0.002511368,-0.02441133,0.02676404,0.002511368,-0.02441133,0,0,0,0,0,0,-1,-1,False,True,True
1587689,63779589470707,-13.55321,2.597651,-0.1170033,-0.02605099,0.9889259,0.02331308,-0.1442344,-0.001,-0.001,-0.001,1,-1,-1,0.02663254,0.002496216,-0.02450676,0.02663254,0.002496216,-0.02450676,0,0,0,0,0,0,-1,-1,False,True,True
1587697,63779589470718,-13.55453,2.597719,-0.1165454,-0.02808013,0.9874721,0.02442415,-0.1533428,-0.001,-0.001,-0.001,1,-1,-1,0.02659236,0.002456192,-0.02458243,0.02659236,0.002456192,-0.02458243,0,0,0,0,0,0,-1,-1,False,True,True
1587706,63779589470729,-13.55603,2.597721,-0.1160625,-0.02984848,0.985923,0.02551132,-0.1625242,-0.001,-0.001,-0.001,1,-1,-1,0.02648613,0.002462494,-0.02464279,0.02648613,0.002462494,-0.02464279,0,0,0,0,0,0,-1,-1,False,True,True
1587714,63779589470729,-13.55603,2.597721,-0.1160625,-0.02984848,0.985923,0.02551132,-0.1625242,-0.001,-0.001,-0.001,1,-1,-1,0.02640659,0.002511063,-0.02471352,0.02640659,0.002511063,-0.02471352,0,0,0,0,0,0,-1,-1,False,True,True
1587722,63779589470741,-13.55754,2.597691,-0.1155795,-0.03134608,0.9841444,0.02663386,-0.1725337,-0.001,-0.001,-0.001,1,-1,-1,0.02634972,0.002596558,-0.02483569,0.02634972,0.002596558,-0.02483569,0,0,0,0,0,0,-1,-1,False,True,True
1587730,63779589470752,-13.5592,2.597756,-0.1150711,-0.03286125,0.982224,0.02797241,-0.1826847,-0.001,-0.001,-0.001,1,-1,-1,0.02625028,0.00260965,-0.02492535,0.02625028,0.00260965,-0.02492535,0,0,0,0,0,0,-1,-1,False,True,True
1587739,63779589470763,-13.56087,2.597737,-0.1143835,-0.03439173,0.9799592,0.02938311,-0.1939946,-0.001,-0.001,-0.001,1,-1,-1,0.02621094,0.002623718,-0.02496832,0.02621094,0.002623718,-0.02496832,0,0,0,0,0,0,-1,-1,False,True,True
1587747,63779589470763,-13.56254,2.59772,-0.1136997,-0.03591231,0.9775546,0.03050291,-0.2053458,-0.001,-0.001,-0.001,1,-1,-1,0.02618187,0.002635147,-0.02498305,0.02618187,0.002635147,-0.02498305,0,0,0,0,0,0,-1,-1,False,True,True
1587755,63779589470774,-13.56254,2.59772,-0.1136997,-0.03591231,0.9775546,0.03050291,-0.2053458,-0.001,-0.001,-0.001,1,-1,-1,0.02611879,0.002669159,-0.02506744,0.02611879,0.002669159,-0.02506744,0,0,0,0,0,0,-1,-1,False,True,True
1587764,63779589470785,-13.56436,2.597612,-0.112955,-0.03753741,0.9748401,0.03133231,-0.2174765,-0.001,-0.001,-0.001,1,-1,-1,0.02606139,0.002684769,-0.02511917,0.02606139,0.002684769,-0.02511917,0,0,0,0,0,0,-1,-1,False,True,True
1587772,63779589470796,-13.56607,2.597486,-0.112215,-0.03936381,0.9720068,0.03195539,-0.229417,-0.001,-0.001,-0.001,1,-1,-1,0.02604019,0.002704346,-0.02514845,0.02604019,0.002704346,-0.02514845,0,0,0,0,0,0,-1,-1,False,True,True
1587780,63779589470796,-13.56788,2.597363,-0.1113364,-0.04111867,0.9689649,0.0326723,-0.2415547,-0.001,-0.001,-0.001,1,-1,-1,0.02601139,0.002768463,-0.02520686,0.02601139,0.002768463,-0.02520686,0,0,0,0,0,0,-1,-1,False,True,True
1587789,63779589470807,-13.56788,2.597363,-0.1113364,-0.04111867,0.9689649,0.0326723,-0.2415547,-0.001,-0.001,-0.001,1,-1,-1,0.02600006,0.002739899,-0.02522405,0.02600006,0.002739899,-0.02522405,0,0,0,0,0,0,-1,-1,False,True,True
1587797,63779589470819,-13.56973,2.597238,-0.1103733,-0.0431729,0.9657711,0.03369372,-0.253549,-0.001,-0.001,-0.001,1,-1,-1,0.02595889,0.00279039,-0.02522537,0.02595889,0.00279039,-0.02522537,0,0,0,0,0,0,-1,-1,False,True,True
1587805,63779589470830,-13.57158,2.597134,-0.1093947,-0.04513968,0.9622912,0.03505964,-0.2659492,-0.001,-0.001,-0.001,1,-1,-1,0.02591728,0.002820008,-0.02527156,0.02591728,0.002820008,-0.02527156,0,0,0,0,0,0,-1,-1,False,True,True
1587814,63779589470841,-13.57348,2.596912,-0.1082563,-0.04732702,0.9582307,0.03663863,-0.2796637,-0.001,-0.001,-0.001,1,-1,-1,0.02590727,0.002832398,-0.02526953,0.02590727,0.002832398,-0.02526953,0,0,0,0,0,0,-1,-1,False,True,True
1587822,63779589470841,-13.57348,2.596912,-0.1082563,-0.04732702,0.9582307,0.03663863,-0.2796637,-0.001,-0.001,-0.001,1,-1,-1,0.02594165,0.002825867,-0.02522121,0.02594165,0.002825867,-0.02522121,0,0,0,0,0,0,-1,-1,False,True,True
1587830,63779589470852,-13.57539,2.59669,-0.1070639,-0.04964443,0.9538095,0.03805581,-0.2938277,-0.001,-0.001,-0.001,1,-1,-1,0.02593996,0.00284224,-0.0252403,0.02593996,0.00284224,-0.0252403,0,0,0,0,0,0,-1,-1,False,True,True
1587839,63779589470864,-13.57726,2.596483,-0.1057587,-0.05202685,0.9488847,0.03969166,-0.3087647,-0.001,-0.001,-0.001,1,-1,-1,0.02599815,0.002857895,-0.02516768,0.02599815,0.002857895,-0.02516768,0,0,0,0,0,0,-1,-1,False,True,True
1587847,63779589470864,-13.57726,2.596483,-0.1057587,-0.05202685,0.9488847,0.03969166,-0.3087647,-0.001,-0.001,-0.001,1,-1,-1,0.02614941,0.002845673,-0.0250215,0.02614941,0.002845673,-0.0250215,0,0,0,0,0,0,-1,-1,False,True,True
1587855,63779589470875,-13.57912,2.596246,-0.1043897,-0.05442584,0.9438393,0.04115842,-0.3232818,-0.001,-0.001,-0.001,1,-1,-1,0.02633958,0.002827347,-0.0248765,0.02633958,0.002827347,-0.0248765,0,0,0,0,0,0,-1,-1,False,True,True
1587864,63779589470886,-13.58092,2.596042,-0.1029561,-0.05653601,0.9385923,0.04234996,-0.3377199,-0.001,-0.001,-0.001,1,-1,-1,0.02650037,0.002803085,-0.02475992,0.02650037,0.002803085,-0.02475992,0,0,0,0,0,0,-1,-1,False,True,True
1587872,63779589470897,-13.58286,2.595839,-0.1014342,-0.05869648,0.9332545,0.04305506,-0.3517629,-0.001,-0.001,-0.001,1,-1,-1,0.02662531,0.002789261,-0.02461699,0.02662531,0.002789261,-0.02461699,0,0,0,0,0,0,-1,-1,False,True,True
1587880,63779589470897,-13.58286,2.595839,-0.1014342,-0.05869648,0.9332545,0.04305506,-0.3517629,-0.001,-0.001,-0.001,1,-1,-1,0.02681125,0.002736801,-0.02445577,0.02681125,0.002736801,-0.02445577,0,0,0,0,0,0,-1,-1,False,True,True
1587889,63779589470908,-13.5845,2.595519,-0.09983474,-0.06158557,0.927713,0.04396451,-0.3655447,-0.001,-0.001,-0.001,1,-1,-1,0.02698483,0.002693192,-0.02432514,0.02698483,0.002693192,-0.02432514,0,0,0,0,0,0,-1,-1,False,True,True
1587897,63779589470919,-13.58611,2.595248,-0.09836888,-0.06236373,0.9221119,0.04483603,-0.3792233,-0.001,-0.001,-0.001,1,-1,-1,0.02714017,0.00262912,-0.02423964,0.02714017,0.00262912,-0.02423964,0,0,0,0,0,0,-1,-1,False,True,True
1587905,63779589470930,-13.58767,2.594926,-0.09690493,-0.0632251,0.9166727,0.04577478,-0.3919419,0.02726485,0.002580154,-0.0240916,0.6117096,0.01939392,0.7908325,0.02726485,0.002580154,-0.0240916,0.02726485,0.002580154,-0.0240916,0.6117096,0.01939392,0.7908325,0.6117096,0.01939392,0.7908325,4.873932,4.873932,True,True,True
1587914,63779589470930,-13.58767,2.594926,-0.09690493,-0.0632251,0.9166727,0.04577478,-0.3919419,-0.01983939,0.003004715,-0.02556268,0.6097565,-0.03074646,0.7919769,0.02737386,0.002524918,-0.02403137,0.02737386,0.002524918,-0.02403137,0.5937042,0.04277039,0.8035278,0.5937042,0.04277039,0.8035278,4.981445,4.981445,True,True,True
1587922,63779589470942,-13.58912,2.594666,-0.09546024,-0.06454246,0.911298,0.04598665,-0.4040489,-0.01107347,0.002941116,-0.02518726,0.590744,-0.02635193,0.8064117,0.02753591,0.002559754,-0.02391119,0.02753591,0.002559754,-0.02391119,0.582901,0.01473999,0.8124084,0.582901,0.01473999,0.8124084,4.891541,4.891541,True,True,True
1587930,63779589470952,-13.59052,2.594369,-0.09408259,-0.06568763,0.9059024,0.04607407,-0.4158163,-0.007205048,0.00288475,-0.02498241,0.5715637,-0.01794434,0.820343,0.02768572,0.002499771,-0.0238329,0.02768572,0.002499771,-0.0238329,0.5595093,0.01887512,0.828598,0.5595093,0.01887512,0.828598,4.944077,4.944077,True,True,True
1587939,63779589470964,-13.59175,2.593977,-0.0927161,-0.06669221,0.9007811,0.04591887,-0.4266581,-0.007181412,0.0028815,-0.02491068,0.5548248,-0.01196289,0.8318787,0.02784912,0.002473786,-0.02373975,0.02784912,0.002473786,-0.02373975,0.5363159,0.02223206,0.8437042,0.5363159,0.02223206,0.8437042,4.938156,4.938156,True,True,True
1587947,63779589470964,-13.59175,2.593977,-0.0927161,-0.06669221,0.9007811,0.04591887,-0.4266581,-0.00256427,0.002834656,-0.02466293,0.5324402,-0.02458191,0.8460999,0.02798435,0.002491226,-0.02365552,0.02798435,0.002491226,-0.02365552,0.5252533,0.01051331,0.8508759,0.5252533,0.01051331,0.8508759,4.788177,4.788177,True,True,True
1587955,63779589470975,-13.59296,2.593598,-0.09138137,-0.06755544,0.8957174,0.04563348,-0.437086,-0.003362671,0.002825562,-0.02464244,0.5063477,-0.009246826,0.8622742,0.02806387,0.002415512,-0.0236156,0.02806387,0.002415512,-0.0236156,0.4911957,0.0289917,0.8705597,0.4911957,0.0289917,0.8705597,4.822906,4.822906,True,True,True
1587964,63779589470986,-13.594,2.593244,-0.09017605,-0.06828091,0.8910869,0.04520082,-0.4463842,-0.003455704,0.002825165,-0.02458081,0.4831238,-0.02618408,0.8751373,0.02809476,0.002393677,-0.02356358,0.02809476,0.002393677,-0.02356358,0.4608154,0.02619934,0.8871002,0.4608154,0.02619934,0.8871002,4.854324,4.854324,True,True,True
1587972,63779589470997,-13.59502,2.592893,-0.0890246,-0.06887882,0.8866662,0.0446,-0.4550709,-0.002229996,0.00287442,-0.02462131,0.5124512,-0.0005950928,0.8587036,0.0280109,0.002475327,-0.02364093,0.0280109,0.002475327,-0.02364093,0.4969482,0.04206848,0.866745,0.4969482,0.04206848,0.866745,4.898041,4.898041,True,True,True
1587980,63779589470997,-13.59502,2.592893,-0.0890246,-0.06887882,0.8866662,0.0446,-0.4550709,0.003986099,0.002873505,-0.02449838,0.5429382,0.01358032,0.8396454,0.0279171,0.002574066,-0.02372891,0.0279171,0.002574066,-0.02372891,0.5462036,0.04421997,0.8364716,0.5462036,0.04421997,0.8364716,4.779343,4.779343,True,True,True
1587989,63779589471008,-13.59595,2.592525,-0.08803409,-0.06954884,0.8825828,0.04400104,-0.462898,0.005575837,0.00290802,-0.02452417,0.5574341,0.02900696,0.8296967,0.02778557,0.002610382,-0.02379732,0.02778557,0.002610382,-0.02379732,0.5478973,0.06069946,0.8343201,0.5478973,0.06069946,0.8343201,4.994034,4.994034,True,True,True
1587997,63779589471019,-13.59675,2.592259,-0.08709812,-0.07022192,0.878831,0.04327989,-0.4699489,0.008501984,0.002952866,-0.02440224,0.5515137,0.03773499,0.8332977,0.02782094,0.002703858,-0.02377133,0.02782094,0.002703858,-0.02377133,0.5460815,0.06430054,0.8352509,0.5460815,0.06430054,0.8352509,4.970505,4.970505,True,True,True
1588005,63779589471031,-13.59742,2.591971,-0.08624417,-0.07085737,0.8751552,0.04281352,-0.4767072,0.006943802,0.002957764,-0.02437557,0.5257568,0.04808044,0.8492584,0.02796866,0.002668625,-0.02368086,0.02796866,0.002668625,-0.02368086,0.5222931,0.07389832,0.8495483,0.5222931,0.07389832,0.8495483,4.933426,4.933426,True,True,True
1588014,63779589471031,-13.59742,2.591971,-0.08624417,-0.07085737,0.8751552,0.04281352,-0.4767072,0.006878037,0.002961868,-0.0243212,0.5081482,0.04592896,0.8600311,0.02805185,0.002669434,-0.02362279,0.02805185,0.002669434,-0.02362279,0.5012665,0.06855774,0.8625641,0.5012665,0.06855774,0.8625641,4.922623,4.922623,True,True,True
1588022,63779589471041,-13.59806,2.591672,-0.08556437,-0.07135126,0.8721872,0.04219825,-0.4820974,0.006239258,0.002965424,-0.02430794,0.4985046,0.03990173,0.8659515,0.02810669,0.002665116,-0.02359258,0.02810669,0.002665116,-0.02359258,0.4910736,0.06591797,0.8686066,0.4910736,0.06591797,0.8686066,4.931122,4.931122,True,True,True
1588030,63779589471053,-13.59863,2.591474,-0.08513892,-0.07173848,0.8693344,0.04148286,-0.4872274,0.00569397,0.002976227,-0.02428198,0.4815216,0.03543091,0.8757019,0.0281709,0.002662216,-0.02354424,0.0281709,0.002662216,-0.02354424,0.4699402,0.06065369,0.8806,0.4699402,0.06065369,0.8806,4.982971,4.982971,True,True,True
1588039,63779589471064,-13.59903,2.591264,-0.08467507,-0.07203235,0.8672388,0.04092373,-0.4909517,0.006123291,0.002973801,-0.02425202,0.4728241,0.04490662,0.8800049,0.02824883,0.002663712,-0.02353462,0.02824883,0.002663712,-0.02353462,0.4645233,0.07478333,0.8823853,0.4645233,0.07478333,0.8823853,4.818237,4.818237,True,True,True
1588047,63779589471064,-13.59903,2.591264,-0.08467507,-0.07203235,0.8672388,0.04092373,-0.4909517,0.005308319,0.002984757,-0.02424759,0.4711456,0.04089355,0.8810883,0.02834091,0.00265651,-0.02350461,0.02834091,0.00265651,-0.02350461,0.4654083,0.06863403,0.8824158,0.4654083,0.06863403,0.8824158,4.844818,4.844818,True,True,True
1588055,63779589471075,-13.59951,2.591033,-0.08428013,-0.07227593,0.8652493,0.04036063,-0.4944603,0.003950195,0.003009812,-0.0242634,0.4607697,0.03944397,0.8866272,0.02840235,0.002659607,-0.02346721,0.02840235,0.002659607,-0.02346721,0.4501648,0.06759644,0.8903656,0.4501648,0.06759644,0.8903656,4.888031,4.888031,True,True,True
1588064,63779589471086,-13.59987,2.590842,-0.0841006,-0.07242719,0.8638566,0.03986941,-0.4969069,0.00345839,0.003028732,-0.02425037,0.4563293,0.03193665,0.8892212,0.02846971,0.002685883,-0.02342885,0.02846971,0.002685883,-0.02342885,0.4480743,0.05049133,0.8925629,0.4480743,0.05049133,0.8925629,4.943085,4.943085,True,True,True
1588072,63779589471097,-13.60024,2.590678,-0.08385783,-0.07278927,0.8626198,0.03928056,-0.499045,0.00371463,0.00303598,-0.02421604,0.4445343,0.03067017,0.8952179,0.0285215,0.00270401,-0.0234097,0.0285215,0.00270401,-0.0234097,0.4402618,0.0524292,0.8963165,0.4402618,0.0524292,0.8963165,4.893143,4.893143,True,True,True
1588080,63779589471097,-13.60024,2.590678,-0.08385783,-0.07278927,0.8626198,0.03928056,-0.499045,0.004415818,0.003039078,-0.02418266,0.4416656,0.03309631,0.8965607,0.02855452,0.002713593,-0.02338867,0.02855452,0.002713593,-0.02338867,0.4364777,0.0464325,0.8985138,0.4364777,0.0464325,0.8985138,4.983337,4.983337,True,True,True
1588089,63779589471108,-13.60048,2.590578,-0.083785,-0.07301944,0.8618757,0.03882213,-0.5003312,0.004794342,0.003039246,-0.02415982,0.4377594,0.03404236,0.8984375,0.02858064,0.002720734,-0.02339598,0.02858064,0.002720734,-0.02339598,0.4352112,0.05976868,0.8983307,0.4352112,0.05976868,0.8983307,4.877258,4.877258,True,True,True
1588097,63779589471120,-13.60069,2.590507,-0.08370435,-0.07344303,0.861486,0.03850496,-0.5009644,0.005093247,0.003032593,-0.02412982,0.4256592,0.03511047,0.9041901,0.02861318,0.002713287,-0.02336241,0.02861318,0.002713287,-0.02336241,0.4148407,0.05822754,0.90802,0.4148407,0.05822754,0.90802,4.955002,4.955002,True,True,True
1588105,63779589471131,-13.60089,2.590383,-0.08359903,-0.07385522,0.8610845,0.03826306,-0.5016123,0.005605118,0.003025681,-0.02409703,0.4208679,0.03572083,0.9064026,0.02864536,0.002715714,-0.02335324,0.02864536,0.002715714,-0.02335324,0.4179993,0.05851746,0.9065399,0.4179993,0.05851746,0.9065399,4.973907,4.973907,True,True,True
1588114,63779589471131,-13.60089,2.590383,-0.08359903,-0.07385522,0.8610845,0.03826306,-0.5016123,0.005772064,0.003025574,-0.02408237,0.4179382,0.03292847,0.9078674,0.02866339,0.002716599,-0.02334198,0.02866339,0.002716599,-0.02334198,0.4132996,0.05682373,0.9088135,0.4132996,0.05682373,0.9088135,4.95134,4.95134,True,True,True
1588122,63779589471141,-13.60098,2.590405,-0.08378595,-0.07419815,0.8611643,0.03824743,-0.5014256,0.007517853,0.003005554,-0.0240213,0.4138947,0.03730774,0.9095459,0.028677,0.002717667,-0.02333466,0.028677,0.002717667,-0.02333466,0.4080963,0.0585022,0.9110413,0.4080963,0.0585022,0.9110413,4.889481,4.889481,True,True,True
1588130,63779589471152,-13.60106,2.590472,-0.08384895,-0.07436568,0.8613734,0.0381753,-0.501047,0.007773651,0.003004807,-0.02401051,0.407486,0.04550171,0.9120636,0.02868552,0.002720871,-0.02333315,0.02868552,0.002720871,-0.02333315,0.4004669,0.06843567,0.9137421,0.4004669,0.06843567,0.9137421,4.870026,4.870026,True,True,True
1588139,63779589471164,-13.60111,2.590504,-0.08395219,-0.07432505,0.8619447,0.03839843,-0.5000528,0.007564789,0.003012055,-0.0240203,0.4160614,0.04264832,0.9083252,0.02869876,0.002726776,-0.02333792,0.02869876,0.002726776,-0.02333792,0.4145966,0.06358337,0.9077759,0.4145966,0.06358337,0.9077759,4.933929,4.933929,True,True,True
1588147,63779589471164,-13.60111,2.590504,-0.08395219,-0.07432505,0.8619447,0.03839843,-0.5000528,0.007168122,0.00301471,-0.02402385,0.4066467,0.04101563,0.9126587,0.02870551,0.002722366,-0.02332341,0.02870551,0.002722366,-0.02332341,0.4001465,0.06277466,0.9142914,0.4001465,0.06277466,0.9142914,4.843613,4.843613,True,True,True
1588155,63779589471175,-13.60118,2.590602,-0.08407521,-0.07436231,0.8626043,0.03844185,-0.4989052,0.006830719,0.003020462,-0.02403502,0.4090576,0.04084778,0.9115906,0.02870532,0.002724716,-0.02332379,0.02870532,0.002724716,-0.02332379,0.4029999,0.06311035,0.9130096,0.4029999,0.06311035,0.9130096,4.859528,4.859528,True,True,True
1588164,63779589471186,-13.60113,2.590624,-0.08421725,-0.07422175,0.8634252,0.03866726,-0.4974866,0.005946854,0.003033539,-0.02406348,0.4072571,0.04005432,0.9124298,0.02870514,0.002727066,-0.02332341,0.02870514,0.002727066,-0.02332341,0.4000549,0.06285095,0.9143219,0.4000549,0.06285095,0.9143219,4.843658,4.843658,True,True,True
1588172,63779589471197,-13.60112,2.590679,-0.08437276,-0.07424956,0.8642029,0.03878769,-0.4961208,0.006887574,0.003081406,-0.02405634,0.4165497,0.0375824,0.9083252,0.02859607,0.002803208,-0.02333907,0.02859607,0.002803208,-0.02333907,0.4073029,0.05496216,0.9116211,0.4073029,0.05496216,0.9116211,4.892593,4.892593,True,True,True
1588180,63779589471197,-13.60112,2.590679,-0.08437276,-0.07424956,0.8642029,0.03878769,-0.4961208,0.006960282,0.003168808,-0.02415375,0.4536285,0.05686951,0.8893585,0.02842656,0.002893463,-0.02345354,0.02842656,0.002893463,-0.02345354,0.4476776,0.07746887,0.8908234,0.4476776,0.07746887,0.8908234,4.996674,4.996674,True,True,True
1588189,63779589471208,-13.60115,2.590786,-0.08453399,-0.0742003,0.8651261,0.03908734,-0.494493,0.004871491,0.003255371,-0.02430026,0.4658508,0.08180237,0.8810577,0.02829794,0.002935074,-0.02354205,0.02829794,0.002935074,-0.02354205,0.4569244,0.1104736,0.8826141,0.4569244,0.1104736,0.8826141,4.975464,4.975464,True,True,True
1588197,63779589471220,-13.60109,2.590895,-0.08463889,-0.07416563,0.8660069,0.03950109,-0.4929212,0.003804947,0.003318314,-0.02433333,0.4642639,0.07189941,0.8827667,0.0282357,0.003004273,-0.02352948,0.0282357,0.003004273,-0.02352948,0.451416,0.0952301,0.887207,0.451416,0.0952301,0.887207,4.891464,4.891464,True,True,True
1588205,63779589471231,-13.60102,2.591068,-0.08476073,-0.07396871,0.8669145,0.04012483,-0.4913023,0.003260529,0.003316437,-0.02435875,0.4666595,0.07408142,0.8813171,0.0282332,0.003000412,-0.02353459,0.0282332,0.003000412,-0.02353459,0.4515686,0.1002197,0.8865814,0.4515686,0.1002197,0.8865814,4.872314,4.872314,True,True,True
1588214,63779589471231,-13.60102,2.591068,-0.08476073,-0.07396871,0.8669145,0.04012483,-0.4913023,0.002875549,0.003308579,-0.02437009,0.4628754,0.07563782,0.8831787,0.02821788,0.002991577,-0.02353737,0.02821788,0.002991577,-0.02353737,0.4495239,0.102478,0.8873596,0.4495239,0.102478,0.8873596,4.885757,4.885757,True,True,True
1588222,63779589471242,-13.60091,2.591234,-0.08482808,-0.07361792,0.867772,0.04098865,-0.4897674,0.002628418,0.003305893,-0.02439093,0.4785614,0.07322693,0.8749847,0.02823879,0.002983322,-0.02354558,0.02823879,0.002983322,-0.02354558,0.4703064,0.09999084,0.8768158,0.4703064,0.09999084,0.8768158,4.908447,4.908447,True,True,True
1588230,63779589471253,-13.60091,2.59138,-0.0848375,-0.07336528,0.8685119,0.04185569,-0.4884186,0.003076233,0.003294159,-0.02437369,0.4767761,0.07067871,0.8761597,0.02822319,0.002982422,-0.02354363,0.02822319,0.002982422,-0.02354363,0.4690399,0.09815979,0.8776855,0.4690399,0.09815979,0.8776855,4.895691,4.895691,True,True,True
1588239,63779589471264,-13.60085,2.591573,-0.08489984,-0.07309713,0.8692089,0.04270738,-0.4871436,0.003872605,0.003291382,-0.02437071,0.4811859,0.07553101,0.8733521,0.02817012,0.002996201,-0.0235638,0.02817012,0.002996201,-0.0235638,0.4708862,0.09886169,0.8766327,0.4708862,0.09886169,0.8766327,4.955704,4.955704,True,True,True
1588247,63779589471264,-13.60085,2.591573,-0.08489984,-0.07309713,0.8692089,0.04270738,-0.4871436,0.006676438,0.003243378,-0.02427924,0.4833221,0.08154297,0.8716278,0.02819327,0.002984085,-0.02356162,0.02819327,0.002984085,-0.02356162,0.4760284,0.1038513,0.8732605,0.4760284,0.1038513,0.8732605,4.994949,4.994949,True,True,True
1588255,63779589471275,-13.60071,2.591712,-0.08491611,-0.07297205,0.8698159,0.04370791,-0.4859888,0.008190766,0.003229172,-0.02424068,0.4824066,0.08126831,0.8721466,0.02814987,0.002996247,-0.02357654,0.02814987,0.002996247,-0.02357654,0.4732208,0.1034851,0.8748322,0.4732208,0.1034851,0.8748322,4.882324,4.882324,True,True,True
1588264,63779589471286,-13.60056,2.591809,-0.08493572,-0.07286369,0.8704286,0.04461556,-0.4848242,0.008389954,0.003216416,-0.02422341,0.4776001,0.07530212,0.8753357,0.02814101,0.002984619,-0.02355943,0.02814101,0.002984619,-0.02355943,0.4674683,0.09344482,0.8790436,0.4674683,0.09344482,0.8790436,4.857651,4.857651,True,True,True
1588272,63779589471297,-13.6004,2.591882,-0.08488041,-0.07287757,0.871021,0.04532266,-0.483691,0.007979767,0.003214981,-0.02424602,0.4831085,0.07466125,0.8723602,0.02812194,0.002979218,-0.02357453,0.02812194,0.002979218,-0.02357453,0.474823,0.09738159,0.8746643,0.474823,0.09738159,0.8746643,4.928009,4.928009,True,True,True
1588280,63779589471297,-13.6004,2.591882,-0.08488041,-0.07287757,0.871021,0.04532266,-0.483691,0.006514374,0.00322786,-0.02430376,0.4830322,0.07640076,0.8722534,0.02810783,0.002970368,-0.02357848,0.02810783,0.002970368,-0.02357848,0.4722137,0.09832764,0.8759613,0.4722137,0.09832764,0.8759613,4.755707,4.755707,True,True,True
1588289,63779589471308,-13.60028,2.591969,-0.08487821,-0.07296788,0.8715818,0.04584844,-0.4826165,0.006317322,0.003221466,-0.02431033,0.4902802,0.06739807,0.8689423,0.02809775,0.002958588,-0.02357912,0.02809775,0.002958588,-0.02357912,0.4837189,0.08587646,0.8709869,0.4837189,0.08587646,0.8709869,4.870956,4.870956,True,True,True
1588297,63779589471319,-13.60015,2.592013,-0.08480752,-0.0730884,0.8721451,0.04619482,-0.4815464,0.005949432,0.003218552,-0.02431365,0.4893494,0.06034851,0.8699951,0.02808647,0.002945816,-0.02356188,0.02808647,0.002945816,-0.02356188,0.4792175,0.07501221,0.8744812,0.4792175,0.07501221,0.8744812,4.956863,4.956863,True,True,True
1588305,63779589471330,-13.59997,2.592137,-0.08485466,-0.07305367,0.872781,0.04634552,-0.4803838,0.005478546,0.00322493,-0.02433766,0.4885864,0.06654358,0.8699646,0.0280743,0.002945938,-0.02357449,0.0280743,0.002945938,-0.02357449,0.4790192,0.08587646,0.8735809,0.4790192,0.08587646,0.8735809,4.908508,4.908508,True,True,True
1588314,63779589471330,-13.59997,2.592137,-0.08485466,-0.07305367,0.872781,0.04634552,-0.4803838,0.005379319,0.003225372,-0.02434099,0.4900513,0.06488037,0.8692627,0.02806909,0.002943787,-0.02357372,0.02806909,0.002943787,-0.02357372,0.47966,0.08349609,0.8734589,0.47966,0.08349609,0.8734589,4.923584,4.923584,True,True,True
1588322,63779589471341,-13.59988,2.592236,-0.08485788,-0.07259314,0.8734863,0.04670173,-0.4791354,0.005132217,0.003227295,-0.02435465,0.4893188,0.06925964,0.869339,0.02804796,0.002941238,-0.02358231,0.02804796,0.002941238,-0.02358231,0.4764709,0.09132385,0.8744202,0.4764709,0.09132385,0.8744202,4.862686,4.862686,True,True,True
1588330,63779589471352,-13.59974,2.592379,-0.08484918,-0.0721162,0.8741165,0.04705203,-0.4780228,0.004978623,0.003223068,-0.02435555,0.492569,0.06037903,0.8681641,0.02803862,0.002929123,-0.02357483,0.02803862,0.002929123,-0.02357483,0.4823608,0.07794189,0.8724823,0.4823608,0.07794189,0.8724823,4.92865,4.92865,True,True,True
1588339,63779589471364,-13.59966,2.59256,-0.08483464,-0.07122655,0.8747725,0.04732969,-0.4769273,0.0045392,0.003227707,-0.02438091,0.494751,0.06407166,0.8666534,0.02802728,0.002925583,-0.02359224,0.02802728,0.002925583,-0.02359224,0.4861603,0.08459473,0.869751,0.4861603,0.08459473,0.869751,4.722366,4.722366,True,True,True
1588347,63779589471364,-13.59966,2.59256,-0.08483464,-0.07122655,0.8747725,0.04732969,-0.4769273,0.003956208,0.00323143,-0.02440651,0.5015411,0.06266785,0.862854,0.02801872,0.002919907,-0.02360141,0.02801872,0.002919907,-0.02360141,0.4967499,0.0834198,0.8638611,0.4967499,0.0834198,0.8638611,4.899323,4.899323,True,True,True
1588355,63779589471375,-13.59958,2.592728,-0.08483052,-0.0705341,0.8753285,0.04758843,-0.4759835,0.003800263,0.003233765,-0.0244368,0.5061798,0.06929016,0.8596344,0.02801004,0.0029207,-0.02361577,0.02801004,0.0029207,-0.02361577,0.4992676,0.09243774,0.8614807,0.4992676,0.09243774,0.8614807,4.884003,4.884003,True,True,True
1588364,63779589471386,-13.5994,2.592822,-0.08485752,-0.07004499,0.8758616,0.04782324,-0.4750506,0.004977829,0.003215668,-0.02440491,0.5080566,0.06958008,0.85849,0.02800803,0.002917526,-0.02361278,0.02800803,0.002917526,-0.02361278,0.4971313,0.08883667,0.8630981,0.4971313,0.08883667,0.8630981,4.863144,4.863144,True,True,True
1588372,63779589471397,-13.59935,2.592854,-0.08487934,-0.06978475,0.8764093,0.0479423,-0.4740658,0.005644531,0.003199036,-0.02437329,0.5053864,0.06382751,0.8605194,0.028006,0.002914353,-0.02360977,0.028006,0.002914353,-0.02360977,0.4983521,0.08578491,0.8627014,0.4983521,0.08578491,0.8627014,4.878479,4.878479,True,True,True
1588380,63779589471397,-13.59935,2.592854,-0.08487934,-0.06978475,0.8764093,0.0479423,-0.4740658,0.00697609,0.003180268,-0.02433598,0.508194,0.06646729,0.8586578,0.02800235,0.002911606,-0.02360986,0.02800235,0.002911606,-0.02360986,0.4995575,0.08576965,0.8620148,0.4995575,0.08576965,0.8620148,4.862808,4.862808,True,True,True
1588389,63779589471408,-13.59918,2.592874,-0.08486849,-0.06957363,0.8769088,0.04789669,-0.473177,0.007871628,0.003168503,-0.02432832,0.5175171,0.07099915,0.8527069,0.02797632,0.00290976,-0.02363405,0.02797632,0.00290976,-0.02363405,0.5106049,0.08764648,0.8553162,0.5106049,0.08764648,0.8553162,4.812241,4.812241,True,True,True
1588397,63779589471419,-13.59906,2.592879,-0.08487087,-0.06940912,0.8773755,0.04778454,-0.4723466,0.008033402,0.003165588,-0.02432408,0.5158081,0.07171631,0.8536835,0.02796604,0.00290976,-0.02363838,0.02796604,0.00290976,-0.02363838,0.509964,0.09080505,0.8553772,0.509964,0.09080505,0.8553772,4.804443,4.804443,True,True,True
1588405,63779589471430,-13.5989,2.592938,-0.08491749,-0.06912846,0.8777246,0.0476634,-0.4717509,0.007918747,0.003164276,-0.02431961,0.5126495,0.06642151,0.8560181,0.02795737,0.002906738,-0.0236277,0.02795737,0.002906738,-0.0236277,0.5068665,0.08415222,0.8578949,0.5068665,0.08415222,0.8578949,4.840195,4.840195,True,True,True
1588414,63779589471430,-13.5989,2.592938,-0.08491749,-0.06912846,0.8777246,0.0476634,-0.4717509,0.007564744,0.003166016,-0.02433032,0.5115204,0.06596375,0.85672,0.02794759,0.002902374,-0.02362544,0.02794759,0.002902374,-0.02362544,0.5040436,0.08206177,0.8597565,0.5040436,0.08206177,0.8597565,4.734192,4.734192,True,True,True
1588422,63779589471442,-13.59876,2.593023,-0.08490616,-0.06869903,0.8781121,0.04748757,-0.4711099,0.006191834,0.003186936,-0.02439049,0.5172119,0.07154846,0.8528442,0.02793741,0.00290741,-0.02364589,0.02793741,0.00290741,-0.02364589,0.5112457,0.09303284,0.8543701,0.5112457,0.09303284,0.8543701,4.836746,4.836746,True,True,True
1588430,63779589471453,-13.59861,2.593139,-0.08483291,-0.06807704,0.8784693,0.04709956,-0.4705728,0.004935608,0.003201187,-0.02443422,0.5177765,0.06895447,0.8527222,0.02793277,0.002904541,-0.02364571,0.02793277,0.002904541,-0.02364571,0.5116272,0.09152222,0.8543091,0.5116272,0.09152222,0.8543091,4.798264,4.798264,True,True,True
1588439,63779589471463,-13.59845,2.593145,-0.08474231,-0.06756413,0.8787311,0.04665605,-0.4702019,0.004491608,0.003199387,-0.02444705,0.5183258,0.06297302,0.8528442,0.02791866,0.002892288,-0.02364061,0.02791866,0.002892288,-0.02364061,0.5122223,0.08265686,0.8548584,0.5122223,0.08265686,0.8548584,4.749313,4.749313,True,True,True
1588447,63779589471463,-13.59845,2.593145,-0.08474231,-0.06756413,0.8787311,0.04665605,-0.4702019,0.004650376,0.003196045,-0.02444592,0.519104,0.06710815,0.852066,0.02791495,0.00289029,-0.02364772,0.02791495,0.00289029,-0.02364772,0.511673,0.08964539,0.8544769,0.511673,0.08964539,0.8544769,4.750275,4.750275,True,True,True
1588455,63779589471475,-13.59831,2.593082,-0.08465689,-0.06716605,0.8790585,0.0461112,-0.4697005,0.00296698,0.003197861,-0.02447118,0.5099487,0.06333923,0.8578644,0.02800307,0.002864609,-0.02359615,0.02800307,0.002864609,-0.02359615,0.4990692,0.08598328,0.8622742,0.4990692,0.08598328,0.8622742,4.752045,4.752045,True,True,True
1588464,63779589471486,-13.59817,2.592969,-0.08454686,-0.06714322,0.8792434,0.04534539,-0.4694323,0.003210129,0.003164642,-0.02438303,0.4836578,0.04983521,0.8738251,0.02808423,0.00282515,-0.02350449,0.02808423,0.00282515,-0.02350449,0.4682159,0.06054688,0.8815308,0.4682159,0.06054688,0.8815308,4.851028,4.851028,True,True,True
1588472,63779589471497,-13.59801,2.592895,-0.0844571,-0.06702784,0.8793813,0.04457772,-0.4692638,0.002969788,0.003161621,-0.02440254,0.4879761,0.05725098,0.8709564,0.02808696,0.002822113,-0.02353302,0.02808696,0.002822113,-0.02353302,0.4760132,0.07778931,0.8759766,0.4760132,0.07778931,0.8759766,4.685013,4.685013,True,True,True
1588480,63779589471497,-13.59801,2.592895,-0.0844571,-0.06702784,0.8793813,0.04457772,-0.4692638,0.003042862,0.003166245,-0.02440486,0.4850616,0.06350708,0.8721619,0.02807399,0.002829575,-0.02353606,0.02807399,0.002829575,-0.02353606,0.4694366,0.0874176,0.8786163,0.4694366,0.0874176,0.8786163,4.680557,4.680557,True,True,True
1588489,63779589471508,-13.59785,2.592816,-0.08431315,-0.06707272,0.8794157,0.04413245,-0.4692352,0.004030213,0.003168564,-0.0243864,0.4877319,0.07041931,0.8701324,0.02806693,0.002856461,-0.0235647,0.02806693,0.002856461,-0.0235647,0.4755707,0.100296,0.8739319,0.4755707,0.100296,0.8739319,4.356262,4.356262,True,True,True
1588497,63779589471519,-13.59772,2.592796,-0.08418649,-0.06706153,0.8794214,0.04371499,-0.4692651,0.00399321,0.003166977,-0.02437398,0.4928741,0.05561829,0.8683167,0.02806723,0.002852921,-0.02354241,0.02806723,0.002852921,-0.02354241,0.485321,0.07756042,0.8708801,0.485321,0.07756042,0.8708801,4.825027,4.825027,True,True,True
1588505,63779589471530,-13.59759,2.592838,-0.0839932,-0.06700173,0.8793533,0.04333418,-0.4694364,0.004752686,0.003157852,-0.02434895,0.4915619,0.0606842,0.8687134,0.02806586,0.002853623,-0.02354517,0.02806586,0.002853623,-0.02354517,0.4832001,0.08447266,0.8714142,0.4832001,0.08447266,0.8714142,4.712738,4.712738,True,True,True
1588514,63779589471530,-13.59759,2.592838,-0.0839932,-0.06700173,0.8793533,0.04333418,-0.4694364,0.005548508,0.003148041,-0.02432335,0.4910126,0.06318665,0.8688507,0.0280645,0.002853974,-0.02354793,0.0280645,0.002853974,-0.02354793,0.4824982,0.08680725,0.8715668,0.4824982,0.08680725,0.8715668,4.638977,4.638977,True,True,True
1588522,63779589471541,-13.59753,2.59274,-0.08376241,-0.06707043,0.8792772,0.04296276,-0.4696032,0.005638672,0.003146622,-0.02431925,0.491272,0.06115723,0.8688507,0.02806519,0.002853455,-0.02354611,0.02806519,0.002853455,-0.02354611,0.4823914,0.08323669,0.8719788,0.4823914,0.08323669,0.8719788,4.654678,4.654678,True,True,True
1588530,63779589471553,-13.5974,2.59266,-0.0836333,-0.06722335,0.8792463,0.04255507,-0.4696765,0.005384369,0.003149704,-0.024327,0.491684,0.05874634,0.8687744,0.02806589,0.002852921,-0.02354428,0.02806589,0.002852921,-0.02354428,0.4822845,0.07966614,0.8723602,0.4822845,0.07966614,0.8723602,4.670837,4.670837,True,True,True
1588539,63779589471564,-13.59729,2.592493,-0.08341789,-0.06734036,0.879239,0.04202281,-0.4697214,0.004744538,0.003158417,-0.02434892,0.4911652,0.05984497,0.868988,0.02806639,0.002852921,-0.02354335,0.02806639,0.002852921,-0.02354335,0.4813995,0.08319092,0.8725281,0.4813995,0.08319092,0.8725281,4.667465,4.667465,True,True,True
1588547,63779589471564,-13.59729,2.592493,-0.08341789,-0.06734036,0.879239,0.04202281,-0.4697214,0.00515326,0.003153397,-0.02433464,0.4904938,0.05821228,0.8694916,0.02806691,0.002852921,-0.02354241,0.02806691,0.002852921,-0.02354241,0.4806366,0.07936096,0.8733063,0.4806366,0.07936096,0.8733063,4.669693,4.669693,True,True,True
1588555,63779589471574,-13.59715,2.592397,-0.08328837,-0.06754563,0.8792287,0.04145866,-0.4697613,0.005164734,0.003153687,-0.02433353,0.4911194,0.05744934,0.8691864,0.02806706,0.002852921,-0.02354079,0.02806706,0.002852921,-0.02354079,0.4817047,0.07820129,0.8728333,0.4817047,0.07820129,0.8728333,4.735336,4.735336,True,True,True
1588564,63779589471586,-13.59704,2.592274,-0.08312207,-0.06781843,0.8791761,0.0409098,-0.4698687,0.005140549,0.00315445,-0.02433365,0.4914093,0.05664063,0.8690643,0.02806723,0.002852921,-0.02353919,0.02806723,0.002852921,-0.02353919,0.482193,0.07696533,0.8726654,0.482193,0.07696533,0.8726654,4.800674,4.800674,True,True,True
1588572,63779589471597,-13.59697,2.592051,-0.08291501,-0.0681592,0.8791378,0.04053742,-0.4699232,0.005269272,0.00315332,-0.02432907,0.4909821,0.05480957,0.8694305,0.02806752,0.002853455,-0.02353894,0.02806752,0.002853455,-0.02353894,0.4816895,0.07312012,0.8732758,0.4816895,0.07312012,0.8732758,4.802795,4.802795,True,True,True
1588580,63779589471597,-13.59697,2.592051,-0.08291501,-0.0681592,0.8791378,0.04053742,-0.4699232,0.004836334,0.003159577,-0.02434398,0.4915009,0.0569458,0.8690033,0.02806783,0.002853974,-0.0235387,0.02806783,0.002853974,-0.0235387,0.4823303,0.07662964,0.8726196,0.4823303,0.07662964,0.8726196,4.800522,4.800522,True,True,True
1588589,63779589471608,-13.59686,2.591982,-0.08277303,-0.06841699,0.8790982,0.04025127,-0.4699845,0.004942032,0.003158371,-0.02433864,0.4915466,0.05764771,0.868927,0.02806873,0.002854141,-0.02353566,0.02806873,0.002854141,-0.02353566,0.4819946,0.07728577,0.8727417,0.4819946,0.07728577,0.8727417,4.805847,4.805847,True,True,True
1588597,63779589471619,-13.59666,2.591906,-0.08257419,-0.06861828,0.8790181,0.03990436,-0.4701344,0.004994263,0.003157852,-0.02433516,0.4916077,0.05830383,0.8688507,0.02806964,0.002854309,-0.02353264,0.02806964,0.002854309,-0.02353264,0.4816742,0.07795715,0.8728638,0.4816742,0.07795715,0.8728638,4.811508,4.811508,True,True,True
1588605,63779589471630,-13.59658,2.591822,-0.0823831,-0.06883248,0.8789704,0.03967837,-0.4702114,0.004881531,0.003160477,-0.02433843,0.4913025,0.05738831,0.8690796,0.02807015,0.002855774,-0.0235309,0.02807015,0.002855774,-0.0235309,0.480957,0.0766449,0.8733673,0.480957,0.0766449,0.8733673,4.814514,4.814514,True,True,True
1588614,63779589471630,-13.59658,2.591822,-0.0823831,-0.06883248,0.8789704,0.03967837,-0.4702114,0.004883713,0.003161804,-0.02433734,0.4907074,0.05796814,0.8693848,0.02807066,0.002857239,-0.02352915,0.02807066,0.002857239,-0.02352915,0.4801636,0.07679749,0.8737946,0.4801636,0.07679749,0.8737946,4.809616,4.809616,True,True,True
1588622,63779589471641,-13.59656,2.591797,-0.08216232,-0.06916287,0.8789232,0.03950344,-0.4702658,0.004803696,0.003167221,-0.02433676,0.4910736,0.05743408,0.8692169,0.02807334,0.0028638,-0.02352316,0.02807334,0.0028638,-0.02352316,0.4807587,0.07588196,0.8735504,0.4807587,0.07588196,0.8735504,4.799561,4.799561,True,True,True
1588630,63779589471652,-13.59651,2.591688,-0.08197957,-0.0696075,0.8786988,0.03948534,-0.4706211,0.004768357,0.003171891,-0.0243358,0.4911957,0.05722046,0.8691559,0.02807564,0.002868561,-0.02351882,0.02807564,0.002868561,-0.02351882,0.4812317,0.07435608,0.8734131,0.4812317,0.07435608,0.8734131,4.799118,4.799118,True,True,True
1588639,63779589471664,-13.5965,2.591621,-0.08171731,-0.07029141,0.8783495,0.03963816,-0.4711582,0.004866822,0.003175965,-0.02433144,0.4909668,0.05589294,0.8693695,0.0280761,0.002874939,-0.02351691,0.0280761,0.002874939,-0.02351691,0.4806976,0.0725708,0.8738556,0.4806976,0.0725708,0.8738556,4.807297,4.807297,True,True,True
1588647,63779589471664,-13.5965,2.591621,-0.08171731,-0.07029141,0.8783495,0.03963816,-0.4711582,0.004752487,0.003178528,-0.02433586,0.4904175,0.05908203,0.8694763,0.02807639,0.00287587,-0.02351674,0.02807639,0.00287587,-0.02351674,0.4796448,0.07810974,0.8739624,0.4796448,0.07810974,0.8739624,4.810791,4.810791,True,True,True
1588655,63779589471675,-13.59649,2.591535,-0.08151126,-0.07105366,0.8778353,0.03993017,-0.4719767,0.004916763,0.003177033,-0.02433012,0.4906616,0.06079102,0.8692169,0.02807811,0.002876846,-0.02351529,0.02807811,0.002876846,-0.02351529,0.4800873,0.08056641,0.8735046,0.4800873,0.08056641,0.8735046,4.812973,4.812973,True,True,True
1588664,63779589471686,-13.5965,2.591479,-0.08121526,-0.0720947,0.8772591,0.0403101,-0.4728573,0.005097733,0.003176987,-0.02432187,0.4907379,0.06037903,0.8692017,0.02807924,0.00288031,-0.0235117,0.02807924,0.00288031,-0.0235117,0.4803772,0.07949829,0.8734436,0.4803772,0.07949829,0.8734436,4.812469,4.812469,True,True,True
1588672,63779589471697,-13.59647,2.591434,-0.0809027,-0.07304957,0.876692,0.04072327,-0.4737262,0.005194275,0.003178818,-0.02431746,0.4895325,0.06254578,0.8697205,0.0280793,0.002885071,-0.02350855,0.0280793,0.002885071,-0.02350855,0.4786224,0.08256531,0.874115,0.4786224,0.08256531,0.874115,4.799652,4.799652,True,True,True
1588680,63779589471697,-13.59647,2.591434,-0.0809027,-0.07304957,0.876692,0.04072327,-0.4737262,0.005209931,0.003184464,-0.0243161,0.4886475,0.06175232,0.870285,0.02807938,0.002894318,-0.0235065,0.02807938,0.002894318,-0.0235065,0.4771576,0.08085632,0.8750763,0.4771576,0.08085632,0.8750763,4.797318,4.797318,True,True,True
1588689,63779589471708,-13.59649,2.591374,-0.08063638,-0.07398748,0.8760462,0.04113269,-0.4747389,0.005295182,0.003198487,-0.0243094,0.4850616,0.06365967,0.8721466,0.02807977,0.002903412,-0.02350421,0.02807977,0.002903412,-0.02350421,0.4762421,0.08018494,0.8756409,0.4762421,0.08018494,0.8756409,4.780777,4.780777,True,True,True
1588697,63779589471719,-13.5966,2.591363,-0.08033234,-0.0747906,0.8754849,0.04135728,-0.4756281,0.005426819,0.003202805,-0.02429627,0.4831848,0.06175232,0.8733215,0.02808237,0.00291098,-0.02350421,0.02808237,0.00291098,-0.02350421,0.4753723,0.08491516,0.8756561,0.4753723,0.08491516,0.8756561,4.783218,4.783218,True,True,True
1588705,63779589471730,-13.59674,2.591289,-0.08002585,-0.07538366,0.8749983,0.04155827,-0.4764118,0.006212586,0.003201874,-0.0242682,0.4800568,0.06445313,0.8748474,0.02808565,0.002919678,-0.02350415,0.02808565,0.002919678,-0.02350415,0.4741821,0.08259583,0.8765259,0.4741821,0.08259583,0.8765259,4.796646,4.796646,True,True,True
1588714,63779589471730,-13.59674,2.591289,-0.08002585,-0.07538366,0.8749983,0.04155827,-0.4764118,0.006141617,0.003219971,-0.02427301,0.4826813,0.07203674,0.872818,0.02816046,0.002931534,-0.02348589,0.02816046,0.002931534,-0.02348589,0.4698334,0.08810425,0.8783264,0.4698334,0.08810425,0.8783264,4.820084,4.820084,True,True,True
1588722,63779589471741,-13.59678,2.591256,-0.07974136,-0.07582246,0.8745427,0.04177936,-0.4771588,0.006114151,0.0032202,-0.02426108,0.477417,0.06996155,0.8758698,0.02816957,0.00292511,-0.02347261,0.02816957,0.00292511,-0.02347261,0.4660645,0.08210754,0.8809204,0.4660645,0.08210754,0.8809204,4.832016,4.832016,True,True,True
1588730,63779589471753,-13.59681,2.591268,-0.07946914,-0.07598928,0.8741982,0.04170995,-0.4777692,0.005588837,0.003229737,-0.02427612,0.4788208,0.06799316,0.8752594,0.02817279,0.00292508,-0.02347514,0.02817279,0.00292508,-0.02347514,0.467453,0.08668518,0.8797455,0.467453,0.08668518,0.8797455,4.863846,4.863846,True,True,True
1588739,63779589471763,-13.59689,2.591279,-0.07919753,-0.07619742,0.8739076,0.04160258,-0.4782768,0.006273865,0.003222962,-0.0242486,0.4768219,0.06741333,0.8764038,0.02817601,0.002925049,-0.02347423,0.02817601,0.002925049,-0.02347423,0.4676971,0.082901,0.8799896,0.4676971,0.082901,0.8799896,4.836929,4.836929,True,True,True
1588747,63779589471763,-13.59689,2.591279,-0.07919753,-0.07619742,0.8739076,0.04160258,-0.4782768,0.006380585,0.003220505,-0.02424069,0.4762573,0.06687927,0.8767395,0.02817946,0.002923706,-0.02347342,0.02817946,0.002923706,-0.02347342,0.4681396,0.08306885,0.8797302,0.4681396,0.08306885,0.8797302,4.844086,4.844086,True,True,True
1588755,63779589471774,-13.59692,2.591307,-0.07896352,-0.07620177,0.8737643,0.04143787,-0.4785521,0.006533081,0.003220032,-0.02423647,0.4763794,0.06936646,0.8764954,0.02818291,0.002922363,-0.02347261,0.02818291,0.002922363,-0.02347261,0.4684601,0.08355713,0.8795166,0.4684601,0.08355713,0.8795166,4.838364,4.838364,True,True,True
1588764,63779589471785,-13.59688,2.591305,-0.07872212,-0.07609402,0.8736343,0.04124122,-0.4788235,0.006524201,0.003217255,-0.02423482,0.477005,0.07028198,0.8760681,0.02820516,0.00291745,-0.02347193,0.02820516,0.00291745,-0.02347193,0.4712219,0.0881958,0.8775787,0.4712219,0.0881958,0.8775787,4.851044,4.851044,True,True,True
1588772,63779589471796,-13.59688,2.591335,-0.07855785,-0.0759223,0.8736017,0.04100743,-0.4789303,0.006625199,0.003213501,-0.0242293,0.4776001,0.07284546,0.8755341,0.02822742,0.002913239,-0.02347122,0.02822742,0.002913239,-0.02347122,0.4739685,0.09234619,0.8756714,0.4739685,0.09234619,0.8756714,4.863052,4.863052,True,True,True
1588780,63779589471796,-13.59688,2.591335,-0.07855785,-0.0759223,0.8736017,0.04100743,-0.4789303,0.006879456,0.003210007,-0.0242198,0.4784241,0.07273865,0.8751068,0.02823178,0.002912979,-0.02347115,0.02823178,0.002912979,-0.02347115,0.474884,0.09063721,0.875351,0.474884,0.09063721,0.875351,4.865662,4.865662,True,True,True
1588789,63779589471808,-13.59681,2.591405,-0.07847738,-0.07567673,0.8736285,0.04070162,-0.4789464,0.007623948,0.003199677,-0.02419412,0.4791565,0.07301331,0.8746643,0.02823615,0.002912705,-0.02347106,0.02823615,0.002912705,-0.02347106,0.4758148,0.08888245,0.8750305,0.4758148,0.08888245,0.8750305,4.868515,4.868515,True,True,True
1588797,63779589471819,-13.59681,2.591416,-0.07831866,-0.07546501,0.8737375,0.04034087,-0.4788117,0.007188828,0.003206818,-0.02420923,0.4787292,0.0725708,0.874939,0.02823874,0.002912979,-0.02347052,0.02823874,0.002912979,-0.02347052,0.4747314,0.088974,0.8756104,0.4747314,0.088974,0.8756104,4.866516,4.866516,True,True,True
1588805,63779589471830,-13.5968,2.591415,-0.07817543,-0.07499988,0.8738434,0.04004252,-0.4787163,0.006706757,0.003214645,-0.024226,0.4783478,0.07208252,0.8751984,0.02824133,0.002913239,-0.02346999,0.02824133,0.002913239,-0.02346999,0.4736938,0.08906555,0.8761597,0.4736938,0.08906555,0.8761597,4.867233,4.867233,True,True,True
1588814,63779589471830,-13.5968,2.591415,-0.07817543,-0.07499988,0.8738434,0.04004252,-0.4787163,0.006480942,0.003217591,-0.02423358,0.477417,0.07167053,0.8757324,0.02824385,0.002913574,-0.02346944,0.02824385,0.002913574,-0.02346944,0.4727173,0.08862305,0.8767242,0.4727173,0.08862305,0.8767242,4.871185,4.871185,True,True,True
1588822,63779589471841,-13.59671,2.591366,-0.07794422,-0.07483029,0.8739233,0.03983199,-0.4786144,0.006283814,0.003220139,-0.02424014,0.4764862,0.07162476,0.8762512,0.02824637,0.002913895,-0.02346889,0.02824637,0.002913895,-0.02346889,0.471756,0.08874512,0.877243,0.471756,0.08874512,0.877243,4.875702,4.875702,True,True,True
1588830,63779589471853,-13.59665,2.591351,-0.0778597,-0.07479246,0.8740337,0.03955481,-0.4784417,0.006173493,0.003221405,-0.02424339,0.4769745,0.07214355,0.875946,0.02824797,0.0029142,-0.02346765,0.02824797,0.0029142,-0.02346765,0.4716187,0.09004211,0.877182,0.4716187,0.09004211,0.877182,4.879547,4.879547,True,True,True
1588839,63779589471863,-13.59657,2.591341,-0.07774514,-0.07491365,0.8741045,0.03926,-0.4783178,0.006133179,0.00322171,-0.02424419,0.4774323,0.0728302,0.8756256,0.02824959,0.002914505,-0.02346642,0.02824959,0.002914505,-0.02346642,0.4714813,0.09147644,0.8771057,0.4714813,0.09147644,0.8771057,4.883133,4.883133,True,True,True
1588847,63779589471863,-13.59657,2.591341,-0.07774514,-0.07491365,0.8741045,0.03926,-0.4783178,0.00576178,0.003226715,-0.02425543,0.4775848,0.07246399,0.8755798,0.02825208,0.002914505,-0.0234633,0.02825208,0.002914505,-0.0234633,0.4723053,0.09155273,0.8766632,0.4723053,0.09155273,0.8766632,4.899902,4.899902,True,True,True
1588855,63779589471874,-13.59653,2.591263,-0.0777185,-0.07509056,0.8743012,0.03912977,-0.4779411,0.005660797,0.003227951,-0.02425751,0.4762726,0.07211304,0.8763275,0.02825208,0.002914505,-0.0234608,0.02825208,0.002914505,-0.0234608,0.4696503,0.09111023,0.8781281,0.4696503,0.09111023,0.8781281,4.897629,4.897629,True,True,True
1588864,63779589471885,-13.59643,2.59128,-0.07773495,-0.0751927,0.87455,0.03887513,-0.4774905,0.005531403,0.003229904,-0.02426018,0.475647,0.07202148,0.8766785,0.02825208,0.002914505,-0.02345746,0.02825208,0.002914505,-0.02345746,0.4686737,0.09106445,0.8786621,0.4686737,0.09106445,0.8786621,4.898132,4.898132,True,True,True
1588872,63779589471896,-13.59634,2.591249,-0.07771671,-0.07530104,0.8748806,0.03867213,-0.4768838,0.005372452,0.003233551,-0.02426325,0.4749451,0.07119751,0.877121,0.02825208,0.002916641,-0.02345302,0.02825208,0.002916641,-0.02345302,0.4675598,0.09013367,0.8793488,0.4675598,0.09013367,0.8793488,4.896881,4.896881,True,True,True
1588880,63779589471896,-13.59634,2.591249,-0.07771671,-0.07530104,0.8748806,0.03867213,-0.4768838,0.005225846,0.003236389,-0.02426611,0.4749603,0.07023621,0.8771973,0.02825208,0.002917771,-0.02344914,0.02825208,0.002917771,-0.02344914,0.4674683,0.08926392,0.8794708,0.4674683,0.08926392,0.8794708,4.896255,4.896255,True,True,True
1588889,63779589471908,-13.59622,2.591233,-0.07775402,-0.07525274,0.8752823,0.03823445,-0.4761891,0.005117813,0.003238739,-0.02426917,0.4750671,0.06991577,0.8771515,0.02825208,0.002917771,-0.02344779,0.02825208,0.002917771,-0.02344779,0.4674835,0.08917236,0.8794708,0.4674835,0.08917236,0.8794708,4.896942,4.896942,True,True,True
1588897,63779589471918,-13.5961,2.591185,-0.07778758,-0.07514699,0.8757715,0.03783656,-0.4753372,0.005053223,0.003240189,-0.02427074,0.4752197,0.06991577,0.8770752,0.02825208,0.002917771,-0.02344627,0.02825208,0.002917771,-0.02344627,0.4676971,0.08895874,0.8793945,0.4676971,0.08895874,0.8793945,4.902832,4.902832,True,True,True
1588905,63779589471930,-13.59597,2.59114,-0.07783711,-0.0749505,0.8763139,0.03737956,-0.4744042,0.005111145,0.003241898,-0.02427112,0.4786224,0.0740509,0.8748779,0.0282339,0.002922226,-0.02345084,0.0282339,0.002922226,-0.02345084,0.4724426,0.09555054,0.8761597,0.4724426,0.09555054,0.8761597,4.934448,4.934448,True,True,True
1588914,63779589471930,-13.59597,2.59114,-0.07783711,-0.0749505,0.8763139,0.03737956,-0.4744042,0.006099579,0.0032547,-0.0242442,0.4793854,0.06703186,0.8750305,0.02819467,0.002945633,-0.02344745,0.02819467,0.002945633,-0.02344745,0.4694519,0.08340454,0.8789978,0.4694519,0.08340454,0.8789978,4.890839,4.890839,True,True,True
1588922,63779589471941,-13.59577,2.591129,-0.07796109,-0.07461149,0.876887,0.03692139,-0.4734334,0.006246628,0.003259033,-0.02424779,0.4793701,0.07580566,0.8743286,0.02818875,0.002955994,-0.02346691,0.02818875,0.002955994,-0.02346691,0.4720612,0.09896851,0.8759766,0.4720612,0.09896851,0.8759766,4.972565,4.972565,True,True,True
1588930,63779589471952,-13.59546,2.591162,-0.07803333,-0.07424034,0.8775142,0.03636441,-0.4723715,0.006776871,0.003266998,-0.0242245,0.4766998,0.07051086,0.8762207,0.02818688,0.002969055,-0.02345706,0.02818688,0.002969055,-0.02345706,0.4710083,0.09054565,0.8774567,0.4710083,0.09054565,0.8774567,4.977692,4.977692,True,True,True
1588939,63779589471964,-13.59525,2.591201,-0.07812732,-0.0737494,0.8782251,0.03584852,-0.4711652,0.007050736,0.003258484,-0.02422981,0.4796906,0.07014465,0.8746185,0.02818726,0.002946304,-0.02347429,0.02818726,0.002946304,-0.02347429,0.4709015,0.09159851,0.8773956,0.4709015,0.09159851,0.8773956,4.979752,4.979752,True,True,True
1588947,63779589471964,-13.59525,2.591201,-0.07812732,-0.0737494,0.8782251,0.03584852,-0.4711652,0.008257462,0.003290161,-0.02416997,0.485611,0.05854797,0.8722076,0.02818872,0.003012283,-0.02346565,0.02818872,0.003012283,-0.02346565,0.4862213,0.07914734,0.870224,0.4862213,0.07914734,0.870224,4.963226,4.963226,True,True,True
1588955,63779589471974,-13.59498,2.591264,-0.07820487,-0.07316463,0.8789044,0.03540097,-0.4700222,0.008084504,0.003334442,-0.02415329,0.4866791,0.03909302,0.8726959,0.02822487,0.003049606,-0.0234337,0.02822487,0.003049606,-0.0234337,0.4838104,0.05679321,0.8733215,0.4838104,0.05679321,0.8733215,4.887314,4.887314,True,True,True
1588964,63779589471985,-13.59478,2.591314,-0.07827818,-0.07246041,0.8796132,0.03498365,-0.468835,0.008539567,0.003340592,-0.02408698,0.4724731,0.01919556,0.8811188,0.02832933,0.003052719,-0.02339305,0.02832933,0.003052719,-0.02339305,0.4711304,0.04685974,0.8807983,0.4711304,0.04685974,0.8807983,4.882034,4.882034,True,True,True
1588972,63779589471996,-13.5947,2.591357,-0.07830793,-0.07176365,0.8802847,0.0348117,-0.4676933,-0.02930772,0.003958862,-0.02536478,0.475769,-0.07888794,0.8760071,0.02832181,0.003189606,-0.02341649,0.02832181,0.003189606,-0.02341649,0,0,0,0,0,0,-1,-1,True,True,True
1588980,63779589471996,-13.5947,2.591357,-0.07830793,-0.07176365,0.8802847,0.0348117,-0.4676933,-0.02931532,0.004185837,-0.02540299,0.5110626,-0.09231567,0.8545532,0.0283983,0.003217484,-0.02336537,0.0283983,0.003217484,-0.02336537,0,0,0,0,0,0,-1,-1,True,True,True
1588989,63779589472008,-13.59452,2.591343,-0.07837105,-0.07126439,0.880825,0.03489247,-0.4667456,-0.001,-0.001,-0.001,1,-1,-1,0.02841097,0.003315582,-0.02332124,0.02841097,0.003315582,-0.02332124,0,0,0,0,0,0,-1,-1,False,True,True
1588997,63779589472019,-13.59441,2.591437,-0.07832712,-0.0709391,0.8813081,0.03503503,-0.4658715,-0.001,-0.001,-0.001,1,-1,-1,0.03069359,0.000189682,-0.01489259,0.03069359,0.000189682,-0.01489259,0,0,0,0,0,0,-1,-1,False,True,True
1589005,63779589472030,-13.59412,2.591488,-0.07832533,-0.07087816,0.8816332,0.03535637,-0.465241,-0.001,-0.001,-0.001,1,-1,-1,0.03101927,0.001938416,-0.02290338,0.03101927,0.001938416,-0.02290338,0,0,0,0,0,0,-1,-1,False,True,True
1589014,63779589472030,-13.59412,2.591488,-0.07832533,-0.07087816,0.8816332,0.03535637,-0.465241,-0.001,-0.001,-0.001,1,-1,-1,0.0311527,0.001723084,-0.02292813,0.0311527,0.001723084,-0.02292813,0,0,0,0,0,0,-1,-1,False,True,True
1589022,63779589472041,-13.59393,2.591559,-0.07829326,-0.07095525,0.8819859,0.03558268,-0.464543,-0.001,-0.001,-0.001,1,-1,-1,0.03172168,-0.003307327,-0.007564362,0.03172168,-0.003307327,-0.007564362,0,0,0,0,0,0,-1,-1,False,True,True
1589030,63779589472052,-13.59371,2.591661,-0.07823074,-0.07112964,0.8822902,0.03572519,-0.463927,-0.001,-0.001,-0.001,1,-1,-1,0.030875,-0.001950668,-0.004553131,0.030875,-0.001950668,-0.004553131,0,0,0,0,0,0,-1,-1,False,True,True
1589039,63779589472052,-13.59371,2.591661,-0.07823074,-0.07112964,0.8822902,0.03572519,-0.463927,-0.001,-0.001,-0.001,1,-1,-1,0.03157982,0.002264633,-0.02298154,0.03157982,0.002264633,-0.02298154,0,0,0,0,0,0,-1,-1,False,True,True
1589047,63779589472064,-13.59355,2.591684,-0.0781619,-0.07112581,0.8826113,0.03585629,-0.4633065,-0.001,-0.001,-0.001,1,-1,-1,0.02831403,0.003574631,-0.02332723,0.02831403,0.003574631,-0.02332723,0,0,0,0,0,0,-1,-1,False,True,True
1589055,63779589472064,-13.59355,2.591684,-0.0781619,-0.07112581,0.8826113,0.03585629,-0.4633065,-0.001,-0.001,-0.001,1,-1,-1,0.02821585,0.003343689,-0.02356745,0.02821585,0.003343689,-0.02356745,0,0,0,0,0,0,-1,-1,False,True,True
1589064,63779589472088,-13.59328,2.591777,-0.07782662,-0.07094359,0.883178,0.03606446,-0.4622369,-0.001,-0.001,-0.001,1,-1,-1,0.02817116,0.003270081,-0.02350534,0.02817116,0.003270081,-0.02350534,0,0,0,0,0,0,-1,-1,False,True,True
1589072,63779589472093,-13.59311,2.591842,-0.07771277,-0.07084171,0.8834714,0.03609475,-0.4616893,-0.001,-0.001,-0.001,1,-1,-1,0.02811986,0.003320664,-0.0235773,0.02811986,0.003320664,-0.0235773,0,0,0,0,0,0,-1,-1,False,True,True
1589080,63779589472102,-13.59297,2.59184,-0.07765061,-0.07085577,0.8836902,0.03620264,-0.4612597,-0.001,-0.001,-0.001,1,-1,-1,0.02809815,0.003306488,-0.02356954,0.02809815,0.003306488,-0.02356954,0,0,0,0,0,0,-1,-1,False,True,True
1589089,63779589472113,-13.5928,2.591885,-0.0775072,-0.07086521,0.8838873,0.03631544,-0.4608716,-0.001,-0.001,-0.001,1,-1,-1,0.0280168,0.003241821,-0.02355147,0.0280168,0.003241821,-0.02355147,0,0,0,0,0,0,-1,-1,False,True,True
1589097,63779589472113,-13.5928,2.591885,-0.0775072,-0.07086521,0.8838873,0.03631544,-0.4608716,-0.001,-0.001,-0.001,1,-1,-1,0.02799335,0.003211136,-0.02356566,0.02799335,0.003211136,-0.02356566,0,0,0,0,0,0,-1,-1,False,True,True
1589105,63779589472125,-13.59262,2.591939,-0.07737547,-0.0708256,0.8841794,0.03646171,-0.4603056,-0.001,-0.001,-0.001,1,-1,-1,0.02820917,0.003078095,-0.02359932,0.02820917,0.003078095,-0.02359932,0,0,0,0,0,0,-1,-1,False,True,True
1589114,63779589472136,-13.59243,2.592055,-0.07717699,-0.07070275,0.8844439,0.03663271,-0.4598024,-0.001,-0.001,-0.001,1,-1,-1,0.02796254,0.003144165,-0.02354547,0.02796254,0.003144165,-0.02354547,0,0,0,0,0,0,-1,-1,False,True,True
1589122,63779589472147,-13.59228,2.59212,-0.07698369,-0.07033693,0.8846877,0.03688035,-0.4593694,-0.001,-0.001,-0.001,1,-1,-1,0.02798418,0.003131607,-0.02352777,0.02798418,0.003131607,-0.02352777,0,0,0,0,0,0,-1,-1,False,True,True
1589130,63779589472147,-13.59228,2.59212,-0.07698369,-0.07033693,0.8846877,0.03688035,-0.4593694,0.02795758,0.003084,-0.02351145,0.4886932,0.04452515,0.8713074,0.02795758,0.003084,-0.02351145,0.02795758,0.003084,-0.02351145,0.4886932,0.04452515,0.8713074,0.4886932,0.04452515,0.8713074,4.877365,4.877365,True,True,True
1589139,63779589472158,-13.59211,2.592239,-0.07680112,-0.06961013,0.885074,0.03713739,-0.4587147,0.02794057,0.00306984,-0.023545,0.4951172,0.0632782,0.8665009,0.02794057,0.00306984,-0.023545,0.02794057,0.00306984,-0.023545,0.4951172,0.0632782,0.8665009,0.4951172,0.0632782,0.8665009,4.816864,4.816864,True,True,True
1589147,63779589472169,-13.59186,2.592355,-0.07663697,-0.06889237,0.8854114,0.03754603,-0.4581384,0.008179169,0.003376206,-0.02427049,0.523941,0.04342651,0.8506317,0.02797681,0.003095673,-0.0235435,0.02797681,0.003095673,-0.0235435,0.5139771,0.07376099,0.8546143,0.5139771,0.07376099,0.8546143,4.973129,4.973129,True,True,True
1589155,63779589472180,-13.59169,2.592541,-0.07644469,-0.06809977,0.8857788,0.03803664,-0.4575057,0.009373612,0.00334137,-0.02423325,0.5254364,0.05114746,0.8492889,0.02797496,0.003076492,-0.02355007,0.02797496,0.003076492,-0.02355007,0.5178833,0.07620239,0.8520355,0.5178833,0.07620239,0.8520355,4.885391,4.885391,True,True,True
1589164,63779589472180,-13.59169,2.592541,-0.07644469,-0.06809977,0.8857788,0.03803664,-0.4575057,0.008020035,0.003342667,-0.0243069,0.5302582,0.06573486,0.8452759,0.02796408,0.003058884,-0.02356713,0.02796408,0.003058884,-0.02356713,0.5211639,0.09057617,0.8486176,0.5211639,0.09057617,0.8486176,4.979813,4.979813,True,True,True
1589172,63779589472191,-13.5915,2.592638,-0.07624876,-0.06737915,0.8861521,0.03847176,-0.4568528,0.005826477,0.003357819,-0.02439346,0.535553,0.05886841,0.8424377,0.02795616,0.003045929,-0.02357962,0.02795616,0.003045929,-0.02357962,0.5234528,0.09954834,0.8462067,0.5234528,0.09954834,0.8462067,5.044464,5.044464,True,True,True
1589180,63779589472202,-13.59129,2.592752,-0.07606113,-0.06674752,0.8864967,0.03887584,-0.4562422,0.006286591,0.003333466,-0.02436493,0.5328522,0.0519104,0.8446045,0.02795462,0.003027909,-0.02356607,0.02795462,0.003027909,-0.02356607,0.5209503,0.08998108,0.8488159,0.5209503,0.08998108,0.8488159,5.021957,5.021957,True,True,True
1589189,63779589472214,-13.59106,2.592844,-0.07586831,-0.06647094,0.8868268,0.03926043,-0.4556079,0.006980057,0.003317078,-0.02434696,0.5342102,0.05682373,0.8434296,0.02795644,0.003017105,-0.02355992,0.02795644,0.003017105,-0.02355992,0.519455,0.08859253,0.849884,0.519455,0.08859253,0.849884,4.955368,4.955368,True,True,True
1589197,63779589472214,-13.59106,2.592844,-0.07586831,-0.06647094,0.8868268,0.03926043,-0.4556079,0.007701172,0.003297714,-0.02433608,0.5430756,0.06114197,0.8374329,0.02795529,0.003006073,-0.02357631,0.02795529,0.003006073,-0.02357631,0.535614,0.0839386,0.840271,0.535614,0.0839386,0.840271,5.053513,5.053513,True,True,True
1589205,63779589472225,-13.59086,2.592876,-0.07566267,-0.0659889,0.8871959,0.03962996,-0.4549267,0.005500366,0.003324005,-0.02442517,0.535965,0.06465149,0.8417511,0.02791718,0.003007111,-0.02360179,0.02791718,0.003007111,-0.02360179,0.5295105,0.09596252,0.8428345,0.5295105,0.09596252,0.8428345,5.112137,5.112137,True,True,True
1589214,63779589472236,-13.5908,2.59288,-0.07537824,-0.06582167,0.8875529,0.0400713,-0.4542154,0.005793381,0.003313477,-0.02443738,0.545105,0.06420898,0.8358917,0.02789876,0.002996887,-0.02359697,0.02789876,0.002996887,-0.02359697,0.526535,0.08908081,0.845459,0.526535,0.08908081,0.845459,5.083984,5.083984,True,True,True
1589222,63779589472247,-13.59064,2.592954,-0.07516676,-0.06552938,0.8879029,0.04058719,-0.4535274,0.004965439,0.003312744,-0.02446234,0.5456543,0.06262207,0.8356476,0.02789957,0.002991181,-0.02360153,0.02789957,0.002991181,-0.02360153,0.5306854,0.0896759,0.842804,0.5306854,0.0896759,0.842804,5.038834,5.038834,True,True,True
1589230,63779589472247,-13.59064,2.592954,-0.07516676,-0.06552938,0.8879029,0.04058719,-0.4535274,0.004145737,0.003314316,-0.02448424,0.5423889,0.06047058,0.8379364,0.02789316,0.002988129,-0.0236052,0.02789316,0.002988129,-0.0236052,0.5314941,0.09338379,0.8418884,0.5314941,0.09338379,0.8418884,5.073868,5.073868,True,True,True
1589239,63779589472257,-13.59045,2.593044,-0.07495201,-0.0653147,0.8881999,0.0409959,-0.4529398,0.003619278,0.003308365,-0.02451138,0.5452271,0.05714417,0.836319,0.02786981,0.002975098,-0.02360825,0.02786981,0.002975098,-0.02360825,0.5352783,0.08137512,0.8407288,0.5352783,0.08137512,0.8407288,5.115295,5.115295,True,True,True
1589247,63779589472269,-13.59024,2.59309,-0.07473361,-0.06517498,0.888536,0.04139696,-0.4522634,0.003199692,0.003306336,-0.02452234,0.5425415,0.05801392,0.8380127,0.02787094,0.00297435,-0.02360945,0.02787094,0.00297435,-0.02360945,0.5361938,0.08500671,0.839798,0.5361938,0.08500671,0.839798,5.160568,5.160568,True,True,True
1589255,63779589472280,-13.59006,2.593166,-0.0745281,-0.06506847,0.8888762,0.04165881,-0.4515857,0.002605499,0.003313126,-0.02454601,0.5478363,0.05162048,0.8349762,0.02787308,0.002974945,-0.02360715,0.02787308,0.002974945,-0.02360715,0.5418091,0.07733154,0.8369293,0.5418091,0.07733154,0.8369293,5.120911,5.120911,True,True,True
1589263,63779589472280,-13.59006,2.593166,-0.0745281,-0.06506847,0.8888762,0.04165881,-0.4515857,0.003364471,0.003308746,-0.02454132,0.553299,0.06500244,0.8304291,0.02786548,0.002977875,-0.02361345,0.02786548,0.002977875,-0.02361345,0.5431061,0.07998657,0.8358307,0.5431061,0.07998657,0.8358307,5.156616,5.156616,True,True,True
1589272,63779589472291,-13.58984,2.593184,-0.07431453,-0.06489883,0.8892193,0.04188937,-0.450913,0.004077301,0.003281311,-0.0244854,0.542984,0.04866028,0.8383179,0.02785016,0.002971268,-0.02361536,0.02785016,0.002971268,-0.02361536,0.5403442,0.07910156,0.8377075,0.5403442,0.07910156,0.8377075,5.143661,5.143661,True,True,True
1589280,63779589472302,-13.58964,2.593248,-0.07412833,-0.06482904,0.8896123,0.04204679,-0.4501324,0.007063492,0.003235581,-0.0244117,0.5519257,0.07453918,0.8305511,0.0278403,0.00294841,-0.02362718,0.0278403,0.00294841,-0.02362718,0.5415802,0.09390259,0.8353729,0.5415802,0.09390259,0.8353729,5.1866,5.1866,True,True,True
1589288,63779589472313,-13.58948,2.593352,-0.07397574,-0.0646442,0.889946,0.04199717,-0.4495037,0.007807053,0.00321788,-0.02437703,0.5484161,0.06370544,0.8337555,0.02783745,0.002939804,-0.02360603,0.02783745,0.002939804,-0.02360603,0.5401764,0.07138062,0.8385162,0.5401764,0.07138062,0.8385162,5.060471,5.060471,True,True,True
1589297,63779589472313,-13.58948,2.593352,-0.07397574,-0.0646442,0.889946,0.04199717,-0.4495037,0.009108017,0.003206024,-0.02432927,0.5483856,0.06477356,0.8336945,0.02782712,0.002954285,-0.02362648,0.02782712,0.002954285,-0.02362648,0.5457458,0.08068848,0.8340454,0.5457458,0.08068848,0.8340454,5.173004,5.173004,True,True,True
1589305,63779589472324,-13.58931,2.593421,-0.07373506,-0.06442199,0.8902822,0.04213742,-0.4488562,0.009481217,0.003199585,-0.0243071,0.545639,0.05802917,0.8359985,0.02781137,0.002953659,-0.02361638,0.02781137,0.002953659,-0.02361638,0.5395966,0.07759094,0.8383331,0.5395966,0.07759094,0.8383331,5.210693,5.210693,True,True,True
1589313,63779589472337,-13.58914,2.5935,-0.07359362,-0.0641735,0.8905364,0.04203755,-0.4483967,0.01003079,0.003192246,-0.02430315,0.5542755,0.0566864,0.8303833,0.027795,0.002948837,-0.0236142,0.027795,0.002948837,-0.0236142,0.5451355,0.06204224,0.8360291,0.5451355,0.06204224,0.8360291,5.141922,5.141922,True,True,True
1589322,63779589472348,-13.58899,2.593565,-0.07333726,-0.06400537,0.890781,0.04210303,-0.4479284,0.007889496,0.003213562,-0.02437421,0.549469,0.05085754,0.8339539,0.02777924,0.002953171,-0.02363654,0.02777924,0.002953171,-0.02363654,0.5486755,0.07363892,0.8327637,0.5486755,0.07363892,0.8327637,5.140381,5.140381,True,True,True
1589330,63779589472348,-13.58899,2.593565,-0.07333726,-0.06400537,0.890781,0.04210303,-0.4479284,0.008293717,0.00320665,-0.02435956,0.5468903,0.05491638,0.8353882,0.02777266,0.002951584,-0.02363725,0.02777266,0.002951584,-0.02363725,0.5441742,0.08128357,0.8350067,0.5441742,0.08128357,0.8350067,5.171631,5.171631,True,True,True
1589338,63779589472359,-13.58883,2.593625,-0.07311326,-0.06380714,0.8909792,0.04215479,-0.4475575,0.006136124,0.00323262,-0.02444186,0.5475159,0.05133057,0.8352051,0.02776608,0.002949997,-0.02363654,0.02776608,0.002949997,-0.02363654,0.5454559,0.0741272,0.8348389,0.5454559,0.0741272,0.8348389,5.13678,5.13678,True,True,True
1589347,63779589472370,-13.58872,2.593689,-0.07293361,-0.06366468,0.891166,0.04215822,-0.4472055,0.006113159,0.003231812,-0.02444827,0.5519867,0.0500946,0.8323364,0.02776212,0.002947357,-0.02363725,0.02776212,0.002947357,-0.02363725,0.5457153,0.07756042,0.8343506,0.5457153,0.07756042,0.8343506,5.169739,5.169739,True,True,True
1589355,63779589472381,-13.58845,2.593737,-0.07267427,-0.06363574,0.891268,0.04222673,-0.4469998,0.005326965,0.003237793,-0.02447336,0.5493164,0.04728699,0.834259,0.02775815,0.002944733,-0.02363654,0.02775815,0.002944733,-0.02363654,0.5441742,0.07562256,0.8355408,0.5441742,0.07562256,0.8355408,5.196869,5.196869,True,True,True
1589363,63779589472381,-13.58845,2.593737,-0.07267427,-0.06363574,0.891268,0.04222673,-0.4469998,0.005120316,0.003239975,-0.02448143,0.5499878,0.04664612,0.8338623,0.0277542,0.002943909,-0.02363576,0.0277542,0.002943909,-0.02363576,0.5438843,0.07478333,0.8358002,0.5438843,0.07478333,0.8358002,5.170837,5.170837,True,True,True
1589372,63779589472392,-13.5883,2.593782,-0.072456,-0.06351857,0.8914059,0.04235322,-0.4467295,0.004792587,0.003243729,-0.02449404,0.5510101,0.04699707,0.8331604,0.02775025,0.002943085,-0.02363498,0.02775025,0.002943085,-0.02363498,0.5441132,0.07554626,0.8355865,0.5441132,0.07554626,0.8355865,5.196564,5.196564,True,True,True
1589380,63779589472403,-13.5882,2.593891,-0.07221532,-0.06331423,0.8915328,0.04253701,-0.4464876,0.006305619,0.00322374,-0.02443855,0.5513763,0.04917908,0.8327942,0.02774742,0.002942078,-0.02363576,0.02774742,0.002942078,-0.02363576,0.5444031,0.0761261,0.8353424,0.5444031,0.0761261,0.8353424,5.210449,5.210449,True,True,True
1589388,63779589472414,-13.58809,2.593994,-0.07207483,-0.06289146,0.8916585,0.04284713,-0.4462667,0.006678818,0.003218643,-0.02442569,0.5518646,0.04960632,0.8324432,0.02774462,0.002941071,-0.02363654,0.02774462,0.002941071,-0.02363654,0.5444183,0.07617188,0.8353424,0.5444183,0.07617188,0.8353424,5.197006,5.197006,True,True,True
1589397,63779589472414,-13.58809,2.593994,-0.07207483,-0.06289146,0.8916585,0.04284713,-0.4462667,0.006259263,0.00322667,-0.02444154,0.5514832,0.0480957,0.8327942,0.02774196,0.002939636,-0.0236367,0.02774196,0.002939636,-0.0236367,0.5445709,0.0758667,0.8352661,0.5445709,0.0758667,0.8352661,5.188095,5.188095,True,True,True
1589405,63779589472425,-13.58789,2.594074,-0.07188213,-0.06236896,0.8916686,0.0431691,-0.4462886,0.006099427,0.003230805,-0.02444766,0.5501556,0.04763794,0.8336945,0.02773931,0.002938202,-0.02363687,0.02773931,0.002938202,-0.02363687,0.5449066,0.07705688,0.8349457,0.5449066,0.07705688,0.8349457,5.197983,5.197983,True,True,True
1589413,63779589472437,-13.58779,2.594137,-0.07165325,-0.06201444,0.8916439,0.04346601,-0.4463589,0.005909806,0.003232529,-0.02445539,0.5506744,0.04795837,0.8333282,0.02773758,0.002936981,-0.02363707,0.02773758,0.002936981,-0.02363707,0.5449219,0.07766724,0.8348694,0.5449219,0.07766724,0.8348694,5.204483,5.204483,True,True,True
1589422,63779589472448,-13.58768,2.594179,-0.07132685,-0.06169853,0.8916274,0.04377952,-0.4464047,0.005804978,0.003233109,-0.02445993,0.551178,0.04806519,0.8329926,0.02773587,0.002935745,-0.02363725,0.02773587,0.002935745,-0.02363725,0.5449524,0.07777405,0.8348389,0.5449524,0.07777405,0.8348389,5.210632,5.210632,True,True,True
1589430,63779589472448,-13.58768,2.594179,-0.07132685,-0.06169853,0.8916274,0.04377952,-0.4464047,0.005846802,0.003231232,-0.02445867,0.5514984,0.04821777,0.8327789,0.027735,0.002933518,-0.02363712,0.027735,0.002933518,-0.02363712,0.5451355,0.07765198,0.8347321,0.5451355,0.07765198,0.8347321,5.204529,5.204529,True,True,True
1589438,63779589472459,-13.58756,2.594223,-0.07107753,-0.061519,0.8915986,0.0440071,-0.4464647,0.005786011,0.003230606,-0.02446129,0.5516357,0.04801941,0.8326874,0.02773554,0.00293129,-0.02363698,0.02773554,0.00293129,-0.02363698,0.5457764,0.07766724,0.8343048,0.5457764,0.07766724,0.8343048,5.211319,5.211319,True,True,True
1589447,63779589472470,-13.58739,2.594287,-0.07078248,-0.06128089,0.8915354,0.04432326,-0.4465924,0.005775543,0.003230393,-0.02446204,0.5526123,0.04815674,0.8320313,0.02773554,0.002930741,-0.02363698,0.02773554,0.002930741,-0.02363698,0.5469208,0.07759094,0.8335724,0.5469208,0.07759094,0.8335724,5.226074,5.226074,True,True,True
1589455,63779589472482,-13.58728,2.594409,-0.07052833,-0.06107437,0.8915305,0.04466472,-0.4465966,0.005787598,0.003228134,-0.02446187,0.5529938,0.04859924,0.8317566,0.02773554,0.002927323,-0.02363687,0.02773554,0.002927323,-0.02363687,0.5470734,0.0783844,0.8333893,0.5470734,0.0783844,0.8333893,5.228119,5.228119,True,True,True
1589463,63779589472482,-13.58728,2.594409,-0.07052833,-0.06107437,0.8915305,0.04466472,-0.4465966,0.005788498,0.003227158,-0.02446228,0.5548553,0.04866028,0.8305054,0.02773554,0.002925781,-0.02363698,0.02773554,0.002925781,-0.02363698,0.5505066,0.07862854,0.8311005,0.5505066,0.07862854,0.8311005,5.233841,5.233841,True,True,True
1589472,63779589472493,-13.58715,2.594503,-0.07029432,-0.06073633,0.8913585,0.04519223,-0.4469328,0.005788223,0.003224091,-0.02446266,0.5553589,0.04879761,0.8301697,0.02773554,0.002920868,-0.02363698,0.02773554,0.002920868,-0.02363698,0.5509033,0.07887268,0.8308258,0.5509033,0.07887268,0.8308258,5.232315,5.232315,True,True,True
1589480,63779589472504,-13.58705,2.594647,-0.07009822,-0.0604131,0.8912925,0.04551832,-0.447075,0.005811402,0.003221588,-0.02446341,0.556427,0.04777527,0.8295135,0.02773554,0.002917328,-0.02363725,0.02773554,0.002917328,-0.02363725,0.5526428,0.07756042,0.8297882,0.5526428,0.07756042,0.8297882,5.232132,5.232132,True,True,True
1589488,63779589472504,-13.58705,2.594647,-0.07009822,-0.0604131,0.8912925,0.04551832,-0.447075,0.005930161,0.00321698,-0.02445963,0.5568848,0.04676819,0.8292542,0.02773554,0.002912567,-0.02363725,0.02773554,0.002912567,-0.02363725,0.5534668,0.07598877,0.8293915,0.5534668,0.07598877,0.8293915,5.231659,5.231659,True,True,True
1589497,63779589472516,-13.58699,2.594741,-0.06984705,-0.06018621,0.8911698,0.04594673,-0.4473062,0.005894531,0.003215332,-0.02446129,0.5571289,0.04701233,0.829071,0.02773554,0.002909104,-0.02363725,0.02773554,0.002909104,-0.02363725,0.5534515,0.07681274,0.8293152,0.5534515,0.07681274,0.8293152,5.232071,5.232071,True,True,True
1589505,63779589472527,-13.58691,2.594781,-0.06958973,-0.05999277,0.8910288,0.04646176,-0.44756,0.005961395,0.00321167,-0.02445944,0.5580597,0.04621887,0.8285065,0.02773732,0.00290477,-0.02363725,0.02773732,0.00290477,-0.02363725,0.553772,0.07743835,0.8290405,0.553772,0.07743835,0.8290405,5.222397,5.222397,True,True,True
1589513,63779589472538,-13.58685,2.594833,-0.06933624,-0.06005388,0.8908737,0.04704982,-0.447799,0.006001419,0.003208084,-0.02445844,0.5585938,0.04405212,0.8282623,0.02773932,0.002900162,-0.02363698,0.02773932,0.002900162,-0.02363698,0.5543823,0.07865906,0.8285217,0.5543823,0.07865906,0.8285217,5.23494,5.23494,True,True,True
1589522,63779589472538,-13.58685,2.594833,-0.06933624,-0.06005388,0.8908737,0.04704982,-0.447799,0.005979264,0.003206009,-0.02445902,0.5594025,0.04341125,0.8277435,0.02774198,0.002897171,-0.0236362,0.02774198,0.002897171,-0.0236362,0.555481,0.07762146,0.8278809,0.555481,0.07762146,0.8278809,5.235306,5.235306,True,True,True
1589530,63779589472550,-13.58692,2.594936,-0.06910753,-0.0602128,0.8907216,0.04749069,-0.4480335,0.005947846,0.003202515,-0.02446091,0.5596313,0.04402161,0.8275604,0.02774316,0.002891022,-0.02363605,0.02774316,0.002891022,-0.02363605,0.5557404,0.07862854,0.8276215,0.5557404,0.07862854,0.8276215,5.225586,5.225586,True,True,True
1589538,63779589472561,-13.58688,2.595003,-0.0689187,-0.0603972,0.8905939,0.04813337,-0.4481939,0.005886505,0.003201218,-0.02446312,0.5590057,0.04222107,0.8280792,0.02774323,0.002889466,-0.02363587,0.02774323,0.002889466,-0.02363587,0.5559082,0.07626343,0.8277283,0.5559082,0.07626343,0.8277283,5.235123,5.235123,True,True,True
1589547,63779589472572,-13.58696,2.595033,-0.06871659,-0.06048902,0.8904855,0.04865431,-0.4483409,0.005805237,0.003200516,-0.02446597,0.5588531,0.04223633,0.8281708,0.02774399,0.00288794,-0.02363547,0.02774399,0.00288794,-0.02363547,0.5555725,0.07621765,0.8279572,0.5555725,0.07621765,0.8279572,5.237839,5.237839,True,True,True
1589555,63779589472572,-13.58696,2.595033,-0.06871659,-0.06048902,0.8904855,0.04865431,-0.4483409,0.005162613,0.003208298,-0.0244892,0.558609,0.04019165,0.8284454,0.02774416,0.002887177,-0.02363365,0.02774416,0.002887177,-0.02363365,0.5552826,0.07492065,0.8282623,0.5552826,0.07492065,0.8282623,5.236465,5.236465,True,True,True
1589563,63779589472584,-13.5869,2.595126,-0.06849408,-0.06059292,0.8904489,0.04920188,-0.4483397,0.005129654,0.003207169,-0.02448961,0.5588684,0.0383606,0.8283539,0.02774432,0.002886887,-0.02363223,0.02774432,0.002886887,-0.02363223,0.5553589,0.07254028,0.8284302,0.5553589,0.07254028,0.8284302,5.234863,5.234863,True,True,True
1589572,63779589472596,-13.58689,2.595215,-0.06831396,-0.06064102,0.8903919,0.0495737,-0.4484053,0.005302704,0.003202439,-0.02448262,0.5590973,0.03837585,0.8282013,0.02774475,0.002886139,-0.02363141,0.02774475,0.002886139,-0.02363141,0.5554657,0.07139587,0.8284454,0.5554657,0.07139587,0.8284454,5.234192,5.234192,True,True,True
1589580,63779589472596,-13.58689,2.595215,-0.06831396,-0.06064102,0.8903919,0.0495737,-0.4484053,0.005341248,0.003200455,-0.02448003,0.5580292,0.03718567,0.8289795,0.0277448,0.002885391,-0.0236293,0.0277448,0.002885391,-0.0236293,0.5534058,0.06930542,0.8300018,0.5534058,0.06930542,0.8300018,5.230637,5.230637,True,True,True
1589588,63779589472607,-13.58686,2.595307,-0.06818891,-0.06061076,0.89035,0.05017432,-0.4484259,0.005245697,0.003201462,-0.02448326,0.5578613,0.03704834,0.8290863,0.0277449,0.002884842,-0.02362848,0.0277449,0.002884842,-0.02362848,0.5529175,0.06925964,0.8303375,0.5529175,0.06925964,0.8303375,5.229034,5.229034,True,True,True
1589597,63779589472618,-13.58688,2.595412,-0.0680421,-0.0606824,0.8902801,0.05075729,-0.4484892,0.005141556,0.003201218,-0.02448546,0.5579987,0.03475952,0.8291016,0.02774501,0.002883865,-0.02362531,0.02774501,0.002883865,-0.02362531,0.553009,0.06530762,0.8305969,0.553009,0.06530762,0.8305969,5.227386,5.227386,True,True,True
1589605,63779589472629,-13.58693,2.595488,-0.06788784,-0.06081427,0.8902027,0.0513004,-0.4485633,0.005065354,0.003201996,-0.02448732,0.5585175,0.03327942,0.8288116,0.02774501,0.002883438,-0.02362337,0.02774501,0.002883438,-0.02362337,0.5532379,0.06297302,0.8306274,0.5532379,0.06297302,0.8306274,5.24556,5.24556,True,True,True
1589613,63779589472629,-13.58693,2.595488,-0.06788784,-0.06081427,0.8902027,0.0513004,-0.4485633,0.005020828,0.003200821,-0.02448815,0.558548,0.03269958,0.8288116,0.02774501,0.002880921,-0.02362142,0.02774501,0.002880921,-0.02362142,0.5530853,0.06243896,0.8307648,0.5530853,0.06243896,0.8307648,5.2453,5.2453,True,True,True
1589622,63779589472641,-13.58687,2.595509,-0.06781787,-0.06106664,0.8901215,0.05182844,-0.4486294,0.004975922,0.003198624,-0.02448862,0.5594635,0.03231812,0.8282166,0.02775,0.002876602,-0.0236191,0.02775,0.002876602,-0.0236191,0.554306,0.0635376,0.8298645,0.554306,0.0635376,0.8298645,5.247528,5.247528,True,True,True
1589630,63779589472652,-13.58688,2.595592,-0.0677039,-0.06139628,0.889993,0.05233138,-0.4487811,0.004948196,0.003196015,-0.024489,0.5599213,0.0319519,0.8279114,0.02775368,0.00287262,-0.0236178,0.02775368,0.00287262,-0.0236178,0.5549622,0.06417847,0.8293915,0.5549622,0.06417847,0.8293915,5.24881,5.24881,True,True,True
1589638,63779589472663,-13.58688,2.595725,-0.06761843,-0.06157088,0.8899182,0.05271397,-0.4488607,0.004895768,0.003194061,-0.02448811,0.5592804,0.0322113,0.8283386,0.02775595,0.002868561,-0.02361275,0.02775595,0.002868561,-0.02361275,0.5536804,0.0645752,0.8302155,0.5536804,0.0645752,0.8302155,5.23822,5.23822,True,True,True
1589647,63779589472663,-13.58688,2.595725,-0.06761843,-0.06157088,0.8899182,0.05271397,-0.4488607,0.004847168,0.003193375,-0.02448902,0.5581055,0.03121948,0.8291626,0.02775844,0.0028676,-0.02361105,0.02775844,0.0028676,-0.02361105,0.5530853,0.06367493,0.8306732,0.5530853,0.06367493,0.8306732,5.247284,5.247284,True,True,True
1589655,63779589472674,-13.58691,2.59585,-0.06748623,-0.061539,0.8898937,0.05298838,-0.4488814,0.004762253,0.003193573,-0.02448879,0.5569,0.03134155,0.8299713,0.02776018,0.002866715,-0.02360597,0.02776018,0.002866715,-0.02360597,0.5533447,0.06359863,0.8305054,0.5533447,0.06359863,0.8305054,5.24794,5.24794,True,True,True
1589663,63779589472686,-13.58692,2.595948,-0.06735462,-0.06133381,0.8898282,0.05333444,-0.4489982,0.004658066,0.003192444,-0.02449147,0.5566864,0.032547,0.8300629,0.02776189,0.002862595,-0.02360372,0.02776189,0.002862595,-0.02360372,0.5529633,0.06434631,0.8307037,0.5529633,0.06434631,0.8307037,5.237961,5.237961,True,True,True
1589672,63779589472697,-13.58694,2.596031,-0.06721795,-0.0611397,0.8897748,0.05362463,-0.4490959,0.004621933,0.003190232,-0.02449248,0.5568542,0.03276062,0.8299408,0.02776306,0.002858093,-0.02360301,0.02776306,0.002858093,-0.02360301,0.5532074,0.06478882,0.8305054,0.5532074,0.06478882,0.8305054,5.23465,5.23465,True,True,True
1589680,63779589472697,-13.58694,2.596031,-0.06721795,-0.0611397,0.8897748,0.05362463,-0.4490959,0.004664627,0.00318634,-0.02449091,0.5561981,0.03269958,0.8303833,0.02776854,0.002853653,-0.02360294,0.02776854,0.002853653,-0.02360294,0.552887,0.06588745,0.8306274,0.552887,0.06588745,0.8306274,5.235611,5.235611,True,True,True
1589688,63779589472708,-13.58696,2.596138,-0.06713796,-0.06087711,0.889576,0.05388585,-0.449494,0.004720169,0.003182541,-0.02448848,0.5558319,0.03242493,0.8306427,0.02777172,0.002849304,-0.02360231,0.02777172,0.002849304,-0.02360231,0.5526886,0.06619263,0.8307343,0.5526886,0.06619263,0.8307343,5.235855,5.235855,True,True,True
1589697,63779589472719,-13.58706,2.596156,-0.06698996,-0.06088318,0.8894482,0.05407267,-0.4497235,0.00480307,0.00317749,-0.0244841,0.5559082,0.03158569,0.8306274,0.02777495,0.002842987,-0.02360019,0.02777495,0.002842987,-0.02360019,0.5527344,0.06663513,0.8306732,0.5527344,0.06663513,0.8306732,5.236389,5.236389,True,True,True
1589705,63779589472731,-13.58712,2.596169,-0.06691396,-0.06106542,0.8892712,0.05439448,-0.45001,0.006314987,0.003098694,-0.024392,0.5497894,0.0236969,0.8349609,0.02777599,0.002784561,-0.0235594,0.02777599,0.002784561,-0.0235594,0.5437469,0.05859375,0.8371887,0.5437469,0.05859375,0.8371887,5.211105,5.211105,True,True,True
1589713,63779589472731,-13.58712,2.596169,-0.06691396,-0.06106542,0.8892712,0.05439448,-0.45001,0.00286087,0.003132462,-0.0245351,0.5606995,0.01713562,0.8278351,0.02778682,0.002774857,-0.02356769,0.02778682,0.002774857,-0.02356769,0.5560303,0.05485535,0.8293304,0.5560303,0.05485535,0.8293304,5.20314,5.20314,True,True,True
1589722,63779589472741,-13.58718,2.596193,-0.06678855,-0.06122006,0.8890575,0.0547099,-0.450373,0.001865067,0.00313887,-0.02454981,0.5530396,0.019104,0.8329163,0.02785011,0.002765503,-0.02353153,0.02785011,0.002765503,-0.02353153,0.5461273,0.05334473,0.8359985,0.5461273,0.05334473,0.8359985,5.226486,5.226486,True,True,True
1589730,63779589472753,-13.58718,2.596217,-0.06666774,-0.0612896,0.888849,0.05483195,-0.4507598,0.0001686249,0.003152283,-0.02457752,0.541626,0.0164032,0.8404541,0.02790378,0.002755326,-0.02347698,0.02790378,0.002755326,-0.02347698,0.536087,0.03749084,0.8433228,0.536087,0.03749084,0.8433228,5.225571,5.225571,True,True,True
1589738,63779589472764,-13.58724,2.596249,-0.06652731,-0.06133896,0.8886405,0.05501309,-0.4511419,0.000323761,0.00314711,-0.02456897,0.5410767,0.02070618,0.8406982,0.02789819,0.002755905,-0.02350165,0.02789819,0.002755905,-0.02350165,0.5465851,0.0486145,0.8359833,0.5465851,0.0486145,0.8359833,5.329453,5.329453,True,True,True
1589747,63779589472764,-13.58724,2.596249,-0.06652731,-0.06133896,0.8886405,0.05501309,-0.4511419,0.0006928559,0.003138596,-0.02454932,0.5367584,0.01635742,0.8435669,0.02789426,0.002752487,-0.02349677,0.02789426,0.002752487,-0.02349677,0.5397797,0.04536438,0.8405762,0.5397797,0.04536438,0.8405762,5.243668,5.243668,True,True,True
1589755,63779589472775,-13.58721,2.596283,-0.06635368,-0.06134412,0.8884585,0.05505648,-0.4514944,0.003000946,0.003103622,-0.02445783,0.5370941,0.01329041,0.8434143,0.0278974,0.002749054,-0.02349187,0.0278974,0.002749054,-0.02349187,0.5363464,0.04281616,0.8428955,0.5363464,0.04281616,0.8428955,5.232925,5.232925,True,True,True
1589763,63779589472786,-13.58722,2.596246,-0.0662148,-0.0614595,0.8883275,0.05506656,-0.4517351,0.004051819,0.003087036,-0.02441606,0.5397644,0.02081299,0.8415527,0.0278978,0.002745804,-0.0234893,0.0278978,0.002745804,-0.0234893,0.5375519,0.0458374,0.84198,0.5375519,0.0458374,0.84198,5.223831,5.223831,True,True,True
1589772,63779589472797,-13.58726,2.596255,-0.06609285,-0.06153105,0.8881842,0.05510167,-0.4520029,0.004377304,0.003076492,-0.02439578,0.5395203,0.01519775,0.8418274,0.02791232,0.002733719,-0.0234702,0.02791232,0.002733719,-0.0234702,0.5375824,0.03547668,0.842453,0.5375824,0.03547668,0.842453,5.188507,5.188507,True,True,True
1589780,63779589472797,-13.58726,2.596255,-0.06609285,-0.06153105,0.8881842,0.05510167,-0.4520029,0.006217637,0.003052033,-0.02433312,0.5424805,0.0219574,0.8397675,0.02791979,0.002735687,-0.02348052,0.02791979,0.002735687,-0.02348052,0.5420532,0.04399109,0.8391876,0.5420532,0.04399109,0.8391876,5.218872,5.218872,True,True,True
1589788,63779589472809,-13.58732,2.596227,-0.06592578,-0.06164532,0.8880578,0.05507912,-0.4522385,0.006172776,0.003052124,-0.0243322,0.5409698,0.02023315,0.8407898,0.02792287,0.002734284,-0.02347597,0.02792287,0.002734284,-0.02347597,0.5391693,0.04104614,0.8411865,0.5391693,0.04104614,0.8411865,5.215363,5.215363,True,True,True
1589797,63779589472819,-13.58734,2.596237,-0.06582516,-0.06179197,0.8879499,0.05517012,-0.452419,0.006474839,0.003048904,-0.0243219,0.5440674,0.02255249,0.8387299,0.02792593,0.002735687,-0.02347823,0.02792593,0.002735687,-0.02347823,0.5435944,0.04403687,0.8381805,0.5435944,0.04403687,0.8381805,5.222855,5.222855,True,True,True
1589805,63779589472830,-13.58734,2.5962,-0.06570953,-0.06189631,0.8879332,0.05514257,-0.452441,0.006491715,0.003048889,-0.02432019,0.5420685,0.0227356,0.8400116,0.02792739,0.002735077,-0.02347646,0.02792739,0.002735077,-0.02347646,0.5410156,0.04498291,0.839798,0.5410156,0.04498291,0.839798,5.220367,5.220367,True,True,True
1589813,63779589472830,-13.58734,2.5962,-0.06570953,-0.06189631,0.8879332,0.05514257,-0.452441,0.006310166,0.003051789,-0.02432631,0.5401306,0.02127075,0.8412933,0.02792883,0.002734482,-0.02347467,0.02792883,0.002734482,-0.02347467,0.5384216,0.04351807,0.8415375,0.5384216,0.04351807,0.8415375,5.215912,5.215912,True,True,True
1589822,63779589472842,-13.58736,2.596205,-0.06563288,-0.06190561,0.8879167,0.05517902,-0.4524677,0.006245621,0.003052292,-0.02432835,0.5395203,0.01971436,0.8417358,0.02792934,0.002733689,-0.02347305,0.02792934,0.002733689,-0.02347305,0.5377655,0.04084778,0.8420868,0.5377655,0.04084778,0.8420868,5.208603,5.208603,True,True,True
1589830,63779589472853,-13.58732,2.596216,-0.06551397,-0.06202641,0.8879104,0.05523777,-0.4524563,0.006248475,0.00305188,-0.02432773,0.5389099,0.02153015,0.8420715,0.02792983,0.002733154,-0.02347144,0.02792983,0.002733154,-0.02347144,0.5371246,0.04345703,0.8423767,0.5371246,0.04345703,0.8423767,5.205154,5.205154,True,True,True
1589838,63779589472864,-13.58728,2.596188,-0.06541991,-0.06225208,0.8879084,0.05541009,-0.4524081,0.006117463,0.003053528,-0.0243322,0.5375061,0.02168274,0.8429718,0.0279315,0.002733231,-0.02347022,0.0279315,0.002733231,-0.02347022,0.5355988,0.04417419,0.8433075,0.5355988,0.04417419,0.8433075,5.200943,5.200943,True,True,True
1589847,63779589472864,-13.58728,2.596188,-0.06541991,-0.06225208,0.8879084,0.05541009,-0.4524081,0.004682206,0.003074219,-0.02438823,0.5361786,0.02009583,0.8438568,0.02793317,0.002733154,-0.02346901,0.02793317,0.002733154,-0.02346901,0.5340576,0.0443573,0.8442688,0.5340576,0.0443573,0.8442688,5.196213,5.196213,True,True,True
1589855,63779589472874,-13.58726,2.596175,-0.06537753,-0.06253155,0.8879479,0.05560702,-0.452268,0.004847748,0.003071549,-0.02438031,0.53508,0.02041626,0.8445435,0.02793378,0.002733231,-0.02346706,0.02793378,0.002733231,-0.02346706,0.5336456,0.0443573,0.8445282,0.5336456,0.0443573,0.8445282,5.189789,5.189789,True,True,True
1589863,63779589472886,-13.58717,2.596141,-0.06539744,-0.06293622,0.8880261,0.05590819,-0.4520212,0.006289154,0.003050202,-0.0243223,0.5356293,0.02236938,0.8441467,0.02793437,0.002733292,-0.02346512,0.02793437,0.002733292,-0.02346512,0.5333405,0.04450989,0.8447113,0.5333405,0.04450989,0.8447113,5.195938,5.195938,True,True,True
1589872,63779589472897,-13.58713,2.596177,-0.06541348,-0.06336345,0.8880605,0.05628869,-0.4518467,0.006382431,0.003049545,-0.02431865,0.536087,0.02227783,0.8438568,0.02793515,0.002733887,-0.02346507,0.02793515,0.002733887,-0.02346507,0.5326538,0.04397583,0.8451691,0.5326538,0.04397583,0.8451691,5.196899,5.196899,True,True,True
1589880,63779589472897,-13.58713,2.596177,-0.06541348,-0.06336345,0.8880605,0.05628869,-0.4518467,0.00627649,0.003051712,-0.02432289,0.5350189,0.02229309,0.8445282,0.02793593,0.002734482,-0.02346503,0.02793593,0.002734482,-0.02346503,0.5319366,0.04406738,0.8456268,0.5319366,0.04406738,0.8456268,5.194626,5.194626,True,True,True
1589888,63779589472908,-13.58709,2.596197,-0.0654766,-0.06365582,0.8881274,0.05685111,-0.4516034,0.006356537,0.00305127,-0.02431891,0.5358734,0.02334595,0.8439636,0.02793788,0.002734574,-0.02346343,0.02793788,0.002734574,-0.02346343,0.5333252,0.04379272,0.8447571,0.5333252,0.04379272,0.8447571,5.197266,5.197266,True,True,True
1589897,63779589472919,-13.58702,2.596251,-0.06551069,-0.06376942,0.8882122,0.05715654,-0.451382,0.006291748,0.0030522,-0.02432056,0.5363312,0.02429199,0.8436432,0.02793984,0.002734482,-0.02346184,0.02793984,0.002734482,-0.02346184,0.5340576,0.04348755,0.8443146,0.5340576,0.04348755,0.8443146,5.196167,5.196167,True,True,True
1589905,63779589472930,-13.58699,2.596258,-0.0655669,-0.0637125,0.8882852,0.05757497,-0.4511931,0.00643483,0.003049454,-0.02431262,0.5344086,0.02435303,0.8448639,0.02794132,0.002733292,-0.02345818,0.02794132,0.002733292,-0.02345818,0.5332642,0.04345703,0.8448181,0.5332642,0.04345703,0.8448181,5.191437,5.191437,True,True,True
1589913,63779589472930,-13.58699,2.596258,-0.0655669,-0.0637125,0.8882852,0.05757497,-0.4511931,0.006301102,0.003051437,-0.02431639,0.5345001,0.02430725,0.8448029,0.0279429,0.002733292,-0.02345563,0.0279429,0.002733292,-0.02345563,0.5335388,0.04388428,0.8446198,0.5335388,0.04388428,0.8446198,5.192215,5.192215,True,True,True
1589922,63779589472942,-13.58698,2.596244,-0.06559056,-0.06353139,0.8884068,0.05783805,-0.4509454,0.006343918,0.00305072,-0.02431313,0.5345154,0.02267456,0.8448486,0.0279429,0.002733154,-0.02345314,0.0279429,0.002733154,-0.02345314,0.5335541,0.04318237,0.8446503,0.5335541,0.04318237,0.8446503,5.191528,5.191528,True,True,True
1589930,63779589472953,-13.58698,2.596221,-0.06559956,-0.06323702,0.8885117,0.05803228,-0.4507554,0.005043961,0.003069382,-0.02436307,0.5346222,0.02244568,0.8447876,0.0279429,0.002732422,-0.02345014,0.0279429,0.002732422,-0.02345014,0.5335083,0.0431366,0.8446808,0.5335083,0.0431366,0.8446808,5.183594,5.183594,True,True,True
1589938,63779589472963,-13.58689,2.596258,-0.0655483,-0.0629453,0.8885258,0.05807041,-0.4507635,0.004961045,0.003070511,-0.02436556,0.534729,0.02233887,0.8447266,0.0279429,0.002732422,-0.02344876,0.0279429,0.002732422,-0.02344876,0.5335236,0.04301453,0.8446808,0.5335236,0.04301453,0.8446808,5.183502,5.183502,True,True,True
1589947,63779589472963,-13.58689,2.596258,-0.0655483,-0.0629453,0.8885258,0.05807041,-0.4507635,0.004920197,0.003070664,-0.02436728,0.534668,0.02241516,0.8447571,0.0279429,0.002732422,-0.02344858,0.0279429,0.002732422,-0.02344858,0.5335236,0.04299927,0.8446808,0.5335236,0.04299927,0.8446808,5.183533,5.183533,True,True,True
1589955,63779589472974,-13.58691,2.596308,-0.06550705,-0.0628574,0.8885401,0.05814628,-0.4507377,0.004948426,0.003069885,-0.02436589,0.5369568,0.02200317,0.8433075,0.0279429,0.002731827,-0.0234482,0.0279429,0.002731827,-0.0234482,0.5348053,0.04190063,0.8439178,0.5348053,0.04190063,0.8439178,5.183945,5.183945,True,True,True
1589963,63779589472986,-13.58686,2.596263,-0.06550038,-0.0625331,0.8884349,0.05817227,-0.4509867,0.005038788,0.003066101,-0.024362,0.5373688,0.02278137,0.8430328,0.0279429,0.002727753,-0.02344719,0.0279429,0.002727753,-0.02344719,0.5348206,0.04222107,0.8439026,0.5348206,0.04222107,0.8439026,5.184158,5.184158,True,True,True
1589972,63779589472997,-13.58679,2.596329,-0.06560636,-0.06231249,0.8883981,0.05812585,-0.4510956,0.006138352,0.003048477,-0.02431847,0.5370941,0.02281189,0.8432007,0.0279429,0.002725556,-0.02344704,0.0279429,0.002725556,-0.02344704,0.5348358,0.04072571,0.8439636,0.5348358,0.04072571,0.8439636,5.183167,5.183167,True,True,True
1589980,63779589472997,-13.58679,2.596329,-0.06560636,-0.06231249,0.8883981,0.05812585,-0.4510956,0.006036453,0.003049622,-0.02432207,0.5373993,0.02209473,0.8430328,0.02794193,0.002724991,-0.02344591,0.02794193,0.002724991,-0.02344591,0.5346375,0.04029846,0.844101,0.5346375,0.04029846,0.844101,5.185883,5.185883,True,True,True
1589988,63779589473008,-13.58677,2.596342,-0.06560636,-0.06207375,0.8883548,0.05818202,-0.4512065,0.005908661,0.003051422,-0.02432634,0.5369263,0.0218811,0.8433228,0.02793977,0.002724899,-0.02344431,0.02793977,0.002724899,-0.02344431,0.5340118,0.04008484,0.8445129,0.5340118,0.04008484,0.8445129,5.173904,5.173904,True,True,True
1589997,63779589473019,-13.5867,2.596327,-0.06560832,-0.06178614,0.8882998,0.05823939,-0.451347,0.006,0.003049805,-0.02432219,0.535553,0.02102661,0.844223,0.02793811,0.002724503,-0.02344257,0.02793811,0.002724503,-0.02344257,0.5334167,0.03974915,0.8449097,0.5334167,0.03974915,0.8449097,5.154495,5.154495,True,True,True
1590005,63779589473030,-13.58674,2.596316,-0.06558597,-0.06156651,0.8882472,0.05822933,-0.4514818,0.005770676,0.003050934,-0.02433109,0.5365753,0.02076721,0.8435822,0.02793811,0.002723602,-0.0234418,0.02793811,0.002723602,-0.0234418,0.5336304,0.03877258,0.8448181,0.5336304,0.03877258,0.8448181,5.17276,5.17276,True,True,True
1590013,63779589473030,-13.58674,2.596316,-0.06558597,-0.06156651,0.8882472,0.05822933,-0.4514818,0.005943848,0.003047257,-0.02432712,0.5341644,0.0199585,0.8451233,0.02793811,0.002722427,-0.02344087,0.02793811,0.002722427,-0.02344087,0.5313263,0.03694153,0.846344,0.5313263,0.03694153,0.846344,5.15033,5.15033,True,True,True
1590022,63779589473041,-13.58673,2.596386,-0.06559885,-0.06120757,0.8882281,0.05815318,-0.4515782,0.005896454,0.003046982,-0.0243299,0.534317,0.02017212,0.8450317,0.02793811,0.002722244,-0.02343929,0.02793811,0.002722244,-0.02343929,0.5303497,0.03668213,0.8469696,0.5303497,0.03668213,0.8469696,5.142975,5.142975,True,True,True
1590030,63779589473052,-13.58674,2.596313,-0.06566739,-0.06078904,0.8882186,0.05830017,-0.4516343,0.00610762,0.003042236,-0.0243204,0.5344391,0.02069092,0.8449402,0.02793811,0.002721192,-0.02343688,0.02793811,0.002721192,-0.02343688,0.530365,0.03683472,0.8469543,0.530365,0.03683472,0.8469543,5.14299,5.14299,True,True,True
1590038,63779589473064,-13.58672,2.596332,-0.06569779,-0.06043798,0.8882186,0.05827171,-0.4516852,0.004745148,0.003059677,-0.02437502,0.5345764,0.01898193,0.8448944,0.02793811,0.002718765,-0.02343588,0.02793811,0.002718765,-0.02343588,0.5302124,0.03517151,0.8471222,0.5302124,0.03517151,0.8471222,5.125809,5.125809,True,True,True
1590047,63779589473064,-13.58672,2.596332,-0.06569779,-0.06043798,0.8882186,0.05827171,-0.4516852,0.004796677,0.003058319,-0.02437322,0.5348816,0.01860046,0.8447113,0.02793811,0.002718445,-0.02343485,0.02793811,0.002718445,-0.02343485,0.5298767,0.03405762,0.8473816,0.5298767,0.03405762,0.8473816,5.124817,5.124817,True,True,True
1590055,63779589473075,-13.58667,2.596354,-0.06573969,-0.06020123,0.8882016,0.05821051,-0.4517581,0.006280716,0.00303331,-0.02431337,0.5332642,0.02024841,0.8456879,0.02793811,0.002714508,-0.02343469,0.02793811,0.002714508,-0.02343469,0.5285187,0.0349884,0.8481903,0.5285187,0.0349884,0.8481903,5.140457,5.140457,True,True,True
1590063,63779589473085,-13.58666,2.596388,-0.06576782,-0.05987385,0.8882366,0.05813137,-0.4517429,0.006328797,0.003030762,-0.02431073,0.5330048,0.01867676,0.8458862,0.02793988,0.00271225,-0.02343298,0.02793988,0.00271225,-0.02343298,0.5281372,0.03419495,0.848465,0.5281372,0.03419495,0.848465,5.139786,5.139786,True,True,True
1590072,63779589473097,-13.58666,2.596385,-0.06579334,-0.05962705,0.8882322,0.05820172,-0.4517752,0.00492418,0.003049622,-0.02436478,0.5335388,0.01675415,0.8455963,0.02794043,0.002709793,-0.02342737,0.02794043,0.002709793,-0.02342737,0.5281372,0.03382874,0.848465,0.5281372,0.03382874,0.848465,5.123322,5.123322,True,True,True
1590080,63779589473097,-13.58666,2.596385,-0.06579334,-0.05962705,0.8882322,0.05820172,-0.4517752,0.004944947,0.003048981,-0.02436282,0.5335541,0.01547241,0.8456116,0.02794232,0.002709717,-0.02342439,0.02794232,0.002709717,-0.02342439,0.528183,0.03318787,0.848465,0.528183,0.03318787,0.848465,5.12326,5.12326,True,True,True
1590088,63779589473108,-13.58661,2.596403,-0.06578797,-0.05949197,0.8882278,0.05823772,-0.4517971,0.00650856,0.003024613,-0.02429921,0.5330505,0.0151062,0.845932,0.02794232,0.002707932,-0.02342351,0.02794232,0.002707932,-0.02342351,0.5279083,0.03216553,0.8486786,0.5279083,0.03216553,0.8486786,5.122498,5.122498,True,True,True
1590097,63779589473119,-13.58661,2.59642,-0.06583494,-0.05936276,0.8881366,0.05840167,-0.451972,0.006412521,0.003021317,-0.02430197,0.5331726,0.01548767,0.8458557,0.02794232,0.00270343,-0.0234204,0.02794232,0.00270343,-0.0234204,0.5281067,0.03330994,0.8485107,0.5281067,0.03330994,0.8485107,5.139465,5.139465,True,True,True
1590105,63779589473130,-13.58663,2.596419,-0.06588817,-0.05940576,0.8880938,0.05866469,-0.4520165,0.006459275,0.003019913,-0.024298,0.532608,0.01628113,0.8461914,0.02794232,0.00270311,-0.02341712,0.02794232,0.00270311,-0.02341712,0.52771,0.03443909,0.8487091,0.52771,0.03443909,0.8487091,5.124023,5.124023,True,True,True
1590113,63779589473130,-13.58663,2.596419,-0.06588817,-0.05940576,0.8880938,0.05866469,-0.4520165,0.006455384,0.003019425,-0.02429591,0.532547,0.01522827,0.8462524,0.02794232,0.002702652,-0.02341354,0.02794232,0.002702652,-0.02341354,0.5276794,0.03292847,0.8487854,0.5276794,0.03292847,0.8487854,5.117233,5.117233,True,True,True
1590122,63779589473141,-13.58663,2.596461,-0.06593353,-0.05945418,0.8879705,0.05873687,-0.4522429,0.006370942,0.00301883,-0.02429713,0.5330811,0.01626587,0.8459015,0.02794312,0.002702561,-0.02340984,0.02794312,0.002702561,-0.02340984,0.5279083,0.03388977,0.8486023,0.5279083,0.03388977,0.8486023,5.117966,5.117966,True,True,True
1590130,63779589473153,-13.58666,2.596505,-0.06604224,-0.05954465,0.8878852,0.05901307,-0.4523625,0.006526383,0.003015045,-0.02428954,0.5327606,0.01626587,0.8460999,0.02794338,0.002702362,-0.02340791,0.02794338,0.002702362,-0.02340791,0.5280151,0.03385925,0.8485565,0.5280151,0.03385925,0.8485565,5.118408,5.118408,True,True,True
1590138,63779589473164,-13.58662,2.59651,-0.06606364,-0.05967181,0.887776,0.05916469,-0.4525402,0.006637787,0.003012726,-0.02428377,0.5328369,0.01501465,0.8460693,0.02794448,0.002702271,-0.02340599,0.02794448,0.002702271,-0.02340599,0.5276184,0.03372192,0.8488007,0.5276184,0.03372192,0.8488007,5.11795,5.11795,True,True,True
1590147,63779589473164,-13.58662,2.59651,-0.06606364,-0.05967181,0.887776,0.05916469,-0.4525402,0.006687623,0.003011856,-0.02428017,0.5337067,0.01438904,0.8455353,0.02794454,0.002702042,-0.0234032,0.02794454,0.002702042,-0.0234032,0.5276642,0.03236389,0.8488159,0.5276642,0.03236389,0.8488159,5.117264,5.117264,True,True,True
1590155,63779589473174,-13.58664,2.59656,-0.06611943,-0.05978708,0.8877397,0.05932825,-0.4525748,0.006479309,0.003014603,-0.02428778,0.5332184,0.01290894,0.845871,0.02794478,0.002701584,-0.02340164,0.02794478,0.002701584,-0.02340164,0.5280304,0.0319519,0.8486023,0.5280304,0.0319519,0.8486023,5.145096,5.145096,True,True,True
1590163,63779589473186,-13.58668,2.596685,-0.06613916,-0.05992883,0.8877296,0.05939776,-0.4525667,0.006520569,0.003013977,-0.02428588,0.5339813,0.01228333,0.8453979,0.02794583,0.002701538,-0.02340126,0.02794583,0.002701538,-0.02340126,0.5280151,0.03190613,0.8486176,0.5280151,0.03190613,0.8486176,5.144974,5.144974,True,True,True
1590172,63779589473197,-13.58671,2.596754,-0.06620812,-0.05983621,0.8877189,0.05953203,-0.4525823,0.006410507,0.003015427,-0.02428879,0.5332642,0.01203918,0.8458557,0.02794583,0.002701279,-0.02339902,0.02794583,0.002701279,-0.02339902,0.5280457,0.03187561,0.8486023,0.5280457,0.03187561,0.8486023,5.145279,5.145279,True,True,True
1590180,63779589473197,-13.58671,2.596754,-0.06620812,-0.05983621,0.8877189,0.05953203,-0.4525823,0.006474289,0.003013825,-0.02428578,0.5332489,0.01203918,0.8458557,0.02794583,0.002700226,-0.02339874,0.02794583,0.002700226,-0.02339874,0.5280457,0.03230286,0.848587,0.5280457,0.03230286,0.848587,5.145462,5.145462,True,True,True
1590188,63779589473208,-13.58679,2.596869,-0.06619579,-0.05976623,0.8877757,0.05958443,-0.4524733,0.006353257,0.003014649,-0.02429013,0.534668,0.01208496,0.8449707,0.02794583,0.0026987,-0.02339771,0.02794583,0.0026987,-0.02339771,0.5289917,0.03257751,0.8479919,0.5289917,0.03257751,0.8479919,5.146484,5.146484,True,True,True
1590197,63779589473219,-13.58684,2.59692,-0.06631958,-0.05965728,0.8878724,0.0595117,-0.4523075,0.006250214,0.003016129,-0.02429276,0.5329285,0.01126099,0.8460693,0.02794591,0.002698639,-0.02339513,0.02794591,0.002698639,-0.02339513,0.5281982,0.03236389,0.8484955,0.5281982,0.03236389,0.8484955,5.15358,5.15358,True,True,True
1590205,63779589473230,-13.5869,2.596964,-0.06638217,-0.05988831,0.8879449,0.05963805,-0.452118,0.00617305,0.003017716,-0.02429437,0.5336609,0.01083374,0.8456116,0.02794946,0.002698029,-0.02339258,0.02794946,0.002698029,-0.02339258,0.5290375,0.03245544,0.8479614,0.5290375,0.03245544,0.8479614,5.167633,5.167633,True,True,True
1590213,63779589473230,-13.5869,2.596964,-0.06638217,-0.05988831,0.8879449,0.05963805,-0.452118,0.006056534,0.003019287,-0.02429802,0.5345306,0.009857178,0.8450775,0.02795267,0.002697739,-0.02339044,0.02795267,0.002697739,-0.02339044,0.5298309,0.03097534,0.8475189,0.5298309,0.03097534,0.8475189,5.167694,5.167694,True,True,True
1590222,63779589473241,-13.58689,2.597058,-0.0664562,-0.05995639,0.8879848,0.0596722,-0.4520259,0.00520514,0.003031464,-0.02433231,0.5349884,0.009078979,0.8448029,0.02795418,0.002697174,-0.02338896,0.02795418,0.002697174,-0.02338896,0.5302124,0.03108215,0.8472748,0.5302124,0.03108215,0.8472748,5.168076,5.168076,True,True,True
1590230,63779589473252,-13.5869,2.597105,-0.06649894,-0.06046196,0.8879808,0.05959831,-0.4519762,0.005164246,0.003031403,-0.02433348,0.53508,0.009231567,0.8447418,0.02795422,0.00269606,-0.02338809,0.02795422,0.00269606,-0.02338809,0.5303497,0.03137207,0.8471832,0.5303497,0.03137207,0.8471832,5.178787,5.178787,True,True,True
1590238,63779589473264,-13.58687,2.597104,-0.06649953,-0.06096295,0.8879935,0.05958021,-0.4518864,0.005104691,0.003038132,-0.02433394,0.5373077,0.01403809,0.8432617,0.0279606,0.002705673,-0.02338451,0.0279606,0.002705673,-0.02338451,0.5338745,0.03970337,0.8446198,0.5338745,0.03970337,0.8446198,5.23497,5.23497,True,True,True
1590247,63779589473264,-13.58687,2.597104,-0.06649953,-0.06096295,0.8879935,0.05958021,-0.4518864,0.005240982,0.00302652,-0.02431618,0.536438,0.00831604,0.8438873,0.02797781,0.002700882,-0.02337277,0.02797781,0.002700882,-0.02337277,0.5373383,0.02888489,0.842865,0.5373383,0.02888489,0.842865,5.256546,5.256546,True,True,True
1590255,63779589473275,-13.58681,2.597177,-0.06644595,-0.06147217,0.8880139,0.0594363,-0.4517961,0.007248444,0.003010285,-0.02422905,0.5400085,0.001358032,0.8416443,0.02798261,0.00270929,-0.02337248,0.02798261,0.00270929,-0.02337248,0.5401306,0.02516174,0.8412018,0.5401306,0.02516174,0.8412018,5.261246,5.261246,True,True,True
1590263,63779589473286,-13.58683,2.597241,-0.06645405,-0.06198952,0.8880861,0.05923738,-0.4516098,0.008372162,0.003026154,-0.02415056,0.5355225,-0.01869202,0.8442993,0.02800751,0.002738327,-0.02335423,0.02800751,0.002738327,-0.02335423,0.5380707,0.0145874,0.8427582,0.5380707,0.0145874,0.8427582,5.257935,5.257935,True,True,True
1590272,63779589473297,-13.58685,2.597292,-0.06644595,-0.06234125,0.8881103,0.05918205,-0.4515209,0.01038269,0.003033997,-0.02404898,0.5179138,-0.0140686,0.8553009,0.02803044,0.002766571,-0.02333452,0.02803044,0.002766571,-0.02333452,0.5177307,0.01147461,0.8554535,0.5177307,0.01147461,0.8554535,5.083878,5.083878,True,True,True
1590280,63779589473297,-13.58685,2.597292,-0.06644595,-0.06234125,0.8881103,0.05918205,-0.4515209,0.0124278,0.003068741,-0.02394829,0.5172577,-0.02540588,0.8554382,0.02807163,0.002845917,-0.02331638,0.02807163,0.002845917,-0.02331638,0.5161133,0.002410889,0.8565063,0.5161133,0.002410889,0.8565063,4.952469,4.952469,True,True,True
1590288,63779589473308,-13.58691,2.597322,-0.0664739,-0.0627629,0.8882275,0.05904668,-0.4512499,-0.02959609,0.003859711,-0.02569696,0.5552368,-0.09483337,0.8262482,0.02819988,0.002948074,-0.02331023,0.02819988,0.002948074,-0.02331023,0,0,0,0,0,0,-1,-1,True,True,True
1590297,63779589473319,-13.587,2.597356,-0.06652176,-0.0632726,0.8883464,0.05902377,-0.4509473,-0.001,-0.001,-0.001,1,-1,-1,0.02827866,0.003032105,-0.02326199,0.02827866,0.003032105,-0.02326199,0,0,0,0,0,0,-1,-1,False,True,True
1590305,63779589473330,-13.58702,2.597359,-0.06655806,-0.06376128,0.8883867,0.05912726,-0.4507852,-0.001,-0.001,-0.001,1,-1,-1,0.0283577,0.00310788,-0.0231667,0.0283577,0.00310788,-0.0231667,0,0,0,0,0,0,-1,-1,False,True,True
1590313,63779589473330,-13.58702,2.597359,-0.06655806,-0.06376128,0.8883867,0.05912726,-0.4507852,-0.001,-0.001,-0.001,1,-1,-1,0.03111313,0.001914368,-0.0227182,0.03111313,0.001914368,-0.0227182,0,0,0,0,0,0,-1,-1,False,True,True
1590322,63779589473341,-13.58706,2.597387,-0.06661248,-0.06423553,0.8884664,0.05937441,-0.4505286,-0.001,-0.001,-0.001,1,-1,-1,0.03117423,0.001665588,-0.02274204,0.03117423,0.001665588,-0.02274204,0,0,0,0,0,0,-1,-1,False,True,True
1590330,63779589473353,-13.58706,2.597353,-0.06655288,-0.06468173,0.8884859,0.05967176,-0.4503869,-0.001,-0.001,-0.001,1,-1,-1,0.03118808,0.001237534,-0.02280116,0.03118808,0.001237534,-0.02280116,0,0,0,0,0,0,-1,-1,False,True,True
1590338,63779589473363,-13.5871,2.597341,-0.06656605,-0.06505907,0.8884964,0.05995023,-0.4502747,-0.001,-0.001,-0.001,1,-1,-1,0.03103311,0.002197052,-0.02264398,0.03103311,0.002197052,-0.02264398,0,0,0,0,0,0,-1,-1,False,True,True
1590347,63779589473363,-13.5871,2.597341,-0.06656605,-0.06505907,0.8884964,0.05995023,-0.4502747,-0.001,-0.001,-0.001,1,-1,-1,0.03185594,0.003548813,-0.02571188,0.03185594,0.003548813,-0.02571188,0,0,0,0,0,0,-1,-1,False,True,True
1590355,63779589473374,-13.58713,2.597372,-0.06660032,-0.06511503,0.8885177,0.06023999,-0.450186,-0.001,-0.001,-0.001,1,-1,-1,0.03054666,-0.001437683,-0.01382846,0.03054666,-0.001437683,-0.01382846,0,0,0,0,0,0,-1,-1,False,True,True
1590363,63779589473385,-13.58713,2.597374,-0.06660616,-0.06537918,0.8884165,0.06066641,-0.4502901,-0.001,-0.001,-0.001,1,-1,-1,0.03054666,-0.001437683,-0.01382846,0.03054666,-0.001437683,-0.01382846,0,0,0,0,0,0,-1,-1,False,False,False
1590372,63779589473397,-13.58712,2.597378,-0.0664764,-0.06556637,0.8883912,0.06097705,-0.450271,-0.001,-0.001,-0.001,1,-1,-1,0.03170149,0.001935608,-0.022804,0.03170149,0.001935608,-0.022804,0,0,0,0,0,0,-1,-1,False,True,True
1590380,63779589473397,-13.58712,2.597378,-0.0664764,-0.06556637,0.8883912,0.06097705,-0.450271,-0.001,-0.001,-0.001,1,-1,-1,0.0323981,0.003542298,-0.02246687,0.0323981,0.003542298,-0.02246687,0,0,0,0,0,0,-1,-1,False,True,True
1590388,63779589473407,-13.5871,2.597424,-0.06644034,-0.06572054,0.8882738,0.0614238,-0.4504192,-0.001,-0.001,-0.001,1,-1,-1,0.03296448,0.002928772,-0.02270786,0.03296448,0.002928772,-0.02270786,0,0,0,0,0,0,-1,-1,False,True,True
1590397,63779589473419,-13.58716,2.597444,-0.06640351,-0.06588466,0.8882119,0.06182725,-0.4504622,-0.001,-0.001,-0.001,1,-1,-1,0.02799858,0.0033797,-0.02326337,0.02799858,0.0033797,-0.02326337,0,0,0,0,0,0,-1,-1,False,True,True
1590405,63779589473430,-13.58715,2.597461,-0.06641281,-0.06585217,0.8881156,0.06225011,-0.4505985,-0.001,-0.001,-0.001,1,-1,-1,0.02817354,0.003066177,-0.02328841,0.02817354,0.003066177,-0.02328841,0,0,0,0,0,0,-1,-1,False,True,True
1590413,63779589473430,-13.58715,2.597461,-0.06641281,-0.06585217,0.8881156,0.06225011,-0.4505985,-0.001,-0.001,-0.001,1,-1,-1,0.02796011,0.003280564,-0.0231836,0.02796011,0.003280564,-0.0231836,0,0,0,0,0,0,-1,-1,False,True,True
1590422,63779589473441,-13.58715,2.597464,-0.0663957,-0.06590043,0.8880256,0.0626445,-0.4507143,-0.001,-0.001,-0.001,1,-1,-1,0.02806926,0.00300589,-0.02330521,0.02806926,0.00300589,-0.02330521,0,0,0,0,0,0,-1,-1,False,True,True
1590430,63779589473452,-13.58712,2.597513,-0.06645083,-0.06589539,0.8879638,0.06293982,-0.4507955,-0.001,-0.001,-0.001,1,-1,-1,0.028058,0.003003387,-0.02334924,0.028058,0.003003387,-0.02334924,0,0,0,0,0,0,-1,-1,False,True,True
1590438,63779589473464,-13.58713,2.597551,-0.06643826,-0.06592683,0.8879213,0.06328659,-0.4508261,-0.001,-0.001,-0.001,1,-1,-1,0.02806044,0.00295842,-0.02328945,0.02806044,0.00295842,-0.02328945,0,0,0,0,0,0,-1,-1,False,True,True
1590446,63779589473464,-13.58713,2.597551,-0.06643826,-0.06592683,0.8879213,0.06328659,-0.4508261,-0.001,-0.001,-0.001,1,-1,-1,0.02805004,0.002948776,-0.02334886,0.02805004,0.002948776,-0.02334886,0,0,0,0,0,0,-1,-1,False,True,True
1590455,63779589473474,-13.58709,2.59762,-0.06637776,-0.06568589,0.8879403,0.06363243,-0.4507752,-0.001,-0.001,-0.001,1,-1,-1,0.02804547,0.002908829,-0.0233279,0.02804547,0.002908829,-0.0233279,0,0,0,0,0,0,-1,-1,False,True,True
1590463,63779589473485,-13.58707,2.597668,-0.06634372,-0.06559613,0.8879572,0.06393519,-0.4507124,0.0279534,0.00286879,-0.02333208,0.4937134,0.04562378,0.8684082,0.02803021,0.002867554,-0.02332889,0.02803021,0.002867554,-0.02332889,0.4936676,0.04574585,0.8684387,0.4936676,0.04574585,0.8684387,5.116608,5.116608,True,True,True
1590471,63779589473497,-13.58701,2.597685,-0.06631184,-0.06544728,0.8879573,0.06417073,-0.4507002,0.02802289,0.002872086,-0.02331162,0.4944305,0.05981445,0.8671417,0.02805757,0.002871536,-0.02331014,0.02805757,0.002871536,-0.02331014,0.4944,0.05986023,0.867157,0.4944,0.05986023,0.867157,5.163864,5.163864,True,True,True
1590480,63779589473497,-13.58701,2.597685,-0.06631184,-0.06544728,0.8879573,0.06417073,-0.4507002,0.009329209,0.003144943,-0.02411569,0.5100861,0.04405212,0.8589783,0.02805361,0.002851273,-0.02331612,0.02805361,0.002851273,-0.02331612,0.4962158,0.06562805,0.8657074,0.4962158,0.06562805,0.8657074,5.146927,5.146927,True,True,True
1590488,63779589473507,-13.58697,2.597707,-0.06630588,-0.06538352,0.8879703,0.06444485,-0.4506447,0.009290009,0.003131775,-0.02410944,0.5119171,0.03666687,0.8582458,0.02805499,0.002840897,-0.02329877,0.02805499,0.002840897,-0.02329877,0.497879,0.05070496,0.8657532,0.497879,0.05070496,0.8657532,5.253967,5.253967,True,True,True
1590496,63779589473518,-13.5869,2.597701,-0.06628627,-0.0651513,0.8879913,0.06454553,-0.4506224,0.01003919,0.003112305,-0.02407358,0.5109406,0.03475952,0.858902,0.02805888,0.002844971,-0.02330832,0.02805888,0.002844971,-0.02330832,0.5002441,0.05871582,0.8638763,0.5002441,0.05871582,0.8638763,5.229355,5.229355,True,True,True
1590505,63779589473529,-13.58685,2.597732,-0.06628603,-0.06510651,0.8880345,0.0646755,-0.4505255,0.01001117,0.003103882,-0.02410701,0.520401,0.04721069,0.8526001,0.02804852,0.002826935,-0.02332785,0.02804852,0.002826935,-0.02332785,0.5088959,0.05622864,0.8589783,0.5088959,0.05622864,0.8589783,5.233749,5.233749,True,True,True
1590513,63779589473529,-13.58685,2.597732,-0.06628603,-0.06510651,0.8880345,0.0646755,-0.4505255,0.008283402,0.003117966,-0.02416281,0.5183411,0.03742981,0.8543396,0.0280544,0.00282161,-0.0233264,0.0280544,0.00282161,-0.0233264,0.5138855,0.05502319,0.8560791,0.5138855,0.05502319,0.8560791,5.215576,5.215576,True,True,True
1590521,63779589473541,-13.58676,2.597707,-0.06630135,-0.06494362,0.8880881,0.06485407,-0.4504173,0.006462754,0.003141647,-0.02425354,0.5288849,0.03623962,0.8479156,0.02804562,0.002805634,-0.02332799,0.02804562,0.002805634,-0.02332799,0.5189819,0.048172,0.8534088,0.5189819,0.048172,0.8534088,5.269547,5.269547,True,True,True
1590530,63779589473552,-13.58668,2.597706,-0.06626815,-0.06481452,0.8882127,0.06490929,-0.4501824,0.006645889,0.003130875,-0.02422722,0.5229492,0.03178406,0.8517609,0.02805432,0.002807343,-0.02332689,0.02805432,0.002807343,-0.02332689,0.517868,0.05751038,0.8535156,0.517868,0.05751038,0.8535156,5.236771,5.236771,True,True,True
1590538,63779589473563,-13.5866,2.597736,-0.06631237,-0.06467423,0.8883274,0.06485384,-0.449984,0.006041336,0.00312294,-0.02425305,0.5210724,0.02815247,0.8530273,0.02804396,0.002777069,-0.02331381,0.02804396,0.002777069,-0.02331381,0.5095062,0.04684448,0.8591766,0.5095062,0.04684448,0.8591766,5.182648,5.182648,True,True,True
1590546,63779589473563,-13.5866,2.597736,-0.06631237,-0.06467423,0.8883274,0.06485384,-0.449984,0.005505829,0.003133301,-0.02429212,0.5259552,0.03787231,0.8496552,0.02803537,0.002777588,-0.02332782,0.02803537,0.002777588,-0.02332782,0.5162048,0.05041504,0.8549652,0.5162048,0.05041504,0.8549652,5.250122,5.250122,True,True,True
1590555,63779589473574,-13.58657,2.597709,-0.06630242,-0.06445817,0.888419,0.06474533,-0.4498498,0.00555806,0.003133866,-0.02428501,0.5240479,0.03388977,0.8509979,0.02803412,0.002781876,-0.02332204,0.02803412,0.002781876,-0.02332204,0.5134277,0.04910278,0.85672,0.5134277,0.04910278,0.85672,5.237671,5.237671,True,True,True
1590563,63779589473585,-13.58649,2.597692,-0.0663054,-0.0643411,0.8885404,0.06472764,-0.4496293,0.005508698,0.003134308,-0.02428037,0.5209808,0.02909851,0.8530579,0.02804038,0.002783249,-0.02331282,0.02804038,0.002783249,-0.02331282,0.5084686,0.04641724,0.8598175,0.5084686,0.04641724,0.8598175,5.105988,5.105988,True,True,True
1590571,63779589473596,-13.58644,2.597682,-0.06632566,-0.0641807,0.8886077,0.06460164,-0.4495373,0.007098893,0.003105835,-0.02420874,0.5224762,0.02192688,0.852356,0.02803533,0.002779236,-0.02330899,0.02803533,0.002779236,-0.02330899,0.5131378,0.03541565,0.8575592,0.5131378,0.03541565,0.8575592,5.089645,5.089645,True,True,True
1590580,63779589473596,-13.58644,2.597682,-0.06632566,-0.0641807,0.8886077,0.06460164,-0.4495373,0.005092896,0.003133621,-0.02429369,0.5205078,0.02345276,0.8535309,0.02803244,0.002775452,-0.02330841,0.02803244,0.002775452,-0.02330841,0.508316,0.04249573,0.8601074,0.508316,0.04249573,0.8601074,5.071472,5.071472,True,True,True
1590588,63779589473608,-13.58629,2.597632,-0.06629306,-0.0639674,0.8887176,0.06464096,-0.4493448,0.006135468,0.003112747,-0.02424875,0.5216217,0.02973938,0.8526459,0.02802956,0.002771668,-0.02330899,0.02802956,0.002771668,-0.02330899,0.5117493,0.05075073,0.8576202,0.5117493,0.05075073,0.8576202,5.098938,5.098938,True,True,True
1590596,63779589473619,-13.58622,2.597618,-0.06622428,-0.06387571,0.8887938,0.06461833,-0.4492105,0.007550186,0.003082794,-0.02418958,0.5183258,0.0309906,0.8546143,0.02802591,0.002762696,-0.02331107,0.02802591,0.002762696,-0.02331107,0.5075989,0.04949951,0.8601532,0.5075989,0.04949951,0.8601532,5.078812,5.078812,True,True,True
1590605,63779589473631,-13.5861,2.597663,-0.06618005,-0.06370752,0.8888938,0.06459587,-0.4490396,0.007244797,0.003090668,-0.02421533,0.5256958,0.03407288,0.8499756,0.0280204,0.002767853,-0.0233311,0.0280204,0.002767853,-0.0233311,0.5207062,0.05523682,0.8519287,0.5207062,0.05523682,0.8519287,5.288559,5.288559,True,True,True
1590613,63779589473631,-13.5861,2.597663,-0.06618005,-0.06370752,0.8888938,0.06459587,-0.4490396,0.006580216,0.003099686,-0.02424181,0.5236969,0.03065491,0.8513336,0.02801934,0.002766022,-0.02332831,0.02801934,0.002766022,-0.02332831,0.5184631,0.05096436,0.8535614,0.5184631,0.05096436,0.8535614,5.200821,5.200821,True,True,True
1590621,63779589473641,-13.58601,2.597645,-0.06618422,-0.06356065,0.8889856,0.06466386,-0.448869,0.006419434,0.003099716,-0.0242469,0.5232849,0.03204346,0.851532,0.02801825,0.002764176,-0.02332552,0.02801825,0.002764176,-0.02332552,0.5179443,0.05281067,0.853775,0.5179443,0.05281067,0.853775,5.279968,5.279968,True,True,True
1590630,63779589473652,-13.58592,2.597607,-0.06613517,-0.06346414,0.8890495,0.06479935,-0.4487364,0.00630893,0.003099884,-0.02425141,0.5239868,0.03265381,0.8510895,0.02801822,0.002763794,-0.02332515,0.02801822,0.002763794,-0.02332515,0.5190735,0.0533905,0.8530426,0.5190735,0.0533905,0.8530426,5.283554,5.283554,True,True,True
1590638,63779589473663,-13.58585,2.597645,-0.06608528,-0.0632932,0.8891983,0.06463725,-0.448489,0.00617804,0.00310109,-0.02425755,0.524704,0.03334045,0.8506165,0.0280182,0.002763413,-0.02332512,0.0280182,0.002763413,-0.02332512,0.5201569,0.05392456,0.852356,0.5201569,0.05392456,0.852356,5.282898,5.282898,True,True,True
1590646,63779589473663,-13.58585,2.597645,-0.06608528,-0.0632932,0.8891983,0.06463725,-0.448489,0.006196732,0.003099381,-0.0242574,0.5245361,0.03309631,0.8507233,0.02801567,0.0027621,-0.02332532,0.02801567,0.0027621,-0.02332532,0.5198822,0.05369568,0.8525391,0.5198822,0.05369568,0.8525391,5.252563,5.252563,True,True,True
1590655,63779589473674,-13.58576,2.597628,-0.06613797,-0.0632039,0.8893201,0.0647655,-0.4482414,0.004903061,0.003118088,-0.02431271,0.5247955,0.03189087,0.8506165,0.02801312,0.002760788,-0.02332552,0.02801312,0.002760788,-0.02332552,0.519577,0.05360413,0.8527222,0.519577,0.05360413,0.8527222,5.222214,5.222214,True,True,True
1590663,63779589473685,-13.5857,2.597649,-0.06612486,-0.06307635,0.8893843,0.06478147,-0.4481298,0.005204697,0.00311232,-0.02429967,0.5248871,0.03083801,0.8506012,0.02801148,0.002759796,-0.02332532,0.02801148,0.002759796,-0.02332532,0.519516,0.05126953,0.8529053,0.519516,0.05126953,0.8529053,5.196823,5.196823,True,True,True
1590671,63779589473696,-13.58561,2.597659,-0.06614572,-0.06296641,0.8894783,0.06491718,-0.4479391,0.005513184,0.003106079,-0.0242863,0.524826,0.02992249,0.8506775,0.02800981,0.00275882,-0.02332512,0.02800981,0.00275882,-0.02332512,0.5197754,0.04899597,0.85289,0.5197754,0.04899597,0.85289,5.201294,5.201294,True,True,True
1590680,63779589473696,-13.58561,2.597659,-0.06614572,-0.06296641,0.8894783,0.06491718,-0.4479391,0.00571521,0.003099991,-0.02427838,0.5271759,0.03108215,0.8491821,0.0280091,0.002757233,-0.02332495,0.0280091,0.002757233,-0.02332495,0.5213013,0.04945374,0.8519287,0.5213013,0.04945374,0.8519287,5.188156,5.188156,True,True,True
1590688,63779589473707,-13.58553,2.597684,-0.06610936,-0.06274617,0.8895799,0.06497455,-0.4477599,0.005833161,0.003096817,-0.02427374,0.5279999,0.03163147,0.8486481,0.02800839,0.002755646,-0.02332477,0.02800839,0.002755646,-0.02332477,0.5228424,0.04998779,0.8509521,0.5228424,0.04998779,0.8509521,5.175369,5.175369,True,True,True
1590696,63779589473718,-13.58549,2.59766,-0.06611919,-0.06271128,0.889614,0.0651285,-0.4476746,0.00592096,0.003093109,-0.02427101,0.5283661,0.03201294,0.8484039,0.02800794,0.002754105,-0.02332495,0.02800794,0.002754105,-0.02332495,0.5239716,0.05046082,0.8502197,0.5239716,0.05046082,0.8502197,5.175323,5.175323,True,True,True
1590705,63779589473730,-13.58542,2.597665,-0.06612068,-0.06268463,0.8896711,0.06517499,-0.447558,0.005987885,0.003089615,-0.02426843,0.5288544,0.0327301,0.8480682,0.02800748,0.002752564,-0.02332512,0.02800748,0.002752564,-0.02332512,0.5250854,0.05096436,0.8495026,0.5250854,0.05096436,0.8495026,5.175095,5.175095,True,True,True
1590713,63779589473730,-13.58542,2.597665,-0.06612068,-0.06268463,0.8896711,0.06517499,-0.447558,0.006039795,0.003086685,-0.02426691,0.5283813,0.03224182,0.8483887,0.02800653,0.002750961,-0.02332503,0.02800653,0.002750961,-0.02332503,0.5249329,0.04983521,0.8496704,0.5249329,0.04983521,0.8496704,5.175415,5.175415,True,True,True
1590721,63779589473741,-13.58538,2.597651,-0.06613183,-0.0627178,0.8897193,0.06521524,-0.4474518,0.006108307,0.003083511,-0.0242648,0.5281372,0.03120422,0.8485718,0.02800559,0.002749375,-0.02332495,0.02800559,0.002749375,-0.02332495,0.5247498,0.04881287,0.8498383,0.5247498,0.04881287,0.8498383,5.173203,5.173203,True,True,True
1590730,63779589473752,-13.58534,2.597634,-0.06610185,-0.06283848,0.8897892,0.0654285,-0.4472646,0.006176834,0.003080994,-0.02426233,0.529068,0.03170776,0.8479767,0.02800559,0.002748276,-0.02332477,0.02800559,0.002748276,-0.02332477,0.5257721,0.04908752,0.8491974,0.5257721,0.04908752,0.8491974,5.165009,5.165009,True,True,True
1590738,63779589473763,-13.58526,2.597645,-0.0660904,-0.06279854,0.8898255,0.06550953,-0.4471862,0.006318528,0.003077011,-0.0242594,0.529953,0.03170776,0.8474274,0.0280033,0.002746094,-0.02332477,0.0280033,0.002746094,-0.02332477,0.5272064,0.04988098,0.8482513,0.5272064,0.04988098,0.8482513,5.175919,5.175919,True,True,True
1590746,63779589473763,-13.58526,2.597645,-0.0660904,-0.06279854,0.8898255,0.06550953,-0.4471862,0.006460846,0.003073898,-0.02425404,0.5317688,0.03152466,0.8462982,0.02800142,0.002745743,-0.02332495,0.02800142,0.002745743,-0.02332495,0.5289459,0.04927063,0.8472137,0.5289459,0.04927063,0.8472137,5.168015,5.168015,True,True,True
1590755,63779589473775,-13.58511,2.597664,-0.06604362,-0.06275262,0.8899173,0.06563522,-0.4469915,0.006548325,0.003069519,-0.02425063,0.5329895,0.03253174,0.8454895,0.0279989,0.002742325,-0.02332512,0.0279989,0.002742325,-0.02332512,0.5302429,0.05030823,0.8463287,0.5302429,0.05030823,0.8463287,5.15834,5.15834,True,True,True
1590763,63779589473785,-13.58505,2.597678,-0.06605089,-0.06265244,0.8899721,0.06573637,-0.4468816,0.006659363,0.003065613,-0.02424677,0.5326538,0.03201294,0.8457031,0.02799704,0.002740967,-0.02332512,0.02799704,0.002740967,-0.02332512,0.5299988,0.05064392,0.8464661,0.5299988,0.05064392,0.8464661,5.158279,5.158279,True,True,True
1590771,63779589473796,-13.58499,2.597695,-0.06603628,-0.06258488,0.890016,0.06582972,-0.44679,0.006679047,0.003062744,-0.0242459,0.5326538,0.03263855,0.8456879,0.02799408,0.002737015,-0.02332512,0.02799408,0.002737015,-0.02332512,0.5299377,0.05158997,0.8464508,0.5299377,0.05158997,0.8464508,5.158478,5.158478,True,True,True
1590780,63779589473796,-13.58499,2.597695,-0.06603628,-0.06258488,0.890016,0.06582972,-0.44679,0.006612549,0.003063416,-0.02424889,0.5345917,0.03181458,0.8444977,0.02799271,0.002736527,-0.02332512,0.02799271,0.002736527,-0.02332512,0.5330505,0.05213928,0.8444672,0.5330505,0.05213928,0.8444672,5.162125,5.162125,True,True,True
1590788,63779589473807,-13.58494,2.597728,-0.06609112,-0.06245039,0.8900781,0.06581633,-0.4466869,0.006444779,0.003064408,-0.02425705,0.5338745,0.03131104,0.8449707,0.02798966,0.002734192,-0.02332575,0.02798966,0.002734192,-0.02332575,0.5322113,0.05273438,0.8449554,0.5322113,0.05273438,0.8449554,5.153885,5.153885,True,True,True
1590796,63779589473819,-13.58486,2.597703,-0.06608808,-0.06240182,0.8901265,0.06581991,-0.4465966,0.006265457,0.003066147,-0.02426531,0.5350494,0.03157043,0.844223,0.02798822,0.002733048,-0.02332597,0.02798822,0.002733048,-0.02332597,0.5340118,0.05419922,0.8437195,0.5340118,0.05419922,0.8437195,5.156769,5.156769,True,True,True
1590805,63779589473830,-13.58483,2.597668,-0.06611246,-0.06237645,0.8901445,0.06586862,-0.4465571,0.004619614,0.003090149,-0.02433896,0.5350037,0.03085327,0.8442688,0.02798491,0.00273114,-0.02332762,0.02798491,0.00273114,-0.02332762,0.5335541,0.0556488,0.8439178,0.5335541,0.0556488,0.8439178,5.164627,5.164627,True,True,True
1590813,63779589473830,-13.58483,2.597668,-0.06611246,-0.06237645,0.8901445,0.06586862,-0.4465571,0.004706269,0.003087708,-0.02433635,0.5346985,0.03065491,0.8444672,0.02798136,0.002730194,-0.02332768,0.02798136,0.002730194,-0.02332768,0.5331573,0.05584717,0.844162,0.5331573,0.05584717,0.844162,5.175735,5.175735,True,True,True
1590821,63779589473841,-13.58481,2.597656,-0.06613809,-0.06228631,0.8901572,0.06599835,-0.4465253,0.00471727,0.003086243,-0.02433629,0.5346069,0.03063965,0.8445282,0.02797754,0.002728852,-0.02332855,0.02797754,0.002728852,-0.02332855,0.5330048,0.05627441,0.844223,0.5330048,0.05627441,0.844223,5.181503,5.181503,True,True,True
1590830,63779589473852,-13.58482,2.597616,-0.06617153,-0.06237125,0.8901436,0.06623673,-0.446505,0.004712143,0.003085953,-0.02433685,0.5351868,0.03016663,0.8441772,0.02797713,0.002728791,-0.02332884,0.02797713,0.002728791,-0.02332884,0.5332184,0.05638123,0.8440857,0.5332184,0.05638123,0.8440857,5.201462,5.201462,True,True,True
1590838,63779589473863,-13.58481,2.597607,-0.06619757,-0.06244911,0.8900763,0.0665713,-0.4465789,0.004763306,0.003084152,-0.02433623,0.5357208,0.03062439,0.8438263,0.02797595,0.002728516,-0.02333103,0.02797595,0.002728516,-0.02333103,0.5341034,0.05673218,0.8435059,0.5341034,0.05673218,0.8435059,5.202499,5.202499,True,True,True
1590846,63779589473863,-13.58481,2.597607,-0.06619757,-0.06244911,0.8900763,0.0665713,-0.4465789,0.004713242,0.003083344,-0.02433862,0.5353394,0.03019714,0.8440857,0.0279736,0.002728455,-0.02333131,0.0279736,0.002728455,-0.02333131,0.5335388,0.05667114,0.8438568,0.5335388,0.05667114,0.8438568,5.201767,5.201767,True,True,True
1590855,63779589473874,-13.58476,2.597618,-0.06621599,-0.06260157,0.8900705,0.06673142,-0.4465451,0.004736725,0.003080857,-0.02433768,0.5349731,0.02967834,0.8443298,0.02797148,0.002728302,-0.02333131,0.02797148,0.002728302,-0.02333131,0.5330048,0.05496216,0.8443146,0.5330048,0.05496216,0.8443146,5.199905,5.199905,True,True,True
1590863,63779589473885,-13.58478,2.597608,-0.06629807,-0.06274334,0.8900325,0.06681704,-0.4465882,0.004667008,0.003080628,-0.02434131,0.534729,0.02973938,0.8444824,0.02797014,0.002727295,-0.02333131,0.02797014,0.002727295,-0.02333131,0.5326233,0.05509949,0.8445435,0.5326233,0.05509949,0.8445435,5.180054,5.180054,True,True,True
1590871,63779589473896,-13.58474,2.597597,-0.06635064,-0.06287847,0.8900039,0.06677506,-0.4466322,0.00470752,0.003078217,-0.02433963,0.5343933,0.0297699,0.844696,0.02796781,0.002726578,-0.02333131,0.02796781,0.002726578,-0.02333131,0.5322571,0.05497742,0.8447876,0.5322571,0.05497742,0.8447876,5.198853,5.198853,True,True,True
1590880,63779589473896,-13.58474,2.597597,-0.06635064,-0.06287847,0.8900039,0.06677506,-0.4466322,0.004766266,0.003076096,-0.02433743,0.534317,0.02856445,0.8447876,0.02796675,0.002725586,-0.02333131,0.02796675,0.002725586,-0.02333131,0.5323486,0.05259705,0.8448792,0.5323486,0.05259705,0.8448792,5.202286,5.202286,True,True,True
1590888,63779589473908,-13.58476,2.597513,-0.06638974,-0.06292406,0.8899985,0.06675131,-0.4466403,0.005988846,0.003057404,-0.02428508,0.5355682,0.02987671,0.8439484,0.02796625,0.00272525,-0.02333131,0.02796625,0.00272525,-0.02333131,0.5327301,0.05276489,0.8446198,0.5327301,0.05276489,0.8446198,5.197815,5.197815,True,True,True
1590896,63779589473918,-13.58475,2.597501,-0.06643832,-0.06288188,0.8899913,0.06668231,-0.4466709,0.005850861,0.00305925,-0.02429144,0.5355377,0.02952576,0.8439789,0.02796555,0.002724869,-0.02333131,0.02796555,0.002724869,-0.02333131,0.5327606,0.05281067,0.8446045,0.5327606,0.05281067,0.8446045,5.203217,5.203217,True,True,True
1590905,63779589473930,-13.58469,2.597465,-0.06649607,-0.06282184,0.8900187,0.06657448,-0.4466407,0.005881455,0.003057877,-0.02428998,0.5354767,0.03004456,0.8440094,0.02796521,0.002723404,-0.02333103,0.02796521,0.002723404,-0.02333103,0.5328369,0.05322266,0.8445282,0.5328369,0.05322266,0.8445282,5.201782,5.201782,True,True,True
1590913,63779589473930,-13.58469,2.597465,-0.06649607,-0.06282184,0.8900187,0.06657448,-0.4466407,0.00594867,0.003052918,-0.02428696,0.5351257,0.03079224,0.8441925,0.02796425,0.002717102,-0.02333055,0.02796425,0.002717102,-0.02333055,0.5326691,0.0539093,0.8445892,0.5326691,0.0539093,0.8445892,5.203964,5.203964,True,True,True
1590921,63779589473941,-13.58462,2.597442,-0.06656414,-0.06264693,0.8900334,0.06642657,-0.4466582,0.005914795,0.003051178,-0.02428876,0.535202,0.03137207,0.8441315,0.02796335,0.002713455,-0.02333049,0.02796335,0.002713455,-0.02333049,0.5327759,0.05487061,0.8444672,0.5327759,0.05487061,0.8444672,5.204773,5.204773,True,True,True
1590930,63779589473952,-13.58459,2.59742,-0.06664205,-0.06252801,0.8900598,0.06614156,-0.4466645,0.005884842,0.00304892,-0.02429007,0.5352783,0.02911377,0.844162,0.0279628,0.002709061,-0.02333037,0.0279628,0.002709061,-0.02333037,0.5323181,0.05198669,0.8449402,0.5323181,0.05198669,0.8449402,5.200684,5.200684,True,True,True
1590938,63779589473963,-13.58456,2.597431,-0.06672966,-0.06228356,0.8901072,0.06583086,-0.4466501,0.005837296,0.003046326,-0.02429213,0.5355377,0.02999878,0.8439636,0.02796233,0.00270369,-0.02333012,0.02796233,0.00270369,-0.02333012,0.5322723,0.05340576,0.8448792,0.5322723,0.05340576,0.8448792,5.201538,5.201538,True,True,True
1590946,63779589473963,-13.58456,2.597431,-0.06672966,-0.06228356,0.8901072,0.06583086,-0.4466501,0.005885712,0.003043244,-0.02429138,0.5357971,0.03111267,0.8437653,0.02796219,0.002699921,-0.02332976,0.02796219,0.002699921,-0.02332976,0.5329895,0.05491638,0.8443146,0.5329895,0.05491638,0.8443146,5.199783,5.199783,True,True,True
1590955,63779589473975,-13.58453,2.597389,-0.06682521,-0.06220445,0.8900959,0.06559111,-0.4467188,0.004354309,0.003066925,-0.02435809,0.5358582,0.02934265,0.8437805,0.02796199,0.002699341,-0.02332956,0.02796199,0.002699341,-0.02332956,0.5329437,0.0549469,0.8443451,0.5329437,0.0549469,0.8443451,5.181015,5.181015,True,True,True
1590963,63779589473985,-13.58448,2.597275,-0.06686282,-0.06206276,0.8901227,0.06538986,-0.4467146,0.005898041,0.003040543,-0.02429111,0.5354614,0.03086853,0.8439789,0.02796192,0.002695542,-0.02332953,0.02796192,0.002695542,-0.02332953,0.5329285,0.05549622,0.8443298,0.5329285,0.05549622,0.8443298,5.181122,5.181122,True,True,True
1590971,63779589473996,-13.58446,2.597217,-0.06691986,-0.06194344,0.8901327,0.06515379,-0.4467457,0.004448532,0.003062073,-0.02435452,0.5357361,0.03010559,0.8438263,0.02796158,0.002693405,-0.02332897,0.02796158,0.002693405,-0.02332897,0.5328522,0.05606079,0.8443298,0.5328522,0.05606079,0.8443298,5.181625,5.181625,True,True,True
1590980,63779589473996,-13.58446,2.597217,-0.06691986,-0.06194344,0.8901327,0.06515379,-0.4467457,0.004479615,0.003061386,-0.02435343,0.5352783,0.02964783,0.8441315,0.02796127,0.002693085,-0.02332878,0.02796127,0.002693085,-0.02332878,0.5325928,0.05609131,0.8444977,0.5325928,0.05609131,0.8444977,5.181244,5.181244,True,True,True
1590988,63779589474007,-13.58446,2.597184,-0.06702542,-0.06192822,0.8901215,0.06487057,-0.4468115,0.004471604,0.003061508,-0.02435172,0.534256,0.02954102,0.8447876,0.02796111,0.002693085,-0.02332372,0.02796111,0.002693085,-0.02332372,0.5317993,0.05567932,0.8450165,0.5317993,0.05567932,0.8450165,5.180527,5.180527,True,True,True
1590996,63779589474019,-13.58445,2.59713,-0.06711394,-0.06171382,0.890132,0.06463403,-0.4468544,0.004444672,0.003062027,-0.02435376,0.5341492,0.03010559,0.8448486,0.02796102,0.002693085,-0.02332294,0.02796102,0.002693085,-0.02332294,0.531723,0.05609131,0.845047,0.531723,0.05609131,0.845047,5.174835,5.174835,True,True,True
1591005,63779589474030,-13.58444,2.59711,-0.06720769,-0.06147175,0.8901677,0.06430909,-0.4468634,0.004375397,0.00306337,-0.02435675,0.5341187,0.02993774,0.8448639,0.02795972,0.002693085,-0.02332272,0.02795972,0.002693085,-0.02332272,0.5319214,0.05606079,0.8449249,0.5319214,0.05606079,0.8449249,5.174606,5.174606,True,True,True
1591013,63779589474030,-13.58444,2.59711,-0.06720769,-0.06147175,0.8901677,0.06430909,-0.4468634,0.004412079,0.00306279,-0.02435445,0.5339508,0.02992249,0.8449707,0.02795891,0.002693085,-0.02332157,0.02795891,0.002693085,-0.02332157,0.531723,0.0559845,0.845047,0.531723,0.0559845,0.845047,5.1745,5.1745,True,True,True
1591021,63779589474040,-13.58444,2.597039,-0.06733906,-0.06127961,0.8902114,0.06411256,-0.4468311,0.004402252,0.00306279,-0.02435419,0.5336761,0.02874756,0.8451843,0.02795882,0.002693085,-0.02332018,0.02795882,0.002693085,-0.02332018,0.5312195,0.05383301,0.8455048,0.5312195,0.05383301,0.8455048,5.171814,5.171814,True,True,True
1591030,63779589474051,-13.58442,2.596998,-0.0674035,-0.06110575,0.8902273,0.06379732,-0.4468682,0.004451676,0.003062012,-0.02435143,0.5333557,0.02839661,0.8453979,0.02795877,0.002693085,-0.02331896,0.02795877,0.002693085,-0.02331896,0.5303497,0.05368042,0.8460693,0.5303497,0.05368042,0.8460693,5.171036,5.171036,True,True,True
1591038,63779589474063,-13.58446,2.596966,-0.06749761,-0.06080901,0.8902736,0.06347308,-0.4468628,0.004578461,0.003060211,-0.02434505,0.5327759,0.02952576,0.8457336,0.02795857,0.002693405,-0.02331758,0.02795857,0.002693405,-0.02331758,0.5293732,0.05534363,0.8465729,0.5293732,0.05534363,0.8465729,5.165848,5.165848,True,True,True
1591046,63779589474063,-13.58446,2.596966,-0.06749761,-0.06080901,0.8902736,0.06347308,-0.4468628,0.004735321,0.003057739,-0.02433667,0.5324402,0.02952576,0.845932,0.02795839,0.002693558,-0.02331508,0.02795839,0.002693558,-0.02331508,0.5292358,0.05514526,0.8466644,0.5292358,0.05514526,0.8466644,5.155624,5.155624,True,True,True
1591055,63779589474075,-13.58449,2.596951,-0.06765175,-0.06055992,0.8902613,0.06306108,-0.4469793,0.004640305,0.003059891,-0.02434077,0.5322113,0.02929688,0.8460999,0.02795674,0.00269487,-0.0233145,0.02795674,0.00269487,-0.0233145,0.5288391,0.05487061,0.8469238,0.5288391,0.05487061,0.8469238,5.155151,5.155151,True,True,True
1591063,63779589474085,-13.58448,2.596909,-0.06777126,-0.06034733,0.8902472,0.06288574,-0.4470608,0.00452417,0.003061783,-0.02434604,0.5321655,0.02919006,0.8461151,0.02795653,0.002695206,-0.02331442,0.02795653,0.002695206,-0.02331442,0.5287628,0.05482483,0.8469849,0.5287628,0.05482483,0.8469849,5.154861,5.154861,True,True,True
1591071,63779589474096,-13.58447,2.596844,-0.06794447,-0.06023777,0.8902698,0.06253201,-0.4470803,0.005970261,0.003039215,-0.02428189,0.5317688,0.03105164,0.8463135,0.02795604,0.002695328,-0.02331348,0.02795604,0.002695328,-0.02331348,0.5286713,0.05529785,0.8470154,0.5286713,0.05529785,0.8470154,5.155319,5.155319,True,True,True
1591080,63779589474096,-13.58447,2.596844,-0.06794447,-0.06023777,0.8902698,0.06253201,-0.4470803,0.005949616,0.003039673,-0.02428067,0.5318756,0.03089905,0.8462524,0.02795555,0.002695557,-0.02330971,0.02795555,0.002695557,-0.02330971,0.5285797,0.05500793,0.8470764,0.5285797,0.05500793,0.8470764,5.155121,5.155121,True,True,True
1591088,63779589474107,-13.58446,2.596791,-0.06807601,-0.0601705,0.890296,0.0623351,-0.4470647,0.005962403,0.00303952,-0.02427863,0.5317078,0.03163147,0.8463287,0.02795449,0.002695618,-0.02330733,0.02795449,0.002695618,-0.02330733,0.5283356,0.0556488,0.8471985,0.5283356,0.0556488,0.8471985,5.155441,5.155441,True,True,True
1591096,63779589474118,-13.5845,2.596714,-0.06832999,-0.05996187,0.890331,0.06205912,-0.4470614,0.005894058,0.003026215,-0.02429031,0.5296021,0.026474,0.8478241,0.02790047,0.002695282,-0.02331601,0.02790047,0.002695282,-0.02331601,0.5254822,0.0509491,0.8492584,0.5254822,0.0509491,0.8492584,5.023819,5.023819,True,True,True
1591105,63779589474129,-13.58445,2.596676,-0.06847912,-0.05980831,0.8903716,0.06192418,-0.44702,0.00475293,0.003039047,-0.02439824,0.5532684,0.02194214,0.8327026,0.02780507,0.002687226,-0.02337361,0.02780507,0.002687226,-0.02337361,0.5478516,0.05168152,0.8349762,0.5478516,0.05168152,0.8349762,5.285904,5.285904,True,True,True
1591113,63779589474129,-13.58445,2.596676,-0.06847912,-0.05980831,0.8903716,0.06192418,-0.44702,0.005119278,0.003041229,-0.02441832,0.5606537,0.02098083,0.827774,0.02773015,0.002695526,-0.02341434,0.02773015,0.002695526,-0.02341434,0.5550842,0.04953003,0.830307,0.5550842,0.04953003,0.830307,5.234177,5.234177,True,True,True
1591121,63779589474141,-13.58445,2.59664,-0.06862092,-0.05955641,0.8904276,0.06169156,-0.4469741,0.006827759,0.003023621,-0.0243467,0.56073,0.01898193,0.8277588,0.02771156,0.00270372,-0.02342207,0.02771156,0.00270372,-0.02342207,0.5580444,0.04716492,0.8284607,0.5580444,0.04716492,0.8284607,5.270905,5.270905,True,True,True
1591130,63779589474151,-13.58445,2.596619,-0.06876677,-0.05927769,0.8904711,0.06138971,-0.446966,0.006213303,0.003035629,-0.02437117,0.5589294,0.01893616,0.8289948,0.02771219,0.0027108,-0.02342673,0.02771219,0.0027108,-0.02342673,0.5608063,0.04656982,0.8266296,0.5608063,0.04656982,0.8266296,5.181808,5.181808,True,True,True
1591138,63779589474163,-13.58445,2.596577,-0.06890565,-0.05910075,0.8905182,0.06116343,-0.4469267,0.004639755,0.003059525,-0.02444164,0.5604706,0.01745605,0.8279724,0.02771123,0.002710159,-0.02342536,0.02771123,0.002710159,-0.02342536,0.560379,0.04664612,0.8269043,0.560379,0.04664612,0.8269043,5.230713,5.230713,True,True,True
1591146,63779589474163,-13.58445,2.596577,-0.06890565,-0.05910075,0.8905182,0.06116343,-0.4469267,0.003299561,0.003080383,-0.02450223,0.5627136,0.01596069,0.8264771,0.02771025,0.002710205,-0.02342407,0.02771025,0.002710205,-0.02342407,0.56073,0.04669189,0.8266754,0.56073,0.04669189,0.8266754,5.217575,5.217575,True,True,True
1591155,63779589474174,-13.58438,2.596474,-0.06901222,-0.05884063,0.8905689,0.06087374,-0.4468995,0.004556854,0.003060974,-0.02444814,0.5621948,0.01713562,0.8268127,0.02771071,0.00271051,-0.0234241,0.02771071,0.00271051,-0.0234241,0.5613251,0.04705811,0.8262482,0.5613251,0.04705811,0.8262482,5.206421,5.206421,True,True,True
1591163,63779589474185,-13.58432,2.596472,-0.06918019,-0.05852932,0.8906216,0.06044191,-0.4468939,0.004564331,0.003060532,-0.02444823,0.5619812,0.01686096,0.8269653,0.02771025,0.0027108,-0.02342409,0.02771025,0.0027108,-0.02342409,0.5617371,0.04754639,0.8259277,0.5617371,0.04754639,0.8259277,5.200897,5.200897,True,True,True
1591171,63779589474196,-13.58431,2.596428,-0.06930298,-0.0583708,0.8906841,0.06002044,-0.4468471,0.004720017,0.003058609,-0.02444132,0.5617676,0.01664734,0.8271179,0.02771013,0.002711624,-0.02342407,0.02771013,0.002711624,-0.02342407,0.5618896,0.04685974,0.8258667,0.5618896,0.04685974,0.8258667,5.197693,5.197693,True,True,True
1591180,63779589474196,-13.58431,2.596428,-0.06930298,-0.0583708,0.8906841,0.06002044,-0.4468471,0.003718338,0.003074173,-0.02448567,0.5621338,0.01554871,0.826889,0.02771001,0.002712463,-0.02342407,0.02771001,0.002712463,-0.02342407,0.562027,0.04716492,0.8257599,0.562027,0.04716492,0.8257599,5.194794,5.194794,True,True,True
1591188,63779589474207,-13.58429,2.596375,-0.06934363,-0.0581711,0.8907302,0.05959508,-0.4468381,0.005683869,0.003044602,-0.02439908,0.5622101,0.01847839,0.826767,0.02770987,0.002713165,-0.02342403,0.02770987,0.002713165,-0.02342403,0.5619354,0.04750061,0.8258057,0.5619354,0.04750061,0.8258057,5.193924,5.193924,True,True,True
1591196,63779589474219,-13.58429,2.596323,-0.06943411,-0.05806763,0.8908111,0.05908801,-0.4467576,0.005906922,0.003041306,-0.02438957,0.5623474,0.01913452,0.8266754,0.02770972,0.002713867,-0.02342398,0.02770972,0.002713867,-0.02342398,0.5619507,0.0478363,0.8257751,0.5619507,0.0478363,0.8257751,5.194946,5.194946,True,True,True
1591205,63779589474230,-13.58431,2.596235,-0.0694927,-0.05794738,0.8908821,0.05861765,-0.4466937,0.004550339,0.003062164,-0.02444945,0.563324,0.01701355,0.8260498,0.02770909,0.002714951,-0.023423,0.02770909,0.002714951,-0.023423,0.5628052,0.04707336,0.8252411,0.5628052,0.04707336,0.8252411,5.198593,5.198593,True,True,True
1591213,63779589474230,-13.58431,2.596235,-0.0694927,-0.05794738,0.8908821,0.05861765,-0.4466937,0.006004334,0.003040863,-0.02438469,0.5639496,0.01913452,0.8255768,0.02770845,0.002716034,-0.02342203,0.02770845,0.002716034,-0.02342203,0.5635834,0.04734802,0.8246918,0.5635834,0.04734802,0.8246918,5.196472,5.196472,True,True,True
1591221,63779589474241,-13.58431,2.596112,-0.06953508,-0.05781222,0.8909515,0.05817738,-0.4466304,0.005995041,0.003041596,-0.02438496,0.5642242,0.01905823,0.8253937,0.02770809,0.002717026,-0.02342172,0.02770809,0.002717026,-0.02342172,0.5638275,0.04719543,0.8245239,0.5638275,0.04719543,0.8245239,5.19754,5.19754,True,True,True
1591230,63779589474252,-13.58433,2.596052,-0.06961912,-0.05772344,0.8910272,0.05773475,-0.446548,0.005980362,0.00304242,-0.02438548,0.5644684,0.01898193,0.8252258,0.0277077,0.002718018,-0.02342142,0.0277077,0.002718018,-0.02342142,0.5640717,0.04702759,0.8243713,0.5640717,0.04702759,0.8243713,5.196701,5.196701,True,True,True
1591238,63779589474263,-13.58431,2.596028,-0.06970429,-0.05766623,0.8910835,0.05726996,-0.446503,0.006118088,0.003040558,-0.0243793,0.5640869,0.01956177,0.82547,0.02770755,0.00271843,-0.02342078,0.02770755,0.00271843,-0.02342078,0.5636902,0.04769897,0.8246002,0.5636902,0.04769897,0.8246002,5.195984,5.195984,True,True,True
1591246,63779589474263,-13.58431,2.596028,-0.06970429,-0.05766623,0.8910835,0.05726996,-0.446503,0.006103409,0.003040985,-0.0243799,0.5641479,0.02003479,0.8254242,0.02770741,0.002718857,-0.02342014,0.02770741,0.002718857,-0.02342014,0.5639801,0.04847717,0.8243561,0.5639801,0.04847717,0.8243561,5.196289,5.196289,True,True,True
1591255,63779589474274,-13.58433,2.595982,-0.06977957,-0.05762729,0.8911148,0.05684632,-0.4464998,0.006095978,0.003041855,-0.02438066,0.5644073,0.0201416,0.8252411,0.02770726,0.002720078,-0.02341945,0.02770726,0.002720078,-0.02341945,0.5639496,0.04849243,0.8243713,0.5639496,0.04849243,0.8243713,5.196274,5.196274,True,True,True
1591263,63779589474285,-13.58441,2.595878,-0.0698446,-0.05764753,0.8911285,0.05654817,-0.4465076,0.00616597,0.003041764,-0.02437805,0.566391,0.02030945,0.8238831,0.02770651,0.002721619,-0.02341847,0.02770651,0.002721619,-0.02341847,0.5637665,0.04798889,0.8245239,0.5637665,0.04798889,0.8245239,5.195648,5.195648,True,True,True
1591271,63779589474296,-13.58443,2.595779,-0.06990749,-0.05774211,0.8911222,0.05621242,-0.4465505,0.006128449,0.003042984,-0.02437967,0.5663605,0.02026367,0.8238983,0.02770641,0.002722672,-0.02341815,0.02770641,0.002722672,-0.02341815,0.563736,0.04794312,0.8245544,0.563736,0.04794312,0.8245544,5.194321,5.194321,True,True,True
1591280,63779589474296,-13.58443,2.595779,-0.06990749,-0.05774211,0.8911222,0.05621242,-0.4465505,0.006033356,0.00304538,-0.02438399,0.5670929,0.02142334,0.8233643,0.02770616,0.002724243,-0.02341709,0.02770616,0.002724243,-0.02341709,0.564682,0.04885864,0.8238525,0.564682,0.04885864,0.8238525,5.193115,5.193115,True,True,True
1591288,63779589474307,-13.58447,2.595729,-0.06995815,-0.05770797,0.8911254,0.05585161,-0.4465936,0.006121582,0.003045746,-0.02437944,0.5668488,0.02178955,0.8235168,0.02770426,0.002726959,-0.02341542,0.02770426,0.002726959,-0.02341542,0.56427,0.04920959,0.8241119,0.56427,0.04920959,0.8241119,5.192825,5.192825,True,True,True
1591296,63779589474319,-13.58452,2.595649,-0.07000357,-0.05768991,0.8911499,0.05547407,-0.4465942,0.006099183,0.003046692,-0.02437967,0.5677032,0.02262878,0.8229065,0.0277038,0.002727936,-0.0234142,0.0277038,0.002727936,-0.0234142,0.5647583,0.04953003,0.823761,0.5647583,0.04953003,0.823761,5.19342,5.19342,True,True,True
1591305,63779589474329,-13.58457,2.595612,-0.07004154,-0.05763166,0.8911143,0.05526662,-0.4466985,0.006005417,0.003048172,-0.02438382,0.5669708,0.02244568,0.8234253,0.02770148,0.002727936,-0.0234142,0.02770148,0.002727936,-0.0234142,0.5635681,0.04940796,0.824585,0.5635681,0.04940796,0.824585,5.190186,5.190186,True,True,True
1591313,63779589474329,-13.58457,2.595612,-0.07004154,-0.05763166,0.8911143,0.05526662,-0.4466985,0.006020325,0.003048019,-0.02438388,0.5670166,0.02275085,0.8233795,0.02769895,0.002727936,-0.0234142,0.02769895,0.002727936,-0.0234142,0.5635834,0.04985046,0.8245392,0.5635834,0.04985046,0.8245392,5.190292,5.190292,True,True,True
1591321,63779589474340,-13.5846,2.595584,-0.0700708,-0.05764998,0.8910874,0.05505073,-0.4467765,0.005698746,0.003054489,-0.02440302,0.5673828,0.02401733,0.8230896,0.02769833,0.002727936,-0.0234142,0.02769833,0.002727936,-0.0234142,0.5633698,0.05085754,0.8246307,0.5633698,0.05085754,0.8246307,5.183838,5.183838,True,True,True
1591330,63779589474352,-13.58464,2.595538,-0.07007116,-0.05755789,0.8910277,0.05482578,-0.4469351,0.005858902,0.003052078,-0.02439583,0.5656433,0.02452087,0.8242798,0.02769031,0.002727936,-0.0234142,0.02769031,0.002727936,-0.0234142,0.5613251,0.0513916,0.8259888,0.5613251,0.0513916,0.8259888,5.172134,5.172134,True,True,True
1591338,63779589474363,-13.58464,2.595506,-0.07010317,-0.05761317,0.8909676,0.05454477,-0.4470821,0.006133683,0.003048981,-0.02438438,0.5661621,0.02476501,0.8239136,0.02768907,0.002727936,-0.0234142,0.02768907,0.002727936,-0.0234142,0.5614166,0.0513916,0.8259277,0.5614166,0.0513916,0.8259277,5.169754,5.169754,True,True,True
1591346,63779589474363,-13.58464,2.595506,-0.07010317,-0.05761317,0.8909676,0.05454477,-0.4470821,0.006322708,0.003046417,-0.02437592,0.5661926,0.0252533,0.8238678,0.02768541,0.002727936,-0.0234142,0.02768541,0.002727936,-0.0234142,0.5607147,0.05136108,0.8264008,0.5607147,0.05136108,0.8264008,5.167755,5.167755,True,True,True
1591355,63779589474374,-13.58463,2.595467,-0.07014751,-0.05771825,0.8909191,0.05444016,-0.4471779,0.006480698,0.003044541,-0.02437058,0.5668182,0.02645874,0.8233948,0.02768357,0.002727936,-0.0234142,0.02768357,0.002727936,-0.0234142,0.5605774,0.05206299,0.8264465,0.5605774,0.05206299,0.8264465,5.157211,5.157211,True,True,True
1591363,63779589474385,-13.58468,2.595443,-0.07015812,-0.0578923,0.8908876,0.05425511,-0.4472406,0.005845795,0.003039383,-0.0244185,0.5668945,0.03128052,0.8231812,0.02768067,0.002703552,-0.02344504,0.02768067,0.002703552,-0.02344504,0.5600739,0.06118774,0.8261719,0.5600739,0.06118774,0.8261719,5.160919,5.160919,True,True,True
1591371,63779589474397,-13.58471,2.59545,-0.070189,-0.05802584,0.8908191,0.05411037,-0.4473773,0.005088104,0.003051209,-0.02445278,0.5669098,0.03338623,0.8230896,0.02768067,0.002703552,-0.02344551,0.02768067,0.002703552,-0.02344551,0.5595551,0.06547546,0.8261871,0.5595551,0.06547546,0.8261871,5.164825,5.164825,True,True,True
1591380,63779589474397,-13.58471,2.59545,-0.070189,-0.05802584,0.8908191,0.05411037,-0.4473773,0.004457077,0.003061142,-0.02448267,0.5672913,0.032547,0.8228607,0.02768067,0.002703552,-0.02344557,0.02768067,0.002703552,-0.02344557,0.5594788,0.06544495,0.8262482,0.5594788,0.06544495,0.8262482,5.158234,5.158234,True,True,True
1591388,63779589474407,-13.58477,2.595399,-0.07018971,-0.0581098,0.8907805,0.0540326,-0.4474527,0.004015793,0.003068421,-0.02450315,0.5676575,0.03199768,0.8226318,0.02768067,0.002703552,-0.02344582,0.02768067,0.002703552,-0.02344582,0.5598602,0.06613159,0.8259277,0.5598602,0.06613159,0.8259277,5.159103,5.159103,True,True,True
1591396,63779589474418,-13.58479,2.595395,-0.07021421,-0.05819557,0.8907432,0.05394789,-0.447526,0.003727844,0.003072952,-0.02451712,0.5675659,0.03186035,0.8227081,0.02768067,0.002703552,-0.0234465,0.02768067,0.002703552,-0.0234465,0.5595398,0.06617737,0.8261414,0.5595398,0.06617737,0.8261414,5.165359,5.165359,True,True,True
1591405,63779589474429,-13.58486,2.595373,-0.07027692,-0.05817512,0.8907067,0.05384181,-0.447614,0.003871231,0.003071381,-0.02451242,0.5664673,0.03201294,0.8234406,0.02768067,0.002703552,-0.0234465,0.02768067,0.002703552,-0.0234465,0.5591125,0.06636047,0.826416,0.5591125,0.06636047,0.826416,5.165176,5.165176,True,True,True
1591413,63779589474429,-13.58486,2.595373,-0.07027692,-0.05817512,0.8907067,0.05384181,-0.447614,0.004264222,0.003077103,-0.02450037,0.5726013,0.03251648,0.8191833,0.02771924,0.002720841,-0.02345035,0.02771924,0.002720841,-0.02345035,0.569519,0.06645203,0.8192749,0.569519,0.06645203,0.8192749,5.182037,5.182037,True,True,True
1591421,63779589474440,-13.5849,2.595365,-0.07028204,-0.0582089,0.8906676,0.05373517,-0.4477003,0.00302771,0.003101151,-0.02449339,0.5603333,0.0302124,0.827713,0.02778812,0.002725067,-0.0233582,0.02778812,0.002725067,-0.0233582,0.5505066,0.05665588,0.8328857,0.5505066,0.05665588,0.8328857,5.214722,5.214722,True,True,True
1591430,63779589474452,-13.58496,2.59529,-0.07029003,-0.05818731,0.8906424,0.05365668,-0.4477625,-0.0002628174,0.003131012,-0.02457449,0.5414429,0.01721191,0.8405457,0.02789313,0.002705933,-0.0232916,0.02789313,0.002705933,-0.0232916,0.5323334,0.0483551,0.8451385,0.5323334,0.0483551,0.8451385,5.154297,5.154297,True,True,True
1591438,63779589474463,-13.58501,2.59528,-0.07028812,-0.05822369,0.8906195,0.05349698,-0.4478226,-0.001148926,0.00311293,-0.02461615,0.536499,0.02217102,0.8435974,0.0279063,0.00264531,-0.0233143,0.0279063,0.00264531,-0.0233143,0.5330353,0.05021667,0.8445892,0.5330353,0.05021667,0.8445892,5.182632,5.182632,True,True,True
1591446,63779589474463,-13.58501,2.59528,-0.07028812,-0.05822369,0.8906195,0.05349698,-0.4478226,-0.000388855,0.003104004,-0.02456894,0.5319366,0.02452087,0.8464203,0.02789601,0.002651596,-0.02331903,0.02789601,0.002651596,-0.02331903,0.5314331,0.05450439,0.8453369,0.5314331,0.05450439,0.8453369,5.156509,5.156509,True,True,True
1591455,63779589474474,-13.585,2.595236,-0.0702365,-0.05840756,0.8905918,0.05366832,-0.447833,0.002367401,0.003061844,-0.02444797,0.5336914,0.02613831,0.8452606,0.02789229,0.002654801,-0.02331706,0.02789229,0.002654801,-0.02331706,0.5328674,0.04879761,0.8447876,0.5328674,0.04879761,0.8447876,5.188782,5.188782,True,True,True
1591463,63779589474485,-13.58501,2.595289,-0.07020158,-0.05855787,0.8905533,0.05379325,-0.4478751,0.004175614,0.003035065,-0.02436856,0.5332947,0.02935791,0.8454132,0.02789201,0.002658005,-0.02331509,0.02789201,0.002658005,-0.02331509,0.5304871,0.0524292,0.8460541,0.5304871,0.0524292,0.8460541,5.154144,5.154144,True,True,True
1591471,63779589474496,-13.58504,2.595288,-0.07021695,-0.05890076,0.8904391,0.05399639,-0.4480327,0.005722901,0.003012604,-0.02430039,0.5338745,0.02947998,0.8450317,0.02789302,0.002661011,-0.02331496,0.02789302,0.002661011,-0.02331496,0.53125,0.05076599,0.8456726,0.53125,0.05076599,0.8456726,5.150131,5.150131,True,True,True
1591480,63779589474496,-13.58504,2.595288,-0.07021695,-0.05890076,0.8904391,0.05399639,-0.4480327,0.00596048,0.003010742,-0.02429038,0.533905,0.03019714,0.844986,0.02789403,0.002663651,-0.02331481,0.02789403,0.002663651,-0.02331481,0.530899,0.05093384,0.8458862,0.530899,0.05093384,0.8458862,5.146271,5.146271,True,True,True
1591488,63779589474507,-13.58515,2.595238,-0.07019812,-0.05919617,0.8903587,0.05415419,-0.4481344,0.006023758,0.003009995,-0.02428786,0.5344086,0.02996826,0.8446808,0.02789461,0.002663559,-0.02331476,0.02789461,0.002663559,-0.02331476,0.5297699,0.0499115,0.8466644,0.5297699,0.0499115,0.8466644,5.148178,5.148178,True,True,True
1591496,63779589474518,-13.5852,2.59521,-0.07018995,-0.05962677,0.8902999,0.05410649,-0.4482,0.005551499,0.003017838,-0.02430918,0.5332489,0.0300293,0.8454132,0.02789519,0.002663651,-0.0233147,0.02789519,0.002663651,-0.0233147,0.5289001,0.05055237,0.847168,0.5289001,0.05055237,0.847168,5.146454,5.146454,True,True,True
1591505,63779589474529,-13.58521,2.595153,-0.07019973,-0.05981056,0.8902191,0.05418465,-0.4483264,0.003080567,0.003057633,-0.02441951,0.5333099,0.02732849,0.845459,0.0278956,0.002663681,-0.02331456,0.0278956,0.002663681,-0.02331456,0.5288391,0.05058289,0.8471985,0.5288391,0.05058289,0.8471985,5.145264,5.145264,True,True,True
1591513,63779589474529,-13.58521,2.595153,-0.07019973,-0.05981056,0.8902191,0.05418465,-0.4483264,0.002690125,0.003064453,-0.02443639,0.5329742,0.02641296,0.8457031,0.02789601,0.002663727,-0.02331442,0.02789601,0.002663727,-0.02331442,0.5287933,0.05049133,0.8472443,0.5287933,0.05049133,0.8472443,5.146011,5.146011,True,True,True
1591521,63779589474541,-13.58526,2.595148,-0.07018274,-0.05993216,0.890138,0.05421572,-0.4484674,0.002479309,0.003069275,-0.02444525,0.5332947,0.02618408,0.8455048,0.02789731,0.002663879,-0.02331314,0.02789731,0.002663879,-0.02331314,0.5288391,0.05044556,0.8471985,0.5288391,0.05044556,0.8471985,5.145325,5.145325,True,True,True
1591530,63779589474552,-13.58528,2.595201,-0.07017618,-0.059937,0.8900955,0.05411149,-0.448564,0.002344177,0.003072907,-0.02445078,0.5332947,0.02598572,0.84552,0.02789861,0.002664032,-0.02331184,0.02789861,0.002664032,-0.02331184,0.5289001,0.05038452,0.8471832,0.5289001,0.05038452,0.8471832,5.144363,5.144363,True,True,True
1591538,63779589474562,-13.58535,2.595198,-0.07010502,-0.05997683,0.8900413,0.05409536,-0.448668,0.002428238,0.003072418,-0.02444679,0.5329132,0.02738953,0.8457184,0.02789938,0.002664078,-0.02331126,0.02789938,0.002664078,-0.02331126,0.5285797,0.05293274,0.847229,0.5285797,0.05293274,0.847229,5.131638,5.131638,True,True,True
1591546,63779589474562,-13.58535,2.595198,-0.07010502,-0.05997683,0.8900413,0.05409536,-0.448668,0.002451203,0.003072891,-0.02444609,0.5329437,0.02882385,0.8456421,0.02790016,0.002664124,-0.02331184,0.02790016,0.002664124,-0.02331184,0.5289612,0.05567932,0.8468018,0.5289612,0.05567932,0.8468018,5.119598,5.119598,True,True,True
1591555,63779589474574,-13.58541,2.595213,-0.07006502,-0.05985226,0.890013,0.05409342,-0.4487409,0.002487473,0.003073151,-0.02444481,0.5327606,0.02961731,0.8457336,0.02790207,0.00266417,-0.02331226,0.02790207,0.00266417,-0.02331226,0.529068,0.0559082,0.8467255,0.529068,0.0559082,0.8467255,5.119781,5.119781,True,True,True
1591563,63779589474584,-13.58545,2.595216,-0.07003361,-0.05989966,0.8899587,0.05402962,-0.44885,0.002482132,0.003074082,-0.0244453,0.5330353,0.03019714,0.8455353,0.02790398,0.002664215,-0.02331255,0.02790398,0.002664215,-0.02331255,0.5291595,0.0557251,0.8466797,0.5291595,0.0557251,0.8466797,5.119568,5.119568,True,True,True
1591571,63779589474596,-13.58549,2.595176,-0.0700047,-0.06004481,0.8898969,0.05397912,-0.4489591,0.002551575,0.003074554,-0.02444218,0.5330505,0.03013611,0.8455353,0.02790654,0.002664871,-0.02331184,0.02790654,0.002664871,-0.02331184,0.5288086,0.05577087,0.8468933,0.5288086,0.05577087,0.8468933,5.107498,5.107498,True,True,True
1591580,63779589474596,-13.58549,2.595176,-0.0700047,-0.06004481,0.8898969,0.05397912,-0.4489591,0.002482788,0.003077255,-0.02444496,0.5334778,0.03074646,0.8452454,0.02790808,0.002665238,-0.02331107,0.02790808,0.002665238,-0.02331107,0.5290375,0.05560303,0.846756,0.5290375,0.05560303,0.846756,5.101929,5.101929,True,True,True
1591588,63779589474607,-13.58553,2.595134,-0.06998396,-0.06002561,0.8898752,0.05400751,-0.4490016,0.002387665,0.003079331,-0.02444905,0.5332947,0.03025818,0.8453827,0.02790964,0.002665848,-0.02331069,0.02790964,0.002665848,-0.02331069,0.5293427,0.05511475,0.8466034,0.5293427,0.05511475,0.8466034,5.100433,5.100433,True,True,True
1591596,63779589474618,-13.58556,2.59511,-0.06994998,-0.06001476,0.8898352,0.05395511,-0.4490886,0.002295517,0.003081406,-0.02445365,0.5336456,0.03024292,0.8451538,0.02791329,0.002666504,-0.02331069,0.02791329,0.002666504,-0.02331069,0.529953,0.05529785,0.8462067,0.529953,0.05529785,0.8462067,5.093384,5.093384,True,True,True
1591605,63779589474629,-13.5856,2.595102,-0.06991887,-0.06017161,0.8897964,0.0539392,-0.4491462,0.00218309,0.003083939,-0.02445902,0.5335388,0.03025818,0.8452148,0.02791336,0.002667313,-0.02331023,0.02791336,0.002667313,-0.02331023,0.5297699,0.05516052,0.8463287,0.5297699,0.05516052,0.8463287,5.093109,5.093109,True,True,True
1591613,63779589474629,-13.5856,2.595102,-0.06991887,-0.06017161,0.8897964,0.0539392,-0.4491462,0.002182892,0.003084335,-0.02445894,0.532547,0.03033447,0.8458405,0.02791383,0.00266803,-0.02331004,0.02791383,0.00266803,-0.02331004,0.5288391,0.05523682,0.8469086,0.5288391,0.05523682,0.8469086,5.0905,5.0905,True,True,True
1591621,63779589474640,-13.58563,2.595061,-0.06987095,-0.06015447,0.8897566,0.05404172,-0.4492151,0.00203183,0.003086868,-0.02446646,0.5323486,0.0322113,0.8459015,0.02791583,0.002668076,-0.02330972,0.02791583,0.002668076,-0.02330972,0.5285034,0.0579071,0.8469391,0.5285034,0.0579071,0.8469391,5.076553,5.076553,True,True,True
1591630,63779589474652,-13.58563,2.595028,-0.06981534,-0.06028523,0.88974,0.0540562,-0.4492286,0.002283219,0.003083237,-0.02445606,0.5319366,0.03179932,0.8461761,0.02791666,0.002668549,-0.02330948,0.02791666,0.002668549,-0.02330948,0.5278778,0.05671692,0.8474121,0.5278778,0.05671692,0.8474121,5.075287,5.075287,True,True,True
1591638,63779589474663,-13.58565,2.595025,-0.06983489,-0.06027462,0.8897156,0.05405536,-0.4492785,0.00235968,0.003082932,-0.02445358,0.5314941,0.03224182,0.8464355,0.02791681,0.002670136,-0.0233093,0.02791681,0.002670136,-0.0233093,0.5271301,0.05711365,0.8478546,0.5271301,0.05711365,0.8478546,5.070053,5.070053,True,True,True
1591646,63779589474663,-13.58565,2.595025,-0.06983489,-0.06027462,0.8897156,0.05405536,-0.4492785,0.002444718,0.003081909,-0.02444978,0.5311584,0.03236389,0.8466339,0.0279169,0.002670639,-0.0233093,0.0279169,0.002670639,-0.0233093,0.5271606,0.05728149,0.8478241,0.5271606,0.05728149,0.8478241,5.070313,5.070313,True,True,True
1591655,63779589474674,-13.58565,2.595034,-0.06979489,-0.06025564,0.8897436,0.05394633,-0.4492387,0.002563629,0.003080582,-0.02444441,0.5298462,0.03231812,0.8474579,0.02791852,0.002670761,-0.02330914,0.02791852,0.002670761,-0.02330914,0.5259247,0.05735779,0.848587,0.5259247,0.05735779,0.848587,5.066742,5.066742,True,True,True
1591663,63779589474685,-13.58565,2.594978,-0.06975132,-0.06029559,0.8897688,0.05383083,-0.4491974,0.002588852,0.003080353,-0.02444302,0.529892,0.0322876,0.8474426,0.02791892,0.002671066,-0.02330866,0.02791892,0.002671066,-0.02330866,0.526001,0.05725098,0.8485413,0.526001,0.05725098,0.8485413,5.068069,5.068069,True,True,True
1591671,63779589474695,-13.58566,2.594975,-0.06981558,-0.06031088,0.8897515,0.0537282,-0.4492419,0.002614472,0.003080109,-0.02444159,0.5299683,0.03242493,0.8473816,0.02791945,0.002671341,-0.02330814,0.02791945,0.002671341,-0.02330814,0.526123,0.05743408,0.8484497,0.526123,0.05743408,0.8484497,5.068314,5.068314,True,True,True
1591680,63779589474695,-13.58566,2.594975,-0.06981558,-0.06031088,0.8897515,0.0537282,-0.4492419,0.00258461,0.003080796,-0.02444261,0.5292664,0.03210449,0.8478394,0.0279195,0.002671585,-0.02330757,0.0279195,0.002671585,-0.02330757,0.5249634,0.05715942,0.8491821,0.5249634,0.05715942,0.8491821,5.066849,5.066849,True,True,True
1591688,63779589474707,-13.58578,2.594945,-0.06979996,-0.06044979,0.8897429,0.05356774,-0.4492594,0.002557098,0.003082382,-0.02444324,0.5292511,0.03190613,0.8478546,0.02791962,0.002671845,-0.02330647,0.02791962,0.002671845,-0.02330647,0.5248871,0.0572052,0.8492279,0.5248871,0.0572052,0.8492279,5.065857,5.065857,True,True,True
1591696,63779589474718,-13.58582,2.594939,-0.0697577,-0.06051854,0.8897667,0.05361823,-0.449197,0.002624115,0.003081406,-0.02444019,0.5294037,0.03198242,0.8477478,0.02792145,0.002671951,-0.02330624,0.02792145,0.002671951,-0.02330624,0.5251465,0.05723572,0.8490753,0.5251465,0.05723572,0.8490753,5.04921,5.04921,True,True,True
1591705,63779589474729,-13.58583,2.594895,-0.06974709,-0.06056669,0.8897209,0.05353036,-0.4492918,0.002650849,0.003081207,-0.02443877,0.529068,0.03340149,0.8479156,0.02792148,0.002672257,-0.02330597,0.02792148,0.002672257,-0.02330597,0.5251617,0.05969238,0.8488922,0.5251617,0.05969238,0.8488922,5.051163,5.051163,True,True,True
1591713,63779589474729,-13.58583,2.594895,-0.06974709,-0.06056669,0.8897209,0.05353036,-0.4492918,0.002508331,0.003083771,-0.02444321,0.5292664,0.03413391,0.8477478,0.02792174,0.002672318,-0.02330336,0.02792174,0.002672318,-0.02330336,0.525238,0.06105042,0.8487396,0.525238,0.06105042,0.8487396,5.052353,5.052353,True,True,True
1591721,63779589474746,-13.58581,2.594864,-0.0697155,-0.0605811,0.8897398,0.05360201,-0.4492436,0.002387802,0.003086166,-0.02444812,0.5296326,0.03393555,0.8475342,0.02792174,0.002672806,-0.02330312,0.02792174,0.002672806,-0.02330312,0.5252228,0.06097412,0.8487549,0.5252228,0.06097412,0.8487549,5.070206,5.070206,True,True,True
1591730,63779589474746,-13.58581,2.594864,-0.0697155,-0.0605811,0.8897398,0.05360201,-0.4492436,0.002367615,0.003086548,-0.02444896,0.5295868,0.03445435,0.8475494,0.02792188,0.002672806,-0.02330299,0.02792188,0.002672806,-0.02330299,0.5250854,0.06121826,0.8488312,0.5250854,0.06121826,0.8488312,5.052536,5.052536,True,True,True
1591738,63779589474761,-13.5859,2.59489,-0.0696553,-0.06063371,0.8897076,0.0534733,-0.4493158,0.001981735,0.003094132,-0.02446538,0.5298615,0.03399658,0.8473816,0.02792197,0.002674195,-0.02330136,0.02792197,0.002674195,-0.02330136,0.5255127,0.06088257,0.848587,0.5255127,0.06088257,0.848587,5.070465,5.070465,True,True,True
1591746,63779589474771,-13.58593,2.594857,-0.06959176,-0.06060451,0.8897025,0.05347869,-0.449329,0.002355347,0.003089646,-0.02444843,0.5299377,0.0342865,0.8473206,0.02792203,0.00267543,-0.023301,0.02792203,0.00267543,-0.023301,0.5256042,0.06088257,0.848526,0.5256042,0.06088257,0.848526,5.078003,5.078003,True,True,True
1591755,63779589474771,-13.58593,2.594857,-0.06959176,-0.06060451,0.8897025,0.05347869,-0.449329,0.002375244,0.003091293,-0.02444721,0.5299683,0.03407288,0.8473206,0.0279222,0.002677536,-0.02330043,0.0279222,0.002677536,-0.02330043,0.5254364,0.0607605,0.8486481,0.5254364,0.0607605,0.8486481,5.077667,5.077667,True,True,True
1591763,63779589474782,-13.58592,2.594802,-0.06955701,-0.06064061,0.8896935,0.0534054,-0.4493507,0.002381302,0.003091995,-0.02444666,0.5298462,0.03385925,0.8474121,0.02792223,0.002677918,-0.02329993,0.02792223,0.002677918,-0.02329993,0.5251923,0.06063843,0.8488159,0.5251923,0.06063843,0.8488159,5.077484,5.077484,True,True,True
1591771,63779589474794,-13.58592,2.594777,-0.06956434,-0.06063638,0.8897164,0.05338928,-0.4493077,0.002521897,0.003092209,-0.0244402,0.5296326,0.03305054,0.8475647,0.02792232,0.002680389,-0.02329965,0.02792232,0.002680389,-0.02329965,0.5248413,0.05937195,0.8491058,0.5248413,0.05937195,0.8491058,5.081131,5.081131,True,True,True
1591780,63779589474804,-13.58598,2.594742,-0.06953055,-0.06067034,0.8896676,0.05328916,-0.4494118,0.002435364,0.0030952,-0.02444408,0.5296631,0.03286743,0.8475647,0.02792255,0.002682282,-0.02329949,0.02792255,0.002682282,-0.02329949,0.5248566,0.05944824,0.8490906,0.5248566,0.05944824,0.8490906,5.083023,5.083023,True,True,True
1591788,63779589474804,-13.58598,2.594742,-0.06953055,-0.06067034,0.8896676,0.05328916,-0.4494118,0.002334991,0.003098587,-0.02444858,0.5292511,0.0327301,0.8478241,0.02792275,0.002684098,-0.02329946,0.02792275,0.002684098,-0.02329946,0.5249176,0.05895996,0.8490906,0.5249176,0.05895996,0.8490906,5.084274,5.084274,True,True,True
1591796,63779589474816,-13.58598,2.594695,-0.06942368,-0.06075397,0.8897076,0.05310372,-0.4493433,0.002400482,0.003099106,-0.0244455,0.5293427,0.03198242,0.8477936,0.02792275,0.002684296,-0.02329944,0.02792275,0.002684296,-0.02329944,0.5250244,0.05892944,0.8490295,0.5250244,0.05892944,0.8490295,5.096481,5.096481,True,True,True
1591805,63779589474827,-13.586,2.594662,-0.06936955,-0.06076118,0.8896733,0.05301555,-0.4494207,0.002272446,0.003101898,-0.02445104,0.5290985,0.03231812,0.8479309,0.02792297,0.002684464,-0.02329904,0.02792297,0.002684464,-0.02329904,0.5250854,0.05929565,0.8489685,0.5250854,0.05929565,0.8489685,5.096817,5.096817,True,True,True
1591813,63779589474838,-13.58595,2.594664,-0.06929219,-0.06078903,0.8896505,0.05294687,-0.4494701,0.002066818,0.003106171,-0.02446004,0.5292053,0.03242493,0.8478546,0.02792334,0.002685288,-0.0232986,0.02792334,0.002685288,-0.0232986,0.5252075,0.06007385,0.8488312,0.5252075,0.06007385,0.8488312,5.097672,5.097672,True,True,True
1591821,63779589474838,-13.58595,2.594664,-0.06929219,-0.06078903,0.8896505,0.05294687,-0.4494701,0.002073471,0.003109162,-0.02445918,0.5292206,0.03225708,0.8478546,0.02792348,0.002687012,-0.02329759,0.02792348,0.002687012,-0.02329759,0.5252228,0.05990601,0.8488464,0.5252228,0.05990601,0.8488464,5.097992,5.097992,True,True,True
1591830,63779589474850,-13.58595,2.59467,-0.06927097,-0.06095525,0.8896577,0.05282187,-0.4494479,0.003291428,0.003125809,-0.02434821,0.5193481,0.02836609,0.8540802,0.02803157,0.002734009,-0.02320099,0.02803157,0.002734009,-0.02320099,0.5119171,0.04066467,0.8580627,0.5119171,0.04066467,0.8580627,5.063309,5.063309,True,True,True
1591838,63779589474860,-13.58599,2.594681,-0.06921375,-0.06103332,0.889607,0.05286896,-0.4495322,0.00131221,0.003157425,-0.02440559,0.5050507,0.03089905,0.8625183,0.02807526,0.002729157,-0.02318179,0.02807526,0.002729157,-0.02318179,0.498291,0.05496216,0.8652496,0.498291,0.05496216,0.8652496,5.125641,5.125641,True,True,True
1591846,63779589474871,-13.58606,2.594658,-0.06914341,-0.06104362,0.8895903,0.05273009,-0.4495802,-0.001250534,0.003191773,-0.02450484,0.4978027,0.02481079,0.8669281,0.02808891,0.002718613,-0.02315314,0.02808891,0.002718613,-0.02315314,0.4831238,0.04922485,0.8741608,0.4831238,0.04922485,0.8741608,5.146637,5.146637,True,True,True
1591855,63779589474871,-13.58606,2.594658,-0.06914341,-0.06104362,0.8895903,0.05273009,-0.4495802,-0.002211456,0.003208496,-0.02455487,0.4995422,0.02667236,0.8658752,0.02807755,0.002721222,-0.02316825,0.02807755,0.002721222,-0.02316825,0.4901276,0.05058289,0.870163,0.4901276,0.05058289,0.870163,4.948761,4.948761,True,True,True
1591863,63779589474883,-13.58606,2.594652,-0.0692082,-0.06114239,0.8895579,0.05273433,-0.4496304,-0.002274948,0.003209274,-0.0245569,0.499939,0.02577209,0.8656616,0.02807742,0.00272142,-0.02316518,0.02807742,0.00272142,-0.02316518,0.4910889,0.04664612,0.8698578,0.4910889,0.04664612,0.8698578,5.005936,5.005936,True,True,True
1591871,63779589474894,-13.58599,2.594628,-0.06912833,-0.0611739,0.8895711,0.05279095,-0.4495935,-0.001350891,0.003194275,-0.02451323,0.5003357,0.02546692,0.865448,0.02807755,0.002721634,-0.02316213,0.02807755,0.002721634,-0.02316213,0.4921112,0.04626465,0.8692932,0.4921112,0.04626465,0.8692932,5.066116,5.066116,True,True,True
1591880,63779589474904,-13.58599,2.594627,-0.06908828,-0.06125208,0.8895329,0.05286105,-0.44965,0.0005453034,0.003164383,-0.02442596,0.5003815,0.02662659,0.865387,0.02807895,0.002722168,-0.02316127,0.02807895,0.002722168,-0.02316127,0.4923553,0.04446411,0.8692474,0.4923553,0.04446411,0.8692474,5.084045,5.084045,True,True,True
1591888,63779589474904,-13.58599,2.594627,-0.06908828,-0.06125208,0.8895329,0.05286105,-0.44965,0.002740799,0.003129685,-0.02432486,0.5001068,0.02630615,0.8655548,0.02808037,0.002722702,-0.02316042,0.02808037,0.002722702,-0.02316042,0.4922791,0.04252625,0.8693848,0.4922791,0.04252625,0.8693848,5.073593,5.073593,True,True,True
1591896,63779589474915,-13.58602,2.594707,-0.06899911,-0.06122142,0.8895199,0.05286134,-0.4496798,0.004726105,0.003098389,-0.02423294,0.5007782,0.0280304,0.8651123,0.02808109,0.002723358,-0.02315849,0.02808109,0.002723358,-0.02315849,0.4928589,0.04336548,0.8690186,0.4928589,0.04336548,0.8690186,5.088562,5.088562,True,True,True
1591905,63779589474926,-13.58608,2.594664,-0.06900615,-0.06146027,0.889438,0.05299687,-0.4497932,0.006045212,0.003077789,-0.02417151,0.4999695,0.02911377,0.8655396,0.02808182,0.002724014,-0.02315657,0.02808182,0.002724014,-0.02315657,0.4926758,0.04405212,0.8690796,0.4926758,0.04405212,0.8690796,5.075012,5.075012,True,True,True
1591913,63779589474938,-13.58608,2.594696,-0.06899422,-0.0614967,0.8893791,0.0531915,-0.4498819,0.005284973,0.003090927,-0.02420549,0.5003815,0.02853394,0.8653259,0.02808313,0.002725113,-0.02315465,0.02808313,0.002725113,-0.02315465,0.4933929,0.04440308,0.8686523,0.4933929,0.04440308,0.8686523,5.090149,5.090149,True,True,True
1591921,63779589474938,-13.58608,2.594696,-0.06899422,-0.0614967,0.8893791,0.0531915,-0.4498819,0.005402131,0.003089997,-0.02419904,0.5005035,0.02853394,0.8652496,0.02808446,0.002726227,-0.02315273,0.02808446,0.002726227,-0.02315273,0.4941254,0.04476929,0.8682251,0.4941254,0.04476929,0.8682251,5.10498,5.10498,True,True,True
1591930,63779589474949,-13.58604,2.594723,-0.06892443,-0.06164939,0.8893667,0.05337445,-0.4498639,0.005416138,0.003090164,-0.02419827,0.5008698,0.02876282,0.865036,0.02808472,0.002726669,-0.0231525,0.02808472,0.002726669,-0.0231525,0.4942169,0.04475403,0.8681641,0.4942169,0.04475403,0.8681641,5.113297,5.113297,True,True,True
1591938,63779589474960,-13.58606,2.594748,-0.06884867,-0.06159955,0.8893615,0.05355048,-0.4498599,0.005440384,0.00309018,-0.02419702,0.5005493,0.02835083,0.8652344,0.02808498,0.002727127,-0.02315227,0.02808498,0.002727127,-0.02315227,0.4941406,0.04446411,0.8682251,0.4941406,0.04446411,0.8682251,5.104797,5.104797,True,True,True
1591946,63779589474971,-13.58603,2.594794,-0.06880331,-0.06166695,0.8893234,0.05384472,-0.4498911,0.005472687,0.003090103,-0.02419524,0.5005798,0.02806091,0.8652191,0.02808621,0.002727738,-0.02315157,0.02808621,0.002727738,-0.02315157,0.4943695,0.04371643,0.8681488,0.4943695,0.04371643,0.8681488,5.112534,5.112534,True,True,True
1591955,63779589474971,-13.58603,2.594794,-0.06880331,-0.06166695,0.8893234,0.05384472,-0.4498911,0.005480347,0.003090408,-0.0241946,0.5008545,0.02824402,0.8650665,0.02808747,0.002728348,-0.02315086,0.02808747,0.002728348,-0.02315086,0.4945984,0.04425049,0.867981,0.4945984,0.04425049,0.867981,5.121506,5.121506,True,True,True
1591963,63779589474982,-13.58601,2.594822,-0.06875795,-0.06168211,0.8892752,0.05404817,-0.4499598,0.005509049,0.003090164,-0.02419338,0.5009003,0.02818298,0.865036,0.02808771,0.002728684,-0.02315083,0.02808771,0.002728684,-0.02315083,0.4942169,0.04414368,0.8682098,0.4942169,0.04414368,0.8682098,5.113113,5.113113,True,True,True
1591971,63779589474994,-13.58602,2.594852,-0.06871986,-0.06176027,0.8892732,0.05421283,-0.449933,0.005569977,0.003089401,-0.02419066,0.5010834,0.02822876,0.8649292,0.02808794,0.002729004,-0.0231508,0.02808794,0.002729004,-0.0231508,0.4947052,0.04428101,0.8679199,0.4947052,0.04428101,0.8679199,5.121689,5.121689,True,True,True
1591980,63779589475004,-13.58597,2.594896,-0.06865144,-0.06190658,0.8892664,0.0543583,-0.4499088,0.00557898,0.003090805,-0.02418974,0.501236,0.02780151,0.8648529,0.02809166,0.002731445,-0.02314969,0.02809166,0.002731445,-0.02314969,0.4949188,0.04354858,0.8678284,0.4949188,0.04354858,0.8678284,5.121429,5.121429,True,True,True
1591988,63779589475004,-13.58597,2.594896,-0.06865144,-0.06190658,0.8892664,0.0543583,-0.4499088,0.005502976,0.003092026,-0.02419275,0.5012665,0.02792358,0.8648376,0.02809184,0.002731445,-0.0231483,0.02809184,0.002731445,-0.0231483,0.4948883,0.04380798,0.8678436,0.4948883,0.04380798,0.8678436,5.125061,5.125061,True,True,True
1591996,63779589475016,-13.58596,2.594892,-0.06860656,-0.06197758,0.8891904,0.054571,-0.4500236,0.005503159,0.003092041,-0.02419173,0.5005951,0.027771,0.8652344,0.02809319,0.002731445,-0.02314647,0.02809319,0.002731445,-0.02314647,0.4937134,0.04354858,0.868515,0.4937134,0.04354858,0.868515,5.120712,5.120712,True,True,True
1592004,63779589475027,-13.58595,2.594896,-0.06856376,-0.06217838,0.8892229,0.0547393,-0.4499112,0.005578308,0.003090866,-0.02418681,0.4997101,0.02757263,0.8657379,0.02809468,0.002731445,-0.02314397,0.02809468,0.002731445,-0.02314397,0.4928284,0.043396,0.8690338,0.4928284,0.043396,0.8690338,5.119919,5.119919,True,True,True
1592013,63779589475038,-13.58594,2.594876,-0.06856883,-0.06219884,0.8892108,0.05478052,-0.4499274,0.005546707,0.003091446,-0.02418799,0.4993896,0.02763367,0.865921,0.02809696,0.002731445,-0.02314241,0.02809696,0.002731445,-0.02314241,0.4922485,0.04325867,0.8693695,0.4922485,0.04325867,0.8693695,5.122833,5.122833,True,True,True
1592021,63779589475038,-13.58594,2.594876,-0.06856883,-0.06219884,0.8892108,0.05478052,-0.4499274,0.005481964,0.003092545,-0.02418997,0.4986115,0.02726746,0.8663788,0.02809754,0.002731445,-0.02314072,0.02809754,0.002731445,-0.02314072,0.4910431,0.04299927,0.8700562,0.4910431,0.04299927,0.8700562,5.121857,5.121857,True,True,True
1592029,63779589475049,-13.58592,2.594857,-0.06854832,-0.06230742,0.8892004,0.05498019,-0.4499084,0.005420533,0.003093521,-0.02419193,0.4984283,0.02722168,0.8664856,0.02809773,0.002731445,-0.02313922,0.02809773,0.002731445,-0.02313922,0.4910889,0.04281616,0.8700409,0.4910889,0.04281616,0.8700409,5.121902,5.121902,True,True,True
1592038,63779589475060,-13.58591,2.59481,-0.068479,-0.06236395,0.8891976,0.05500515,-0.4499031,0.005369919,0.003094544,-0.02419339,0.4987793,0.02697754,0.8663025,0.02809821,0.002731445,-0.02313767,0.02809821,0.002731445,-0.02313767,0.4912109,0.04269409,0.8699799,0.4912109,0.04269409,0.8699799,5.121948,5.121948,True,True,True
1592046,63779589475072,-13.5859,2.59477,-0.06836045,-0.0624698,0.889155,0.05507236,-0.4499644,0.005365906,0.003094223,-0.02419321,0.4986725,0.02703857,0.8663483,0.02809821,0.002730637,-0.02313699,0.02809821,0.002730637,-0.02313699,0.490921,0.04281616,0.8701324,0.490921,0.04281616,0.8701324,5.121826,5.121826,True,True,True
1592054,63779589475072,-13.5859,2.59477,-0.06836045,-0.0624698,0.889155,0.05507236,-0.4499644,0.005333359,0.003094299,-0.02419209,0.4986572,0.02694702,0.8663635,0.02809833,0.002729889,-0.02313252,0.02809833,0.002729889,-0.02313252,0.49086,0.04266357,0.8701782,0.49086,0.04266357,0.8701782,5.109543,5.109543,True,True,True
1592063,63779589475083,-13.58593,2.59472,-0.06831819,-0.06248942,0.8891623,0.05508594,-0.4499456,0.005287613,0.003093613,-0.0241929,0.4987335,0.02748108,0.8663025,0.02809833,0.00272757,-0.02312995,0.02809833,0.00272757,-0.02312995,0.4910278,0.04321289,0.8700562,0.4910278,0.04321289,0.8700562,5.122513,5.122513,True,True,True
1592071,63779589475094,-13.58592,2.594692,-0.06823695,-0.06250061,0.8891402,0.05510417,-0.4499855,0.005218506,0.00309462,-0.02419417,0.4989929,0.02738953,0.8661652,0.02809833,0.002727402,-0.0231267,0.02809833,0.002727402,-0.0231267,0.4911804,0.04307556,0.8699799,0.4911804,0.04307556,0.8699799,5.122665,5.122665,True,True,True
1592079,63779589475105,-13.58588,2.594715,-0.06817031,-0.06255463,0.8891382,0.05495476,-0.4500002,0.00508017,0.003096832,-0.02419841,0.4991608,0.02748108,0.8660583,0.02809853,0.002727219,-0.02312296,0.02809853,0.002727219,-0.02312296,0.4913788,0.04302979,0.869873,0.4913788,0.04302979,0.869873,5.133698,5.133698,True,True,True
1592088,63779589475105,-13.58588,2.594715,-0.06817031,-0.06255463,0.8891382,0.05495476,-0.4500002,0.005007111,0.003097931,-0.02420125,0.4992676,0.02746582,0.8659973,0.02809871,0.002726013,-0.02312184,0.02809871,0.002726013,-0.02312184,0.4915009,0.04325867,0.8697815,0.4915009,0.04325867,0.8697815,5.140244,5.140244,True,True,True
1592096,63779589475115,-13.58577,2.594782,-0.06814808,-0.0624261,0.8891048,0.05495076,-0.4500845,0.004984131,0.0030979,-0.02420166,0.4990845,0.02749634,0.8661041,0.02809871,0.002724884,-0.02312073,0.02809871,0.002724884,-0.02312073,0.4915161,0.04348755,0.8697662,0.4915161,0.04348755,0.8697662,5.140381,5.140381,True,True,True
1592104,63779589475127,-13.58576,2.594798,-0.06808931,-0.06232686,0.8890987,0.05488885,-0.450118,0.004850723,0.003100586,-0.02420156,0.4987183,0.02940369,0.8662567,0.02810127,0.002725434,-0.02310999,0.02810127,0.002725434,-0.02310999,0.4907684,0.04679871,0.8700256,0.4907684,0.04679871,0.8700256,5.223953,5.223953,True,True,True
1592113,63779589475138,-13.58579,2.594792,-0.06809384,-0.0623128,0.8890644,0.05504292,-0.4501687,0.006457642,0.003075562,-0.02412137,0.4957581,0.02389526,0.8681183,0.02810947,0.002722626,-0.02310927,0.02810947,0.002722626,-0.02310927,0.493866,0.04125977,0.8685455,0.493866,0.04125977,0.8685455,5.15239,5.15239,True,True,True
1592121,63779589475138,-13.58579,2.594792,-0.06809384,-0.0623128,0.8890644,0.05504292,-0.4501687,0.006883789,0.003072144,-0.02408998,0.4999084,0.0103302,0.8659973,0.0281238,0.002734513,-0.02309956,0.0281238,0.002734513,-0.02309956,0.5020752,0.02276611,0.864502,0.5020752,0.02276611,0.864502,4.998413,4.998413,True,True,True
1592129,63779589475150,-13.58578,2.594805,-0.06809855,-0.06242997,0.8889558,0.05531835,-0.4503331,0.008891724,0.003060471,-0.02399085,0.5015106,0.01026917,0.8650818,0.02813457,0.002764694,-0.02312058,0.02813457,0.002764694,-0.02312058,0.5071411,0.04354858,0.8607483,0.5071411,0.04354858,0.8607483,5.219162,5.219162,True,True,True
1592138,63779589475161,-13.58592,2.594815,-0.06808585,-0.0626677,0.8888737,0.05544207,-0.450447,0.009313035,0.003063843,-0.02397441,0.4990692,0.00541687,0.8665314,0.02814197,0.002768738,-0.02312175,0.02814197,0.002768738,-0.02312175,0.4984131,0.03700256,0.8661346,0.4984131,0.03700256,0.8661346,5.228256,5.228256,True,True,True
1592146,63779589475172,-13.58599,2.59474,-0.06804097,-0.0629126,0.8887777,0.05563052,-0.450579,0.01325037,0.003097412,-0.02380574,0.515274,0.01263428,0.8569183,0.02818117,0.002879471,-0.02314583,0.02818117,0.002879471,-0.02314583,0.5249786,0.04049683,0.8501282,0.5249786,0.04049683,0.8501282,5.245499,5.245499,True,True,True
1592154,63779589475172,-13.58599,2.59474,-0.06804097,-0.0629126,0.8887777,0.05563052,-0.450579,-0.0294731,0.003891159,-0.02569586,0.5095062,-0.09461975,0.8552399,0.02828855,0.002962952,-0.02311057,0.02828855,0.002962952,-0.02311057,0,0,0,0,0,0,-1,-1,True,True,True
1592163,63779589475184,-13.586,2.594726,-0.06802881,-0.06299824,0.8886962,0.05570339,-0.4507188,-0.001,-0.001,-0.001,1,-1,-1,0.0282928,0.003048889,-0.02303301,0.0282928,0.003048889,-0.02303301,0,0,0,0,0,0,-1,-1,False,True,True
1592171,63779589475195,-13.58595,2.594703,-0.06794482,-0.06306101,0.8886889,0.0556247,-0.4507341,-0.001,-0.001,-0.001,1,-1,-1,0.02831673,0.003156143,-0.02304697,0.02831673,0.003156143,-0.02304697,0,0,0,0,0,0,-1,-1,False,True,True
1592179,63779589475195,-13.58595,2.594703,-0.06794482,-0.06306101,0.8886889,0.0556247,-0.4507341,-0.001,-0.001,-0.001,1,-1,-1,0.03101618,0.001644516,-0.02256519,0.03101618,0.001644516,-0.02256519,0,0,0,0,0,0,-1,-1,False,True,True
1592188,63779589475206,-13.58596,2.594764,-0.06791598,-0.06309712,0.888658,0.05566828,-0.4507847,-0.001,-0.001,-0.001,1,-1,-1,0.03101618,0.001644516,-0.02256519,0.03101618,0.001644516,-0.02256519,0,0,0,0,0,0,-1,-1,False,False,False
1592196,63779589475217,-13.586,2.594813,-0.0678882,-0.06307354,0.8886284,0.05552405,-0.4508641,-0.001,-0.001,-0.001,1,-1,-1,0.03137158,0.00111052,-0.02268105,0.03137158,0.00111052,-0.02268105,0,0,0,0,0,0,-1,-1,False,True,True
1592204,63779589475228,-13.58607,2.59479,-0.06782979,-0.06295069,0.8886715,0.0554813,-0.4508015,-0.001,-0.001,-0.001,1,-1,-1,0.03126822,0.0006554261,-0.02169676,0.03126822,0.0006554261,-0.02169676,0,0,0,0,0,0,-1,-1,False,True,True
1592213,63779589475228,-13.58607,2.59479,-0.06782979,-0.06295069,0.8886715,0.0554813,-0.4508015,-0.001,-0.001,-0.001,1,-1,-1,0.02927393,0.002223526,-0.02414389,0.02927393,0.002223526,-0.02414389,0,0,0,0,0,0,-1,-1,False,True,True
1592221,63779589475239,-13.58608,2.59481,-0.06782323,-0.06283727,0.8886788,0.05540802,-0.450812,-0.001,-0.001,-0.001,1,-1,-1,0.03072408,0.001608215,-0.0225517,0.03072408,0.001608215,-0.0225517,0,0,0,0,0,0,-1,-1,False,True,True
1592229,63779589475251,-13.586,2.594798,-0.06780255,-0.06268308,0.8887394,0.05531622,-0.4507251,-0.001,-0.001,-0.001,1,-1,-1,0.0280035,0.003168182,-0.02311354,0.0280035,0.003168182,-0.02311354,0,0,0,0,0,0,-1,-1,False,True,True
1592238,63779589475262,-13.58603,2.594849,-0.06781787,-0.06257866,0.8888364,0.05530676,-0.4505497,-0.001,-0.001,-0.001,1,-1,-1,0.02801966,0.003125336,-0.0229733,0.02801966,0.003125336,-0.0229733,0,0,0,0,0,0,-1,-1,False,True,True
1592246,63779589475262,-13.58603,2.594849,-0.06781787,-0.06257866,0.8888364,0.05530676,-0.4505497,-0.001,-0.001,-0.001,1,-1,-1,0.02817821,0.003014938,-0.02313951,0.02817821,0.003014938,-0.02313951,0,0,0,0,0,0,-1,-1,False,True,True
1592254,63779589475273,-13.58603,2.594844,-0.06782013,-0.06240522,0.8888598,0.0551702,-0.4505442,-0.001,-0.001,-0.001,1,-1,-1,0.0281704,0.002974716,-0.02310661,0.0281704,0.002974716,-0.02310661,0,0,0,0,0,0,-1,-1,False,True,True
1592263,63779589475285,-13.58607,2.594805,-0.06783098,-0.06240152,0.8889186,0.0550927,-0.4504383,-0.001,-0.001,-0.001,1,-1,-1,0.02816724,0.002947083,-0.02311498,0.02816724,0.002947083,-0.02311498,0,0,0,0,0,0,-1,-1,False,True,True
1592271,63779589475295,-13.58607,2.5948,-0.06781471,-0.0623301,0.8889831,0.05500949,-0.450331,-0.001,-0.001,-0.001,1,-1,-1,0.02814572,0.002947052,-0.0231799,0.02814572,0.002947052,-0.0231799,0,0,0,0,0,0,-1,-1,False,True,True
1592279,63779589475295,-13.58607,2.5948,-0.06781471,-0.0623301,0.8889831,0.05500949,-0.450331,-0.001,-0.001,-0.001,1,-1,-1,0.02806717,0.002921524,-0.02317964,0.02806717,0.002921524,-0.02317964,0,0,0,0,0,0,-1,-1,False,True,True
1592288,63779589475306,-13.58599,2.594762,-0.06784409,-0.06221871,0.8890478,0.05490464,-0.4502314,-0.02945938,0.003842667,-0.02581247,0.5205994,-0.06111145,0.851593,0.02806136,0.002892182,-0.02314365,0.02806136,0.002892182,-0.02314365,0.5020752,0.03070068,0.8642578,0.5020752,0.03070068,0.8642578,5.114258,5.114258,True,True,True
1592296,63779589475318,-13.58594,2.594761,-0.06787819,-0.06208698,0.8891029,0.05480447,-0.450153,-0.02253328,0.003708817,-0.02550276,0.5159149,-0.03460693,0.8559265,0.02805025,0.002873398,-0.02315061,0.02805025,0.002873398,-0.02315061,0.5047607,0.03088379,0.8627014,0.5047607,0.03088379,0.8627014,5.141495,5.141495,True,True,True
1592304,63779589475329,-13.58594,2.594755,-0.06786454,-0.06202389,0.8891261,0.0547341,-0.4501245,0.01944003,0.002978668,-0.02353304,0.4904022,0.01809692,0.8712921,0.0280381,0.002830689,-0.0231218,0.0280381,0.002830689,-0.0231218,0.4822998,0.02507019,0.8756256,0.4822998,0.02507019,0.8756256,5.097092,5.097092,True,True,True
1592313,63779589475329,-13.58594,2.594755,-0.06786454,-0.06202389,0.8891261,0.0547341,-0.4501245,0.007801575,0.003176422,-0.02407379,0.5049744,0.007171631,0.8630981,0.02805226,0.002846954,-0.02312239,0.02805226,0.002846954,-0.02312239,0.497757,0.03445435,0.8666229,0.497757,0.03445435,0.8666229,5.157196,5.157196,True,True,True
1592321,63779589475339,-13.58596,2.594766,-0.0679189,-0.06186599,0.8891399,0.05450483,-0.4501467,0.009120759,0.003142471,-0.02404532,0.5079651,0.03855896,0.8605042,0.02804271,0.002830567,-0.02313542,0.02804271,0.002830567,-0.02313542,0.4939575,0.05406189,0.8677979,0.4939575,0.05406189,0.8677979,5.12114,5.12114,True,True,True
1592329,63779589475351,-13.58597,2.594748,-0.06790709,-0.0616916,0.8891413,0.05441308,-0.4501788,0.01016135,0.003099732,-0.02396733,0.4945068,0.02998352,0.8686523,0.02803894,0.002809876,-0.02311282,0.02803894,0.002809876,-0.02311282,0.4820557,0.04956055,0.8747253,0.4820557,0.04956055,0.8747253,5.183945,5.183945,True,True,True
1592338,63779589475363,-13.58593,2.594718,-0.06789368,-0.0616565,0.8891487,0.05432276,-0.4501801,0.007918838,0.003120056,-0.02407382,0.4951324,0.02749634,0.8683624,0.02802965,0.002792206,-0.02310666,0.02802965,0.002792206,-0.02310666,0.4780121,0.04911804,0.8769684,0.4780121,0.04911804,0.8769684,5.227417,5.227417,True,True,True
1592346,63779589475363,-13.58593,2.594718,-0.06789368,-0.0616565,0.8891487,0.05432276,-0.4501801,0.008509934,0.003109024,-0.02406667,0.5041809,0.03981018,0.8626709,0.0280226,0.002796768,-0.02314244,0.0280226,0.002796768,-0.02314244,0.4997406,0.05580139,0.8643646,0.4997406,0.05580139,0.8643646,5.200211,5.200211,True,True,True
1592354,63779589475373,-13.58595,2.594707,-0.06786793,-0.06157012,0.8891222,0.05429492,-0.4502476,0.008685547,0.003103378,-0.02406265,0.5090942,0.03852844,0.8598328,0.02803107,0.002795548,-0.02314464,0.02803107,0.002795548,-0.02314464,0.5037842,0.05751038,0.861908,0.5037842,0.05751038,0.861908,5.172211,5.172211,True,True,True
1592363,63779589475384,-13.58601,2.594709,-0.06783265,-0.06165693,0.889051,0.05434247,-0.4503706,0.007084473,0.003122437,-0.0241368,0.500061,0.04875183,0.8646088,0.02801885,0.002783539,-0.02315317,0.02801885,0.002783539,-0.02315317,0.4940491,0.07008362,0.8665924,0.4940491,0.07008362,0.8665924,5.157852,5.157852,True,True,True
1592371,63779589475395,-13.58605,2.594667,-0.06781387,-0.06166003,0.8890424,0.05424016,-0.4503995,0.006298172,0.003138855,-0.02418753,0.5168915,0.04216003,0.855011,0.02801877,0.002786438,-0.02315688,0.02801877,0.002786438,-0.02315688,0.515152,0.05104065,0.8555603,0.515152,0.05104065,0.8555603,5.276733,5.276733,True,True,True
1592379,63779589475395,-13.58605,2.594667,-0.06781387,-0.06166003,0.8890424,0.05424016,-0.4503995,0.006006546,0.003134461,-0.02419875,0.5197449,0.03419495,0.8536224,0.02802318,0.002770996,-0.02314954,0.02802318,0.002770996,-0.02314954,0.5120697,0.04730225,0.8576202,0.5120697,0.04730225,0.8576202,5.224121,5.224121,True,True,True
1592388,63779589475407,-13.58607,2.594654,-0.06780171,-0.06166121,0.8890034,0.05420427,-0.4504807,0.006222534,0.003124466,-0.02416185,0.5011902,0.03282166,0.8647003,0.02801793,0.002769592,-0.02312891,0.02801793,0.002769592,-0.02312891,0.4881134,0.05857849,0.8708038,0.4881134,0.05857849,0.8708038,5.08078,5.08078,True,True,True
1592396,63779589475417,-13.58609,2.594604,-0.06776935,-0.06169629,0.8889347,0.05422006,-0.4506095,0.005407654,0.003137619,-0.02419907,0.5114441,0.0249939,0.8589478,0.02803442,0.002767609,-0.02311971,0.02803442,0.002767609,-0.02311971,0.5046234,0.0397644,0.8624115,0.5046234,0.0397644,0.8624115,5.27066,5.27066,True,True,True
1592404,63779589475429,-13.58612,2.594633,-0.06774318,-0.06172121,0.8888999,0.05413143,-0.4506853,0.004926743,0.003136154,-0.02423256,0.5101166,0.02790833,0.8596497,0.02803121,0.002760925,-0.02314047,0.02803121,0.002760925,-0.02314047,0.5050659,0.05657959,0.8612061,0.5050659,0.05657959,0.8612061,5.154953,5.154953,True,True,True
1592413,63779589475429,-13.58612,2.594633,-0.06774318,-0.06172121,0.8888999,0.05413143,-0.4506853,0.005282349,0.003120056,-0.02421159,0.5032349,0.03276062,0.8635101,0.02803012,0.002743424,-0.02313109,0.02803012,0.002743424,-0.02313109,0.4937286,0.0592041,0.8675842,0.4937286,0.0592041,0.8675842,5.20163,5.20163,True,True,True
1592421,63779589475440,-13.58609,2.594614,-0.06770885,-0.06168645,0.888886,0.05404053,-0.4507285,0.005931534,0.003108475,-0.0241866,0.5072327,0.03434753,0.8611145,0.0280257,0.002741669,-0.02313829,0.0280257,0.002741669,-0.02313829,0.5003204,0.05586243,0.8640137,0.5003204,0.05586243,0.8640137,5.163498,5.163498,True,True,True
1592429,63779589475451,-13.58609,2.594609,-0.06766802,-0.06172531,0.8888516,0.05391311,-0.4508063,0.004419312,0.003136933,-0.02425731,0.5077057,0.03382874,0.8608551,0.02802086,0.002746597,-0.0231341,0.02802086,0.002746597,-0.0231341,0.4990082,0.05610657,0.8647614,0.4990082,0.05610657,0.8647614,5.189972,5.189972,True,True,True
1592438,63779589475462,-13.5861,2.594593,-0.06765747,-0.06174005,0.8888107,0.05383601,-0.4508939,0.004508545,0.003139374,-0.02426216,0.5143738,0.03475952,0.856842,0.02802504,0.002753784,-0.02314658,0.02802504,0.002753784,-0.02314658,0.5114746,0.05856323,0.8572845,0.5114746,0.05856323,0.8572845,5.261719,5.261719,True,True,True
1592446,63779589475462,-13.5861,2.594593,-0.06765747,-0.06174005,0.8888107,0.05383601,-0.4508939,0.00449759,0.003138611,-0.02426184,0.5118103,0.03588867,0.8583374,0.02802454,0.002752304,-0.02314423,0.02802454,0.002752304,-0.02314423,0.5074005,0.05978394,0.8596191,0.5074005,0.05978394,0.8596191,5.23732,5.23732,True,True,True
1592454,63779589475473,-13.58619,2.594541,-0.06769294,-0.06183974,0.8888009,0.05375238,-0.4509096,0.004333023,0.003140473,-0.02427057,0.5139465,0.03582764,0.8570709,0.02802405,0.002750977,-0.02314481,0.02802405,0.002750977,-0.02314481,0.5111389,0.05915833,0.8574371,0.5111389,0.05915833,0.8574371,5.253479,5.253479,True,True,True
1592463,63779589475485,-13.58622,2.594531,-0.06768698,-0.06182538,0.8887803,0.05360932,-0.4509693,0.004248032,0.003141632,-0.02427403,0.5116577,0.03593445,0.858429,0.02802313,0.0027509,-0.02314334,0.02802313,0.0027509,-0.02314334,0.5070801,0.06008911,0.859787,0.5070801,0.06008911,0.859787,5.233215,5.233215,True,True,True
1592471,63779589475495,-13.58631,2.594412,-0.06772357,-0.06183508,0.888779,0.05346711,-0.4509874,0.004143356,0.003143112,-0.0242788,0.5137634,0.03500366,0.8572083,0.02802222,0.002750809,-0.02314247,0.02802222,0.002750809,-0.02314247,0.510498,0.05889893,0.8578491,0.510498,0.05889893,0.8578491,5.232483,5.232483,True,True,True
1592479,63779589475495,-13.58631,2.594412,-0.06772357,-0.06183508,0.888779,0.05346711,-0.4509874,0.004498047,0.003136963,-0.02426203,0.5114746,0.03340149,0.8586426,0.0280222,0.002750504,-0.02314217,0.0280222,0.002750504,-0.02314217,0.506958,0.05517578,0.8601837,0.506958,0.05517578,0.8601837,5.237259,5.237259,True,True,True
1592488,63779589475506,-13.58636,2.594411,-0.06773281,-0.06179972,0.888724,0.0533018,-0.4511202,0.003907104,0.003146637,-0.02429027,0.5094604,0.03437805,0.859787,0.0280222,0.002750183,-0.02314188,0.0280222,0.002750183,-0.02314188,0.5031738,0.05821228,0.8622131,0.5031738,0.05821228,0.8622131,5.225906,5.225906,True,True,True
1592496,63779589475518,-13.58637,2.594404,-0.06774014,-0.06190611,0.8886508,0.05315886,-0.4512666,0.004055466,0.003143662,-0.02428256,0.5101166,0.03517151,0.859375,0.02802199,0.002748978,-0.02314063,0.02802199,0.002748978,-0.02314063,0.5043182,0.05892944,0.861496,0.5043182,0.05892944,0.861496,5.220215,5.220215,True,True,True
1592504,63779589475529,-13.58638,2.59437,-0.06767797,-0.06190123,0.8886236,0.05316484,-0.4513201,0.004048584,0.003143234,-0.02428226,0.5094147,0.03555298,0.8597717,0.02802178,0.002747757,-0.02313937,0.02802178,0.002747757,-0.02313937,0.5030823,0.05923462,0.8621979,0.5030823,0.05923462,0.8621979,5.226593,5.226593,True,True,True
1592513,63779589475529,-13.58638,2.59437,-0.06767797,-0.06190123,0.8886236,0.05316484,-0.4513201,0.004034317,0.003142441,-0.02428111,0.5103302,0.03572083,0.8592224,0.02802112,0.002745926,-0.02313606,0.02802112,0.002745926,-0.02313606,0.5042419,0.05935669,0.8615112,0.5042419,0.05935669,0.8615112,5.229111,5.229111,True,True,True
1592521,63779589475540,-13.58641,2.594375,-0.06767035,-0.06191418,0.88857,0.05310699,-0.4514307,0.003999268,0.003142212,-0.02428098,0.5097351,0.03567505,0.8595734,0.02802045,0.002744492,-0.02313277,0.02802045,0.002744492,-0.02313277,0.5028229,0.05917358,0.8623505,0.5028229,0.05917358,0.8623505,5.226486,5.226486,True,True,True
1592529,63779589475551,-13.5864,2.594343,-0.06764078,-0.06193735,0.8885234,0.05302983,-0.4515283,0.00386496,0.003144333,-0.02428713,0.5097046,0.03549194,0.8596039,0.02802033,0.002744293,-0.02313146,0.02802033,0.002744293,-0.02313146,0.5027771,0.05805969,0.8624573,0.5027771,0.05805969,0.8624573,5.22702,5.22702,True,True,True
1592538,63779589475562,-13.58641,2.594393,-0.06762469,-0.06195484,0.8884409,0.05286748,-0.4517072,0.003757401,0.003146149,-0.02429164,0.5097656,0.03547668,0.8595734,0.0280202,0.00274411,-0.02313016,0.0280202,0.00274411,-0.02313016,0.5028076,0.05697632,0.8625031,0.5028076,0.05697632,0.8625031,5.225067,5.225067,True,True,True
1592546,63779589475562,-13.58641,2.594393,-0.06762469,-0.06195484,0.8884409,0.05286748,-0.4517072,0.003711869,0.003146835,-0.02429364,0.5096588,0.03567505,0.8596191,0.02801993,0.002744003,-0.02312984,0.02801993,0.002744003,-0.02312984,0.5026093,0.05738831,0.8625946,0.5026093,0.05738831,0.8625946,5.217834,5.217834,True,True,True
1592554,63779589475573,-13.58643,2.594368,-0.06764525,-0.06187804,0.8883969,0.05280032,-0.4518122,0.003722489,0.003146606,-0.02429337,0.5095978,0.03518677,0.8596802,0.02801966,0.002743897,-0.02312952,0.02801966,0.002743897,-0.02312952,0.5025177,0.05690002,0.8626862,0.5025177,0.05690002,0.8626862,5.210266,5.210266,True,True,True
1592563,63779589475584,-13.58645,2.594356,-0.06768686,-0.06179313,0.8883752,0.05274765,-0.4518724,0.00376384,0.003146851,-0.0242906,0.5097351,0.03419495,0.8596344,0.02801903,0.002743576,-0.02312759,0.02801903,0.002743576,-0.02312759,0.5023804,0.0554657,0.862854,0.5023804,0.0554657,0.862854,5.209183,5.209183,True,True,True
1592571,63779589475596,-13.58648,2.594353,-0.06769669,-0.06178013,0.8883343,0.05265139,-0.4519658,0.003867981,0.003145249,-0.02428584,0.5098114,0.03425598,0.8595886,0.02801874,0.002743378,-0.02312698,0.02801874,0.002743378,-0.02312698,0.502182,0.0553894,0.8629761,0.502182,0.0553894,0.8629761,5.197098,5.197098,True,True,True
1592579,63779589475596,-13.58648,2.594353,-0.06769669,-0.06178013,0.8883343,0.05265139,-0.4519658,0.003959824,0.003147049,-0.0242795,0.5091705,0.03353882,0.8600006,0.02801862,0.002743271,-0.02312332,0.02801862,0.002743271,-0.02312332,0.5021362,0.05625916,0.8629456,0.5021362,0.05625916,0.8629456,5.193573,5.193573,True,True,True
1592588,63779589475606,-13.58648,2.594363,-0.06771457,-0.061777,0.8883131,0.05260598,-0.4520133,0.00399408,0.003145996,-0.02427681,0.509964,0.0335083,0.8595276,0.02801862,0.002742172,-0.02312087,0.02801862,0.002742172,-0.02312087,0.5035553,0.05541992,0.8621674,0.5035553,0.05541992,0.8621674,5.194427,5.194427,True,True,True
1592596,63779589475617,-13.5865,2.594345,-0.06773609,-0.06169099,0.8882665,0.05250878,-0.4521279,0.00395459,0.003146545,-0.0242775,0.508316,0.03382874,0.8604889,0.02801862,0.002741944,-0.0231185,0.02801862,0.002741944,-0.0231185,0.5010529,0.05592346,0.8636017,0.5010529,0.05592346,0.8636017,5.187729,5.187729,True,True,True
1592604,63779589475629,-13.58654,2.594375,-0.06780547,-0.06166625,0.8882473,0.0524676,-0.4521741,0.003876343,0.003148071,-0.02428111,0.5099945,0.03388977,0.8594971,0.02801862,0.002741791,-0.02311784,0.02801862,0.002741791,-0.02311784,0.5035248,0.05619812,0.8621368,0.5035248,0.05619812,0.8621368,5.189896,5.189896,True,True,True
1592613,63779589475629,-13.58654,2.594375,-0.06780547,-0.06166625,0.8882473,0.0524676,-0.4521741,0.003835129,0.003149033,-0.02428281,0.5100098,0.03329468,0.8595123,0.02801862,0.002741211,-0.02311592,0.02801862,0.002741211,-0.02311592,0.50354,0.05535889,0.8621826,0.50354,0.05535889,0.8621826,5.189438,5.189438,True,True,True
1592621,63779589475640,-13.58653,2.594363,-0.06782627,-0.06164524,0.8882325,0.05249412,-0.4522029,0.00495221,0.00312236,-0.02420722,0.5077057,0.03407288,0.8608398,0.02804698,0.002730667,-0.02308406,0.02804698,0.002730667,-0.02308406,0.4964905,0.05149841,0.8665009,0.4964905,0.05149841,0.8665009,5.230499,5.230499,True,True,True
1592629,63779589475650,-13.58655,2.594347,-0.0678553,-0.06165449,0.8881784,0.05246003,-0.4523118,0.004452729,0.003125992,-0.02417226,0.4899597,0.02958679,0.8712311,0.02816199,0.002730042,-0.02302414,0.02816199,0.002730042,-0.02302414,0.4771423,0.04615784,0.877594,0.4771423,0.04615784,0.877594,5.307678,5.307678,True,True,True
1592638,63779589475663,-13.58658,2.59435,-0.06787688,-0.06170666,0.8881298,0.05242424,-0.4524042,0.004314102,0.003123001,-0.02412357,0.4685822,0.020401,0.8831787,0.02825867,0.002721817,-0.02296344,0.02825867,0.002721817,-0.02296344,0.4547882,0.03224182,0.8899994,0.4547882,0.03224182,0.8899994,5.262497,5.262497,True,True,True
1592646,63779589475663,-13.58658,2.59435,-0.06787688,-0.06170666,0.8881298,0.05242424,-0.4524042,0.004611252,0.003120438,-0.02411923,0.478775,0.03338623,0.8772888,0.02832659,0.002719879,-0.02297408,0.02832659,0.002719879,-0.02297408,0.4657745,0.05311584,0.8833008,0.4657745,0.05311584,0.8833008,5.194962,5.194962,True,True,True
1592654,63779589475673,-13.58662,2.594311,-0.06791127,-0.06172585,0.8881312,0.05251225,-0.4523885,0.004953629,0.003109101,-0.02408043,0.469986,0.02183533,0.8823853,0.02831059,0.002718399,-0.02296515,0.02831059,0.002718399,-0.02296515,0.464798,0.04241943,0.8843842,0.464798,0.04241943,0.8843842,5.209213,5.209213,True,True,True
1592663,63779589475684,-13.58667,2.59431,-0.06787467,-0.06181804,0.8881241,0.05238795,-0.4524044,0.00718866,0.003073578,-0.02398229,0.4743652,0.02888489,0.879837,0.0283036,0.002720597,-0.02297383,0.0283036,0.002720597,-0.02297383,0.4694824,0.04394531,0.8818359,0.4694824,0.04394531,0.8818359,5.157455,5.157455,True,True,True
1592671,63779589475695,-13.58664,2.594244,-0.06790638,-0.06196129,0.8881034,0.05242976,-0.4524204,0.008150528,0.003057907,-0.02394006,0.4751587,0.03460693,0.8792114,0.02830561,0.002720413,-0.02297461,0.02830561,0.002720413,-0.02297461,0.468277,0.04856873,0.8822327,0.468277,0.04856873,0.8822327,5.212677,5.212677,True,True,True
1592679,63779589475695,-13.58664,2.594244,-0.06790638,-0.06196129,0.8881034,0.05242976,-0.4524204,0.008656296,0.003049942,-0.02391814,0.4744415,0.03213501,0.8796844,0.0283076,0.00272023,-0.02297383,0.0283076,0.00272023,-0.02297383,0.4671021,0.04429626,0.8830872,0.4671021,0.04429626,0.8830872,5.262253,5.262253,True,True,True
1592688,63779589475707,-13.58666,2.594214,-0.06793702,-0.06200508,0.888132,0.05245391,-0.4523555,0.0082762,0.003055542,-0.02393825,0.4743652,0.03512573,0.8796234,0.02830982,0.002718094,-0.02297232,0.02830982,0.002718094,-0.02297232,0.4664764,0.04908752,0.8831635,0.4664764,0.04908752,0.8831635,5.253067,5.253067,True,True,True
1592696,63779589475717,-13.58668,2.594232,-0.0679611,-0.06206237,0.8881794,0.05230356,-0.452272,0.007603211,0.003066116,-0.02396983,0.4753876,0.03256226,0.8791656,0.02831203,0.002716339,-0.0229708,0.02831203,0.002716339,-0.0229708,0.4679718,0.04518127,0.8825836,0.4679718,0.04518127,0.8825836,5.239212,5.239212,True,True,True
1592704,63779589475729,-13.5867,2.594242,-0.06798881,-0.06202687,0.8882186,0.05223592,-0.4522078,0.006959443,0.003077927,-0.02400057,0.4758301,0.0344696,0.8788452,0.02831403,0.002717224,-0.02297011,0.02831403,0.002717224,-0.02297011,0.4685822,0.0493927,0.8820343,0.4685822,0.0493927,0.8820343,5.255127,5.255127,True,True,True
1592713,63779589475729,-13.5867,2.594242,-0.06798881,-0.06202687,0.8882186,0.05223592,-0.4522078,0.007088166,0.003076828,-0.02399407,0.4763641,0.03144836,0.8786774,0.02831603,0.002718109,-0.02296941,0.02831603,0.002718109,-0.02296941,0.4692383,0.04483032,0.8819122,0.4692383,0.04483032,0.8819122,5.264557,5.264557,True,True,True
1592721,63779589475740,-13.58668,2.594255,-0.06795096,-0.06202513,0.888263,0.05204512,-0.4521426,0.007125977,0.003076996,-0.02399216,0.4774628,0.03149414,0.8780823,0.02831688,0.002718613,-0.02296909,0.02831688,0.002718613,-0.02296909,0.4707336,0.04518127,0.8811035,0.4707336,0.04518127,0.8811035,5.25383,5.25383,True,True,True
1592729,63779589475751,-13.5867,2.594199,-0.06797445,-0.06187581,0.8882846,0.05188618,-0.4521391,0.007080323,0.003077911,-0.02399419,0.4764404,0.03153992,0.8786316,0.0283177,0.002719132,-0.02296877,0.0283177,0.002719132,-0.02296877,0.4694061,0.04534912,0.8818054,0.4694061,0.04534912,0.8818054,5.240585,5.240585,True,True,True
1592738,63779589475751,-13.5867,2.594199,-0.06797445,-0.06187581,0.8882846,0.05188618,-0.4521391,0.006645874,0.003085465,-0.02401454,0.4762421,0.0335083,0.8786621,0.02831694,0.002719681,-0.02296779,0.02831694,0.002719681,-0.02296779,0.4691467,0.04896545,0.8817596,0.4691467,0.04896545,0.8817596,5.237549,5.237549,True,True,True
1592746,63779589475751,-13.5867,2.594199,-0.06797445,-0.06187581,0.8882846,0.05188618,-0.4521391,0.005569809,0.003103943,-0.02406595,0.4764709,0.03039551,0.8786469,0.02831702,0.00272023,-0.02296681,0.02831702,0.00272023,-0.02296681,0.4692535,0.04527283,0.881897,0.4692535,0.04527283,0.881897,5.240662,5.240662,True,True,True
1592754,63779589475780,-13.58659,2.594177,-0.06805021,-0.06198573,0.8882561,0.05169205,-0.4522023,0.005606247,0.003103394,-0.02406305,0.4766693,0.03033447,0.87854,0.02831697,0.002720413,-0.02296492,0.02831697,0.002720413,-0.02296492,0.4693451,0.04493713,0.8818512,0.4693451,0.04493713,0.8818512,5.252563,5.252563,True,True,True
1592763,63779589475785,-13.58661,2.594177,-0.06804645,-0.06199156,0.8882637,0.05153671,-0.4522043,0.005643479,0.003102707,-0.02406023,0.4763489,0.03015137,0.8787231,0.02831694,0.002720597,-0.02296305,0.02831694,0.002720597,-0.02296305,0.4691925,0.04454041,0.881958,0.4691925,0.04454041,0.881958,5.23999,5.23999,True,True,True
1592771,63779589475791,-13.58665,2.594185,-0.06801403,-0.06206085,0.8882713,0.05133995,-0.4522023,0.005712082,0.003102295,-0.02405676,0.4762268,0.03012085,0.8787994,0.02831697,0.002722107,-0.0229626,0.02831697,0.002722107,-0.0229626,0.4693756,0.0443573,0.8818665,0.4693756,0.0443573,0.8818665,5.25235,5.25235,True,True,True
1592779,63779589475801,-13.58666,2.594112,-0.06803226,-0.06210713,0.8882867,0.05117939,-0.4521839,0.005699082,0.003103546,-0.02405747,0.4766235,0.03016663,0.8785706,0.02831702,0.002723618,-0.02296216,0.02831702,0.002723618,-0.02296216,0.4694824,0.04420471,0.8818207,0.4694824,0.04420471,0.8818207,5.264755,5.264755,True,True,True
1592788,63779589475812,-13.58667,2.594071,-0.06807262,-0.06208788,0.8882447,0.05115746,-0.4522713,0.005678986,0.003104584,-0.02405718,0.4754639,0.02963257,0.8792267,0.02831766,0.002724762,-0.02295999,0.02831766,0.002724762,-0.02295999,0.4676971,0.04359436,0.8827972,0.4676971,0.04359436,0.8827972,5.268326,5.268326,True,True,True
1592796,63779589475812,-13.58667,2.594071,-0.06807262,-0.06208788,0.8882447,0.05115746,-0.4522713,0.005666001,0.00310524,-0.02405683,0.4749756,0.0295105,0.8794861,0.02831766,0.00272551,-0.02295831,0.02831766,0.00272551,-0.02295831,0.4677124,0.04328918,0.8828125,0.4677124,0.04328918,0.8828125,5.26857,5.26857,True,True,True
1592804,63779589475823,-13.58668,2.594074,-0.06809229,-0.06217326,0.8882321,0.05107242,-0.452294,0.005668427,0.00310585,-0.02405545,0.4741669,0.03038025,0.8798981,0.02831766,0.002726608,-0.02295613,0.02831766,0.002726608,-0.02295613,0.4677734,0.04460144,0.8827057,0.4677734,0.04460144,0.8827057,5.274261,5.274261,True,True,True
1592813,63779589475834,-13.58677,2.594085,-0.06810874,-0.06227712,0.8882376,0.05122776,-0.4522514,0.005658737,0.003105988,-0.0240558,0.4752197,0.02975464,0.8793488,0.02831766,0.002726761,-0.02295558,0.02831766,0.002726761,-0.02295558,0.4698181,0.04356384,0.8816681,0.4698181,0.04356384,0.8816681,5.275711,5.275711,True,True,True
1592821,63779589475845,-13.58682,2.594094,-0.06810963,-0.06220195,0.8882009,0.05134626,-0.4523204,0.005645996,0.003106079,-0.02405592,0.473999,0.03013611,0.8800049,0.02831702,0.002726776,-0.02295465,0.02831702,0.002726776,-0.02295465,0.4676208,0.04440308,0.8827972,0.4676208,0.04440308,0.8827972,5.274704,5.274704,True,True,True
1592829,63779589475845,-13.58682,2.594094,-0.06810963,-0.06220195,0.8882009,0.05134626,-0.4523204,0.005651306,0.003106049,-0.02405528,0.4736938,0.029953,0.8801727,0.02831694,0.002726914,-0.0229534,0.02831694,0.002726914,-0.0229534,0.4671631,0.04428101,0.8830566,0.4671631,0.04428101,0.8830566,5.274353,5.274353,True,True,True
1592838,63779589475857,-13.58681,2.594024,-0.0681147,-0.0624351,0.8881379,0.05148306,-0.4523964,0.005680024,0.003105805,-0.02405374,0.4734497,0.03106689,0.8802643,0.02831648,0.002727326,-0.02295258,0.02831648,0.002727326,-0.02295258,0.4667969,0.04585266,0.8831635,0.4667969,0.04585266,0.8831635,5.274796,5.274796,True,True,True
1592846,63779589475868,-13.5868,2.594045,-0.06826681,-0.06253705,0.8880673,0.05145207,-0.4525244,0.00569336,0.003106094,-0.02405187,0.473175,0.03160095,0.8803864,0.02831618,0.00272818,-0.02295059,0.02831618,0.00272818,-0.02295059,0.4667206,0.04673767,0.8831482,0.4667206,0.04673767,0.8831482,5.275284,5.275284,True,True,True
1592854,63779589475879,-13.58679,2.59405,-0.06826603,-0.06257771,0.8880537,0.05129668,-0.4525632,0.005717637,0.003109909,-0.02404968,0.4698334,0.02934265,0.8822479,0.02829404,0.002735474,-0.02295009,0.02829404,0.002735474,-0.02295009,0.4614868,0.04302979,0.8860931,0.4614868,0.04302979,0.8860931,5.273758,5.273758,True,True,True
1592863,63779589475879,-13.58679,2.59405,-0.06826603,-0.06257771,0.8880537,0.05129668,-0.4525632,0.005744843,0.003109451,-0.02404778,0.4700623,0.02864075,0.8821564,0.02829404,0.002735474,-0.02294914,0.02829404,0.002735474,-0.02294914,0.4619598,0.04190063,0.8858948,0.4619598,0.04190063,0.8858948,5.273376,5.273376,True,True,True
1592871,63779589475890,-13.58681,2.594083,-0.0682537,-0.06264019,0.8880163,0.05123908,-0.4526344,0.005756501,0.003109284,-0.02404695,0.4699249,0.02929688,0.8822021,0.02829404,0.002735474,-0.0229487,0.02829404,0.002735474,-0.0229487,0.4615021,0.04290771,0.8860931,0.4615021,0.04290771,0.8860931,5.273911,5.273911,True,True,True
1592879,63779589475901,-13.58678,2.594079,-0.06823945,-0.06241972,0.8880688,0.05106376,-0.4525817,0.005759506,0.00310936,-0.02404682,0.4702759,0.03010559,0.8819885,0.02829404,0.002735474,-0.02294856,0.02829404,0.002735474,-0.02294856,0.4620819,0.04428101,0.8857117,0.4620819,0.04428101,0.8857117,5.286743,5.286743,True,True,True
1592888,63779589475912,-13.58671,2.594107,-0.06821299,-0.06219431,0.8881252,0.05083222,-0.452528,0.00575058,0.003109619,-0.02404654,0.471344,0.02975464,0.8814392,0.02829404,0.002735474,-0.02294733,0.02829404,0.002735474,-0.02294733,0.4635773,0.04432678,0.8849335,0.4635773,0.04432678,0.8849335,5.295898,5.295898,True,True,True
1592896,63779589475912,-13.58671,2.594107,-0.06821299,-0.06219431,0.8881252,0.05083222,-0.452528,0.005762055,0.003109558,-0.0240459,0.4705048,0.02954102,0.881897,0.02829404,0.002735474,-0.02294714,0.02829404,0.002735474,-0.02294714,0.4621887,0.04426575,0.8856659,0.4621887,0.04426575,0.8856659,5.294815,5.294815,True,True,True
1592904,63779589475923,-13.58672,2.594089,-0.06819195,-0.06211233,0.8881265,0.05072949,-0.4525483,0.005768341,0.003110169,-0.02404543,0.4703369,0.02929688,0.8819885,0.02829404,0.002735474,-0.02294687,0.02829404,0.002735474,-0.02294687,0.4619446,0.04415894,0.8858032,0.4619446,0.04415894,0.8858032,5.287827,5.287827,True,True,True
1592913,63779589475934,-13.58668,2.594123,-0.06813955,-0.06190117,0.888182,0.0504955,-0.4524946,0.005797196,0.003110794,-0.0240437,0.4703369,0.02981567,0.8819733,0.02829404,0.002735474,-0.02294637,0.02829404,0.002735474,-0.02294637,0.4619446,0.04537964,0.8857422,0.4619446,0.04537964,0.8857422,5.288528,5.288528,True,True,True
1592921,63779589475945,-13.58666,2.594121,-0.06818879,-0.06186209,0.8881836,0.05042277,-0.4525047,0.005818848,0.003111099,-0.02404257,0.4701843,0.02967834,0.8820648,0.02829413,0.002734451,-0.02294623,0.02829413,0.002734451,-0.02294623,0.4616699,0.04562378,0.8858643,0.4616699,0.04562378,0.8858643,5.288666,5.288666,True,True,True
1592929,63779589475945,-13.58666,2.594121,-0.06818879,-0.06186209,0.8881836,0.05042277,-0.4525047,0.005837219,0.00310965,-0.02404172,0.4704132,0.02999878,0.8819275,0.02829486,0.002732407,-0.02294602,0.02829486,0.002732407,-0.02294602,0.4620361,0.04624939,0.8856506,0.4620361,0.04624939,0.8856506,5.305099,5.305099,True,True,True
1592938,63779589475956,-13.58662,2.594125,-0.06816286,-0.06198307,0.8882021,0.0503997,-0.4524544,0.00586116,0.003109009,-0.02404038,0.4700775,0.02911377,0.8821259,0.02829508,0.00273201,-0.02294573,0.02829508,0.00273201,-0.02294573,0.4614716,0.04627991,0.8859253,0.4614716,0.04627991,0.8859253,5.304855,5.304855,True,True,True
1592946,63779589475968,-13.58663,2.594122,-0.06813782,-0.06192465,0.8882019,0.05041127,-0.4524616,0.006058289,0.003105637,-0.02403023,0.470459,0.02859497,0.8819427,0.02829508,0.002731873,-0.02294484,0.02829508,0.002731873,-0.02294484,0.4621887,0.04370117,0.8856964,0.4621887,0.04370117,0.8856964,5.311859,5.311859,True,True,True
1592954,63779589475979,-13.58663,2.594095,-0.06808054,-0.06192758,0.8881738,0.05038228,-0.4525195,0.006134293,0.003104538,-0.02402625,0.4707794,0.02867126,0.8817749,0.02829523,0.002731689,-0.02294441,0.02829523,0.002731689,-0.02294441,0.4625244,0.04374695,0.8855133,0.4625244,0.04374695,0.8855133,5.312271,5.312271,True,True,True
1592963,63779589475979,-13.58663,2.594095,-0.06808054,-0.06192758,0.8881738,0.05038228,-0.4525195,0.006093292,0.003105103,-0.02402736,0.4712524,0.02816772,0.8815308,0.02829523,0.002731476,-0.02294289,0.02829523,0.002731476,-0.02294289,0.4632874,0.0430603,0.8851471,0.4632874,0.0430603,0.8851471,5.312683,5.312683,True,True,True
1592971,63779589475990,-13.58668,2.594085,-0.06804985,-0.06186378,0.8882082,0.05033476,-0.4524662,0.006208908,0.003103333,-0.02402164,0.4717407,0.02734375,0.8813019,0.02829523,0.002731384,-0.02294266,0.02829523,0.002731384,-0.02294266,0.4633179,0.04307556,0.8851318,0.4633179,0.04307556,0.8851318,5.314148,5.314148,True,True,True
1592979,63779589476001,-13.58667,2.594089,-0.06800491,-0.06189795,0.8882016,0.05030276,-0.4524778,0.006172806,0.003103928,-0.02402272,0.4713287,0.02772522,0.8815002,0.02829523,0.002731354,-0.02294136,0.02829523,0.002731354,-0.02294136,0.4625549,0.04364014,0.885498,0.4625549,0.04364014,0.885498,5.314148,5.314148,True,True,True
1592988,63779589476012,-13.58665,2.594054,-0.06797892,-0.06187882,0.8882199,0.05022458,-0.4524533,0.005769165,0.003110687,-0.02404172,0.4715271,0.02822876,0.8813934,0.02829523,0.002731308,-0.02293944,0.02829523,0.002731308,-0.02293944,0.4625702,0.04498291,0.8854218,0.4625702,0.04498291,0.8854218,5.314941,5.314941,True,True,True
1592996,63779589476012,-13.58665,2.594054,-0.06797892,-0.06187882,0.8882199,0.05022458,-0.4524533,0.005746674,0.003110901,-0.02404213,0.4720764,0.02745056,0.8811188,0.02829508,0.002731262,-0.02293826,0.02829508,0.002731262,-0.02293826,0.463501,0.04364014,0.8850098,0.463501,0.04364014,0.8850098,5.331833,5.331833,True,True,True
1593004,63779589476023,-13.58665,2.594054,-0.0679931,-0.06185619,0.8882623,0.05008735,-0.4523884,0.005721741,0.003110657,-0.02404256,0.4720917,0.02671814,0.881134,0.02829501,0.002730179,-0.02293654,0.02829501,0.002730179,-0.02293654,0.463501,0.04310608,0.8850403,0.463501,0.04310608,0.8850403,5.331543,5.331543,True,True,True
1593013,63779589476034,-13.58662,2.594082,-0.06802469,-0.06190651,0.8882968,0.04986045,-0.4523387,0.005733673,0.003109619,-0.02404241,0.4721222,0.02738953,0.8810883,0.02829413,0.002728821,-0.02293627,0.02829413,0.002728821,-0.02293627,0.4633026,0.04412842,0.8850861,0.4633026,0.04412842,0.8850861,5.335098,5.335098,True,True,True
1593021,63779589476046,-13.58662,2.594028,-0.06800127,-0.06176224,0.8883429,0.04966504,-0.4522893,0.005745758,0.003108887,-0.02404155,0.4719696,0.02754211,0.8811646,0.02829413,0.002728058,-0.02293572,0.02829413,0.002728058,-0.02293572,0.4633179,0.04434204,0.8850708,0.4633179,0.04434204,0.8850708,5.335892,5.335892,True,True,True
1593029,63779589476046,-13.58662,2.594028,-0.06800127,-0.06176224,0.8883429,0.04966504,-0.4522893,0.005787506,0.003108094,-0.02403943,0.4720612,0.0267334,0.8811493,0.02829395,0.002727967,-0.02293504,0.02829395,0.002727967,-0.02293504,0.4632874,0.04356384,0.8851318,0.4632874,0.04356384,0.8851318,5.335236,5.335236,True,True,True
1593038,63779589476056,-13.58663,2.594013,-0.06791812,-0.06173108,0.8884088,0.04967287,-0.4521635,0.00583638,0.003106812,-0.02403687,0.4721985,0.02598572,0.8811035,0.0282932,0.002727676,-0.0229348,0.0282932,0.002727676,-0.0229348,0.4631195,0.04214478,0.8852844,0.4631195,0.04214478,0.8852844,5.33728,5.33728,True,True,True
1593046,63779589476068,-13.58665,2.594035,-0.06788099,-0.06171176,0.8884612,0.04967244,-0.4520631,0.006076706,0.003102219,-0.02402478,0.4724731,0.02626038,0.8809357,0.02829285,0.002726807,-0.02293419,0.02829285,0.002726807,-0.02293419,0.4637451,0.04238892,0.8849487,0.4637451,0.04238892,0.8849487,5.338058,5.338058,True,True,True
1593054,63779589476079,-13.58667,2.594028,-0.06782502,-0.06174146,0.8884636,0.04973068,-0.4520477,0.006159455,0.003100769,-0.02401994,0.472229,0.02619934,0.881073,0.02829231,0.002726807,-0.02293285,0.02829231,0.002726807,-0.02293285,0.4639435,0.04234314,0.8848419,0.4639435,0.04234314,0.8848419,5.338165,5.338165,True,True,True
1593063,63779589476079,-13.58667,2.594028,-0.06782502,-0.06174146,0.8884636,0.04973068,-0.4520477,0.006090714,0.003101898,-0.02402249,0.4721527,0.02609253,0.8811188,0.02828999,0.002726807,-0.02293141,0.02828999,0.002726807,-0.02293141,0.4633331,0.04220581,0.8851624,0.4633331,0.04220581,0.8851624,5.334152,5.334152,True,True,True
1593071,63779589476090,-13.58672,2.594054,-0.06776994,-0.06183748,0.8884718,0.04958507,-0.4520346,0.006055664,0.003102249,-0.02402428,0.4723663,0.02787781,0.8809509,0.02828993,0.002726807,-0.02293109,0.02828993,0.002726807,-0.02293109,0.4633942,0.04501343,0.8849945,0.4633942,0.04501343,0.8849945,5.336044,5.336044,True,True,True
1593079,63779589476101,-13.58671,2.593966,-0.06773376,-0.061846,0.8884794,0.04964461,-0.4520119,0.00607016,0.003101425,-0.02402347,0.47229,0.02700806,0.881012,0.02828961,0.002726807,-0.02293079,0.02828961,0.002726807,-0.02293079,0.4633331,0.04336548,0.8851166,0.4633331,0.04336548,0.8851166,5.334991,5.334991,True,True,True
1593088,63779589476112,-13.5867,2.593992,-0.06772822,-0.06195668,0.8884507,0.04961602,-0.4520563,0.005778427,0.003105667,-0.02403589,0.4720154,0.0269165,0.8811646,0.02828857,0.002726807,-0.0229274,0.02828857,0.002726807,-0.0229274,0.4630127,0.04321289,0.8852844,0.4630127,0.04321289,0.8852844,5.334549,5.334549,True,True,True
1593096,63779589476112,-13.5867,2.593992,-0.06772822,-0.06195668,0.8884507,0.04961602,-0.4520563,0.005756775,0.00310524,-0.02403642,0.4715881,0.02706909,0.8813934,0.02828819,0.002726807,-0.02292526,0.02828819,0.002726807,-0.02292526,0.4623413,0.04298401,0.8856506,0.4623413,0.04298401,0.8856506,5.331039,5.331039,True,True,True
1593104,63779589476123,-13.58668,2.594012,-0.06765151,-0.06209525,0.8884809,0.04958406,-0.4519815,0.005735825,0.003105286,-0.02403717,0.4710846,0.02705383,0.8816681,0.02828771,0.002727219,-0.02292467,0.02828771,0.002727219,-0.02292467,0.4622345,0.04283142,0.8857117,0.4622345,0.04283142,0.8857117,5.330917,5.330917,True,True,True
1593113,63779589476134,-13.5867,2.594017,-0.06761473,-0.06215813,0.888436,0.04967104,-0.4520516,0.005700089,0.00310614,-0.02403835,0.4714813,0.02723694,0.8814392,0.02828566,0.002727676,-0.02292313,0.02828566,0.002727676,-0.02292313,0.4617615,0.04248047,0.8859711,0.4617615,0.04248047,0.8859711,5.333694,5.333694,True,True,True
1593121,63779589476145,-13.58678,2.59404,-0.06755191,-0.06215417,0.8884231,0.04952645,-0.4520932,0.005712067,0.003105927,-0.02403752,0.4708252,0.0271759,0.8817902,0.02828478,0.002727676,-0.02292252,0.02828478,0.002727676,-0.02292252,0.4607544,0.04238892,0.8865051,0.4607544,0.04238892,0.8865051,5.332718,5.332718,True,True,True
1593129,63779589476145,-13.58678,2.59404,-0.06755191,-0.06215417,0.8884231,0.04952645,-0.4520932,0.00575029,0.003105286,-0.02403566,0.4707794,0.02723694,0.8818207,0.02828438,0.002727676,-0.02292233,0.02828438,0.002727676,-0.02292233,0.4607697,0.04243469,0.8864899,0.4607697,0.04243469,0.8864899,5.34375,5.34375,True,True,True
1593138,63779589476156,-13.58691,2.593976,-0.06747448,-0.06217692,0.8884032,0.04965357,-0.4521154,0.00576648,0.003104981,-0.02403415,0.4702759,0.02716064,0.8820953,0.02828212,0.002727676,-0.02292091,0.02828212,0.002727676,-0.02292091,0.460083,0.0422821,0.8868561,0.460083,0.0422821,0.8868561,5.342972,5.342972,True,True,True
1593146,63779589476167,-13.58696,2.593996,-0.06735945,-0.0621826,0.8884369,0.04950764,-0.4520645,0.005772568,0.003104859,-0.02403244,0.4702148,0.02655029,0.8821411,0.02828127,0.002727676,-0.02291855,0.02828127,0.002727676,-0.02291855,0.4600067,0.04211426,0.8869019,0.4600067,0.04211426,0.8869019,5.342911,5.342911,True,True,True
1593154,63779589476178,-13.58693,2.593984,-0.06730163,-0.06235228,0.8883801,0.04956395,-0.4521465,0.006115433,0.003099106,-0.02401529,0.4700317,0.02680969,0.8822327,0.02828111,0.002727676,-0.02291823,0.02828111,0.002727676,-0.02291823,0.4599762,0.04216003,0.8869171,0.4599762,0.04216003,0.8869171,5.342926,5.342926,True,True,True
1593163,63779589476178,-13.58693,2.593984,-0.06730163,-0.06235228,0.8883801,0.04956395,-0.4521465,0.005783829,0.003104233,-0.02403127,0.4700623,0.0276947,0.8821869,0.02828032,0.002727219,-0.02291742,0.02828032,0.002727219,-0.02291742,0.4599457,0.04310608,0.8868866,0.4599457,0.04310608,0.8868866,5.343628,5.343628,True,True,True
1593171,63779589476189,-13.58695,2.593981,-0.06725514,-0.06256399,0.8883477,0.04966826,-0.4521693,0.005749817,0.003104523,-0.02403272,0.4694977,0.02757263,0.8824921,0.02827835,0.002727219,-0.02291547,0.02827835,0.002727219,-0.02291547,0.4590149,0.04272461,0.8873901,0.4590149,0.04272461,0.8873901,5.314117,5.314117,True,True,True
1593179,63779589476201,-13.58689,2.593987,-0.06718802,-0.06265768,0.8882934,0.0496399,-0.4522662,0.005749054,0.003104248,-0.02403288,0.4698029,0.02790833,0.8823242,0.02827792,0.002726334,-0.0229151,0.02827792,0.002726334,-0.0229151,0.4593048,0.04328918,0.887207,0.4593048,0.04328918,0.887207,5.363724,5.363724,True,True,True
1593188,63779589476212,-13.58687,2.593991,-0.06713444,-0.06268276,0.8882625,0.04978375,-0.4523079,0.005832108,0.003102966,-0.02402893,0.4697113,0.02789307,0.88237,0.02827753,0.002726334,-0.02291463,0.02827753,0.002726334,-0.02291463,0.4593201,0.04318237,0.887207,0.4593201,0.04318237,0.887207,5.363724,5.363724,True,True,True
1593196,63779589476212,-13.58687,2.593991,-0.06713444,-0.06268276,0.8882625,0.04978375,-0.4523079,0.005895645,0.003101822,-0.02402565,0.4692688,0.02789307,0.8825989,0.02827724,0.002726196,-0.02291412,0.02827724,0.002726196,-0.02291412,0.459137,0.04316711,0.8872986,0.459137,0.04316711,0.8872986,5.363541,5.363541,True,True,True
1593204,63779589476223,-13.58688,2.594034,-0.06708413,-0.06276643,0.8882285,0.04978536,-0.4523628,0.00584285,0.003102509,-0.02402808,0.4690857,0.02676392,0.8827362,0.02827701,0.002725845,-0.02291371,0.02827701,0.002725845,-0.02291371,0.4590759,0.04330444,0.8873291,0.4590759,0.04330444,0.8873291,5.363541,5.363541,True,True,True
1593213,63779589476234,-13.58691,2.593988,-0.06701297,-0.06282686,0.888252,0.04983872,-0.4523022,0.005970963,0.003099961,-0.02402126,0.4687805,0.02702332,0.8828888,0.02827532,0.002725235,-0.02291284,0.02827532,0.002725235,-0.02291284,0.4586639,0.0435791,0.8875275,0.4586639,0.0435791,0.8875275,5.363541,5.363541,True,True,True
1593221,63779589476245,-13.58693,2.593984,-0.0669238,-0.06291128,0.8882016,0.04993033,-0.4523795,0.006019623,0.003098999,-0.02401888,0.4688721,0.02798462,0.8828125,0.02827527,0.002725159,-0.02291246,0.02827527,0.002725159,-0.02291246,0.4589386,0.04515076,0.8873138,0.4589386,0.04515076,0.8873138,5.364838,5.364838,True,True,True
1593229,63779589476245,-13.58693,2.593984,-0.0669238,-0.06291128,0.8882016,0.04993033,-0.4523795,0.006020783,0.003098816,-0.02401888,0.4690552,0.02806091,0.8827057,0.02827487,0.00272496,-0.02291241,0.02827487,0.00272496,-0.02291241,0.4588165,0.04519653,0.8873596,0.4588165,0.04519653,0.8873596,5.363495,5.363495,True,True,True
1593238,63779589476257,-13.58696,2.594042,-0.06683087,-0.06295333,0.8882063,0.05003188,-0.4523531,0.006105942,0.003097275,-0.02401421,0.468811,0.02807617,0.882843,0.02827423,0.002724899,-0.02291141,0.02827423,0.002724899,-0.02291141,0.4586334,0.04510498,0.8874664,0.4586334,0.04510498,0.8874664,5.359528,5.359528,True,True,True
1593246,63779589476268,-13.58693,2.594055,-0.06673175,-0.0629856,0.8881981,0.05010987,-0.4523562,0.006070176,0.003097778,-0.02401517,0.4691925,0.02867126,0.8826141,0.02827405,0.002724732,-0.02290985,0.02827405,0.002724732,-0.02290985,0.4592285,0.04608154,0.8871002,0.4592285,0.04608154,0.8871002,5.360809,5.360809,True,True,True
1593254,63779589476279,-13.58695,2.594068,-0.06666172,-0.06317466,0.8881311,0.05024576,-0.4524461,0.006106827,0.003097061,-0.02401325,0.469101,0.02876282,0.8826599,0.02827374,0.002724564,-0.02290968,0.02827374,0.002724564,-0.02290968,0.4590912,0.04606628,0.8871765,0.4590912,0.04606628,0.8871765,5.354431,5.354431,True,True,True
1593263,63779589476279,-13.58695,2.594068,-0.06666172,-0.06317466,0.8881311,0.05024576,-0.4524461,0.006054505,0.003097306,-0.02401569,0.4693756,0.02894592,0.8825073,0.02827338,0.002723557,-0.02290938,0.02827338,0.002723557,-0.02290938,0.4594727,0.04641724,0.8869629,0.4594727,0.04641724,0.8869629,5.354996,5.354996,True,True,True
1593271,63779589476291,-13.58698,2.594098,-0.06659395,-0.06320211,0.8881039,0.05035857,-0.4524832,0.006134186,0.003095917,-0.02401171,0.468689,0.02893066,0.8828735,0.0282729,0.002723358,-0.02290938,0.0282729,0.002723358,-0.02290938,0.4588928,0.04638672,0.8872681,0.4588928,0.04638672,0.8872681,5.354507,5.354507,True,True,True
1593279,63779589476302,-13.58704,2.594128,-0.06661189,-0.0632119,0.8880355,0.05052554,-0.4525974,0.006155549,0.003095566,-0.02401061,0.468689,0.02830505,0.8829041,0.02827248,0.002723282,-0.0229093,0.02827248,0.002723282,-0.0229093,0.4589081,0.04534912,0.8873138,0.4589081,0.04534912,0.8873138,5.35463,5.35463,True,True,True
1593288,63779589476313,-13.58706,2.594169,-0.06654483,-0.06336631,0.8879979,0.05061307,-0.4526398,0.006204163,0.00309465,-0.02400815,0.4685211,0.02752686,0.8830109,0.02827242,0.002723221,-0.02290926,0.02827242,0.002723221,-0.02290926,0.4588928,0.04536438,0.8873138,0.4588928,0.04536438,0.8873138,5.354614,5.354614,True,True,True
1593296,63779589476313,-13.58706,2.594169,-0.06654483,-0.06336631,0.8879979,0.05061307,-0.4526398,0.006151963,0.0030952,-0.0240107,0.4679718,0.02638245,0.8833466,0.02827211,0.002722687,-0.0229092,0.02827211,0.002722687,-0.0229092,0.4588776,0.04400635,0.8874054,0.4588776,0.04400635,0.8874054,5.359024,5.359024,True,True,True
1593304,63779589476325,-13.5871,2.59415,-0.06649029,-0.06354281,0.8880191,0.05070584,-0.4525631,0.006159516,0.003094696,-0.02401033,0.4680023,0.02667236,0.883316,0.02827158,0.002722168,-0.02290918,0.02827158,0.002722168,-0.02290918,0.4586792,0.0440979,0.8874969,0.4586792,0.0440979,0.8874969,5.353638,5.353638,True,True,True
1593313,63779589476337,-13.58712,2.594168,-0.06645358,-0.06364831,0.8879594,0.05079656,-0.4526553,0.006139084,0.003094467,-0.02401091,0.4673004,0.02745056,0.883667,0.02827158,0.002721268,-0.02290871,0.02827158,0.002721268,-0.02290871,0.4585724,0.04582214,0.8874664,0.4585724,0.04582214,0.8874664,5.354065,5.354065,True,True,True
1593321,63779589476337,-13.58712,2.594168,-0.06645358,-0.06364831,0.8879594,0.05079656,-0.4526553,0.006061097,0.0030952,-0.02401419,0.4674072,0.0275116,0.883606,0.02827158,0.002720322,-0.02290773,0.02827158,0.002720322,-0.02290773,0.4585724,0.04605103,0.8874512,0.4585724,0.04605103,0.8874512,5.35408,5.35408,True,True,True
1593329,63779589476348,-13.58706,2.594166,-0.06638628,-0.06370983,0.8879595,0.05101612,-0.4526218,0.00622226,0.003091232,-0.02400587,0.4669495,0.02774048,0.8838348,0.02827158,0.002718552,-0.02290726,0.02827158,0.002718552,-0.02290726,0.457962,0.0464325,0.8877563,0.457962,0.0464325,0.8877563,5.353943,5.353943,True,True,True
1593338,63779589476360,-13.58704,2.594186,-0.06635571,-0.06378913,0.887968,0.05107068,-0.4525876,0.006098267,0.003092865,-0.02401178,0.4667816,0.02775574,0.8839264,0.02827158,0.002717926,-0.02290698,0.02827158,0.002717926,-0.02290698,0.4575653,0.04669189,0.8879395,0.4575653,0.04669189,0.8879395,5.34729,5.34729,True,True,True
1593346,63779589476371,-13.58708,2.594195,-0.06633037,-0.06385297,0.8879705,0.05119126,-0.4525602,0.006085068,0.003092575,-0.02401199,0.4668274,0.02781677,0.8838959,0.02827158,0.002717072,-0.02290653,0.02827158,0.002717072,-0.02290653,0.457489,0.04669189,0.88797,0.457489,0.04669189,0.88797,5.354691,5.354691,True,True,True
1593354,63779589476371,-13.58708,2.594195,-0.06633037,-0.06385297,0.8879705,0.05119126,-0.4525602,0.006133194,0.003088623,-0.02400865,0.4667969,0.02674866,0.8839569,0.02827158,0.002712067,-0.0229065,0.02827158,0.002712067,-0.0229065,0.4576569,0.04508972,0.88797,0.4576569,0.04508972,0.88797,5.353607,5.353607,True,True,True
1593363,63779589476382,-13.58702,2.594236,-0.06634212,-0.06396478,0.8879389,0.05134505,-0.4525889,0.006106202,0.003087296,-0.02400946,0.466568,0.02644348,0.884079,0.02827182,0.002709168,-0.02290604,0.02827182,0.002709168,-0.02290604,0.4577332,0.04537964,0.8879242,0.4577332,0.04537964,0.8879242,5.353851,5.353851,True,True,True
1593371,63779589476395,-13.58704,2.59427,-0.06627864,-0.06403986,0.8879256,0.0514375,-0.452594,0.006041291,0.003088288,-0.02401233,0.46698,0.026474,0.8838654,0.02827211,0.002708969,-0.02290604,0.02827211,0.002708969,-0.02290604,0.4579926,0.04553223,0.8877716,0.4579926,0.04553223,0.8877716,5.372742,5.372742,True,True,True
1593379,63779589476395,-13.58704,2.59427,-0.06627864,-0.06403986,0.8879256,0.0514375,-0.452594,0.006099167,0.003087021,-0.02400887,0.4671478,0.02659607,0.8837738,0.02827249,0.002708893,-0.02290529,0.02827249,0.002708893,-0.02290529,0.4582214,0.04560852,0.8876648,0.4582214,0.04560852,0.8876648,5.383865,5.383865,True,True,True
1593388,63779589476406,-13.58705,2.59428,-0.06624442,-0.06416043,0.8879439,0.05146589,-0.4525377,0.006126282,0.003086212,-0.02400674,0.4671326,0.02664185,0.8837738,0.02827249,0.002708313,-0.02290422,0.02827249,0.002708313,-0.02290422,0.4580536,0.0456543,0.8877411,0.4580536,0.0456543,0.8877411,5.383896,5.383896,True,True,True
1593396,63779589476417,-13.58715,2.594249,-0.06620312,-0.06431878,0.8879264,0.05145088,-0.4525513,0.006103699,0.003085571,-0.02400719,0.4672852,0.02671814,0.8836975,0.02827249,0.00270665,-0.02290309,0.02827249,0.00270665,-0.02290309,0.4580688,0.04568481,0.8877258,0.4580688,0.04568481,0.8877258,5.383972,5.383972,True,True,True
1593404,63779589476428,-13.58719,2.594241,-0.06617212,-0.06433033,0.8879506,0.05155264,-0.4524905,0.006040055,0.003085938,-0.02400961,0.4673615,0.02685547,0.8836517,0.02827268,0.002705444,-0.02290195,0.02827268,0.002705444,-0.02290195,0.45784,0.04594421,0.8878326,0.45784,0.04594421,0.8878326,5.384048,5.384048,True,True,True
1593413,63779589476428,-13.58719,2.594241,-0.06617212,-0.06433033,0.8879506,0.05155264,-0.4524905,0.006001923,0.003086273,-0.02400958,0.4675903,0.02697754,0.8835144,0.02827268,0.00270491,-0.02289914,0.02827268,0.00270491,-0.02289914,0.4578705,0.04618835,0.8878174,0.4578705,0.04618835,0.8878174,5.384277,5.384277,True,True,True
1593421,63779589476439,-13.5872,2.594218,-0.06616914,-0.06436093,0.887955,0.05148089,-0.4524858,0.005822159,0.003088638,-0.02401825,0.467804,0.02694702,0.8834076,0.02827278,0.002703293,-0.02289859,0.02827278,0.002703293,-0.02289859,0.4579163,0.04646301,0.8877716,0.4579163,0.04646301,0.8877716,5.35936,5.35936,True,True,True
1593429,63779589476450,-13.5872,2.594218,-0.0661903,-0.06436995,0.8879525,0.05149272,-0.4524881,0.005711777,0.003090256,-0.02402319,0.4681854,0.02684021,0.8832092,0.02827301,0.00270282,-0.02289757,0.02827301,0.00270282,-0.02289757,0.4581604,0.04655457,0.8876343,0.4581604,0.04655457,0.8876343,5.359695,5.359695,True,True,True
1593438,63779589476461,-13.58722,2.594212,-0.066167,-0.0646201,0.8879327,0.05137311,-0.4525049,0.005651306,0.003090225,-0.02402573,0.4687042,0.02694702,0.8829346,0.0282731,0.002701004,-0.02289676,0.0282731,0.002701004,-0.02289676,0.4590759,0.04682922,0.887146,0.4590759,0.04682922,0.887146,5.373047,5.373047,True,True,True
1593446,63779589476461,-13.58722,2.594212,-0.066167,-0.0646201,0.8879327,0.05137311,-0.4525049,0.005619629,0.003090027,-0.02402721,0.4689636,0.02716064,0.882782,0.02827318,0.002699753,-0.02289652,0.02827318,0.002699753,-0.02289652,0.4591827,0.04718018,0.8870697,0.4591827,0.04718018,0.8870697,5.381729,5.381729,True,True,True
1593454,63779589476473,-13.58729,2.594256,-0.06623477,-0.06469131,0.8878942,0.05130674,-0.4525776,0.00563971,0.003089905,-0.02402603,0.4689941,0.02696228,0.882782,0.0282733,0.002699753,-0.02289619,0.0282733,0.002699753,-0.02289619,0.459137,0.04718018,0.8871002,0.459137,0.04718018,0.8871002,5.373489,5.373489,True,True,True
1593463,63779589476483,-13.58732,2.594238,-0.06621981,-0.06463449,0.8878623,0.05129706,-0.4526495,0.005682068,0.003089188,-0.02402326,0.4694672,0.02702332,0.8825226,0.0282733,0.002699753,-0.02289502,0.0282733,0.002699753,-0.02289502,0.4594727,0.04711914,0.8869324,0.4594727,0.04711914,0.8869324,5.373535,5.373535,True,True,True
1593471,63779589476495,-13.58735,2.594201,-0.06617677,-0.06479946,0.8878598,0.05126568,-0.4526342,0.005719696,0.00308876,-0.02402107,0.4692078,0.02693176,0.8826599,0.02827347,0.002699753,-0.02289476,0.02827347,0.002699753,-0.02289476,0.4595184,0.04740906,0.8868866,0.4595184,0.04740906,0.8868866,5.365982,5.365982,True,True,True
1593479,63779589476495,-13.58736,2.594176,-0.06608248,-0.06483463,0.8878148,0.0512297,-0.4527217,0.005761368,0.003088089,-0.02401881,0.4693298,0.02676392,0.8825989,0.02827385,0.002699753,-0.02289446,0.02827385,0.002699753,-0.02289446,0.4596252,0.04708862,0.8868561,0.4596252,0.04708862,0.8868561,5.365814,5.365814,True,True,True
1593488,63779589476505,-13.58736,2.594176,-0.06608248,-0.06483463,0.8878148,0.0512297,-0.4527217,0.005809998,0.003087418,-0.02401622,0.4695435,0.02864075,0.882431,0.02827437,0.002699753,-0.02289408,0.02827437,0.002699753,-0.02289408,0.4597473,0.04977417,0.8866425,0.4597473,0.04977417,0.8866425,5.367722,5.367722,True,True,True
1593496,63779589476517,-13.58741,2.594177,-0.06606609,-0.06490025,0.887789,0.05129523,-0.4527555,0.005819351,0.003087342,-0.0240156,0.4695282,0.02914429,0.8824158,0.02827452,0.002699753,-0.02289378,0.02827452,0.002699753,-0.02289378,0.4597931,0.05062866,0.8865662,0.4597931,0.05062866,0.8865662,5.36853,5.36853,True,True,True
1593504,63779589476528,-13.58751,2.594166,-0.06597692,-0.06510655,0.8877087,0.05140587,-0.4528707,0.005839234,0.003087067,-0.02401464,0.4692688,0.02929688,0.8825684,0.02827458,0.002699753,-0.02289356,0.02827458,0.002699753,-0.02289356,0.4593506,0.05079651,0.886795,0.4593506,0.05079651,0.886795,5.363983,5.363983,True,True,True
1593513,63779589476528,-13.58751,2.594166,-0.06597692,-0.06510655,0.8877087,0.05140587,-0.4528707,0.005862412,0.003087082,-0.02401344,0.4691925,0.02932739,0.8825989,0.02827568,0.002700363,-0.0228934,0.02827568,0.002700363,-0.0228934,0.460083,0.05091858,0.8863983,0.460083,0.05091858,0.8863983,5.368851,5.368851,True,True,True
1593521,63779589476539,-13.58754,2.594181,-0.0659467,-0.06522884,0.8876269,0.05139185,-0.453015,0.006123871,0.003083084,-0.02400003,0.4691315,0.02932739,0.8826294,0.02827628,0.002701141,-0.02289279,0.02827628,0.002701141,-0.02289279,0.4601898,0.0509491,0.8863525,0.4601898,0.0509491,0.8863525,5.364517,5.364517,True,True,True
1593529,63779589476550,-13.58763,2.594084,-0.06593466,-0.06549694,0.8875423,0.05146433,-0.4531338,0.005887802,0.003087906,-0.02401184,0.4687042,0.03007507,0.8828278,0.0282771,0.002702286,-0.02289272,0.0282771,0.002702286,-0.02289272,0.4603577,0.05270386,0.8861542,0.4603577,0.05270386,0.8861542,5.362137,5.362137,True,True,True
1593537,63779589476562,-13.58765,2.594069,-0.06592387,-0.06578877,0.8874969,0.05137892,-0.4531901,0.005889328,0.003088349,-0.0240118,0.4681854,0.03018188,0.8831024,0.02827757,0.002702942,-0.02289272,0.02827757,0.002702942,-0.02289272,0.4604187,0.05296326,0.8861084,0.4604187,0.05296326,0.8861084,5.35733,5.35733,True,True,True
1593546,63779589476562,-13.58765,2.594069,-0.06592387,-0.06578877,0.8874969,0.05137892,-0.4531901,0.005914078,0.003089432,-0.02401038,0.4681396,0.0297699,0.8831329,0.02827979,0.002705292,-0.02289256,0.02827979,0.002705292,-0.02289256,0.4606018,0.05192566,0.8860779,0.4606018,0.05192566,0.8860779,5.361618,5.361618,True,True,True
1593554,63779589476573,-13.58768,2.594078,-0.06592321,-0.0658778,0.8874565,0.05123168,-0.453273,0.005913605,0.003090332,-0.02400984,0.4682617,0.02938843,0.8830872,0.02828052,0.002706421,-0.02289171,0.02828052,0.002706421,-0.02289171,0.4607086,0.05131531,0.8860626,0.4607086,0.05131531,0.8860626,5.36145,5.36145,True,True,True
1593562,63779589476583,-13.58767,2.593994,-0.06593609,-0.06596144,0.8874817,0.05113257,-0.4532227,0.005924546,0.003090408,-0.02400925,0.467392,0.02981567,0.8835297,0.02828186,0.002706619,-0.02289171,0.02828186,0.002706619,-0.02289171,0.4591217,0.05110168,0.8868866,0.4591217,0.05110168,0.8868866,5.360092,5.360092,True,True,True
1593571,63779589476594,-13.58769,2.593995,-0.06594527,-0.06586131,0.8874485,0.05093676,-0.4533243,0.006007157,0.003089112,-0.02400464,0.4674683,0.02928162,0.8835144,0.02828415,0.002706619,-0.02289159,0.02828415,0.002706619,-0.02289159,0.4592743,0.05111694,0.8868103,0.4592743,0.05111694,0.8868103,5.360321,5.360321,True,True,True
1593579,63779589476594,-13.58769,2.593995,-0.06594527,-0.06586131,0.8874485,0.05093676,-0.4533243,0.005906662,0.003091034,-0.02400926,0.467804,0.02914429,0.8833466,0.02828572,0.002706619,-0.02289118,0.02828572,0.002706619,-0.02289118,0.4596863,0.0511322,0.8865967,0.4596863,0.0511322,0.8865967,5.360779,5.360779,True,True,True
1593587,63779589476606,-13.58771,2.593938,-0.06595951,-0.06570432,0.8874931,0.05076703,-0.4532789,0.006062164,0.003088471,-0.02399999,0.4680176,0.02812195,0.8832703,0.02828688,0.002706619,-0.02289084,0.02828688,0.002706619,-0.02289084,0.4600677,0.04934692,0.8865051,0.4600677,0.04934692,0.8865051,5.367966,5.367966,True,True,True
1593596,63779589476617,-13.58773,2.59393,-0.06598139,-0.06576999,0.8875046,0.05053059,-0.4532732,0.006172928,0.00308728,-0.02399353,0.4683685,0.02967834,0.8830261,0.02829031,0.002707337,-0.02289078,0.02829031,0.002707337,-0.02289078,0.4605713,0.05097961,0.8861389,0.4605713,0.05097961,0.8861389,5.361404,5.361404,True,True,True
1593604,63779589476628,-13.58771,2.593915,-0.0660705,-0.06578861,0.8875224,0.05044932,-0.4532446,0.006269531,0.003086701,-0.02398877,0.4682312,0.02957153,0.8831024,0.02829265,0.002708039,-0.02289078,0.02829265,0.002708039,-0.02289078,0.4606171,0.05076599,0.8861389,0.4606171,0.05076599,0.8861389,5.361252,5.361252,True,True,True
1593612,63779589476628,-13.58771,2.593915,-0.0660705,-0.06578861,0.8875224,0.05044932,-0.4532446,0.006330857,0.003085968,-0.02398566,0.468399,0.02903748,0.8830261,0.02829341,0.002708039,-0.02289061,0.02829341,0.002708039,-0.02289061,0.4607544,0.04919434,0.8861542,0.4607544,0.04919434,0.8861542,5.354935,5.354935,True,True,True
1593621,63779589476639,-13.58771,2.593862,-0.06612009,-0.06579179,0.8875363,0.05031936,-0.4532315,0.006333557,0.003086029,-0.02398431,0.4682922,0.02946472,0.8830719,0.02829508,0.002708039,-0.02288864,0.02829508,0.002708039,-0.02288864,0.460556,0.05058289,0.8861847,0.460556,0.05058289,0.8861847,5.355682,5.355682,True,True,True
1593629,63779589476650,-13.58773,2.593828,-0.06616086,-0.06584559,0.8875274,0.05023455,-0.4532505,0.006273483,0.003086929,-0.02398644,0.4682617,0.02835083,0.8831177,0.02829521,0.002707337,-0.02288733,0.02829521,0.002707337,-0.02288733,0.4602814,0.04907227,0.8863983,0.4602814,0.04907227,0.8863983,5.362885,5.362885,True,True,True
1593637,63779589476662,-13.58781,2.593816,-0.06622696,-0.06588969,0.8875237,0.05012067,-0.4532641,0.006174042,0.003088349,-0.02399139,0.4685059,0.0294342,0.8829498,0.0282968,0.002706619,-0.02288733,0.0282968,0.002706619,-0.02288733,0.4605103,0.05093384,0.8861847,0.4605103,0.05093384,0.8861847,5.364365,5.364365,True,True,True
1593646,63779589476662,-13.58781,2.593816,-0.06622696,-0.06588969,0.8875237,0.05012067,-0.4532641,0.006170822,0.00308841,-0.02399074,0.4687958,0.02885437,0.8828278,0.02829794,0.002706589,-0.02288599,0.02829794,0.002706589,-0.02288599,0.4609528,0.05000305,0.8860016,0.4609528,0.05000305,0.8860016,5.377426,5.377426,True,True,True
1593654,63779589476672,-13.58783,2.593792,-0.06624979,-0.06578042,0.8875592,0.0499251,-0.4532319,0.006200302,0.003087936,-0.02398891,0.469162,0.02937317,0.8826141,0.02829816,0.002706345,-0.02288536,0.02829816,0.002706345,-0.02288536,0.4610596,0.05006409,0.8859406,0.4610596,0.05006409,0.8859406,5.381897,5.381897,True,True,True
1593662,63779589476684,-13.58777,2.593753,-0.06624532,-0.06568047,0.8875789,0.04969302,-0.4532332,0.006225434,0.003087372,-0.02398718,0.4688873,0.02937317,0.8827515,0.02829993,0.002705826,-0.02288452,0.02829993,0.002705826,-0.02288452,0.4605865,0.05012512,0.8861847,0.4605865,0.05012512,0.8861847,5.382523,5.382523,True,True,True
1593671,63779589476695,-13.5878,2.593709,-0.06618947,-0.06566891,0.8875904,0.04948475,-0.4532353,0.005717926,0.003094788,-0.02401088,0.473999,0.03018188,0.8800049,0.02833133,0.002703034,-0.02288016,0.02833133,0.002703034,-0.02288016,0.4684906,0.05226135,0.8819122,0.4684906,0.05226135,0.8819122,5.390976,5.390976,True,True,True
1593679,63779589476695,-13.58782,2.593681,-0.06621635,-0.06565638,0.8875919,0.04918676,-0.4532665,0.005670166,0.003095642,-0.02401338,0.4743805,0.03074646,0.879776,0.02833359,0.002703034,-0.02288014,0.02833359,0.002703034,-0.02288014,0.4690704,0.05326843,0.881546,0.4690704,0.05326843,0.881546,5.392303,5.392303,True,True,True
1593687,63779589476706,-13.58782,2.593681,-0.06621635,-0.06565638,0.8875919,0.04918676,-0.4532665,0.005609299,0.003096741,-0.02401514,0.4745941,0.03135681,0.8796387,0.02833415,0.002703034,-0.02287795,0.02833415,0.002703034,-0.02287795,0.469223,0.05334473,0.8814545,0.469223,0.05334473,0.8814545,5.392624,5.392624,True,True,True
1593696,63779589476717,-13.58791,2.593604,-0.06619442,-0.06558602,0.8876449,0.04886577,-0.4532077,0.005555863,0.003097611,-0.02401743,0.4746857,0.03323364,0.8795166,0.0283346,0.002703034,-0.02287704,0.0283346,0.002703034,-0.02287704,0.4693451,0.05648804,0.8811951,0.4693451,0.05648804,0.8811951,5.394806,5.394806,True,True,True
1593704,63779589476728,-13.58793,2.59357,-0.06619751,-0.06555043,0.887692,0.0484858,-0.4531614,0.005543442,0.003097672,-0.02401792,0.4749451,0.0333252,0.8793793,0.02833519,0.002703034,-0.02287633,0.02833519,0.002703034,-0.02287633,0.4694977,0.05644226,0.8811188,0.4694977,0.05644226,0.8811188,5.395432,5.395432,True,True,True
1593712,63779589476728,-13.58793,2.59357,-0.06619751,-0.06555043,0.887692,0.0484858,-0.4531614,0.005579544,0.003096878,-0.02401586,0.4744568,0.03361511,0.8796234,0.02833576,0.002703034,-0.02287561,0.02833576,0.002703034,-0.02287561,0.468689,0.05677795,0.8815308,0.468689,0.05677795,0.8815308,5.394958,5.394958,True,True,True
1593721,63779589476739,-13.58795,2.593513,-0.06621915,-0.06559018,0.8877289,0.04817449,-0.4531166,0.005639039,0.003095856,-0.02401219,0.4751129,0.03337097,0.8792725,0.02833615,0.002703034,-0.02287445,0.02833615,0.002703034,-0.02287445,0.4697876,0.05639648,0.8809662,0.4697876,0.05639648,0.8809662,5.398499,5.398499,True,True,True
1593729,63779589476750,-13.58798,2.593492,-0.06622928,-0.06551364,0.887783,0.04794367,-0.4530462,0.005694748,0.003094895,-0.02400919,0.4756927,0.0337677,0.878952,0.02833633,0.002703034,-0.02287354,0.02833633,0.002703034,-0.02287354,0.4698792,0.05680847,0.8808899,0.4698792,0.05680847,0.8808899,5.401978,5.401978,True,True,True
1593737,63779589476761,-13.58794,2.59346,-0.06626183,-0.06547053,0.8878495,0.04779829,-0.4529375,0.005781678,0.003094299,-0.02400499,0.4757538,0.0342865,0.8789063,0.02833637,0.002704514,-0.02287343,0.02833637,0.002704514,-0.02287343,0.4691467,0.05792236,0.8812103,0.4691467,0.05792236,0.8812103,5.405624,5.405624,True,True,True
1593746,63779589476761,-13.58794,2.59346,-0.06626183,-0.06547053,0.8878495,0.04779829,-0.4529375,0.005887452,0.003093125,-0.02400041,0.476181,0.03405762,0.8786774,0.02833637,0.002705582,-0.02287335,0.02833637,0.002705582,-0.02287335,0.4699402,0.05679321,0.8808594,0.4699402,0.05679321,0.8808594,5.406815,5.406815,True,True,True
1593754,63779589476773,-13.58801,2.593453,-0.06630921,-0.06550254,0.8879081,0.04766617,-0.4528317,0.006098954,0.0030905,-0.02398996,0.4761353,0.0345459,0.8786774,0.02833637,0.002707245,-0.02287322,0.02833637,0.002707245,-0.02287322,0.4699249,0.05718994,0.8808441,0.4699249,0.05718994,0.8808441,5.407135,5.407135,True,True,True
1593762,63779589476785,-13.58804,2.593429,-0.06635296,-0.06550594,0.8878989,0.04747339,-0.4528696,0.006150177,0.003089752,-0.02398778,0.4756775,0.03572083,0.8788757,0.02833637,0.002708344,-0.02287308,0.02833637,0.002708344,-0.02287308,0.4691925,0.05923462,0.8811035,0.4691925,0.05923462,0.8811035,5.409988,5.409988,True,True,True
1593771,63779589476796,-13.58804,2.59338,-0.06634873,-0.06563743,0.8879498,0.0474266,-0.4527557,0.006204041,0.003089615,-0.02398407,0.475647,0.03549194,0.8789063,0.02833637,0.002709992,-0.02287129,0.02833637,0.002709992,-0.02287129,0.4691925,0.05867004,0.881134,0.4691925,0.05867004,0.881134,5.4095,5.4095,True,True,True
1593779,63779589476796,-13.58804,2.59338,-0.06634873,-0.06563743,0.8879498,0.0474266,-0.4527557,0.006246582,0.003089798,-0.02398212,0.4755096,0.0352478,0.8789978,0.02833635,0.002711579,-0.02287113,0.02833635,0.002711579,-0.02287113,0.4689941,0.05818176,0.8812714,0.4689941,0.05818176,0.8812714,5.408875,5.408875,True,True,True
1593787,63779589476807,-13.58806,2.593342,-0.06638592,-0.06571702,0.8879327,0.04735988,-0.4527846,0.006188919,0.003091522,-0.02398589,0.476059,0.03636169,0.8786469,0.02833635,0.002712937,-0.0228711,0.02833635,0.002712937,-0.0228711,0.4692078,0.05950928,0.881073,0.4692078,0.05950928,0.881073,5.411545,5.411545,True,True,True
1593796,63779589476818,-13.5881,2.59329,-0.06631368,-0.06578807,0.8879426,0.0473538,-0.4527556,0.006194321,0.003091644,-0.02398604,0.47612,0.03637695,0.8786163,0.02833635,0.002713623,-0.02287041,0.02833635,0.002713623,-0.02287041,0.4693451,0.05940247,0.8809967,0.4693451,0.05940247,0.8809967,5.42453,5.42453,True,True,True
1593804,63779589476829,-13.58813,2.593263,-0.06634909,-0.06588361,0.887899,0.04723318,-0.4528396,0.006201767,0.003092377,-0.02398526,0.4759979,0.0358429,0.8786926,0.02833633,0.002715225,-0.02286885,0.02833633,0.002715225,-0.02286885,0.4692078,0.05873108,0.8811188,0.4692078,0.05873108,0.8811188,5.41095,5.41095,True,True,True
1593812,63779589476829,-13.58813,2.593263,-0.06634909,-0.06588361,0.887899,0.04723318,-0.4528396,0.006241028,0.003092941,-0.02398351,0.4763184,0.03463745,0.8785706,0.02833539,0.002717224,-0.02286882,0.02833539,0.002717224,-0.02286882,0.4691162,0.05662537,0.8813171,0.4691162,0.05662537,0.8813171,5.422134,5.422134,True,True,True
1593821,63779589476840,-13.58815,2.593289,-0.06634808,-0.0658819,0.8878267,0.04727619,-0.4529771,0.006284729,0.003092285,-0.02398096,0.4765778,0.03343201,0.8784943,0.02833513,0.002717392,-0.02286812,0.02833513,0.002717392,-0.02286812,0.4690704,0.05476379,0.8814392,0.4690704,0.05476379,0.8814392,5.423248,5.423248,True,True,True
1593829,63779589476851,-13.58806,2.59326,-0.06629914,-0.06584062,0.8877785,0.04732679,-0.4530724,0.006228058,0.003093933,-0.02398369,0.4767151,0.03256226,0.8784485,0.02833405,0.002718536,-0.02286772,0.02833405,0.002718536,-0.02286772,0.4692841,0.05455017,0.8813477,0.4692841,0.05455017,0.8813477,5.433701,5.433701,True,True,True
1593837,63779589476863,-13.58807,2.59329,-0.06625956,-0.06591462,0.8877298,0.04727796,-0.453162,0.006186112,0.00309491,-0.02398537,0.47612,0.03437805,0.8786926,0.02833269,0.002718964,-0.02286684,0.02833269,0.002718964,-0.02286684,0.4689941,0.05770874,0.8813019,0.4689941,0.05770874,0.8813019,5.438553,5.438553,True,True,True
1593846,63779589476863,-13.58807,2.59329,-0.06625956,-0.06591462,0.8877298,0.04727796,-0.453162,0.006166764,0.003095703,-0.02398656,0.4759064,0.03555298,0.8787689,0.02833162,0.002719757,-0.0228662,0.02833162,0.002719757,-0.0228662,0.4687042,0.05957031,0.8813324,0.4687042,0.05957031,0.8813324,5.439423,5.439423,True,True,True
1593854,63779589476874,-13.58801,2.593248,-0.06613886,-0.06600712,0.8876502,0.04736006,-0.4532959,0.006097946,0.003097061,-0.0239897,0.4760437,0.03543091,0.8786926,0.02833023,0.002720093,-0.02286519,0.02833023,0.002720093,-0.02286519,0.4689941,0.05944824,0.8811951,0.4689941,0.05944824,0.8811951,5.436859,5.436859,True,True,True
1593862,63779589476885,-13.58805,2.593239,-0.06610096,-0.06606416,0.8876183,0.04728587,-0.4533578,0.005965027,0.0030999,-0.02399559,0.475174,0.03501892,0.8791809,0.02832866,0.002721085,-0.02286397,0.02832866,0.002721085,-0.02286397,0.4685974,0.05906677,0.881424,0.4685974,0.05906677,0.881424,5.436264,5.436264,True,True,True
1593871,63779589476895,-13.58805,2.593228,-0.06610239,-0.06604011,0.8875656,0.04728263,-0.4534648,0.005977539,0.003099533,-0.02399403,0.4750366,0.03541565,0.8792419,0.02832866,0.002721222,-0.02286232,0.02832866,0.002721222,-0.02286232,0.4684753,0.05961609,0.8814545,0.4684753,0.05961609,0.8814545,5.424118,5.424118,True,True,True
1593879,63779589476906,-13.58803,2.593202,-0.06605875,-0.06603804,0.8875521,0.0473245,-0.4534872,0.005855698,0.003102204,-0.02400008,0.4754028,0.03507996,0.8790588,0.02832866,0.002721741,-0.02286206,0.02832866,0.002721741,-0.02286206,0.4684753,0.05943298,0.8814545,0.4684753,0.05943298,0.8814545,5.423889,5.423889,True,True,True
1593887,63779589476906,-13.58803,2.593202,-0.06605875,-0.06603804,0.8875521,0.0473245,-0.4534872,0.00588533,0.003102005,-0.02399828,0.4756927,0.03529358,0.878891,0.02832866,0.002722229,-0.02286148,0.02832866,0.002722229,-0.02286148,0.4691162,0.0592804,0.881134,0.4691162,0.0592804,0.881134,5.424316,5.424316,True,True,True
1593896,63779589476918,-13.58802,2.593225,-0.06603765,-0.06606156,0.8875154,0.04741957,-0.4535458,0.005879059,0.003102219,-0.02399869,0.4753113,0.03794861,0.8789825,0.02832866,0.002722427,-0.02286148,0.02832866,0.002722427,-0.02286148,0.469101,0.06359863,0.8808441,0.469101,0.06359863,0.8808441,5.427795,5.427795,True,True,True
1593904,63779589476929,-13.58799,2.593221,-0.06608468,-0.06606424,0.8874728,0.04742409,-0.4536282,0.005866242,0.003102905,-0.02399933,0.4756317,0.03855896,0.8787842,0.02832829,0.002723206,-0.02286148,0.02832829,0.002723206,-0.02286148,0.4711456,0.06478882,0.8796539,0.4711456,0.06478882,0.8796539,5.43013,5.43013,True,True,True
1593912,63779589476929,-13.58799,2.593221,-0.06608468,-0.06606424,0.8874728,0.04742409,-0.4536282,0.005855561,0.003103653,-0.02399986,0.4755249,0.03967285,0.8787994,0.02832829,0.002724121,-0.02286148,0.02832829,0.002724121,-0.02286148,0.4711151,0.06674194,0.8795319,0.4711151,0.06674194,0.8795319,5.430191,5.430191,True,True,True
1593921,63779589476940,-13.58799,2.593225,-0.06607455,-0.06624033,0.8874795,0.04749307,-0.4535821,0.005869828,0.003103455,-0.02399913,0.4754486,0.03971863,0.87883,0.02832829,0.002724197,-0.02286148,0.02832829,0.002724197,-0.02286148,0.4710388,0.06671143,0.8795776,0.4710388,0.06671143,0.8795776,5.430069,5.430069,True,True,True
1593929,63779589476951,-13.588,2.593253,-0.06613195,-0.06623586,0.8874469,0.04755142,-0.4536404,0.005877945,0.003103928,-0.0239988,0.4754791,0.04019165,0.8787994,0.0283286,0.002725205,-0.02286148,0.0283286,0.002725205,-0.02286148,0.4711151,0.06747437,0.8794708,0.4711151,0.06747437,0.8794708,5.430664,5.430664,True,True,True
1593937,63779589476962,-13.58801,2.593262,-0.0661847,-0.06632508,0.8874464,0.047629,-0.4536204,0.005946366,0.003102692,-0.0239957,0.4754791,0.04060364,0.8787842,0.02832866,0.00272554,-0.02286206,0.02832866,0.00272554,-0.02286206,0.4711151,0.06800842,0.879425,0.4711151,0.06800842,0.879425,5.430771,5.430771,True,True,True
1593946,63779589476973,-13.58799,2.593294,-0.06618792,-0.06642883,0.8874708,0.04770358,-0.4535494,0.005981537,0.003102219,-0.023994,0.4750519,0.04064941,0.8790131,0.02832877,0.002725845,-0.02286232,0.02832877,0.002725845,-0.02286232,0.4712219,0.06794739,0.8793793,0.4712219,0.06794739,0.8793793,5.430832,5.430832,True,True,True
1593954,63779589476973,-13.58799,2.593294,-0.06618792,-0.06642883,0.8874708,0.04770358,-0.4535494,0.005949387,0.003102371,-0.0239966,0.4750214,0.04074097,0.8790131,0.028329,0.002725922,-0.02286391,0.028329,0.002725922,-0.02286391,0.4712677,0.06802368,0.8793488,0.4712677,0.06802368,0.8793488,5.430176,5.430176,True,True,True
1593962,63779589476984,-13.58795,2.593271,-0.06621933,-0.06659847,0.8874729,0.04777449,-0.4535131,0.005889039,0.003104553,-0.02400055,0.4750519,0.04083252,0.8789978,0.02832929,0.002728684,-0.02286533,0.02832929,0.002728684,-0.02286533,0.4713135,0.06738281,0.8793793,0.4713135,0.06738281,0.8793793,5.429825,5.429825,True,True,True
1593971,63779589476995,-13.58796,2.593314,-0.06621099,-0.06667545,0.8875682,0.04774788,-0.4533181,0.006292557,0.003098007,-0.02398012,0.4749146,0.04127502,0.8790436,0.02832932,0.002729019,-0.02286533,0.02832932,0.002729019,-0.02286533,0.4713287,0.06733704,0.879364,0.4713287,0.06733704,0.879364,5.430313,5.430313,True,True,True
1593979,63779589476995,-13.58796,2.593314,-0.06621099,-0.06667545,0.8875682,0.04774788,-0.4533181,0.006378449,0.003096573,-0.02397577,0.4753571,0.04138184,0.8788147,0.02832932,0.002729035,-0.02286533,0.02832932,0.002729035,-0.02286533,0.4718933,0.06730652,0.8790741,0.4718933,0.06730652,0.8790741,5.430954,5.430954,True,True,True
1593987,63779589477006,-13.58795,2.593315,-0.06623346,-0.06679789,0.887589,0.04784394,-0.4532493,0.006371979,0.003096802,-0.0239762,0.4754333,0.04109192,0.8787689,0.02832932,0.002729233,-0.02286533,0.02832932,0.002729233,-0.02286533,0.4719086,0.06573486,0.8791809,0.4719086,0.06573486,0.8791809,5.431747,5.431747,True,True,True
1593996,63779589477018,-13.58793,2.593293,-0.06627017,-0.06686588,0.8876124,0.04785685,-0.453192,0.006268845,0.003098587,-0.02398148,0.4758301,0.04161072,0.87854,0.02832932,0.002729309,-0.02286533,0.02832932,0.002729309,-0.02286533,0.4720612,0.06573486,0.8791046,0.4720612,0.06573486,0.8791046,5.445801,5.445801,True,True,True
1594004,63779589477028,-13.58796,2.593315,-0.06628883,-0.06691483,0.8876569,0.04784501,-0.4530988,0.006209488,0.003099579,-0.02398448,0.4758606,0.04153442,0.8785248,0.02832929,0.002729324,-0.02286533,0.02832929,0.002729324,-0.02286533,0.4721222,0.06536865,0.8791046,0.4721222,0.06536865,0.8791046,5.446014,5.446014,True,True,True
1594012,63779589477039,-13.58797,2.59331,-0.06629044,-0.06704648,0.8877138,0.04783858,-0.4529684,0.006184418,0.00310025,-0.02398573,0.4762421,0.04147339,0.8783264,0.02832898,0.002729752,-0.02286533,0.02832898,0.002729752,-0.02286533,0.4727325,0.06530762,0.8787689,0.4727325,0.06530762,0.8787689,5.446304,5.446304,True,True,True
1594021,63779589477039,-13.58797,2.59331,-0.06629044,-0.06704648,0.8877138,0.04783858,-0.4529684,0.006233918,0.003099655,-0.02398323,0.4764099,0.0411377,0.8782501,0.02832897,0.002730103,-0.02286533,0.02832897,0.002730103,-0.02286533,0.4727478,0.06463623,0.8788147,0.4727478,0.06463623,0.8788147,5.447113,5.447113,True,True,True
1594029,63779589477051,-13.5879,2.593292,-0.0663262,-0.06714075,0.8877515,0.04788835,-0.4528754,0.00625116,0.003100495,-0.02398198,0.476532,0.03999329,0.8782349,0.02832897,0.002730728,-0.02286469,0.02832897,0.002730728,-0.02286469,0.4729004,0.06333923,0.87883,0.4729004,0.06333923,0.87883,5.459793,5.459793,True,True,True
1594037,63779589477062,-13.58788,2.593301,-0.06633013,-0.06726686,0.8878177,0.04802714,-0.4527122,0.006161057,0.003102524,-0.02398628,0.4766541,0.03997803,0.8781738,0.02832877,0.002730927,-0.02286421,0.02832877,0.002730927,-0.02286421,0.4728546,0.06323242,0.8788605,0.4728546,0.06323242,0.8788605,5.459686,5.459686,True,True,True
1594046,63779589477073,-13.5879,2.593356,-0.06635988,-0.06736451,0.8878714,0.0479717,-0.4525983,0.006174454,0.003103684,-0.02398486,0.4777985,0.03924561,0.8775787,0.02832877,0.002731461,-0.02286205,0.02832877,0.002731461,-0.02286205,0.4729156,0.06199646,0.8789063,0.4729156,0.06199646,0.8789063,5.463211,5.463211,True,True,True
1594054,63779589477073,-13.5879,2.593356,-0.06635988,-0.06736451,0.8878714,0.0479717,-0.4525983,0.006190018,0.003104843,-0.02398436,0.4781647,0.03779602,0.8774414,0.02832762,0.002731735,-0.02286125,0.02832762,0.002731735,-0.02286125,0.4728088,0.05992126,0.8791046,0.4728088,0.05992126,0.8791046,5.461838,5.461838,True,True,True
1594062,63779589477085,-13.58788,2.593338,-0.06635714,-0.06736407,0.8879711,0.04794547,-0.4524055,0.005952606,0.003110367,-0.02399559,0.4781342,0.03752136,0.8774719,0.02832691,0.002732788,-0.02285982,0.02832691,0.002732788,-0.02285982,0.4727325,0.05949402,0.8791809,0.4727325,0.05949402,0.8791809,5.461426,5.461426,True,True,True
1594071,63779589477095,-13.58786,2.593348,-0.06640983,-0.06730453,0.8880255,0.04791292,-0.4523111,0.005934098,0.003112747,-0.02399619,0.4779968,0.03648376,0.877594,0.02832581,0.002735123,-0.02285924,0.02832581,0.002735123,-0.02285924,0.4724121,0.05880737,0.8794098,0.4724121,0.05880737,0.8794098,5.456131,5.456131,True,True,True
1594079,63779589477095,-13.58786,2.593348,-0.06640983,-0.06730453,0.8880255,0.04791292,-0.4523111,0.006152451,0.003109665,-0.02398407,0.4777832,0.0381012,0.8776398,0.02832443,0.002735626,-0.02285757,0.02832443,0.002735626,-0.02285757,0.4722748,0.06047058,0.879364,0.4722748,0.06047058,0.879364,5.457291,5.457291,True,True,True
1594087,63779589477106,-13.58785,2.593329,-0.06644511,-0.06732433,0.8880793,0.04785533,-0.4522084,0.006250198,0.003109055,-0.02397785,0.4773407,0.03677368,0.8779297,0.02832192,0.002735657,-0.02285504,0.02832192,0.002735657,-0.02285504,0.4717255,0.05833435,0.8798065,0.4717255,0.05833435,0.8798065,5.459702,5.459702,True,True,True
1594096,63779589477117,-13.58784,2.593326,-0.06648374,-0.0672127,0.8881502,0.04777915,-0.452094,0.006198258,0.003110428,-0.02397997,0.4780731,0.03622437,0.8775635,0.02832147,0.002735825,-0.02285405,0.02832147,0.002735825,-0.02285405,0.4723663,0.05763245,0.8795013,0.4723663,0.05763245,0.8795013,5.459946,5.459946,True,True,True
1594104,63779589477129,-13.58776,2.593288,-0.06654638,-0.06708825,0.8882344,0.04767391,-0.4519581,0.006171708,0.003112473,-0.02398201,0.4783173,0.03588867,0.8774414,0.02832016,0.002736206,-0.02285227,0.02832016,0.002736206,-0.02285227,0.4720764,0.05741882,0.8796692,0.4720764,0.05741882,0.8796692,5.463562,5.463562,True,True,True
1594112,63779589477129,-13.58776,2.593288,-0.06654638,-0.06708825,0.8882344,0.04767391,-0.4519581,0.005847611,0.003118607,-0.02399796,0.4782562,0.03465271,0.877533,0.02831915,0.002736328,-0.02284995,0.02831915,0.002736328,-0.02284995,0.4718475,0.05581665,0.8798981,0.4718475,0.05581665,0.8798981,5.462448,5.462448,True,True,True
1594121,63779589477140,-13.58771,2.593312,-0.06655747,-0.06709958,0.8883006,0.04760838,-0.4518333,0.006071213,0.003115616,-0.02398615,0.4785614,0.03469849,0.8773499,0.02831732,0.002736466,-0.02284889,0.02831732,0.002736466,-0.02284889,0.471405,0.05566406,0.8801575,0.471405,0.05566406,0.8801575,5.461884,5.461884,True,True,True
1594129,63779589477151,-13.58768,2.593317,-0.06664634,-0.06706826,0.888336,0.04751713,-0.4517777,0.006089798,0.003115738,-0.02398512,0.4781494,0.03439331,0.877594,0.0283147,0.00273674,-0.02284871,0.0283147,0.00273674,-0.02284871,0.4707489,0.05548096,0.8805084,0.4707489,0.05548096,0.8805084,5.461212,5.461212,True,True,True
1594137,63779589477162,-13.58776,2.593296,-0.06668276,-0.06699583,0.8884183,0.04734112,-0.4516451,0.006049454,0.003116684,-0.02398676,0.4781189,0.03262329,0.8776703,0.02831444,0.002737152,-0.02284743,0.02831444,0.002737152,-0.02284743,0.4707031,0.05436707,0.8806,0.4707031,0.05436707,0.8806,5.448288,5.448288,True,True,True
1594146,63779589477162,-13.58776,2.593296,-0.06668276,-0.06699583,0.8884183,0.04734112,-0.4516451,0.006177842,0.003114517,-0.02397934,0.4779663,0.03269958,0.8777618,0.02831244,0.002737213,-0.0228458,0.02831244,0.002737213,-0.0228458,0.4705505,0.05429077,0.8806915,0.4705505,0.05429077,0.8806915,5.460312,5.460312,True,True,True
1594154,63779589477173,-13.58775,2.593262,-0.06675309,-0.06685432,0.8884403,0.04731174,-0.4516257,0.006184036,0.003114517,-0.02397987,0.478653,0.03282166,0.8773804,0.02831154,0.002737427,-0.02284541,0.02831154,0.002737427,-0.02284541,0.4703522,0.05419922,0.8807983,0.4703522,0.05419922,0.8807983,5.462921,5.462921,True,True,True
1594162,63779589477184,-13.58768,2.593237,-0.06678051,-0.06677438,0.8885239,0.04729701,-0.4514747,0.006128891,0.003115448,-0.02398325,0.4785919,0.03218079,0.8774414,0.02830879,0.002737457,-0.02284427,0.02830879,0.002737457,-0.02284427,0.470459,0.05317688,0.8808136,0.470459,0.05317688,0.8808136,5.491882,5.491882,True,True,True
1594171,63779589477196,-13.58769,2.593226,-0.06686538,-0.06668382,0.888501,0.04745093,-0.451517,0.006081909,0.003116501,-0.02398415,0.4778137,0.03242493,0.8778534,0.02830777,0.002737915,-0.02284145,0.02830777,0.002737915,-0.02284145,0.4700623,0.05377197,0.8809814,0.4700623,0.05377197,0.8809814,5.462173,5.462173,True,True,True
1594179,63779589477196,-13.58769,2.593226,-0.06686538,-0.06668382,0.888501,0.04745093,-0.451517,0.006099335,0.003116715,-0.02398251,0.477829,0.03161621,0.8778687,0.02830519,0.00273877,-0.02283919,0.02830519,0.00273877,-0.02283919,0.470047,0.05227661,0.881073,0.470047,0.05227661,0.881073,5.461044,5.461044,True,True,True
1594187,63779589477206,-13.58772,2.593322,-0.06690252,-0.06673115,0.88846,0.04767099,-0.4515675,0.0061129,0.00311673,-0.0239819,0.4780273,0.03163147,0.8777618,0.0283047,0.002739212,-0.02283862,0.0283047,0.002739212,-0.02283862,0.4705811,0.05229187,0.8807983,0.4705811,0.05229187,0.8807983,5.47229,5.47229,True,True,True
1594196,63779589477218,-13.58768,2.5933,-0.06692243,-0.06676226,0.888383,0.04783846,-0.4516965,0.006081848,0.003117218,-0.02398244,0.4781647,0.03160095,0.8776855,0.02830109,0.002739212,-0.02283667,0.02830109,0.002739212,-0.02283667,0.4699402,0.05213928,0.8811493,0.4699402,0.05213928,0.8811493,5.495438,5.495438,True,True,True
1594204,63779589477229,-13.58768,2.593267,-0.06693578,-0.06689145,0.8882979,0.04798266,-0.4518299,0.006013062,0.003118393,-0.02398509,0.4781189,0.03128052,0.8777313,0.02830074,0.002739273,-0.02283504,0.02830074,0.002739273,-0.02283504,0.4698792,0.05168152,0.8811951,0.4698792,0.05168152,0.8811951,5.497314,5.497314,True,True,True
1594212,63779589477229,-13.58768,2.593267,-0.06693578,-0.06689145,0.8882979,0.04798266,-0.4518299,0.005903656,0.003120224,-0.02399088,0.4776917,0.03077698,0.8779755,0.02829959,0.002739273,-0.02283405,0.02829959,0.002739273,-0.02283405,0.4697876,0.05105591,0.8812866,0.4697876,0.05105591,0.8812866,5.513657,5.513657,True,True,True
1594221,63779589477240,-13.58767,2.593275,-0.06694156,-0.06707358,0.8882543,0.04797883,-0.4518887,0.005836853,0.003121369,-0.02399269,0.4788361,0.03079224,0.8773499,0.02829959,0.002739273,-0.02283101,0.02829959,0.002739273,-0.02283101,0.4716339,0.05110168,0.8802948,0.4716339,0.05110168,0.8802948,5.518356,5.518356,True,True,True
1594229,63779589477251,-13.58767,2.593226,-0.06689805,-0.06710219,0.8881446,0.04797455,-0.4521006,0.005813141,0.003121765,-0.023994,0.4784698,0.0309906,0.8775482,0.02829959,0.002739273,-0.02283052,0.02829959,0.002739273,-0.02283052,0.4716187,0.05046082,0.8803406,0.4716187,0.05046082,0.8803406,5.514755,5.514755,True,True,True
1594237,63779589477262,-13.58765,2.593234,-0.06693006,-0.06701932,0.8881145,0.04789679,-0.4521803,0.005778214,0.003122345,-0.02399536,0.4785004,0.03131104,0.8775177,0.02829959,0.002739273,-0.02282982,0.02829959,0.002739273,-0.02282982,0.4717255,0.05102539,0.8802643,0.4717255,0.05102539,0.8802643,5.518494,5.518494,True,True,True
1594246,63779589477272,-13.58765,2.593272,-0.06691319,-0.06688787,0.8880922,0.04781133,-0.4522525,0.005798081,0.003122009,-0.02399452,0.4784393,0.03132629,0.8775482,0.02829959,0.002739273,-0.0228298,0.02829959,0.002739273,-0.0228298,0.4717255,0.05102539,0.8802643,0.4717255,0.05102539,0.8802643,5.518494,5.518494,True,True,True
1594254,63779589477272,-13.58765,2.593272,-0.06691319,-0.06688787,0.8880922,0.04781133,-0.4522525,0.005810288,0.003121796,-0.02399385,0.478241,0.03105164,0.8776703,0.02829959,0.002739273,-0.02282977,0.02829959,0.002739273,-0.02282977,0.4716797,0.05046082,0.8803101,0.4716797,0.05046082,0.8803101,5.514755,5.514755,True,True,True
1594262,63779589477284,-13.58766,2.593267,-0.06689459,-0.06679353,0.8880837,0.04765616,-0.4522996,0.005822296,0.003121567,-0.02399295,0.478302,0.03138733,0.8776245,0.02829959,0.002739273,-0.02282927,0.02829959,0.002739273,-0.02282927,0.4720612,0.0501709,0.880127,0.4720612,0.0501709,0.880127,5.518066,5.518066,True,True,True
1594271,63779589477295,-13.58764,2.593267,-0.06688172,-0.06665007,0.8881038,0.04749449,-0.4522984,0.005873017,0.003120819,-0.02399033,0.478241,0.03157043,0.877655,0.02830074,0.002739151,-0.02282906,0.02830074,0.002739151,-0.02282906,0.4719849,0.05047607,0.8801422,0.4719849,0.05047607,0.8801422,5.515167,5.515167,True,True,True
1594279,63779589477295,-13.58764,2.593267,-0.06688172,-0.06665007,0.8881038,0.04749449,-0.4522984,0.005914628,0.003119507,-0.02398816,0.4783173,0.03158569,0.8776093,0.02830161,0.002738144,-0.02282895,0.02830161,0.002738144,-0.02282895,0.4721375,0.05041504,0.8800659,0.4721375,0.05041504,0.8800659,5.51532,5.51532,True,True,True
1594287,63779589477306,-13.58762,2.593226,-0.06699181,-0.06666788,0.8880869,0.04739336,-0.4523395,0.005933441,0.003117371,-0.02398722,0.4789429,0.03166199,0.8772736,0.02830327,0.002735153,-0.0228288,0.02830327,0.002735153,-0.0228288,0.4726563,0.05126953,0.8797455,0.4726563,0.05126953,0.8797455,5.519485,5.519485,True,True,True
1594296,63779589477318,-13.58768,2.593236,-0.06699568,-0.06674021,0.8880978,0.04728604,-0.4523186,0.005854096,0.003117264,-0.02399132,0.4781952,0.03260803,0.8776398,0.02830454,0.002732742,-0.02282829,0.02830454,0.002732742,-0.02282829,0.4710999,0.05178833,0.8805389,0.4710999,0.05178833,0.8805389,5.518478,5.518478,True,True,True
1594304,63779589477328,-13.5877,2.593217,-0.0670923,-0.06665585,0.8880942,0.04722692,-0.4523444,0.005946335,0.003114227,-0.02398677,0.4786377,0.03312683,0.8773804,0.02830762,0.002730316,-0.02282829,0.02830762,0.002730316,-0.02282829,0.4718628,0.05247498,0.8800964,0.4718628,0.05247498,0.8800964,5.519836,5.519836,True,True,True
1594312,63779589477328,-13.5877,2.593217,-0.0670923,-0.06665585,0.8880942,0.04722692,-0.4523444,0.005993576,0.003112534,-0.02398442,0.4781342,0.03338623,0.8776398,0.02830805,0.002728867,-0.02282829,0.02830805,0.002728867,-0.02282829,0.4712372,0.05285645,0.8804016,0.4712372,0.05285645,0.8804016,5.519531,5.519531,True,True,True
1594321,63779589477339,-13.5877,2.59317,-0.06709129,-0.06660595,0.8880849,0.04724416,-0.452368,0.006045792,0.003110855,-0.02398204,0.4781342,0.03366089,0.8776245,0.02830882,0.002727585,-0.02282777,0.02830882,0.002727585,-0.02282777,0.4714355,0.05317688,0.8802795,0.4714355,0.05317688,0.8802795,5.519958,5.519958,True,True,True
1594329,63779589477351,-13.58765,2.593132,-0.06709558,-0.06652477,0.8881481,0.04710402,-0.4522706,0.006039643,0.003110016,-0.02398227,0.4781036,0.03330994,0.877655,0.02830882,0.002726044,-0.02282739,0.02830882,0.002726044,-0.02282739,0.4714203,0.05378723,0.880249,0.4714203,0.05378723,0.880249,5.516983,5.516983,True,True,True
1594337,63779589477362,-13.58762,2.593105,-0.06711668,-0.06655272,0.8881437,0.04706127,-0.4522794,0.006067414,0.003108185,-0.02398097,0.4771881,0.03434753,0.8781128,0.02830882,0.002723984,-0.02282736,0.02830882,0.002723984,-0.02282736,0.4704132,0.05427551,0.8807678,0.4704132,0.05427551,0.8807678,5.51416,5.51416,True,True,True
1594346,63779589477362,-13.58762,2.593105,-0.06711668,-0.06655272,0.8881437,0.04706127,-0.4522794,0.006084183,0.003107407,-0.02397989,0.4772491,0.03375244,0.8781128,0.02830882,0.00272348,-0.02282658,0.02830882,0.00272348,-0.02282658,0.4699097,0.05429077,0.8810272,0.4699097,0.05429077,0.8810272,5.51033,5.51033,True,True,True
1594354,63779589477373,-13.58766,2.593097,-0.06709665,-0.06651287,0.8881994,0.04693832,-0.4521889,0.005793335,0.003111984,-0.02399362,0.477478,0.03395081,0.8779755,0.02830882,0.002722809,-0.02282338,0.02830882,0.002722809,-0.02282338,0.4699249,0.05514526,0.8809662,0.4699249,0.05514526,0.8809662,5.511215,5.511215,True,True,True
1594362,63779589477384,-13.5877,2.593016,-0.0671528,-0.06655917,0.8882182,0.04686531,-0.4521527,0.00589383,0.003109467,-0.02398842,0.477478,0.03414917,0.8779602,0.02830882,0.002721588,-0.02282294,0.02830882,0.002721588,-0.02282294,0.4696808,0.05552673,0.881073,0.4696808,0.05552673,0.881073,5.49884,5.49884,True,True,True
1594371,63779589477395,-13.5877,2.592983,-0.06715858,-0.06648999,0.8882812,0.04680777,-0.4520451,0.005771363,0.003109619,-0.02398827,0.4789276,0.02886963,0.8773651,0.02830165,0.00271875,-0.02281229,0.02830165,0.00271875,-0.02281229,0.4720154,0.0471344,0.8803253,0.4720154,0.0471344,0.8803253,5.531891,5.531891,True,True,True
1594379,63779589477395,-13.5877,2.592983,-0.06715858,-0.06648999,0.8882812,0.04680777,-0.4520451,0.005724365,0.003108887,-0.02400234,0.4794006,0.04086304,0.8766327,0.02831957,0.002717514,-0.02283211,0.02831957,0.002717514,-0.02283211,0.4728088,0.06964111,0.8784027,0.4728088,0.06964111,0.8784027,5.468246,5.468246,True,True,True
1594387,63779589477406,-13.58767,2.59296,-0.06714916,-0.06647112,0.8883024,0.0466967,-0.4520174,0.00566951,0.003099045,-0.02399964,0.4801178,0.03494263,0.8764954,0.02831644,0.00270578,-0.02282275,0.02831644,0.00270578,-0.02282275,0.4766846,0.05461121,0.8773651,0.4766846,0.05461121,0.8773651,5.573471,5.573471,True,True,True
1594396,63779589477417,-13.58766,2.592933,-0.06712765,-0.06660495,0.8883501,0.04658412,-0.4519156,0.006173844,0.003102799,-0.02396337,0.4751282,0.03378296,0.8792572,0.02829654,0.00271814,-0.02282306,0.02829654,0.00271814,-0.02282306,0.4743652,0.04734802,0.8790436,0.4743652,0.04734802,0.8790436,5.576523,5.576523,True,True,True
1594404,63779589477429,-13.58762,2.592899,-0.06711465,-0.06653293,0.8883753,0.04661336,-0.4518737,0.007664017,0.003091217,-0.02386713,0.4797974,0.01473999,0.877243,0.02832222,0.002735306,-0.02281265,0.02832222,0.002735306,-0.02281265,0.4758606,0.04454041,0.8783875,0.4758606,0.04454041,0.8783875,5.558289,5.558289,True,True,True
1594412,63779589477429,-13.58762,2.592899,-0.06711465,-0.06653293,0.8883753,0.04661336,-0.4518737,0.009048112,0.003089676,-0.02377902,0.4792328,-0.007125854,0.877655,0.0283671,0.002740875,-0.02279405,0.0283671,0.002740875,-0.02279405,0.4820709,0.01274109,0.8760223,0.4820709,0.01274109,0.8760223,5.422791,5.422791,True,True,True
1594421,63779589477440,-13.58756,2.592904,-0.06715,-0.06662109,0.8883992,0.0465879,-0.4518164,-0.02927481,0.0038564,-0.02570027,0.4630127,-0.05187988,0.8848267,0.02839531,0.002863098,-0.02282713,0.02839531,0.002863098,-0.02282713,0,0,0,0,0,0,-1,-1,True,True,True
1594429,63779589477451,-13.58755,2.592891,-0.06717646,-0.06665999,0.8883917,0.04667323,-0.4518166,-0.02930249,0.004064194,-0.02573845,0.5033569,-0.08599854,0.8597717,0.02840843,0.002976669,-0.02283929,0.02840843,0.002976669,-0.02283929,0,0,0,0,0,0,-1,-1,True,True,True
1594437,63779589477461,-13.58752,2.592872,-0.06715608,-0.06671318,0.8884175,0.04660983,-0.4517646,-0.001,-0.001,-0.001,1,-1,-1,0.02818842,0.002791321,-0.02289262,0.02818842,0.002791321,-0.02289262,0,0,0,0,0,0,-1,-1,False,True,True
1594446,63779589477461,-13.58752,2.592872,-0.06715608,-0.06671318,0.8884175,0.04660983,-0.4517646,-0.001,-0.001,-0.001,1,-1,-1,0.02939754,0.001659287,-0.02256867,0.02939754,0.001659287,-0.02256867,0,0,0,0,0,0,-1,-1,False,True,True
1594454,63779589477473,-13.58749,2.592829,-0.06714004,-0.06688958,0.8883858,0.04674034,-0.4517874,-0.001,-0.001,-0.001,1,-1,-1,0.03119843,-0.001985199,-0.01076534,0.03119843,-0.001985199,-0.01076534,0,0,0,0,0,0,-1,-1,False,True,True
1594462,63779589477484,-13.58748,2.592841,-0.06709719,-0.06703505,0.8884127,0.04678351,-0.4517085,-0.001,-0.001,-0.001,1,-1,-1,0.03266493,0.008044907,-0.04341951,0.03266493,0.008044907,-0.04341951,0,0,0,0,0,0,-1,-1,False,True,True
1594471,63779589477495,-13.58753,2.592842,-0.06703478,-0.06721042,0.8884401,0.04681293,-0.4516254,-0.001,-0.001,-0.001,1,-1,-1,0.03143746,-0.002338974,-0.009852448,0.03143746,-0.002338974,-0.009852448,0,0,0,0,0,0,-1,-1,False,True,True
1594479,63779589477495,-13.58753,2.592842,-0.06703478,-0.06721042,0.8884401,0.04681293,-0.4516254,-0.001,-0.001,-0.001,1,-1,-1,0.03123847,0.00203328,-0.02227387,0.03123847,0.00203328,-0.02227387,0,0,0,0,0,0,-1,-1,False,True,True
1594487,63779589477506,-13.58754,2.592834,-0.06701332,-0.06720328,0.8884352,0.04687962,-0.451629,-0.001,-0.001,-0.001,1,-1,-1,0.03180828,0.002138763,-0.02240904,0.03180828,0.002138763,-0.02240904,0,0,0,0,0,0,-1,-1,False,True,True
1594496,63779589477517,-13.58752,2.592825,-0.06703401,-0.06725857,0.888432,0.04696814,-0.4516181,-0.001,-0.001,-0.001,1,-1,-1,0.02825383,0.003061432,-0.02262158,0.02825383,0.003061432,-0.02262158,0,0,0,0,0,0,-1,-1,False,True,True
1594504,63779589477528,-13.58752,2.592835,-0.06700724,-0.0672893,0.8884265,0.04707367,-0.4516134,-0.001,-0.001,-0.001,1,-1,-1,0.02901094,0.003255066,-0.02267835,0.02901094,0.003255066,-0.02267835,0,0,0,0,0,0,-1,-1,False,True,True
1594512,63779589477528,-13.58752,2.592835,-0.06700724,-0.0672893,0.8884265,0.04707367,-0.4516134,-0.001,-0.001,-0.001,1,-1,-1,0.02815715,0.003155335,-0.02267058,0.02815715,0.003155335,-0.02267058,0,0,0,0,0,0,-1,-1,False,True,True
1594521,63779589477540,-13.58755,2.592879,-0.06693447,-0.06724494,0.8884298,0.04716257,-0.4516042,-0.001,-0.001,-0.001,1,-1,-1,0.02843503,0.002995331,-0.02276276,0.02843503,0.002995331,-0.02276276,0,0,0,0,0,0,-1,-1,False,True,True
1594529,63779589477551,-13.58762,2.592889,-0.06687564,-0.06727619,0.8884017,0.04722548,-0.4516479,-0.001,-0.001,-0.001,1,-1,-1,0.02841089,0.002935516,-0.0227283,0.02841089,0.002935516,-0.0227283,0,0,0,0,0,0,-1,-1,False,True,True
1594537,63779589477562,-13.58761,2.592875,-0.06684101,-0.06733301,0.8883588,0.04729239,-0.451717,-0.001,-0.001,-0.001,1,-1,-1,0.02838579,0.002933167,-0.02278859,0.02838579,0.002933167,-0.02278859,0,0,0,0,0,0,-1,-1,False,True,True
1594546,63779589477573,-13.58759,2.592894,-0.06682932,-0.06735291,0.88835,0.04737537,-0.4517229,-0.001,-0.001,-0.001,1,-1,-1,0.02839642,0.002919647,-0.0227941,0.02839642,0.002919647,-0.0227941,0,0,0,0,0,0,-1,-1,False,True,True
1594554,63779589477573,-13.58759,2.592894,-0.06682932,-0.06735291,0.88835,0.04737537,-0.4517229,0.02840917,0.00288414,-0.02280356,0.453537,0.07530212,0.8880463,0.02840917,0.00288414,-0.02280356,0.02840917,0.00288414,-0.02280356,0.453537,0.07530212,0.888031,0.453537,0.07530212,0.888031,5.397995,5.397995,True,True,True
1594562,63779589477584,-13.58757,2.592912,-0.06684482,-0.06741593,0.8883451,0.04753403,-0.4517063,0.02841527,0.002851944,-0.02278409,0.4549103,0.05215454,0.8889923,0.02841541,0.002851944,-0.02278407,0.02841541,0.002851944,-0.02278407,0.4549103,0.05215454,0.8889923,0.4549103,0.05215454,0.8889923,5.27507,5.27507,True,True,True
1594571,63779589477595,-13.58747,2.592971,-0.06679046,-0.06750644,0.8883347,0.04753913,-0.4517126,0.02827388,0.00290921,-0.02277887,0.4578705,0.05601501,0.8872375,0.02841467,0.002906571,-0.0227715,0.02841467,0.002906571,-0.0227715,0.4577942,0.05619812,0.8872681,0.4577942,0.05619812,0.8872681,5.327698,5.327698,True,True,True
1594579,63779589477606,-13.58752,2.592979,-0.06673795,-0.06744809,0.8883713,0.04756681,-0.4516464,0.003944901,0.003345383,-0.02406043,0.4690704,0.02992249,0.8826447,0.02839462,0.002891785,-0.02278737,0.02839462,0.002891785,-0.02278737,0.4532776,0.06874084,0.8887024,0.4532776,0.06874084,0.8887024,5.370087,5.370087,True,True,True
1594587,63779589477606,-13.58752,2.592979,-0.06673795,-0.06744809,0.8883713,0.04756681,-0.4516464,0.005420044,0.003306977,-0.02399341,0.4653931,0.04421997,0.8839874,0.028386,0.0028797,-0.02278998,0.028386,0.0028797,-0.02278998,0.4493103,0.07276917,0.8903961,0.4493103,0.07276917,0.8903961,5.400803,5.400803,True,True,True
1594596,63779589477617,-13.58752,2.592998,-0.06669593,-0.0674656,0.8883761,0.04774992,-0.4516152,0.007756119,0.003248657,-0.02387221,0.4657288,0.04737854,0.8836517,0.02837657,0.002869766,-0.02279706,0.02837657,0.002869766,-0.02279706,0.4536591,0.07330322,0.8881378,0.4536591,0.07330322,0.8881378,5.366318,5.366318,True,True,True
1594604,63779589477628,-13.58758,2.592969,-0.06661254,-0.06747384,0.8883553,0.0477995,-0.4516497,0.007519867,0.003239304,-0.02388393,0.4673157,0.04376221,0.8829956,0.02837303,0.002851883,-0.02278772,0.02837303,0.002851883,-0.02278772,0.4517822,0.06585693,0.889679,0.4517822,0.06585693,0.889679,5.439362,5.439362,True,True,True
1594612,63779589477639,-13.58758,2.59297,-0.06656784,-0.06743749,0.88836,0.04786197,-0.451639,0.008258774,0.003216263,-0.02384134,0.4677277,0.04293823,0.8828125,0.02837843,0.002848404,-0.02278949,0.02837843,0.002848404,-0.02278949,0.4594421,0.06138611,0.8860626,0.4594421,0.06138611,0.8860626,5.437042,5.437042,True,True,True
1594621,63779589477639,-13.58758,2.59297,-0.06656784,-0.06743749,0.88836,0.04786197,-0.451639,0.009402649,0.003170258,-0.02379054,0.4650726,0.04745483,0.8839874,0.02837692,0.002820008,-0.02280615,0.02837692,0.002820008,-0.02280615,0.4580231,0.07174683,0.8860321,0.4580231,0.07174683,0.8860321,5.464905,5.464905,True,True,True
1594629,63779589477651,-13.58749,2.592958,-0.06657565,-0.0674639,0.8883487,0.04801501,-0.4516412,0.007196716,0.003204575,-0.02390794,0.4580383,0.05480957,0.8872223,0.02836215,0.002813019,-0.02280475,0.02836215,0.002813019,-0.02280475,0.4450531,0.0796814,0.8919373,0.4450531,0.0796814,0.8919373,5.392563,5.392563,True,True,True
1594637,63779589477662,-13.58741,2.593033,-0.06655908,-0.06742077,0.888402,0.04799792,-0.4515446,0.006428253,0.00321579,-0.0239444,0.4685211,0.0464325,0.8822174,0.02837514,0.002815033,-0.02280658,0.02837514,0.002815033,-0.02280658,0.4631805,0.07458496,0.8831024,0.4631805,0.07458496,0.8831024,5.485153,5.485153,True,True,True
1594646,63779589477662,-13.58741,2.593033,-0.06655908,-0.06742077,0.888402,0.04799792,-0.4515446,0.006287888,0.003217423,-0.02393756,0.463562,0.04127502,0.8850861,0.02837865,0.00281514,-0.02278311,0.02837865,0.00281514,-0.02278311,0.4548492,0.06719971,0.8880157,0.4548492,0.06719971,0.8880157,5.398026,5.398026,True,True,True
1594654,63779589477673,-13.5874,2.593039,-0.06652331,-0.06746971,0.8883697,0.04811552,-0.4515882,0.006307663,0.003202972,-0.02393958,0.46138,0.04478455,0.8860626,0.02837371,0.002794068,-0.02278787,0.02837371,0.002794068,-0.02278787,0.4515839,0.0713501,0.8893585,0.4515839,0.0713501,0.8893585,5.447479,5.447479,True,True,True
1594662,63779589477683,-13.58749,2.593025,-0.06652296,-0.06753795,0.888362,0.04817741,-0.4515867,0.005684448,0.003206848,-0.02398598,0.467392,0.04977417,0.8826447,0.02836884,0.002782425,-0.02281055,0.02836884,0.002782425,-0.02281055,0.4606781,0.07803345,0.8841095,0.4606781,0.07803345,0.8841095,5.467422,5.467422,True,True,True
1594671,63779589477695,-13.58747,2.593052,-0.06649888,-0.06756745,0.8883539,0.04822523,-0.4515931,0.00567688,0.003209625,-0.02397812,0.4655914,0.04927063,0.883606,0.02837485,0.002785736,-0.02279619,0.02837485,0.002785736,-0.02279619,0.4573212,0.07485962,0.8861389,0.4573212,0.07485962,0.8861389,5.455353,5.455353,True,True,True
1594679,63779589477695,-13.58747,2.593052,-0.06649888,-0.06756745,0.8883539,0.04822523,-0.4515931,0.005560227,0.003211807,-0.02398909,0.46875,0.05044556,0.8818817,0.02836662,0.002786163,-0.02280312,0.02836662,0.002786163,-0.02280312,0.4611359,0.07629395,0.8840332,0.4611359,0.07629395,0.8840332,5.472153,5.472153,True,True,True
1594687,63779589477706,-13.58753,2.593031,-0.06652999,-0.06750502,0.8883761,0.04836352,-0.4515439,0.005427155,0.003213974,-0.02399576,0.4733429,0.04644775,0.8796387,0.02836676,0.002785339,-0.02280109,0.02836676,0.002785339,-0.02280109,0.4674377,0.07008362,0.8812256,0.4674377,0.07008362,0.8812256,5.522583,5.522583,True,True,True
1594696,63779589477717,-13.58753,2.593059,-0.06657588,-0.06752107,0.8883787,0.04844674,-0.4515274,0.005331787,0.003208329,-0.02399071,0.4647827,0.04614258,0.884201,0.02836632,0.002772858,-0.02278421,0.02836632,0.002772858,-0.02278421,0.4514008,0.06915283,0.8896332,0.4514008,0.06915283,0.8896332,5.446884,5.446884,True,True,True
1594704,63779589477728,-13.58749,2.593039,-0.06656337,-0.06749545,0.8884138,0.04851225,-0.4514551,0.005280945,0.003208298,-0.02399442,0.4671631,0.04679871,0.8829193,0.02836522,0.002771088,-0.02278577,0.02836522,0.002771088,-0.02278577,0.4536285,0.06974792,0.888443,0.4536285,0.06974792,0.888443,5.460236,5.460236,True,True,True
1594712,63779589477739,-13.58748,2.593091,-0.06657594,-0.0674521,0.8884561,0.0485499,-0.4513745,0.005234986,0.003208008,-0.0239986,0.4666138,0.04676819,0.8832092,0.02836411,0.002769318,-0.02278734,0.02836411,0.002769318,-0.02278734,0.4526367,0.0700531,0.8889313,0.4526367,0.0700531,0.8889313,5.46582,5.46582,True,True,True
1594721,63779589477739,-13.58748,2.593091,-0.06657594,-0.0674521,0.8884561,0.0485499,-0.4513745,0.005392243,0.003203491,-0.02399121,0.4672852,0.04756165,0.8828125,0.02836325,0.002766922,-0.02278735,0.02836325,0.002766922,-0.02278735,0.4539032,0.07058716,0.8882446,0.4539032,0.07058716,0.8882446,5.458466,5.458466,True,True,True
1594729,63779589477750,-13.58748,2.593085,-0.06660199,-0.06743287,0.8884557,0.04862076,-0.4513703,0.005440186,0.003200943,-0.02398906,0.4684143,0.04806519,0.8821869,0.02836241,0.002764527,-0.02278735,0.02836241,0.002764527,-0.02278735,0.4553528,0.07154846,0.8874207,0.4553528,0.07154846,0.8874207,5.468765,5.468765,True,True,True
1594737,63779589477761,-13.58749,2.593074,-0.06654286,-0.06754296,0.8884743,0.04850871,-0.4513294,0.005442963,0.003199661,-0.02398987,0.4686584,0.04811096,0.8820648,0.02836093,0.002762802,-0.02278838,0.02836093,0.002762802,-0.02278838,0.4558258,0.07192993,0.887146,0.4558258,0.07192993,0.887146,5.461014,5.461014,True,True,True
1594746,63779589477761,-13.58749,2.593074,-0.06654286,-0.06754296,0.8884743,0.04850871,-0.4513294,0.005780136,0.003191773,-0.02397363,0.4689026,0.04866028,0.881897,0.02835947,0.002761078,-0.0227894,0.02835947,0.002761078,-0.0227894,0.4562836,0.07261658,0.8868561,0.4562836,0.07261658,0.8868561,5.453262,5.453262,True,True,True
1594754,63779589477773,-13.58748,2.593068,-0.06655979,-0.06763888,0.888478,0.04847712,-0.4513112,0.00582457,0.00319339,-0.02396498,0.4654541,0.04983521,0.8836517,0.02839951,0.002769531,-0.02277553,0.02839951,0.002769531,-0.02277553,0.4539185,0.07139587,0.8881683,0.4539185,0.07139587,0.8881683,5.4189,5.4189,True,True,True
1594762,63779589477784,-13.58747,2.593045,-0.06657404,-0.06772108,0.8885385,0.04837949,-0.4511901,0.005867997,0.003173493,-0.02388057,0.4321747,0.04450989,0.9006805,0.0285611,0.002744965,-0.02268915,0.0285611,0.002744965,-0.02268915,0.4211884,0.06532288,0.9046021,0.4211884,0.06532288,0.9046021,5.555481,5.555481,True,True,True
1594771,63779589477795,-13.58737,2.593042,-0.06653821,-0.06782275,0.8885895,0.04829785,-0.4510833,0.005862,0.003163437,-0.02379894,0.3900299,0.05007935,0.9194336,0.02877617,0.002717179,-0.02260417,0.02877617,0.002717179,-0.02260417,0.3708954,0.07678223,0.9254913,0.3708954,0.07678223,0.9254913,5.397949,5.397949,True,True,True
1594779,63779589477795,-13.58737,2.593042,-0.06653821,-0.06782275,0.8885895,0.04829785,-0.4510833,0.009251756,0.003122956,-0.02358507,0.3645782,0.06188965,0.9291077,0.02893318,0.002744522,-0.02257028,0.02893318,0.002744522,-0.02257028,0.3503265,0.08538818,0.932724,0.3503265,0.08538818,0.932724,5.358841,5.358841,True,True,True
1594787,63779589477806,-13.58735,2.593042,-0.06656647,-0.06770679,0.8886263,0.04807414,-0.4510521,0.01321657,0.003046936,-0.02336841,0.3566589,0.07244873,0.9314117,0.02898097,0.002736649,-0.0225674,0.02898097,0.002736649,-0.0225674,0.3469391,0.09454346,0.9331055,0.3469391,0.09454346,0.9331055,5.450027,5.450027,True,True,True
1594796,63779589477817,-13.58736,2.592973,-0.06661904,-0.06778201,0.888708,0.0479104,-0.4508972,0.01688133,0.002972107,-0.02318089,0.3553162,0.07354736,0.931839,0.02897055,0.002734406,-0.02256516,0.02897055,0.002734406,-0.02256516,0.3473816,0.08874512,0.9335022,0.3473816,0.08874512,0.9335022,5.379822,5.379822,True,True,True
1594804,63779589477828,-13.58735,2.592944,-0.06662285,-0.0676911,0.88875,0.04775796,-0.4508443,0.01805928,0.002945435,-0.02312015,0.3546295,0.0741272,0.9320526,0.02896214,0.002732727,-0.0225631,0.02896214,0.002732727,-0.0225631,0.3467255,0.08769226,0.9338531,0.3467255,0.08769226,0.9338531,5.459427,5.459427,True,True,True
1594812,63779589477839,-13.58736,2.592943,-0.06663793,-0.06763486,0.8888128,0.04744941,-0.4507613,0.01804216,0.002946869,-0.02311835,0.3538818,0.07337952,0.9324036,0.02896172,0.002735504,-0.02256069,0.02896172,0.002735504,-0.02256069,0.3465118,0.08682251,0.9340057,0.3465118,0.08682251,0.9340057,5.445374,5.445374,True,True,True
1594821,63779589477839,-13.58736,2.592943,-0.06663793,-0.06763486,0.8888128,0.04744941,-0.4507613,0.01740299,0.002959763,-0.02314832,0.3506165,0.07130432,0.9337921,0.02896335,0.002735626,-0.02255707,0.02896335,0.002735626,-0.02255707,0.341568,0.0849762,0.9360046,0.341568,0.0849762,0.9360046,5.424957,5.424957,True,True,True
1594829,63779589477850,-13.58732,2.592911,-0.06671381,-0.06754324,0.8888106,0.04725204,-0.4508002,0.01625246,0.002982559,-0.02320754,0.3550873,0.07078552,0.9321442,0.02896172,0.002735764,-0.02255785,0.02896172,0.002735764,-0.02255785,0.3465271,0.08659363,0.934021,0.3465271,0.08659363,0.934021,5.445282,5.445282,True,True,True
1594837,63779589477861,-13.58732,2.59289,-0.06673485,-0.06742401,0.8888776,0.04708145,-0.4507037,0.01214699,0.003062393,-0.02341654,0.3570862,0.06500244,0.9317932,0.02896114,0.00273674,-0.02255669,0.02896114,0.00273674,-0.02255669,0.3455505,0.08584595,0.9344482,0.3455505,0.08584595,0.9344482,5.456482,5.456482,True,True,True
1594846,63779589477861,-13.58732,2.59289,-0.06673485,-0.06742401,0.8888776,0.04708145,-0.4507037,0.009104203,0.003121308,-0.02357138,0.3583679,0.06140137,0.9315491,0.02896172,0.002737717,-0.02255553,0.02896172,0.002737717,-0.02255553,0.344635,0.08573914,0.9347992,0.344635,0.08573914,0.9347992,5.443634,5.443634,True,True,True
1594854,63779589477873,-13.58733,2.59286,-0.06671941,-0.06737661,0.8888769,0.04695875,-0.4507251,0.006997879,0.00316156,-0.0236787,0.3596954,0.0585022,0.9312286,0.02896147,0.0027379,-0.02255449,0.02896147,0.0027379,-0.02255449,0.3452148,0.08535767,0.9346161,0.3452148,0.08535767,0.9346161,5.456039,5.456039,True,True,True
1594862,63779589477884,-13.58735,2.592877,-0.06675196,-0.06729043,0.8889222,0.04683179,-0.4506618,0.00632811,0.003184052,-0.02370882,0.3591461,0.05661011,0.9315491,0.02896195,0.002754563,-0.02254723,0.02896195,0.002754563,-0.02254723,0.3444061,0.08309937,0.9351196,0.3444061,0.08309937,0.9351196,5.469101,5.469101,True,True,True
1594871,63779589477894,-13.58735,2.592853,-0.06667572,-0.06719652,0.8889257,0.04691178,-0.4506607,0.006127136,0.003189758,-0.02371628,0.361496,0.05249023,0.9308777,0.02896312,0.00275914,-0.02254224,0.02896312,0.00275914,-0.02254224,0.3482361,0.07667542,0.9342499,0.3482361,0.07667542,0.9342499,5.438156,5.438156,True,True,True
1594879,63779589477906,-13.5874,2.59281,-0.06669223,-0.06720402,0.88885,0.04715184,-0.4507838,0.005925568,0.00319252,-0.02372577,0.3612518,0.05137634,0.9310455,0.02896477,0.002758881,-0.0225405,0.02896477,0.002758881,-0.0225405,0.3476868,0.07513428,0.9345856,0.3476868,0.07513428,0.9345856,5.442139,5.442139,True,True,True
1594887,63779589477906,-13.5874,2.59281,-0.06669223,-0.06720402,0.88885,0.04715184,-0.4507838,0.0057733,0.00319455,-0.02373274,0.3606262,0.05212402,0.9312439,0.02896642,0.002758637,-0.02253893,0.02896642,0.002758637,-0.02253893,0.3470154,0.07652283,0.9347229,0.3470154,0.07652283,0.9347229,5.437653,5.437653,True,True,True
1594896,63779589477917,-13.58741,2.592789,-0.06673169,-0.06735878,0.8888027,0.04716095,-0.450853,0.005742432,0.00319368,-0.02373431,0.3604126,0.05262756,0.9312897,0.02896671,0.00275737,-0.02253885,0.02896671,0.00275737,-0.02253885,0.3471832,0.07728577,0.9346008,0.3471832,0.07728577,0.9346008,5.44371,5.44371,True,True,True
1594904,63779589477928,-13.58736,2.592771,-0.06681108,-0.06751271,0.888792,0.04700311,-0.4508676,0.005770676,0.003193237,-0.02373287,0.3603821,0.05230713,0.9313202,0.02896701,0.002757843,-0.02253876,0.02896701,0.002757843,-0.02253876,0.347229,0.07672119,0.9346313,0.347229,0.07672119,0.9346313,5.437988,5.437988,True,True,True
1594912,63779589477928,-13.58736,2.592771,-0.06681108,-0.06751271,0.888792,0.04700311,-0.4508676,0.005850845,0.003191147,-0.02372869,0.3604584,0.05265808,0.9312744,0.0289682,0.002757187,-0.0225385,0.0289682,0.002757187,-0.0225385,0.3474884,0.07722473,0.934494,0.3474884,0.07722473,0.934494,5.435455,5.435455,True,True,True
1594921,63779589477939,-13.58738,2.592756,-0.06684834,-0.06756213,0.8887733,0.04706905,-0.4508901,0.006007401,0.003187973,-0.02372067,0.3605957,0.05284119,0.9312134,0.02896941,0.002757843,-0.02253824,0.02896941,0.002757843,-0.02253824,0.3478546,0.07739258,0.9343414,0.3478546,0.07739258,0.9343414,5.438904,5.438904,True,True,True
1594929,63779589477950,-13.58738,2.592795,-0.06688845,-0.06762577,0.8887309,0.04700557,-0.4509707,0.006203797,0.003183929,-0.02371025,0.3609467,0.05332947,0.9310455,0.02896961,0.002757599,-0.02253745,0.02896961,0.002757599,-0.02253745,0.3486023,0.0774231,0.9340668,0.3486023,0.0774231,0.9340668,5.43631,5.43631,True,True,True
1594937,63779589477962,-13.5874,2.592804,-0.066921,-0.06758024,0.8887174,0.04700095,-0.4510048,0.006807144,0.003172485,-0.02367882,0.360733,0.05355835,0.9311218,0.02896982,0.002757355,-0.02253664,0.02896982,0.002757355,-0.02253664,0.3484802,0.0774231,0.9340973,0.3484802,0.0774231,0.9340973,5.439301,5.439301,True,True,True
1594946,63779589477972,-13.58739,2.592801,-0.06688803,-0.0675214,0.88871,0.04698496,-0.4510296,0.006786011,0.003172714,-0.02367995,0.3604279,0.05357361,0.9312286,0.02897071,0.002757111,-0.02253658,0.02897071,0.002757111,-0.02253658,0.3484344,0.07749939,0.9341125,0.3484344,0.07749939,0.9341125,5.437378,5.437378,True,True,True
1594954,63779589477972,-13.58739,2.592801,-0.06688803,-0.0675214,0.88871,0.04698496,-0.4510296,0.006812592,0.003172058,-0.02367853,0.360199,0.0536499,0.9313202,0.02897159,0.002756867,-0.0225365,0.02897159,0.002756867,-0.0225365,0.3484344,0.0776062,0.9340973,0.3484344,0.0776062,0.9340973,5.439209,5.439209,True,True,True
1594962,63779589477984,-13.58741,2.592797,-0.06691891,-0.06737307,0.8886979,0.04684155,-0.4510906,0.006857377,0.003171067,-0.02367604,0.3604126,0.05323792,0.9312592,0.02897324,0.002756699,-0.02253598,0.02897324,0.002756699,-0.02253598,0.3488312,0.07759094,0.93396,0.3488312,0.07759094,0.93396,5.43779,5.43779,True,True,True
1594971,63779589477995,-13.58741,2.592783,-0.06694221,-0.06724,0.8887064,0.04675203,-0.451103,0.006572068,0.003175949,-0.02369043,0.3605194,0.0528717,0.9312439,0.02897489,0.002756531,-0.02253546,0.02897489,0.002756531,-0.02253546,0.3492584,0.0776825,0.9337921,0.3492584,0.0776825,0.9337921,5.43985,5.43985,True,True,True
1594979,63779589478006,-13.58743,2.592774,-0.0668925,-0.06720273,0.888706,0.04667144,-0.4511177,0.006533112,0.003176392,-0.02369238,0.3610687,0.05296326,0.9310303,0.02897656,0.002756317,-0.02253517,0.02897656,0.002756317,-0.02253517,0.3492279,0.07771301,0.9338074,0.3492279,0.07771301,0.9338074,5.444626,5.444626,True,True,True
1594987,63779589478006,-13.58743,2.592774,-0.0668925,-0.06720273,0.888706,0.04667144,-0.4511177,0.006462662,0.003177719,-0.02369589,0.3609772,0.05285645,0.9310608,0.02897823,0.002756531,-0.0225349,0.02897823,0.002756531,-0.0225349,0.3491058,0.07759094,0.9338531,0.3491058,0.07759094,0.9338531,5.439987,5.439987,True,True,True
1594996,63779589478017,-13.58738,2.592735,-0.066908,-0.06722685,0.8887075,0.04667725,-0.4511105,0.006437256,0.003177857,-0.02369685,0.3604279,0.0533905,0.9312439,0.02897954,0.002756531,-0.02253418,0.02897954,0.002756531,-0.02253418,0.3483124,0.07824707,0.9340973,0.3483124,0.07824707,0.9340973,5.436401,5.436401,True,True,True
1595004,63779589478028,-13.58738,2.592719,-0.06692755,-0.06721532,0.8887249,0.04663684,-0.4510822,0.006464707,0.003177246,-0.02369489,0.360321,0.05331421,0.9312897,0.02898018,0.002756104,-0.02253327,0.02898018,0.002756104,-0.02253327,0.3481903,0.07832336,0.9341278,0.3481903,0.07832336,0.9341278,5.436386,5.436386,True,True,True
1595012,63779589478028,-13.58738,2.592719,-0.06692755,-0.06721532,0.8887249,0.04663684,-0.4510822,0.006509308,0.003176315,-0.02369213,0.3601074,0.05374146,0.9313507,0.02898064,0.002755966,-0.02253235,0.02898064,0.002755966,-0.02253235,0.3482361,0.07899475,0.9340668,0.3482361,0.07899475,0.9340668,5.437027,5.437027,True,True,True
1595021,63779589478039,-13.58739,2.592741,-0.06702954,-0.06712658,0.8887569,0.04657837,-0.4510384,0.006469712,0.003177185,-0.02369356,0.3602448,0.05383301,0.9312897,0.02898189,0.002755951,-0.02253124,0.02898189,0.002755951,-0.02253124,0.348587,0.07820129,0.9340057,0.348587,0.07820129,0.9340057,5.436798,5.436798,True,True,True
1595029,63779589478050,-13.5874,2.592723,-0.06704116,-0.06695618,0.8888109,0.04646849,-0.4509687,0.006428513,0.003178024,-0.02369478,0.3600922,0.05415344,0.9313354,0.02898396,0.002755951,-0.02252918,0.02898396,0.002755951,-0.02252918,0.3481598,0.07876587,0.9341125,0.3481598,0.07876587,0.9341125,5.437256,5.437256,True,True,True
1595037,63779589478061,-13.58743,2.592712,-0.06708086,-0.06695338,0.8887901,0.04632957,-0.4510245,0.006442978,0.003177902,-0.02369461,0.3605347,0.05406189,0.9311676,0.02898523,0.002755951,-0.0225282,0.02898523,0.002755951,-0.0225282,0.3486176,0.0788269,0.9339294,0.3486176,0.0788269,0.9339294,5.449936,5.449936,True,True,True
1595046,63779589478061,-13.58743,2.592712,-0.06708086,-0.06695338,0.8887901,0.04632957,-0.4510245,0.006466278,0.003177704,-0.0236927,0.3604889,0.05409241,0.9311829,0.02898586,0.002755951,-0.02252622,0.02898586,0.002755951,-0.02252622,0.3488007,0.07894897,0.9338531,0.3488007,0.07894897,0.9338531,5.450302,5.450302,True,True,True
1595054,63779589478073,-13.58743,2.592679,-0.06710482,-0.06685625,0.8888046,0.04623502,-0.4510199,0.006479325,0.00317746,-0.02369136,0.3605194,0.05397034,0.9311829,0.02898648,0.002755951,-0.02252496,0.02898648,0.002755951,-0.02252496,0.348999,0.0793457,0.9337463,0.348999,0.0793457,0.9337463,5.453003,5.453003,True,True,True
1595062,63779589478084,-13.58746,2.592643,-0.06709403,-0.06681532,0.8888345,0.04614156,-0.4509766,0.006492889,0.0031772,-0.02369034,0.3605042,0.05470276,0.9311371,0.02898657,0.002755951,-0.02252431,0.02898657,0.002755951,-0.02252431,0.348999,0.0798645,0.9337006,0.348999,0.0798645,0.9337006,5.451187,5.451187,True,True,True
1595070,63779589478094,-13.5874,2.592609,-0.06705803,-0.06687861,0.8888561,0.04601596,-0.4509376,0.006527726,0.003176972,-0.02368877,0.3605042,0.05427551,0.9311676,0.02898698,0.002756653,-0.02252419,0.02898698,0.002756653,-0.02252419,0.3491058,0.0790863,0.9337311,0.3491058,0.0790863,0.9337311,5.450699,5.450699,True,True,True
1595079,63779589478106,-13.58739,2.592632,-0.06705701,-0.06682444,0.8888434,0.04583839,-0.4509885,0.006535828,0.003176865,-0.0236877,0.3603821,0.05445862,0.9311981,0.02898698,0.00275676,-0.02252202,0.02898698,0.00275676,-0.02252202,0.3489075,0.07931519,0.9337769,0.3489075,0.07931519,0.9337769,5.430344,5.430344,True,True,True
1595087,63779589478106,-13.58739,2.592632,-0.06705701,-0.06682444,0.8888434,0.04583839,-0.4509885,0.006540162,0.003176804,-0.02368682,0.3601227,0.05467224,0.9312897,0.028987,0.002756806,-0.02252036,0.028987,0.002756806,-0.02252036,0.3487549,0.07917786,0.9338531,0.3487549,0.07917786,0.9338531,5.430328,5.430328,True,True,True
1595095,63779589478117,-13.58734,2.592614,-0.06705999,-0.06680433,0.8888586,0.04573723,-0.450972,0.006514573,0.003177735,-0.02368749,0.3601837,0.05451965,0.9312744,0.02898753,0.00275708,-0.02251921,0.02898753,0.00275708,-0.02251921,0.348877,0.07901001,0.9338226,0.348877,0.07901001,0.9338226,5.428101,5.428101,True,True,True
1595104,63779589478128,-13.58734,2.592597,-0.06708664,-0.06686941,0.8888558,0.04567234,-0.4509743,0.006477966,0.003179779,-0.02368924,0.3602753,0.05407715,0.9312592,0.02898802,0.002758896,-0.02251874,0.02898802,0.002758896,-0.02251874,0.3491821,0.07849121,0.9337463,0.3491821,0.07849121,0.9337463,5.428055,5.428055,True,True,True
1595112,63779589478128,-13.58734,2.592597,-0.06708664,-0.06686941,0.8888558,0.04567234,-0.4509743,0.006495438,0.003181015,-0.02368839,0.3605194,0.05384827,0.9311829,0.02898929,0.002759323,-0.0225184,0.02898929,0.002759323,-0.0225184,0.3495178,0.07901001,0.9335785,0.3495178,0.07901001,0.9335785,5.430649,5.430649,True,True,True
1595120,63779589478139,-13.58731,2.592562,-0.0671193,-0.06687344,0.8888735,0.04566896,-0.4509394,0.00650853,0.003182007,-0.02368782,0.3606262,0.05354309,0.9311676,0.02898929,0.002761154,-0.02251836,0.02898929,0.002761154,-0.02251836,0.3499451,0.07858276,0.9334564,0.3499451,0.07858276,0.9334564,5.446411,5.446411,True,True,True
1595129,63779589478150,-13.58726,2.592567,-0.06719488,-0.06691056,0.888866,0.04564502,-0.450951,0.006409958,0.003184052,-0.02369286,0.3605652,0.05380249,0.9311676,0.02898929,0.002761383,-0.02251755,0.02898929,0.002761383,-0.02251755,0.3497772,0.07913208,0.9334717,0.3497772,0.07913208,0.9334717,5.430939,5.430939,True,True,True
1595137,63779589478162,-13.58727,2.592515,-0.06724584,-0.06690718,0.8888798,0.04564123,-0.4509246,0.006424454,0.003184006,-0.02369231,0.3607941,0.05403137,0.931076,0.02898929,0.00276152,-0.02251737,0.02898929,0.00276152,-0.02251737,0.3501129,0.07943726,0.9333191,0.3501129,0.07943726,0.9333191,5.429169,5.429169,True,True,True
1595145,63779589478172,-13.58727,2.59253,-0.06726509,-0.06702328,0.8888549,0.04560787,-0.4509598,0.006364151,0.003185364,-0.02369501,0.3605957,0.05404663,0.9311371,0.02898929,0.002761749,-0.02251625,0.02898929,0.002761749,-0.02251625,0.3497467,0.0796814,0.9334412,0.3497467,0.0796814,0.9334412,5.427826,5.427826,True,True,True
1595154,63779589478172,-13.58727,2.59253,-0.06726509,-0.06702328,0.8888549,0.04560787,-0.4509598,0.006341843,0.003186157,-0.02369571,0.360672,0.05366516,0.9311371,0.02898929,0.002762009,-0.02251492,0.02898929,0.002762009,-0.02251492,0.3497467,0.07910156,0.9334869,0.3497467,0.07910156,0.9334869,5.427185,5.427185,True,True,True
1595162,63779589478183,-13.58727,2.592451,-0.06731284,-0.06704228,0.8888015,0.04562942,-0.4510602,0.006366852,0.003185929,-0.02369467,0.3607788,0.05433655,0.9310608,0.02898929,0.002762131,-0.02251491,0.02898929,0.002762131,-0.02251491,0.3501129,0.08024597,0.9332581,0.3501129,0.08024597,0.9332581,5.428436,5.428436,True,True,True
1595170,63779589478195,-13.58735,2.592466,-0.0672943,-0.06712781,0.8887904,0.04566329,-0.4510658,0.006329834,0.003186875,-0.0236964,0.3604736,0.05430603,0.9311676,0.02898929,0.002762375,-0.02251419,0.02898929,0.002762375,-0.02251419,0.349762,0.08030701,0.9333801,0.349762,0.08030701,0.9333801,5.428284,5.428284,True,True,True
1595179,63779589478195,-13.58735,2.592466,-0.0672943,-0.06712781,0.8887904,0.04566329,-0.4510658,0.006334183,0.003187058,-0.02369557,0.3603973,0.05422974,0.9312134,0.02898868,0.002762757,-0.02251311,0.02898868,0.002762757,-0.02251311,0.3496094,0.0801239,0.9334564,0.3496094,0.0801239,0.9334564,5.426819,5.426819,True,True,True
1595187,63779589478206,-13.58734,2.592454,-0.0673033,-0.06708686,0.8887475,0.04566416,-0.4511564,0.006263977,0.003188401,-0.02369821,0.3598633,0.05406189,0.931427,0.02898612,0.002762757,-0.0225112,0.02898612,0.002762757,-0.0225112,0.3489532,0.08000183,0.9337006,0.3489532,0.08000183,0.9337006,5.427704,5.427704,True,True,True
1595195,63779589478216,-13.58735,2.59246,-0.06731832,-0.06709,0.8887873,0.04561487,-0.4510824,0.006257889,0.003188599,-0.02369769,0.3600006,0.0539856,0.9313812,0.02898612,0.002762757,-0.02250929,0.02898612,0.002762757,-0.02250929,0.3493347,0.07991028,0.9335785,0.3493347,0.07991028,0.9335785,5.429321,5.429321,True,True,True
1595204,63779589478228,-13.58734,2.592444,-0.06733537,-0.06693074,0.8887393,0.04558549,-0.4512035,0.006309967,0.003187622,-0.02369487,0.3595734,0.05397034,0.9315491,0.02898612,0.002762757,-0.02250897,0.02898612,0.002762757,-0.02250897,0.3487091,0.07978821,0.9338226,0.3487091,0.07978821,0.9338226,5.427475,5.427475,True,True,True
1595212,63779589478239,-13.58734,2.592451,-0.06734282,-0.06686788,0.8887088,0.04546582,-0.4512851,0.00640239,0.003185898,-0.02368984,0.3608856,0.05485535,0.9309845,0.02898612,0.002762757,-0.02250824,0.02898612,0.002762757,-0.02250824,0.3502502,0.08097839,0.933136,0.3502502,0.08097839,0.933136,5.448746,5.448746,True,True,True
1595220,63779589478239,-13.58734,2.592451,-0.06734282,-0.06686788,0.8887088,0.04546582,-0.4512851,0.006391648,0.003185898,-0.02369,0.3608856,0.05484009,0.9309845,0.02898612,0.002762421,-0.02250752,0.02898612,0.002762421,-0.02250752,0.3502502,0.08102417,0.933136,0.3502502,0.08102417,0.933136,5.448822,5.448822,True,True,True
1595229,63779589478250,-13.5874,2.592441,-0.06731647,-0.06679074,0.8887524,0.04542462,-0.4512147,0.006419602,0.003185364,-0.02368834,0.3594666,0.05474854,0.9315338,0.02898612,0.002762421,-0.022507,0.02898612,0.002762421,-0.022507,0.3487396,0.08081055,0.9337158,0.3487396,0.08081055,0.9337158,5.430588,5.430588,True,True,True
1595237,63779589478262,-13.58734,2.592437,-0.06728047,-0.06676763,0.8887529,0.04534117,-0.4512255,0.006425217,0.003185257,-0.0236881,0.3598785,0.0541687,0.9314117,0.02898612,0.002762421,-0.02250694,0.02898612,0.002762421,-0.02250694,0.3495789,0.07984924,0.9334869,0.3495789,0.07984924,0.9334869,5.430252,5.430252,True,True,True
1595245,63779589478262,-13.58734,2.592437,-0.06728047,-0.06676763,0.8887529,0.04534117,-0.4512255,0.00647081,0.003184403,-0.02368576,0.3593292,0.05415344,0.9316254,0.02898612,0.002762421,-0.02250678,0.02898612,0.002762421,-0.02250678,0.3487396,0.07974243,0.9338074,0.3487396,0.07974243,0.9338074,5.427444,5.427444,True,True,True
1595254,63779589478273,-13.58733,2.592435,-0.06726778,-0.06664809,0.8887228,0.04537385,-0.4512993,0.006512177,0.003182663,-0.02368337,0.359314,0.05461121,0.9316101,0.02898613,0.002760864,-0.02250635,0.02898613,0.002760864,-0.02250635,0.3487396,0.0799408,0.9337921,0.3487396,0.0799408,0.9337921,5.42778,5.42778,True,True,True
1595262,63779589478284,-13.58733,2.592417,-0.0672527,-0.06657583,0.8886982,0.04534763,-0.4513609,0.006519379,0.003180863,-0.02368303,0.3590546,0.05506897,0.9316864,0.02898654,0.002758133,-0.02250623,0.02898654,0.002758133,-0.02250623,0.3484192,0.08065796,0.9338531,0.3484192,0.08065796,0.9338531,5.428085,5.428085,True,True,True
1595270,63779589478294,-13.58731,2.592456,-0.06724191,-0.06662632,0.8887007,0.04537747,-0.4513457,0.006632858,0.003178299,-0.02367773,0.3593903,0.05458069,0.9315796,0.02898734,0.002757416,-0.02250612,0.02898734,0.002757416,-0.02250612,0.3490906,0.07958984,0.9336853,0.3490906,0.07958984,0.9336853,5.430023,5.430023,True,True,True
1595279,63779589478305,-13.58728,2.59246,-0.06731081,-0.06650783,0.8886361,0.04548463,-0.4514796,0.00670549,0.003176498,-0.02367398,0.3593597,0.05551147,0.9315338,0.02898778,0.002756714,-0.02250603,0.02898778,0.002756714,-0.02250603,0.3492126,0.08004761,0.933609,0.3492126,0.08004761,0.933609,5.430313,5.430313,True,True,True
1595287,63779589478305,-13.58728,2.59246,-0.06731081,-0.06650783,0.8886361,0.04548463,-0.4514796,0.00670755,0.003173935,-0.02367394,0.3596802,0.05621338,0.931366,0.0289894,0.00275293,-0.02250581,0.0289894,0.00275293,-0.02250581,0.3496399,0.08110046,0.9333649,0.3496399,0.08110046,0.9333649,5.431519,5.431519,True,True,True
1595295,63779589478317,-13.58725,2.592489,-0.06728393,-0.06645019,0.8886038,0.04562852,-0.451537,0.006779938,0.003170502,-0.02366982,0.3598633,0.05682373,0.9312592,0.02898978,0.002750504,-0.02250521,0.02898978,0.002750504,-0.02250521,0.3496399,0.08169556,0.9333038,0.3496399,0.08169556,0.9333038,5.423096,5.423096,True,True,True
1595304,63779589478328,-13.58722,2.592528,-0.06735766,-0.06630078,0.8885608,0.04560257,-0.4516463,0.006797715,0.003169556,-0.02366895,0.3599548,0.05685425,0.9312286,0.02899124,0.002750092,-0.02250491,0.02899124,0.002750092,-0.02250491,0.3501129,0.08157349,0.933136,0.3501129,0.08157349,0.933136,5.432098,5.432098,True,True,True
1595312,63779589478339,-13.58726,2.592541,-0.06731683,-0.06631308,0.8885216,0.04576417,-0.4517053,0.006776551,0.003168473,-0.0236707,0.36026,0.05726624,0.931076,0.02899428,0.002748032,-0.02250478,0.02899428,0.002748032,-0.02250478,0.3502808,0.08209229,0.9330292,0.3502808,0.08209229,0.9330292,5.413361,5.413361,True,True,True
1595320,63779589478339,-13.58726,2.592541,-0.06731683,-0.06631308,0.8885216,0.04576417,-0.4517053,0.006734131,0.003168869,-0.02367235,0.36026,0.05696106,0.9311066,0.02899521,0.002747955,-0.02250328,0.02899521,0.002747955,-0.02250328,0.3500214,0.08197021,0.933136,0.3500214,0.08197021,0.933136,5.413132,5.413132,True,True,True
1595329,63779589478350,-13.58722,2.592582,-0.06733978,-0.06631783,0.8884397,0.0459076,-0.4518511,0.006803986,0.003167313,-0.02366771,0.3596802,0.05543518,0.9314117,0.02899535,0.00274765,-0.02250145,0.02899535,0.00274765,-0.02250145,0.3491058,0.08108521,0.9335632,0.3491058,0.08108521,0.9335632,5.412094,5.412094,True,True,True
1595337,63779589478361,-13.58719,2.592594,-0.06731856,-0.06634538,0.8883433,0.04602283,-0.4520247,0.006773117,0.003166245,-0.02366974,0.3598175,0.05581665,0.9313354,0.02899642,0.002746994,-0.02250054,0.02899642,0.002746994,-0.02250054,0.3493958,0.08120728,0.9334412,0.3493958,0.08120728,0.9334412,5.412567,5.412567,True,True,True
1595345,63779589478372,-13.58719,2.592641,-0.06728756,-0.06645656,0.8884276,0.04617727,-0.451827,0.006742096,0.003166351,-0.02367114,0.359726,0.05587769,0.931366,0.02899823,0.002746994,-0.02249962,0.02899823,0.002746994,-0.02249962,0.3491974,0.08114624,0.9335175,0.3491974,0.08114624,0.9335175,5.412567,5.412567,True,True,True
1595354,63779589478372,-13.58719,2.592641,-0.06728756,-0.06645656,0.8884276,0.04617727,-0.451827,0.00682164,0.003164215,-0.02366699,0.3594818,0.05606079,0.9314575,0.02899884,0.002746948,-0.02249883,0.02899884,0.002746948,-0.02249883,0.3487854,0.08102417,0.9336853,0.3487854,0.08102417,0.9336853,5.404099,5.404099,True,True,True
1595362,63779589478384,-13.58717,2.592634,-0.06724685,-0.0664835,0.8884475,0.04639338,-0.4517617,0.00669899,0.003165299,-0.02367366,0.3596649,0.05674744,0.9313507,0.02900231,0.002745972,-0.02249881,0.02900231,0.002745972,-0.02249881,0.3484497,0.08200073,0.9337158,0.3484497,0.08200073,0.9337158,5.397873,5.397873,True,True,True
1595370,63779589478394,-13.58713,2.592708,-0.06719726,-0.06645573,0.8885029,0.04648226,-0.4516477,0.005980698,0.003191178,-0.02368109,0.3539276,0.04603577,0.9341278,0.02907747,0.00275351,-0.02245445,0.02907747,0.00275351,-0.02245445,0.3430634,0.06730652,0.9368896,0.3430634,0.06730652,0.9368896,5.430084,5.430084,True,True,True
1595379,63779589478406,-13.58715,2.592714,-0.06713015,-0.06642059,0.888514,0.04674138,-0.4516042,0.005239914,0.003234238,-0.02367041,0.3186493,0.05076599,0.9465027,0.02927275,0.002779175,-0.02239955,0.02927275,0.002779175,-0.02239955,0.3007202,0.07284546,0.9509125,0.3007202,0.07284546,0.9509125,5.312607,5.312607,True,True,True
1595387,63779589478406,-13.58715,2.592714,-0.06713015,-0.06642059,0.888514,0.04674138,-0.4516042,0.00569545,0.0032491,-0.02362012,0.2830963,0.07070923,0.9564667,0.02943752,0.002788574,-0.02238465,0.02943752,0.002788574,-0.02238465,0.2628632,0.09793091,0.9598389,0.2628632,0.09793091,0.9598389,5.262054,5.262054,True,True,True
1595395,63779589478417,-13.58712,2.592739,-0.06710947,-0.06635374,0.8885487,0.0468593,-0.4515335,0.00911908,0.00321022,-0.02340921,0.2578125,0.07511902,0.9632568,0.02953832,0.002806748,-0.02234703,0.02953832,0.002806748,-0.02234703,0.2424011,0.09309387,0.9656982,0.2424011,0.09309387,0.9656982,5.341263,5.341263,True,True,True
1595404,63779589478428,-13.58705,2.592755,-0.06708747,-0.06641397,0.8885854,0.04699904,-0.4514379,0.01098023,0.003188873,-0.02330246,0.2466431,0.07958984,0.9658203,0.02958252,0.002817276,-0.0223347,0.02958252,0.002817276,-0.0223347,0.2326508,0.09326172,0.9680634,0.2326508,0.09326172,0.9680634,5.256699,5.256699,True,True,True
1595412,63779589478428,-13.58705,2.592755,-0.06708747,-0.06641397,0.8885854,0.04699904,-0.4514379,0.01227661,0.003162934,-0.02322696,0.2479248,0.07318115,0.9660034,0.02958109,0.002815445,-0.02232799,0.02958109,0.002815445,-0.02232799,0.2378845,0.08624268,0.967453,0.2378845,0.08624268,0.967453,5.308975,5.308975,True,True,True
1595420,63779589478439,-13.58701,2.592765,-0.06715155,-0.06652758,0.8886133,0.04719003,-0.4513464,0.01412814,0.00312413,-0.02313638,0.2400818,0.08105469,0.9673615,0.02956607,0.002814881,-0.02233585,0.02956607,0.002814881,-0.02233585,0.2276459,0.09573364,0.9690094,0.2276459,0.09573364,0.9690094,5.22876,5.22876,True,True,True
1595429,63779589478450,-13.58695,2.592803,-0.06712723,-0.06655205,0.8886742,0.04739083,-0.4512019,0.01455582,0.003112045,-0.02310954,0.2384644,0.07933044,0.9678955,0.02956419,0.002810715,-0.02233026,0.02956419,0.002810715,-0.02233026,0.2269135,0.09368896,0.9693909,0.2269135,0.09368896,0.9693909,5.300095,5.300095,True,True,True
1595437,63779589478462,-13.58704,2.592827,-0.0671193,-0.06663395,0.8887043,0.04745652,-0.4511234,0.01311948,0.003140442,-0.0231817,0.2361603,0.07711792,0.9686432,0.02956406,0.002810349,-0.02232758,0.02956406,0.002810349,-0.02232758,0.2232513,0.0921936,0.9703827,0.2232513,0.0921936,0.9703827,5.247543,5.247543,True,True,True
1595445,63779589478472,-13.58701,2.592833,-0.06705105,-0.06662537,0.8887492,0.0475837,-0.4510228,0.01174606,0.003167832,-0.02325443,0.2395172,0.07650757,0.967865,0.02956397,0.002809998,-0.02232938,0.02956397,0.002809998,-0.02232938,0.2266083,0.09286499,0.9695435,0.2266083,0.09286499,0.9695435,5.269485,5.269485,True,True,True
1595454,63779589478472,-13.58701,2.592833,-0.06705105,-0.06662537,0.8887492,0.0475837,-0.4510228,0.009112061,0.003219727,-0.0233911,0.2418671,0.07423401,0.967453,0.02956409,0.002808594,-0.022329,0.02956409,0.002808594,-0.022329,0.2274017,0.09269714,0.9693756,0.2274017,0.09269714,0.9693756,5.268295,5.268295,True,True,True
1595462,63779589478483,-13.587,2.592798,-0.06704557,-0.06658258,0.8888208,0.04761532,-0.4508848,0.008136139,0.00323851,-0.02344191,0.2430725,0.07376099,0.9671936,0.02956419,0.002807205,-0.02232862,0.02956419,0.002807205,-0.02232862,0.228241,0.09254456,0.9691925,0.228241,0.09254456,0.9691925,5.269958,5.269958,True,True,True
1595470,63779589478494,-13.58695,2.592812,-0.06710494,-0.06647371,0.8888427,0.04749316,-0.4508705,0.007340653,0.003254456,-0.02348357,0.2430725,0.07398987,0.9671783,0.02956538,0.002807022,-0.02232849,0.02956538,0.002807022,-0.02232849,0.2277832,0.09313965,0.9692383,0.2277832,0.09313965,0.9692383,5.271866,5.271866,True,True,True
1595479,63779589478505,-13.58696,2.592779,-0.06711262,-0.06631714,0.8888879,0.04757328,-0.4507961,0.007182465,0.003257507,-0.02349193,0.2436218,0.07328796,0.9670868,0.02956656,0.002806854,-0.02232862,0.02956656,0.002806854,-0.02232862,0.2288971,0.09272766,0.9690094,0.2288971,0.09272766,0.9690094,5.273712,5.273712,True,True,True
1595487,63779589478505,-13.58696,2.592779,-0.06711262,-0.06631714,0.8888879,0.04757328,-0.4507961,0.007116639,0.003258194,-0.02349565,0.2451324,0.07341003,0.9666901,0.02956973,0.002805725,-0.02232889,0.02956973,0.002805725,-0.02232889,0.2314301,0.09280396,0.968399,0.2314301,0.09280396,0.968399,5.278366,5.278366,True,True,True
1595495,63779589478517,-13.58694,2.592785,-0.06707883,-0.06622282,0.8889156,0.04758242,-0.4507544,0.007147767,0.003256958,-0.02349468,0.2467194,0.07398987,0.9662476,0.02957289,0.002804596,-0.02232918,0.02957289,0.002804596,-0.02232918,0.2339783,0.09356689,0.9677277,0.2339783,0.09356689,0.9677277,5.283417,5.283417,True,True,True
1595504,63779589478528,-13.58695,2.592793,-0.0670532,-0.06611594,0.888934,0.04754444,-0.4507379,0.007288529,0.003254151,-0.02348784,0.2457886,0.07380676,0.9664917,0.02957533,0.002804565,-0.02232929,0.02957533,0.002804565,-0.02232929,0.2329254,0.09320068,0.9680023,0.2329254,0.09320068,0.9680023,5.279129,5.279129,True,True,True
1595512,63779589478539,-13.58696,2.59279,-0.06698924,-0.0660402,0.8889191,0.04762948,-0.4507693,0.00732164,0.003253433,-0.02348654,0.2460175,0.07348633,0.9664612,0.02957776,0.00280452,-0.02232938,0.02957776,0.00280452,-0.02232938,0.2335358,0.09295654,0.9678802,0.2335358,0.09295654,0.9678802,5.282928,5.282928,True,True,True
1595520,63779589478539,-13.58696,2.59279,-0.06698924,-0.0660402,0.8889191,0.04762948,-0.4507693,0.007334687,0.003252228,-0.0234865,0.2469177,0.07398987,0.9662018,0.02958069,0.002802887,-0.02232982,0.02958069,0.002802887,-0.02232982,0.235199,0.09339905,0.9674377,0.235199,0.09339905,0.9674377,5.285553,5.285553,True,True,True
1595529,63779589478550,-13.58694,2.592803,-0.06700301,-0.06593703,0.8889334,0.04761758,-0.4507574,0.007326386,0.003251587,-0.02348703,0.2463074,0.07388306,0.9663544,0.02957776,0.00280159,-0.02233011,0.02957776,0.00280159,-0.02233011,0.234024,0.09362793,0.9676971,0.234024,0.09362793,0.9676971,5.28334,5.28334,True,True,True
1595537,63779589478561,-13.58693,2.592782,-0.06699294,-0.06588922,0.8889087,0.04756668,-0.4508185,0.007308731,0.003251907,-0.02348811,0.2472992,0.07376099,0.9661255,0.02958069,0.002801437,-0.02233019,0.02958069,0.002801437,-0.02233019,0.2354431,0.09379578,0.9673462,0.2354431,0.09379578,0.9673462,5.285828,5.285828,True,True,True
1595545,63779589478572,-13.58692,2.592793,-0.06699991,-0.06573524,0.8889512,0.04748988,-0.4507652,0.007290314,0.003252304,-0.02348924,0.2466583,0.07394409,0.9662628,0.02957776,0.00280159,-0.02233026,0.02957776,0.00280159,-0.02233026,0.2352905,0.09390259,0.9673615,0.2352905,0.09390259,0.9673615,5.287674,5.287674,True,True,True
1595554,63779589478572,-13.58692,2.592793,-0.06699991,-0.06573524,0.8889512,0.04748988,-0.4507652,0.00729245,0.003252167,-0.0234895,0.2474365,0.07429504,0.9660339,0.02958362,0.00280127,-0.02233011,0.02958362,0.00280127,-0.02233011,0.2368164,0.0940094,0.96698,0.2368164,0.0940094,0.96698,5.284439,5.284439,True,True,True
1595562,63779589478584,-13.58681,2.592805,-0.06696975,-0.06560812,0.8889682,0.04734699,-0.4507654,0.007287384,0.003252259,-0.02348993,0.2480927,0.07440186,0.9658661,0.02958362,0.00280127,-0.02233011,0.02958362,0.00280127,-0.02233011,0.2375946,0.09385681,0.9668121,0.2375946,0.09385681,0.9668121,5.28476,5.28476,True,True,True
1595570,63779589478595,-13.58675,2.592836,-0.06691068,-0.06558455,0.888965,0.04739152,-0.4507703,0.007273713,0.003252518,-0.02349062,0.2480011,0.0743866,0.9658813,0.02958362,0.00280127,-0.02233011,0.02958362,0.00280127,-0.02233011,0.2376251,0.09385681,0.9667969,0.2376251,0.09385681,0.9667969,5.288406,5.288406,True,True,True
1595579,63779589478605,-13.58674,2.592854,-0.06693292,-0.06560844,0.8889784,0.04750602,-0.4507286,0.00728093,0.003252381,-0.02349046,0.2480469,0.07426453,0.9658813,0.02958415,0.00280127,-0.02233011,0.02958415,0.00280127,-0.02233011,0.237793,0.09391785,0.9667511,0.237793,0.09391785,0.9667511,5.290329,5.290329,True,True,True
1595587,63779589478605,-13.58674,2.592854,-0.06693292,-0.06560844,0.8889784,0.04750602,-0.4507286,0.007288605,0.003252228,-0.02349014,0.2476349,0.07435608,0.9659882,0.02958415,0.00280127,-0.02233011,0.02958415,0.00280127,-0.02233011,0.2371521,0.0940094,0.9669037,0.2371521,0.0940094,0.9669037,5.305679,5.305679,True,True,True
1595595,63779589478616,-13.58666,2.592842,-0.06691736,-0.06565613,0.8889869,0.04775508,-0.4506784,0.006983963,0.003258316,-0.0235062,0.248291,0.07406616,0.9658356,0.02958415,0.00280127,-0.02233011,0.02958415,0.00280127,-0.02233011,0.2379761,0.09413147,0.9666901,0.2379761,0.09413147,0.9666901,5.31189,5.31189,True,True,True
1595604,63779589478628,-13.58664,2.592858,-0.06693518,-0.06586733,0.8888994,0.04793118,-0.4508016,0.006985291,0.003258469,-0.02350612,0.2485657,0.07514954,0.965683,0.02958415,0.00280159,-0.02233011,0.02958415,0.00280159,-0.02233011,0.2380066,0.09567261,0.9665375,0.2380066,0.09567261,0.9665375,5.313461,5.313461,True,True,True
1595612,63779589478638,-13.58666,2.592863,-0.06691325,-0.06611902,0.8888626,0.04801613,-0.4508281,0.007007676,0.003258667,-0.02350545,0.2491608,0.07518005,0.9655304,0.02958832,0.002802582,-0.02232944,0.02958832,0.002802582,-0.02232944,0.2390594,0.09533691,0.9663086,0.2390594,0.09533691,0.9663086,5.310806,5.310806,True,True,True
1595620,63779589478638,-13.58666,2.592863,-0.06691325,-0.06611902,0.8888626,0.04801613,-0.4508281,0.006989563,0.00325885,-0.02350623,0.2486267,0.0749054,0.965683,0.02958875,0.002802597,-0.02232822,0.02958875,0.002802597,-0.02232822,0.2383118,0.09521484,0.966507,0.2383118,0.09521484,0.966507,5.313385,5.313385,True,True,True
1595629,63779589478650,-13.58663,2.592828,-0.06685442,-0.06633225,0.888849,0.04798856,-0.4508266,0.006941834,0.003259308,-0.02350806,0.2486572,0.07498169,0.965683,0.02958875,0.002802597,-0.02232626,0.02958875,0.002802597,-0.02232626,0.2383118,0.09513855,0.966507,0.2383118,0.09513855,0.966507,5.313278,5.313278,True,True,True
1595637,63779589478661,-13.58657,2.592848,-0.06685269,-0.06650895,0.8888181,0.04782408,-0.4508789,0.007068009,0.00325676,-0.02349941,0.2491913,0.07531738,0.9655151,0.02958875,0.002802597,-0.02232262,0.02958875,0.002802597,-0.02232262,0.239212,0.09506226,0.9662933,0.239212,0.09506226,0.9662933,5.313538,5.313538,True,True,True
1595645,63779589478672,-13.58658,2.592854,-0.0668335,-0.06660801,0.8888308,0.04778405,-0.4508436,0.007061707,0.003256882,-0.02349927,0.2490692,0.07530212,0.9655457,0.02958875,0.002802597,-0.02232137,0.02958875,0.002802597,-0.02232137,0.2383423,0.09500122,0.9665222,0.2383423,0.09500122,0.9665222,5.313354,5.313354,True,True,True
1595654,63779589478672,-13.58658,2.592854,-0.0668335,-0.06660801,0.8888308,0.04778405,-0.4508436,0.007080032,0.003256516,-0.02349848,0.248703,0.07537842,0.9656372,0.02958928,0.002802597,-0.02232115,0.02958928,0.002802597,-0.02232115,0.2386017,0.09510803,0.9664459,0.2386017,0.09510803,0.9664459,5.326263,5.326263,True,True,True
1595662,63779589478683,-13.58657,2.592838,-0.06679684,-0.066636,0.8888895,0.04777537,-0.4507246,0.007045868,0.003257202,-0.02350072,0.2485352,0.07597351,0.9656372,0.02958928,0.002802597,-0.02232089,0.02958928,0.002802597,-0.02232089,0.2386017,0.09542847,0.9664154,0.2386017,0.09542847,0.9664154,5.326599,5.326599,True,True,True
1595670,63779589478694,-13.58657,2.592857,-0.06676358,-0.0665377,0.8889621,0.04772956,-0.4506006,0.007013459,0.003257858,-0.02350224,0.2476807,0.0758667,0.9658508,0.02959081,0.002802597,-0.02232045,0.02959081,0.002802597,-0.02232045,0.2372894,0.0953064,0.9667358,0.2372894,0.0953064,0.9667358,5.313644,5.313644,True,True,True
1595679,63779589478705,-13.58652,2.592795,-0.06681836,-0.06652487,0.8890087,0.04763311,-0.4505209,0.00698938,0.003258347,-0.02350221,0.2487946,0.07539368,0.9656067,0.02959081,0.002802597,-0.02231833,0.02959081,0.002802597,-0.02231833,0.2389069,0.09519958,0.9663544,0.2389069,0.09519958,0.9663544,5.313873,5.313873,True,True,True
1595687,63779589478705,-13.58652,2.592795,-0.06681836,-0.06652487,0.8890087,0.04763311,-0.4505209,0.007015274,0.003257706,-0.02350075,0.2487946,0.07522583,0.9656219,0.02959081,0.002802429,-0.02231802,0.02959081,0.002802429,-0.02231802,0.2390137,0.09529114,0.9663239,0.2390137,0.09529114,0.9663239,5.326981,5.326981,True,True,True
1595695,63779589478717,-13.58648,2.592758,-0.06680995,-0.06648721,0.8890489,0.04762216,-0.4504483,0.007075501,0.003255493,-0.02349767,0.248642,0.0741272,0.965744,0.02959081,0.002801407,-0.02231755,0.02959081,0.002801407,-0.02231755,0.2389069,0.09501648,0.9663696,0.2389069,0.09501648,0.9663696,5.313736,5.313736,True,True,True
1595704,63779589478728,-13.58654,2.592701,-0.06682676,-0.0664866,0.8890972,0.0476107,-0.4503543,0.0070094,0.003256821,-0.02350105,0.248642,0.07408142,0.965744,0.02959081,0.002801407,-0.0223172,0.02959081,0.002801407,-0.0223172,0.2388916,0.0949707,0.9663849,0.2388916,0.0949707,0.9663849,5.310959,5.310959,True,True,True
1595712,63779589478739,-13.58651,2.592678,-0.06684697,-0.0665258,0.889138,0.04754203,-0.4502751,0.007091278,0.003254944,-0.02349655,0.248703,0.07406616,0.9657288,0.02959081,0.002801041,-0.02231656,0.02959081,0.002801041,-0.02231656,0.2390747,0.09487915,0.9663391,0.2390747,0.09487915,0.9663391,5.304871,5.304871,True,True,True
1595720,63779589478739,-13.58651,2.592678,-0.06684697,-0.0665258,0.889138,0.04754203,-0.4502751,0.007052033,0.003255737,-0.02349857,0.2484589,0.07354736,0.9658356,0.02959081,0.002801041,-0.02231632,0.02959081,0.002801041,-0.02231632,0.2387695,0.09399414,0.966507,0.2387695,0.09399414,0.966507,5.296326,5.296326,True,True,True
1595729,63779589478750,-13.58649,2.592667,-0.06680858,-0.0664989,0.8891885,0.04749036,-0.4501847,0.007035614,0.003256058,-0.02349797,0.2473297,0.07318115,0.966156,0.02959081,0.002801041,-0.0223138,0.02959081,0.002801041,-0.0223138,0.2369232,0.09352112,0.9670105,0.2369232,0.09352112,0.9670105,5.296066,5.296066,True,True,True
1595737,63779589478761,-13.58639,2.592698,-0.06679708,-0.06641977,0.8892956,0.04741398,-0.449993,0.007007737,0.003256165,-0.02349904,0.246994,0.07327271,0.9662323,0.02958984,0.002800308,-0.02231311,0.02958984,0.002800308,-0.02231311,0.2367249,0.09376526,0.9670258,0.2367249,0.09376526,0.9670258,5.303436,5.303436,True,True,True
1595745,63779589478772,-13.58637,2.592684,-0.06677628,-0.06631877,0.8893532,0.04732217,-0.4499036,0.006931763,0.00325766,-0.02350191,0.2483521,0.07272339,0.9659271,0.02958984,0.002800278,-0.02231076,0.02958984,0.002800278,-0.02231076,0.2388458,0.09291077,0.9665985,0.2388458,0.09291077,0.9665985,5.303452,5.303452,True,True,True
1595754,63779589478772,-13.58637,2.592684,-0.06677628,-0.06631877,0.8893532,0.04732217,-0.4499036,0.006915039,0.003257858,-0.02350272,0.2480927,0.07226563,0.9660339,0.02958873,0.002800278,-0.02231058,0.02958873,0.002800278,-0.02231058,0.2386475,0.09111023,0.9668121,0.2386475,0.09111023,0.9668121,5.302216,5.302216,True,True,True
1595762,63779589478783,-13.5864,2.59271,-0.06675696,-0.06631295,0.88938,0.0471934,-0.4498652,0.006879761,0.003258438,-0.02350394,0.247879,0.0716095,0.9661255,0.02958795,0.002800278,-0.02230954,0.02958795,0.002800278,-0.02230954,0.238266,0.09100342,0.9669189,0.238266,0.09100342,0.9669189,5.293152,5.293152,True,True,True
1595770,63779589478794,-13.58641,2.592686,-0.06669754,-0.0661559,0.8894712,0.04716158,-0.4497112,0.006861466,0.003258789,-0.02350371,0.2478485,0.07148743,0.9661407,0.02958762,0.002800308,-0.02230754,0.02958762,0.002800308,-0.02230754,0.2382965,0.09082031,0.9669342,0.2382965,0.09082031,0.9669342,5.29335,5.29335,True,True,True
1595779,63779589478794,-13.58641,2.592686,-0.06669754,-0.0661559,0.8894712,0.04716158,-0.4497112,0.006840592,0.003259491,-0.02350311,0.247757,0.07121277,0.9661865,0.02958686,0.002801041,-0.02230461,0.02958686,0.002801041,-0.02230461,0.2383118,0.09039307,0.9669647,0.2383118,0.09039307,0.9669647,5.29303,5.29303,True,True,True
1595787,63779589478806,-13.58641,2.592662,-0.06669521,-0.0660947,0.8894702,0.04715437,-0.449723,0.006808976,0.00326033,-0.02350365,0.2477875,0.07106018,0.9662018,0.02958588,0.002801422,-0.02230277,0.02958588,0.002801422,-0.02230277,0.238205,0.09016418,0.9670105,0.238205,0.09016418,0.9670105,5.292908,5.292908,True,True,True
1595795,63779589478817,-13.58641,2.592717,-0.06671792,-0.06594664,0.8895241,0.0468932,-0.4496654,0.006756531,0.003261688,-0.02350621,0.2480011,0.070755,0.966156,0.02958391,0.002802261,-0.02230254,0.02958391,0.002802261,-0.02230254,0.2381744,0.08963013,0.9670715,0.2381744,0.08963013,0.9670715,5.29245,5.29245,True,True,True
1595804,63779589478828,-13.58641,2.5927,-0.06669623,-0.06579718,0.8895983,0.04678961,-0.4495515,0.006758698,0.003262116,-0.02350639,0.2476654,0.07066345,0.9662628,0.02958385,0.002803208,-0.02230205,0.02958385,0.002803208,-0.02230205,0.2376709,0.08935547,0.9672089,0.2376709,0.08935547,0.9672089,5.292282,5.292282,True,True,True
1595812,63779589478828,-13.58645,2.592628,-0.06670249,-0.0659,0.8896446,0.0467391,-0.44945,0.006754486,0.003263718,-0.02350533,0.2471161,0.07026672,0.9664307,0.02958136,0.002805786,-0.02229935,0.02958136,0.002805786,-0.02229935,0.2369995,0.08836365,0.9674683,0.2369995,0.08836365,0.9674683,5.289627,5.289627,True,True,True
1595820,63779589478839,-13.58645,2.592628,-0.06670249,-0.0659,0.8896446,0.0467391,-0.44945,0.006791763,0.003263718,-0.02350142,0.2446289,0.06990051,0.9670868,0.02956593,0.002807434,-0.02229678,0.02956593,0.002807434,-0.02229678,0.2328949,0.08764648,0.9685364,0.2328949,0.08764648,0.9685364,5.287598,5.287598,True,True,True
1595829,63779589478850,-13.58643,2.592613,-0.0667125,-0.06598372,0.8896801,0.04671369,-0.44937,0.006816712,0.003264404,-0.02349912,0.2442627,0.06976318,0.9671783,0.02956024,0.002809586,-0.02229535,0.02956024,0.002809586,-0.02229535,0.2313995,0.08726501,0.9689331,0.2313995,0.08726501,0.9689331,5.288803,5.288803,True,True,True
1595837,63779589478861,-13.58647,2.592597,-0.06671876,-0.06614733,0.8897563,0.04658157,-0.4492089,0.006821228,0.003264435,-0.02349829,0.2460175,0.06999207,0.9667206,0.0295602,0.002809952,-0.02229427,0.0295602,0.002809952,-0.02229427,0.2341766,0.08691406,0.9682922,0.2341766,0.08691406,0.9682922,5.290527,5.290527,True,True,True
1595845,63779589478872,-13.5865,2.592568,-0.06659442,-0.06628564,0.8898649,0.0466067,-0.4489704,0.006819916,0.003265106,-0.02349759,0.2462616,0.06959534,0.9666901,0.02955811,0.002811112,-0.02229215,0.02955811,0.002811112,-0.02229215,0.2346191,0.08686829,0.9681854,0.2346191,0.08686829,0.9681854,5.296051,5.296051,True,True,True
1595854,63779589478872,-13.5865,2.592568,-0.06659442,-0.06628564,0.8898649,0.0466067,-0.4489704,0.006822449,0.003266068,-0.02349703,0.2462463,0.06938171,0.9667053,0.0295556,0.002812851,-0.02229096,0.0295556,0.002812851,-0.02229096,0.2346802,0.0868988,0.9681702,0.2346802,0.0868988,0.9681702,5.296234,5.296234,True,True,True
1595862,63779589478883,-13.58651,2.592531,-0.06655204,-0.06633754,0.8899406,0.04648142,-0.448826,0.006817276,0.00326796,-0.02349603,0.2467804,0.06877136,0.9666138,0.02955377,0.002816147,-0.02228848,0.02955377,0.002816147,-0.02228848,0.2348175,0.08589172,0.9682312,0.2348175,0.08589172,0.9682312,5.295731,5.295731,True,True,True
1595870,63779589478894,-13.58639,2.592525,-0.06652206,-0.06647789,0.8899754,0.04640574,-0.4487439,0.00681604,0.003267975,-0.02349468,0.2466888,0.0687561,0.9666443,0.02955289,0.002816315,-0.02228523,0.02955289,0.002816315,-0.02228523,0.2345428,0.08575439,0.9683075,0.2345428,0.08575439,0.9683075,5.290253,5.290253,True,True,True
1595879,63779589478905,-13.58636,2.592515,-0.06651086,-0.06661832,0.8899719,0.04645548,-0.4487251,0.006780533,0.003269013,-0.02349524,0.24646,0.06887817,0.9666901,0.02955246,0.002817154,-0.02228305,0.02955246,0.002817154,-0.02228305,0.2344818,0.0859375,0.9683075,0.2344818,0.0859375,0.9683075,5.296021,5.296021,True,True,True
1595887,63779589478905,-13.58636,2.592515,-0.06651086,-0.06661832,0.8899719,0.04645548,-0.4487251,0.006790818,0.003269791,-0.02349454,0.2467041,0.0690155,0.9666138,0.02955159,0.002818771,-0.02228114,0.02955159,0.002818771,-0.02228114,0.2349701,0.0859375,0.9681854,0.2349701,0.0859375,0.9681854,5.296051,5.296051,True,True,True
1595895,63779589478916,-13.58636,2.592581,-0.06651425,-0.06683607,0.8900631,0.0464788,-0.448509,0.006810303,0.003270203,-0.02349362,0.2467194,0.06900024,0.9666138,0.02955129,0.00282013,-0.02228058,0.02955129,0.00282013,-0.02228058,0.235321,0.08584595,0.9681091,0.235321,0.08584595,0.9681091,5.317963,5.317963,True,True,True
1595904,63779589478927,-13.58634,2.592555,-0.06651878,-0.06679501,0.8900946,0.04645575,-0.448455,0.006841278,0.003269577,-0.023492,0.2473755,0.06932068,0.9664307,0.02955129,0.00282013,-0.02228058,0.02955129,0.00282013,-0.02228058,0.2365112,0.08587646,0.9678192,0.2365112,0.08587646,0.9678192,5.320847,5.320847,True,True,True
1595912,63779589478939,-13.58633,2.592566,-0.06648207,-0.06683714,0.8901584,0.04641532,-0.4483263,0.006898117,0.003268448,-0.02348891,0.2463684,0.06970215,0.9666595,0.02955129,0.00282013,-0.02228034,0.02955129,0.00282013,-0.02228034,0.2350922,0.08633423,0.9681244,0.2350922,0.08633423,0.9681244,5.320419,5.320419,True,True,True
1595920,63779589478939,-13.58633,2.592566,-0.06648207,-0.06683714,0.8901584,0.04641532,-0.4483263,0.006984131,0.003266739,-0.02348412,0.2467346,0.07019043,0.9665222,0.02955129,0.00282013,-0.02227892,0.02955129,0.00282013,-0.02227892,0.2351074,0.08691406,0.9680634,0.2351074,0.08691406,0.9680634,5.321228,5.321228,True,True,True
1595929,63779589478950,-13.58628,2.592621,-0.06648785,-0.06683576,0.8901874,0.04638935,-0.4482715,0.007040223,0.003265762,-0.02347992,0.247345,0.07037354,0.9663544,0.02955129,0.00282013,-0.02227676,0.02955129,0.00282013,-0.02227676,0.2365265,0.08683777,0.9677277,0.2365265,0.08683777,0.9677277,5.321899,5.321899,True,True,True
1595937,63779589478961,-13.58627,2.592611,-0.06647259,-0.06700368,0.8902006,0.04633272,-0.4482261,0.007185791,0.00326358,-0.02347194,0.2472992,0.07051086,0.9663544,0.02955129,0.002821259,-0.02227567,0.02955129,0.002821259,-0.02227567,0.2366028,0.08683777,0.9677124,0.2366028,0.08683777,0.9677124,5.323395,5.323395,True,True,True
1595945,63779589478972,-13.58625,2.592622,-0.06643206,-0.06700967,0.8902138,0.04621389,-0.4482111,0.007091156,0.003265762,-0.02347646,0.2474976,0.07032776,0.9663239,0.02955129,0.00282164,-0.02227474,0.02955129,0.00282164,-0.02227474,0.2369232,0.08668518,0.9676361,0.2369232,0.08668518,0.9676361,5.323456,5.323456,True,True,True
1595954,63779589478972,-13.58625,2.592622,-0.06643206,-0.06700967,0.8902138,0.04621389,-0.4482111,0.007196946,0.003263886,-0.02347052,0.2476044,0.07040405,0.9662933,0.02955129,0.002821823,-0.02227406,0.02955129,0.002821823,-0.02227406,0.2373505,0.08674622,0.9675293,0.2373505,0.08674622,0.9675293,5.322006,5.322006,True,True,True
1595962,63779589478983,-13.58636,2.592596,-0.06642181,-0.06710722,0.8902183,0.04617409,-0.4481919,0.007265442,0.003263413,-0.02346721,0.249939,0.07044983,0.965683,0.02956195,0.002821854,-0.02227332,0.02956195,0.002821854,-0.02227332,0.2412567,0.08699036,0.9665375,0.2412567,0.08699036,0.9665375,5.325012,5.325012,True,True,True
1595970,63779589478994,-13.58637,2.592612,-0.06640244,-0.06710871,0.8902076,0.04610291,-0.4482203,0.007277909,0.003264236,-0.02346518,0.2507782,0.07095337,0.9654236,0.02956195,0.002822312,-0.0222709,0.02956195,0.002822312,-0.0222709,0.2427216,0.08773804,0.9661102,0.2427216,0.08773804,0.9661102,5.325928,5.325928,True,True,True
1595979,63779589479005,-13.58635,2.592528,-0.06632835,-0.06706212,0.8902003,0.04621824,-0.4482298,0.007369065,0.003263138,-0.02346054,0.2507477,0.07150269,0.9653931,0.02956195,0.002822632,-0.02227052,0.02956195,0.002822632,-0.02227052,0.2427216,0.08764648,0.9661102,0.2427216,0.08764648,0.9661102,5.325989,5.325989,True,True,True
1595987,63779589479005,-13.58635,2.592528,-0.06632835,-0.06706212,0.8902003,0.04621824,-0.4482298,0.007333725,0.003264786,-0.02346188,0.2517395,0.0715332,0.9651337,0.02956195,0.00282338,-0.02226901,0.02956195,0.00282338,-0.02226901,0.2443237,0.08792114,0.9656982,0.2443237,0.08792114,0.9656982,5.327042,5.327042,True,True,True
1595995,63779589479016,-13.58636,2.592547,-0.06627506,-0.06701218,0.890204,0.04616887,-0.4482351,0.007360153,0.003264725,-0.02345972,0.2523651,0.07197571,0.9649353,0.02956195,0.00282338,-0.02226747,0.02956195,0.00282338,-0.02226747,0.2453461,0.08880615,0.9653473,0.2453461,0.08880615,0.9653473,5.332901,5.332901,True,True,True
1596004,63779589479027,-13.58638,2.592561,-0.06623167,-0.06698848,0.8901721,0.04616043,-0.448303,0.007324753,0.003266464,-0.02346147,0.2526703,0.07196045,0.964859,0.02956195,0.002823608,-0.0222672,0.02956195,0.002823608,-0.0222672,0.2457428,0.08892822,0.9652405,0.2457428,0.08892822,0.9652405,5.32811,5.32811,True,True,True
1596012,63779589479038,-13.58638,2.592566,-0.06618208,-0.06691536,0.8901399,0.04617139,-0.4483765,0.007019364,0.003273331,-0.02347797,0.2527618,0.07299805,0.9647522,0.02956195,0.00282399,-0.0222672,0.02956195,0.00282399,-0.0222672,0.2457428,0.09022522,0.9651184,0.2457428,0.09022522,0.9651184,5.329193,5.329193,True,True,True
1596020,63779589479038,-13.58638,2.592566,-0.06618208,-0.06691536,0.8901399,0.04617139,-0.4483765,0.007031632,0.003273789,-0.02347739,0.2528229,0.07279968,0.9647675,0.02956195,0.002824967,-0.02226703,0.02956195,0.002824967,-0.02226703,0.2456512,0.08984375,0.9651794,0.2456512,0.08984375,0.9651794,5.31958,5.31958,True,True,True
1596029,63779589479049,-13.5863,2.592547,-0.06612986,-0.06699252,0.890115,0.0462876,-0.4484025,0.007044953,0.003276016,-0.02347658,0.2527618,0.07221985,0.9648132,0.0295609,0.002827759,-0.02226663,0.0295609,0.002827759,-0.02226663,0.2453156,0.08911133,0.965332,0.2453156,0.08911133,0.965332,5.31163,5.31163,True,True,True
1596037,63779589479061,-13.58626,2.592582,-0.06603366,-0.06707627,0.8900768,0.04632531,-0.4484621,0.007068497,0.003276245,-0.02347554,0.2531433,0.07159424,0.9647675,0.02956012,0.002827759,-0.02226599,0.02956012,0.002827759,-0.02226599,0.2453156,0.08914185,0.965332,0.2453156,0.08914185,0.965332,5.311783,5.311783,True,True,True
1596045,63779589479072,-13.58626,2.5926,-0.06599444,-0.06709365,0.8900473,0.04635014,-0.4485154,0.006944382,0.003256378,-0.02346785,0.2391663,0.06936646,0.9684906,0.02960744,0.002800675,-0.02224593,0.02960744,0.002800675,-0.02224593,0.2274933,0.08917236,0.9696808,0.2274933,0.08917236,0.9696808,5.28244,5.28244,True,True,True
1596054,63779589479072,-13.58626,2.5926,-0.06599444,-0.06709365,0.8900473,0.04635014,-0.4485154,0.006556336,0.003227356,-0.02345699,0.2150421,0.06930542,0.9741364,0.0297395,0.002758011,-0.02220508,0.0297395,0.002758011,-0.02220508,0.1972351,0.08981323,0.9762268,0.1972351,0.08981323,0.9762268,5.357269,5.357269,True,True,True
1596062,63779589479083,-13.58626,2.592585,-0.06594402,-0.06720264,0.8900187,0.04645145,-0.4485452,0.001022842,0.003304947,-0.02366281,0.218811,0.04797363,0.9745789,0.02984256,0.002686371,-0.02203755,0.02984256,0.002686371,-0.02203755,0.1916504,0.06867981,0.9790497,0.1916504,0.06867981,0.9790497,5.35376,5.35376,True,True,True
1596070,63779589479094,-13.58626,2.592557,-0.06592262,-0.06720404,0.8900069,0.0465236,-0.448561,-0.0114268,0.003557343,-0.0243201,0.2192078,0.03437805,0.9750671,0.02993143,0.002678604,-0.02191248,0.02993143,0.002678604,-0.02191248,0.1810913,0.05895996,0.9816895,0.1810913,0.05895996,0.9816895,5.373337,5.373337,True,True,True
1596079,63779589479105,-13.58623,2.592513,-0.06586587,-0.06735971,0.8900298,0.04658841,-0.4484853,-0.01953784,0.003720169,-0.02478436,0.218277,0.02398682,0.9755859,0.02997733,0.002655853,-0.02192844,0.02997733,0.002655853,-0.02192844,0.1696167,0.06256104,0.9835052,0.1696167,0.06256104,0.9835052,5.341156,5.341156,True,True,True
1596087,63779589479105,-13.58623,2.592513,-0.06586587,-0.06735971,0.8900298,0.04658841,-0.4484853,-0.02330182,0.003799881,-0.02499907,0.2238007,0.01881409,0.9744415,0.02996011,0.002653427,-0.02189952,0.02996011,0.002653427,-0.02189952,0.1814117,0.06388855,0.9813232,0.1814117,0.06388855,0.9813232,5.339279,5.339279,True,True,True
1596095,63779589479116,-13.58619,2.592542,-0.06590021,-0.06747511,0.8900216,0.04654998,-0.4484884,-0.02432077,0.003820954,-0.02505537,0.2171936,0.01855469,0.9759369,0.02995229,0.002652741,-0.02189479,0.02995229,0.002652741,-0.02189479,0.176239,0.06536865,0.9821625,0.176239,0.06536865,0.9821625,5.285461,5.285461,True,True,True
1596104,63779589479127,-13.58619,2.592519,-0.06587803,-0.06757624,0.8900673,0.04666241,-0.4483706,-0.0240936,0.003816483,-0.02504332,0.2237091,0.0194397,0.9744568,0.029953,0.002647476,-0.0218739,0.029953,0.002647476,-0.0218739,0.1758423,0.05905151,0.9826355,0.1758423,0.05905151,0.9826355,5.311401,5.311401,True,True,True
1596112,63779589479127,-13.58619,2.592519,-0.06587803,-0.06757624,0.8900673,0.04666241,-0.4483706,-0.02271002,0.003788101,-0.02496105,0.2201538,0.02005005,0.9752502,0.02995261,0.002648148,-0.02187145,0.02995261,0.002648148,-0.02187145,0.1745758,0.06155396,0.9827118,0.1745758,0.06155396,0.9827118,5.283707,5.283707,True,True,True
1596120,63779589479127,-13.58619,2.592519,-0.06587803,-0.06757624,0.8900673,0.04666241,-0.4483706,-0.01861813,0.003700409,-0.02471959,0.217926,0.02316284,0.9756775,0.02995244,0.002645188,-0.02186223,0.02995244,0.002645188,-0.02186223,0.1757202,0.06193542,0.9824829,0.1757202,0.06193542,0.9824829,5.313538,5.313538,True,True,True
1596129,63779589479153,-13.58625,2.592466,-0.06581467,-0.06784137,0.8901281,0.04670915,-0.448205,-0.008782929,0.003486298,-0.02413756,0.20784,0.03096008,0.9776611,0.02995229,0.002642227,-0.02185301,0.02995229,0.002642227,-0.02185301,0.1747284,0.06190491,0.982666,0.1747284,0.06190491,0.982666,5.306534,5.306534,True,True,True
1596137,63779589479158,-13.58624,2.592413,-0.06578147,-0.06801909,0.8901688,0.04680802,-0.4480869,0.001591904,0.003260361,-0.02352113,0.1985474,0.03839111,0.9793243,0.02995174,0.002641739,-0.0218447,0.02995174,0.002641739,-0.0218447,0.1756744,0.06072998,0.9825592,0.1756744,0.06072998,0.9825592,5.324539,5.324539,True,True,True
1596145,63779589479167,-13.58623,2.592441,-0.06574082,-0.0680459,0.8902197,0.04693243,-0.4479687,0.003766739,0.003213028,-0.02338791,0.1963959,0.03916931,0.9797363,0.02995174,0.002641251,-0.02183638,0.02995174,0.002641251,-0.02183638,0.1755371,0.05931091,0.9826813,0.1755371,0.05931091,0.9826813,5.31694,5.31694,True,True,True
1596154,63779589479178,-13.58619,2.592461,-0.0657084,-0.06806128,0.8902345,0.04681784,-0.4479489,0.003863159,0.003211548,-0.0233833,0.1962891,0.03944397,0.9797363,0.02995146,0.002641739,-0.02183856,0.02995146,0.002641739,-0.02183856,0.1760712,0.05995178,0.9825439,0.1760712,0.05995178,0.9825439,5.330093,5.330093,True,True,True
1596162,63779589479178,-13.58619,2.592461,-0.0657084,-0.06806128,0.8902345,0.04681784,-0.4479489,0.004669922,0.003193909,-0.02333389,0.1961365,0.03981018,0.9797516,0.02995117,0.002641251,-0.02183638,0.02995117,0.002641251,-0.02183638,0.1766052,0.05952454,0.9824677,0.1766052,0.05952454,0.9824677,5.342346,5.342346,True,True,True
1596170,63779589479189,-13.5862,2.592441,-0.0656659,-0.06825481,0.8903029,0.0467786,-0.4477876,0.005182999,0.003183228,-0.02330461,0.1955414,0.04034424,0.9798584,0.02995097,0.002641739,-0.02183856,0.02995097,0.002641739,-0.02183856,0.1759338,0.05995178,0.9825592,0.1759338,0.05995178,0.9825592,5.329788,5.329788,True,True,True
1596179,63779589479200,-13.58622,2.592439,-0.06571168,-0.06832872,0.8902692,0.04691852,-0.4478288,0.005824478,0.003169388,-0.02326529,0.1951447,0.04107666,0.9799042,0.02995079,0.002641861,-0.02183638,0.02995079,0.002641861,-0.02183638,0.1764832,0.06039429,0.9824371,0.1764832,0.06039429,0.9824371,5.343292,5.343292,True,True,True
1596187,63779589479211,-13.58621,2.59246,-0.06575114,-0.06854498,0.8903348,0.04685026,-0.4476725,0.006178345,0.003161591,-0.02324008,0.1947174,0.0413208,0.9799805,0.0299507,0.002641556,-0.02182907,0.0299507,0.002641556,-0.02182907,0.1759949,0.06040955,0.9825287,0.1759949,0.06040955,0.9825287,5.345108,5.345108,True,True,True
1596195,63779589479222,-13.58618,2.592451,-0.06574655,-0.06873032,0.8903151,0.04679406,-0.4476892,0.006535614,0.003153977,-0.02321459,0.1943359,0.04139709,0.9800568,0.02995062,0.002641861,-0.02182178,0.02995062,0.002641861,-0.02182178,0.175766,0.06016541,0.9825745,0.175766,0.06016541,0.9825745,5.343414,5.343414,True,True,True
1596204,63779589479222,-13.58618,2.592451,-0.06574655,-0.06873032,0.8903151,0.04679406,-0.4476892,0.006658341,0.003151139,-0.02320603,0.1944275,0.04153442,0.9800262,0.02995047,0.002641556,-0.02181955,0.02995047,0.002641556,-0.02181955,0.1760406,0.06011963,0.9825287,0.1760406,0.06011963,0.9825287,5.336945,5.336945,True,True,True
1596212,63779589479233,-13.5862,2.592455,-0.06567723,-0.06886082,0.8903909,0.04685493,-0.4475117,0.006601578,0.003152557,-0.02321071,0.1943512,0.04148865,0.9800415,0.02995032,0.002641861,-0.02182178,0.02995032,0.002641861,-0.02182178,0.1760406,0.06013489,0.9825287,0.1760406,0.06013489,0.9825287,5.329926,5.329926,True,True,True
1596220,63779589479244,-13.58619,2.592527,-0.06563586,-0.06880909,0.8904514,0.04669771,-0.4474157,0.006229843,0.003173004,-0.02326412,0.200058,0.04161072,0.9788971,0.02995242,0.002662445,-0.02187445,0.02995242,0.002662445,-0.02187445,0.185257,0.06111145,0.9807739,0.185257,0.06111145,0.9807739,5.367706,5.367706,True,True,True
1596229,63779589479244,-13.58619,2.592527,-0.06563586,-0.06880909,0.8904514,0.04669771,-0.4474157,0.004695298,0.003211105,-0.02337994,0.1933746,0.04516602,0.980072,0.02994454,0.002668167,-0.0219115,0.02994454,0.002668167,-0.0219115,0.1698914,0.06443787,0.9833527,0.1698914,0.06443787,0.9833527,5.31369,5.31369,True,True,True
1596237,63779589479256,-13.58609,2.592511,-0.06567615,-0.06875005,0.8904882,0.04667867,-0.4473535,0.005052643,0.003173401,-0.02332108,0.1960144,0.05247498,0.979187,0.02994342,0.00260936,-0.02184183,0.02994342,0.00260936,-0.02184183,0.1716614,0.07620239,0.982193,0.1716614,0.07620239,0.982193,5.351089,5.351089,True,True,True
1596245,63779589479266,-13.58603,2.592548,-0.06571501,-0.06863149,0.8905722,0.04659359,-0.4472135,-0.002157715,0.003356384,-0.02383595,0.2049255,0.03926086,0.9779816,0.0299247,0.002651627,-0.02205455,0.0299247,0.002651627,-0.02205455,0.1780396,0.07220459,0.9813538,0.1780396,0.07220459,0.9813538,5.340698,5.340698,True,True,True
1596254,63779589479277,-13.58599,2.592561,-0.06570596,-0.06858385,0.8905342,0.04647663,-0.4473086,-0.02695566,0.00385875,-0.02521317,0.2009277,0.01704407,0.9794464,0.0299122,0.002866806,-0.02276689,0.0299122,0.002866806,-0.02276689,0.1746368,0.05038452,0.9833374,0.1746368,0.05038452,0.9833374,5.336029,5.336029,True,True,True
1596262,63779589479289,-13.58601,2.592549,-0.06562477,-0.0685403,0.8905429,0.0463943,-0.4473067,-0.0277744,0.003881104,-0.02522731,0.1995544,-0.00189209,0.9798737,0.02992395,0.002769684,-0.02243526,0.02992395,0.002769684,-0.02243526,0.1668549,0.03494263,0.9853516,0.1668549,0.03494263,0.9853516,5.153809,5.153809,True,True,True
1596270,63779589479289,-13.58601,2.592549,-0.06562477,-0.0685403,0.8905429,0.0463943,-0.4473067,-0.02785748,0.003927979,-0.02521419,0.2064209,-0.03015137,0.9779968,0.0299773,0.002798111,-0.022373,0.0299773,0.002798111,-0.022373,0.2020721,0.09750366,0.9744873,0.2020721,0.09750366,0.9744873,5.551346,5.551346,True,True,True
1596279,63779589479300,-13.58602,2.592469,-0.06561309,-0.06849086,0.8905416,0.04637475,-0.4473188,-0.02777585,0.00403566,-0.02517618,0.1934662,-0.04904175,0.9798737,0.03002014,0.002888809,-0.02221533,0.03002014,0.002888809,-0.02221533,0.2297516,0.04878235,0.9720154,0.2297516,0.04878235,0.9720154,5.089249,5.089249,True,True,True
1596287,63779589479311,-13.58605,2.592459,-0.06552303,-0.06858277,0.8905177,0.04626738,-0.4473632,-0.02779485,0.004122727,-0.02515367,0.198288,-0.06019592,0.9782867,0.0300858,0.003062378,-0.02208122,0.0300858,0.003062378,-0.02208122,0,0,0,0,0,0,-1,-1,True,True,True
1596295,63779589479322,-13.586,2.592453,-0.06553096,-0.06857216,0.8905271,0.04641169,-0.4473314,-0.02772095,0.004252915,-0.02518035,0.2513428,-0.05491638,0.9663239,0.03010912,0.003216812,-0.0220826,0.03010912,0.003216812,-0.0220826,0,0,0,0,0,0,-1,-1,True,True,True
1596304,63779589479322,-13.586,2.592453,-0.06553096,-0.06857216,0.8905271,0.04641169,-0.4473314,-0.001,-0.001,-0.001,1,-1,-1,0.0301911,0.002350098,-0.01762782,0.0301911,0.002350098,-0.01762782,0,0,0,0,0,0,-1,-1,False,True,True
1596312,63779589479333,-13.586,2.592466,-0.06552869,-0.06874957,0.8904837,0.04652797,-0.4473784,-0.001,-0.001,-0.001,1,-1,-1,0.03147943,0.001663788,-0.02204057,0.03147943,0.001663788,-0.02204057,0,0,0,0,0,0,-1,-1,False,True,True
1596320,63779589479344,-13.586,2.592522,-0.06548709,-0.06883954,0.8904664,0.04664391,-0.4473868,-0.001,-0.001,-0.001,1,-1,-1,0.03147943,0.001663788,-0.02204057,0.03147943,0.001663788,-0.02204057,0,0,0,0,0,0,-1,-1,False,False,False
1596329,63779589479344,-13.586,2.592522,-0.06548709,-0.06883954,0.8904664,0.04664391,-0.4473868,-0.001,-0.001,-0.001,1,-1,-1,0.03147943,0.001663788,-0.02204057,0.03147943,0.001663788,-0.02204057,0,0,0,0,0,0,-1,-1,False,False,False
1596337,63779589479356,-13.58602,2.592558,-0.0654757,-0.06901796,0.8903931,0.04700712,-0.4474671,-0.001,-0.001,-0.001,1,-1,-1,0.03130892,0.00127298,-0.02205319,0.03130892,0.00127298,-0.02205319,0,0,0,0,0,0,-1,-1,False,True,True
1596345,63779589479367,-13.58603,2.592591,-0.06540775,-0.06910678,0.8903193,0.04722795,-0.4475771,-0.001,-0.001,-0.001,1,-1,-1,0.03144481,0.002163406,-0.02181885,0.03144481,0.002163406,-0.02181885,0,0,0,0,0,0,-1,-1,False,True,True
1596354,63779589479377,-13.58605,2.592602,-0.06536484,-0.06926811,0.8903233,0.04733445,-0.4475329,-0.001,-0.001,-0.001,1,-1,-1,0.03142441,0.0002103424,-0.01775182,0.03142441,0.0002103424,-0.01775182,0,0,0,0,0,0,-1,-1,False,True,True
1596362,63779589479388,-13.58602,2.592615,-0.06530923,-0.06943584,0.8903295,0.04730372,-0.4474979,-0.001,-0.001,-0.001,1,-1,-1,0.03120665,0.001186691,-0.01783839,0.03120665,0.001186691,-0.01783839,0,0,0,0,0,0,-1,-1,False,True,True
1596370,63779589479388,-13.58602,2.592615,-0.06530923,-0.06943584,0.8903295,0.04730372,-0.4474979,-0.001,-0.001,-0.001,1,-1,-1,0.03043802,0.001510742,-0.01575328,0.03043802,0.001510742,-0.01575328,0,0,0,0,0,0,-1,-1,False,True,True
1596379,63779589479400,-13.58605,2.592618,-0.06530756,-0.0695331,0.8902895,0.04735136,-0.4475574,-0.001,-0.001,-0.001,1,-1,-1,0.02943463,-0.0001060333,-0.009705368,0.02943463,-0.0001060333,-0.009705368,0,0,0,0,0,0,-1,-1,False,True,True
1596387,63779589479411,-13.58606,2.592632,-0.0652914,-0.06946936,0.8902904,0.04735099,-0.4475655,-0.001,-0.001,-0.001,1,-1,-1,0.03036821,0.002293244,-0.01769321,0.03036821,0.002293244,-0.01769321,0,0,0,0,0,0,-1,-1,False,True,True
1596395,63779589479422,-13.58601,2.592701,-0.06528527,-0.06944025,0.8902693,0.04735324,-0.4476117,-0.001,-0.001,-0.001,1,-1,-1,0.03013986,0.003163101,-0.02206364,0.03013986,0.003163101,-0.02206364,0,0,0,0,0,0,-1,-1,False,True,True
1596404,63779589479422,-13.58601,2.592701,-0.06528527,-0.06944025,0.8902693,0.04735324,-0.4476117,-0.001,-0.001,-0.001,1,-1,-1,0.03014867,0.003110764,-0.02206786,0.03014867,0.003110764,-0.02206786,0,0,0,0,0,0,-1,-1,False,True,True
1596412,63779589479434,-13.58601,2.592746,-0.06524062,-0.0693507,0.8903193,0.04729479,-0.4475323,-0.02776717,0.003988388,-0.02528378,0.2590942,0.05355835,0.9643555,0.03009325,0.003064545,-0.02214722,0.03009325,0.003064545,-0.02214722,0.1591492,0.05418396,0.9857635,0.1591492,0.05418396,0.9857635,5.32309,5.32309,True,True,True
1596420,63779589479444,-13.586,2.592733,-0.06517816,-0.06944064,0.8903854,0.0474609,-0.4473693,-0.0278062,0.004034698,-0.02521907,0.2490692,0.02056885,0.9682617,0.03008126,0.00304483,-0.02213762,0.03008126,0.00304483,-0.02213762,0.1579132,0.08508301,0.9837646,0.1579132,0.08508301,0.9837646,5.398972,5.398972,True,True,True
1596429,63779589479455,-13.58601,2.592724,-0.06512797,-0.06951779,0.8904064,0.04753947,-0.447307,-0.02791838,0.004095825,-0.02523973,0.227951,0.00352478,0.9736481,0.03006493,0.002993301,-0.02211975,0.03006493,0.002993301,-0.02211975,0.1865997,0.06710815,0.9801331,0.1865997,0.06710815,0.9801331,5.476334,5.476334,True,True,True
1596437,63779589479455,-13.58601,2.592724,-0.06512797,-0.06951779,0.8904064,0.04753947,-0.447307,-0.02764685,0.004037537,-0.02524539,0.3127747,0.04727173,0.9486389,0.03006532,0.002985916,-0.02210166,0.03006532,0.002985916,-0.02210166,0.1740265,0.07189941,0.9821014,0.1740265,0.07189941,0.9821014,5.358749,5.358749,True,True,True
1596445,63779589479467,-13.58601,2.592695,-0.06508476,-0.06952435,0.8904725,0.04769535,-0.4471581,-0.02795003,0.004079758,-0.02523871,0.2086029,0.008331299,0.977951,0.02995799,0.003008118,-0.02212657,0.02995799,0.003008118,-0.02212657,0.1479034,0.07662964,0.9860229,0.1479034,0.07662964,0.9860229,5.455536,5.455536,True,True,True
1596454,63779589479477,-13.58603,2.59272,-0.06496257,-0.06957706,0.8905331,0.04758147,-0.447041,-0.02795033,0.004077972,-0.02523474,0.2210999,-0.006393433,0.9752197,0.03008965,0.002955383,-0.02205893,0.03008965,0.002955383,-0.02205893,0.1972809,0.07254028,0.9776459,0.1972809,0.07254028,0.9776459,5.507263,5.507263,True,True,True
1596462,63779589479477,-13.58603,2.59272,-0.06496257,-0.06957706,0.8905331,0.04758147,-0.447041,-0.02798506,0.004072784,-0.02522731,0.2052307,-0.01358032,0.9786072,0.03005002,0.002899399,-0.0221113,0.03005002,0.002899399,-0.0221113,0.1834259,0.06860352,0.9806213,0.1834259,0.06860352,0.9806213,5.384277,5.384277,True,True,True
1596470,63779589479489,-13.58604,2.59272,-0.06490457,-0.06961778,0.89055,0.04766743,-0.4469922,0.005619782,0.003402634,-0.02342833,0.188736,0.02993774,0.9815674,0.03001091,0.002915299,-0.02210587,0.03001091,0.002915299,-0.02210587,0.1743164,0.04782104,0.9835205,0.1743164,0.04782104,0.9835205,5.396286,5.396286,True,True,True
1596479,63779589479500,-13.58606,2.592716,-0.0648191,-0.06965671,0.8906016,0.04771732,-0.4468777,0.003399796,0.00345874,-0.02363811,0.1918182,0.04411316,0.980423,0.0299933,0.002950302,-0.02226602,0.0299933,0.002950302,-0.02226602,0.1718445,0.06858826,0.9827271,0.1718445,0.06858826,0.9827271,5.425827,5.425827,True,True,True
1596487,63779589479511,-13.586,2.592688,-0.06473756,-0.06961585,0.8906793,0.04769549,-0.4467316,0.00330864,0.003427872,-0.02357602,0.1894226,0.03553772,0.9812469,0.03000481,0.002897827,-0.02214742,0.03000481,0.002897827,-0.02214742,0.1676178,0.05845642,0.9841003,0.1676178,0.05845642,0.9841003,5.369919,5.369919,True,True,True
1596495,63779589479511,-13.586,2.592688,-0.06473756,-0.06961585,0.8906793,0.04769549,-0.4467316,0.00304625,0.003430237,-0.02357198,0.1886292,0.0411377,0.9811707,0.03001392,0.002888153,-0.02210124,0.03001392,0.002888153,-0.02210124,0.1658783,0.06390381,0.9840698,0.1658783,0.06390381,0.9840698,5.279816,5.279816,True,True,True
1596504,63779589479522,-13.58599,2.592723,-0.06465822,-0.06970071,0.8906975,0.04770211,-0.4466814,0.0002415314,0.003488144,-0.0237831,0.1929932,0.0403595,0.9803619,0.03000318,0.002900376,-0.02221338,0.03000318,0.002900376,-0.02221338,0.1608734,0.06881714,0.9845581,0.1608734,0.06881714,0.9845581,5.361649,5.361649,True,True,True
1596512,63779589479533,-13.58598,2.592728,-0.06459343,-0.06980791,0.8906909,0.04769095,-0.4466792,-0.0001924744,0.003485367,-0.0237435,0.2021637,0.0390625,0.9785614,0.03001407,0.002862198,-0.02207335,0.03001407,0.002862198,-0.02207335,0.1752472,0.05715942,0.9828491,0.1752472,0.05715942,0.9828491,5.396515,5.396515,True,True,True
1596520,63779589479544,-13.58599,2.592711,-0.06451321,-0.06988277,0.8907272,0.04767803,-0.4465964,-5.924988E-05,0.003474304,-0.0237699,0.1985474,0.04206848,0.9791718,0.02998818,0.002871719,-0.02215265,0.02998818,0.002871719,-0.02215265,0.16922,0.06434631,0.9834595,0.16922,0.06434631,0.9834595,5.354736,5.354736,True,True,True
1596529,63779589479544,-13.58599,2.592711,-0.06451321,-0.06988277,0.8907272,0.04767803,-0.4465964,-0.001818466,0.003506897,-0.02388707,0.2002563,0.04742432,0.9785919,0.02999458,0.002869507,-0.02220178,0.02999458,0.002869507,-0.02220178,0.1723633,0.07821655,0.9819183,0.1723633,0.07821655,0.9819183,5.378311,5.378311,True,True,True
1596537,63779589479555,-13.586,2.592714,-0.06450999,-0.06986584,0.8908027,0.04762763,-0.4464538,-0.0001237335,0.003463577,-0.02378104,0.1970215,0.04721069,0.979248,0.02999573,0.002853394,-0.02216759,0.02999573,0.002853394,-0.02216759,0.1680908,0.07347107,0.983017,0.1680908,0.07347107,0.983017,5.408081,5.408081,True,True,True
1596545,63779589479567,-13.58598,2.592692,-0.06448913,-0.06994618,0.8908183,0.04738836,-0.4464355,0.0002276154,0.003447602,-0.02375569,0.1955109,0.04780579,0.9795227,0.02999516,0.002839355,-0.02215251,0.02999516,0.002839355,-0.02215251,0.1655121,0.07263184,0.9835205,0.1655121,0.07263184,0.9835205,5.301346,5.301346,True,True,True
1596554,63779589479577,-13.58598,2.592681,-0.0644297,-0.07010196,0.8908519,0.04741915,-0.4463407,0.0008131867,0.003432266,-0.02372064,0.1977081,0.04946899,0.9790039,0.0299949,0.002836487,-0.0221436,0.0299949,0.002836487,-0.0221436,0.1700592,0.0737915,0.982666,0.1700592,0.0737915,0.982666,5.342163,5.342163,True,True,True
1596562,63779589479577,-13.58599,2.59268,-0.06437677,-0.07027607,0.890866,0.04757215,-0.4462689,0.003550705,0.003376038,-0.02357182,0.1942749,0.05244446,0.979538,0.02999463,0.002836868,-0.02214186,0.02999463,0.002836868,-0.02214186,0.1679993,0.07432556,0.9829712,0.1679993,0.07432556,0.9829712,5.381348,5.381348,True,True,True
1596570,63779589479589,-13.58599,2.59268,-0.06437677,-0.07027607,0.890866,0.04757215,-0.4462689,0.003177399,0.003383759,-0.02359493,0.1963806,0.05184937,0.9791412,0.0299935,0.00283812,-0.02214719,0.0299935,0.00283812,-0.02214719,0.1710052,0.07395935,0.9824829,0.1710052,0.07395935,0.9824829,5.384399,5.384399,True,True,True
1596579,63779589479599,-13.58612,2.592694,-0.0643326,-0.07040799,0.8909053,0.04762952,-0.4461636,0.00399144,0.003366242,-0.02355417,0.1967621,0.052948,0.9790192,0.02999239,0.002839355,-0.02215251,0.02999239,0.002839355,-0.02215251,0.1721649,0.0735321,0.9823151,0.1721649,0.0735321,0.9823151,5.386932,5.386932,True,True,True
1596587,63779589479611,-13.58613,2.592695,-0.06428677,-0.07051989,0.8908999,0.0475624,-0.4461638,0.005131302,0.003341965,-0.02349385,0.1965179,0.05355835,0.9790344,0.02999138,0.002840057,-0.0221541,0.02999138,0.002840057,-0.0221541,0.1730042,0.07264709,0.9822235,0.1730042,0.07264709,0.9822235,5.410004,5.410004,True,True,True
1596595,63779589479611,-13.58613,2.592695,-0.06428677,-0.07051989,0.8908999,0.0475624,-0.4461638,0.006221039,0.003319336,-0.02343425,0.1954803,0.0539093,0.9792175,0.02999037,0.002839355,-0.02215251,0.02999037,0.002839355,-0.02215251,0.1730194,0.07185364,0.9822845,0.1730194,0.07185364,0.9822845,5.414276,5.414276,True,True,True
1596604,63779589479623,-13.58617,2.592641,-0.06424564,-0.07062759,0.890976,0.04774083,-0.4459757,0.006152222,0.003319779,-0.0234353,0.1950989,0.05349731,0.9793091,0.02998972,0.00283812,-0.02214791,0.02998972,0.00283812,-0.02214791,0.1724396,0.07130432,0.9824219,0.1724396,0.07130432,0.9824219,5.40007,5.40007,True,True,True
1596612,63779589479634,-13.58615,2.59261,-0.06407481,-0.07073294,0.8909972,0.04763503,-0.4459281,0.006973953,0.003301544,-0.02338818,0.1943512,0.05458069,0.9794006,0.02998906,0.002836868,-0.02214331,0.02998906,0.002836868,-0.02214331,0.1724701,0.07176208,0.9823914,0.1724701,0.07176208,0.9823914,5.3862,5.3862,True,True,True
1596620,63779589479646,-13.58617,2.592603,-0.06400663,-0.07088573,0.8909825,0.04755282,-0.4459418,0.007133698,0.003296478,-0.02337915,0.1939392,0.05575562,0.9794159,0.02998839,0.002835236,-0.02214258,0.02998839,0.002835236,-0.02214258,0.1720886,0.07316589,0.9823456,0.1720886,0.07316589,0.9823456,5.401428,5.401428,True,True,True
1596629,63779589479646,-13.58617,2.592603,-0.06400663,-0.07088573,0.8909825,0.04755282,-0.4459418,0.007109681,0.003295715,-0.02337998,0.1941223,0.05500793,0.9794312,0.02998772,0.002833603,-0.02214186,0.02998772,0.002833603,-0.02214186,0.172348,0.07273865,0.9823303,0.172348,0.07273865,0.9823303,5.415237,5.415237,True,True,True
1596637,63779589479657,-13.5861,2.592639,-0.06390083,-0.07080673,0.8910416,0.04745704,-0.4458466,0.007088242,0.003296143,-0.02338155,0.1941528,0.05543518,0.9794006,0.02998709,0.002833191,-0.02214258,0.02998709,0.002833191,-0.02214258,0.1723938,0.07383728,0.982254,0.1723938,0.07383728,0.982254,5.41861,5.41861,True,True,True
1596645,63779589479669,-13.5861,2.592638,-0.06385094,-0.07083821,0.8910688,0.04741922,-0.4457912,0.007095322,0.00329625,-0.02338159,0.1942596,0.05448914,0.9794312,0.02998645,0.002833603,-0.02214331,0.02998645,0.002833603,-0.02214331,0.1724396,0.07289124,0.9823151,0.1724396,0.07289124,0.9823151,5.420151,5.420151,True,True,True
1596654,63779589479680,-13.58619,2.592616,-0.06379282,-0.07087956,0.8911088,0.04733352,-0.4457139,0.007050614,0.003297531,-0.02338419,0.1941528,0.05438232,0.9794464,0.02998468,0.002834427,-0.02214368,0.02998468,0.002834427,-0.02214368,0.1720581,0.07356262,0.9823303,0.1720581,0.07356262,0.9823303,5.418228,5.418228,True,True,True
1596662,63779589479680,-13.58619,2.592616,-0.06379282,-0.07087956,0.8911088,0.04733352,-0.4457139,0.007130737,0.00329599,-0.02338004,0.1940002,0.05361938,0.9795227,0.02998291,0.002835236,-0.02214404,0.02998291,0.002835236,-0.02214404,0.1717377,0.07250977,0.9824677,0.1717377,0.07250977,0.9824677,5.419693,5.419693,True,True,True
1596670,63779589479691,-13.58617,2.592562,-0.06375003,-0.07082043,0.8910983,0.04722762,-0.4457556,0.007290146,0.003292358,-0.0233714,0.1949768,0.0537262,0.9793243,0.02998253,0.002835236,-0.02214404,0.02998253,0.002835236,-0.02214404,0.173584,0.0723114,0.9821472,0.173584,0.0723114,0.9821472,5.426025,5.426025,True,True,True
1596679,63779589479702,-13.58616,2.592604,-0.06375349,-0.07088843,0.8910654,0.0472095,-0.4458123,0.007422897,0.003290558,-0.02336487,0.1948547,0.05351257,0.9793701,0.02998251,0.00283667,-0.02214511,0.02998251,0.00283667,-0.02214511,0.173584,0.07182312,0.982193,0.173584,0.07182312,0.982193,5.425659,5.425659,True,True,True
1596687,63779589479702,-13.58616,2.592604,-0.06375349,-0.07088843,0.8910654,0.0472095,-0.4458123,0.00741362,0.003290741,-0.02336727,0.1955261,0.05332947,0.9792328,0.02998233,0.00283667,-0.02214821,0.02998233,0.00283667,-0.02214821,0.1735077,0.07145691,0.9822235,0.1735077,0.07145691,0.9822235,5.425232,5.425232,True,True,True
1596695,63779589479715,-13.58621,2.592603,-0.06366736,-0.0708788,0.8910545,0.04714718,-0.4458422,0.007348999,0.003292038,-0.02337074,0.1955566,0.05345154,0.9792175,0.02998212,0.00283667,-0.02214821,0.02998212,0.00283667,-0.02214821,0.1734619,0.07177734,0.9822083,0.1734619,0.07177734,0.9822083,5.4254,5.4254,True,True,True
1596704,63779589479725,-13.58623,2.592602,-0.06358725,-0.07088869,0.8910042,0.04710118,-0.445946,0.007306534,0.003292893,-0.02337302,0.1957397,0.05337524,0.979187,0.0299816,0.00283667,-0.02214821,0.0299816,0.00283667,-0.02214821,0.1734619,0.07199097,0.982193,0.1734619,0.07199097,0.982193,5.42572,5.42572,True,True,True
1596712,63779589479737,-13.58622,2.592559,-0.0634982,-0.0709333,0.8909885,0.04706686,-0.445974,0.007290329,0.003293182,-0.02337381,0.1950989,0.0533905,0.9793243,0.02997914,0.00283667,-0.02214821,0.02997914,0.00283667,-0.02214821,0.1726227,0.07171631,0.9823608,0.1726227,0.07171631,0.9823608,5.420395,5.420395,True,True,True
1596720,63779589479737,-13.58622,2.592559,-0.0634982,-0.0709333,0.8909885,0.04706686,-0.445974,0.007209137,0.00329834,-0.02338213,0.1950073,0.05233765,0.9794006,0.0299778,0.002842484,-0.02215474,0.0299778,0.002842484,-0.02215474,0.1727753,0.0705719,0.9824219,0.1727753,0.0705719,0.9824219,5.424194,5.424194,True,True,True
1596729,63779589479749,-13.58625,2.592581,-0.06343275,-0.0708795,0.8909177,0.04709446,-0.4461208,0.007169251,0.0033004,-0.02338472,0.1946106,0.05187988,0.9794922,0.02997518,0.002844635,-0.02215564,0.02997518,0.002844635,-0.02215564,0.1720581,0.0700531,0.9825897,0.1720581,0.0700531,0.9825897,5.423706,5.423706,True,True,True
1596737,63779589479759,-13.58629,2.592558,-0.06333756,-0.07090487,0.8908551,0.04718963,-0.4462319,0.006998612,0.003304215,-0.02339661,0.1935272,0.05181885,0.9797211,0.02997443,0.002845322,-0.02216013,0.02997443,0.002845322,-0.02216013,0.1718445,0.07015991,0.982605,0.1718445,0.07015991,0.982605,5.423523,5.423523,True,True,True
1596745,63779589479771,-13.58638,2.592546,-0.06326729,-0.07088506,0.8908111,0.04716168,-0.4463258,0.00674762,0.003312088,-0.02341503,0.1944427,0.05117798,0.9795685,0.02997244,0.002850143,-0.02216843,0.02997244,0.002850143,-0.02216843,0.1729889,0.06945801,0.9824677,0.1729889,0.06945801,0.9824677,5.422699,5.422699,True,True,True
1596754,63779589479771,-13.58638,2.592546,-0.06326729,-0.07088506,0.8908111,0.04716168,-0.4463258,0.006580201,0.003316239,-0.02342587,0.1945648,0.05099487,0.9795532,0.0299713,0.002852051,-0.0221716,0.0299713,0.002852051,-0.0221716,0.1731415,0.06922913,0.9824524,0.1731415,0.06922913,0.9824524,5.425293,5.425293,True,True,True
1596762,63779589479782,-13.58643,2.592504,-0.063155,-0.07092249,0.8908205,0.04712252,-0.4463052,0.006363877,0.003323303,-0.02344344,0.1947632,0.050354,0.9795532,0.02997121,0.002857269,-0.02217931,0.02997121,0.002857269,-0.02217931,0.1742859,0.06834412,0.9823151,0.1742859,0.06834412,0.9823151,5.424622,5.424622,True,True,True
1596770,63779589479793,-13.5865,2.592513,-0.06309044,-0.07103983,0.8907663,0.04719937,-0.4463865,0.006151856,0.003327118,-0.02345752,0.194931,0.05050659,0.9795074,0.0299711,0.002858322,-0.02218361,0.0299711,0.002858322,-0.02218361,0.1742401,0.06837463,0.9823151,0.1742401,0.06837463,0.9823151,5.424377,5.424377,True,True,True
1596779,63779589479805,-13.58648,2.592469,-0.0630222,-0.07110082,0.8907449,0.0473049,-0.4464085,0.006031296,0.003329865,-0.02346564,0.194931,0.05029297,0.9795227,0.02997052,0.002860138,-0.02218646,0.02997052,0.002860138,-0.02218646,0.1740723,0.06791687,0.9823761,0.1740723,0.06791687,0.9823761,5.423782,5.423782,True,True,True
1596787,63779589479805,-13.58648,2.592469,-0.0630222,-0.07110082,0.8907449,0.0473049,-0.4464085,0.006090027,0.003329086,-0.02346294,0.1948395,0.05024719,0.979538,0.02997052,0.002860977,-0.02218721,0.02997052,0.002860977,-0.02218721,0.1740112,0.06773376,0.9824066,0.1740112,0.06773376,0.9824066,5.416534,5.416534,True,True,True
1596795,63779589479816,-13.5865,2.592468,-0.06298155,-0.07126939,0.8907735,0.04733463,-0.4463214,0.006221604,0.003326798,-0.02345625,0.1916199,0.05006409,0.9801788,0.02997052,0.002861542,-0.0221877,0.02997052,0.002861542,-0.0221877,0.1687317,0.06715393,0.9833679,0.1687317,0.06715393,0.9833679,5.412628,5.412628,True,True,True
1596804,63779589479827,-13.58639,2.592509,-0.06291687,-0.07147326,0.8907804,0.04745788,-0.4462619,0.006337128,0.003325867,-0.02345259,0.193222,0.04995728,0.9798737,0.02997035,0.0028638,-0.02219185,0.02997035,0.0028638,-0.02219185,0.1716309,0.06689453,0.9828796,0.1716309,0.06689453,0.9828796,5.414749,5.414749,True,True,True
1596812,63779589479827,-13.58639,2.592509,-0.06291687,-0.07147326,0.8907804,0.04745788,-0.4462619,0.006523865,0.003322739,-0.02344577,0.1944275,0.05038452,0.9796143,0.02997016,0.00286467,-0.02219713,0.02997016,0.00286467,-0.02219713,0.1739349,0.06738281,0.9824371,0.1739349,0.06738281,0.9824371,5.423065,5.423065,True,True,True
1596820,63779589479839,-13.58633,2.592563,-0.06287825,-0.07150892,0.8908035,0.04763213,-0.4461914,0.006699494,0.003321411,-0.02343787,0.1933441,0.05058289,0.9798126,0.02997002,0.00286821,-0.02219952,0.02997002,0.00286821,-0.02219952,0.1723938,0.06668091,0.9827576,0.1723938,0.06668091,0.9827576,5.422287,5.422287,True,True,True
1596829,63779589479850,-13.58634,2.592597,-0.06283921,-0.07158565,0.8908478,0.0476471,-0.446089,0.006732285,0.00332132,-0.02343624,0.1928253,0.05160522,0.9798737,0.02996991,0.00286911,-0.02219969,0.02996991,0.00286911,-0.02219969,0.1716919,0.06652832,0.9828949,0.1716919,0.06652832,0.9828949,5.439972,5.439972,True,True,True
1596837,63779589479861,-13.58639,2.592628,-0.06280172,-0.07166218,0.8908955,0.0478341,-0.4459614,0.006734024,0.003321671,-0.02343617,0.1929932,0.05207825,0.9798126,0.02996932,0.002869721,-0.02219969,0.02996932,0.002869721,-0.02219969,0.1715851,0.06726074,0.9828644,0.1715851,0.06726074,0.9828644,5.44812,5.44812,True,True,True
1596845,63779589479871,-13.58638,2.592674,-0.06280476,-0.07173645,0.8909089,0.04795672,-0.4459096,0.006777253,0.003321228,-0.0234345,0.190567,0.05253601,0.9802551,0.02996932,0.002870392,-0.02220075,0.02996932,0.002870392,-0.02220075,0.167923,0.06756592,0.9834747,0.167923,0.06756592,0.9834747,5.439941,5.439941,True,True,True
1596854,63779589479871,-13.58638,2.592674,-0.06280476,-0.07173645,0.8909089,0.04795672,-0.4459096,0.006855423,0.003321625,-0.02343033,0.1926575,0.05256653,0.9798431,0.02996913,0.002873337,-0.02220075,0.02996913,0.002873337,-0.02220075,0.171524,0.06759644,0.9828491,0.171524,0.06759644,0.9828491,5.44809,5.44809,True,True,True
1596862,63779589479882,-13.58644,2.592723,-0.06277531,-0.07180143,0.890947,0.0479979,-0.4458185,0.006973953,0.003320419,-0.02342413,0.1925812,0.05241394,0.9798737,0.029969,0.002873337,-0.02220075,0.029969,0.002873337,-0.02220075,0.1715546,0.06761169,0.9828491,0.1715546,0.06761169,0.9828491,5.456467,5.456467,True,True,True
1596870,63779589479894,-13.58646,2.59275,-0.06274068,-0.07190152,0.8909624,0.04809172,-0.4457617,0.007133011,0.003318054,-0.02341573,0.1920776,0.0536499,0.9799042,0.02996884,0.002873337,-0.02220075,0.02996884,0.002873337,-0.02220075,0.1708527,0.06907654,0.9828644,0.1708527,0.06907654,0.9828644,5.457321,5.457321,True,True,True
1596879,63779589479905,-13.58647,2.592765,-0.0626989,-0.07189213,0.8910114,0.04825912,-0.4456471,0.007342087,0.00331398,-0.0234048,0.191864,0.05375671,0.9799347,0.02996866,0.002873337,-0.02220075,0.02996866,0.002873337,-0.02220075,0.1708069,0.06900024,0.9828796,0.1708069,0.06900024,0.9828796,5.457413,5.457413,True,True,True
1596887,63779589479905,-13.58647,2.592765,-0.0626989,-0.07189213,0.8910114,0.04825912,-0.4456471,0.007550232,0.00331041,-0.02339444,0.1916809,0.05412292,0.97995,0.02996866,0.002873337,-0.02219969,0.02996866,0.002873337,-0.02219969,0.1707458,0.06788635,0.9829559,0.1707458,0.06788635,0.9829559,5.448105,5.448105,True,True,True
1596895,63779589479917,-13.58647,2.592741,-0.06268221,-0.07183285,0.8910465,0.04841711,-0.4455691,0.007660386,0.003308273,-0.0233884,0.1916809,0.05480957,0.9799194,0.02996851,0.002873337,-0.02219852,0.02996851,0.002873337,-0.02219852,0.1707001,0.06881714,0.9829102,0.1707001,0.06881714,0.9829102,5.448837,5.448837,True,True,True
1596904,63779589479927,-13.58646,2.592786,-0.06269014,-0.07197241,0.8910509,0.04848983,-0.4455301,0.007716171,0.003305374,-0.02338519,0.1919861,0.05532837,0.9798279,0.02996849,0.002870392,-0.02219812,0.02996849,0.002870392,-0.02219812,0.1713562,0.0696106,0.9827423,0.1713562,0.0696106,0.9827423,5.449722,5.449722,True,True,True
1596912,63779589479938,-13.58649,2.592772,-0.06266785,-0.07193302,0.8911116,0.04871863,-0.44539,0.007651291,0.003306229,-0.02338518,0.1921082,0.05516052,0.9798126,0.02996802,0.002869721,-0.02219185,0.02996802,0.002869721,-0.02219185,0.1715393,0.06938171,0.9827271,0.1715393,0.06938171,0.9827271,5.453445,5.453445,True,True,True
1596920,63779589479938,-13.58649,2.592772,-0.06266785,-0.07193302,0.8911116,0.04871863,-0.44539,0.007398255,0.003310791,-0.02339366,0.1923828,0.05473328,0.9797821,0.02996759,0.002869095,-0.02218353,0.02996759,0.002869095,-0.02218353,0.1717377,0.06906128,0.9827118,0.1717377,0.06906128,0.9827118,5.453522,5.453522,True,True,True
1596929,63779589479949,-13.58649,2.592823,-0.06262082,-0.07197692,0.8911393,0.04877194,-0.4453216,0.007087708,0.003298935,-0.02340895,0.1937866,0.05332947,0.9795837,0.02996759,0.002864349,-0.02217693,0.02996759,0.002864349,-0.02217693,0.1720276,0.06892395,0.982666,0.1720276,0.06892395,0.982666,5.453857,5.453857,True,True,True
1596937,63779589479960,-13.58652,2.592857,-0.06261802,-0.07207953,0.8911068,0.0488618,-0.4453603,-0.01568273,0.003587799,-0.02449802,0.1958466,0.01612854,0.9804993,0.030022,0.002551804,-0.02167226,0.030022,0.002551804,-0.02167226,0.1545105,0.06138611,0.9860687,0.1545105,0.06138611,0.9860687,5.411835,5.411835,True,True,True
1596945,63779589479971,-13.58657,2.592897,-0.06256682,-0.07194242,0.8911549,0.04901423,-0.4452694,-0.02201317,0.003538269,-0.02490322,0.1925507,-0.004440308,0.9812622,0.03005423,0.002469193,-0.02192673,0.03005423,0.002469193,-0.02192673,0.1538696,0.0118866,0.9880066,0.1538696,0.0118866,0.9880066,5.447449,5.447449,True,True,True
1596954,63779589479971,-13.58657,2.592897,-0.06256682,-0.07194242,0.8911549,0.04901423,-0.4452694,-0.02654251,0.003456543,-0.02513025,0.1874542,-0.0418396,0.981369,0.03009931,0.002215073,-0.02167092,0.03009931,0.002215073,-0.02167092,0.1580963,-0.0007019043,0.9874115,0.1580963,-0.0007019043,0.9874115,5.469864,5.469864,True,True,True
1596962,63779589479982,-13.58663,2.59296,-0.06252474,-0.07185075,0.8911027,0.049192,-0.445369,-0.02685118,0.003345734,-0.0251658,0.1730499,-0.06524658,0.9827423,0.03013255,0.002132706,-0.02185385,0.03013255,0.002132706,-0.02185385,0.1390686,-0.03440857,0.9896698,0.1390686,-0.03440857,0.9896698,5.354599,5.354599,True,True,True
1596970,63779589479994,-13.58673,2.593001,-0.06244934,-0.07163334,0.8910267,0.04940958,-0.4455321,-0.02641374,0.003277786,-0.02512407,0.1755524,-0.08076477,0.9811401,0.03017169,0.002123856,-0.02207749,0.03017169,0.002123856,-0.02207749,0.1369171,-0.0513916,0.9892426,0.1369171,-0.0513916,0.9892426,5.238968,5.238968,True,True,True
1596979,63779589480005,-13.58681,2.593027,-0.06239361,-0.07144471,0.8908445,0.04971114,-0.445893,-0.02592906,0.003261002,-0.02509955,0.1680603,-0.07643127,0.9828033,0.03019446,0.00212619,-0.02208037,0.03019446,0.00212619,-0.02208037,0.1416321,-0.04385376,0.9889374,0.1416321,-0.04385376,0.9889374,5.322388,5.322388,True,True,True
1596987,63779589480005,-13.58681,2.593027,-0.06239361,-0.07144471,0.8908445,0.04971114,-0.445893,-0.02509694,0.003242264,-0.02505875,0.1701965,-0.07067871,0.9828644,0.03020676,0.002112808,-0.02202721,0.03020676,0.002112808,-0.02202721,0.1520386,-0.04975891,0.9871063,0.1520386,-0.04975891,0.9871063,5.411102,5.411102,True,True,True
1596995,63779589480016,-13.58683,2.593053,-0.06234384,-0.07145224,0.8906547,0.04995398,-0.4462437,-0.02393198,0.003218109,-0.02499271,0.1711121,-0.07635498,0.9822845,0.0302117,0.002109756,-0.02201187,0.0302117,0.002109756,-0.02201187,0.1484528,-0.05223083,0.9875336,0.1484528,-0.05223083,0.9875336,5.4048,5.4048,True,True,True
1597004,63779589480027,-13.58676,2.593048,-0.06238127,-0.07177731,0.8905383,0.05009001,-0.4464085,-0.02246475,0.003187927,-0.02491161,0.170517,-0.07223511,0.9826965,0.03021663,0.002106705,-0.02199655,0.03021663,0.002106705,-0.02199655,0.1544647,-0.05183411,0.9866333,0.1544647,-0.05183411,0.9866333,5.40123,5.40123,True,True,True
1597012,63779589480038,-13.58678,2.593078,-0.06235778,-0.07191126,0.8905817,0.05024143,-0.4462833,-0.02071605,0.003152832,-0.0248131,0.1684723,-0.07356262,0.9829559,0.03021918,0.002104645,-0.02198821,0.03021918,0.002104645,-0.02198821,0.1534882,-0.05110168,0.9868164,0.1534882,-0.05110168,0.9868164,5.392746,5.392746,True,True,True
1597020,63779589480038,-13.58678,2.593078,-0.06235778,-0.07191126,0.8905817,0.05024143,-0.4462833,-0.0131751,0.002998032,-0.02439217,0.1648407,-0.07226563,0.9836578,0.03022174,0.002102585,-0.02197984,0.03022174,0.002102585,-0.02197984,0.1525726,-0.05203247,0.986908,0.1525726,-0.05203247,0.986908,5.383469,5.383469,True,True,True
1597029,63779589480049,-13.58689,2.593157,-0.06231439,-0.07204935,0.8906166,0.05059337,-0.4461516,-0.01214008,0.002976441,-0.0243322,0.1648407,-0.07077026,0.9837646,0.03022373,0.002099167,-0.02197006,0.03022373,0.002099167,-0.02197006,0.1531372,-0.05201721,0.9868317,0.1531372,-0.05201721,0.9868317,5.387634,5.387634,True,True,True
1597037,63779589480060,-13.5869,2.593239,-0.06224251,-0.07193028,0.890561,0.05079404,-0.4462589,-0.0006263886,0.002736923,-0.02368582,0.1620178,-0.06500244,0.9846344,0.03022571,0.002095749,-0.02196028,0.03022571,0.002095749,-0.02196028,0.1536407,-0.05209351,0.9867401,0.1536407,-0.05209351,0.9867401,5.384491,5.384491,True,True,True
1597045,63779589480071,-13.58694,2.593282,-0.06223422,-0.07182471,0.8905481,0.05103841,-0.4462738,0.001543366,0.002690689,-0.0235622,0.1599579,-0.06523132,0.9849548,0.03022714,0.002092529,-0.02195554,0.03022714,0.002092529,-0.02195554,0.1508331,-0.05262756,0.9871521,0.1508331,-0.05262756,0.9871521,5.382187,5.382187,True,True,True
1597054,63779589480071,-13.58694,2.593282,-0.06223422,-0.07182471,0.8905481,0.05103841,-0.4462738,0.002835037,0.002661759,-0.02348747,0.1586914,-0.06446838,0.9852142,0.03022856,0.002089325,-0.02195081,0.03022856,0.002089325,-0.02195081,0.1502228,-0.05171204,0.9872894,0.1502228,-0.05171204,0.9872894,5.384583,5.384583,True,True,True
1597062,63779589480083,-13.58686,2.593344,-0.06215829,-0.07164062,0.8905925,0.05120845,-0.4461955,0.004417481,0.002627533,-0.02339832,0.1571045,-0.06410217,0.9854889,0.03022913,0.002087387,-0.02195004,0.03022913,0.002087387,-0.02195004,0.1492767,-0.05201721,0.9874115,0.1492767,-0.05201721,0.9874115,5.382492,5.382492,True,True,True
1597070,63779589480093,-13.58685,2.593381,-0.06214851,-0.07170294,0.8906522,0.05155279,-0.4460266,0.005074295,0.002612595,-0.02336107,0.1565399,-0.06411743,0.9855804,0.03022969,0.002085449,-0.02194928,0.03022969,0.002085449,-0.02194928,0.1483307,-0.05232239,0.9875488,0.1483307,-0.05232239,0.9875488,5.380463,5.380463,True,True,True
1597079,63779589480105,-13.58687,2.593416,-0.06205243,-0.07201052,0.8906807,0.05199142,-0.4458693,0.005666123,0.002599335,-0.02332756,0.1562958,-0.06413269,0.985611,0.03023099,0.002084702,-0.02194843,0.03023099,0.002084702,-0.02194843,0.1482544,-0.05238342,0.9875488,0.1482544,-0.05238342,0.9875488,5.382248,5.382248,True,True,True
1597087,63779589480105,-13.58687,2.593416,-0.06205243,-0.07201052,0.8906807,0.05199142,-0.4458693,0.006238892,0.002586487,-0.02329509,0.1560669,-0.06417847,0.9856567,0.03023229,0.002083954,-0.02194757,0.03023229,0.002083954,-0.02194757,0.1481628,-0.05249023,0.9875641,0.1481628,-0.05249023,0.9875641,5.380493,5.380493,True,True,True
1597095,63779589480116,-13.58686,2.593467,-0.06205255,-0.07226258,0.8905722,0.05239785,-0.4459974,0.006754791,0.002576065,-0.02326676,0.155426,-0.06411743,0.9857483,0.03023343,0.002084702,-0.02194843,0.03023343,0.002084702,-0.02194843,0.1473846,-0.05278015,0.9876556,0.1473846,-0.05278015,0.9876556,5.374527,5.374527,True,True,True
1597104,63779589480127,-13.58691,2.593491,-0.06203443,-0.07244125,0.8905497,0.05266271,-0.4459823,0.007183518,0.002566574,-0.02324231,0.1548157,-0.06394958,0.9858551,0.03023456,0.002083954,-0.02194757,0.03023456,0.002083954,-0.02194757,0.1466217,-0.05279541,0.9877777,0.1466217,-0.05279541,0.9877777,5.368698,5.368698,True,True,True
1597112,63779589480137,-13.58686,2.593508,-0.06201816,-0.07251432,0.8905249,0.05279854,-0.4460038,0.007526062,0.002559372,-0.02322309,0.1532898,-0.0668335,0.9859161,0.03023456,0.002083954,-0.02194757,0.03023456,0.002083954,-0.02194757,0.1442719,-0.05656433,0.987915,0.1442719,-0.05656433,0.987915,5.354767,5.354767,True,True,True
1597120,63779589480137,-13.58686,2.593508,-0.06201816,-0.07251432,0.8905249,0.05279854,-0.4460038,0.007702042,0.002555649,-0.02321344,0.1521912,-0.06684875,0.986084,0.03023456,0.002083954,-0.02194757,0.03023456,0.002083954,-0.02194757,0.1431732,-0.05674744,0.9880524,0.1431732,-0.05674744,0.9880524,5.34668,5.34668,True,True,True
1597129,63779589480149,-13.58684,2.593541,-0.06199533,-0.07244988,0.8905656,0.05299434,-0.4459097,0.007836564,0.002551743,-0.02320641,0.1511688,-0.06787109,0.9861603,0.03023456,0.002083954,-0.02194757,0.03023456,0.002083954,-0.02194757,0.1420441,-0.05795288,0.9881592,0.1420441,-0.05795288,0.9881592,5.32608,5.32608,True,True,True
1597137,63779589480160,-13.58682,2.593617,-0.06194478,-0.07241282,0.8906239,0.05324385,-0.4457697,0.007891038,0.002550369,-0.02320383,0.1505127,-0.06861877,0.9862213,0.03023456,0.002083954,-0.02194757,0.03023456,0.002083954,-0.02194757,0.141571,-0.05906677,0.9881592,0.141571,-0.05906677,0.9881592,5.320572,5.320572,True,True,True
1597145,63779589480171,-13.58682,2.593673,-0.06191599,-0.07236055,0.8906621,0.05328896,-0.4456963,0.007959488,0.002548843,-0.02320149,0.1492004,-0.06985474,0.9863281,0.03023456,0.002083954,-0.02194928,0.03023456,0.002083954,-0.02194928,0.1388092,-0.06008911,0.9884796,0.1388092,-0.06008911,0.9884796,5.319641,5.319641,True,True,True
1597154,63779589480171,-13.58682,2.593673,-0.06191599,-0.07236055,0.8906621,0.05328896,-0.4456963,0.007996964,0.002548905,-0.02320085,0.1489868,-0.07044983,0.9863129,0.03023456,0.002085449,-0.02195081,0.03023456,0.002085449,-0.02195081,0.1387634,-0.06097412,0.9884338,0.1387634,-0.06097412,0.9884338,5.319183,5.319183,True,True,True
1597162,63779589480183,-13.58681,2.593681,-0.06190282,-0.07226963,0.890684,0.05348966,-0.4456433,0.007534684,0.002558594,-0.02324098,0.1478729,-0.07106018,0.9864349,0.03023456,0.002086167,-0.02197383,0.03023456,0.002086167,-0.02197383,0.1372528,-0.06037903,0.988678,0.1372528,-0.06037903,0.988678,5.318558,5.318558,True,True,True
1597170,63779589480193,-13.58696,2.593672,-0.06192195,-0.07220944,0.8907206,0.05358651,-0.4455682,-0.01552203,0.003065766,-0.02463171,0.1571503,-0.08235168,0.9841309,0.03021541,0.002217636,-0.02246524,0.03021541,0.002217636,-0.02246524,0.1311035,-0.0629425,0.9893646,0.1311035,-0.0629425,0.9893646,5.302017,5.302017,True,True,True
1597179,63779589480204,-13.58696,2.593669,-0.06191432,-0.07213536,0.8907596,0.05384606,-0.4454709,-0.02615352,0.003262482,-0.02513651,0.1629028,-0.0867157,0.9828186,0.03021541,0.002219498,-0.02247429,0.03021541,0.002219498,-0.02247429,0.1310577,-0.06309509,0.9893494,0.1310577,-0.06309509,0.9893494,5.30162,5.30162,True,True,True
1597187,63779589480204,-13.58696,2.593669,-0.06191432,-0.07213536,0.8907596,0.05384606,-0.4454709,-0.02747423,0.003286194,-0.0251989,0.163147,-0.08833313,0.9826355,0.03021541,0.002223343,-0.02248367,0.03021541,0.002223343,-0.02248367,0.1309357,-0.06454468,0.9892731,0.1309357,-0.06454468,0.9892731,5.29567,5.29567,True,True,True
1597195,63779589480215,-13.58694,2.593645,-0.06188828,-0.07200847,0.8907601,0.0539742,-0.4454749,-0.02766969,0.003289459,-0.02520869,0.1647034,-0.08828735,0.9823761,0.03021541,0.002226044,-0.02248387,0.03021541,0.002226044,-0.02248387,0.1309662,-0.06518555,0.9892273,0.1309662,-0.06518555,0.9892273,5.300369,5.300369,True,True,True
1597204,63779589480226,-13.58694,2.593644,-0.06187862,-0.07189473,0.8907415,0.05416065,-0.4455079,-0.02770477,0.003289704,-0.02521088,0.1641388,-0.08808899,0.9824829,0.03021541,0.002226059,-0.02248853,0.03021541,0.002226059,-0.02248853,0.1309204,-0.06558228,0.989212,0.1309204,-0.06558228,0.989212,5.295059,5.295059,True,True,True
1597212,63779589480238,-13.58689,2.593653,-0.06193447,-0.07178014,0.8907592,0.05432815,-0.4454706,-0.02767865,0.003287323,-0.02520999,0.1643219,-0.08851624,0.9824219,0.03021541,0.002226639,-0.02249483,0.03021541,0.002226639,-0.02249483,0.129715,-0.06562805,0.9893646,0.129715,-0.06562805,0.9893646,5.294479,5.294479,True,True,True
1597220,63779589480238,-13.58689,2.593653,-0.06193447,-0.07178014,0.8907592,0.05432815,-0.4454706,-0.02750163,0.003282364,-0.02520248,0.1643219,-0.08862305,0.9824066,0.03021541,0.002227051,-0.02250154,0.03021541,0.002227051,-0.02250154,0.1306152,-0.06565857,0.9892426,0.1306152,-0.06565857,0.9892426,5.292267,5.292267,True,True,True
1597229,63779589480249,-13.58682,2.593668,-0.06191486,-0.07165888,0.8907799,0.054304,-0.4454519,-0.02628481,0.00325972,-0.02514647,0.1644135,-0.08796692,0.9824524,0.03021541,0.002227051,-0.02250481,0.03021541,0.002227051,-0.02250481,0.1308899,-0.06712341,0.9891052,0.1308899,-0.06712341,0.9891052,5.293671,5.293671,True,True,True
1597237,63779589480260,-13.58678,2.593645,-0.0619064,-0.07164077,0.890789,0.05437241,-0.445428,-0.01570339,0.003065888,-0.0246525,0.1579132,-0.08399963,0.9838715,0.03021658,0.002226639,-0.02250481,0.03021658,0.002226639,-0.02250481,0.1312408,-0.06718445,0.9890594,0.1312408,-0.06718445,0.9890594,5.298691,5.298691,True,True,True
1597245,63779589480271,-13.58673,2.593657,-0.06193429,-0.07163799,0.8908056,0.05424346,-0.4454112,0.006370087,0.002661911,-0.02362041,0.1451416,-0.07756042,0.9863586,0.03021671,0.002226059,-0.02250481,0.03021671,0.002226059,-0.02250481,0.1313782,-0.06890869,0.9889221,0.1313782,-0.06890869,0.9889221,5.301437,5.301437,True,True,True
1597254,63779589480271,-13.58673,2.593657,-0.06193429,-0.07163799,0.8908056,0.05424346,-0.4454112,0.006697205,0.002655426,-0.02360593,0.1454926,-0.07826233,0.9862518,0.03021793,0.002226044,-0.02250502,0.03021793,0.002226044,-0.02250502,0.1316376,-0.07054138,0.9887695,0.1316376,-0.07054138,0.9887695,5.300888,5.300888,True,True,True
1597262,63779589480282,-13.58672,2.593658,-0.06192094,-0.07152307,0.8908583,0.05418266,-0.4453316,0.006980088,0.002647919,-0.02359291,0.1452942,-0.07810974,0.9862976,0.03021916,0.002223343,-0.02250481,0.03021916,0.002223343,-0.02250481,0.1317291,-0.0705719,0.9887543,0.1317291,-0.0705719,0.9887543,5.302216,5.302216,True,True,True
1597270,63779589480293,-13.58676,2.593657,-0.0619067,-0.07137941,0.8909108,0.05401323,-0.4452701,0.007226197,0.002641373,-0.02358183,0.1457062,-0.07766724,0.9862671,0.0302208,0.002220688,-0.02250481,0.0302208,0.002220688,-0.02250481,0.1321869,-0.06985474,0.9887543,0.1321869,-0.06985474,0.9887543,5.305069,5.305069,True,True,True
1597279,63779589480293,-13.58676,2.593657,-0.0619067,-0.07137941,0.8909108,0.05401323,-0.4452701,0.007563599,0.002633667,-0.02356668,0.1456604,-0.07754517,0.9862823,0.03022142,0.002219498,-0.02250502,0.03022142,0.002219498,-0.02250502,0.1324768,-0.06968689,0.9887238,0.1324768,-0.06968689,0.9887238,5.304901,5.304901,True,True,True
1597287,63779589480305,-13.58677,2.593654,-0.0618934,-0.07117125,0.8909774,0.05374156,-0.4452029,0.007865143,0.002626038,-0.02355431,0.1461487,-0.07725525,0.9862366,0.03022156,0.002217636,-0.02250638,0.03022156,0.002217636,-0.02250638,0.1324921,-0.06988525,0.9887085,0.1324921,-0.06988525,0.9887085,5.302429,5.302429,True,True,True
1597295,63779589480316,-13.58675,2.593635,-0.06188577,-0.07099939,0.8910258,0.05357335,-0.445154,0.008066071,0.002621079,-0.02354506,0.1460876,-0.07800293,0.9861755,0.03022225,0.002216339,-0.02250638,0.03022225,0.002216339,-0.02250638,0.1326904,-0.07084656,0.9886169,0.1326904,-0.07084656,0.9886169,5.301865,5.301865,True,True,True
1597304,63779589480326,-13.58675,2.593571,-0.06185395,-0.07087429,0.8910956,0.05347184,-0.4450462,0.008068665,0.00262001,-0.02354587,0.1457977,-0.07859802,0.9861755,0.03022229,0.002215103,-0.02250734,0.03022229,0.002215103,-0.02250734,0.1326752,-0.0713501,0.9885712,0.1326752,-0.0713501,0.9885712,5.297836,5.297836,True,True,True
1597312,63779589480338,-13.58673,2.593551,-0.06186193,-0.07083556,0.8911702,0.05340566,-0.4449112,0.00805214,0.002617508,-0.02354689,0.1460724,-0.07737732,0.9862366,0.03022275,0.002210739,-0.02250734,0.03022275,0.002210739,-0.02250734,0.1327972,-0.06929016,0.9887085,0.1327972,-0.06929016,0.9887085,5.298874,5.298874,True,True,True
1597320,63779589480338,-13.58673,2.593551,-0.06186193,-0.07083556,0.8911702,0.05340566,-0.4449112,0.008045914,0.002617462,-0.02354775,0.1474304,-0.0773468,0.9860382,0.03022275,0.002210739,-0.02250734,0.03022275,0.002210739,-0.02250734,0.1350708,-0.06904602,0.9884186,0.1350708,-0.06904602,0.9884186,5.275543,5.275543,True,True,True
1597329,63779589480349,-13.58669,2.593552,-0.06191826,-0.07083108,0.8911734,0.05332617,-0.4449151,0.008039948,0.00261676,-0.02354805,0.146286,-0.07730103,0.9862061,0.03022275,0.002210739,-0.02250638,0.03022275,0.002210739,-0.02250638,0.1330872,-0.0693512,0.9886627,0.1330872,-0.0693512,0.9886627,5.298904,5.298904,True,True,True
1597337,63779589480360,-13.58668,2.593493,-0.06201613,-0.07087026,0.8912079,0.05330684,-0.4448418,0.008025574,0.002616242,-0.02354831,0.1476135,-0.07711792,0.9860229,0.03022275,0.002210739,-0.02250502,0.03022275,0.002210739,-0.02250502,0.1352692,-0.06944275,0.9883575,0.1352692,-0.06944275,0.9883575,5.30159,5.30159,True,True,True
1597345,63779589480371,-13.58665,2.593449,-0.06204832,-0.07099035,0.891181,0.0532307,-0.4448858,0.00804126,0.002615097,-0.02354839,0.1477661,-0.07688904,0.9860229,0.03022275,0.002210739,-0.02250502,0.03022275,0.002210739,-0.02250502,0.1356659,-0.06939697,0.9883118,0.1356659,-0.06939697,0.9883118,5.301636,5.301636,True,True,True
1597354,63779589480371,-13.58665,2.593449,-0.06204832,-0.07099035,0.891181,0.0532307,-0.4448858,0.008078324,0.002613403,-0.02354743,0.1473389,-0.07653809,0.9861145,0.03022229,0.002210739,-0.02250502,0.03022229,0.002210739,-0.02250502,0.1351318,-0.06938171,0.9883881,0.1351318,-0.06938171,0.9883881,5.299408,5.299408,True,True,True
1597362,63779589480383,-13.58656,2.593432,-0.06208479,-0.07108165,0.8912146,0.05305306,-0.444825,0.008114991,0.002612732,-0.02354636,0.1477203,-0.07633972,0.9860687,0.03022225,0.002210739,-0.02250502,0.03022225,0.002210739,-0.02250502,0.1355133,-0.06910706,0.9883575,0.1355133,-0.06910706,0.9883575,5.2995,5.2995,True,True,True
1597370,63779589480393,-13.58651,2.593486,-0.06209004,-0.07101458,0.8912254,0.05298773,-0.444822,0.00814737,0.002612137,-0.02354529,0.1477509,-0.0763092,0.9860687,0.03022225,0.002210739,-0.02250502,0.03022225,0.002210739,-0.02250502,0.1355133,-0.06910706,0.9883575,0.1355133,-0.06910706,0.9883575,5.2995,5.2995,True,True,True
1597379,63779589480404,-13.5864,2.59344,-0.06201905,-0.07093976,0.8912517,0.05294102,-0.4447867,0.008169556,0.002611771,-0.02354523,0.1476135,-0.07623291,0.9860992,0.030222,0.002210815,-0.02250638,0.030222,0.002210815,-0.02250638,0.1354523,-0.06900024,0.9883728,0.1354523,-0.06900024,0.9883728,5.299423,5.299423,True,True,True
1597387,63779589480404,-13.5864,2.59344,-0.06201905,-0.07093976,0.8912517,0.05294102,-0.4447867,0.008131943,0.002612885,-0.02354854,0.1481476,-0.07528687,0.986084,0.03022141,0.002211517,-0.02250882,0.03022141,0.002211517,-0.02250882,0.1359406,-0.06756592,0.9884033,0.1359406,-0.06756592,0.9884033,5.300018,5.300018,True,True,True
1597395,63779589480415,-13.58636,2.593477,-0.06197089,-0.07075603,0.8912496,0.05269825,-0.4448491,0.00805272,0.002614365,-0.02355234,0.1483002,-0.07424927,0.986145,0.03021987,0.002211655,-0.02250905,0.03021987,0.002211655,-0.02250905,0.1355286,-0.06614685,0.9885559,0.1355286,-0.06614685,0.9885559,5.300781,5.300781,True,True,True
1597404,63779589480426,-13.5863,2.59347,-0.06196785,-0.07058563,0.8912401,0.05254484,-0.4449132,0.007973938,0.002620804,-0.02356159,0.1481628,-0.07469177,0.9861298,0.03021878,0.002219803,-0.02251796,0.03021878,0.002219803,-0.02251796,0.1352081,-0.06686401,0.9885559,0.1352081,-0.06686401,0.9885559,5.300095,5.300095,True,True,True
1597412,63779589480438,-13.58632,2.593412,-0.061993,-0.07057009,0.8912567,0.05249209,-0.4448888,0.007266541,0.002636505,-0.02360339,0.1484528,-0.07467651,0.986084,0.03021742,0.002224686,-0.022532,0.03021742,0.002224686,-0.022532,0.1348267,-0.06643677,0.9886322,0.1348267,-0.06643677,0.9886322,5.301758,5.301758,True,True,True
1597420,63779589480438,-13.58632,2.593412,-0.061993,-0.07057009,0.8912567,0.05249209,-0.4448888,0.006454514,0.002656967,-0.02365026,0.1482086,-0.07594299,0.9860229,0.03021539,0.002230103,-0.02254677,0.03021539,0.002230103,-0.02254677,0.1335144,-0.0670166,0.9887695,0.1335144,-0.0670166,0.9887695,5.292938,5.292938,True,True,True
1597429,63779589480449,-13.58629,2.593433,-0.06198049,-0.07051589,0.8912844,0.05225765,-0.4448693,0.005583268,0.002676727,-0.0236971,0.1507721,-0.07673645,0.9855804,0.03021463,0.002233612,-0.02255762,0.03021463,0.002233612,-0.02255762,0.1357574,-0.06707764,0.9884644,0.1357574,-0.06707764,0.9884644,5.300735,5.300735,True,True,True
1597437,63779589480460,-13.58623,2.593396,-0.06204468,-0.0703922,0.891239,0.05231181,-0.4449737,0.004928513,0.002690689,-0.02372745,0.1517334,-0.07875061,0.9852753,0.03021462,0.002235947,-0.02255762,0.03021462,0.002235947,-0.02255762,0.1360626,-0.06747437,0.9883881,0.1360626,-0.06747437,0.9883881,5.308334,5.308334,True,True,True
1597445,63779589480471,-13.58618,2.59339,-0.06205517,-0.07045522,0.8912057,0.05222724,-0.4450403,0.004545746,0.002697723,-0.02374863,0.1520538,-0.0783844,0.9852448,0.03021451,0.002236191,-0.0225638,0.03021451,0.002236191,-0.0225638,0.1360474,-0.06654358,0.9884644,0.1360474,-0.06654358,0.9884644,5.31076,5.31076,True,True,True
1597454,63779589480471,-13.58618,2.59339,-0.06205517,-0.07045522,0.8912057,0.05222724,-0.4450403,0.004433228,0.002700485,-0.02375456,0.1520386,-0.0785675,0.9852448,0.03021408,0.002237351,-0.02256485,0.03021408,0.002237351,-0.02256485,0.1359253,-0.06677246,0.9884491,0.1359253,-0.06677246,0.9884491,5.310898,5.310898,True,True,True
1597462,63779589480482,-13.58616,2.593414,-0.06210542,-0.07051025,0.8912742,0.05221548,-0.4448956,0.004694367,0.002695969,-0.02374258,0.151825,-0.07739258,0.9853668,0.03021385,0.002237427,-0.02256485,0.03021385,0.002237427,-0.02256485,0.13591,-0.06655884,0.9884796,0.13591,-0.06655884,0.9884796,5.317184,5.317184,True,True,True
1597470,63779589480493,-13.58613,2.593403,-0.06213808,-0.0705813,0.8912464,0.05211527,-0.4449519,0.005283005,0.002685974,-0.023716,0.1527863,-0.07722473,0.9852295,0.03021375,0.002238113,-0.02256485,0.03021375,0.002238113,-0.02256485,0.1383057,-0.06669617,0.9881287,0.1383057,-0.06669617,0.9881287,5.319702,5.319702,True,True,True
1597479,63779589480504,-13.58611,2.593369,-0.0621829,-0.07056067,0.8912007,0.05219598,-0.4450371,0.006070984,0.00267331,-0.02368031,0.1525726,-0.07763672,0.9852295,0.03021361,0.002240448,-0.02256508,0.03021361,0.002240448,-0.02256508,0.1383057,-0.06698608,0.9881134,0.1383057,-0.06698608,0.9881134,5.324036,5.324036,True,True,True
1597487,63779589480504,-13.58611,2.593369,-0.0621829,-0.07056067,0.8912007,0.05219598,-0.4450371,0.006899765,0.00265889,-0.02364258,0.1520233,-0.07676697,0.9853821,0.03021361,0.002240891,-0.02256508,0.03021361,0.002240891,-0.02256508,0.1383057,-0.0670929,0.9880981,0.1383057,-0.0670929,0.9880981,5.324112,5.324112,True,True,True
1597495,63779589480516,-13.58615,2.593347,-0.06223625,-0.07074602,0.8912203,0.05217525,-0.4449709,0.007411133,0.002650009,-0.02361907,0.1517181,-0.0766449,0.9854431,0.03021361,0.002240967,-0.02256485,0.03021361,0.002240967,-0.02256485,0.1383209,-0.06712341,0.9880981,0.1383209,-0.06712341,0.9880981,5.32608,5.32608,True,True,True
1597504,63779589480527,-13.58613,2.593306,-0.06227797,-0.07082396,0.8912519,0.052196,-0.4448929,0.007930939,0.002642334,-0.02359455,0.1520081,-0.07759094,0.985321,0.03021361,0.002243637,-0.0225638,0.03021361,0.002243637,-0.0225638,0.1386108,-0.06813049,0.9879913,0.1386108,-0.06813049,0.9879913,5.334335,5.334335,True,True,True
1597512,63779589480537,-13.58614,2.593265,-0.06226557,-0.07090432,0.89126,0.05217735,-0.4448659,0.007868759,0.002643646,-0.02359671,0.1518707,-0.07797241,0.9853058,0.03021361,0.00224382,-0.02256259,0.03021361,0.00224382,-0.02256259,0.1383514,-0.0684967,0.9880066,0.1383514,-0.0684967,0.9880066,5.330383,5.330383,True,True,True
1597520,63779589480537,-13.58614,2.593265,-0.06226557,-0.07090432,0.89126,0.05217735,-0.4448659,0.008061341,0.002640732,-0.02358743,0.1517029,-0.07804871,0.9853363,0.03021361,0.002243927,-0.02256203,0.03021361,0.002243927,-0.02256203,0.1383209,-0.06858826,0.9880066,0.1383209,-0.06858826,0.9880066,5.325302,5.325302,True,True,True
1597529,63779589480549,-13.58612,2.593239,-0.06227475,-0.07106566,0.8913321,0.05219721,-0.4446936,0.008052476,0.002642502,-0.02358511,0.1512146,-0.07835388,0.9853821,0.03021361,0.002244904,-0.02255762,0.03021361,0.002244904,-0.02255762,0.1385498,-0.06863403,0.9879608,0.1385498,-0.06863403,0.9879608,5.325653,5.325653,True,True,True
1597537,63779589480559,-13.58608,2.593253,-0.06230444,-0.07111336,0.8913594,0.05216439,-0.4446348,0.007984146,0.00264415,-0.02358733,0.1518402,-0.07839966,0.9852753,0.03021372,0.002244904,-0.02255606,0.03021372,0.002244904,-0.02255606,0.1385651,-0.06852722,0.9879761,0.1385651,-0.06852722,0.9879761,5.32373,5.32373,True,True,True
1597545,63779589480571,-13.58603,2.593246,-0.0623101,-0.0711197,0.8914239,0.05219388,-0.4445012,0.007486832,0.002653687,-0.02361026,0.1522369,-0.07850647,0.9852142,0.03021431,0.002244934,-0.02255582,0.03021431,0.002244934,-0.02255582,0.1387482,-0.06832886,0.9879608,0.1387482,-0.06832886,0.9879608,5.325958,5.325958,True,True,True
1597554,63779589480571,-13.58603,2.593246,-0.0623101,-0.0711197,0.8914239,0.05219388,-0.4445012,0.007250183,0.002658783,-0.02361684,0.1525269,-0.07872009,0.9851532,0.03021451,0.002244934,-0.02254852,0.03021451,0.002244934,-0.02254852,0.1390228,-0.06817627,0.9879303,0.1390228,-0.06817627,0.9879303,5.326401,5.326401,True,True,True
1597562,63779589480582,-13.58598,2.593301,-0.06235272,-0.07120905,0.8914701,0.05210017,-0.4444052,0.007064103,0.002664688,-0.02362316,0.152771,-0.07901001,0.9850922,0.03021451,0.002246384,-0.02254465,0.03021451,0.002246384,-0.02254465,0.1390686,-0.06813049,0.9879303,0.1390686,-0.06813049,0.9879303,5.331787,5.331787,True,True,True
1597570,63779589480593,-13.58599,2.59329,-0.0623855,-0.0712667,0.8916005,0.05202589,-0.4441428,0.006958924,0.002667099,-0.02362782,0.1525574,-0.07907104,0.9851227,0.03021475,0.002246384,-0.0225443,0.03021475,0.002246384,-0.0225443,0.1386566,-0.06811523,0.9879913,0.1386566,-0.06811523,0.9879913,5.326797,5.326797,True,True,True
1597579,63779589480604,-13.58594,2.593266,-0.06243527,-0.07134199,0.891686,0.05205182,-0.4439561,0.006711853,0.002672425,-0.02363434,0.1530151,-0.07911682,0.9850464,0.03021483,0.002246384,-0.02253594,0.03021483,0.002246384,-0.02253594,0.1391754,-0.0682373,0.9878998,0.1391754,-0.0682373,0.9878998,5.33194,5.33194,True,True,True
1597587,63779589480604,-13.58594,2.593266,-0.06243527,-0.07134199,0.891686,0.05205182,-0.4439561,0.006572632,0.002674805,-0.02363915,0.1531372,-0.07707214,0.9851837,0.03021484,0.002244904,-0.0225331,0.03021484,0.002244904,-0.0225331,0.1393127,-0.06611633,0.9880371,0.1393127,-0.06611633,0.9880371,5.335983,5.335983,True,True,True
1597595,63779589480616,-13.58588,2.593241,-0.06246156,-0.07139782,0.8917142,0.05201527,-0.4438947,0.006505707,0.002676483,-0.02364044,0.1539001,-0.07644653,0.9851227,0.030215,0.002243927,-0.02252997,0.030215,0.002243927,-0.02252997,0.1393585,-0.06591797,0.9880371,0.1393585,-0.06591797,0.9880371,5.336105,5.336105,True,True,True
1597604,63779589480627,-13.58583,2.593258,-0.06253803,-0.07143603,0.8917413,0.05205605,-0.4438294,0.006516113,0.00267659,-0.02363963,0.1539154,-0.0765686,0.9851074,0.03021515,0.00224382,-0.02252943,0.03021515,0.00224382,-0.02252943,0.1394043,-0.06593323,0.9880371,0.1394043,-0.06593323,0.9880371,5.336227,5.336227,True,True,True
1597612,63779589480627,-13.58583,2.593258,-0.06253803,-0.07135988,0.891864,0.05213338,-0.443586,-0.02064075,0.003153855,-0.02483551,0.171875,-0.08872986,0.9811096,0.03025229,0.00208168,-0.02191054,0.03025229,0.00208168,-0.02191054,0.1511841,-0.06422424,0.9864044,0.1511841,-0.06422424,0.9864044,5.362122,5.362122,True,True,True
1597620,63779589480638,-13.5858,2.593248,-0.0625909,-0.07135988,0.891864,0.05213338,-0.443586,-0.02730973,0.003295304,-0.02521877,0.1758881,-0.0932312,0.9799805,0.03025229,0.002080627,-0.02190636,0.03025229,0.002080627,-0.02190636,0.1512451,-0.06433105,0.9863892,0.1512451,-0.06433105,0.9863892,5.361969,5.361969,True,True,True
1597629,63779589480649,-13.58568,2.593248,-0.06264532,-0.07129572,0.8918975,0.05219503,-0.4435218,-0.02749837,0.003234085,-0.02525098,0.164856,-0.08213806,0.9828796,0.03026088,0.00212027,-0.02222534,0.03026088,0.00212027,-0.02222534,0.1372833,-0.06889343,0.9881287,0.1372833,-0.06889343,0.9881287,5.205688,5.205688,True,True,True
1597637,63779589480660,-13.58566,2.593235,-0.06271785,-0.07117783,0.8919722,0.05224919,-0.443384,-0.02754109,0.003139527,-0.02524364,0.1609497,-0.1184692,0.9798126,0.03031831,0.00215007,-0.02290712,0.03031831,0.00215007,-0.02290712,0.1177216,-0.1063538,0.9873199,0.1177216,-0.1063538,0.9873199,5.330063,5.330063,True,True,True
1597645,63779589480670,-13.58563,2.593215,-0.06277716,-0.07114955,0.8920041,0.05214488,-0.4433365,-0.02747559,0.002997406,-0.02524555,0.157196,-0.1294403,0.9790344,0.03043857,0.001879456,-0.022558,0.03043857,0.001879456,-0.022558,0.1288452,-0.1214752,0.9841919,0.1288452,-0.1214752,0.9841919,5.362701,5.362701,True,True,True
1597654,63779589480670,-13.58563,2.593215,-0.06277716,-0.07114955,0.8920041,0.05214488,-0.4433365,-0.02748126,0.002896454,-0.02519713,0.1425323,-0.1605988,0.9766693,0.03046831,0.001847748,-0.02305089,0.03046831,0.001847748,-0.02305089,0.1143494,-0.1254425,0.9854736,0.1143494,-0.1254425,0.9854736,5.226547,5.226547,True,True,True
1597662,63779589480682,-13.58556,2.593199,-0.06280351,-0.07129552,0.8920615,0.05212582,-0.4431999,-0.02746007,0.002825592,-0.02521854,0.1338654,-0.1812897,0.9742737,0.03053984,0.0015793,-0.02231802,0.03053984,0.0015793,-0.02231802,0.1364136,-0.160202,0.9776001,0.1364136,-0.160202,0.9776001,5.315826,5.315826,True,True,True
1597670,63779589480693,-13.58555,2.593185,-0.06285679,-0.07120991,0.8921557,0.05203531,-0.4430346,-0.02747318,0.002805527,-0.02521867,0.13974,-0.1795197,0.9737701,0.03055574,0.001543823,-0.02226675,0.03055574,0.001543823,-0.02226675,0.1369629,-0.1560822,0.9781952,0.1369629,-0.1560822,0.9781952,5.315903,5.315903,True,True,True
1597679,63779589480704,-13.5855,2.59318,-0.06293708,-0.07115771,0.8922246,0.05189106,-0.442921,-0.02748741,0.002797455,-0.02520514,0.1321716,-0.1850586,0.9737854,0.03056712,0.001528046,-0.02219827,0.03056712,0.001528046,-0.02219827,0.1448364,-0.1591949,0.9765472,0.1448364,-0.1591949,0.9765472,5.35527,5.35527,True,True,True
1597687,63779589480704,-13.5855,2.59318,-0.06293708,-0.07115771,0.8922246,0.05189106,-0.442921,-0.0274809,0.002801987,-0.02520508,0.1383514,-0.1851196,0.9729156,0.03056798,0.001530212,-0.0222002,0.03056798,0.001530212,-0.0222002,0.141098,-0.1621857,0.9766083,0.141098,-0.1621857,0.9766083,5.376846,5.376846,True,True,True
1597695,63779589480715,-13.58547,2.593169,-0.06301641,-0.07101744,0.8922902,0.05163405,-0.4428414,-0.02745412,0.002804978,-0.02520044,0.1359253,-0.1847076,0.9733429,0.03056882,0.001532364,-0.0222021,0.03056882,0.001532364,-0.0222021,0.1370087,-0.1602936,0.9775085,0.1370087,-0.1602936,0.9775085,5.355362,5.355362,True,True,True
1597704,63779589480726,-13.58543,2.593153,-0.06307918,-0.07091787,0.8923364,0.05140897,-0.4427906,-0.02740747,0.002807541,-0.02519478,0.1334686,-0.1875153,0.9731445,0.03056914,0.001534836,-0.0222002,0.03056914,0.001534836,-0.0222002,0.1382751,-0.1615601,0.9771118,0.1382751,-0.1615601,0.9771118,5.354019,5.354019,True,True,True
1597712,63779589480737,-13.58541,2.593121,-0.06318951,-0.07083604,0.8923999,0.0513461,-0.442683,-0.0274223,0.002808746,-0.02519397,0.1326141,-0.1869507,0.9733734,0.03056909,0.001537308,-0.02219827,0.03056909,0.001537308,-0.02219827,0.1370544,-0.1618347,0.9772491,0.1370544,-0.1618347,0.9772491,5.353149,5.353149,True,True,True
1597720,63779589480737,-13.58541,2.593121,-0.06318951,-0.07083604,0.8923999,0.0513461,-0.442683,-0.02658043,0.002791184,-0.0251489,0.1319733,-0.1877594,0.9732971,0.03056928,0.001539261,-0.02219632,0.03056928,0.001539261,-0.02219632,0.1344299,-0.1631165,0.9774017,0.1344299,-0.1631165,0.9774017,5.348984,5.348984,True,True,True
1597729,63779589480749,-13.58539,2.593124,-0.06327647,-0.07080016,0.8924903,0.0510697,-0.4425386,-0.02502469,0.002757553,-0.02506674,0.1335907,-0.1880035,0.9730377,0.03056944,0.001541199,-0.02219435,0.03056944,0.001541199,-0.02219435,0.137085,-0.1631927,0.9770203,0.137085,-0.1631927,0.9770203,5.345612,5.345612,True,True,True
1597737,63779589480760,-13.58534,2.593094,-0.06337261,-0.07066798,0.8925388,0.05087421,-0.4424843,0.003803482,0.002128494,-0.02357753,0.135376,-0.1749725,0.9752197,0.03056983,0.001543961,-0.02219632,0.03056983,0.001543961,-0.02219632,0.1377411,-0.1632996,0.9768982,0.1377411,-0.1632996,0.9768982,5.34964,5.34964,True,True,True
1597745,63779589480771,-13.58533,2.593127,-0.06344026,-0.0705139,0.8926669,0.05067679,-0.4422731,0.007112382,0.002058106,-0.02340798,0.1356812,-0.1736145,0.9754181,0.03056995,0.001546738,-0.02219827,0.03056995,0.001546738,-0.02219827,0.137207,-0.1635132,0.976944,0.137207,-0.1635132,0.976944,5.345306,5.345306,True,True,True
1597754,63779589480771,-13.58533,2.593127,-0.06344026,-0.0705139,0.8926669,0.05067679,-0.4422731,0.008402695,0.002030502,-0.02334154,0.1360626,-0.1730804,0.9754486,0.03056992,0.001547226,-0.02219846,0.03056992,0.001547226,-0.02219846,0.1371918,-0.1636047,0.9769287,0.1371918,-0.1636047,0.9769287,5.343796,5.343796,True,True,True
1597762,63779589480782,-13.58528,2.593138,-0.06360626,-0.07036357,0.8927244,0.05045203,-0.4422067,0.008314591,0.00203302,-0.02334677,0.1356354,-0.173111,0.9755096,0.03056989,0.00154773,-0.02219862,0.03056989,0.00154773,-0.02219862,0.137207,-0.1637115,0.9769135,0.137207,-0.1637115,0.9769135,5.345535,5.345535,True,True,True
1597770,63779589480793,-13.58524,2.593132,-0.06372243,-0.07023097,0.892805,0.05034879,-0.4420767,0.008176392,0.00203952,-0.02335555,0.1357269,-0.1731262,0.9754944,0.03056966,0.001552902,-0.02220036,0.03056966,0.001552902,-0.02220036,0.1371155,-0.1638031,0.9769135,0.1371155,-0.1638031,0.9769135,5.343506,5.343506,True,True,True
1597779,63779589480804,-13.58521,2.593142,-0.06379259,-0.07011139,0.8928761,0.05021566,-0.4419672,0.008115082,0.002044037,-0.02335991,0.135498,-0.1730957,0.9755249,0.03056944,0.001558075,-0.0222021,0.03056944,0.001558075,-0.0222021,0.1370544,-0.1639099,0.9768982,0.1370544,-0.1639099,0.9768982,5.345184,5.345184,True,True,True
1597787,63779589480804,-13.58521,2.593142,-0.06379259,-0.07011139,0.8928761,0.05021566,-0.4419672,0.008040482,0.00204744,-0.02336444,0.1356201,-0.173645,0.9754181,0.03056928,0.001560974,-0.02220299,0.03056928,0.001560974,-0.02220299,0.137558,-0.1645508,0.9767151,0.137558,-0.1645508,0.9767151,5.348694,5.348694,True,True,True
1597795,63779589480815,-13.58518,2.593184,-0.06388646,-0.07021783,0.8929369,0.05032358,-0.4418152,0.007959275,0.002050903,-0.02336922,0.1357574,-0.1739197,0.9753418,0.03056909,0.001563858,-0.02220389,0.03056909,0.001563858,-0.02220389,0.1380615,-0.1651764,0.9765472,0.1380615,-0.1651764,0.9765472,5.35202,5.35202,True,True,True
1597804,63779589480827,-13.58521,2.593187,-0.06402069,-0.07027185,0.8929605,0.05041032,-0.441749,0.007878342,0.002056763,-0.02337676,0.1355743,-0.1742554,0.9753113,0.03056909,0.001570694,-0.02220934,0.03056909,0.001570694,-0.02220934,0.1380463,-0.1654968,0.9764862,0.1380463,-0.1654968,0.9764862,5.35199,5.35199,True,True,True
1597812,63779589480838,-13.58517,2.593182,-0.06414509,-0.07043745,0.8929856,0.05048664,-0.4416632,0.007766678,0.00205925,-0.02338577,0.1367035,-0.1738892,0.9752197,0.03056909,0.001570908,-0.02221486,0.03056909,0.001570908,-0.02221486,0.1382141,-0.1648712,0.9765778,0.1382141,-0.1648712,0.9765778,5.352051,5.352051,True,True,True
1597820,63779589480838,-13.58517,2.593182,-0.06414509,-0.07043745,0.8929856,0.05048664,-0.4416632,0.006595108,0.002094009,-0.02347377,0.136322,-0.1745453,0.9751587,0.03056783,0.001587463,-0.0222625,0.03056783,0.001587463,-0.0222625,0.1377411,-0.1652374,0.9765778,0.1377411,-0.1652374,0.9765778,5.342804,5.342804,True,True,True
1597829,63779589480848,-13.58511,2.593167,-0.06424057,-0.0705964,0.8930165,0.05039772,-0.4415855,0.00525203,0.002125977,-0.02354425,0.1357574,-0.1747437,0.9752045,0.03056685,0.00159375,-0.02226582,0.03056685,0.00159375,-0.02226582,0.1374664,-0.1646729,0.9767151,0.1374664,-0.1646729,0.9767151,5.343063,5.343063,True,True,True
1597837,63779589480860,-13.58507,2.593189,-0.06442404,-0.07058475,0.8930742,0.05029979,-0.4414821,0.003921692,0.002154877,-0.02361521,0.1353455,-0.1752472,0.9751587,0.03056652,0.001595245,-0.0222704,0.03056652,0.001595245,-0.0222704,0.13797,-0.1646423,0.9766388,0.13797,-0.1646423,0.9766388,5.349945,5.349945,True,True,True
1597845,63779589480860,-13.58507,2.593189,-0.06442404,-0.07058475,0.8930742,0.05029979,-0.4414821,0.003030747,0.002176361,-0.02366237,0.1351471,-0.1755524,0.9751434,0.03056398,0.001600372,-0.02227492,0.03056398,0.001600372,-0.02227492,0.1380615,-0.1654816,0.9764862,0.1380615,-0.1654816,0.9764862,5.349487,5.349487,True,True,True
1597854,63779589480872,-13.58504,2.593212,-0.06447434,-0.07045885,0.8930981,0.05013578,-0.4414723,0.002724823,0.002183456,-0.02367809,0.1357574,-0.1742706,0.9752808,0.03056223,0.001601257,-0.02227574,0.03056223,0.001601257,-0.02227574,0.1378479,-0.163147,0.9769135,0.1378479,-0.163147,0.9769135,5.35939,5.35939,True,True,True
1597862,63779589480883,-13.58503,2.59323,-0.0645662,-0.07040509,0.8931618,0.04996652,-0.4413713,0.002992081,0.002178543,-0.02366641,0.1357727,-0.1743164,0.9752808,0.03056137,0.001602539,-0.02227928,0.03056137,0.001602539,-0.02227928,0.1376495,-0.1630707,0.9769592,0.1376495,-0.1630707,0.9769592,5.349976,5.349976,True,True,True
1597870,63779589480893,-13.58502,2.593239,-0.06458765,-0.07019071,0.8932414,0.04982817,-0.4412599,0.003889176,0.002159821,-0.0236218,0.1362305,-0.1732635,0.9754028,0.03056125,0.001602615,-0.0222804,0.03056125,0.001602615,-0.0222804,0.1387787,-0.1621246,0.9769592,0.1387787,-0.1621246,0.9769592,5.350159,5.350159,True,True,True
1597879,63779589480904,-13.58496,2.593211,-0.06467885,-0.07014996,0.8933074,0.04969353,-0.4411478,0.005262055,0.002131439,-0.02355403,0.136673,-0.1721497,0.9755402,0.03056093,0.001603302,-0.02228281,0.03056093,0.001603302,-0.02228281,0.1397552,-0.1608276,0.9770355,0.1397552,-0.1608276,0.9770355,5.360077,5.360077,True,True,True
1597887,63779589480904,-13.58496,2.593211,-0.06467885,-0.07014996,0.8933074,0.04969353,-0.4411478,0.00644899,0.002106567,-0.02349587,0.1380463,-0.1708527,0.9755707,0.03056056,0.001603455,-0.02228543,0.03056056,0.001603455,-0.02228543,0.1401672,-0.1599579,0.9771118,0.1401672,-0.1599579,0.9771118,5.360428,5.360428,True,True,True
1597895,63779589480916,-13.5849,2.593157,-0.06474477,-0.07004115,0.8934025,0.04959718,-0.4409835,0.007373703,0.002087662,-0.0234496,0.1381226,-0.1705322,0.9756165,0.03056044,0.001604126,-0.02228574,0.03056044,0.001604126,-0.02228574,0.1401367,-0.1601105,0.9770966,0.1401367,-0.1601105,0.9770966,5.360199,5.360199,True,True,True
1597904,63779589480927,-13.58488,2.593146,-0.06482428,-0.0700999,0.8935042,0.04943233,-0.4407865,0.007416123,0.002087036,-0.0234473,0.1383057,-0.1699524,0.9756927,0.03055872,0.001604599,-0.02228647,0.03055872,0.001604599,-0.02228647,0.1396942,-0.1594086,0.9772644,0.1396942,-0.1594086,0.9772644,5.35405,5.35405,True,True,True
1597912,63779589480937,-13.5848,2.593113,-0.06492597,-0.07009285,0.8935877,0.04931375,-0.4406317,0.007505295,0.002085648,-0.02344327,0.138504,-0.1699829,0.975647,0.03055866,0.001605423,-0.02228748,0.03055866,0.001605423,-0.02228748,0.1396942,-0.1595612,0.9772491,0.1396942,-0.1595612,0.9772491,5.351883,5.351883,True,True,True
1597920,63779589480937,-13.5848,2.593113,-0.06492597,-0.07009285,0.8935877,0.04931375,-0.4406317,0.007575409,0.00208635,-0.0234422,0.1385651,-0.1703491,0.9755859,0.03055824,0.001608917,-0.02229167,0.03055824,0.001608917,-0.02229167,0.1399078,-0.1601563,0.9771118,0.1399078,-0.1601563,0.9771118,5.353668,5.353668,True,True,True
1597929,63779589480948,-13.58478,2.593077,-0.06499571,-0.0700307,0.8937055,0.04917362,-0.4404182,0.007661957,0.002084564,-0.02343605,0.1380463,-0.1704407,0.9756317,0.03055679,0.001608963,-0.02228922,0.03055679,0.001608963,-0.02228922,0.1391907,-0.1603394,0.9771881,0.1391907,-0.1603394,0.9771881,5.3535,5.3535,True,True,True
1597937,63779589480959,-13.58474,2.593063,-0.06506079,-0.07000691,0.8938306,0.04911319,-0.4401748,0.007769852,0.002082901,-0.02343149,0.1382599,-0.1700287,0.9756775,0.03055411,0.001609863,-0.02229167,0.03055411,0.001609863,-0.02229167,0.1384583,-0.1596985,0.9774017,0.1384583,-0.1596985,0.9774017,5.351212,5.351212,True,True,True
1597945,63779589480970,-13.58471,2.593084,-0.06510991,-0.070081,0.8939295,0.0489705,-0.4399779,0.007777619,0.002084045,-0.02343251,0.1383362,-0.1702271,0.9756317,0.03055299,0.001612045,-0.02229424,0.03055299,0.001612045,-0.02229424,0.1384888,-0.1600647,0.9773407,0.1384888,-0.1600647,0.9773407,5.353241,5.353241,True,True,True
1597954,63779589480970,-13.58471,2.593084,-0.06510991,-0.070081,0.8939295,0.0489705,-0.4399779,0.007796906,0.002084381,-0.02343147,0.1384277,-0.1703949,0.9756012,0.03055255,0.001613266,-0.02229424,0.03055255,0.001613266,-0.02229424,0.1383667,-0.1603394,0.9773102,0.1383667,-0.1603394,0.9773102,5.354523,5.354523,True,True,True
1597962,63779589480981,-13.58462,2.593037,-0.06518304,-0.07009359,0.8940169,0.04892506,-0.4398033,0.007820404,0.002084747,-0.02343012,0.1379852,-0.1704712,0.975647,0.0305509,0.001614716,-0.02229424,0.0305509,0.001614716,-0.02229424,0.1379242,-0.160675,0.9773102,0.1379242,-0.160675,0.9773102,5.353012,5.353012,True,True,True
1597970,63779589480993,-13.5846,2.593014,-0.06518131,-0.07011823,0.8941306,0.04876048,-0.4395865,0.007850144,0.002084412,-0.02342829,0.138443,-0.1705627,0.9755554,0.03054912,0.00161525,-0.02229424,0.03054912,0.00161525,-0.02229424,0.138916,-0.1607971,0.9771576,0.138916,-0.1607971,0.9771576,5.353195,5.353195,True,True,True
1597978,63779589481004,-13.58457,2.59299,-0.06525803,-0.07006869,0.8942026,0.0485644,-0.4394698,0.007895569,0.002083923,-0.02342574,0.1371155,-0.1710052,0.9756775,0.03054735,0.001616058,-0.02229424,0.03054735,0.001616058,-0.02229424,0.1369629,-0.1605835,0.9774628,0.1369629,-0.1605835,0.9774628,5.352859,5.352859,True,True,True
1597987,63779589481004,-13.58457,2.59299,-0.06525803,-0.07006869,0.8942026,0.0485644,-0.4394698,0.007934448,0.002083221,-0.02342355,0.1365204,-0.1703339,0.9758759,0.03054535,0.001616303,-0.02229424,0.03054535,0.001616303,-0.02229424,0.1360626,-0.1606903,0.9775696,0.1360626,-0.1606903,0.9775696,5.352859,5.352859,True,True,True
1597995,63779589481015,-13.58453,2.592943,-0.06527704,-0.07009806,0.8943357,0.04838696,-0.4392137,0.007994156,0.00208316,-0.0234185,0.1360779,-0.1690216,0.9761658,0.0305432,0.001618286,-0.02229167,0.0305432,0.001618286,-0.02229167,0.1354828,-0.1580658,0.9780884,0.1354828,-0.1580658,0.9780884,5.355103,5.355103,True,True,True
1598003,63779589481026,-13.58452,2.592921,-0.06526482,-0.07003458,0.894448,0.04814799,-0.4390213,0.007953492,0.002084747,-0.02341893,0.1358795,-0.1690369,0.976181,0.03054236,0.001619385,-0.02228922,0.03054236,0.001619385,-0.02228922,0.1356201,-0.158493,0.9779968,0.1356201,-0.158493,0.9779968,5.353699,5.353699,True,True,True
1598012,63779589481037,-13.5845,2.592903,-0.06526077,-0.07003552,0.8944764,0.04794445,-0.4389855,0.007919358,0.00208783,-0.0234191,0.1357727,-0.1697845,0.9760742,0.0305414,0.001622208,-0.02228717,0.0305414,0.001622208,-0.02228717,0.1355438,-0.1590881,0.9779053,0.1355438,-0.1590881,0.9779053,5.351135,5.351135,True,True,True
1598020,63779589481037,-13.5845,2.592903,-0.06526077,-0.07003552,0.8944764,0.04794445,-0.4389855,0.0078658,0.002089752,-0.02342122,0.1361389,-0.1687164,0.9762115,0.03053951,0.001622269,-0.02228717,0.03053951,0.001622269,-0.02228717,0.1361847,-0.1569061,0.9781647,0.1361847,-0.1569061,0.9781647,5.335846,5.335846,True,True,True
1598028,63779589481048,-13.5845,2.592883,-0.06528986,-0.07002637,0.8945088,0.04780451,-0.4389362,0.007859834,0.002090744,-0.02342055,0.1362457,-0.1688995,0.9761658,0.03053725,0.001622681,-0.02228717,0.03053725,0.001622681,-0.02228717,0.1360626,-0.1568604,0.9781952,0.1360626,-0.1568604,0.9781952,5.336166,5.336166,True,True,True
1598037,63779589481059,-13.58448,2.59286,-0.06532055,-0.07007171,0.8945539,0.04777689,-0.4388401,0.007867951,0.002091461,-0.02342011,0.1375732,-0.1681824,0.9761047,0.03053655,0.001623001,-0.02228717,0.03053655,0.001623001,-0.02228717,0.1361237,-0.1558838,0.9783478,0.1361237,-0.1558838,0.9783478,5.336273,5.336273,True,True,True
1598045,63779589481071,-13.58444,2.592838,-0.06530899,-0.07019086,0.8945715,0.04762467,-0.4388018,0.007765976,0.002097489,-0.02342508,0.1372681,-0.1689453,0.9760132,0.03053397,0.001627609,-0.02228717,0.03053397,0.001627609,-0.02228717,0.1354218,-0.1566162,0.9783173,0.1354218,-0.1566162,0.9783173,5.335007,5.335007,True,True,True
1598053,63779589481071,-13.58444,2.592838,-0.06530899,-0.07019086,0.8945715,0.04762467,-0.4388018,0.007639893,0.002101425,-0.02343125,0.1374359,-0.1679077,0.9761658,0.03053067,0.001628967,-0.02228717,0.03053067,0.001628967,-0.02228717,0.1351929,-0.1555328,0.9785309,0.1351929,-0.1555328,0.9785309,5.334564,5.334564,True,True,True
1598062,63779589481082,-13.5844,2.592805,-0.06537044,-0.07025325,0.8945748,0.04760254,-0.4387875,0.007702881,0.002103714,-0.02342802,0.137085,-0.1673889,0.9763031,0.03052886,0.001634598,-0.02228717,0.03052886,0.001634598,-0.02228717,0.1348114,-0.1565552,0.9784088,0.1348114,-0.1565552,0.9784088,5.334763,5.334763,True,True,True
1598070,63779589481093,-13.5844,2.592787,-0.06535864,-0.07039602,0.8946247,0.04747791,-0.4386764,0.007860795,0.002100983,-0.02342007,0.1394348,-0.1665649,0.9761047,0.0305277,0.001635452,-0.02228717,0.0305277,0.001635452,-0.02228717,0.1388092,-0.1552887,0.9780579,0.1388092,-0.1552887,0.9780579,5.335892,5.335892,True,True,True
1598078,63779589481104,-13.5844,2.59276,-0.06535125,-0.0705923,0.8946394,0.04737692,-0.4386256,0.007920548,0.002104874,-0.02341966,0.1412964,-0.1665955,0.9758453,0.03052176,0.001643479,-0.02229175,0.03052176,0.001643479,-0.02229175,0.1421509,-0.1554718,0.9775543,0.1421509,-0.1554718,0.9775543,5.33548,5.33548,True,True,True
1598087,63779589481104,-13.5844,2.59276,-0.06535125,-0.0705923,0.8946394,0.04737692,-0.4386256,0.007929306,0.002107208,-0.02341971,0.141037,-0.1664734,0.9758911,0.03052071,0.001647522,-0.02229265,0.03052071,0.001647522,-0.02229265,0.141861,-0.1552734,0.9776154,0.141861,-0.1552734,0.9776154,5.336227,5.336227,True,True,True
1598095,63779589481115,-13.58437,2.592744,-0.06538039,-0.07065052,0.8945833,0.04742934,-0.4387251,0.00781482,0.002111603,-0.02342615,0.1412964,-0.1666565,0.9758301,0.03051967,0.001650681,-0.02229294,0.03051967,0.001650681,-0.02229294,0.1423645,-0.1556244,0.9774933,0.1423645,-0.1556244,0.9774933,5.336365,5.336365,True,True,True
1598103,63779589481126,-13.58438,2.592726,-0.06539893,-0.07078447,0.894583,0.04741777,-0.4387054,0.007544449,0.002120529,-0.02344745,0.1404724,-0.1668091,0.9759216,0.03051569,0.001656265,-0.02230602,0.03051569,0.001656265,-0.02230602,0.1412811,-0.1558838,0.9776154,0.1412811,-0.1558838,0.9776154,5.335449,5.335449,True,True,True
1598112,63779589481137,-13.58439,2.592721,-0.06538546,-0.07081021,0.8945849,0.04743756,-0.4386951,0.007369888,0.002126099,-0.023457,0.1403046,-0.1672516,0.9758759,0.03051479,0.001659119,-0.02230716,0.03051479,0.001659119,-0.02230716,0.141037,-0.1563568,0.9775696,0.141037,-0.1563568,0.9775696,5.335159,5.335159,True,True,True
1598120,63779589481137,-13.58439,2.592721,-0.06538546,-0.07081021,0.8945849,0.04743756,-0.4386951,0.007119644,0.002133728,-0.02347093,0.1404724,-0.1674957,0.9757996,0.03051476,0.001663147,-0.02230933,0.03051476,0.001663147,-0.02230933,0.1412201,-0.1569061,0.9774475,0.1412201,-0.1569061,0.9774475,5.334946,5.334946,True,True,True
1598128,63779589481149,-13.58435,2.592704,-0.0653618,-0.07078736,0.8945984,0.04742126,-0.4386731,0.006845627,0.002139389,-0.02348845,0.1406097,-0.1671295,0.9758453,0.03051198,0.001663147,-0.022316,0.03051198,0.001663147,-0.022316,0.1405029,-0.1562042,0.9776764,0.1405029,-0.1562042,0.9776764,5.339767,5.339767,True,True,True
1598137,63779589481159,-13.58438,2.592736,-0.06532627,-0.07083813,0.8945701,0.04730047,-0.4387357,0.006732682,0.002142716,-0.02349423,0.1407623,-0.1673889,0.9757843,0.03051059,0.001663147,-0.022316,0.03051059,0.001663147,-0.022316,0.1407623,-0.1563263,0.9776154,0.1407623,-0.1563263,0.9776154,5.342529,5.342529,True,True,True
1598145,63779589481171,-13.58438,2.592701,-0.06524736,-0.07089963,0.8944921,0.04732861,-0.4388817,0.006781754,0.002142532,-0.02349239,0.1402588,-0.1667023,0.9759674,0.03050972,0.001663147,-0.02231697,0.03050972,0.001663147,-0.02231697,0.1399231,-0.1549683,0.977951,0.1399231,-0.1549683,0.977951,5.342804,5.342804,True,True,True
1598153,63779589481171,-13.58438,2.592701,-0.06524736,-0.07089963,0.8944921,0.04732861,-0.4388817,0.006982605,0.002138474,-0.02348242,0.1398468,-0.1666412,0.9760437,0.03050957,0.001663147,-0.02231697,0.03050957,0.001663147,-0.02231697,0.1396484,-0.1549835,0.9779816,0.1396484,-0.1549835,0.9779816,5.33992,5.33992,True,True,True
1598162,63779589481182,-13.58438,2.592674,-0.06520516,-0.07083333,0.8945138,0.04728463,-0.4388531,0.007099182,0.002136108,-0.02347775,0.1391754,-0.166275,0.9761963,0.03050946,0.001663147,-0.02231883,0.03050946,0.001663147,-0.02231883,0.1396179,-0.1544647,0.9780731,0.1396179,-0.1544647,0.9780731,5.340057,5.340057,True,True,True
1598170,63779589481193,-13.58438,2.592721,-0.06515706,-0.07092678,0.8944556,0.04741649,-0.4389422,0.007242463,0.002133209,-0.02347064,0.1390686,-0.1661682,0.9762268,0.03050882,0.001663147,-0.02231883,0.03050882,0.001663147,-0.02231883,0.1394348,-0.1544037,0.9781036,0.1394348,-0.1544037,0.9781036,5.339981,5.339981,True,True,True
1598178,63779589481205,-13.5844,2.592745,-0.06511354,-0.07080546,0.894402,0.04750516,-0.4390615,0.007554993,0.002126877,-0.0234541,0.138092,-0.1661224,0.9763794,0.03050882,0.001663117,-0.02231697,0.03050882,0.001663117,-0.02231697,0.136795,-0.1546173,0.9784546,0.136795,-0.1546173,0.9784546,5.339615,5.339615,True,True,True
1598187,63779589481205,-13.5844,2.592745,-0.06511354,-0.07080546,0.894402,0.04750516,-0.4390615,0.007696412,0.002124024,-0.0234471,0.1380463,-0.1648407,0.976593,0.03050882,0.001663117,-0.02231697,0.03050882,0.001663117,-0.02231697,0.1367188,-0.1518555,0.9788971,0.1367188,-0.1518555,0.9788971,5.331696,5.331696,True,True,True
1598195,63779589481217,-13.58443,2.592757,-0.06506449,-0.07074026,0.8943346,0.04766375,-0.439192,0.007843521,0.002120102,-0.02343921,0.1372528,-0.1645813,0.9767609,0.03050882,0.001661575,-0.022316,0.03050882,0.001661575,-0.022316,0.1354218,-0.1515656,0.9791107,0.1354218,-0.1515656,0.9791107,5.32341,5.32341,True,True,True
1598203,63779589481227,-13.58445,2.592766,-0.06500334,-0.07070915,0.8942697,0.04783216,-0.4393108,0.007832565,0.002119782,-0.02343575,0.1373596,-0.1647186,0.9767151,0.03050882,0.00166066,-0.02230933,0.03050882,0.00166066,-0.02230933,0.1354523,-0.1517944,0.9790802,0.1354523,-0.1517944,0.9790802,5.327759,5.327759,True,True,True
1598212,63779589481238,-13.58447,2.592788,-0.06505126,-0.07069234,0.8941699,0.04802306,-0.4394958,0.007610398,0.002121353,-0.02344402,0.1374054,-0.1642456,0.9767914,0.03050882,0.001656845,-0.0223049,0.03050882,0.001656845,-0.0223049,0.1354675,-0.1510315,0.979187,0.1354675,-0.1510315,0.979187,5.328384,5.328384,True,True,True
1598220,63779589481238,-13.58447,2.592788,-0.06505126,-0.07069234,0.8941699,0.04802306,-0.4394958,0.007394806,0.002123154,-0.02345387,0.1369324,-0.1646729,0.9767914,0.03050957,0.001653229,-0.02230342,0.03050957,0.001653229,-0.02230342,0.1356506,-0.1502533,0.9792938,0.1356506,-0.1502533,0.9792938,5.324265,5.324265,True,True,True
1598228,63779589481249,-13.58449,2.592805,-0.06499273,-0.07081992,0.8940815,0.04824118,-0.4396311,0.007008682,0.002129471,-0.02346466,0.1376038,-0.1652679,0.976593,0.03050972,0.001652847,-0.02228925,0.03050972,0.001652847,-0.02228925,0.1367035,-0.1513824,0.9789734,0.1367035,-0.1513824,0.9789734,5.324783,5.324783,True,True,True
1598237,63779589481260,-13.58447,2.592803,-0.06486738,-0.07089704,0.8940154,0.04855873,-0.4397182,0.005778077,0.002141296,-0.0234993,0.138916,-0.1657104,0.9763336,0.03051172,0.001632828,-0.02224228,0.03051172,0.001632828,-0.02224228,0.1391602,-0.1508484,0.9786987,0.1391602,-0.1508484,0.9786987,5.327072,5.327072,True,True,True
1598245,63779589481271,-13.58453,2.592822,-0.06475788,-0.07102187,0.893962,0.04876997,-0.4397833,0.004016724,0.002170807,-0.0235827,0.1390381,-0.1655731,0.9763336,0.03051201,0.001625961,-0.02223123,0.03051201,0.001625961,-0.02223123,0.1392517,-0.149826,0.9788513,0.1392517,-0.149826,0.9788513,5.325943,5.325943,True,True,True
1598253,63779589481271,-13.58453,2.592822,-0.06475788,-0.07102187,0.893962,0.04876997,-0.4397833,0.002084885,0.00220343,-0.02367326,0.1398773,-0.1670532,0.9759674,0.03051468,0.001618744,-0.02221553,0.03051468,0.001618744,-0.02221553,0.1408081,-0.1505737,0.9785156,0.1408081,-0.1505737,0.9785156,5.319427,5.319427,True,True,True
1598262,63779589481283,-13.58454,2.592841,-0.06470579,-0.07124248,0.8939449,0.0490336,-0.4397531,-0.0006450043,0.002251282,-0.02379457,0.139679,-0.1679993,0.9758301,0.03051608,0.001603287,-0.0221758,0.03051608,0.001603287,-0.0221758,0.1403961,-0.1492462,0.978775,0.1403961,-0.1492462,0.978775,5.321274,5.321274,True,True,True
1598270,63779589481294,-13.58457,2.592856,-0.06469315,-0.07120004,0.8939548,0.04930832,-0.439709,-0.00238353,0.00228244,-0.02387905,0.1399078,-0.1690063,0.9756317,0.03051799,0.001597656,-0.02216313,0.03051799,0.001597656,-0.02216313,0.1409912,-0.1505432,0.9784851,0.1409912,-0.1505432,0.9784851,5.328201,5.328201,True,True,True
1598278,63779589481305,-13.58459,2.592884,-0.06465662,-0.07134979,0.8939363,0.04965739,-0.439683,-0.002742111,0.002286682,-0.02389401,0.1401825,-0.1688995,0.9756012,0.03051846,0.001594864,-0.02215543,0.03051846,0.001594864,-0.02215543,0.1410675,-0.1508789,0.9784241,0.1410675,-0.1508789,0.9784241,5.321564,5.321564,True,True,True
1598287,63779589481305,-13.58459,2.592884,-0.06465662,-0.07134979,0.8939363,0.04965739,-0.439683,-0.002873459,0.002286606,-0.02389641,0.1404572,-0.1698456,0.9754028,0.03051888,0.001589935,-0.02214708,0.03051888,0.001589935,-0.02214708,0.1412354,-0.1511536,0.978363,0.1412354,-0.1511536,0.978363,5.321716,5.321716,True,True,True
1598295,63779589481316,-13.58456,2.592919,-0.06461418,-0.07133545,0.8939668,0.04991469,-0.4395941,-0.002421799,0.002275345,-0.02386812,0.1405334,-0.1695251,0.9754486,0.03052049,0.001586136,-0.02213877,0.03052049,0.001586136,-0.02213877,0.1416168,-0.1509705,0.9783325,0.1416168,-0.1509705,0.9783325,5.316483,5.316483,True,True,True
1598303,63779589481327,-13.58459,2.592962,-0.0645262,-0.07144709,0.8939853,0.05022553,-0.439503,-0.000545868,0.002233902,-0.02376952,0.1407471,-0.1679535,0.9756927,0.03052114,0.001582169,-0.02213846,0.03052114,0.001582169,-0.02213846,0.1418304,-0.1509247,0.978302,0.1418304,-0.1509247,0.978302,5.322266,5.322266,True,True,True
1598312,63779589481338,-13.5846,2.592994,-0.06448108,-0.07151417,0.8940088,0.05055799,-0.4394062,0.002222031,0.002174912,-0.02362126,0.1405029,-0.1671295,0.9758606,0.03052156,0.00158046,-0.02213384,0.03052156,0.00158046,-0.02213384,0.141983,-0.1521912,0.9780884,0.141983,-0.1521912,0.9780884,5.324524,5.324524,True,True,True
1598320,63779589481338,-13.5846,2.592994,-0.06448108,-0.07151417,0.8940088,0.05055799,-0.4394062,0.003881623,0.002139267,-0.02353247,0.1407776,-0.1681824,0.975647,0.03052255,0.001579941,-0.02213174,0.03052255,0.001579941,-0.02213174,0.1423035,-0.1552734,0.9775543,0.1423035,-0.1552734,0.9775543,5.327866,5.327866,True,True,True
1598328,63779589481349,-13.58462,2.59301,-0.0643841,-0.0716428,0.8939779,0.05090616,-0.4394078,0.005282746,0.002106049,-0.02345571,0.1406555,-0.1672668,0.9758148,0.03052275,0.001573334,-0.0221265,0.03052275,0.001573334,-0.0221265,0.1423187,-0.1546326,0.9776611,0.1423187,-0.1546326,0.9776611,5.325378,5.325378,True,True,True
1598337,63779589481361,-13.58462,2.593042,-0.06434977,-0.07172718,0.8939881,0.05123189,-0.4393356,0.006233444,0.002083954,-0.02339685,0.1407318,-0.1680145,0.9756775,0.03052277,0.001570221,-0.02211147,0.03052277,0.001570221,-0.02211147,0.1423492,-0.1568451,0.9772949,0.1423492,-0.1568451,0.9772949,5.325317,5.325317,True,True,True
1598345,63779589481371,-13.58457,2.593064,-0.06435812,-0.07175907,0.8940061,0.05150234,-0.439262,0.00631633,0.002081009,-0.02338622,0.1398926,-0.168335,0.9757385,0.03052291,0.001568207,-0.02210137,0.03052291,0.001568207,-0.02210137,0.1412201,-0.1571655,0.977417,0.1412201,-0.1571655,0.977417,5.32515,5.32515,True,True,True
1598353,63779589481371,-13.58457,2.593064,-0.06435812,-0.07175907,0.8940061,0.05150234,-0.439262,0.006110764,0.002083496,-0.023397,0.1399231,-0.1682739,0.9757538,0.03052307,0.001565369,-0.02210117,0.03052307,0.001565369,-0.02210117,0.1412506,-0.1564941,0.9775085,0.1412506,-0.1564941,0.9775085,5.323776,5.323776,True,True,True
1598362,63779589481383,-13.58457,2.593109,-0.06437463,-0.07176485,0.8940312,0.05183107,-0.4391714,0.005933533,0.002085205,-0.0234061,0.1398163,-0.1685638,0.975708,0.03052327,0.001563446,-0.02210097,0.03052327,0.001563446,-0.02210097,0.1413269,-0.1571655,0.9774017,0.1413269,-0.1571655,0.9774017,5.325272,5.325272,True,True,True
1598370,63779589481394,-13.58457,2.59314,-0.06435359,-0.0717798,0.8940613,0.05208236,-0.4390779,0.005915528,0.002084564,-0.02340689,0.1398621,-0.1688843,0.975647,0.03052362,0.001563294,-0.02210079,0.03052362,0.001563294,-0.02210079,0.1413879,-0.1572113,0.9773865,0.1413879,-0.1572113,0.9773865,5.323685,5.323685,True,True,True
1598378,63779589481404,-13.58456,2.593189,-0.06433415,-0.07181861,0.8941094,0.05231268,-0.4389463,0.00577298,0.002081192,-0.02340073,0.1400757,-0.1689148,0.9756165,0.03052396,0.001553345,-0.02207802,0.03052396,0.001553345,-0.02207802,0.1415253,-0.1571503,0.9773712,0.1415253,-0.1571503,0.9773712,5.32457,5.32457,True,True,True
1598387,63779589481404,-13.58456,2.593189,-0.06433415,-0.07181861,0.8941094,0.05231268,-0.4389463,0.005795471,0.002078888,-0.02339589,0.1401062,-0.1693268,0.9755402,0.03052411,0.001551743,-0.02207251,0.03052411,0.001551743,-0.02207251,0.1415863,-0.1578064,0.9772644,0.1415863,-0.1578064,0.9772644,5.324509,5.324509,True,True,True
1598395,63779589481416,-13.58456,2.593206,-0.06433171,-0.07173567,0.8941143,0.05258751,-0.438917,0.005552902,0.002078232,-0.02339821,0.1408234,-0.1695557,0.9754028,0.03052448,0.001542206,-0.02205512,0.03052448,0.001542206,-0.02205512,0.142868,-0.1580658,0.9770355,0.142868,-0.1580658,0.9770355,5.315247,5.315247,True,True,True
1598403,63779589481427,-13.5845,2.593234,-0.06431389,-0.07173157,0.8941891,0.05280904,-0.4387386,0.004620896,0.002092911,-0.02343597,0.1406555,-0.1711273,0.9751434,0.03052449,0.00153331,-0.0220331,0.03052449,0.00153331,-0.0220331,0.1429901,-0.1602936,0.9766541,0.1429901,-0.1602936,0.9766541,5.325394,5.325394,True,True,True
1598412,63779589481438,-13.58447,2.59326,-0.06431007,-0.07175002,0.8942067,0.05288423,-0.4386908,0.003582581,0.00210881,-0.02347569,0.1424561,-0.1724548,0.9746552,0.0305258,0.001523193,-0.02200351,0.0305258,0.001523193,-0.02200351,0.1462097,-0.1605072,0.9761353,0.1462097,-0.1605072,0.9761353,5.327499,5.327499,True,True,True
1598420,63779589481438,-13.58447,2.59326,-0.06431007,-0.07175002,0.8942067,0.05288423,-0.4386908,0.001912277,0.002137054,-0.02355867,0.1425781,-0.1727448,0.9745789,0.0305258,0.001510513,-0.02198718,0.0305258,0.001510513,-0.02198718,0.1462555,-0.1601868,0.976181,0.1462555,-0.1601868,0.976181,5.328171,5.328171,True,True,True
1598428,63779589481449,-13.58442,2.593269,-0.0642767,-0.07173841,0.8942595,0.05296627,-0.4385751,0.0007797089,0.002161072,-0.02362016,0.1423798,-0.1741791,0.97435,0.0305258,0.001510468,-0.02198718,0.0305258,0.001510468,-0.02198718,0.1462555,-0.1613464,0.9759979,0.1462555,-0.1613464,0.9759979,5.32782,5.32782,True,True,True
1598437,63779589481460,-13.58448,2.593252,-0.06423533,-0.07168941,0.8943335,0.05301487,-0.4384265,0.0002919922,0.002169357,-0.023646,0.1423798,-0.1765594,0.9739227,0.0305258,0.001507874,-0.02198531,0.0305258,0.001507874,-0.02198531,0.1462555,-0.1641235,0.9755249,0.1462555,-0.1641235,0.9755249,5.326935,5.326935,True,True,True
1598445,63779589481471,-13.58447,2.59324,-0.06424469,-0.07167183,0.8943652,0.05304028,-0.4383615,0.000655304,0.002159378,-0.02362331,0.1421814,-0.1762238,0.9740143,0.0305258,0.001506439,-0.02197994,0.0305258,0.001506439,-0.02197994,0.145752,-0.1641235,0.9756012,0.145752,-0.1641235,0.9756012,5.326736,5.326736,True,True,True
1598453,63779589481471,-13.58447,2.59324,-0.06424469,-0.07167183,0.8943652,0.05304028,-0.4383615,0.001871185,0.00212709,-0.02355598,0.1434174,-0.1753082,0.973999,0.0305258,0.001497818,-0.02197994,0.0305258,0.001497818,-0.02197994,0.1477356,-0.1620789,0.975647,0.1477356,-0.1620789,0.975647,5.327911,5.327911,True,True,True
1598462,63779589481483,-13.58445,2.593225,-0.06423056,-0.07164573,0.8944162,0.05299917,-0.4382667,0.003390503,0.002092239,-0.02347182,0.1439819,-0.1743622,0.9740906,0.0305258,0.001496491,-0.02197994,0.0305258,0.001496491,-0.02197994,0.1480255,-0.1617584,0.9756622,0.1480255,-0.1617584,0.9756622,5.328125,5.328125,True,True,True
1598470,63779589481494,-13.58445,2.593215,-0.06423622,-0.07167125,0.8944653,0.05293022,-0.4381705,0.005084671,0.002054566,-0.0233772,0.1446991,-0.174057,0.9740448,0.0305258,0.001496491,-0.02197838,0.0305258,0.001496491,-0.02197838,0.1480255,-0.1620331,0.9756165,0.1480255,-0.1620331,0.9756165,5.328079,5.328079,True,True,True
1598478,63779589481504,-13.58442,2.593184,-0.06421167,-0.07165395,0.8944489,0.0528884,-0.4382117,0.006616959,0.002019745,-0.02329268,0.1446075,-0.1730499,0.9742279,0.03052465,0.001495926,-0.02197838,0.03052465,0.001495926,-0.02197838,0.1474457,-0.1618652,0.9757233,0.1474457,-0.1618652,0.9757233,5.327805,5.327805,True,True,True
1598487,63779589481504,-13.58442,2.593184,-0.06421167,-0.07165395,0.8944489,0.0528884,-0.4382117,0.007537216,0.001997971,-0.02324176,0.1449585,-0.172699,0.9742432,0.03052355,0.001494736,-0.02197838,0.03052355,0.001494736,-0.02197838,0.1456757,-0.161911,0.9759827,0.1456757,-0.161911,0.9759827,5.319763,5.319763,True,True,True
1598495,63779589481516,-13.58444,2.593195,-0.06416547,-0.07157691,0.8944905,0.05276803,-0.4381539,0.007893326,0.001989838,-0.0232216,0.1456604,-0.172699,0.9741364,0.03052243,0.001494736,-0.02197838,0.03052243,0.001494736,-0.02197838,0.1467743,-0.1619568,0.9758148,0.1467743,-0.1619568,0.9758148,5.319855,5.319855,True,True,True
1598503,63779589481527,-13.58445,2.593187,-0.06416416,-0.07157441,0.8945014,0.05281681,-0.4381264,0.008045899,0.00198645,-0.02321416,0.1452637,-0.1730804,0.9741211,0.03052204,0.001494736,-0.02197994,0.03052204,0.001494736,-0.02197994,0.1461487,-0.1623383,0.9758453,0.1461487,-0.1623383,0.9758453,5.32753,5.32753,True,True,True
1598512,63779589481538,-13.58448,2.593151,-0.06421196,-0.07150134,0.8945176,0.05272399,-0.4381164,0.008140915,0.001983948,-0.02320879,0.1451874,-0.1724243,0.9742584,0.03052178,0.001494736,-0.02197994,0.03052178,0.001494736,-0.02197994,0.1460876,-0.1614685,0.9759979,0.1460876,-0.1614685,0.9759979,5.327896,5.327896,True,True,True
1598520,63779589481538,-13.58448,2.593151,-0.06421196,-0.07150134,0.8945176,0.05272399,-0.4381164,0.0081633,0.001983856,-0.02320775,0.1453247,-0.1730652,0.9741211,0.03052068,0.001495926,-0.02198035,0.03052068,0.001495926,-0.02198035,0.1457977,-0.1626892,0.9758301,0.1457977,-0.1626892,0.9758301,5.328476,5.328476,True,True,True
1598528,63779589481549,-13.58447,2.59315,-0.06423759,-0.0714815,0.894502,0.05275049,-0.4381483,0.007899475,0.001989532,-0.02322314,0.1459045,-0.173996,0.9738617,0.03052059,0.001495926,-0.02198189,0.03052059,0.001495926,-0.02198189,0.146698,-0.1636353,0.9755402,0.146698,-0.1636353,0.9755402,5.336731,5.336731,True,True,True
1598537,63779589481561,-13.58442,2.593148,-0.06425196,-0.07133704,0.8945451,0.05280454,-0.4380774,0.00792598,0.001988861,-0.02322548,0.1455688,-0.1734467,0.9740143,0.03051888,0.001495926,-0.02198868,0.03051888,0.001495926,-0.02198868,0.1461487,-0.1631775,0.975708,0.1461487,-0.1631775,0.975708,5.327774,5.327774,True,True,True
1598545,63779589481571,-13.5844,2.593199,-0.06426376,-0.07137419,0.8945011,0.05304608,-0.4381319,0.007748993,0.001993683,-0.02323552,0.1457977,-0.1740265,0.973877,0.03051827,0.001497818,-0.02198935,0.03051827,0.001497818,-0.02198935,0.1466827,-0.1636505,0.9755402,0.1466827,-0.1636505,0.9755402,5.327866,5.327866,True,True,True
1598553,63779589481571,-13.5844,2.593199,-0.06426376,-0.07137419,0.8945011,0.05304608,-0.4381319,0.007586441,0.001997467,-0.02324495,0.1461182,-0.1745911,0.9737244,0.03051668,0.001498337,-0.02199034,0.03051668,0.001498337,-0.02199034,0.1471252,-0.1642761,0.9753723,0.1471252,-0.1642761,0.9753723,5.327652,5.327652,True,True,True
1598562,63779589481583,-13.58441,2.59321,-0.06427377,-0.07148755,0.8944916,0.05315997,-0.4381191,0.007433426,0.002001236,-0.02325487,0.1467133,-0.1750946,0.9735565,0.03051451,0.00149913,-0.02199304,0.03051451,0.00149913,-0.02199304,0.1476746,-0.1647949,0.9752045,0.1476746,-0.1647949,0.9752045,5.336075,5.336075,True,True,True
1598570,63779589481594,-13.58438,2.593244,-0.06430775,-0.07153598,0.8944525,0.05315565,-0.4381917,0.007340103,0.002003571,-0.02326131,0.1469574,-0.1752625,0.9734802,0.03051354,0.001499771,-0.02199547,0.03051354,0.001499771,-0.02199547,0.1482544,-0.1650391,0.9750671,0.1482544,-0.1650391,0.9750671,5.34108,5.34108,True,True,True
1598578,63779589481605,-13.58435,2.593251,-0.06432992,-0.07168968,0.8944086,0.05315838,-0.4382555,0.007353104,0.002003082,-0.02326048,0.1482086,-0.1757202,0.9732056,0.03051318,0.001499771,-0.021996,0.03051318,0.001499771,-0.021996,0.1502838,-0.1657257,0.9746399,0.1502838,-0.1657257,0.9746399,5.345367,5.345367,True,True,True
1598587,63779589481605,-13.58435,2.593251,-0.06432992,-0.07168968,0.8944086,0.05315838,-0.4382555,0.007411026,0.002001816,-0.02325731,0.1494751,-0.1755829,0.9730377,0.03051318,0.001499771,-0.021996,0.03051318,0.001499771,-0.021996,0.1504211,-0.1657562,0.9746246,0.1504211,-0.1657562,0.9746246,5.341461,5.341461,True,True,True
1598595,63779589481616,-13.58434,2.593251,-0.06432903,-0.07171886,0.8943757,0.0531056,-0.4383245,0.007491791,0.001999924,-0.02325289,0.1498566,-0.1760406,0.9729004,0.03051318,0.001499771,-0.021996,0.03051318,0.001499771,-0.021996,0.1511536,-0.1670685,0.9742737,0.1511536,-0.1670685,0.9742737,5.345016,5.345016,True,True,True
1598603,63779589481627,-13.58434,2.593211,-0.06430352,-0.07171034,0.8943654,0.0530359,-0.4383552,0.007606522,0.001997406,-0.0232466,0.1501617,-0.1760712,0.9728546,0.03051318,0.001499771,-0.021996,0.03051318,0.001499771,-0.021996,0.1516724,-0.167572,0.9741058,0.1516724,-0.167572,0.9741058,5.358505,5.358505,True,True,True
1598612,63779589481638,-13.58438,2.593231,-0.0643189,-0.07174709,0.8943391,0.05290012,-0.4384192,0.007753281,0.001994217,-0.02323836,0.150116,-0.1760254,0.9728699,0.03051318,0.001499771,-0.021996,0.03051318,0.001499771,-0.021996,0.1517181,-0.1675568,0.9741058,0.1517181,-0.1675568,0.9741058,5.363358,5.363358,True,True,True
1598620,63779589481638,-13.58438,2.593231,-0.0643189,-0.07174709,0.8943391,0.05290012,-0.4384192,0.008299469,0.001981949,-0.02320821,0.1500854,-0.1752777,0.9730072,0.03051318,0.00149913,-0.02199547,0.03051318,0.00149913,-0.02199547,0.1514893,-0.1668243,0.9742737,0.1514893,-0.1668243,0.9742737,5.363525,5.363525,True,True,True
1598628,63779589481649,-13.58442,2.593199,-0.06433868,-0.07169854,0.8943922,0.05284497,-0.4383255,0.00821669,0.001983429,-0.02321156,0.1500549,-0.1751556,0.9730225,0.03051318,0.001498657,-0.02199377,0.03051318,0.001498657,-0.02199377,0.1514893,-0.1668243,0.9742737,0.1514893,-0.1668243,0.9742737,5.363602,5.363602,True,True,True
1598637,63779589481660,-13.5844,2.593213,-0.06436294,-0.07157462,0.8943659,0.05268233,-0.4384191,0.008231308,0.00198291,-0.02321018,0.1497955,-0.1751556,0.9730682,0.03051354,0.001498337,-0.02199304,0.03051354,0.001498337,-0.02199304,0.1516113,-0.1668091,0.9742584,0.1516113,-0.1668091,0.9742584,5.365387,5.365387,True,True,True
1598645,63779589481671,-13.58438,2.5932,-0.06439072,-0.07146119,0.8944048,0.05253774,-0.4383756,0.008277741,0.001975754,-0.0232059,0.1497192,-0.1740265,0.9732819,0.03051405,0.001488556,-0.02199034,0.03051405,0.001488556,-0.02199034,0.1517487,-0.1650238,0.9745331,0.1517487,-0.1650238,0.9745331,5.364243,5.364243,True,True,True
1598653,63779589481671,-13.58438,2.5932,-0.06439072,-0.07146119,0.8944048,0.05253774,-0.4383756,0.008269623,0.001975052,-0.02320424,0.149826,-0.1737366,0.9733124,0.03051555,0.001487412,-0.02198694,0.03051555,0.001487412,-0.02198694,0.1519623,-0.1647339,0.9745483,0.1519623,-0.1647339,0.9745483,5.362656,5.362656,True,True,True
1598662,63779589481683,-13.58435,2.593223,-0.06439996,-0.07141732,0.8943893,0.0523979,-0.4384312,0.007688385,0.001987717,-0.02323601,0.1496735,-0.1740265,0.9732819,0.03051561,0.001487305,-0.02198694,0.03051561,0.001487305,-0.02198694,0.1519775,-0.1647034,0.9745483,0.1519775,-0.1647034,0.9745483,5.364578,5.364578,True,True,True
1598670,63779589481693,-13.58428,2.593174,-0.06440544,-0.07130819,0.8944289,0.05235608,-0.438373,0.007613938,0.001987549,-0.02323964,0.1499939,-0.1737976,0.9732819,0.03051784,0.001484299,-0.02198624,0.03051784,0.001484299,-0.02198624,0.1525269,-0.1642456,0.9745483,0.1525269,-0.1642456,0.9745483,5.364868,5.364868,True,True,True
1598678,63779589481705,-13.5843,2.593151,-0.06437528,-0.07132261,0.8944707,0.05226686,-0.4382961,0.007552994,0.001988068,-0.02324159,0.1499176,-0.173645,0.9733124,0.03051924,0.00148291,-0.02198389,0.03051924,0.00148291,-0.02198389,0.1529083,-0.1639557,0.9745331,0.1529083,-0.1639557,0.9745331,5.364853,5.364853,True,True,True
1598687,63779589481705,-13.5843,2.593151,-0.06437528,-0.07132261,0.8944707,0.05226686,-0.4382961,0.007519623,0.0019888,-0.02324277,0.1493073,-0.1736145,0.9734192,0.03051941,0.00148291,-0.02198288,0.03051941,0.00148291,-0.02198288,0.15242,-0.1638489,0.9746246,0.15242,-0.1638489,0.9746246,5.363281,5.363281,True,True,True
1598695,63779589481716,-13.58428,2.593141,-0.06439477,-0.07124814,0.8945109,0.05213641,-0.4382415,0.007553208,0.001987915,-0.02324014,0.1494141,-0.1736145,0.9734039,0.03052016,0.001482651,-0.02198219,0.03052016,0.001482651,-0.02198219,0.1525879,-0.1638184,0.9746094,0.1525879,-0.1638184,0.9746094,5.363113,5.363113,True,True,True
1598703,63779589481726,-13.58425,2.593124,-0.06440401,-0.07123066,0.8945321,0.05209639,-0.4382059,0.00764299,0.001985947,-0.02323441,0.1494293,-0.173233,0.973465,0.03052025,0.001482651,-0.02198126,0.03052025,0.001482651,-0.02198126,0.1526184,-0.1632233,0.9747009,0.1526184,-0.1632233,0.9747009,5.362946,5.362946,True,True,True
1598712,63779589481737,-13.58423,2.593099,-0.06444144,-0.07122577,0.8945929,0.05201695,-0.4380921,0.00770189,0.001984223,-0.02323017,0.1492004,-0.1731415,0.973526,0.03052025,0.001482651,-0.02198023,0.03052025,0.001482651,-0.02198023,0.1522369,-0.1632233,0.974762,0.1522369,-0.1632233,0.974762,5.3629,5.3629,True,True,True
1598720,63779589481737,-13.58423,2.593099,-0.06444144,-0.07122577,0.8945929,0.05201695,-0.4380921,0.007801972,0.001982025,-0.02322446,0.1491547,-0.1730652,0.9735413,0.03052025,0.001482651,-0.02198023,0.03052025,0.001482651,-0.02198023,0.1521301,-0.1631622,0.9747925,0.1521301,-0.1631622,0.9747925,5.362686,5.362686,True,True,True
1598728,63779589481749,-13.58423,2.593084,-0.06442189,-0.07106742,0.8946148,0.05196841,-0.4380789,0.007860749,0.001980606,-0.02321991,0.1490936,-0.1738129,0.9734192,0.03052025,0.001482651,-0.02197807,0.03052025,0.001482651,-0.02197807,0.1520691,-0.1633759,0.974762,0.1520691,-0.1633759,0.974762,5.355118,5.355118,True,True,True
1598737,63779589481760,-13.58422,2.59305,-0.064448,-0.07096183,0.8946874,0.05192306,-0.4379531,0.007922623,0.001979355,-0.02321729,0.1493988,-0.1731262,0.9734955,0.03052025,0.00148288,-0.02198023,0.03052025,0.00148288,-0.02198023,0.1520691,-0.1633301,0.9747772,0.1520691,-0.1633301,0.9747772,5.342148,5.342148,True,True,True
1598745,63779589481771,-13.58423,2.593048,-0.06447619,-0.070918,0.8947367,0.05173127,-0.4378822,0.008004379,0.001977463,-0.02321375,0.1492004,-0.1736298,0.9734344,0.03052025,0.00148291,-0.02198219,0.03052025,0.00148291,-0.02198219,0.1520386,-0.1632538,0.9747925,0.1520386,-0.1632538,0.9747925,5.338242,5.338242,True,True,True
1598753,63779589481771,-13.58423,2.593048,-0.06447619,-0.070918,0.8947367,0.05173127,-0.4378822,0.008055603,0.001976303,-0.02320966,0.1492615,-0.1741638,0.9733276,0.03052025,0.00148291,-0.02198023,0.03052025,0.00148291,-0.02198023,0.15242,-0.1640778,0.9745941,0.15242,-0.1640778,0.9745941,5.338058,5.338058,True,True,True
1598762,63779589481783,-13.58421,2.593029,-0.06452477,-0.07082646,0.8947681,0.05176748,-0.4378284,0.00807074,0.001976059,-0.02320659,0.148941,-0.1746826,0.9732819,0.03052025,0.001483063,-0.02197708,0.03052025,0.001483063,-0.02197708,0.1520386,-0.1648712,0.9745178,0.1520386,-0.1648712,0.9745178,5.337814,5.337814,True,True,True
1598770,63779589481793,-13.58419,2.59306,-0.06454682,-0.07076783,0.8948009,0.05170456,-0.4377784,0.008149735,0.001974609,-0.02320146,0.1488495,-0.1744385,0.9733429,0.03052025,0.001483627,-0.02197606,0.03052025,0.001483627,-0.02197606,0.1519165,-0.164566,0.9745941,0.1519165,-0.164566,0.9745941,5.337921,5.337921,True,True,True
1598778,63779589481804,-13.58414,2.593073,-0.06462044,-0.07060946,0.8948284,0.05156073,-0.4377647,0.008217407,0.001973511,-0.02319739,0.1486053,-0.1749115,0.9732971,0.03051963,0.001484299,-0.02197606,0.03051963,0.001484299,-0.02197606,0.1517639,-0.1652679,0.9744873,0.1517639,-0.1652679,0.9744873,5.341736,5.341736,True,True,True
1598787,63779589481804,-13.58414,2.593073,-0.06462044,-0.07060946,0.8948284,0.05156073,-0.4377647,0.008226746,0.001973557,-0.02319686,0.1487427,-0.1752319,0.9732208,0.03051958,0.001485001,-0.02197606,0.03051958,0.001485001,-0.02197606,0.1517487,-0.1657867,0.974411,0.1517487,-0.1657867,0.974411,5.341583,5.341583,True,True,True
1598795,63779589481815,-13.58413,2.593054,-0.06465721,-0.07050961,0.8948689,0.05164254,-0.4376884,0.008245606,0.001973175,-0.02319687,0.1486359,-0.1749115,0.9732819,0.03051933,0.001485123,-0.02197844,0.03051933,0.001485123,-0.02197844,0.1516724,-0.1653595,0.9744873,0.1516724,-0.1653595,0.9744873,5.339386,5.339386,True,True,True
1598803,63779589481826,-13.58415,2.593057,-0.06462795,-0.07042287,0.8948693,0.05161723,-0.4377046,0.008258301,0.001973587,-0.02319565,0.14888,-0.1749878,0.9732361,0.03051814,0.001486282,-0.02197844,0.03051814,0.001486282,-0.02197844,0.1513824,-0.1656342,0.9744873,0.1513824,-0.1656342,0.9744873,5.339157,5.339157,True,True,True
1598812,63779589481837,-13.58415,2.593051,-0.06463015,-0.07045015,0.8949206,0.05165004,-0.4375914,0.008305848,0.001972839,-0.02319267,0.148819,-0.1752625,0.9731903,0.03051747,0.001486786,-0.02197844,0.03051747,0.001486786,-0.02197844,0.1513062,-0.1660767,0.9744263,0.1513062,-0.1660767,0.9744263,5.338638,5.338638,True,True,True
1598820,63779589481837,-13.58415,2.593051,-0.06463015,-0.07045015,0.8949206,0.05165004,-0.4375914,0.008247666,0.001975266,-0.02319702,0.1490021,-0.1753082,0.9731598,0.03051723,0.001488678,-0.02198068,0.03051723,0.001488678,-0.02198068,0.1512299,-0.1661224,0.9744263,0.1512299,-0.1661224,0.9744263,5.338562,5.338562,True,True,True
1598828,63779589481849,-13.58414,2.59304,-0.06465822,-0.07044877,0.8948942,0.05167204,-0.4376431,0.008245209,0.001975235,-0.0231989,0.1486664,-0.1752777,0.9732208,0.03051595,0.001488678,-0.02198416,0.03051595,0.001488678,-0.02198416,0.1507721,-0.1658936,0.9745331,0.1507721,-0.1658936,0.9745331,5.338257,5.338257,True,True,True
1598837,63779589481860,-13.5841,2.593021,-0.06467175,-0.07053384,0.8948797,0.05172972,-0.4376522,0.007874466,0.001983261,-0.02322153,0.1483154,-0.1748352,0.9733582,0.03051592,0.001488709,-0.02198813,0.03051592,0.001488709,-0.02198813,0.1507568,-0.1646576,0.9747467,0.1507568,-0.1646576,0.9747467,5.33873,5.33873,True,True,True
1598845,63779589481871,-13.58407,2.593022,-0.06470609,-0.07071388,0.8948709,0.05172092,-0.4376421,0.007713486,0.001987473,-0.02323145,0.1490631,-0.1753235,0.9731445,0.03051549,0.001490311,-0.02199025,0.03051549,0.001490311,-0.02199025,0.1515656,-0.1658783,0.9744263,0.1515656,-0.1658783,0.9744263,5.338593,5.338593,True,True,True
1598853,63779589481871,-13.58407,2.593022,-0.06470609,-0.07071388,0.8948709,0.05172092,-0.4376421,0.007580124,0.001992569,-0.02323874,0.1480713,-0.175705,0.9732361,0.03051334,0.001494141,-0.02199049,0.03051334,0.001494141,-0.02199049,0.1500702,-0.1669617,0.974472,0.1500702,-0.1669617,0.974472,5.339386,5.339386,True,True,True
1598862,63779589481882,-13.58411,2.592962,-0.06463772,-0.07069733,0.8948759,0.05182524,-0.4376221,0.007519196,0.001994736,-0.02324193,0.147522,-0.1756439,0.9733276,0.03051228,0.00149556,-0.02199049,0.03051228,0.00149556,-0.02199049,0.1495514,-0.1663055,0.9746552,0.1495514,-0.1663055,0.9746552,5.343674,5.343674,True,True,True
1598870,63779589481893,-13.5841,2.592973,-0.06465799,-0.07072538,0.8948991,0.05175089,-0.4375792,0.007505692,0.001995621,-0.02324249,0.1473846,-0.1754608,0.9733887,0.03051146,0.001496552,-0.02199049,0.03051146,0.001496552,-0.02199049,0.1493378,-0.1665039,0.9746552,0.1493378,-0.1665039,0.9746552,5.345123,5.345123,True,True,True
1598878,63779589481905,-13.58413,2.592974,-0.06469125,-0.0706836,0.8949153,0.05171048,-0.4375575,0.007478974,0.001996735,-0.0232458,0.1468964,-0.1753387,0.9734802,0.03051143,0.001497452,-0.02199358,0.03051143,0.001497452,-0.02199358,0.1484222,-0.166275,0.9748383,0.1484222,-0.166275,0.9748383,5.34465,5.34465,True,True,True
1598887,63779589481905,-13.58413,2.592974,-0.06469125,-0.0706836,0.8949153,0.05171048,-0.4375575,0.007536057,0.001996613,-0.02324333,0.1473236,-0.1768036,0.9731445,0.03051135,0.001499313,-0.02199483,0.03051135,0.001499313,-0.02199483,0.149292,-0.1665955,0.9746399,0.149292,-0.1665955,0.9746399,5.344803,5.344803,True,True,True
1598895,63779589481915,-13.58413,2.592972,-0.06469089,-0.07070275,0.8949167,0.05160329,-0.4375642,0.00763179,0.001995148,-0.02324036,0.1473846,-0.1768341,0.9731293,0.03051122,0.001500336,-0.02199971,0.03051122,0.001500336,-0.02199971,0.1495209,-0.1665192,0.9746246,0.1495209,-0.1665192,0.9746246,5.345032,5.345032,True,True,True
1598903,63779589481927,-13.58407,2.592976,-0.06470716,-0.07067194,0.8949472,0.05159053,-0.4375083,0.007615097,0.001995926,-0.02324123,0.1472473,-0.1762848,0.9732513,0.0305109,0.001501038,-0.02199971,0.0305109,0.001501038,-0.02199971,0.1494293,-0.1657104,0.9747772,0.1494293,-0.1657104,0.9747772,5.344772,5.344772,True,True,True
1598912,63779589481938,-13.58406,2.593001,-0.06470108,-0.07068735,0.894945,0.05148772,-0.4375223,0.007643189,0.001995606,-0.02323966,0.1472473,-0.1751709,0.9734497,0.03051081,0.001501511,-0.02199971,0.03051081,0.001501511,-0.02199971,0.1494141,-0.1652985,0.9748535,0.1494141,-0.1652985,0.9748535,5.345169,5.345169,True,True,True
1598920,63779589481938,-13.58406,2.593001,-0.06470108,-0.07068735,0.894945,0.05148772,-0.4375223,0.007656845,0.00199556,-0.02323883,0.1477814,-0.175293,0.9733582,0.03051054,0.001501663,-0.02200043,0.03051054,0.001501663,-0.02200043,0.1504669,-0.1647949,0.9747772,0.1504669,-0.1647949,0.9747772,5.34935,5.34935,True,True,True
1598928,63779589481948,-13.58395,2.592969,-0.06467038,-0.0705473,0.8949231,0.05156476,-0.4375807,0.007672562,0.001995941,-0.02323746,0.1468048,-0.1757202,0.9734192,0.03050972,0.001501663,-0.02199971,0.03050972,0.001501663,-0.02199971,0.14888,-0.1643982,0.9750824,0.14888,-0.1643982,0.9750824,5.349365,5.349365,True,True,True
1598937,63779589481960,-13.58395,2.593002,-0.06466478,-0.07037272,0.8949576,0.05142343,-0.4375548,0.00771051,0.001995712,-0.02323567,0.1467438,-0.1748352,0.973587,0.03050922,0.001502182,-0.02200043,0.03050922,0.001502182,-0.02200043,0.148468,-0.1636963,0.9752655,0.148468,-0.1636963,0.9752655,5.349457,5.349457,True,True,True
1598945,63779589481971,-13.58391,2.593007,-0.0646987,-0.0703621,0.8949423,0.05129083,-0.4376032,0.008233505,0.001984833,-0.02320628,0.1468964,-0.1742096,0.9736786,0.03050894,0.001502808,-0.02199971,0.03050894,0.001502808,-0.02199971,0.1487122,-0.1630249,0.9753418,0.1487122,-0.1630249,0.9753418,5.354813,5.354813,True,True,True
1598953,63779589481971,-13.58391,2.593007,-0.0646987,-0.0703621,0.8949423,0.05129083,-0.4376032,0.008255647,0.001985062,-0.02320528,0.1468658,-0.1742859,0.9736633,0.03050864,0.001503113,-0.02200043,0.03050864,0.001503113,-0.02200043,0.1483612,-0.1630249,0.9753876,0.1483612,-0.1630249,0.9753876,5.355698,5.355698,True,True,True
1598962,63779589481982,-13.58392,2.592949,-0.06473261,-0.07023992,0.8949918,0.05115838,-0.4375372,0.008244309,0.001985321,-0.0232057,0.1470032,-0.1748657,0.9735413,0.03050816,0.001503159,-0.02200043,0.03050816,0.001503159,-0.02200043,0.1486969,-0.1639252,0.9751892,0.1486969,-0.1639252,0.9751892,5.355377,5.355377,True,True,True
1598970,63779589481993,-13.58389,2.592942,-0.06479621,-0.07017644,0.8950029,0.05110286,-0.4375313,0.008287598,0.00198436,-0.02320329,0.1468506,-0.1746521,0.9736023,0.03050728,0.001503159,-0.02200043,0.03050728,0.001503159,-0.02200043,0.148468,-0.1635284,0.975296,0.148468,-0.1635284,0.975296,5.355621,5.355621,True,True,True
1598978,63779589482004,-13.58389,2.592949,-0.06482869,-0.07019313,0.8949721,0.05100631,-0.4376028,0.008255127,0.001985535,-0.02320699,0.1477203,-0.1747589,0.973465,0.03050723,0.001503922,-0.02200385,0.03050723,0.001503922,-0.02200385,0.1485596,-0.1637268,0.9752502,0.1485596,-0.1637268,0.9752502,5.355209,5.355209,True,True,True
1598987,63779589482004,-13.58389,2.592949,-0.06482869,-0.07019313,0.8949721,0.05100631,-0.4376028,0.008143296,0.00198848,-0.02321291,0.1477051,-0.1747589,0.973465,0.03050662,0.001504791,-0.02200385,0.03050662,0.001504791,-0.02200385,0.1484375,-0.163681,0.9752655,0.1484375,-0.163681,0.9752655,5.361053,5.361053,True,True,True
1598995,63779589482016,-13.58388,2.592935,-0.06486285,-0.07018289,0.894989,0.05112183,-0.4375565,0.008139634,0.001989899,-0.02321347,0.1478577,-0.1746521,0.9734497,0.03050609,0.001506989,-0.02200452,0.03050609,0.001506989,-0.02200452,0.1482391,-0.1635742,0.9753265,0.1482391,-0.1635742,0.9753265,5.355377,5.355377,True,True,True
1599003,63779589482026,-13.58385,2.592931,-0.06487405,-0.07014146,0.8949688,0.05103928,-0.437614,0.007815064,0.001997711,-0.02323392,0.147522,-0.1743927,0.9735565,0.03050601,0.001508301,-0.02200945,0.03050601,0.001508301,-0.02200945,0.1482239,-0.1632996,0.9753723,0.1482239,-0.1632996,0.9753723,5.355164,5.355164,True,True,True
1599012,63779589482038,-13.58375,2.592936,-0.06489378,-0.07027695,0.8949997,0.05113449,-0.4375179,0.0077202,0.002002548,-0.02323904,0.1474457,-0.1751556,0.9734344,0.03050395,0.001512802,-0.02200967,0.03050395,0.001512802,-0.02200967,0.147644,-0.1644897,0.9752502,0.147644,-0.1644897,0.9752502,5.354584,5.354584,True,True,True
1599020,63779589482038,-13.58375,2.592936,-0.06489378,-0.07027695,0.8949997,0.05113449,-0.4375179,0.007511765,0.002008194,-0.02325505,0.1473694,-0.1752625,0.9734192,0.03050359,0.001514526,-0.02201758,0.03050359,0.001514526,-0.02201758,0.1475372,-0.1643982,0.9752808,0.1475372,-0.1643982,0.9752808,5.354553,5.354553,True,True,True
1599028,63779589482049,-13.58371,2.592943,-0.06495529,-0.07021531,0.8950203,0.05116578,-0.4374821,0.00730185,0.002013169,-0.02326795,0.1472015,-0.1755066,0.9734039,0.03050337,0.001515305,-0.0220203,0.03050337,0.001515305,-0.0220203,0.1473083,-0.1641693,0.9753571,0.1473083,-0.1641693,0.9753571,5.348145,5.348145,True,True,True
1599037,63779589482060,-13.58369,2.593004,-0.06496406,-0.07012801,0.8950402,0.0511429,-0.4374579,0.007172822,0.002018021,-0.02327582,0.1473694,-0.1760559,0.9732819,0.03050281,0.001518799,-0.02202194,0.03050281,0.001518799,-0.02202194,0.1472626,-0.1649933,0.975235,0.1472626,-0.1649933,0.975235,5.347946,5.347946,True,True,True
1599045,63779589482071,-13.58363,2.592976,-0.06504631,-0.0699764,0.8950903,0.05116913,-0.4373768,0.00703151,0.002021805,-0.02328455,0.1471558,-0.1762085,0.9732819,0.03050226,0.001520096,-0.02202399,0.03050226,0.001520096,-0.02202399,0.1469727,-0.1654053,0.9752045,0.1469727,-0.1654053,0.9752045,5.343521,5.343521,True,True,True
1599053,63779589482071,-13.58363,2.592976,-0.06504631,-0.0699764,0.8950903,0.05116913,-0.4373768,0.006986588,0.002022705,-0.02328752,0.1470032,-0.1758728,0.9733582,0.03050108,0.001520401,-0.02202504,0.03050108,0.001520401,-0.02202504,0.1467285,-0.1654053,0.975235,0.1467285,-0.1654053,0.975235,5.337982,5.337982,True,True,True
1599062,63779589482082,-13.58358,2.592978,-0.06512475,-0.06996878,0.8950597,0.05123166,-0.4374332,0.007009354,0.002022873,-0.02328739,0.1469421,-0.1762238,0.9733124,0.03050072,0.001521713,-0.02202719,0.03050072,0.001521713,-0.02202719,0.1466522,-0.1655884,0.9752197,0.1466522,-0.1655884,0.9752197,5.342102,5.342102,True,True,True
1599070,63779589482093,-13.58363,2.592992,-0.06516981,-0.06995881,0.8950827,0.05115412,-0.437397,0.007067582,0.002021713,-0.02328801,0.14711,-0.1759644,0.9733276,0.03050018,0.001522003,-0.02203351,0.03050018,0.001522003,-0.02203351,0.1475525,-0.1652374,0.9751434,0.1475525,-0.1652374,0.9751434,5.338058,5.338058,True,True,True
1599078,63779589482104,-13.5836,2.592975,-0.06520414,-0.07001795,0.8950799,0.05110867,-0.4373985,0.0071539,0.002020309,-0.02328462,0.1473236,-0.1763458,0.9732361,0.03050009,0.00152298,-0.02203577,0.03050009,0.00152298,-0.02203577,0.1479034,-0.1653595,0.9750671,0.1479034,-0.1653595,0.9750671,5.337906,5.337906,True,True,True
1599087,63779589482104,-13.5836,2.592975,-0.06520414,-0.07001795,0.8950799,0.05110867,-0.4373985,0.007197815,0.002020859,-0.0232824,0.1468811,-0.175705,0.9734192,0.03049974,0.001525574,-0.02203659,0.03049974,0.001525574,-0.02203659,0.1474152,-0.1649017,0.9752197,0.1474152,-0.1649017,0.9752197,5.338181,5.338181,True,True,True
1599095,63779589482116,-13.5836,2.592968,-0.06526113,-0.07003089,0.8950798,0.05103847,-0.4374049,0.007107086,0.002023026,-0.02329207,0.1467438,-0.1754761,0.9734802,0.0304988,0.001526001,-0.02204471,0.0304988,0.001526001,-0.02204471,0.1475372,-0.1644592,0.9752808,0.1475372,-0.1644592,0.9752808,5.337692,5.337692,True,True,True
1599103,63779589482126,-13.58358,2.592965,-0.0652532,-0.07008651,0.8951296,0.05107286,-0.4372899,0.007042282,0.002024811,-0.02329553,0.146225,-0.1756592,0.973526,0.03049863,0.001526688,-0.02204474,0.03049863,0.001526688,-0.02204474,0.14711,-0.1646423,0.9753113,0.14711,-0.1646423,0.9753113,5.337738,5.337738,True,True,True
1599112,63779589482137,-13.58357,2.592975,-0.06526178,-0.07005767,0.8951832,0.05097981,-0.4371956,0.007066086,0.00202449,-0.0232946,0.1461487,-0.1759949,0.973465,0.03049811,0.001527008,-0.02204547,0.03049811,0.001527008,-0.02204547,0.1469727,-0.1646729,0.9753265,0.1469727,-0.1646729,0.9753265,5.33783,5.33783,True,True,True
1599120,63779589482137,-13.58357,2.592975,-0.06526178,-0.07005767,0.8951832,0.05097981,-0.4371956,0.006696244,0.001991989,-0.02332921,0.1493378,-0.1783447,0.9725647,0.0304998,0.001476563,-0.02207323,0.0304998,0.001476563,-0.02207323,0.1483002,-0.1644745,0.9751587,0.1483002,-0.1644745,0.9751587,5.385208,5.385208,True,True,True
1599128,63779589482148,-13.58353,2.592996,-0.06529391,-0.0699442,0.895169,0.05098574,-0.4372422,0.006687928,0.001922592,-0.0233262,0.1564026,-0.1936798,0.9685059,0.03047461,0.001393372,-0.02205945,0.03047461,0.001393372,-0.02205945,0.1562958,-0.1769257,0.9717255,0.1562958,-0.1769257,0.9717255,5.380951,5.380951,True,True,True
1599137,63779589482160,-13.58352,2.59297,-0.06526196,-0.06992818,0.8951629,0.05093182,-0.4372634,0.006981217,0.001869919,-0.0232894,0.1598969,-0.2037659,0.9658661,0.03044631,0.00134375,-0.02201592,0.03044631,0.00134375,-0.02201592,0.1608734,-0.1940002,0.9677124,0.1608734,-0.1940002,0.9677124,5.321838,5.321838,True,True,True
1599145,63779589482171,-13.58345,2.592965,-0.06527317,-0.06993143,0.8951824,0.05080515,-0.437238,0.005608658,0.001867905,-0.02332121,0.1552429,-0.197052,0.9680176,0.03043886,0.001302307,-0.02193694,0.03043886,0.001302307,-0.02193694,0.154068,-0.1900177,0.9696045,0.154068,-0.1900177,0.9696045,5.385117,5.385117,True,True,True
1599153,63779589482171,-13.58345,2.592965,-0.06527317,-0.06993143,0.8951824,0.05080515,-0.437238,0.003715088,0.001915299,-0.02343776,0.158783,-0.1983337,0.9671783,0.03044292,0.001312241,-0.02195969,0.03044292,0.001312241,-0.02195969,0.1597443,-0.1833344,0.9699707,0.1597443,-0.1833344,0.9699707,5.412201,5.412201,True,True,True
1599162,63779589482181,-13.5834,2.592932,-0.06527883,-0.06984948,0.8951709,0.05079612,-0.4372756,0.0025047,0.001944962,-0.0235099,0.1596375,-0.1971283,0.9672852,0.03044306,0.001316162,-0.02196927,0.03044306,0.001316162,-0.02196927,0.1615753,-0.1828461,0.9697571,0.1615753,-0.1828461,0.9697571,5.406952,5.406952,True,True,True
1599170,63779589482193,-13.58337,2.592916,-0.06527299,-0.0698887,0.8951687,0.05071558,-0.4372832,0.001582413,0.001966705,-0.02356174,0.1585846,-0.1998444,0.9669037,0.03044318,0.001318833,-0.02197081,0.03044318,0.001318833,-0.02197081,0.15979,-0.1839905,0.9698486,0.15979,-0.1839905,0.9698486,5.411835,5.411835,True,True,True
1599178,63779589482204,-13.58334,2.592913,-0.06529105,-0.06988968,0.8951513,0.05065691,-0.4373256,0.001359909,0.001971878,-0.02357602,0.1597443,-0.2011719,0.9664307,0.03044425,0.001319458,-0.02197482,0.03044425,0.001319458,-0.02197482,0.1608429,-0.1840363,0.9696655,0.1608429,-0.1840363,0.9696655,5.406357,5.406357,True,True,True
1599187,63779589482204,-13.58334,2.592913,-0.06529105,-0.06988968,0.8951513,0.05065691,-0.4373256,0.001806671,0.001962051,-0.02355344,0.1587067,-0.199707,0.9669037,0.0304453,0.001320084,-0.02197885,0.0304453,0.001320084,-0.02197885,0.1606903,-0.184082,0.9696808,0.1606903,-0.184082,0.9696808,5.400421,5.400421,True,True,True
1599195,63779589482216,-13.58331,2.592891,-0.06532365,-0.06985685,0.8951301,0.05064543,-0.4373754,0.002828125,0.001940704,-0.02349991,0.1591797,-0.2012024,0.9665222,0.03044562,0.00132312,-0.02198396,0.03044562,0.00132312,-0.02198396,0.1606598,-0.185791,0.9693604,0.1606598,-0.185791,0.9693604,5.397186,5.397186,True,True,True
1599203,63779589482227,-13.58339,2.592859,-0.06536376,-0.06978779,0.895166,0.05055854,-0.4373228,0.004834595,0.001897492,-0.0233926,0.158783,-0.1985626,0.9671326,0.03044596,0.001326157,-0.02198908,0.03044596,0.001326157,-0.02198908,0.1606445,-0.1850128,0.9695129,0.1606445,-0.1850128,0.9695129,5.394547,5.394547,True,True,True
1599212,63779589482237,-13.58337,2.59282,-0.06537777,-0.06984735,0.8951479,0.05048,-0.4373596,0.005914276,0.001873627,-0.02333453,0.159317,-0.1990356,0.9669495,0.03044731,0.001326447,-0.02199106,0.03044731,0.001326447,-0.02199106,0.1607361,-0.186264,0.9692535,0.1607361,-0.186264,0.9692535,5.378708,5.378708,True,True,True
1599220,63779589482237,-13.58337,2.59282,-0.06537777,-0.06984735,0.8951479,0.05048,-0.4373596,0.006239396,0.001866592,-0.02331789,0.1599426,-0.1998291,0.9666748,0.03044867,0.001326737,-0.02199304,0.03044867,0.001326737,-0.02199304,0.1610718,-0.1874084,0.9689789,0.1610718,-0.1874084,0.9689789,5.394165,5.394165,True,True,True
1599228,63779589482249,-13.58336,2.592813,-0.06538916,-0.06969894,0.8951535,0.05034716,-0.437387,0.006646195,0.001858704,-0.02329596,0.1597443,-0.1997528,0.9667206,0.03044879,0.00132872,-0.02199368,0.03044879,0.00132872,-0.02199368,0.1609802,-0.1881866,0.9688416,0.1609802,-0.1881866,0.9688416,5.396133,5.396133,True,True,True
1599237,63779589482259,-13.58336,2.59279,-0.06539202,-0.06966083,0.8951132,0.05030143,-0.437481,0.006850739,0.001855331,-0.02328511,0.1598816,-0.1994324,0.9667664,0.03044892,0.001330704,-0.02199431,0.03044892,0.001330704,-0.02199431,0.1611176,-0.188324,0.9687958,0.1611176,-0.188324,0.9687958,5.393539,5.393539,True,True,True
1599245,63779589482271,-13.58336,2.592772,-0.065377,-0.06960716,0.8951576,0.05017261,-0.4374135,0.006959443,0.00185315,-0.02328079,0.1600647,-0.1981812,0.9669952,0.03044937,0.001330933,-0.02199704,0.03044937,0.001330933,-0.02199704,0.1611938,-0.1869659,0.9690399,0.1611938,-0.1869659,0.9690399,5.396393,5.396393,True,True,True
1599253,63779589482271,-13.58336,2.592772,-0.065377,-0.06960716,0.8951576,0.05017261,-0.4374135,0.007152344,0.001849106,-0.0232719,0.1599884,-0.1976013,0.9671326,0.03044984,0.001331177,-0.02199976,0.03044984,0.001331177,-0.02199976,0.1613617,-0.1868744,0.9690247,0.1613617,-0.1868744,0.9690247,5.393829,5.393829,True,True,True
1599262,63779589482282,-13.58342,2.592753,-0.06541038,-0.06953183,0.8951505,0.05007548,-0.4374508,0.007210938,0.00185109,-0.02327475,0.1598816,-0.1981354,0.967041,0.03045023,0.001336411,-0.02200984,0.03045023,0.001336411,-0.02200984,0.1613922,-0.1877136,0.9688568,0.1613922,-0.1877136,0.9688568,5.395828,5.395828,True,True,True
1599270,63779589482293,-13.58342,2.592741,-0.06543142,-0.06946173,0.8951751,0.04995653,-0.4374254,0.006954911,0.001860031,-0.02329469,0.1599731,-0.1985626,0.9669342,0.03045062,0.001341629,-0.02201993,0.03045062,0.001341629,-0.02201993,0.1614227,-0.1881866,0.9687653,0.1614227,-0.1881866,0.9687653,5.397705,5.397705,True,True,True
1599278,63779589482304,-13.58335,2.592707,-0.06543493,-0.06949501,0.8951834,0.04991423,-0.4374079,0.006447586,0.001872192,-0.02332822,0.1601868,-0.1977692,0.9670563,0.03045329,0.001343109,-0.02203003,0.03045329,0.001343109,-0.02203003,0.1620026,-0.1878662,0.9687347,0.1620026,-0.1878662,0.9687347,5.396103,5.396103,True,True,True
1599287,63779589482304,-13.58335,2.592707,-0.06543493,-0.06949501,0.8951834,0.04991423,-0.4374079,0.005944458,0.00188588,-0.0233586,0.1604309,-0.1984558,0.9668732,0.0304536,0.001347595,-0.02203551,0.0304536,0.001347595,-0.02203551,0.1620331,-0.1887054,0.9685669,0.1620331,-0.1887054,0.9685669,5.392319,5.392319,True,True,True
1599295,63779589482316,-13.58339,2.592763,-0.06543535,-0.06945708,0.8952013,0.04980327,-0.4373901,0.005558502,0.001895416,-0.02338239,0.1600647,-0.1986389,0.9669037,0.03045364,0.001348709,-0.02204071,0.03045364,0.001348709,-0.02204071,0.1620789,-0.1886597,0.9685669,0.1620789,-0.1886597,0.9685669,5.382553,5.382553,True,True,True
1599303,63779589482327,-13.58339,2.592752,-0.06546026,-0.06951647,0.8952086,0.04975089,-0.4373715,0.005034348,0.001911331,-0.02342044,0.1599731,-0.1966858,0.9673157,0.03045375,0.001356445,-0.02205815,0.03045375,0.001356445,-0.02205815,0.1620636,-0.1848145,0.9693146,0.1620636,-0.1848145,0.9693146,5.382996,5.382996,True,True,True
1599312,63779589482337,-13.58343,2.592752,-0.06554699,-0.06951431,0.8952416,0.04977244,-0.437302,0.004183685,0.001936707,-0.02348302,0.1600494,-0.1972046,0.9671936,0.03045375,0.001368134,-0.0220893,0.03045375,0.001368134,-0.0220893,0.1620026,-0.1848755,0.9692993,0.1620026,-0.1848755,0.9692993,5.382095,5.382095,True,True,True
1599320,63779589482337,-13.58343,2.592752,-0.06554699,-0.06951431,0.8952416,0.04977244,-0.437302,0.003628113,0.001951157,-0.02351248,0.1594849,-0.197998,0.9671326,0.03045375,0.001372513,-0.0220893,0.03045375,0.001372513,-0.0220893,0.1610718,-0.1860199,0.9692383,0.1610718,-0.1860199,0.9692383,5.3703,5.3703,True,True,True
1599328,63779589482348,-13.58344,2.592776,-0.06561226,-0.06953806,0.8952692,0.0498241,-0.4372359,0.003113587,0.001964905,-0.0235398,0.1596375,-0.198761,0.9669495,0.03045375,0.001377228,-0.0220893,0.03045375,0.001377228,-0.0220893,0.1610565,-0.1872406,0.9690094,0.1610565,-0.1872406,0.9690094,5.369797,5.369797,True,True,True
1599337,63779589482359,-13.58348,2.592766,-0.06568146,-0.069711,0.8952534,0.05009333,-0.4372099,0.003187912,0.00196434,-0.02353581,0.1593323,-0.1989441,0.9669647,0.03045375,0.001378998,-0.0220893,0.03045375,0.001378998,-0.0220893,0.1611481,-0.1875458,0.9689331,0.1611481,-0.1875458,0.9689331,5.381393,5.381393,True,True,True
1599345,63779589482371,-13.5834,2.592778,-0.0657292,-0.06982899,0.8952397,0.05030108,-0.4371953,0.003566391,0.001956528,-0.0235157,0.1591644,-0.1964111,0.967514,0.03045375,0.001379089,-0.0220893,0.03045375,0.001379089,-0.0220893,0.1610718,-0.1845245,0.9695282,0.1610718,-0.1845245,0.9695282,5.370758,5.370758,True,True,True
1599353,63779589482371,-13.5834,2.592778,-0.0657292,-0.06982899,0.8952397,0.05030108,-0.4371953,0.004217377,0.001943451,-0.0234812,0.1599884,-0.1961365,0.9674225,0.03045364,0.001380386,-0.0220893,0.03045364,0.001380386,-0.0220893,0.1617889,-0.1847076,0.9693756,0.1617889,-0.1847076,0.9693756,5.361542,5.361542,True,True,True
1599362,63779589482382,-13.5834,2.592772,-0.06576645,-0.07005708,0.8952521,0.05040682,-0.4371211,0.005082871,0.001925644,-0.02343559,0.1601257,-0.1959229,0.967453,0.0304536,0.001381333,-0.02208988,0.0304536,0.001381333,-0.02208988,0.1617737,-0.1849213,0.9693298,0.1617737,-0.1849213,0.9693298,5.361618,5.361618,True,True,True
1599370,63779589482393,-13.58343,2.59284,-0.06581259,-0.07025374,0.8952156,0.050321,-0.4371741,0.006099625,0.001904739,-0.02338446,0.1606293,-0.1951599,0.967514,0.03045322,0.001382828,-0.02209465,0.03045322,0.001382828,-0.02209465,0.1621552,-0.1844482,0.9693604,0.1621552,-0.1844482,0.9693604,5.359085,5.359085,True,True,True
1599378,63779589482404,-13.58342,2.592836,-0.06583971,-0.07037333,0.8952232,0.05027698,-0.4371446,0.007200699,0.001881561,-0.02332613,0.1612244,-0.1941528,0.9676208,0.03045322,0.001382828,-0.02209465,0.03045322,0.001382828,-0.02209465,0.1631165,-0.1837311,0.9693298,0.1631165,-0.1837311,0.9693298,5.359436,5.359436,True,True,True
1599387,63779589482404,-13.58342,2.592836,-0.06583971,-0.07037333,0.8952232,0.05027698,-0.4371446,0.007755966,0.001869751,-0.02329492,0.1617737,-0.1938171,0.9675903,0.03045293,0.001382828,-0.02209143,0.03045293,0.001382828,-0.02209143,0.1630096,-0.1838379,0.9693298,0.1630096,-0.1838379,0.9693298,5.354996,5.354996,True,True,True
1599395,63779589482415,-13.58346,2.592795,-0.06588203,-0.07032894,0.8952298,0.05017028,-0.4371506,0.007760956,0.001869614,-0.02329462,0.1617279,-0.1938171,0.9676056,0.03045226,0.001382828,-0.02209143,0.03045226,0.001382828,-0.02209143,0.1628265,-0.1838379,0.9693604,0.1628265,-0.1838379,0.9693604,5.354691,5.354691,True,True,True
1599403,63779589482426,-13.58339,2.592782,-0.06582385,-0.070278,0.8952388,0.05004345,-0.4371547,0.007546036,0.001874847,-0.02330603,0.1614685,-0.1940765,0.9675903,0.03045224,0.001383713,-0.02209143,0.03045224,0.001383713,-0.02209143,0.1628265,-0.1840668,0.9693298,0.1628265,-0.1840668,0.9693298,5.35466,5.35466,True,True,True
1599412,63779589482437,-13.58339,2.592797,-0.0658223,-0.07012741,0.8952849,0.04996222,-0.4370938,0.007584259,0.001874786,-0.02330322,0.15979,-0.1944122,0.967804,0.03045224,0.001383713,-0.02208988,0.03045224,0.001383713,-0.02208988,0.1605225,-0.1843567,0.9696503,0.1605225,-0.1843567,0.9696503,5.354919,5.354919,True,True,True
1599420,63779589482437,-13.58339,2.592797,-0.0658223,-0.07012741,0.8952849,0.04996222,-0.4370938,0.007484665,0.001877792,-0.02330736,0.1582336,-0.1947327,0.9680023,0.03045224,0.001383713,-0.02208803,0.03045224,0.001383713,-0.02208803,0.1583862,-0.1844482,0.969986,0.1583862,-0.1844482,0.969986,5.354034,5.354034,True,True,True
1599428,63779589482449,-13.58334,2.592846,-0.06582326,-0.07001591,0.8952481,0.0498581,-0.437199,0.00759195,0.00187529,-0.02329649,0.1581116,-0.1949768,0.9679718,0.03045224,0.001382828,-0.0220793,0.03045224,0.001382828,-0.0220793,0.1584015,-0.1847992,0.9699097,0.1584015,-0.1847992,0.9699097,5.354568,5.354568,True,True,True
1599437,63779589482459,-13.58332,2.592855,-0.06585139,-0.07004872,0.8952649,0.04978672,-0.4371673,0.007499833,0.001876801,-0.02330125,0.1575928,-0.194931,0.9680634,0.03045226,0.001382065,-0.02207903,0.03045226,0.001382065,-0.02207903,0.1577148,-0.1846313,0.9700623,0.1577148,-0.1846313,0.9700623,5.354721,5.354721,True,True,True
1599445,63779589482470,-13.58338,2.592871,-0.06584984,-0.07003871,0.8952922,0.04979748,-0.4371117,0.007338577,0.001879456,-0.02330963,0.1570282,-0.194809,0.9681854,0.03045226,0.001380737,-0.02207848,0.03045226,0.001380737,-0.02207848,0.157074,-0.1843414,0.9702148,0.157074,-0.1843414,0.9702148,5.35498,5.35498,True,True,True
1599453,63779589482470,-13.58338,2.592871,-0.06584984,-0.07003871,0.8952922,0.04979748,-0.4371117,0.007247696,0.00188121,-0.02331419,0.157196,-0.1954651,0.9680176,0.03045293,0.001380386,-0.0220775,0.03045293,0.001380386,-0.0220775,0.157196,-0.1854095,0.9700012,0.157196,-0.1854095,0.9700012,5.364014,5.364014,True,True,True
1599462,63779589482482,-13.5834,2.592808,-0.06587172,-0.07010018,0.8952929,0.04977589,-0.437103,0.007197129,0.001880295,-0.02331459,0.1570587,-0.1950226,0.9681396,0.03045331,0.00137706,-0.02207365,0.03045331,0.00137706,-0.02207365,0.1572418,-0.1848755,0.9700928,0.1572418,-0.1848755,0.9700928,5.354996,5.354996,True,True,True
1599470,63779589482493,-13.58338,2.592815,-0.06586051,-0.07007027,0.895368,0.04957871,-0.4369763,0.007219071,0.001878632,-0.02331372,0.1569214,-0.1945648,0.9682465,0.03045406,0.001375107,-0.02207365,0.03045406,0.001375107,-0.02207365,0.1575623,-0.1846466,0.9700775,0.1575623,-0.1846466,0.9700775,5.354889,5.354889,True,True,True
1599478,63779589482504,-13.58337,2.592779,-0.06582659,-0.07002096,0.8954063,0.04953129,-0.4369112,0.007346405,0.001875809,-0.02330724,0.1568604,-0.1945801,0.9682465,0.03045432,0.001375015,-0.02207365,0.03045432,0.001375015,-0.02207365,0.1577148,-0.1848145,0.9700317,0.1577148,-0.1848145,0.9700317,5.364395,5.364395,True,True,True
1599487,63779589482504,-13.58337,2.592779,-0.06582659,-0.07002096,0.8954063,0.04953129,-0.4369112,0.007492463,0.00187262,-0.02329723,0.1568451,-0.1945343,0.9682617,0.03045447,0.001374969,-0.02206934,0.03045447,0.001374969,-0.02206934,0.157547,-0.1849365,0.9700317,0.157547,-0.1849365,0.9700317,5.355011,5.355011,True,True,True
1599495,63779589482515,-13.58335,2.592738,-0.06577575,-0.06990861,0.8954132,0.0494126,-0.4369283,0.007568161,0.001870468,-0.02329303,0.1566162,-0.194519,0.9683075,0.03045459,0.00137442,-0.0220689,0.03045459,0.00137442,-0.0220689,0.1576691,-0.1850281,0.969986,0.1576691,-0.1850281,0.969986,5.364426,5.364426,True,True,True
1599503,63779589482526,-13.58338,2.592703,-0.06576645,-0.06978918,0.8954909,0.04923905,-0.436808,0.007690491,0.001866852,-0.02328645,0.1563568,-0.1941071,0.9684296,0.03045459,0.001373276,-0.02206879,0.03045459,0.001373276,-0.02206879,0.1572113,-0.1850433,0.9700623,0.1572113,-0.1850433,0.9700623,5.373901,5.373901,True,True,True
1599511,63779589482537,-13.58341,2.592676,-0.06572801,-0.06972427,0.8954918,0.04912502,-0.4368291,0.007669937,0.001866943,-0.02328616,0.1567078,-0.1941071,0.9683685,0.03045459,0.001372879,-0.02206647,0.03045459,0.001372879,-0.02206647,0.1578064,-0.1850739,0.9699554,0.1578064,-0.1850739,0.9699554,5.382431,5.382431,True,True,True
1599520,63779589482537,-13.58341,2.592676,-0.06572801,-0.06972427,0.8954918,0.04912502,-0.4368291,0.007450501,0.001869446,-0.02328903,0.1570435,-0.194397,0.9682617,0.03045459,0.001369263,-0.0220517,0.03045459,0.001369263,-0.0220517,0.1579285,-0.1849823,0.9699554,0.1579285,-0.1849823,0.9699554,5.377029,5.377029,True,True,True
1599528,63779589482549,-13.58341,2.592662,-0.06570762,-0.06970286,0.8955099,0.04894214,-0.4368161,0.007119278,0.001876267,-0.02330342,0.1570435,-0.1942749,0.968277,0.03045459,0.001368637,-0.0220459,0.03045459,0.001368637,-0.0220459,0.1579285,-0.1850586,0.9699402,0.1579285,-0.1850586,0.9699402,5.37735,5.37735,True,True,True
1599536,63779589482559,-13.58342,2.592623,-0.06571436,-0.06968553,0.8955382,0.04872755,-0.4367848,0.006743485,0.001884232,-0.0233233,0.1573029,-0.1942139,0.9682465,0.03045459,0.001368561,-0.02204521,0.03045459,0.001368561,-0.02204521,0.1580353,-0.1848602,0.9699707,0.1580353,-0.1848602,0.9699707,5.375015,5.375015,True,True,True
1599545,63779589482570,-13.58341,2.592607,-0.06567711,-0.06967122,0.8955575,0.04858502,-0.4367633,0.006401291,0.001891098,-0.0233394,0.1575775,-0.1943512,0.9681854,0.03045459,0.001367813,-0.02204117,0.03045459,0.001367813,-0.02204117,0.1580505,-0.1849365,0.9699554,0.1580505,-0.1849365,0.9699554,5.37767,5.37767,True,True,True
1599553,63779589482570,-13.58341,2.592607,-0.06567711,-0.06967122,0.8955575,0.04858502,-0.4367633,0.006045762,0.001898712,-0.02335089,0.1574249,-0.1948395,0.9681091,0.03045447,0.001367813,-0.02202786,0.03045447,0.001367813,-0.02202786,0.15802,-0.1855164,0.9698486,0.15802,-0.1855164,0.9698486,5.388962,5.388962,True,True,True
1599561,63779589482582,-13.58339,2.592593,-0.06570607,-0.06963632,0.8955484,0.04837579,-0.4368109,0.005974854,0.001899719,-0.02335401,0.1568756,-0.1943359,0.9683075,0.03045444,0.001366913,-0.02202649,0.03045444,0.001366913,-0.02202649,0.1581268,-0.1846161,0.9700012,0.1581268,-0.1846161,0.9700012,5.389297,5.389297,True,True,True
1599570,63779589482593,-13.5834,2.592579,-0.06566954,-0.06969336,0.8956214,0.04828776,-0.4366618,0.005993759,0.001898361,-0.0233524,0.1569977,-0.1936951,0.9684143,0.03045412,0.001365616,-0.02202533,0.03045412,0.001365616,-0.02202533,0.1585083,-0.183548,0.9701385,0.1585083,-0.183548,0.9701385,5.399139,5.399139,True,True,True
1599578,63779589482604,-13.58342,2.592579,-0.0656358,-0.06958024,0.8956831,0.04814431,-0.436569,0.00582042,0.001901871,-0.02335294,0.1572418,-0.1939087,0.9683228,0.03045395,0.001365311,-0.02200957,0.03045395,0.001365311,-0.02200957,0.1590576,-0.1838379,0.969986,0.1590576,-0.1838379,0.969986,5.390381,5.390381,True,True,True
1599586,63779589482604,-13.58342,2.592579,-0.0656358,-0.06958024,0.8956831,0.04814431,-0.436569,0.005529786,0.001907883,-0.0233609,0.1574097,-0.1944122,0.9682007,0.03045349,0.001364807,-0.02199553,0.03045349,0.001364807,-0.02199553,0.1589966,-0.1846313,0.9698486,0.1589966,-0.1846313,0.9698486,5.39563,5.39563,True,True,True
1599595,63779589482615,-13.58337,2.592607,-0.06555843,-0.06955691,0.8956789,0.04814711,-0.436581,0.005412018,0.00191005,-0.0233611,0.1574402,-0.1938782,0.9682922,0.03045343,0.00136409,-0.02198425,0.03045343,0.00136409,-0.02198425,0.1590881,-0.1838531,0.969986,0.1590881,-0.1838531,0.969986,5.396225,5.396225,True,True,True
1599603,63779589482626,-13.58338,2.592594,-0.06553137,-0.06954326,0.895697,0.04809532,-0.4365517,0.00486467,0.001921967,-0.02339047,0.1572266,-0.1939697,0.9683228,0.03045261,0.00136409,-0.0219829,0.03045261,0.00136409,-0.0219829,0.1588287,-0.1836243,0.9700623,0.1588287,-0.1836243,0.9700623,5.391327,5.391327,True,True,True
1599611,63779589482637,-13.58337,2.592592,-0.065651,-0.06960998,0.8957123,0.04805595,-0.4365141,0.004325165,0.001932495,-0.0234095,0.1570892,-0.1947327,0.9681854,0.03045183,0.001361893,-0.02196369,0.03045183,0.001361893,-0.02196369,0.1589508,-0.1843719,0.9699097,0.1589508,-0.1843719,0.9699097,5.392029,5.392029,True,True,True
1599620,63779589482637,-13.58337,2.592592,-0.065651,-0.06960998,0.8957123,0.04805595,-0.4365141,0.003846558,0.001942642,-0.02342925,0.1573334,-0.1952209,0.9680481,0.03045172,0.001361359,-0.02195128,0.03045172,0.001361359,-0.02195128,0.1591949,-0.1851807,0.9697113,0.1591949,-0.1851807,0.9697113,5.392502,5.392502,True,True,True
1599628,63779589482649,-13.58338,2.592585,-0.06567657,-0.06956286,0.8957103,0.048016,-0.4365301,0.003815048,0.001942658,-0.02342972,0.1574097,-0.1952209,0.9680328,0.03045157,0.001360107,-0.02194894,0.03045157,0.001360107,-0.02194894,0.1594238,-0.1848907,0.9697266,0.1594238,-0.1848907,0.9697266,5.392624,5.392624,True,True,True
1599636,63779589482660,-13.58339,2.592581,-0.06565309,-0.06971127,0.8956891,0.04797189,-0.4365548,0.003971176,0.001938995,-0.02342099,0.1573639,-0.1956635,0.9679565,0.03045119,0.001359528,-0.02194888,0.03045119,0.001359528,-0.02194888,0.1593323,-0.1847382,0.9697723,0.1593323,-0.1847382,0.9697723,5.392746,5.392746,True,True,True
1599645,63779589482671,-13.58343,2.592588,-0.06564468,-0.06963201,0.895661,0.04779978,-0.436644,0.003987519,0.001938507,-0.0234158,0.1570282,-0.1959381,0.9679565,0.03045009,0.001359299,-0.02194109,0.03045009,0.001359299,-0.02194109,0.1590424,-0.1851501,0.9697418,0.1590424,-0.1851501,0.9697418,5.392883,5.392883,True,True,True
1599653,63779589482671,-13.58343,2.592588,-0.06564468,-0.06963201,0.895661,0.04779978,-0.436644,0.004450577,0.001928055,-0.02338358,0.1572266,-0.1958923,0.967926,0.03044928,0.001358688,-0.02192955,0.03044928,0.001358688,-0.02192955,0.1590118,-0.1854401,0.969696,0.1590118,-0.1854401,0.969696,5.398178,5.398178,True,True,True
1599661,63779589482681,-13.58344,2.592582,-0.06562519,-0.06970003,0.8956466,0.04778678,-0.4366641,0.004832657,0.001919464,-0.02335695,0.1570129,-0.1963654,0.967865,0.03044892,0.001357956,-0.02192017,0.03044892,0.001357956,-0.02192017,0.1589203,-0.186264,0.9695587,0.1589203,-0.186264,0.9695587,5.398331,5.398331,True,True,True
1599670,63779589482693,-13.58342,2.592547,-0.06556267,-0.06961259,0.8956389,0.04767804,-0.4367056,0.005152008,0.001912186,-0.02333359,0.1569977,-0.1962128,0.9678955,0.03044887,0.001357452,-0.02191057,0.03044887,0.001357452,-0.02191057,0.1589966,-0.1864166,0.9695129,0.1589966,-0.1864166,0.9695129,5.398727,5.398727,True,True,True
1599678,63779589482704,-13.58344,2.592532,-0.06553423,-0.06952588,0.8956304,0.0475665,-0.4367489,0.005129715,0.001912796,-0.02333443,0.1569061,-0.1961517,0.967926,0.03044826,0.001357452,-0.02191057,0.03044826,0.001357452,-0.02191057,0.158844,-0.1861877,0.969574,0.158844,-0.1861877,0.969574,5.398666,5.398666,True,True,True
1599686,63779589482704,-13.58344,2.592532,-0.06553423,-0.06952588,0.8956304,0.0475665,-0.4367489,0.005374268,0.001907883,-0.02332007,0.1567993,-0.1962585,0.967926,0.0304476,0.001357864,-0.02191013,0.0304476,0.001357864,-0.02191013,0.1585999,-0.1863556,0.9695892,0.1585999,-0.1863556,0.9695892,5.390335,5.390335,True,True,True
1599695,63779589482715,-13.58339,2.59253,-0.0655368,-0.069421,0.8956376,0.04742703,-0.4367663,0.005639542,0.001902603,-0.02330318,0.1567078,-0.1957245,0.9680481,0.03044664,0.001357803,-0.02190764,0.03044664,0.001357803,-0.02190764,0.1583099,-0.1853333,0.9698334,0.1583099,-0.1853333,0.9698334,5.386566,5.386566,True,True,True
1599703,63779589482726,-13.58337,2.592489,-0.06554806,-0.06940855,0.8956396,0.04729172,-0.4367788,0.005888535,0.001897141,-0.02328891,0.1574402,-0.1961517,0.9678345,0.03044658,0.001357803,-0.02190764,0.03044658,0.001357803,-0.02190764,0.1595306,-0.1853485,0.9696198,0.1595306,-0.1853485,0.9696198,5.386719,5.386719,True,True,True
1599711,63779589482737,-13.58336,2.592467,-0.06553674,-0.06941997,0.8956115,0.04720481,-0.4368439,0.006335877,0.001887314,-0.02326328,0.157486,-0.1960144,0.967865,0.03044597,0.001357803,-0.02190723,0.03044597,0.001357803,-0.02190723,0.1593781,-0.185318,0.9696503,0.1593781,-0.185318,0.9696503,5.385468,5.385468,True,True,True
1599720,63779589482737,-13.58336,2.592467,-0.06553674,-0.06941997,0.8956115,0.04720481,-0.4368439,0.006887101,0.001875214,-0.02323052,0.1575012,-0.1958466,0.9678955,0.03044591,0.001357803,-0.02190489,0.03044591,0.001357803,-0.02190489,0.1592865,-0.1854401,0.9696503,0.1592865,-0.1854401,0.9696503,5.376755,5.376755,True,True,True
1599728,63779589482748,-13.58337,2.592421,-0.06554794,-0.06952007,0.8956403,0.04705739,-0.4367848,0.007459763,0.00186264,-0.0231982,0.1564026,-0.1952362,0.9682007,0.03044588,0.001357803,-0.02190489,0.03044588,0.001357803,-0.02190489,0.1579742,-0.1847076,0.9700012,0.1579742,-0.1847076,0.9700012,5.375275,5.375275,True,True,True
1599736,63779589482760,-13.58336,2.59241,-0.06553519,-0.06952453,0.8956699,0.04685791,-0.436745,0.008138443,0.001847733,-0.023159,0.1570587,-0.1949158,0.9681549,0.03044586,0.001357803,-0.02190369,0.03044586,0.001357803,-0.02190369,0.1592865,-0.1847229,0.9697876,0.1592865,-0.1847229,0.9697876,5.376785,5.376785,True,True,True
1599745,63779589482770,-13.58338,2.592385,-0.06548613,-0.06952702,0.8957115,0.04675448,-0.4366701,0.008190475,0.001846588,-0.02315572,0.1570129,-0.1948395,0.9681702,0.03044573,0.001357803,-0.02190324,0.03044573,0.001357803,-0.02190324,0.1592407,-0.1846313,0.9698181,0.1592407,-0.1846313,0.9698181,5.375427,5.375427,True,True,True
1599753,63779589482770,-13.58338,2.592385,-0.06548613,-0.06952702,0.8957115,0.04675448,-0.4366701,0.008105851,0.001848465,-0.02316042,0.1556549,-0.194931,0.9683838,0.03044573,0.001357803,-0.02190324,0.03044573,0.001357803,-0.02190324,0.1579285,-0.1846619,0.9700165,0.1579285,-0.1846619,0.9700165,5.374283,5.374283,True,True,True
1599761,63779589482782,-13.58334,2.592297,-0.06543422,-0.0696753,0.8957204,0.04670411,-0.4366337,0.008067704,0.001848938,-0.0231617,0.1563568,-0.1948395,0.968277,0.03044519,0.001357803,-0.02190235,0.03044519,0.001357803,-0.02190235,0.1590881,-0.1845551,0.9698486,0.1590881,-0.1845551,0.9698486,5.374527,5.374527,True,True,True
1599770,63779589482793,-13.58334,2.592294,-0.06541532,-0.06985459,0.8957705,0.04654047,-0.4365198,0.008025025,0.001849289,-0.0231633,0.1554413,-0.1947632,0.9684448,0.03044487,0.001356888,-0.02190115,0.03044487,0.001356888,-0.02190115,0.1576996,-0.1844025,0.970108,0.1576996,-0.1844025,0.970108,5.374557,5.374557,True,True,True
1599778,63779589482804,-13.58327,2.592264,-0.06536597,-0.06988562,0.8957939,0.04661967,-0.4364584,0.008076904,0.001847931,-0.02316017,0.1551819,-0.1947174,0.9684906,0.0304447,0.001356888,-0.02190115,0.0304447,0.001356888,-0.02190115,0.1575317,-0.1844025,0.9701385,0.1575317,-0.1844025,0.9701385,5.374557,5.374557,True,True,True
1599786,63779589482804,-13.58327,2.592264,-0.06536597,-0.06988562,0.8957939,0.04661967,-0.4364584,0.008087327,0.001846817,-0.02315781,0.1553802,-0.1934814,0.9687195,0.03044469,0.001356552,-0.02189879,0.03044469,0.001356552,-0.02189879,0.1572418,-0.182663,0.9705048,0.1572418,-0.182663,0.9705048,5.375031,5.375031,True,True,True
1599795,63779589482815,-13.58324,2.592307,-0.06534708,-0.06998556,0.8957914,0.0466129,-0.4364482,0.007726212,0.001854706,-0.02317204,0.1548767,-0.1940918,0.9686737,0.03044467,0.001356537,-0.0218895,0.03044467,0.001356537,-0.0218895,0.1564026,-0.1833038,0.97052,0.1564026,-0.1833038,0.97052,5.375229,5.375229,True,True,True
1599803,63779589482826,-13.58325,2.592324,-0.06536305,-0.07008389,0.8958559,0.04659105,-0.4363024,0.007458756,0.001860092,-0.0231839,0.154953,-0.1940918,0.9686584,0.03044467,0.001355744,-0.02188429,0.03044467,0.001355744,-0.02188429,0.1564026,-0.1835327,0.9704742,0.1564026,-0.1835327,0.9704742,5.374237,5.374237,True,True,True
1599811,63779589482837,-13.58324,2.592325,-0.06542963,-0.07017057,0.8958591,0.04659725,-0.4362812,0.007207779,0.001865601,-0.02319609,0.1555328,-0.1942139,0.9685364,0.03044457,0.001355744,-0.02188194,0.03044457,0.001355744,-0.02188194,0.157135,-0.1835022,0.9703674,0.157135,-0.1835022,0.9703674,5.364182,5.364182,True,True,True
1599820,63779589482837,-13.58324,2.592325,-0.06542963,-0.07017057,0.8958591,0.04659725,-0.4362812,0.006975678,0.001870697,-0.02320654,0.1556091,-0.1942291,0.9685211,0.03044435,0.001355744,-0.02187791,0.03044435,0.001355744,-0.02187791,0.1574402,-0.1833344,0.9703522,0.1574402,-0.1833344,0.9703522,5.356766,5.356766,True,True,True
1599828,63779589482849,-13.58325,2.592317,-0.06543338,-0.07017476,0.8959351,0.04655631,-0.4361288,0.006874024,0.00187294,-0.02321227,0.1557617,-0.1932373,0.9687042,0.03044435,0.001355744,-0.02187791,0.03044435,0.001355744,-0.02187791,0.1574402,-0.1825409,0.9705048,0.1574402,-0.1825409,0.9705048,5.355896,5.355896,True,True,True
1599836,63779589482859,-13.58321,2.592343,-0.06545192,-0.07012188,0.8959426,0.04661067,-0.436116,0.006862427,0.001873642,-0.02321126,0.1556396,-0.1934814,0.9686737,0.03044353,0.001356537,-0.02187547,0.03044353,0.001356537,-0.02187547,0.1572266,-0.1829224,0.970459,0.1572266,-0.1829224,0.970459,5.356934,5.356934,True,True,True
1599845,63779589482870,-13.58319,2.592349,-0.0654608,-0.07016911,0.8959756,0.04665045,-0.4360363,0.006922287,0.001871857,-0.02320691,0.155365,-0.1938324,0.9686432,0.03044307,0.001355744,-0.02187409,0.03044307,0.001355744,-0.02187409,0.1567078,-0.1826172,0.9706116,0.1567078,-0.1826172,0.9706116,5.357132,5.357132,True,True,True
1599853,63779589482870,-13.58319,2.592349,-0.0654608,-0.07016911,0.8959756,0.04665045,-0.4360363,0.007072373,0.001868561,-0.02319782,0.1556854,-0.193924,0.9685822,0.03044263,0.001355744,-0.02187338,0.03044263,0.001355744,-0.02187338,0.1572113,-0.1828156,0.9704895,0.1572113,-0.1828156,0.9704895,5.357025,5.357025,True,True,True
1599861,63779589482881,-13.58318,2.592348,-0.06545788,-0.07027017,0.8959914,0.04663113,-0.4359897,0.007251359,0.001865845,-0.02318572,0.1555481,-0.1941223,0.9685516,0.03044152,0.001356537,-0.02187091,0.03044152,0.001356537,-0.02187091,0.1569061,-0.1830444,0.9704895,0.1569061,-0.1830444,0.9704895,5.356064,5.356064,True,True,True
1599870,63779589482893,-13.58318,2.592293,-0.06546324,-0.07027243,0.8960462,0.04668802,-0.4358706,0.007499344,0.001861557,-0.0231713,0.1554565,-0.1944275,0.9685059,0.03044046,0.001356537,-0.02187091,0.03044046,0.001356537,-0.02187091,0.1566315,-0.1832123,0.9705048,0.1566315,-0.1832123,0.9705048,5.355835,5.355835,True,True,True
1599878,63779589482904,-13.58317,2.592339,-0.06547046,-0.07038563,0.8960318,0.04658679,-0.4358929,0.007630265,0.001859772,-0.02316341,0.1552734,-0.1946869,0.9684906,0.03043939,0.001358231,-0.02187091,0.03043939,0.001358231,-0.02187091,0.156311,-0.18367,0.9704742,0.156311,-0.18367,0.9704742,5.352524,5.352524,True,True,True
1599886,63779589482904,-13.58317,2.592339,-0.06547046,-0.07038563,0.8960318,0.04658679,-0.4358929,0.007737854,0.001857544,-0.0231572,0.1551971,-0.1952057,0.968399,0.03043895,0.001358261,-0.02187091,0.03043895,0.001358261,-0.02187091,0.1561737,-0.1845551,0.9703217,0.1561737,-0.1845551,0.9703217,5.350067,5.350067,True,True,True
1599895,63779589482915,-13.5832,2.592302,-0.06545562,-0.07039243,0.8961016,0.04655551,-0.4357515,0.005303803,0.001950821,-0.02335211,0.1536255,-0.199234,0.9678192,0.03040746,0.001405243,-0.0219778,0.03040746,0.001405243,-0.0219778,0.1533661,-0.187973,0.970108,0.1533661,-0.187973,0.970108,5.34581,5.34581,True,True,True
1599903,63779589482926,-13.5832,2.592283,-0.06548035,-0.07034422,0.8961443,0.04647361,-0.4356802,0.0005578003,0.002138962,-0.02362837,0.1565247,-0.2017212,0.9668427,0.03031551,0.00151564,-0.02201515,0.03031551,0.00151564,-0.02201515,0.150528,-0.2001038,0.9681396,0.150528,-0.2001038,0.9681396,5.247162,5.247162,True,True,True
1599911,63779589482926,-13.5832,2.592283,-0.06548035,-0.07034422,0.8961443,0.04647361,-0.4356802,-0.02662665,0.002788834,-0.02511513,0.1601257,-0.1886292,0.9689026,0.03029305,0.001777863,-0.02286867,0.03029305,0.001777863,-0.02286867,0.1399078,-0.164093,0.9764709,0.1399078,-0.164093,0.9764709,5.250488,5.250488,True,True,True
1599920,63779589482938,-13.58317,2.592269,-0.06551909,-0.07031192,0.8961632,0.0464478,-0.4356494,-0.02754451,0.002890045,-0.02511711,0.1564331,-0.1939697,0.9684448,0.03025899,0.001809479,-0.02244606,0.03025899,0.001809479,-0.02244606,0.137146,-0.1734314,0.975235,0.137146,-0.1734314,0.975235,5.22261,5.22261,True,True,True
1599928,63779589482949,-13.58314,2.592288,-0.0655514,-0.0703508,0.8961487,0.04634947,-0.4356833,-0.0276731,0.00295105,-0.0251265,0.1513672,-0.1848297,0.9710388,0.03022687,0.002013779,-0.02278093,0.03022687,0.002013779,-0.02278093,0.1232605,-0.1216278,0.9848785,0.1232605,-0.1216278,0.9848785,5.453995,5.453995,True,True,True
1599936,63779589482959,-13.58306,2.592287,-0.06565297,-0.07030735,0.8961949,0.04622184,-0.4356089,-0.02764696,0.003068176,-0.02509702,0.14328,-0.1997528,0.9692993,0.03019866,0.002208756,-0.02334108,0.03019866,0.002208756,-0.02334108,0.07844543,-0.1390533,0.9871674,0.07844543,-0.1390533,0.9871674,5.452469,5.452469,True,True,True
1599945,63779589482970,-13.58297,2.592306,-0.06564116,-0.07029478,0.8962591,0.04612912,-0.4354887,-0.02759825,0.003190781,-0.02512519,0.1548767,-0.178894,0.9715881,0.03026195,0.002393585,-0.02341763,0.03026195,0.002393585,-0.02341763,0,0,0,0,0,0,-1,-1,True,True,True
1599953,63779589482970,-13.58297,2.592306,-0.06564116,-0.07029478,0.8962591,0.04612912,-0.4354887,-0.0275912,0.003281601,-0.02510422,0.1488953,-0.195343,0.9693604,0.03024498,0.002436997,-0.02315108,0.03024498,0.002436997,-0.02315108,0,0,0,0,0,0,-1,-1,True,True,True
1599961,63779589482981,-13.58295,2.592294,-0.06566501,-0.07021067,0.8962846,0.0459926,-0.4354643,-0.02759453,0.003437302,-0.02512505,0.1600342,-0.1990662,0.9668274,0.03025047,0.002666763,-0.02347234,0.03025047,0.002666763,-0.02347234,0,0,0,0,0,0,-1,-1,True,True,True
1599970,63779589482981,-13.58295,2.592294,-0.06566501,-0.07021067,0.8962846,0.0459926,-0.4354643,-0.001,-0.001,-0.001,1,-1,-1,0.03119702,0.001252518,-0.02210445,0.03119702,0.001252518,-0.02210445,0,0,0,0,0,0,-1,-1,False,True,True
1599978,63779589483003,-13.58301,2.592278,-0.06561357,-0.07022036,0.8962686,0.04583639,-0.435512,-0.001,-0.001,-0.001,1,-1,-1,0.03119702,0.001252518,-0.02210445,0.03119702,0.001252518,-0.02210445,0,0,0,0,0,0,-1,-1,False,False,False
1599986,63779589483008,-13.583,2.592192,-0.0656544,-0.07027581,0.8962784,0.04568486,-0.4354989,-0.001,-0.001,-0.001,1,-1,-1,0.03080313,0.001121918,-0.02212097,0.03080313,0.001121918,-0.02212097,0,0,0,0,0,0,-1,-1,False,True,True
1599995,63779589483015,-13.5831,2.59217,-0.06568539,-0.07025053,0.896279,0.04554603,-0.4355161,-0.001,-0.001,-0.001,1,-1,-1,0.03116588,0.001074753,-0.02213376,0.03116588,0.001074753,-0.02213376,0,0,0,0,0,0,-1,-1,False,True,True
1600003,63779589483021,-13.5831,2.592132,-0.06570446,-0.07016893,0.8962983,0.04546179,-0.4354983,-0.001,-0.001,-0.001,1,-1,-1,0.03270253,0.001290741,-0.0219175,0.03270253,0.001290741,-0.0219175,0,0,0,0,0,0,-1,-1,False,True,True
1600011,63779589483033,-13.58309,2.592143,-0.06577921,-0.07027455,0.8962603,0.04522143,-0.4355846,-0.001,-0.001,-0.001,1,-1,-1,0.03166982,0.0008840943,-0.02222014,0.03166982,0.0008840943,-0.02222014,0,0,0,0,0,0,-1,-1,False,True,True
1600020,63779589483043,-13.5831,2.592103,-0.06581277,-0.07023171,0.8962667,0.04503167,-0.435598,-0.001,-0.001,-0.001,1,-1,-1,0.03210188,0.001114548,-0.02225063,0.03210188,0.001114548,-0.02225063,0,0,0,0,0,0,-1,-1,False,True,True
1600028,63779589483043,-13.5831,2.592103,-0.06581277,-0.07023171,0.8962667,0.04503167,-0.435598,-0.001,-0.001,-0.001,1,-1,-1,0.03194698,0.000631958,-0.022459,0.03194698,0.000631958,-0.022459,0,0,0,0,0,0,-1,-1,False,True,True
1600036,63779589483055,-13.5831,2.59206,-0.06583464,-0.07025567,0.8962651,0.0449313,-0.4356076,-0.001,-0.001,-0.001,1,-1,-1,0.03213782,0.002059494,-0.02202753,0.03213782,0.002059494,-0.02202753,0,0,0,0,0,0,-1,-1,False,True,True
1600045,63779589483066,-13.58315,2.592015,-0.0658527,-0.0703008,0.8962834,0.04470134,-0.4355866,-0.001,-0.001,-0.001,1,-1,-1,0.03039826,0.001461899,-0.01584831,0.03039826,0.001461899,-0.01584831,0,0,0,0,0,0,-1,-1,False,True,True
1600053,63779589483077,-13.58313,2.592,-0.06585675,-0.0703122,0.8963168,0.04451578,-0.4355351,-0.001,-0.001,-0.001,1,-1,-1,0.03014894,0.003214645,-0.0235069,0.03014894,0.003214645,-0.0235069,0,0,0,0,0,0,-1,-1,False,True,True
1600061,63779589483088,-13.58315,2.591984,-0.06586111,-0.07028577,0.8963072,0.04440293,-0.4355706,-0.001,-0.001,-0.001,1,-1,-1,0.02989652,0.002886383,-0.02183087,0.02989652,0.002886383,-0.02183087,0,0,0,0,0,0,-1,-1,False,True,True
1600070,63779589483088,-13.58315,2.591984,-0.06586111,-0.07028577,0.8963072,0.04440293,-0.4355706,-0.001,-0.001,-0.001,1,-1,-1,0.02979633,0.002594986,-0.02049556,0.02979633,0.002594986,-0.02049556,0,0,0,0,0,0,-1,-1,False,True,True
1600078,63779589483100,-13.58314,2.591936,-0.06586909,-0.07013248,0.8963072,0.04426898,-0.4356089,-0.001,-0.001,-0.001,1,-1,-1,0.0305363,0.002228104,-0.01921562,0.0305363,0.002228104,-0.01921562,0,0,0,0,0,0,-1,-1,False,True,True
1600086,63779589483111,-13.58314,2.591985,-0.06589085,-0.07020562,0.8962722,0.04415718,-0.4356804,-0.001,-0.001,-0.001,1,-1,-1,0.0304428,0.001910889,-0.0177979,0.0304428,0.001910889,-0.0177979,0,0,0,0,0,0,-1,-1,False,True,True
1600095,63779589483121,-13.58308,2.591973,-0.06589186,-0.07013828,0.8962539,0.04402369,-0.4357424,-0.001,-0.001,-0.001,1,-1,-1,0.03017944,0.002746781,-0.02175339,0.03017944,0.002746781,-0.02175339,0,0,0,0,0,0,-1,-1,False,True,True
1600103,63779589483121,-13.58308,2.591973,-0.06589186,-0.07013828,0.8962539,0.04402369,-0.4357424,-0.001,-0.001,-0.001,1,-1,-1,0.03013948,0.00283403,-0.02257088,0.03013948,0.00283403,-0.02257088,0,0,0,0,0,0,-1,-1,False,True,True
1600111,63779589483133,-13.5831,2.592005,-0.06587029,-0.07022848,0.8962424,0.04392833,-0.4357612,-0.001,-0.001,-0.001,1,-1,-1,0.03013916,0.002762802,-0.02245503,0.03013916,0.002762802,-0.02245503,0,0,0,0,0,0,-1,-1,False,True,True
1600120,63779589483144,-13.58312,2.591985,-0.06590903,-0.07022598,0.8962042,0.04394348,-0.4358387,-0.001,-0.001,-0.001,1,-1,-1,0.03011495,0.002741882,-0.02239494,0.03011495,0.002741882,-0.02239494,0,0,0,0,0,0,-1,-1,False,True,True
1600128,63779589483155,-13.58306,2.591975,-0.06594878,-0.0703169,0.8961201,0.04409697,-0.4359813,-0.02788216,0.003757569,-0.02515117,0.2015381,-0.05967712,0.9776459,0.03010098,0.002722717,-0.02245145,0.03010098,0.002722717,-0.02245145,0,0,0,0,0,0,-1,-1,True,True,True
1600136,63779589483155,-13.58306,2.591975,-0.06594878,-0.0703169,0.8961201,0.04409697,-0.4359813,-0.02788639,0.003746277,-0.02516617,0.2073212,-0.04484558,0.9772339,0.03011263,0.002700226,-0.02240105,0.03011263,0.002700226,-0.02240105,0.1586609,-0.001037598,0.9873199,0.1586609,-0.001037598,0.9873199,5.365906,5.365906,True,True,True
1600145,63779589483166,-13.58306,2.591989,-0.06602287,-0.07039636,0.89609,0.0442178,-0.4360183,-0.02790532,0.003724396,-0.02516228,0.2091827,-0.06141663,0.9759369,0.03009126,0.002698364,-0.02249237,0.03009126,0.002698364,-0.02249237,0.1473389,0.03590393,0.9884186,0.1473389,0.03590393,0.9884186,5.586411,5.586411,True,True,True
1600153,63779589483177,-13.58306,2.59207,-0.06606746,-0.07056417,0.8960547,0.04444911,-0.4360401,-0.02792089,0.003704285,-0.02516585,0.1980591,-0.05088806,0.9788666,0.03009973,0.002636994,-0.02225356,0.03009973,0.002636994,-0.02225356,0.1446075,0.001800537,0.9894714,0.1446075,0.001800537,0.9894714,5.44487,5.44487,True,True,True
1600161,63779589483177,-13.58306,2.59207,-0.06606746,-0.07056417,0.8960547,0.04444911,-0.4360401,-0.02792046,0.003691117,-0.0251646,0.1971588,-0.05473328,0.9788361,0.03010541,0.00261969,-0.02224706,0.03010541,0.00261969,-0.02224706,0.1639252,-0.0004577637,0.9864655,0.1639252,-0.0004577637,0.9864655,5.497742,5.497742,True,True,True
1600170,63779589483188,-13.58314,2.592103,-0.06610543,-0.07069851,0.8959962,0.04455598,-0.4361276,-0.02743732,0.003671189,-0.025131,0.1962128,-0.06369019,0.9784851,0.03010338,0.002516709,-0.02186082,0.03010338,0.002516709,-0.02186082,0.1652679,-0.01759338,0.986084,0.1652679,-0.01759338,0.986084,5.419312,5.419312,True,True,True
1600178,63779589483199,-13.58315,2.592096,-0.0660919,-0.07081968,0.8959198,0.04456593,-0.4362639,-0.02587743,0.003624237,-0.02506856,0.1981659,-0.04977417,0.9788971,0.03009949,0.002558914,-0.02215082,0.03009949,0.002558914,-0.02215082,0.155777,-0.00340271,0.9877777,0.155777,-0.00340271,0.9877777,5.384796,5.384796,True,True,True
1600186,63779589483210,-13.58319,2.592106,-0.06611389,-0.07087772,0.8959286,0.04439075,-0.4362542,-0.02586359,0.003626007,-0.02505182,0.1928101,-0.06092834,0.9793396,0.0301057,0.002532745,-0.02209426,0.0301057,0.002532745,-0.02209426,0.151062,6.103516E-05,0.9885101,0.151062,6.103516E-05,0.9885101,5.404099,5.404099,True,True,True
1600195,63779589483210,-13.58319,2.592106,-0.06611389,-0.07087772,0.8959286,0.04439075,-0.4362542,-0.02752196,0.003653855,-0.02513435,0.1843872,-0.0544281,0.9813385,0.03012285,0.002376312,-0.02163437,0.03012285,0.002376312,-0.02163437,0.1486511,-0.01393127,0.9887848,0.1486511,-0.01393127,0.9887848,5.267029,5.267029,True,True,True
1600203,63779589483221,-13.58323,2.592126,-0.06607324,-0.07086787,0.8959628,0.04427206,-0.4361976,-0.02778127,0.003661316,-0.02517655,0.2035065,-0.03753662,0.9783478,0.03011098,0.002396393,-0.02171976,0.03011098,0.002396393,-0.02171976,0.1616974,-0.007293701,0.9868011,0.1616974,-0.007293701,0.9868011,5.472168,5.472168,True,True,True
1600211,63779589483232,-13.5833,2.592087,-0.06605744,-0.07071608,0.8959685,0.04414904,-0.436223,-0.02781911,0.003650528,-0.02517499,0.1970215,-0.04393005,0.9794006,0.03010613,0.002407242,-0.02178461,0.03010613,0.002407242,-0.02178461,0.1393585,-0.0100708,0.9901886,0.1393585,-0.0100708,0.9901886,5.344864,5.344864,True,True,True
1600220,63779589483243,-13.58335,2.592096,-0.066073,-0.07059356,0.8960437,0.04402521,-0.4361008,-0.02778587,0.003638214,-0.0251714,0.1972504,-0.04003906,0.9795227,0.03010527,0.002414444,-0.0218085,0.03010527,0.002414444,-0.0218085,0.1417694,-0.003494263,0.9898834,0.1417694,-0.003494263,0.9898834,5.327011,5.327011,True,True,True
1600228,63779589483243,-13.58335,2.592096,-0.066073,-0.07059356,0.8960437,0.04402521,-0.4361008,-0.02723882,0.003625977,-0.02514191,0.1978912,-0.03707886,0.9795074,0.03009735,0.002420166,-0.02187326,0.03009735,0.002420166,-0.02187326,0.136795,-0.00831604,0.9905548,0.136795,-0.00831604,0.9905548,5.336151,5.336151,True,True,True
1600236,63779589483255,-13.58335,2.59212,-0.06609344,-0.07054167,0.8960836,0.04382882,-0.4360472,-0.02576827,0.003595108,-0.02506056,0.1949158,-0.03681946,0.9801178,0.03009102,0.002441193,-0.02194942,0.03009102,0.002441193,-0.02194942,0.1428223,-0.006393433,0.9897156,0.1428223,-0.006393433,0.9897156,5.351883,5.351883,True,True,True
1600245,63779589483266,-13.58333,2.592116,-0.06609529,-0.07047662,0.8961701,0.04368341,-0.4358944,-0.02025333,0.003477478,-0.02474326,0.1902313,-0.03288269,0.9811859,0.03009735,0.002420166,-0.02187326,0.03009735,0.002420166,-0.02187326,0.1517181,-0.007919312,0.9883881,0.1517181,-0.007919312,0.9883881,5.341522,5.341522,True,True,True
1600253,63779589483277,-13.58335,2.592053,-0.0660814,-0.0703471,0.8962194,0.04358668,-0.4358237,-0.02456781,0.003574219,-0.02496733,0.1986694,-0.03517151,0.9794312,0.03011177,0.002327393,-0.0215669,0.03011177,0.002327393,-0.0215669,0.1602783,-0.00302124,0.9870605,0.1602783,-0.00302124,0.9870605,5.439957,5.439957,True,True,True
1600261,63779589483277,-13.58335,2.592053,-0.0660814,-0.0703471,0.8962194,0.04358668,-0.4358237,-0.02272084,0.003528092,-0.02485532,0.1908875,-0.0315094,0.9810944,0.0300992,0.00233522,-0.02161887,0.0300992,0.00233522,-0.02161887,0.1560669,0.006546021,0.9877167,0.1560669,0.006546021,0.9877167,5.355453,5.355453,True,True,True
1600270,63779589483288,-13.58331,2.592023,-0.06609476,-0.07036851,0.8962555,0.04354139,-0.4357506,-0.01929627,0.003456955,-0.02465352,0.1887665,-0.02464294,0.9817047,0.03009366,0.002346939,-0.02167081,0.03009366,0.002346939,-0.02167081,0.151947,0.004730225,0.9883728,0.151947,0.004730225,0.9883728,5.372864,5.372864,True,True,True
1600278,63779589483300,-13.58324,2.59204,-0.06611621,-0.07026025,0.8963323,0.04338553,-0.4356255,-0.01730921,0.003416733,-0.02453626,0.1843262,-0.0269165,0.9824829,0.03008814,0.002358673,-0.02172273,0.03008814,0.002358673,-0.02172273,0.1487885,0.002929688,0.9888611,0.1487885,0.002929688,0.9888611,5.390457,5.390457,True,True,True
1600286,63779589483310,-13.58324,2.592024,-0.06611311,-0.07023197,0.8963743,0.04340899,-0.4355412,-0.01711224,0.003381027,-0.0245452,0.1908722,-0.01719666,0.9814606,0.03008762,0.002359634,-0.02172554,0.03008762,0.002359634,-0.02172554,0.1508179,0.0004119873,0.9885559,0.1508179,0.0004119873,0.9885559,5.387512,5.387512,True,True,True
1600295,63779589483310,-13.58324,2.592024,-0.06611311,-0.07023197,0.8963743,0.04340899,-0.4355412,-0.01688679,0.00337616,-0.02453284,0.1909485,-0.01690674,0.9814453,0.0300871,0.002360596,-0.02172835,0.0300871,0.002360596,-0.02172835,0.148468,0.0008850098,0.9889069,0.148468,0.0008850098,0.9889069,5.386017,5.386017,True,True,True
1600303,63779589483321,-13.58329,2.591991,-0.0661025,-0.07016471,0.8964071,0.04329091,-0.4354965,-0.01516049,0.003338471,-0.02442972,0.1904144,-0.01605225,0.9815674,0.03008725,0.002359634,-0.02172554,0.03008725,0.002359634,-0.02172554,0.1500397,0.001327515,0.9886627,0.1500397,0.001327515,0.9886627,5.38707,5.38707,True,True,True
1600311,63779589483333,-13.58329,2.591977,-0.06616992,-0.07014462,0.8964362,0.04315013,-0.4354538,-0.009017716,0.003205399,-0.02406116,0.1841888,-0.01487732,0.9827728,0.03008742,0.002358673,-0.02172273,0.03008742,0.002358673,-0.02172273,0.150116,0.001022339,0.9886627,0.150116,0.001022339,0.9886627,5.386505,5.386505,True,True,True
1600320,63779589483344,-13.58329,2.591975,-0.06614459,-0.07009093,0.8964208,0.04290079,-0.4355189,-0.002704682,0.003068344,-0.02368129,0.1794128,-0.01332092,0.9836731,0.03008763,0.00235762,-0.02171834,0.03008763,0.00235762,-0.02171834,0.1509094,0.0006866455,0.9885406,0.1509094,0.0006866455,0.9885406,5.38298,5.38298,True,True,True
1600328,63779589483344,-13.58329,2.591975,-0.06614459,-0.07009093,0.8964208,0.04290079,-0.4355189,0.000116333,0.003009903,-0.02350807,0.1772156,-0.01382446,0.9840698,0.03008742,0.002356567,-0.02171393,0.03008742,0.002356567,-0.02171393,0.1516418,0.0004272461,0.9884338,0.1516418,0.0004272461,0.9884338,5.386871,5.386871,True,True,True
1600336,63779589483355,-13.58327,2.591994,-0.06605458,-0.07005528,0.8964427,0.04290527,-0.435479,0.002655396,0.002930679,-0.02331044,0.1761627,-0.01112366,0.9842834,0.03005339,0.002315476,-0.02163779,0.03005339,0.002315476,-0.02163779,0.1597443,0.006240845,0.9871368,0.1597443,0.006240845,0.9871368,5.405594,5.405594,True,True,True
1600345,63779589483366,-13.58328,2.591988,-0.06602353,-0.0699753,0.8964645,0.04267448,-0.4354695,-0.01426726,0.003240555,-0.02429637,0.2339325,-0.01280212,0.9721527,0.02985987,0.00215654,-0.021226,0.02985987,0.00215654,-0.021226,0.1821136,0.01399231,0.9831696,0.1821136,0.01399231,0.9831696,5.384125,5.384125,True,True,True
1600353,63779589483377,-13.58325,2.592004,-0.06600493,-0.07009774,0.8964534,0.04253041,-0.4354869,-0.01250893,0.003247818,-0.02441725,0.2984161,-0.007797241,0.9543915,0.02951398,0.002349869,-0.02188754,0.02951398,0.002349869,-0.02188754,0.255188,0.01055908,0.9668274,0.255188,0.01055908,0.9668274,5.414978,5.414978,True,True,True
1600361,63779589483377,-13.58325,2.592004,-0.06600493,-0.07009774,0.8964534,0.04253041,-0.4354869,-0.007092118,0.003174256,-0.02420181,0.3417358,0.002624512,0.9397888,0.02907135,0.00241597,-0.02204034,0.02907135,0.00241597,-0.02204034,0.3022766,0.02528381,0.9528809,0.3022766,0.02528381,0.9528809,5.371674,5.371674,True,True,True
1600370,63779589483389,-13.58324,2.592031,-0.06604254,-0.07012935,0.8964617,0.04236944,-0.4354802,-0.009726593,0.003279892,-0.02448035,0.4097748,0.005523682,0.9121552,0.02875397,0.002479645,-0.02215758,0.02875397,0.002479645,-0.02215758,0.3862457,0.02487183,0.9220428,0.3862457,0.02487183,0.9220428,5.518936,5.518936,True,True,True
1600378,63779589483400,-13.58331,2.592078,-0.06599987,-0.0701177,0.8965153,0.04224,-0.4353845,-0.01565294,0.003447663,-0.0249599,0.4580841,0.00100708,0.8889008,0.0284444,0.002583496,-0.02231087,0.0284444,0.002583496,-0.02231087,0.4367065,0.04528809,0.8984528,0.4367065,0.04528809,0.8984528,5.520386,5.520386,True,True,True
1600386,63779589483412,-13.58339,2.592062,-0.06595755,-0.07017914,0.8964825,0.04208319,-0.4354573,-0.01721381,0.003530319,-0.0251931,0.5047455,0.01609802,0.8630981,0.02815515,0.002582047,-0.02243524,0.02815515,0.002582047,-0.02243524,0.4606018,0.05627441,0.8858185,0.4606018,0.05627441,0.8858185,5.566101,5.566101,True,True,True
1600395,63779589483412,-13.58339,2.592062,-0.06595755,-0.07017914,0.8964825,0.04208319,-0.4354573,-0.02021085,0.003623963,-0.02546169,0.5349579,-0.0001831055,0.8448639,0.02797032,0.002650238,-0.02255264,0.02797032,0.002650238,-0.02255264,0.5126038,0.06480408,0.8561707,0.5126038,0.06480408,0.8561707,5.560165,5.560165,True,True,True
1600403,63779589483423,-13.58342,2.592032,-0.06588602,-0.07023504,0.8964937,0.04214448,-0.4354193,-0.02103104,0.003665054,-0.02560733,0.5541687,0.01025391,0.8323212,0.02773746,0.002698334,-0.02269438,0.02773746,0.002698334,-0.02269438,0.5396423,0.07614136,0.8384399,0.5396423,0.07614136,0.8384399,5.618637,5.618637,True,True,True
1600411,63779589483434,-13.58352,2.592008,-0.06584829,-0.07029688,0.8965037,0.0419788,-0.4354045,-0.02228421,0.003727448,-0.0257661,0.5800018,-4.577637E-05,0.8146057,0.02762569,0.002724564,-0.02276732,0.02762569,0.002724564,-0.02276732,0.5578766,0.07998657,0.8260498,0.5578766,0.07998657,0.8260498,5.666,5.666,True,True,True
1600420,63779589483445,-13.58356,2.591965,-0.06577438,-0.07048498,0.8964435,0.04208769,-0.4354877,-0.02130698,0.003714844,-0.02572514,0.5773163,0.01290894,0.8164063,0.02762706,0.002731369,-0.02276058,0.02762706,0.002731369,-0.02276058,0.5590668,0.07444763,0.8257599,0.5590668,0.07444763,0.8257599,5.704132,5.704132,True,True,True
1600428,63779589483445,-13.58356,2.591965,-0.06577438,-0.07048498,0.8964435,0.04208769,-0.4354877,-0.00747194,0.003430512,-0.02489218,0.5737,0.02996826,0.8184967,0.02764406,0.002721405,-0.02274527,0.02764406,0.002721405,-0.02274527,0.553299,0.07369995,0.8296967,0.553299,0.07369995,0.8296967,5.56781,5.56781,True,True,True
1600436,63779589483457,-13.58361,2.591959,-0.06572032,-0.07053484,0.8964037,0.04205535,-0.4355646,-0.005532654,0.003384934,-0.02477544,0.5801392,0.02204895,0.814209,0.02765462,0.002727967,-0.02277519,0.02765462,0.002727967,-0.02277519,0.575058,0.0749054,0.8146667,0.575058,0.0749054,0.8146667,5.594482,5.594482,True,True,True
1600444,63779589483468,-13.58362,2.591922,-0.06565511,-0.07070581,0.8963326,0.04207893,-0.435681,-0.002542664,0.003319245,-0.02460065,0.5786743,0.02822876,0.8150482,0.02763934,0.002716492,-0.02278464,0.02763934,0.002716492,-0.02278464,0.5729218,0.0791626,0.8157654,0.5729218,0.0791626,0.8157654,5.652603,5.652603,True,True,True
1600453,63779589483468,-13.58362,2.591922,-0.06565511,-0.07070581,0.8963326,0.04207893,-0.435681,0.000150589,0.003263413,-0.02443364,0.5707245,0.04447937,0.8199158,0.02764711,0.002707718,-0.02275784,0.02764711,0.002707718,-0.02275784,0.5616455,0.0766449,0.8238068,0.5616455,0.0766449,0.8238068,5.666107,5.666107,True,True,True
1600461,63779589483479,-13.58366,2.591927,-0.06559342,-0.07058206,0.8962662,0.0419947,-0.4358456,0.006091218,0.003140534,-0.02406932,0.5692444,0.04962158,0.8206482,0.02765915,0.002704315,-0.02275571,0.02765915,0.002704315,-0.02275571,0.5625305,0.07920837,0.8229675,0.5625305,0.07920837,0.8229675,5.638092,5.638092,True,True,True
1600469,63779589483490,-13.58361,2.591922,-0.06550831,-0.07072097,0.8961803,0.04205321,-0.4359942,0.006870667,0.003127167,-0.02400925,0.5647583,0.05123901,0.8236542,0.0276622,0.002708863,-0.02273371,0.0276622,0.002708863,-0.02273371,0.5557251,0.0743866,0.8280182,0.5557251,0.0743866,0.8280182,5.640396,5.640396,True,True,True
1600478,63779589483501,-13.58362,2.591926,-0.06545287,-0.07063111,0.896116,0.04199423,-0.4361466,0.0008918305,0.003218964,-0.02439263,0.568161,0.04682922,0.8215637,0.02764607,0.002656265,-0.02276788,0.02764607,0.002656265,-0.02276788,0.5576324,0.08657837,0.8255463,0.5576324,0.08657837,0.8255463,5.669296,5.669296,True,True,True
1600486,63779589483501,-13.58362,2.591926,-0.06545287,-0.07063111,0.896116,0.04199423,-0.4361466,-0.0003289795,0.003243378,-0.02446587,0.5654297,0.04826355,0.8233795,0.02764868,0.002654129,-0.02276415,0.02764868,0.002654129,-0.02276415,0.5519562,0.08840942,0.8291626,0.5519562,0.08840942,0.8291626,5.646225,5.646225,True,True,True
1600494,63779589483514,-13.58366,2.591959,-0.06535196,-0.07054042,0.8960447,0.04193049,-0.4363137,0.003795212,0.003157089,-0.02421269,0.5668335,0.05160522,0.8222046,0.02764607,0.002656265,-0.02276041,0.02764607,0.002656265,-0.02276041,0.5574341,0.08592224,0.8257446,0.5574341,0.08592224,0.8257446,5.643585,5.643585,True,True,True
1600503,63779589483524,-13.5837,2.591951,-0.06530488,-0.07063774,0.895951,0.04187123,-0.4364962,0.002830841,0.003185639,-0.02426909,0.5657043,0.0453186,0.823349,0.02764272,0.002672119,-0.02275659,0.02764272,0.002672119,-0.02275659,0.5545502,0.07939148,0.8283386,0.5545502,0.07939148,0.8283386,5.646927,5.646927,True,True,True
1600511,63779589483536,-13.58373,2.591965,-0.06522542,-0.07065498,0.8958665,0.04176717,-0.4366767,0.001399368,0.003223572,-0.0243544,0.5653839,0.04312134,0.8236847,0.02764504,0.002687988,-0.02275278,0.02764504,0.002687988,-0.02275278,0.5531921,0.07643127,0.8295288,0.5531921,0.07643127,0.8295288,5.640091,5.640091,True,True,True
1600519,63779589483536,-13.58373,2.591965,-0.06522542,-0.07065498,0.8958665,0.04176717,-0.4366767,0.001138855,0.003228622,-0.02436817,0.5653381,0.04455566,0.8236389,0.02764555,0.002688111,-0.0227487,0.02764555,0.002688111,-0.0227487,0.5532532,0.07705688,0.829422,0.5532532,0.07705688,0.829422,5.648666,5.648666,True,True,True
1600528,63779589483547,-13.58383,2.591911,-0.06516707,-0.07073982,0.8957855,0.04187255,-0.4368191,0.001015259,0.003230561,-0.02437364,0.5653687,0.04371643,0.8236694,0.02764607,0.002688248,-0.02274463,0.02764607,0.002688248,-0.02274463,0.5531769,0.07772827,0.829422,0.5531769,0.07772827,0.829422,5.641632,5.641632,True,True,True
1600536,63779589483558,-13.58383,2.591927,-0.06512684,-0.0708322,0.8956829,0.04193691,-0.4370082,-0.001807449,0.003288727,-0.02454846,0.5657349,0.0418396,0.8235168,0.02764778,0.002688111,-0.0227487,0.02764778,0.002688111,-0.0227487,0.5513611,0.07888794,0.8305054,0.5513611,0.07888794,0.8305054,5.635956,5.635956,True,True,True
1600544,63779589483570,-13.58384,2.591942,-0.06503028,-0.07072338,0.8956484,0.04188821,-0.4371013,-0.001824722,0.003289032,-0.02455179,0.5648651,0.04197693,0.8240967,0.02764951,0.002687988,-0.02275278,0.02764951,0.002687988,-0.02275278,0.54953,0.07888794,0.8317261,0.54953,0.07888794,0.8317261,5.628906,5.628906,True,True,True
1600553,63779589483570,-13.58384,2.591942,-0.06503028,-0.07072338,0.8956484,0.04188821,-0.4371013,-0.001568436,0.003276016,-0.02453717,0.5652313,0.04495239,0.8237,0.02764997,0.002672119,-0.0227544,0.02764997,0.002672119,-0.0227544,0.5504303,0.08401489,0.8306274,0.5504303,0.08401489,0.8306274,5.639465,5.639465,True,True,True
1600561,63779589483581,-13.58388,2.591995,-0.06494248,-0.07071667,0.8955632,0.04198251,-0.437268,-0.001369034,0.003264374,-0.02452541,0.5648804,0.04774475,0.8237762,0.02765042,0.002656265,-0.02275505,0.02765042,0.002656265,-0.02275505,0.5498199,0.08772278,0.8306427,0.5498199,0.08772278,0.8306427,5.646774,5.646774,True,True,True
1600569,63779589483592,-13.58392,2.592006,-0.06486684,-0.0706746,0.8955024,0.04207412,-0.4373904,-0.0004455719,0.003244263,-0.02446928,0.5644379,0.04992676,0.8239594,0.02765086,0.002654129,-0.02275536,0.02765086,0.002654129,-0.02275536,0.5498505,0.08827209,0.8305817,0.5498505,0.08827209,0.8305817,5.642578,5.642578,True,True,True
1600578,63779589483603,-13.584,2.59201,-0.06478757,-0.07068099,0.8954359,0.04228135,-0.4375053,-0.0002909851,0.003239273,-0.02446056,0.5644226,0.05070496,0.8239136,0.02765131,0.002651993,-0.02275531,0.02765131,0.002651993,-0.02275531,0.5499573,0.08894348,0.8304291,0.5499573,0.08894348,0.8304291,5.648026,5.648026,True,True,True
1600586,63779589483603,-13.584,2.59201,-0.06478757,-0.07068099,0.8954359,0.04228135,-0.4375053,-0.0004420471,0.00324176,-0.02447015,0.5648651,0.05142212,0.8235626,0.02765692,0.002650513,-0.02275517,0.02765692,0.002650513,-0.02275517,0.5506439,0.0899353,0.8298645,0.5506439,0.0899353,0.8298645,5.645111,5.645111,True,True,True
1600594,63779589483615,-13.58401,2.592049,-0.06478137,-0.07073577,0.8953716,0.04242358,-0.4376144,-0.0004782868,0.003241913,-0.02447248,0.5635681,0.05157471,0.8244476,0.02766252,0.002649384,-0.02275505,0.02766252,0.002649384,-0.02275505,0.5513458,0.09082031,0.8293152,0.5513458,0.09082031,0.8293152,5.642197,5.642197,True,True,True
1600603,63779589483626,-13.58398,2.592057,-0.06473124,-0.07073978,0.8953273,0.04258744,-0.4376884,-0.0006014404,0.003243897,-0.02447972,0.5632324,0.05148315,0.8246765,0.02766431,0.002649109,-0.0227544,0.02766431,0.002649109,-0.0227544,0.5505066,0.0907135,0.8298798,0.5505066,0.0907135,0.8298798,5.631729,5.631729,True,True,True
1600611,63779589483637,-13.584,2.592148,-0.0646686,-0.07082453,0.8952497,0.04286291,-0.4378067,-0.0007008057,0.003246002,-0.0244854,0.5648956,0.05130005,0.8235474,0.02766565,0.002649109,-0.02275348,0.02766565,0.002649109,-0.02275348,0.5508423,0.08963013,0.8297729,0.5508423,0.08963013,0.8297729,5.631058,5.631058,True,True,True
1600619,63779589483637,-13.584,2.592148,-0.0646686,-0.07082453,0.8952497,0.04286291,-0.4378067,-0.0007063294,0.00324614,-0.02448598,0.5641632,0.05177307,0.8240204,0.02766991,0.002649033,-0.02275348,0.02766991,0.002649033,-0.02275348,0.5518341,0.08973694,0.8291016,0.5518341,0.08973694,0.8291016,5.629669,5.629669,True,True,True
1600628,63779589483648,-13.58402,2.592176,-0.06460309,-0.07088316,0.8952029,0.04307739,-0.4378718,-0.0006981354,0.003246124,-0.0244865,0.5648346,0.05221558,0.8235321,0.02767053,0.002648972,-0.02275348,0.02767053,0.002648972,-0.02275348,0.5492706,0.08946228,0.8308258,0.5492706,0.08946228,0.8308258,5.62326,5.62326,True,True,True
1600636,63779589483658,-13.58407,2.592193,-0.0645076,-0.07093269,0.8951719,0.04329817,-0.4379054,-0.0007092286,0.003246155,-0.02448743,0.5648956,0.05322266,0.8234253,0.02767128,0.002648407,-0.02275348,0.02767128,0.002648407,-0.02275348,0.5477142,0.08940125,0.8318634,0.5477142,0.08940125,0.8318634,5.621613,5.621613,True,True,True
1600644,63779589483670,-13.5841,2.592229,-0.0644961,-0.07102565,0.8951365,0.04353236,-0.4379394,0.002067932,0.003188126,-0.02431821,0.5637817,0.05667114,0.8239594,0.02767642,0.002648407,-0.02275348,0.02767642,0.002648407,-0.02275348,0.5474091,0.08937073,0.8320618,0.5474091,0.08937073,0.8320618,5.621506,5.621506,True,True,True
1600653,63779589483670,-13.5841,2.592229,-0.0644961,-0.07102565,0.8951365,0.04353236,-0.4379394,0.002049088,0.003188645,-0.02431952,0.5641327,0.0566864,0.8237152,0.02767854,0.002648407,-0.02275348,0.02767854,0.002648407,-0.02275348,0.5475922,0.08938599,0.8319397,0.5475922,0.08938599,0.8319397,5.621857,5.621857,True,True,True
1600661,63779589483681,-13.58411,2.592259,-0.06446677,-0.07112051,0.895089,0.04378013,-0.4379964,0.002236069,0.003185349,-0.02430774,0.5644836,0.05680847,0.8234711,0.02768109,0.002648972,-0.02275154,0.02768109,0.002648972,-0.02275154,0.548172,0.08903503,0.831604,0.548172,0.08903503,0.831604,5.615997,5.615997,True,True,True
1600669,63779589483692,-13.58415,2.592269,-0.06445557,-0.07112025,0.8951371,0.04404697,-0.4378714,0.002359238,0.003182816,-0.02429985,0.5636444,0.05645752,0.8240662,0.0276834,0.002649033,-0.02275049,0.0276834,0.002649033,-0.02275049,0.5479126,0.08843994,0.8318329,0.5479126,0.08843994,0.8318329,5.615128,5.615128,True,True,True
1600678,63779589483703,-13.58415,2.592299,-0.06442344,-0.07114974,0.8951333,0.04426162,-0.4378529,0.002386109,0.003182358,-0.02429915,0.5632324,0.05665588,0.8243408,0.02768852,0.002649109,-0.02275035,0.02768852,0.002649109,-0.02275035,0.5469971,0.08766174,0.8325195,0.5469971,0.08766174,0.8325195,5.612366,5.612366,True,True,True
1600686,63779589483703,-13.58415,2.592299,-0.06442344,-0.07114974,0.8951333,0.04426162,-0.4378529,0.002425934,0.003181732,-0.02429488,0.5637054,0.05535889,0.8240967,0.02769205,0.002649384,-0.02274625,0.02769205,0.002649384,-0.02274625,0.5478058,0.08622742,0.8321381,0.5478058,0.08622742,0.8321381,5.60257,5.60257,True,True,True
1600694,63779589483715,-13.58407,2.592382,-0.06434941,-0.07122773,0.8951931,0.04441994,-0.4377018,0.002339233,0.003183685,-0.02429855,0.5642853,0.05517578,0.8237305,0.02769559,0.002649536,-0.02274306,0.02769559,0.002649536,-0.02274306,0.5487061,0.08607483,0.8315582,0.5487061,0.08607483,0.8315582,5.603867,5.603867,True,True,True
1600703,63779589483726,-13.58407,2.592476,-0.06425351,-0.07128913,0.8951864,0.0446244,-0.4376845,0.002502426,0.003186539,-0.02428212,0.565918,0.05340576,0.8227234,0.02770807,0.002659744,-0.02273023,0.02770807,0.002659744,-0.02273023,0.5518188,0.08277893,0.829834,0.5518188,0.08277893,0.829834,5.602112,5.602112,True,True,True
1600711,63779589483736,-13.58407,2.592523,-0.0641861,-0.0711835,0.8952308,0.04474099,-0.437599,0.001239227,0.003213211,-0.02435924,0.5672607,0.05117798,0.8219452,0.02770906,0.00266005,-0.0227289,0.02770906,0.00266005,-0.0227289,0.5529022,0.08276367,0.8291168,0.5529022,0.08276367,0.8291168,5.603577,5.603577,True,True,True
1600719,63779589483736,-13.58407,2.592523,-0.0641861,-0.0711835,0.8952308,0.04474099,-0.437599,0.0009546357,0.003219544,-0.02437567,0.5675812,0.05049133,0.8217621,0.02771019,0.00266005,-0.02272675,0.02771019,0.00266005,-0.02272675,0.5531464,0.08227539,0.8289948,0.5531464,0.08227539,0.8289948,5.598236,5.598236,True,True,True
1600728,63779589483748,-13.58406,2.59253,-0.06409466,-0.07121343,0.8952506,0.04490209,-0.4375373,0.0006925049,0.003225235,-0.02439054,0.567215,0.04972839,0.822052,0.02771019,0.00266005,-0.02272423,0.02771019,0.00266005,-0.02272423,0.5532379,0.08213806,0.828949,0.5532379,0.08213806,0.828949,5.588898,5.588898,True,True,True
1600736,63779589483759,-13.58406,2.592564,-0.06405276,-0.0712106,0.8952324,0.04500749,-0.437564,0.0005237579,0.00322876,-0.02439891,0.5663757,0.04917908,0.8226624,0.02771019,0.00266005,-0.02272035,0.02771019,0.00266005,-0.02272035,0.5530396,0.08177185,0.8291168,0.5530396,0.08177185,0.8291168,5.579132,5.579132,True,True,True
1600744,63779589483770,-13.5841,2.592562,-0.06394851,-0.07120382,0.8952459,0.04512295,-0.4375258,0.0005375672,0.00322847,-0.0243979,0.5663452,0.04882813,0.8227081,0.02771019,0.00266005,-0.02272009,0.02771019,0.00266005,-0.02272009,0.553009,0.08180237,0.8291321,0.553009,0.08180237,0.8291321,5.575485,5.575485,True,True,True
1600753,63779589483770,-13.5841,2.592562,-0.06394851,-0.07120382,0.8952459,0.04512295,-0.4375258,0.0007225953,0.003224609,-0.02438642,0.565979,0.04907227,0.822937,0.02771019,0.00266005,-0.02271994,0.02771019,0.00266005,-0.02271994,0.5531464,0.08206177,0.8290253,0.5531464,0.08206177,0.8290253,5.574387,5.574387,True,True,True
1600761,63779589483781,-13.5841,2.592587,-0.06390345,-0.07129111,0.89525,0.04525975,-0.437489,0.001001556,0.003218781,-0.02436901,0.5658569,0.04866028,0.8230591,0.02771019,0.00266005,-0.0227196,0.02771019,0.00266005,-0.0227196,0.5531311,0.08204651,0.8290253,0.5531311,0.08204651,0.8290253,5.573242,5.573242,True,True,True
1600769,63779589483792,-13.58411,2.592607,-0.06386316,-0.07132923,0.8952591,0.04543186,-0.4374463,0.001243485,0.003213547,-0.02435398,0.5658112,0.04881287,0.8230743,0.02771019,0.002659744,-0.02271944,0.02771019,0.002659744,-0.02271944,0.5533447,0.08178711,0.8289185,0.5533447,0.08178711,0.8289185,5.563232,5.563232,True,True,True
1600778,63779589483803,-13.58417,2.592579,-0.06383866,-0.07131675,0.8952361,0.04549713,-0.4374887,0.00150763,0.003207764,-0.02433728,0.5669403,0.04873657,0.8223114,0.02771019,0.002659287,-0.02271944,0.02771019,0.002659287,-0.02271944,0.5556793,0.08114624,0.8274078,0.5556793,0.08114624,0.8274078,5.552628,5.552628,True,True,True
1600786,63779589483803,-13.58417,2.592579,-0.06383866,-0.07131675,0.8952361,0.04549713,-0.4374887,0.001690598,0.003203507,-0.02432465,0.5655518,0.04707336,0.8233643,0.02770825,0.002658508,-0.02271944,0.02770825,0.002658508,-0.02271944,0.5529022,0.07778931,0.8296051,0.5529022,0.07778931,0.8296051,5.559097,5.559097,True,True,True
1600794,63779589483814,-13.5842,2.592593,-0.06379545,-0.07122324,0.8952448,0.04551784,-0.4374839,0.00217569,0.003193253,-0.0242936,0.5652313,0.04827881,0.8235016,0.02770587,0.002657868,-0.02271928,0.02770587,0.002657868,-0.02271928,0.5528107,0.07783508,0.8296509,0.5528107,0.07783508,0.8296509,5.546204,5.546204,True,True,True
1600803,63779589483825,-13.58424,2.592598,-0.06371033,-0.07125655,0.8952261,0.04560645,-0.4375077,0.002223358,0.003192108,-0.02428961,0.5647125,0.04824829,0.8238525,0.02770468,0.002657761,-0.02271808,0.02770468,0.002657761,-0.02271808,0.5524139,0.07774353,0.8299255,0.5524139,0.07774353,0.8299255,5.533173,5.533173,True,True,True
1600811,63779589483837,-13.58425,2.592607,-0.0636673,-0.07129171,0.8952006,0.04564717,-0.4375497,0.002305451,0.003190094,-0.02428453,0.5644684,0.04856873,0.8240204,0.02770461,0.002657211,-0.02271805,0.02770461,0.002657211,-0.02271805,0.5520325,0.07704163,0.830246,0.5520325,0.07704163,0.830246,5.528152,5.528152,True,True,True
1600819,63779589483837,-13.58425,2.592607,-0.0636673,-0.07129171,0.8952006,0.04564717,-0.4375497,0.002317398,0.003189469,-0.02428369,0.5643158,0.0483551,0.8241272,0.02770364,0.002656586,-0.02271793,0.02770364,0.002656586,-0.02271793,0.5518036,0.07667542,0.8304291,0.5518036,0.07667542,0.8304291,5.527481,5.527481,True,True,True
1600828,63779589483848,-13.58428,2.592568,-0.06364179,-0.07130628,0.8951824,0.04571234,-0.4375777,0.002343185,0.003187577,-0.02428171,0.5631714,0.04840088,0.8249054,0.02770293,0.002654556,-0.02271754,0.02770293,0.002654556,-0.02271754,0.5517426,0.0769043,0.8304443,0.5517426,0.0769043,0.8304443,5.506607,5.506607,True,True,True
1600836,63779589483859,-13.58422,2.592549,-0.06363899,-0.07132805,0.895127,0.04572318,-0.4376864,0.002544296,0.003182816,-0.02426897,0.5630188,0.04867554,0.8249969,0.02770236,0.002653778,-0.02271726,0.02770236,0.002653778,-0.02271726,0.5517426,0.07699585,0.8304443,0.5517426,0.07699585,0.8304443,5.520142,5.520142,True,True,True
1600844,63779589483870,-13.58425,2.59255,-0.0635922,-0.0713798,0.8951422,0.04575966,-0.4376431,0.002460587,0.003184082,-0.02427222,0.5630188,0.04905701,0.8249817,0.02770236,0.002653183,-0.02271391,0.02770236,0.002653183,-0.02271391,0.552887,0.07710266,0.8296661,0.552887,0.07710266,0.8296661,5.521378,5.521378,True,True,True
1600853,63779589483870,-13.58425,2.59255,-0.0635922,-0.0713798,0.8951422,0.04575966,-0.4376431,0.002394684,0.00318512,-0.02427509,0.5621948,0.04856873,0.8255615,0.02770236,0.002652649,-0.02271282,0.02770236,0.002652649,-0.02271282,0.5516815,0.07641602,0.8305359,0.5516815,0.07641602,0.8305359,5.506531,5.506531,True,True,True
1600861,63779589483881,-13.58424,2.592601,-0.0635522,-0.07141312,0.8951056,0.04588896,-0.4376989,0.002355271,0.0031857,-0.02427718,0.5623016,0.04832458,0.8255005,0.02770236,0.002652176,-0.02271256,0.02770236,0.002652176,-0.02271256,0.5515137,0.07696533,0.8305969,0.5515137,0.07696533,0.8305969,5.490646,5.490646,True,True,True
1600869,63779589483892,-13.58425,2.592603,-0.06351489,-0.07147793,0.8950813,0.04590338,-0.4377365,0.004284211,0.003144715,-0.02415706,0.5604706,0.05030823,0.8266296,0.02770236,0.002651535,-0.02271082,0.02770236,0.002651535,-0.02271082,0.5511932,0.07606506,0.8308868,0.5511932,0.07606506,0.8308868,5.487473,5.487473,True,True,True
1600878,63779589483903,-13.58425,2.592635,-0.06350261,-0.07158929,0.89502,0.04595188,-0.4378386,0.004300934,0.003143997,-0.02415559,0.5598602,0.05065918,0.8270264,0.02770236,0.002651016,-0.02271016,0.02770236,0.002651016,-0.02271016,0.5506439,0.07592773,0.8312683,0.5506439,0.07592773,0.8312683,5.486755,5.486755,True,True,True
1600886,63779589483903,-13.58425,2.592635,-0.06350261,-0.07158929,0.89502,0.04595188,-0.4378386,0.004262909,0.003144669,-0.02415769,0.5601501,0.050354,0.8268433,0.02770236,0.002650788,-0.02270973,0.02770236,0.002650788,-0.02270973,0.5511932,0.07533264,0.8309631,0.5511932,0.07533264,0.8309631,5.484497,5.484497,True,True,True
1600894,63779589483914,-13.5843,2.592594,-0.06344926,-0.07156692,0.8950031,0.04606608,-0.4378648,0.004235871,0.003145035,-0.02415926,0.559845,0.0501709,0.8270721,0.02770364,0.002650452,-0.02270966,0.02770364,0.002650452,-0.02270966,0.5507813,0.07528687,0.8312378,0.5507813,0.07528687,0.8312378,5.469009,5.469009,True,True,True
1600903,63779589483925,-13.58433,2.592583,-0.06343067,-0.07154595,0.8949581,0.04615286,-0.4379511,0.004294449,0.00314357,-0.02415485,0.5588989,0.05064392,0.8276825,0.02770413,0.00265007,-0.02270943,0.02770413,0.00265007,-0.02270943,0.5504761,0.07597351,0.8313751,0.5504761,0.07597351,0.8313751,5.461258,5.461258,True,True,True
1600911,63779589483936,-13.58437,2.592595,-0.06340504,-0.07167617,0.8949143,0.0463101,-0.4380029,0.004304932,0.003143326,-0.02415277,0.5588837,0.05039978,0.8276978,0.02770477,0.00265007,-0.02270735,0.02770477,0.00265007,-0.02270735,0.5506439,0.07585144,0.8312683,0.5506439,0.07585144,0.8312683,5.461273,5.461273,True,True,True
1600919,63779589483936,-13.58437,2.592595,-0.06340504,-0.07167617,0.8949143,0.0463101,-0.4380029,0.004336914,0.003142655,-0.02415079,0.5581207,0.04953003,0.8282623,0.02770717,0.002650009,-0.02270726,0.02770717,0.002650009,-0.02270726,0.5497437,0.07511902,0.8319397,0.5497437,0.07511902,0.8319397,5.459915,5.459915,True,True,True
1600928,63779589483948,-13.58439,2.592602,-0.06340581,-0.07174616,0.8948129,0.04651142,-0.4381769,0.00438884,0.003141724,-0.02414597,0.5608826,0.0501709,0.826355,0.0277267,0.002650009,-0.02270512,0.0277267,0.002650009,-0.02270512,0.5546112,0.07620239,0.828598,0.5546112,0.07620239,0.828598,5.466843,5.466843,True,True,True
1600936,63779589483958,-13.58444,2.592658,-0.06338644,-0.07194249,0.8947895,0.04678713,-0.4381631,0.004348404,0.003142532,-0.02414778,0.5601501,0.05055237,0.826828,0.02772698,0.002650009,-0.02270409,0.02772698,0.002650009,-0.02270409,0.5546112,0.07633972,0.8285828,0.5546112,0.07633972,0.8285828,5.473068,5.473068,True,True,True
1600944,63779589483958,-13.58444,2.592658,-0.06338644,-0.07216349,0.8946657,0.04707702,-0.4383486,0.004241837,0.003144638,-0.02415425,0.5594635,0.05093384,0.8272858,0.02772739,0.002650009,-0.02270404,0.02772739,0.002650009,-0.02270404,0.553299,0.0771637,0.8293915,0.553299,0.0771637,0.8293915,5.466522,5.466522,True,True,True
1600953,63779589483971,-13.58441,2.59269,-0.06340575,-0.07216349,0.8946657,0.04707702,-0.4383486,0.004165879,0.003146012,-0.02415799,0.5595703,0.05036926,0.82724,0.02772788,0.002649765,-0.02270262,0.02772788,0.002649765,-0.02270262,0.553421,0.07609558,0.8294067,0.553421,0.07609558,0.8294067,5.465652,5.465652,True,True,True
1600961,63779589483981,-13.58443,2.5927,-0.06339914,-0.07242269,0.8945701,0.04722163,-0.4384855,0.004180603,0.003145722,-0.0241555,0.5598602,0.05072021,0.8270111,0.02772984,0.002649765,-0.02270192,0.02772984,0.002649765,-0.02270192,0.5538483,0.07678223,0.8290558,0.5538483,0.07678223,0.8290558,5.466705,5.466705,True,True,True
1600969,63779589483992,-13.58446,2.592723,-0.06340486,-0.0726297,0.8944988,0.04736534,-0.438581,0.004345185,0.003141556,-0.02414412,0.560791,0.0508728,0.8263702,0.02773023,0.002648575,-0.02270029,0.02773023,0.002648575,-0.02270029,0.553833,0.07695007,0.8290558,0.553833,0.07695007,0.8290558,5.466965,5.466965,True,True,True
1600978,63779589484003,-13.58448,2.592733,-0.06338632,-0.07263357,0.894453,0.04738702,-0.4386713,0.00437677,0.003140808,-0.02413951,0.5601044,0.0506897,0.8268585,0.02773158,0.002648407,-0.02269656,0.02773158,0.002648407,-0.02269656,0.5542603,0.076828,0.8287811,0.5542603,0.076828,0.8287811,5.473755,5.473755,True,True,True
1600986,63779589484003,-13.58448,2.592733,-0.06338632,-0.07263357,0.894453,0.04738702,-0.4386713,0.004331452,0.003141175,-0.02414203,0.5601501,0.05117798,0.8267975,0.02773259,0.0026474,-0.02269646,0.02773259,0.0026474,-0.02269646,0.5546265,0.07679749,0.828537,0.5546265,0.07679749,0.828537,5.48465,5.48465,True,True,True
1600994,63779589484014,-13.58448,2.59275,-0.06342196,-0.07273568,0.8943763,0.04740137,-0.4388093,0.004396485,0.003139816,-0.02413768,0.5601807,0.05064392,0.8268127,0.02773316,0.0026474,-0.0226964,0.02773316,0.0026474,-0.0226964,0.5546722,0.07685852,0.8285065,0.5546722,0.07685852,0.8285065,5.491409,5.491409,True,True,True
1601003,63779589484025,-13.58451,2.592757,-0.06342578,-0.07259716,0.8943555,0.04735584,-0.4388798,0.004341095,0.003140991,-0.02414023,0.5603943,0.05059814,0.8266602,0.02773384,0.0026474,-0.0226964,0.02773384,0.0026474,-0.0226964,0.5550232,0.07693481,0.8282623,0.5550232,0.07693481,0.8282623,5.510635,5.510635,True,True,True
1601011,63779589484036,-13.58454,2.59277,-0.06353015,-0.07255855,0.8943157,0.04727932,-0.4389753,0.004401245,0.00313974,-0.02413652,0.5600281,0.05065918,0.8269043,0.02773543,0.0026474,-0.02269635,0.02773543,0.0026474,-0.02269635,0.5541077,0.0769043,0.8288727,0.5541077,0.0769043,0.8288727,5.519135,5.519135,True,True,True
1601019,63779589484036,-13.58454,2.59277,-0.06353015,-0.07255855,0.8943157,0.04727932,-0.4389753,0.004367676,0.0031409,-0.02413854,0.5601807,0.04975891,0.8268585,0.02773558,0.0026474,-0.02269623,0.02773558,0.0026474,-0.02269623,0.5527344,0.07542419,0.8299255,0.5527344,0.07542419,0.8299255,5.516296,5.516296,True,True,True
1601028,63779589484047,-13.58458,2.592775,-0.06356806,-0.0724921,0.8942921,0.04716573,-0.4390466,0.004471054,0.00314029,-0.02413226,0.5605469,0.04951477,0.8266296,0.02773883,0.0026474,-0.02269621,0.02773883,0.0026474,-0.02269621,0.5533905,0.07556152,0.829483,0.5533905,0.07556152,0.829483,5.517456,5.517456,True,True,True
1601036,63779589484058,-13.5846,2.592712,-0.06361133,-0.0725164,0.8942755,0.04722425,-0.4390701,0.004352646,0.003140808,-0.02413936,0.5606232,0.04972839,0.8265533,0.02774063,0.002644013,-0.02269574,0.02774063,0.002644013,-0.02269574,0.5534363,0.07597351,0.8294067,0.5534363,0.07597351,0.8294067,5.517731,5.517731,True,True,True
1601044,63779589484070,-13.58467,2.592667,-0.06367183,-0.07250021,0.8942596,0.04724716,-0.4391026,0.004280808,0.003140976,-0.02414375,0.5610046,0.0506897,0.8262482,0.02774321,0.002641678,-0.02269551,0.02774321,0.002641678,-0.02269551,0.5539093,0.07661438,0.8290253,0.5539093,0.07661438,0.8290253,5.519043,5.519043,True,True,True
1601053,63779589484070,-13.58467,2.592667,-0.06367183,-0.07250021,0.8942596,0.04724716,-0.4391026,0.004201142,0.003141937,-0.02414813,0.5609283,0.05021667,0.8263245,0.02774367,0.002640045,-0.02269457,0.02774367,0.002640045,-0.02269457,0.5537415,0.07533264,0.8292542,0.5537415,0.07533264,0.8292542,5.518112,5.518112,True,True,True
1601061,63779589484081,-13.58469,2.592617,-0.06372386,-0.07255264,0.8942673,0.04713112,-0.4390908,0.004075257,0.003143204,-0.02415591,0.5609589,0.05030823,0.8263092,0.0277451,0.002637512,-0.02269444,0.0277451,0.002637512,-0.02269444,0.5537109,0.07597351,0.8292236,0.5537109,0.07597351,0.8292236,5.519318,5.519318,True,True,True
1601069,63779589484092,-13.58467,2.592587,-0.06375921,-0.07247102,0.8942988,0.04707494,-0.4390462,0.004319458,0.003136399,-0.02414218,0.5601349,0.05044556,0.8268433,0.02774579,0.002634796,-0.02269418,0.02774579,0.002634796,-0.02269418,0.5525818,0.0756073,0.8300018,0.5525818,0.0756073,0.8300018,5.519287,5.519287,True,True,True
1601078,63779589484103,-13.58469,2.592592,-0.06376219,-0.07249407,0.8943095,0.04693851,-0.4390352,0.004269974,0.003136719,-0.02414386,0.5608368,0.0496521,0.826416,0.02774755,0.002633499,-0.02269074,0.02774755,0.002633499,-0.02269074,0.5545502,0.07603455,0.8286438,0.5545502,0.07603455,0.8286438,5.544113,5.544113,True,True,True
1601086,63779589484103,-13.58469,2.592592,-0.06376219,-0.07249407,0.8943095,0.04693851,-0.4390352,0.004369766,0.003134338,-0.02413768,0.5605927,0.05076599,0.8265228,0.02774768,0.00263295,-0.02269028,0.02774768,0.00263295,-0.02269028,0.5533752,0.07601929,0.8294373,0.5533752,0.07601929,0.8294373,5.548126,5.548126,True,True,True
1601094,63779589484114,-13.5847,2.592577,-0.0637989,-0.07240971,0.8943273,0.04682529,-0.439025,0.004266358,0.003136078,-0.02414383,0.5605469,0.05090332,0.8265381,0.02774771,0.002631928,-0.02268976,0.02774771,0.002631928,-0.02268976,0.5534058,0.07627869,0.8293915,0.5534058,0.07627869,0.8293915,5.550568,5.550568,True,True,True
1601103,63779589484125,-13.58467,2.592567,-0.06381041,-0.07241873,0.8943526,0.04658753,-0.4389973,0.004238877,0.003136719,-0.0241452,0.5606689,0.05111694,0.8264465,0.02774815,0.002631928,-0.02268843,0.02774815,0.002631928,-0.02268843,0.5536041,0.07624817,0.8292694,0.5536041,0.07624817,0.8292694,5.557541,5.557541,True,True,True
1601111,63779589484136,-13.58468,2.592586,-0.06381649,-0.07236534,0.8943838,0.04639807,-0.4389625,0.004199631,0.00313739,-0.02414638,0.5605621,0.05076599,0.8265381,0.02774835,0.002631729,-0.02268498,0.02774835,0.002631729,-0.02268498,0.5532532,0.07603455,0.8295135,0.5532532,0.07603455,0.8295135,5.557388,5.557388,True,True,True
1601119,63779589484136,-13.58468,2.592586,-0.06381649,-0.07236534,0.8943838,0.04639807,-0.4389625,0.004354538,0.003133835,-0.02413706,0.5597687,0.05090332,0.8270721,0.02774855,0.002631409,-0.02268457,0.02774855,0.002631409,-0.02268457,0.5519867,0.07592773,0.8303833,0.5519867,0.07592773,0.8303833,5.557129,5.557129,True,True,True
1601128,63779589484147,-13.58464,2.592522,-0.06385261,-0.07229323,0.8944579,0.04617827,-0.4388466,0.004320755,0.003134491,-0.02413747,0.5593872,0.05014038,0.8273773,0.02774863,0.002631409,-0.0226816,0.02774863,0.002631409,-0.0226816,0.5513306,0.07487488,0.8309021,0.5513306,0.07487488,0.8309021,5.556488,5.556488,True,True,True
1601136,63779589484159,-13.58464,2.592527,-0.06389308,-0.07223257,0.8944661,0.04595112,-0.4388638,0.004330719,0.003134216,-0.02413678,0.5595856,0.05041504,0.8272247,0.02774989,0.002631409,-0.02268138,0.02774989,0.002631409,-0.02268138,0.551651,0.07566833,0.8306274,0.551651,0.07566833,0.8306274,5.557755,5.557755,True,True,True
1601144,63779589484169,-13.58467,2.59254,-0.06395811,-0.07220564,0.8945292,0.04566173,-0.4387697,0.004259613,0.003135727,-0.02414008,0.5595398,0.04981995,0.8272858,0.02774989,0.002631409,-0.02267931,0.02774989,0.002631409,-0.02267931,0.5517426,0.07479858,0.8306427,0.5517426,0.07479858,0.8306427,5.563263,5.563263,True,True,True
1601153,63779589484169,-13.58467,2.59254,-0.06395811,-0.07220564,0.8945292,0.04566173,-0.4387697,0.003720932,0.003147278,-0.02417287,0.5602264,0.04933167,0.8268585,0.02774989,0.002631409,-0.02267803,0.02774989,0.002631409,-0.02267803,0.5524597,0.0749054,0.8301544,0.5524597,0.0749054,0.8301544,5.579102,5.579102,True,True,True
1601161,63779589484180,-13.58472,2.592496,-0.06399906,-0.07211074,0.8945729,0.04541855,-0.4387215,0.003674607,0.003148453,-0.02417563,0.5606079,0.04798889,0.8266754,0.02774989,0.002631729,-0.02267713,0.02774989,0.002631729,-0.02267713,0.5525513,0.07479858,0.8301086,0.5525513,0.07479858,0.8301086,5.585815,5.585815,True,True,True
1601169,63779589484192,-13.58472,2.592468,-0.06403887,-0.07196791,0.894601,0.04517461,-0.4387129,0.003669724,0.003148682,-0.02417574,0.5606079,0.04678345,0.8267365,0.02774989,0.002631928,-0.02267682,0.02774989,0.002631928,-0.02267682,0.5525665,0.07470703,0.8301086,0.5525665,0.07470703,0.8301086,5.586777,5.586777,True,True,True
1601178,63779589484203,-13.58473,2.592434,-0.06404996,-0.07186548,0.8946541,0.04504682,-0.4386345,0.003632141,0.003149536,-0.0241763,0.5605316,0.04637146,0.826828,0.02774989,0.00263205,-0.02267381,0.02774989,0.00263205,-0.02267381,0.5526428,0.07409668,0.8301086,0.5526428,0.07409668,0.8301086,5.591064,5.591064,True,True,True
1601186,63779589484203,-13.58473,2.592434,-0.06404996,-0.07186548,0.8946541,0.04504682,-0.4386345,0.003619385,0.003150299,-0.02417572,0.5608826,0.04621887,0.8265839,0.02774989,0.002632965,-0.02267111,0.02774989,0.002632965,-0.02267111,0.5527191,0.07366943,0.8300934,0.5527191,0.07366943,0.8300934,5.596313,5.596313,True,True,True
1601194,63779589484214,-13.58475,2.592384,-0.06408244,-0.07188262,0.8946945,0.04495579,-0.4385585,0.003596481,0.00315062,-0.02417647,0.5610504,0.04614258,0.8264771,0.02774983,0.00263298,-0.02266992,0.02774983,0.00263298,-0.02266992,0.5527802,0.07362366,0.8300629,0.5527802,0.07362366,0.8300629,5.602036,5.602036,True,True,True
1601203,63779589484225,-13.58483,2.592358,-0.06405884,-0.07184111,0.894706,0.04476517,-0.4385615,0.00357074,0.003151245,-0.02417809,0.5610657,0.04640198,0.8264618,0.02774939,0.002634125,-0.02266989,0.02774939,0.002634125,-0.02266989,0.5526733,0.07369995,0.8301239,0.5526733,0.07369995,0.8301239,5.601883,5.601883,True,True,True
1601211,63779589484236,-13.5849,2.592283,-0.06415659,-0.07206343,0.8946671,0.04465855,-0.438615,0.003534195,0.003152329,-0.02417948,0.5608521,0.04621887,0.8266144,0.02774863,0.002634674,-0.0226684,0.02774863,0.002634674,-0.0226684,0.5525513,0.07350159,0.8302155,0.5525513,0.07350159,0.8302155,5.606552,5.606552,True,True,True
1601219,63779589484236,-13.5849,2.592283,-0.06415659,-0.07206343,0.8946671,0.04465855,-0.438615,0.003549729,0.003151901,-0.02417848,0.5604553,0.04566956,0.8269196,0.0277482,0.002634995,-0.02266832,0.0277482,0.002634995,-0.02266832,0.5519257,0.07330322,0.8306427,0.5519257,0.07330322,0.8306427,5.611603,5.611603,True,True,True
1601228,63779589484248,-13.58492,2.592234,-0.06419557,-0.07218562,0.8946057,0.04455534,-0.4387308,0.003569382,0.003152878,-0.02417652,0.5608215,0.04536438,0.8266907,0.0277482,0.002638382,-0.02266707,0.0277482,0.002638382,-0.02266707,0.5525818,0.07249451,0.8302917,0.5525818,0.07249451,0.8302917,5.618057,5.618057,True,True,True
1601236,63779589484258,-13.58487,2.592186,-0.06427968,-0.07231271,0.8945421,0.04439341,-0.4388559,0.003614105,0.003152298,-0.02417334,0.5608673,0.04528809,0.8266449,0.02774802,0.002640076,-0.02266602,0.02774802,0.002640076,-0.02266602,0.5525818,0.07197571,0.8303223,0.5525818,0.07197571,0.8303223,5.621948,5.621948,True,True,True
1601244,63779589484270,-13.58494,2.59216,-0.06430972,-0.07241515,0.8944919,0.0442581,-0.4389551,0.003671066,0.003151993,-0.02416911,0.5612183,0.04679871,0.8263397,0.027748,0.002641632,-0.02266471,0.027748,0.002641632,-0.02266471,0.5531769,0.0736084,0.8297882,0.5531769,0.0736084,0.8297882,5.624985,5.624985,True,True,True
1601253,63779589484270,-13.58494,2.59216,-0.06430972,-0.07241515,0.8944919,0.0442581,-0.4389551,0.003759506,0.003150498,-0.02416403,0.561554,0.04719543,0.8260803,0.02774797,0.002642288,-0.02266464,0.02774797,0.002642288,-0.02266464,0.5531769,0.07394409,0.8297729,0.5531769,0.07394409,0.8297729,5.624283,5.624283,True,True,True
1601261,63779589484281,-13.58499,2.592129,-0.06429487,-0.07240267,0.8944761,0.04408912,-0.4390064,0.003801178,0.003149765,-0.0241613,0.5608368,0.04722595,0.8265686,0.02774793,0.002642548,-0.02266408,0.02774793,0.002642548,-0.02266408,0.5526428,0.07377625,0.8301392,0.5526428,0.07377625,0.8301392,5.630432,5.630432,True,True,True
1601269,63779589484292,-13.58508,2.592066,-0.06427705,-0.07238071,0.8944083,0.04386786,-0.4391702,0.004227478,0.00314122,-0.02413438,0.5606537,0.04873657,0.8265991,0.0277476,0.002643387,-0.02266324,0.0277476,0.002643387,-0.02266324,0.5525665,0.07531738,0.8300476,0.5525665,0.07531738,0.8300476,5.63176,5.63176,True,True,True
1601278,63779589484303,-13.5851,2.592007,-0.06428039,-0.07225197,0.8943789,0.04368469,-0.4392694,0.004091187,0.00314531,-0.02414188,0.5606995,0.04942322,0.8265228,0.02774753,0.002645416,-0.02266144,0.02774753,0.002645416,-0.02266144,0.5525818,0.07470703,0.8300934,0.5525818,0.07470703,0.8300934,5.634506,5.634506,True,True,True
1601286,63779589484303,-13.5851,2.592007,-0.06428039,-0.07225197,0.8943789,0.04368469,-0.4392694,0.00408876,0.003146713,-0.02414185,0.5610809,0.04940796,0.8262787,0.02774736,0.002647721,-0.02266087,0.02774736,0.002647721,-0.02266087,0.5525818,0.07403564,0.8301544,0.5525818,0.07403564,0.8301544,5.63681,5.63681,True,True,True
1601294,63779589484314,-13.58512,2.591996,-0.06428254,-0.07227354,0.8943008,0.04354712,-0.4394386,0.004151321,0.003146088,-0.02413794,0.5605469,0.05041504,0.8265839,0.02774733,0.00264888,-0.02266083,0.02774733,0.00264888,-0.02266083,0.5513,0.07533264,0.8308868,0.5513,0.07533264,0.8308868,5.643646,5.643646,True,True,True
1601303,63779589484325,-13.58513,2.59197,-0.06428474,-0.07225167,0.8942186,0.04351256,-0.4396128,0.004118149,0.003149613,-0.02414002,0.5606232,0.04972839,0.8265686,0.02774719,0.002651566,-0.02266051,0.02774719,0.002651566,-0.02266051,0.5514069,0.07470703,0.8308716,0.5514069,0.07470703,0.8308716,5.657272,5.657272,True,True,True
1601311,63779589484336,-13.58517,2.591949,-0.06425089,-0.07224043,0.8941863,0.0433619,-0.4396953,0.005652481,0.003119858,-0.02404369,0.5609131,0.05062866,0.8263092,0.02774672,0.002653977,-0.02266002,0.02774672,0.002653977,-0.02266002,0.5527191,0.07414246,0.8300476,0.5527191,0.07414246,0.8300476,5.666061,5.666061,True,True,True
1601319,63779589484336,-13.58517,2.591949,-0.06425089,-0.07224043,0.8941863,0.0433619,-0.4396953,0.005770874,0.003118576,-0.02403624,0.5599213,0.05038452,0.8269958,0.02774629,0.002654892,-0.02265979,0.02774629,0.002654892,-0.02265979,0.5512848,0.07377625,0.8310394,0.5512848,0.07377625,0.8310394,5.665253,5.665253,True,True,True
1601328,63779589484348,-13.58511,2.591988,-0.06426436,-0.07223165,0.8940977,0.04336512,-0.4398766,0.005749237,0.003120819,-0.02403766,0.5584259,0.04954529,0.828064,0.02774507,0.002657471,-0.02265924,0.02774507,0.002657471,-0.02265924,0.5497589,0.07247925,0.8321686,0.5497589,0.07247925,0.8321686,5.668213,5.668213,True,True,True
1601336,63779589484358,-13.58512,2.592009,-0.06426466,-0.07221933,0.8940532,0.04344686,-0.439961,0.005639695,0.003123856,-0.02404508,0.5585022,0.04960632,0.8280029,0.02774507,0.002657578,-0.02265918,0.02774507,0.002657578,-0.02265918,0.5497742,0.07287598,0.8321228,0.5497742,0.07287598,0.8321228,5.668732,5.668732,True,True,True
1601344,63779589484370,-13.58513,2.591998,-0.06422138,-0.07219335,0.894,0.04335787,-0.4400822,0.00555954,0.003126221,-0.02405098,0.55896,0.04966736,0.8276978,0.02774503,0.002658432,-0.02265869,0.02774503,0.002658432,-0.02265869,0.5498047,0.07264709,0.8321075,0.5498047,0.07264709,0.8321075,5.670486,5.670486,True,True,True
1601353,63779589484370,-13.58513,2.591998,-0.06422138,-0.07219335,0.894,0.04335787,-0.4400822,0.005641587,0.00312645,-0.02404563,0.5589752,0.04924011,0.827713,0.02774475,0.002661102,-0.0226583,0.02774475,0.002661102,-0.0226583,0.5497742,0.07191467,0.8321991,0.5497742,0.07191467,0.8321991,5.673279,5.673279,True,True,True
1601361,63779589484381,-13.58519,2.591977,-0.06423384,-0.0721737,0.8939945,0.04339331,-0.4400929,0.005679398,0.00312677,-0.0240428,0.559021,0.04940796,0.8276672,0.02774474,0.002662674,-0.02265756,0.02774474,0.002662674,-0.02265756,0.5498657,0.07215881,0.8321228,0.5498657,0.07215881,0.8321228,5.685837,5.685837,True,True,True
1601369,63779589484392,-13.58521,2.59197,-0.06427944,-0.0722686,0.8939483,0.04348705,-0.4401621,0.005702805,0.003127182,-0.02404152,0.55896,0.0491333,0.8277283,0.02774474,0.002663925,-0.02265689,0.02774474,0.002663925,-0.02265689,0.5497284,0.07165527,0.8322601,0.5497284,0.07165527,0.8322601,5.673111,5.673111,True,True,True
1601378,63779589484403,-13.58516,2.591924,-0.06430244,-0.07225835,0.8939158,0.04361635,-0.4402169,0.005685242,0.003127777,-0.02404157,0.5586395,0.04879761,0.8279572,0.02774474,0.002664292,-0.02265517,0.02774474,0.002664292,-0.02265517,0.5498199,0.07157898,0.8321991,0.5498199,0.07157898,0.8321991,5.687378,5.687378,True,True,True
1601386,63779589484403,-13.58516,2.591924,-0.06430244,-0.07225835,0.8939158,0.04361635,-0.4402169,0.005649902,0.003129166,-0.02404224,0.5588074,0.04905701,0.8278351,0.02774474,0.00266478,-0.0226523,0.02774474,0.00266478,-0.0226523,0.5498962,0.07203674,0.8321075,0.5498962,0.07203674,0.8321075,5.687912,5.687912,True,True,True
1601394,63779589484414,-13.58519,2.591955,-0.06430012,-0.07227861,0.8938848,0.04365637,-0.4402724,0.005793839,0.003126496,-0.02403317,0.5587616,0.04914856,0.8278503,0.02774474,0.002665116,-0.02265228,0.02774474,0.002665116,-0.02265228,0.5498962,0.07200623,0.8321075,0.5498962,0.07200623,0.8321075,5.693741,5.693741,True,True,True
1601403,63779589484425,-13.58518,2.591947,-0.06432801,-0.07228763,0.8938646,0.04368633,-0.440309,0.005771271,0.003127518,-0.02403415,0.5589752,0.04971313,0.8276825,0.02774475,0.002665863,-0.02265155,0.02774475,0.002665863,-0.02265155,0.5501556,0.07321167,0.8318329,0.5501556,0.07321167,0.8318329,5.71373,5.71373,True,True,True
1601411,63779589484436,-13.58515,2.591918,-0.06434596,-0.07237203,0.8938301,0.04384411,-0.4403495,0.005815842,0.003126816,-0.02403121,0.5588531,0.04945374,0.827774,0.02774507,0.002666168,-0.02265129,0.02774507,0.002666168,-0.02265129,0.5501709,0.07312012,0.8318329,0.5501709,0.07312012,0.8318329,5.713409,5.713409,True,True,True
1601419,63779589484436,-13.58515,2.591918,-0.06434596,-0.07237203,0.8938301,0.04384411,-0.4403495,0.005779862,0.003128662,-0.02403329,0.5585632,0.0483551,0.8280334,0.02774584,0.002667847,-0.02265096,0.02774584,0.002667847,-0.02265096,0.5498199,0.07261658,0.8321075,0.5498199,0.07261658,0.8321075,5.714127,5.714127,True,True,True
1601427,63779589484447,-13.58513,2.591936,-0.06440455,-0.07243416,0.89384,0.04388531,-0.4403149,0.004295944,0.003160446,-0.02412618,0.5593719,0.04682922,0.8275757,0.02774623,0.002668533,-0.02265018,0.02774623,0.002668533,-0.02265018,0.5499115,0.07312012,0.8320007,0.5499115,0.07312012,0.8320007,5.713409,5.713409,True,True,True
1601436,63779589484458,-13.58512,2.591963,-0.06443447,-0.0725384,0.8938248,0.04391862,-0.4403255,0.00425943,0.00316156,-0.02412785,0.5586395,0.04653931,0.8280945,0.02774648,0.002669007,-0.02264934,0.02774648,0.002669007,-0.02264934,0.5488434,0.07276917,0.8327332,0.5488434,0.07276917,0.8327332,5.708511,5.708511,True,True,True
1601444,63779589484469,-13.58512,2.591924,-0.06443989,-0.07256552,0.8938811,0.04396494,-0.440202,0.005749436,0.003130982,-0.02403401,0.5568237,0.04837036,0.8292084,0.02774684,0.002669815,-0.02264931,0.02774684,0.002669815,-0.02264931,0.5475311,0.07307434,0.8335724,0.5475311,0.07307434,0.8335724,5.711121,5.711121,True,True,True
1601452,63779589484469,-13.58512,2.591924,-0.06443989,-0.07256552,0.8938811,0.04396494,-0.440202,0.005340317,0.003139893,-0.0240598,0.5571747,0.04844666,0.8289642,0.027748,0.00267009,-0.02264929,0.027748,0.00267009,-0.02264929,0.5492554,0.07423401,0.8323364,0.5492554,0.07423401,0.8323364,5.713959,5.713959,True,True,True
1601461,63779589484480,-13.58509,2.591908,-0.06443781,-0.07259867,0.8938628,0.04401655,-0.4402284,0.005595505,0.003134888,-0.02404376,0.5572357,0.0486145,0.8289185,0.02774883,0.002670258,-0.02264928,0.02774883,0.002670258,-0.02264928,0.5494537,0.07421875,0.8321991,0.5494537,0.07421875,0.8321991,5.715012,5.715012,True,True,True
1601469,63779589484492,-13.58511,2.591925,-0.06447542,-0.07263168,0.8938674,0.04408404,-0.4402069,0.00568425,0.003133331,-0.02403758,0.5561066,0.04847717,0.8296814,0.0277489,0.002670395,-0.02264868,0.0277489,0.002670395,-0.02264868,0.5482788,0.07400513,0.8330078,0.5482788,0.07400513,0.8330078,5.713333,5.713333,True,True,True
1601477,63779589484503,-13.58508,2.591929,-0.06449091,-0.0726644,0.8939,0.04411517,-0.4401324,0.005583008,0.003135605,-0.02404286,0.5555573,0.048172,0.8300629,0.02774947,0.002670456,-0.02264807,0.02774947,0.002670456,-0.02264807,0.5482178,0.07395935,0.8330536,0.5482178,0.07395935,0.8330536,5.716553,5.716553,True,True,True
1601486,63779589484503,-13.58508,2.591929,-0.06449091,-0.0726644,0.8939,0.04411517,-0.4401324,0.005455018,0.003138458,-0.02405071,0.5558319,0.04891968,0.8298492,0.02774947,0.002670456,-0.02264777,0.02774947,0.002670456,-0.02264777,0.5484467,0.07546997,0.8327637,0.5484467,0.07546997,0.8327637,5.718399,5.718399,True,True,True
1601494,63779589484514,-13.58509,2.591912,-0.06454229,-0.07273448,0.8938982,0.04420838,-0.4401152,0.005420059,0.003139328,-0.02405188,0.5557251,0.04785156,0.8299713,0.02774996,0.002670456,-0.02264635,0.02774996,0.002670456,-0.02264635,0.5482178,0.0738678,0.8330536,0.5482178,0.0738678,0.8330536,5.720474,5.720474,True,True,True
1601502,63779589484525,-13.58508,2.591917,-0.06455469,-0.07272989,0.8938942,0.04419457,-0.4401253,0.005535248,0.003136994,-0.02404373,0.5562286,0.04742432,0.8296661,0.02775058,0.002670456,-0.02264584,0.02775058,0.002670456,-0.02264584,0.5487823,0.07287598,0.8327789,0.5487823,0.07287598,0.8327789,5.71991,5.71991,True,True,True
1601511,63779589484536,-13.58511,2.591911,-0.0645467,-0.07272174,0.8939406,0.04424036,-0.4400279,0.004084625,0.00316745,-0.02413272,0.5570831,0.04568481,0.8291779,0.02775058,0.002670456,-0.02264507,0.02775058,0.002670456,-0.02264507,0.5486908,0.0728302,0.8328247,0.5486908,0.0728302,0.8328247,5.723618,5.723618,True,True,True
1601519,63779589484536,-13.58511,2.591911,-0.0645467,-0.07272174,0.8939406,0.04424036,-0.4400279,0.005617569,0.003135239,-0.02403575,0.556427,0.04771423,0.8295135,0.02775058,0.002670395,-0.02264407,0.02775058,0.002670395,-0.02264407,0.5484314,0.07275391,0.8330078,0.5484314,0.07275391,0.8330078,5.723206,5.723206,True,True,True
1601527,63779589484547,-13.58504,2.591898,-0.06457472,-0.07267971,0.8939182,0.044276,-0.4400768,0.005658264,0.003134308,-0.02403307,0.5564575,0.04743958,0.8295135,0.02775084,0.002670258,-0.02264388,0.02775084,0.002670258,-0.02264388,0.5485535,0.07275391,0.8329315,0.5485535,0.07275391,0.8329315,5.728516,5.728516,True,True,True
1601536,63779589484558,-13.58505,2.591886,-0.06458896,-0.07255024,0.8939341,0.04428274,-0.4400651,0.005680893,0.003133789,-0.02403148,0.556488,0.04780579,0.8294678,0.02775084,0.002670197,-0.02264362,0.02775084,0.002670197,-0.02264362,0.5485535,0.07278442,0.8329315,0.5485535,0.07278442,0.8329315,5.72905,5.72905,True,True,True
1601544,63779589484570,-13.58499,2.591903,-0.06462538,-0.07252971,0.8939207,0.04427632,-0.4400964,0.005665833,0.003134049,-0.02403154,0.5564575,0.04774475,0.8294983,0.02775084,0.00267009,-0.02264215,0.02775084,0.00267009,-0.02264215,0.5485687,0.07270813,0.8329315,0.5485687,0.07270813,0.8329315,5.728455,5.728455,True,True,True
1601552,63779589484570,-13.58499,2.591903,-0.06462538,-0.07252971,0.8939207,0.04427632,-0.4400964,0.005613205,0.003134857,-0.02403429,0.5566711,0.04724121,0.8293762,0.02775095,0.002669601,-0.02264124,0.02775095,0.002669601,-0.02264124,0.5488892,0.07200623,0.8327789,0.5488892,0.07200623,0.8327789,5.729111,5.729111,True,True,True
1601561,63779589484580,-13.58497,2.591908,-0.06469297,-0.07241785,0.893905,0.04436265,-0.4401379,0.005561081,0.003135391,-0.02403722,0.5571747,0.04705811,0.8290405,0.02775095,0.002668701,-0.02264066,0.02775095,0.002668701,-0.02264066,0.548996,0.07223511,0.8326874,0.548996,0.07223511,0.8326874,5.739014,5.739014,True,True,True
1601569,63779589484591,-13.58497,2.591937,-0.06472117,-0.07227206,0.8939057,0.04434606,-0.4401621,0.005594056,0.003134003,-0.02403446,0.5572052,0.04658508,0.8290558,0.02775101,0.002667404,-0.02263956,0.02775101,0.002667404,-0.02263956,0.5490417,0.07254028,0.8326263,0.5490417,0.07254028,0.8326263,5.729782,5.729782,True,True,True
1601577,63779589484603,-13.58493,2.591891,-0.06476271,-0.07221828,0.8938795,0.0443224,-0.4402266,0.005342194,0.003139313,-0.02405043,0.5569458,0.04507446,0.8293152,0.02775101,0.002667252,-0.02263907,0.02775101,0.002667252,-0.02263907,0.5489502,0.07063293,0.8328552,0.5489502,0.07063293,0.8328552,5.728104,5.728104,True,True,True
1601586,63779589484603,-13.58493,2.591891,-0.06476271,-0.07221828,0.8938795,0.0443224,-0.4402266,0.005278489,0.003140351,-0.02405417,0.5561981,0.04423523,0.8298492,0.0277511,0.002666748,-0.02263849,0.0277511,0.002666748,-0.02263849,0.5476685,0.07046509,0.8337097,0.5476685,0.07046509,0.8337097,5.735916,5.735916,True,True,True
1601594,63779589484614,-13.58491,2.591862,-0.06478429,-0.07212281,0.8938758,0.04421888,-0.4402601,0.005312103,0.003139511,-0.02405209,0.5565186,0.04449463,0.8296356,0.0277511,0.002666535,-0.02263834,0.0277511,0.002666535,-0.02263834,0.5477142,0.07073975,0.8336639,0.5477142,0.07073975,0.8336639,5.740417,5.740417,True,True,True
1601602,63779589484625,-13.58488,2.591835,-0.06480938,-0.07193159,0.8938804,0.04398524,-0.4403055,0.005342057,0.003138611,-0.02405005,0.5565033,0.04493713,0.8296204,0.0277511,0.002666107,-0.02263759,0.0277511,0.002666107,-0.02263759,0.547699,0.07138062,0.8336029,0.547699,0.07138062,0.8336029,5.73912,5.73912,True,True,True
1601611,63779589484636,-13.58485,2.591831,-0.06492454,-0.07186338,0.8938658,0.04393045,-0.4403518,0.005622956,0.003132507,-0.02403183,0.5559845,0.0448761,0.8299713,0.0277511,0.002665817,-0.02263666,0.0277511,0.002665817,-0.02263666,0.5470123,0.07069397,0.8341217,0.5470123,0.07069397,0.8341217,5.738098,5.738098,True,True,True
1601619,63779589484636,-13.58485,2.591831,-0.06492454,-0.07186338,0.8938658,0.04393045,-0.4403518,0.005406525,0.003136734,-0.02404546,0.5567017,0.0451355,0.829483,0.02775101,0.002665253,-0.02263661,0.02775101,0.002665253,-0.02263661,0.5477142,0.07154846,0.8335876,0.5477142,0.07154846,0.8335876,5.741486,5.741486,True,True,True
1601627,63779589484647,-13.58485,2.591825,-0.06495553,-0.07176738,0.8938462,0.04378989,-0.4404212,0.005567764,0.003132218,-0.024035,0.5561676,0.04515076,0.829834,0.02775081,0.002663437,-0.02263614,0.02775081,0.002663437,-0.02263614,0.5469513,0.0713501,0.8341064,0.5469513,0.0713501,0.8341064,5.740417,5.740417,True,True,True
1601636,63779589484659,-13.58479,2.591825,-0.06501639,-0.07166354,0.8938292,0.04356176,-0.4404954,0.004183777,0.003161453,-0.02412148,0.5565338,0.043396,0.8296814,0.02775081,0.002663437,-0.022634,0.02775081,0.002663437,-0.022634,0.5469818,0.07118225,0.8341064,0.5469818,0.07118225,0.8341064,5.740326,5.740326,True,True,True
1601644,63779589484669,-13.58476,2.591814,-0.06503689,-0.07159575,0.8938467,0.04349244,-0.4404776,0.004219559,0.003160492,-0.0241178,0.5563354,0.04289246,0.829834,0.02775101,0.002663071,-0.02263158,0.02775101,0.002663071,-0.02263158,0.5470581,0.07095337,0.8340759,0.5470581,0.07095337,0.8340759,5.740387,5.740387,True,True,True
1601652,63779589484669,-13.58476,2.591814,-0.06503689,-0.07159575,0.8938467,0.04349244,-0.4404776,0.005778504,0.003127487,-0.02401897,0.5559845,0.04512024,0.8299561,0.02775081,0.00266301,-0.02263081,0.02775081,0.00266301,-0.02263081,0.5470276,0.07089233,0.8340912,0.5470276,0.07089233,0.8340912,5.741333,5.741333,True,True,True
1601661,63779589484680,-13.58474,2.591826,-0.06507343,-0.07141916,0.8938391,0.0433152,-0.4405391,0.00421579,0.00316034,-0.0241178,0.5566101,0.04335022,0.8296204,0.02775084,0.002662674,-0.02263078,0.02775084,0.002662674,-0.02263078,0.5470276,0.07096863,0.8340912,0.5470276,0.07096863,0.8340912,5.741333,5.741333,True,True,True
1601669,63779589484692,-13.58473,2.591815,-0.06511652,-0.07137612,0.8938329,0.04334633,-0.4405555,0.004426376,0.003155884,-0.02410346,0.5567017,0.0433197,0.8295746,0.0277511,0.002662674,-0.02262889,0.0277511,0.002662674,-0.02262889,0.5471191,0.07113647,0.8340149,0.5471191,0.07113647,0.8340149,5.743759,5.743759,True,True,True
1601677,63779589484703,-13.58471,2.591803,-0.06516951,-0.07132072,0.893794,0.04346473,-0.4406318,0.004356201,0.003157105,-0.02410756,0.556839,0.04354858,0.8294678,0.0277511,0.002662674,-0.02262828,0.0277511,0.002662674,-0.02262828,0.5471649,0.07147217,0.8339539,0.5471649,0.07147217,0.8339539,5.749466,5.749466,True,True,True
1601686,63779589484703,-13.58471,2.591803,-0.06516951,-0.07132072,0.893794,0.04346473,-0.4406318,0.004346711,0.003157257,-0.02410779,0.5564575,0.04364014,0.8297272,0.0277511,0.002662674,-0.02262683,0.0277511,0.002662674,-0.02262683,0.546463,0.07154846,0.8344116,0.546463,0.07154846,0.8344116,5.749603,5.749603,True,True,True
1601694,63779589484714,-13.58472,2.59184,-0.06520545,-0.07137173,0.8937454,0.04350334,-0.4407184,0.004263657,0.00315889,-0.02411299,0.5565186,0.04356384,0.8296814,0.0277511,0.002662674,-0.02262647,0.0277511,0.002662674,-0.02262647,0.5464478,0.0715332,0.8344269,0.5464478,0.0715332,0.8344269,5.752136,5.752136,True,True,True
1601702,63779589484725,-13.5847,2.591855,-0.06531715,-0.07141323,0.8937036,0.04370041,-0.4407769,0.004298645,0.003158035,-0.02411028,0.5568085,0.0431366,0.8294983,0.02775113,0.002663071,-0.02262514,0.02775113,0.002663071,-0.02262514,0.5464935,0.07197571,0.8343506,0.5464935,0.07197571,0.8343506,5.756668,5.756668,True,True,True
1601711,63779589484736,-13.58464,2.591769,-0.06541145,-0.07165948,0.8936509,0.0436733,-0.4408464,0.004239258,0.003159058,-0.02411408,0.5559235,0.04281616,0.8301239,0.02775113,0.002663071,-0.02262511,0.02775113,0.002663071,-0.02262511,0.5449219,0.07177734,0.8353882,0.5449219,0.07177734,0.8353882,5.758057,5.758057,True,True,True
1601719,63779589484736,-13.58464,2.591769,-0.06541145,-0.07165948,0.8936509,0.0436733,-0.4408464,0.003830872,0.003167649,-0.02413951,0.5552673,0.04222107,0.8305817,0.02775128,0.002663071,-0.02262418,0.02775128,0.002663071,-0.02262418,0.5438232,0.07165527,0.8361206,0.5438232,0.07165527,0.8361206,5.762833,5.762833,True,True,True
1601727,63779589484747,-13.58459,2.591766,-0.06546938,-0.07169583,0.893668,0.04357387,-0.4408158,0.003839417,0.003167465,-0.02413863,0.5548096,0.04167175,0.8309174,0.02775128,0.002663071,-0.0226236,0.02775128,0.002663071,-0.0226236,0.542984,0.0715332,0.8366699,0.542984,0.0715332,0.8366699,5.76181,5.76181,True,True,True
1601736,63779589484747,-13.58459,2.591766,-0.06546938,-0.07169583,0.893668,0.04357387,-0.4408158,0.004160477,0.003160706,-0.02411754,0.5553741,0.04277039,0.8304749,0.02775131,0.002663071,-0.02262232,0.02775131,0.002663071,-0.02262232,0.5438385,0.07266235,0.8360291,0.5438385,0.07266235,0.8360291,5.763519,5.763519,True,True,True
1601744,63779589484764,-13.58455,2.591813,-0.06551522,-0.07175664,0.8936667,0.04343462,-0.4408224,0.004116669,0.003161392,-0.02411957,0.5548096,0.04167175,0.8309174,0.02775139,0.002662674,-0.02262106,0.02775139,0.002662674,-0.02262106,0.5428162,0.07147217,0.836792,0.5428162,0.07147217,0.836792,5.764694,5.764694,True,True,True
1601752,63779589484775,-13.58456,2.59187,-0.06558561,-0.07164842,0.8937492,0.04315027,-0.4407007,0.003807495,0.003167877,-0.02413907,0.5543976,0.04115295,0.8312225,0.0277518,0.002662613,-0.02262085,0.0277518,0.002662613,-0.02262085,0.5422363,0.07144165,0.8371735,0.5422363,0.07144165,0.8371735,5.776794,5.776794,True,True,True
1601761,63779589484786,-13.58453,2.591846,-0.06570822,-0.07154489,0.8937848,0.04309024,-0.440651,0.003781204,0.00316832,-0.02414075,0.5543671,0.04107666,0.8312378,0.02775252,0.002662399,-0.02262082,0.02775252,0.002662399,-0.02262082,0.5421448,0.07133484,0.8372345,0.5421448,0.07133484,0.8372345,5.785065,5.785065,True,True,True
1601769,63779589484786,-13.58453,2.591846,-0.06570822,-0.07154489,0.8937848,0.04309024,-0.440651,0.003725968,0.003169449,-0.02414238,0.5549164,0.04112244,0.8308868,0.02775463,0.002662399,-0.02261748,0.02775463,0.002662399,-0.02261748,0.5430298,0.07136536,0.8366547,0.5430298,0.07136536,0.8366547,5.786224,5.786224,True,True,True
1601777,63779589484798,-13.58452,2.591852,-0.06576866,-0.07145442,0.8939148,0.04302028,-0.4404088,0.005199661,0.003135269,-0.02404828,0.5539551,0.04359436,0.8313904,0.02775577,0.002657669,-0.02261629,0.02775577,0.002657669,-0.02261629,0.5429535,0.07237244,0.8366241,0.5429535,0.07237244,0.8366241,5.783157,5.783157,True,True,True
1601786,63779589484809,-13.58448,2.591866,-0.06587833,-0.07128079,0.8939528,0.0427925,-0.4403818,0.005186493,0.003134918,-0.02404904,0.5542297,0.04377747,0.831192,0.02775794,0.002656632,-0.02261595,0.02775794,0.002656632,-0.02261595,0.5434723,0.07267761,0.8362579,0.5434723,0.07267761,0.8362579,5.784164,5.784164,True,True,True
1601794,63779589484820,-13.58447,2.591802,-0.06589979,-0.07138998,0.8940827,0.04274938,-0.4401048,0.003628433,0.003167297,-0.02414723,0.5549316,0.04220581,0.8308105,0.02776006,0.002655838,-0.0226143,0.02776006,0.002655838,-0.0226143,0.5437164,0.07284546,0.8360901,0.5437164,0.07284546,0.8360901,5.788696,5.788696,True,True,True
1601802,63779589484820,-13.58447,2.591802,-0.06589979,-0.07138998,0.8940827,0.04274938,-0.4401048,0.003612335,0.003165421,-0.02414771,0.5540619,0.04171753,0.8314209,0.02776041,0.002653198,-0.02261339,0.02776041,0.002653198,-0.02261339,0.5423431,0.07232666,0.8370209,0.5423431,0.07232666,0.8370209,5.786972,5.786972,True,True,True
1601811,63779589484831,-13.5844,2.591797,-0.06598365,-0.07140586,0.8941279,0.04261805,-0.440023,0.003620224,0.003164429,-0.02414618,0.5540466,0.042099,0.8314056,0.02776041,0.002651871,-0.0226116,0.02776041,0.002651871,-0.0226116,0.5423584,0.07260132,0.8369904,0.5423584,0.07260132,0.8369904,5.787369,5.787369,True,True,True
1601819,63779589484842,-13.58435,2.591777,-0.06606525,-0.07117848,0.8942574,0.0424636,-0.4398116,0.003621704,0.00316362,-0.02414526,0.5539093,0.04193115,0.8315125,0.02776041,0.002651489,-0.02261022,0.02776041,0.002651489,-0.02261022,0.5419464,0.07208252,0.8373108,0.5419464,0.07208252,0.8373108,5.78656,5.78656,True,True,True
1601827,63779589484853,-13.58429,2.591775,-0.06616098,-0.07129406,0.8942627,0.04239821,-0.4397884,0.003604416,0.003163788,-0.02414604,0.5534973,0.03982544,0.8318787,0.02776041,0.002651169,-0.02260965,0.02776041,0.002651169,-0.02260965,0.5415192,0.06855774,0.8378754,0.5415192,0.06855774,0.8378754,5.779022,5.779022,True,True,True
1601836,63779589484853,-13.58429,2.591775,-0.06616098,-0.07129406,0.8942627,0.04239821,-0.4397884,0.003613739,0.003163193,-0.02414491,0.5534821,0.03970337,0.8318939,0.02776041,0.002651077,-0.02260881,0.02776041,0.002651077,-0.02260881,0.5419312,0.06825256,0.8376312,0.5419312,0.06825256,0.8376312,5.779175,5.779175,True,True,True
1601844,63779589484864,-13.58422,2.591777,-0.06618184,-0.07119884,0.8943897,0.04235734,-0.4395492,0.003642563,0.003161942,-0.02414304,0.5537415,0.03988647,0.8317261,0.02776041,0.00265094,-0.02260855,0.02776041,0.00265094,-0.02260855,0.5423584,0.06866455,0.837326,0.5423584,0.06866455,0.837326,5.77829,5.77829,True,True,True
1601852,63779589484875,-13.5842,2.591767,-0.06622946,-0.07106876,0.8945162,0.04228242,-0.4393201,0.003666794,0.00316066,-0.02414118,0.5533752,0.0400238,0.831955,0.02776041,0.002650436,-0.02260745,0.02776041,0.002650436,-0.02260745,0.5419464,0.06869507,0.8375854,0.5419464,0.06869507,0.8375854,5.779785,5.779785,True,True,True
1601861,63779589484886,-13.5842,2.591735,-0.06619972,-0.07091995,0.8945928,0.04224041,-0.4391923,0.003668671,0.003160248,-0.02413861,0.5533142,0.03997803,0.8320007,0.02776041,0.00265036,-0.0226032,0.02776041,0.00265036,-0.0226032,0.5420685,0.06846619,0.8375244,0.5420685,0.06846619,0.8375244,5.787186,5.787186,True,True,True
1601869,63779589484886,-13.5842,2.591735,-0.06619972,-0.07091995,0.8945928,0.04224041,-0.4391923,0.003693756,0.003159378,-0.02413725,0.5533447,0.04090881,0.8319397,0.02775907,0.00265004,-0.02260314,0.02775907,0.00265004,-0.02260314,0.5422211,0.06950378,0.8373413,0.5422211,0.06950378,0.8373413,5.79274,5.79274,True,True,True
1601877,63779589484897,-13.58421,2.591696,-0.06624579,-0.07080226,0.8946719,0.04215932,-0.439058,0.003661911,0.003159988,-0.02413802,0.5536041,0.04129028,0.8317413,0.02775761,0.00265004,-0.02260076,0.02775761,0.00265004,-0.02260076,0.5422516,0.06990051,0.8372955,0.5422516,0.06990051,0.8372955,5.793304,5.793304,True,True,True
1601886,63779589484908,-13.58415,2.591718,-0.0662871,-0.07082374,0.8946791,0.04191124,-0.4390636,0.003591995,0.003161377,-0.02414105,0.5536804,0.04214478,0.8316498,0.02775661,0.00265004,-0.02259834,0.02775661,0.00265004,-0.02259834,0.5423889,0.07173157,0.8370514,0.5423889,0.07173157,0.8370514,5.794876,5.794876,True,True,True
1601894,63779589484919,-13.58409,2.591694,-0.06634504,-0.07077382,0.8947753,0.04180698,-0.4388853,0.003557297,0.003162049,-0.02414288,0.5545807,0.04139709,0.8310852,0.02775557,0.00265004,-0.02259743,0.02775557,0.00265004,-0.02259743,0.5422058,0.07081604,0.8372498,0.5422058,0.07081604,0.8372498,5.798706,5.798706,True,True,True
1601902,63779589484919,-13.58409,2.591694,-0.06634504,-0.07077382,0.8947753,0.04180698,-0.4388853,0.005084763,0.00312941,-0.02404508,0.553772,0.04327393,0.8315277,0.02775488,0.00265004,-0.02259699,0.02775488,0.00265004,-0.02259699,0.542038,0.07070923,0.8373566,0.542038,0.07070923,0.8373566,5.798386,5.798386,True,True,True
1601911,63779589484931,-13.58407,2.591685,-0.0663805,-0.07068792,0.8948195,0.04164585,-0.4388245,0.005091141,0.003128998,-0.0240448,0.5536346,0.04408264,0.8315735,0.02775485,0.00265004,-0.02259699,0.02775485,0.00265004,-0.02259699,0.5422363,0.07206726,0.8371124,0.5422363,0.07206726,0.8371124,5.794952,5.794952,True,True,True
1601919,63779589484942,-13.58399,2.591714,-0.06649584,-0.07070291,0.8948487,0.041624,-0.4387645,0.005128785,0.003127869,-0.0240425,0.5537567,0.04475403,0.8314667,0.02775404,0.00265004,-0.02259699,0.02775404,0.00265004,-0.02259699,0.5425415,0.07296753,0.8368378,0.5425415,0.07296753,0.8368378,5.791519,5.791519,True,True,True
1601927,63779589484953,-13.58392,2.591723,-0.06653494,-0.07061966,0.8948783,0.04153438,-0.4387262,0.005210297,0.003125977,-0.02403761,0.5549774,0.0451355,0.8306274,0.02775344,0.002650055,-0.02259699,0.02775344,0.002650055,-0.02259699,0.5445862,0.07322693,0.8354797,0.5445862,0.07322693,0.8354797,5.793884,5.793884,True,True,True
1601936,63779589484953,-13.58392,2.591723,-0.06653494,-0.07061966,0.8948783,0.04153438,-0.4387262,0.005354905,0.00312294,-0.02402912,0.5547638,0.04519653,0.8307648,0.0277526,0.002650116,-0.02259699,0.0277526,0.002650116,-0.02259699,0.5443115,0.0730896,0.8356781,0.5443115,0.0730896,0.8356781,5.784561,5.784561,True,True,True
1601944,63779589484965,-13.58389,2.591717,-0.06656492,-0.07059041,0.8949285,0.04154783,-0.4386273,0.005650208,0.003116654,-0.02401039,0.5544586,0.04611206,0.8309174,0.02775231,0.002650116,-0.02259699,0.02775231,0.002650116,-0.02259699,0.544281,0.07394409,0.8356323,0.544281,0.07394409,0.8356323,5.784607,5.784607,True,True,True
1601952,63779589484975,-13.58386,2.591772,-0.06663144,-0.07056762,0.8949475,0.04138267,-0.4386077,0.00567598,0.003116333,-0.02401103,0.5559082,0.04678345,0.8299103,0.0277522,0.002650574,-0.02259743,0.0277522,0.002650574,-0.02259743,0.5467987,0.07478333,0.8339081,0.5467987,0.07478333,0.8339081,5.7883,5.7883,True,True,True
1601961,63779589484986,-13.58383,2.591754,-0.06665915,-0.07054548,0.8949214,0.04140692,-0.4386621,0.005821625,0.003113251,-0.02400214,0.5564575,0.04734802,0.8295135,0.02775195,0.002650726,-0.02259798,0.02775195,0.002650726,-0.02259798,0.5478363,0.07521057,0.8331909,0.5478363,0.07521057,0.8331909,5.789719,5.789719,True,True,True
1601969,63779589484986,-13.58383,2.591754,-0.06665915,-0.07054548,0.8949214,0.04140692,-0.4386621,0.005882935,0.003112549,-0.02399869,0.5565948,0.04730225,0.829422,0.02775191,0.002651795,-0.02259834,0.02775191,0.002651795,-0.02259834,0.5478973,0.07495117,0.8331757,0.5478973,0.07495117,0.8331757,5.789703,5.789703,True,True,True
1601977,63779589484998,-13.5838,2.59173,-0.06669337,-0.07071696,0.8948749,0.04156569,-0.4387144,0.00590178,0.003112183,-0.02399831,0.5578461,0.04849243,0.8285217,0.02775147,0.002651856,-0.02259969,0.02775147,0.002651856,-0.02259969,0.5498962,0.07673645,0.8316803,0.5498962,0.07673645,0.8316803,5.792679,5.792679,True,True,True
1601986,63779589485009,-13.58388,2.591688,-0.06672764,-0.07071318,0.894855,0.04162102,-0.4387504,0.005876389,0.003112686,-0.02400119,0.5584106,0.04858398,0.828125,0.02775137,0.002652039,-0.02260097,0.02775137,0.002652039,-0.02260097,0.5508575,0.07685852,0.8310394,0.5508575,0.07685852,0.8310394,5.793777,5.793777,True,True,True
1601994,63779589485019,-13.58387,2.591669,-0.06674492,-0.07082532,0.8948184,0.04149647,-0.4388188,0.005801819,0.003115402,-0.02400627,0.5603485,0.04844666,0.826828,0.02775043,0.002654099,-0.02260137,0.02775043,0.002654099,-0.02260137,0.5539703,0.076828,0.8289642,0.5539703,0.076828,0.8289642,5.797089,5.797089,True,True,True
1602002,63779589485019,-13.58387,2.591669,-0.06674492,-0.07082532,0.8948184,0.04149647,-0.4388188,0.005704575,0.003117706,-0.02401329,0.5603027,0.04801941,0.826889,0.02775008,0.002654587,-0.02260227,0.02775008,0.002654587,-0.02260227,0.5538788,0.0766449,0.8290558,0.5538788,0.0766449,0.8290558,5.796677,5.796677,True,True,True
1602011,63779589485031,-13.58397,2.591599,-0.0665549,-0.07086936,0.8947804,0.04156879,-0.4388823,0.00589,0.003114853,-0.02400346,0.56073,0.048172,0.8265839,0.02774959,0.002656281,-0.0226052,0.02774959,0.002656281,-0.0226052,0.5541992,0.0763855,0.8288574,0.5541992,0.0763855,0.8288574,5.796799,5.796799,True,True,True
1602019,63779589485042,-13.58396,2.591609,-0.06656271,-0.07084,0.894707,0.04148407,-0.4390448,0.005950241,0.003114548,-0.02400038,0.5606384,0.04801941,0.8266449,0.02774931,0.002657822,-0.02260593,0.02774931,0.002657822,-0.02260593,0.5541229,0.07600403,0.828949,0.5541229,0.07600403,0.828949,5.796173,5.796173,True,True,True
1602027,63779589485053,-13.58398,2.591535,-0.06647038,-0.07071842,0.894701,0.04151086,-0.4390739,0.005804535,0.0031176,-0.02401076,0.5606842,0.04748535,0.8266602,0.0277493,0.002657822,-0.02260643,0.0277493,0.002657822,-0.02260643,0.5541229,0.07600403,0.828949,0.5541229,0.07600403,0.828949,5.796585,5.796585,True,True,True
1602036,63779589485053,-13.58398,2.591535,-0.06647038,-0.07071842,0.894701,0.04151086,-0.4390739,0.005820252,0.003117264,-0.02401193,0.5611877,0.04804993,0.8262787,0.0277493,0.002657822,-0.02260986,0.0277493,0.002657822,-0.02260986,0.5540924,0.07614136,0.828949,0.5540924,0.07614136,0.828949,5.7966,5.7966,True,True,True
1602044,63779589485064,-13.58398,2.591513,-0.06643945,-0.07071312,0.8946332,0.04142302,-0.4392211,0.005749161,0.003118759,-0.02401773,0.5612946,0.04745483,0.8262482,0.0277493,0.002657822,-0.02261183,0.0277493,0.002657822,-0.02261183,0.5540771,0.07595825,0.8289795,0.5540771,0.07595825,0.8289795,5.796219,5.796219,True,True,True
1602052,63779589485075,-13.58404,2.591502,-0.06641024,-0.07061014,0.8946387,0.04137814,-0.4392308,0.005789353,0.003117905,-0.02401666,0.561203,0.0476532,0.8262939,0.0277493,0.002657822,-0.0226142,0.0277493,0.002657822,-0.0226142,0.5540771,0.07641602,0.8289337,0.5540771,0.07641602,0.8289337,5.796143,5.796143,True,True,True
1602061,63779589485086,-13.58403,2.591456,-0.0663892,-0.07067841,0.8945895,0.04141771,-0.4393162,0.005801834,0.003117645,-0.02401604,0.5612793,0.04789734,0.8262329,0.0277493,0.002657822,-0.02261434,0.0277493,0.002657822,-0.02261434,0.554245,0.07653809,0.8288116,0.554245,0.07653809,0.8288116,5.814209,5.814209,True,True,True
1602069,63779589485086,-13.58403,2.591456,-0.0663892,-0.07067841,0.8945895,0.04141771,-0.4393162,0.005836197,0.003117005,-0.02401431,0.5612335,0.04833984,0.8262329,0.0277493,0.002657822,-0.02261434,0.0277493,0.002657822,-0.02261434,0.5542145,0.07653809,0.8288269,0.5542145,0.07653809,0.8288269,5.814163,5.814163,True,True,True
1602077,63779589485098,-13.58402,2.591435,-0.06638199,-0.07069029,0.894542,0.04140193,-0.4394124,0.005893982,0.003115799,-0.02401076,0.5614471,0.04875183,0.8260651,0.0277493,0.002657822,-0.02261434,0.0277493,0.002657822,-0.02261434,0.5528564,0.07640076,0.8297424,0.5528564,0.07640076,0.8297424,5.821503,5.821503,True,True,True
1602086,63779589485109,-13.58399,2.591475,-0.06633317,-0.07075559,0.8945161,0.04135418,-0.4394593,0.005781464,0.003118058,-0.02401813,0.5598145,0.04776001,0.8272247,0.02774931,0.002657562,-0.02261434,0.02774931,0.002657562,-0.02261434,0.5501099,0.07608032,0.831604,0.5501099,0.07608032,0.831604,5.80925,5.80925,True,True,True
1602094,63779589485120,-13.58399,2.59153,-0.06630158,-0.07069954,0.894509,0.04140188,-0.4394784,0.005833801,0.003116821,-0.02401621,0.5598907,0.04847717,0.8271332,0.02774976,0.002657257,-0.02261434,0.02774976,0.002657257,-0.02261434,0.5503082,0.07597351,0.8314819,0.5503082,0.07597351,0.8314819,5.818481,5.818481,True,True,True
1602102,63779589485120,-13.58399,2.59153,-0.06630158,-0.07069954,0.894509,0.04140188,-0.4394784,0.005770935,0.003117829,-0.0240203,0.5598907,0.0476532,0.827179,0.02774985,0.002656708,-0.02261434,0.02774985,0.002656708,-0.02261434,0.5500946,0.07603455,0.8316193,0.5500946,0.07603455,0.8316193,5.819595,5.819595,True,True,True
1602111,63779589485131,-13.58395,2.591539,-0.06632578,-0.07065327,0.8944955,0.04138445,-0.4395149,0.005891281,0.003114975,-0.02401268,0.5600281,0.0479126,0.8270721,0.02775025,0.002655976,-0.02261434,0.02775025,0.002655976,-0.02261434,0.5493927,0.07614136,0.832077,0.5493927,0.07614136,0.832077,5.818375,5.818375,True,True,True
1602119,63779589485142,-13.58404,2.59152,-0.06626678,-0.07072847,0.8944639,0.04158437,-0.4395481,0.005918015,0.003114044,-0.02401108,0.5594482,0.04776001,0.8274841,0.02775044,0.00265535,-0.0226142,0.02775044,0.00265535,-0.0226142,0.5488892,0.07583618,0.8324432,0.5488892,0.07583618,0.8324432,5.816727,5.816727,True,True,True
1602127,63779589485152,-13.58406,2.591515,-0.06626517,-0.070697,0.8944542,0.04172922,-0.4395592,0.005880234,0.003114975,-0.02401331,0.5591125,0.04762268,0.827713,0.02775053,0.002655304,-0.02261293,0.02775053,0.002655304,-0.02261293,0.5488586,0.07577515,0.8324585,0.5488586,0.07577515,0.8324585,5.817444,5.817444,True,True,True
1602136,63779589485152,-13.58406,2.591515,-0.06626517,-0.070697,0.8944542,0.04172922,-0.4395592,0.005875992,0.003115051,-0.02401399,0.5590363,0.04777527,0.8277435,0.02775053,0.002654862,-0.02260996,0.02775053,0.002654862,-0.02260996,0.5488892,0.07568359,0.8324432,0.5488892,0.07568359,0.8324432,5.818298,5.818298,True,True,True
1602144,63779589485165,-13.58402,2.591518,-0.06620836,-0.07067592,0.8944145,0.04180723,-0.4396358,0.005887482,0.003113953,-0.0240112,0.5587463,0.04792786,0.8279419,0.02775108,0.002653153,-0.02260614,0.02775108,0.002653153,-0.02260614,0.5483856,0.07595825,0.8327637,0.5483856,0.07595825,0.8327637,5.818329,5.818329,True,True,True
1602152,63779589485175,-13.58402,2.591533,-0.06618154,-0.07061023,0.8943865,0.04185929,-0.4396987,0.0058116,0.003115509,-0.02401523,0.5583649,0.04785156,0.8282013,0.02775121,0.002653076,-0.02260472,0.02775121,0.002653076,-0.02260472,0.5484314,0.07585144,0.8327332,0.5484314,0.07585144,0.8327332,5.818588,5.818588,True,True,True
1602161,63779589485186,-13.584,2.591629,-0.06613421,-0.0707698,0.8943906,0.04202173,-0.439649,0.005829621,0.003114853,-0.02401401,0.5572968,0.04745483,0.828949,0.0277513,0.002652634,-0.0226046,0.0277513,0.002652634,-0.0226046,0.5475159,0.07531738,0.8333893,0.5475159,0.07531738,0.8333893,5.81694,5.81694,True,True,True
1602169,63779589485186,-13.584,2.591629,-0.06613421,-0.0707698,0.8943906,0.04202173,-0.439649,0.005921646,0.003112625,-0.02400656,0.557312,0.04771423,0.8289185,0.0277516,0.002652145,-0.02260211,0.0277516,0.002652145,-0.02260211,0.5476074,0.07525635,0.8333282,0.5476074,0.07525635,0.8333282,5.816986,5.816986,True,True,True
1602177,63779589485198,-13.58402,2.591617,-0.06611156,-0.07082021,0.8943859,0.04213077,-0.4396401,0.005885971,0.003113342,-0.02400778,0.5569916,0.04747009,0.8291473,0.02775171,0.002652084,-0.02260034,0.02775171,0.002652084,-0.02260034,0.5469513,0.0749054,0.8338013,0.5469513,0.0749054,0.8338013,5.81604,5.81604,True,True,True
1602186,63779589485208,-13.58402,2.591615,-0.06610382,-0.07084513,0.8943583,0.04231006,-0.4396749,0.005814698,0.003114807,-0.02401216,0.5568237,0.04701233,0.8292847,0.02775177,0.002652008,-0.02259998,0.02775177,0.002652008,-0.02259998,0.5469971,0.074646,0.833786,0.5469971,0.074646,0.833786,5.818054,5.818054,True,True,True
1602194,63779589485220,-13.58407,2.591628,-0.06610411,-0.07082412,0.8943617,0.04237698,-0.439665,0.005219986,0.003127182,-0.02404984,0.5555725,0.04627991,0.8301544,0.02775188,0.002651734,-0.02259899,0.02775188,0.002651734,-0.02259899,0.5445099,0.07467651,0.8354034,0.5445099,0.07467651,0.8354034,5.81781,5.81781,True,True,True
1602202,63779589485220,-13.58407,2.591628,-0.06610411,-0.07082412,0.8943617,0.04237698,-0.439665,0.005123383,0.003128967,-0.02405518,0.5556793,0.04614258,0.8300934,0.02775203,0.002651657,-0.02259752,0.02775203,0.002651657,-0.02259752,0.5445557,0.07460022,0.8353882,0.5445557,0.07460022,0.8353882,5.817856,5.817856,True,True,True
1602211,63779589485232,-13.58407,2.591646,-0.06609976,-0.07087621,0.8943681,0.04254397,-0.4396275,0.005066193,0.003129624,-0.02405852,0.5558014,0.04605103,0.8300323,0.02775238,0.002650925,-0.02259693,0.02775238,0.002650925,-0.02259693,0.5446625,0.07449341,0.8353271,0.5446625,0.07449341,0.8353271,5.818619,5.818619,True,True,True
1602219,63779589485243,-13.584,2.591633,-0.06607068,-0.07091173,0.8943703,0.04256545,-0.4396152,0.005107193,0.003128098,-0.02405431,0.5558624,0.0461731,0.8299866,0.02775267,0.002650391,-0.02259468,0.02775267,0.002650391,-0.02259468,0.544754,0.07447815,0.8352661,0.544754,0.07447815,0.8352661,5.818726,5.818726,True,True,True
1602227,63779589485243,-13.584,2.591633,-0.06607068,-0.07091173,0.8943703,0.04256545,-0.4396152,0.005143753,0.003126587,-0.02405168,0.5557556,0.04640198,0.8300476,0.02775281,0.00264917,-0.02259455,0.02775281,0.00264917,-0.02259455,0.5447693,0.07479858,0.8352356,0.5447693,0.07479858,0.8352356,5.818634,5.818634,True,True,True
1602236,63779589485255,-13.58402,2.591664,-0.06607956,-0.07093812,0.8943905,0.04263658,-0.4395629,0.005154068,0.003125427,-0.02404985,0.5557556,0.04656982,0.8300171,0.02775311,0.002647599,-0.02259265,0.02775311,0.002647599,-0.02259265,0.5448761,0.07507324,0.835144,0.5448761,0.07507324,0.835144,5.820496,5.820496,True,True,True
1602244,63779589485266,-13.58401,2.591671,-0.06606573,-0.07105763,0.8944097,0.04272386,-0.4394961,0.005180664,0.003124802,-0.02404753,0.5557251,0.0464325,0.8300629,0.02775372,0.002647476,-0.02259158,0.02775372,0.002647476,-0.02259158,0.5448303,0.07458496,0.8352051,0.5448303,0.07458496,0.8352051,5.820221,5.820221,True,True,True
1602252,63779589485277,-13.58406,2.591627,-0.06610203,-0.07112276,0.894393,0.04282948,-0.4395092,0.00512526,0.003125763,-0.02404833,0.5556183,0.04689026,0.8301086,0.02775372,0.00264711,-0.02258705,0.02775372,0.00264711,-0.02258705,0.5450897,0.07440186,0.8350525,0.5450897,0.07440186,0.8350525,5.82048,5.82048,True,True,True
1602261,63779589485277,-13.58406,2.591627,-0.06610203,-0.07112276,0.894393,0.04282948,-0.4395092,0.005090363,0.003126374,-0.02405049,0.5553436,0.04693604,0.8302917,0.02775427,0.002646881,-0.02258696,0.02775427,0.002646881,-0.02258696,0.5452271,0.07447815,0.8349609,0.5452271,0.07447815,0.8349609,5.820786,5.820786,True,True,True
1602269,63779589485288,-13.58407,2.591609,-0.06609797,-0.07109948,0.894451,0.04294703,-0.4393834,0.00505954,0.003126877,-0.02405194,0.5553589,0.04573059,0.8303375,0.02775427,0.002646652,-0.02258608,0.02775427,0.002646652,-0.02258608,0.5452576,0.07258606,0.8351135,0.5452576,0.07258606,0.8351135,5.819275,5.819275,True,True,True
1602277,63779589485300,-13.58405,2.591598,-0.06604165,-0.0711335,0.8943985,0.04284436,-0.4394949,0.005031311,0.003126709,-0.02405324,0.5556793,0.0459137,0.8301086,0.02775427,0.002645386,-0.02258536,0.02775427,0.002645386,-0.02258536,0.5457458,0.07293701,0.8347473,0.5457458,0.07293701,0.8347473,5.820236,5.820236,True,True,True
1602286,63779589485312,-13.58409,2.591594,-0.06599772,-0.0711144,0.8944492,0.04277152,-0.4394018,0.005019684,0.003127213,-0.02405399,0.5561829,0.04737854,0.8296967,0.02775427,0.002645386,-0.02258531,0.02775427,0.002645386,-0.02258531,0.5464325,0.07543945,0.8340912,0.5464325,0.07543945,0.8340912,5.826874,5.826874,True,True,True
1602294,63779589485312,-13.58409,2.591594,-0.06599772,-0.0711144,0.8944492,0.04277152,-0.4394018,0.005052841,0.003126969,-0.02405089,0.5563812,0.04708862,0.8295746,0.02775427,0.002645386,-0.02258389,0.02775427,0.002645386,-0.02258389,0.5467377,0.0753479,0.8338928,0.5467377,0.0753479,0.8338928,5.829102,5.829102,True,True,True
1602302,63779589485323,-13.5841,2.591577,-0.06599694,-0.07124099,0.8944573,0.04280802,-0.4393614,0.005118897,0.003125809,-0.02404645,0.5564728,0.04750061,0.8294983,0.02775427,0.002645386,-0.02258371,0.02775427,0.002645386,-0.02258371,0.546875,0.07569885,0.8337708,0.546875,0.07569885,0.8337708,5.830063,5.830063,True,True,True
1602311,63779589485334,-13.58416,2.591537,-0.06606847,-0.07119754,0.8944512,0.04273193,-0.4393882,0.00521283,0.003124451,-0.02404002,0.5562592,0.04754639,0.8296356,0.02775349,0.002645386,-0.02258304,0.02775349,0.002645386,-0.02258304,0.5465851,0.07583618,0.8339539,0.5465851,0.07583618,0.8339539,5.831619,5.831619,True,True,True
1602319,63779589485334,-13.58416,2.591537,-0.06606847,-0.07119754,0.8944512,0.04273193,-0.4393882,0.005731888,0.003113678,-0.02400632,0.5563354,0.04815674,0.8295441,0.02775311,0.002645386,-0.02258284,0.02775311,0.002645386,-0.02258284,0.5466309,0.07579041,0.8339233,0.5466309,0.07579041,0.8339233,5.831833,5.831833,True,True,True
1602327,63779589485346,-13.58417,2.591509,-0.06606883,-0.07119996,0.8944297,0.04270198,-0.4394345,0.005762223,0.003113083,-0.02400433,0.5564117,0.04803467,0.8294983,0.02775305,0.002645386,-0.02258278,0.02775305,0.002645386,-0.02258278,0.5466919,0.07582092,0.8338776,0.5466919,0.07582092,0.8338776,5.82959,5.82959,True,True,True
1602336,63779589485358,-13.58418,2.591499,-0.06607109,-0.07130313,0.8944074,0.04269635,-0.4394637,0.005788834,0.003113114,-0.02400237,0.5557556,0.04782104,0.8299561,0.02775267,0.002646225,-0.0225825,0.02775267,0.002646225,-0.0225825,0.5465698,0.07557678,0.8339844,0.5465698,0.07557678,0.8339844,5.827255,5.827255,True,True,True
1602344,63779589485369,-13.58415,2.591494,-0.06603116,-0.0712488,0.8943755,0.04257462,-0.4395491,0.005786637,0.003113556,-0.02400246,0.5562134,0.04690552,0.8296967,0.0277517,0.002646775,-0.02258249,0.0277517,0.002646775,-0.02258249,0.5463715,0.07533264,0.834137,0.5463715,0.07533264,0.834137,5.830734,5.830734,True,True,True
1602352,63779589485369,-13.58415,2.591494,-0.06603116,-0.0712488,0.8943755,0.04257462,-0.4395491,0.005664719,0.003116516,-0.02401004,0.5566254,0.04692078,0.829422,0.02775113,0.002646881,-0.02258243,0.02775113,0.002646881,-0.02258243,0.5468292,0.07574463,0.833786,0.5468292,0.07574463,0.833786,5.833282,5.833282,True,True,True
1602361,63779589485380,-13.58416,2.591492,-0.0660249,-0.07115374,0.8943785,0.04251101,-0.4395645,0.005637818,0.003117142,-0.02401141,0.556778,0.04736328,0.8292999,0.02775081,0.002646973,-0.02258183,0.02775081,0.002646973,-0.02258183,0.5467377,0.07626343,0.8338013,0.5467377,0.07626343,0.8338013,5.832169,5.832169,True,True,True
1602369,63779589485391,-13.58414,2.591481,-0.06601536,-0.07116235,0.8943194,0.04241625,-0.4396927,0.005564194,0.003119095,-0.02401599,0.5571747,0.04719543,0.8290405,0.0277506,0.00264708,-0.02258154,0.0277506,0.00264708,-0.02258154,0.5467072,0.07618713,0.8338318,0.5467072,0.07618713,0.8338318,5.833694,5.833694,True,True,True
1602377,63779589485402,-13.58416,2.591478,-0.06601512,-0.07114297,0.8942936,0.04236586,-0.439753,0.005722733,0.00311644,-0.02400566,0.5569305,0.04705811,0.8292084,0.02775005,0.002647461,-0.02258144,0.02775005,0.002647461,-0.02258144,0.5460052,0.07577515,0.8343353,0.5460052,0.07577515,0.8343353,5.833847,5.833847,True,True,True
1602386,63779589485402,-13.58416,2.591478,-0.06601512,-0.07114297,0.8942936,0.04236586,-0.439753,0.005850372,0.0031138,-0.02399748,0.556839,0.04716492,0.8292694,0.02774983,0.002647568,-0.02258116,0.02774983,0.002647568,-0.02258116,0.5459442,0.07563782,0.8343811,0.5459442,0.07563782,0.8343811,5.832413,5.832413,True,True,True
1602394,63779589485413,-13.58419,2.591483,-0.06605017,-0.07108111,0.8942854,0.04228242,-0.4397876,0.005679718,0.003117767,-0.02400865,0.5568695,0.04760742,0.8292236,0.02774953,0.002647919,-0.02258116,0.02774953,0.002647919,-0.02258116,0.5458069,0.0756073,0.8344879,0.5458069,0.0756073,0.8344879,5.83345,5.83345,True,True,True
1602402,63779589485424,-13.58421,2.591524,-0.06605428,-0.07113367,0.8942347,0.04218149,-0.4398919,0.00579335,0.00311557,-0.0240015,0.5565491,0.04693604,0.8294678,0.02774944,0.002647934,-0.02258116,0.02774944,0.002647934,-0.02258116,0.5457764,0.07553101,0.8345032,0.5457764,0.07553101,0.8345032,5.833389,5.833389,True,True,True
1602411,63779589485436,-13.58424,2.591543,-0.06604415,-0.07104201,0.8942507,0.04201381,-0.4398904,0.005758286,0.003116715,-0.02400388,0.5567017,0.04696655,0.8293762,0.02774942,0.002648178,-0.02258072,0.02774942,0.002648178,-0.02258072,0.5457611,0.07543945,0.8345184,0.5457611,0.07543945,0.8345184,5.833069,5.833069,True,True,True
1602419,63779589485436,-13.58424,2.591543,-0.06604415,-0.07104201,0.8942507,0.04201381,-0.4398904,0.00575763,0.003117234,-0.02400388,0.5567474,0.04684448,0.8293457,0.02774939,0.002648239,-0.02258052,0.02774939,0.002648239,-0.02258052,0.5456696,0.07542419,0.8345947,0.5456696,0.07542419,0.8345947,5.83876,5.83876,True,True,True
1602427,63779589485447,-13.5842,2.591493,-0.06599188,-0.07102152,0.8942501,0.04203846,-0.4398925,0.005757202,0.003117249,-0.02400449,0.5567474,0.046875,0.8293457,0.02774939,0.002648239,-0.02258052,0.02774939,0.002648239,-0.02258052,0.5456696,0.07539368,0.8345795,0.5456696,0.07539368,0.8345795,5.839951,5.839951,True,True,True
1602436,63779589485458,-13.5842,2.59151,-0.06598777,-0.07093494,0.8942389,0.04192495,-0.4399401,0.005804276,0.003116379,-0.02400137,0.5568542,0.04689026,0.8292694,0.02774939,0.002648453,-0.0225793,0.02774939,0.002648453,-0.0225793,0.5458527,0.07528687,0.8344727,0.5458527,0.07528687,0.8344727,5.840225,5.840225,True,True,True
1602444,63779589485469,-13.58419,2.591492,-0.06599522,-0.07098325,0.8942022,0.04201735,-0.439998,0.005754395,0.003117462,-0.02400401,0.556778,0.04705811,0.8293152,0.02774939,0.002648483,-0.0225782,0.02774939,0.002648483,-0.0225782,0.5457001,0.07521057,0.8345947,0.5457001,0.07521057,0.8345947,5.839859,5.839859,True,True,True
1602452,63779589485469,-13.58419,2.591492,-0.06599522,-0.07098325,0.8942022,0.04201735,-0.439998,0.00582544,0.003116119,-0.02399951,0.5565186,0.04838562,0.8294067,0.02774939,0.002648651,-0.02257768,0.02774939,0.002648651,-0.02257768,0.5452271,0.07522583,0.8348999,0.5452271,0.07522583,0.8348999,5.839462,5.839462,True,True,True
1602461,63779589485480,-13.58422,2.591517,-0.06602484,-0.07113008,0.8941834,0.04224287,-0.439991,0.005823334,0.003116226,-0.02399989,0.5565643,0.04898071,0.8293457,0.02774939,0.002648667,-0.02257768,0.02774939,0.002648667,-0.02257768,0.5452118,0.07592773,0.8348389,0.5452118,0.07592773,0.8348389,5.840164,5.840164,True,True,True
1602469,63779589485491,-13.58426,2.591505,-0.06603014,-0.07117039,0.894166,0.04249386,-0.4399958,0.005800797,0.003117157,-0.02400079,0.5563965,0.04924011,0.8294373,0.02774918,0.002649384,-0.02257652,0.02774918,0.002649384,-0.02257652,0.545166,0.0761261,0.8348541,0.545166,0.0761261,0.8348541,5.838852,5.838852,True,True,True
1602477,63779589485502,-13.58422,2.591556,-0.06606716,-0.07144176,0.894094,0.0425377,-0.4400937,0.005773911,0.00311818,-0.02400237,0.5559082,0.04899597,0.8297882,0.02774918,0.002649857,-0.02257587,0.02774918,0.002649857,-0.02257587,0.5443573,0.0758667,0.8354034,0.5443573,0.0758667,0.8354034,5.83194,5.83194,True,True,True
1602486,63779589485502,-13.58422,2.591556,-0.06606716,-0.07144176,0.894094,0.0425377,-0.4400937,0.005730881,0.003119095,-0.02400522,0.5556793,0.04914856,0.8299255,0.02774941,0.002649857,-0.02257544,0.02774941,0.002649857,-0.02257544,0.5452271,0.07633972,0.8347931,0.5452271,0.07633972,0.8347931,5.839127,5.839127,True,True,True
1602494,63779589485513,-13.58424,2.591537,-0.06607819,-0.07155977,0.8940595,0.0425084,-0.4401474,0.005894852,0.003115479,-0.02399451,0.5546875,0.04901123,0.8305969,0.02774944,0.002649857,-0.02257535,0.02774944,0.002649857,-0.02257535,0.5451813,0.07626343,0.8348236,0.5451813,0.07626343,0.8348236,5.833511,5.833511,True,True,True
1602502,63779589485524,-13.58425,2.59148,-0.06605619,-0.07160167,0.8940364,0.04256014,-0.4401827,0.00598288,0.003113602,-0.02398786,0.5546417,0.04910278,0.8306274,0.02774951,0.002649857,-0.02257382,0.02774951,0.002649857,-0.02257382,0.5451965,0.07624817,0.8348236,0.5451965,0.07624817,0.8348236,5.830612,5.830612,True,True,True
1602511,63779589485536,-13.58426,2.591453,-0.06606221,-0.07168515,0.8940136,0.04239154,-0.4402316,0.006063584,0.003112015,-0.02398212,0.5555725,0.04841614,0.8300476,0.02774961,0.002649857,-0.02257301,0.02774961,0.002649857,-0.02257301,0.5452423,0.07621765,0.8347931,0.5452423,0.07621765,0.8347931,5.833572,5.833572,True,True,True
1602519,63779589485536,-13.58426,2.591453,-0.06606221,-0.07168515,0.8940136,0.04239154,-0.4402316,0.006055542,0.003111725,-0.02398262,0.5556183,0.04801941,0.8300323,0.02774989,0.002649109,-0.02257297,0.02774989,0.002649109,-0.02257297,0.5453033,0.07633972,0.8347473,0.5453033,0.07633972,0.8347473,5.830902,5.830902,True,True,True
1602527,63779589485546,-13.58426,2.59146,-0.06610125,-0.07158055,0.8940141,0.04236991,-0.4402497,0.005999481,0.003112915,-0.02398628,0.5551453,0.04837036,0.8303375,0.02774994,0.002649109,-0.02257297,0.02774994,0.002649109,-0.02257297,0.5445251,0.07626343,0.8352509,0.5445251,0.07626343,0.8352509,5.833069,5.833069,True,True,True
1602536,63779589485558,-13.58428,2.591478,-0.0661127,-0.07155993,0.8940397,0.04227675,-0.4402101,0.004437607,0.003145966,-0.02408774,0.5558777,0.0463562,0.8299561,0.02775023,0.002648667,-0.02257262,0.02775023,0.002648667,-0.02257262,0.5445251,0.07559204,0.8353119,0.5445251,0.07559204,0.8353119,5.826843,5.826843,True,True,True
1602544,63779589485569,-13.58432,2.591466,-0.0661341,-0.07150336,0.8940931,0.04225625,-0.4401127,0.004488114,0.003145218,-0.02408188,0.5607452,0.05006409,0.8264618,0.02779802,0.002638153,-0.02255481,0.02779802,0.002638153,-0.02255481,0.5497894,0.07479858,0.8319244,0.5497894,0.07479858,0.8319244,5.879761,5.879761,True,True,True
1602552,63779589485569,-13.58432,2.591466,-0.0661341,-0.07150336,0.8940931,0.04225625,-0.4401127,0.002264054,0.003197312,-0.02418601,0.5466003,0.05081177,0.8358307,0.02791802,0.002631668,-0.02252519,0.02791802,0.002631668,-0.02252519,0.5376587,0.0879364,0.8385468,0.5376587,0.0879364,0.8385468,5.806747,5.806747,True,True,True
1602561,63779589485580,-13.5843,2.591466,-0.06618071,-0.0713328,0.8941146,0.04212274,-0.4401094,0.004528,0.003200684,-0.02398163,0.5402832,0.04751587,0.8401337,0.02804274,0.002695419,-0.02245723,0.02804274,0.002695419,-0.02245723,0.5430298,0.07669067,0.8361816,0.5430298,0.07669067,0.8361816,5.738464,5.738464,True,True,True
1602569,63779589485591,-13.58425,2.591465,-0.06619716,-0.07129403,0.8941484,0.04201642,-0.4400573,0.009345154,0.003145371,-0.02361983,0.5086517,0.06411743,0.8585663,0.02812355,0.002739075,-0.02241252,0.02812355,0.002739075,-0.02241252,0.5052795,0.09368896,0.8578491,0.5052795,0.09368896,0.8578491,5.666473,5.666473,True,True,True
1602577,63779589485602,-13.58423,2.591428,-0.06619149,-0.07130036,0.8942014,0.04205366,-0.439945,0.007891526,0.003220154,-0.0236519,0.4894104,0.0532074,0.8704224,0.02827005,0.002786072,-0.02234477,0.02827005,0.002786072,-0.02234477,0.4845123,0.08004761,0.871109,0.4845123,0.08004761,0.871109,5.808868,5.808868,True,True,True
1602586,63779589485602,-13.58423,2.591428,-0.06619149,-0.07130036,0.8942014,0.04205366,-0.439945,0.01126856,0.003202591,-0.02339723,0.473114,0.07305908,0.8779449,0.02841629,0.002817856,-0.02228893,0.02841629,0.002817856,-0.02228893,0.4621429,0.09051514,0.8821564,0.4621429,0.09051514,0.8821564,5.725739,5.725739,True,True,True
1602594,63779589485613,-13.58419,2.591402,-0.06616962,-0.07116824,0.8941922,0.04204495,-0.4399858,0.01831801,0.00308667,-0.02289241,0.4377594,0.07618713,0.8958435,0.02861287,0.002840302,-0.02225051,0.02861287,0.002840302,-0.02225051,0.4337616,0.09706116,0.8957825,0.4337616,0.09706116,0.8957825,5.717987,5.717987,True,True,True
1602602,63779589485624,-13.58416,2.591403,-0.06614667,-0.07121618,0.8942692,0.04200415,-0.4398257,0.01796979,0.003242325,-0.02286334,0.4209747,0.0763092,0.9038391,0.02876673,0.003007019,-0.0221884,0.02876673,0.003007019,-0.0221884,0.4131012,0.09963989,0.9052124,0.4131012,0.09963989,0.9052124,5.599991,5.599991,True,True,True
1602611,63779589485636,-13.58413,2.591394,-0.06621706,-0.07112577,0.8942935,0.04190629,-0.4398,-0.02893607,0.004374619,-0.02571103,0.4271545,-0.05082703,0.9027405,0.02894379,0.003100983,-0.02215173,0.02894379,0.003100983,-0.02215173,0,0,0,0,0,0,-1,-1,True,True,True
1602619,63779589485636,-13.58413,2.591394,-0.06621706,-0.07112577,0.8942935,0.04190629,-0.4398,-0.001,-0.001,-0.001,1,-1,-1,0.02906241,0.003263718,-0.02215009,0.02906241,0.003263718,-0.02215009,0,0,0,0,0,0,-1,-1,False,True,True
1602627,63779589485647,-13.58405,2.591411,-0.06620163,-0.07108258,0.8943062,0.04189956,-0.4397818,-0.001,-0.001,-0.001,1,-1,-1,0.0291808,0.003356323,-0.02209813,0.0291808,0.003356323,-0.02209813,0,0,0,0,0,0,-1,-1,False,True,True
1602636,63779589485659,-13.58403,2.591404,-0.06619525,-0.07104214,0.8943957,0.04182971,-0.4396129,-0.001,-0.001,-0.001,1,-1,-1,0.0290323,0.003200104,-0.02215405,0.0290323,0.003200104,-0.02215405,0,0,0,0,0,0,-1,-1,False,True,True
1602644,63779589485670,-13.58404,2.59139,-0.06621313,-0.07103465,0.8944316,0.04171802,-0.4395519,-0.001,-0.001,-0.001,1,-1,-1,0.02934964,0.003140869,-0.02203313,0.02934964,0.003140869,-0.02203313,0,0,0,0,0,0,-1,-1,False,True,True
1602652,63779589485670,-13.58404,2.59139,-0.06621313,-0.07103465,0.8944316,0.04171802,-0.4395519,-0.001,-0.001,-0.001,1,-1,-1,0.02933194,0.003421738,-0.02189952,0.02933194,0.003421738,-0.02189952,0,0,0,0,0,0,-1,-1,False,True,True
1602661,63779589485680,-13.58404,2.591363,-0.06614387,-0.07089517,0.8945196,0.04162943,-0.4394035,-0.001,-0.001,-0.001,1,-1,-1,0.02909256,0.003464035,-0.02185707,0.02909256,0.003464035,-0.02185707,0,0,0,0,0,0,-1,-1,False,True,True
1602669,63779589485692,-13.58399,2.591328,-0.06619811,-0.0709253,0.8945076,0.04163329,-0.4394228,-0.001,-0.001,-0.001,1,-1,-1,0.02915302,0.003636551,-0.02167555,0.02915302,0.003636551,-0.02167555,0,0,0,0,0,0,-1,-1,False,True,True
1602677,63779589485704,-13.58406,2.591343,-0.0661732,-0.07090487,0.8945708,0.0415029,-0.4393097,-0.001,-0.001,-0.001,1,-1,-1,0.02937918,0.003815643,-0.02184404,0.02937918,0.003815643,-0.02184404,0,0,0,0,0,0,-1,-1,False,True,True
1602686,63779589485704,-13.58406,2.591343,-0.0661732,-0.07090487,0.8945708,0.0415029,-0.4393097,-0.001,-0.001,-0.001,1,-1,-1,0.02991808,0.003883057,-0.02193521,0.02991808,0.003883057,-0.02193521,0,0,0,0,0,0,-1,-1,False,True,True
1602694,63779589485714,-13.58403,2.591366,-0.06616402,-0.07096066,0.8945867,0.04138941,-0.439279,-0.001,-0.001,-0.001,1,-1,-1,0.02938802,0.003724381,-0.02192572,0.02938802,0.003724381,-0.02192572,0,0,0,0,0,0,-1,-1,False,True,True
1602702,63779589485725,-13.58401,2.59134,-0.06615448,-0.07095865,0.8946069,0.04131688,-0.439245,-0.001,-0.001,-0.001,1,-1,-1,0.02979593,0.003845642,-0.02190235,0.02979593,0.003845642,-0.02190235,0,0,0,0,0,0,-1,-1,False,True,True
1602711,63779589485736,-13.58407,2.591332,-0.06612498,-0.0709825,0.8946125,0.04146301,-0.4392162,-0.001,-0.001,-0.001,1,-1,-1,0.02965961,0.003517899,-0.02205875,0.02965961,0.003517899,-0.02205875,0,0,0,0,0,0,-1,-1,False,True,True
1602719,63779589485736,-13.58407,2.591332,-0.06612498,-0.0709825,0.8946125,0.04146301,-0.4392162,-0.001,-0.001,-0.001,1,-1,-1,0.02955695,0.003405243,-0.02204799,0.02955695,0.003405243,-0.02204799,0,0,0,0,0,0,-1,-1,False,True,True
1602727,63779589485748,-13.58407,2.591322,-0.06608731,-0.0710035,0.8945933,0.04151944,-0.4392466,-0.001,-0.001,-0.001,1,-1,-1,0.02953481,0.003376587,-0.02200266,0.02953481,0.003376587,-0.02200266,0,0,0,0,0,0,-1,-1,False,True,True
1602736,63779589485759,-13.58405,2.591316,-0.06606483,-0.07109597,0.8945804,0.04158962,-0.4392512,-0.001,-0.001,-0.001,1,-1,-1,0.02966246,0.0032724,-0.02202747,0.02966246,0.0032724,-0.02202747,0,0,0,0,0,0,-1,-1,False,True,True
1602744,63779589485770,-13.58405,2.591286,-0.06601787,-0.07120579,0.8945759,0.04166202,-0.4392356,0.02949657,0.003328308,-0.02205962,0.3010712,0.1679077,0.9386902,0.02952818,0.003327637,-0.02205779,0.02952818,0.003327637,-0.02205779,0.3010864,0.1679993,0.9386749,0.3010864,0.1679993,0.9386749,5.808655,5.808655,True,True,True
1602752,63779589485770,-13.58405,2.591286,-0.06601787,-0.07120579,0.8945759,0.04166202,-0.4392356,0.02931777,0.00329448,-0.02202698,0.3036041,0.1237488,0.9447174,0.02953185,0.003289597,-0.02201405,0.02953185,0.003289597,-0.02201405,0.3036041,0.1240234,0.9446716,0.3036041,0.1240234,0.9446716,5.428329,5.428329,True,True,True
1602761,63779589485781,-13.584,2.591295,-0.06595939,-0.07119694,0.8945476,0.04167198,-0.4392938,0.01028444,0.003688721,-0.02319003,0.2880249,0.1230164,0.9496765,0.02954512,0.003276337,-0.02201677,0.02954512,0.003276337,-0.02201677,0.2858734,0.1468048,0.9469452,0.2858734,0.1468048,0.9469452,5.60025,5.60025,True,True,True
1602769,63779589485792,-13.58397,2.591304,-0.06589282,-0.07129554,0.8945311,0.04164402,-0.4393141,0.009978531,0.003709442,-0.02322223,0.2913666,0.1278381,0.9480133,0.0294977,0.003290421,-0.02203816,0.0294977,0.003290421,-0.02203816,0.2801666,0.1626129,0.9460602,0.2801666,0.1626129,0.9460602,5.739365,5.739365,True,True,True
1602777,63779589485803,-13.58397,2.591318,-0.06589419,-0.07123517,0.8945562,0.04175525,-0.4392621,0.01087514,0.003660858,-0.0231722,0.2851563,0.1387939,0.9483643,0.02947496,0.003247772,-0.02204251,0.02947496,0.003247772,-0.02204251,0.2750244,0.1665649,0.9468842,0.2750244,0.1665649,0.9468842,5.757355,5.757355,True,True,True
1602786,63779589485803,-13.58397,2.591318,-0.06589419,-0.07123517,0.8945562,0.04175525,-0.4392621,0.01194189,0.00362648,-0.02309305,0.3002472,0.1204834,0.9462128,0.02947939,0.003237183,-0.02201352,0.02947939,0.003237183,-0.02201352,0.28862,0.13797,0.9474487,0.28862,0.13797,0.9474487,5.703247,5.703247,True,True,True
1602794,63779589485814,-13.58401,2.591321,-0.06588018,-0.07119409,0.8945091,0.04177727,-0.4393626,0.01348172,0.003578903,-0.02302345,0.2970428,0.146286,0.943573,0.02947749,0.003222733,-0.02203253,0.02947749,0.003222733,-0.02203253,0.2835083,0.1603088,0.9454651,0.2835083,0.1603088,0.9454651,5.820374,5.820374,True,True,True
1602802,63779589485825,-13.58399,2.591325,-0.06589347,-0.0711153,0.89449,0.04196513,-0.4393964,0.01513455,0.003521591,-0.02293074,0.2955017,0.1553497,0.9426117,0.02946469,0.003195999,-0.0220398,0.02946469,0.003195999,-0.0220398,0.2814636,0.1647034,0.9453125,0.2814636,0.1647034,0.9453125,5.812637,5.812637,True,True,True
1602810,63779589485837,-13.58397,2.591328,-0.06586099,-0.07107741,0.8944659,0.04192587,-0.4394554,0.01340384,0.003549881,-0.02302703,0.2939453,0.1482086,0.9442444,0.02945909,0.003194962,-0.02204472,0.02945909,0.003194962,-0.02204472,0.2867279,0.1672211,0.9432983,0.2867279,0.1672211,0.9432983,5.797653,5.797653,True,True,True
1602819,63779589485837,-13.58397,2.591328,-0.06586099,-0.07107741,0.8944659,0.04192587,-0.4394554,0.01249075,0.003557282,-0.02306279,0.2921295,0.1305084,0.9474182,0.02946147,0.00318689,-0.02202667,0.02946147,0.00318689,-0.02202667,0.2824554,0.1555023,0.946579,0.2824554,0.1555023,0.946579,5.773972,5.773972,True,True,True
1602827,63779589485848,-13.58398,2.591332,-0.06581891,-0.07102417,0.8944778,0.0420238,-0.4394301,0.009995789,0.003609055,-0.02321999,0.2975311,0.1296082,0.9458618,0.029457,0.003185379,-0.02202902,0.029457,0.003185379,-0.02202902,0.2888947,0.1558838,0.9445801,0.2888947,0.1558838,0.9445801,5.839325,5.839325,True,True,True
1602835,63779589485859,-13.58395,2.591344,-0.06578851,-0.07099545,0.8944371,0.04207527,-0.439513,0.009180374,0.003608963,-0.02328328,0.2979279,0.1388397,0.9444275,0.02945719,0.003162781,-0.02204384,0.02945719,0.003162781,-0.02204384,0.2893219,0.1660461,0.9427185,0.2893219,0.1660461,0.9427185,5.814819,5.814819,True,True,True
1602844,63779589485869,-13.5839,2.591339,-0.06572384,-0.07098114,0.894446,0.04214201,-0.4394908,0.008781083,0.003607681,-0.02329012,0.2902374,0.1314545,0.947876,0.0294744,0.003156693,-0.02201747,0.0294744,0.003156693,-0.02201747,0.2819366,0.1529236,0.9471588,0.2819366,0.1529236,0.9471588,5.779617,5.779617,True,True,True
1602852,63779589485869,-13.5839,2.591339,-0.06572384,-0.07098114,0.894446,0.04214201,-0.4394908,0.008713105,0.003603714,-0.02330515,0.2962189,0.1382599,0.9450531,0.02947762,0.003150696,-0.02202132,0.02947762,0.003150696,-0.02202132,0.2870941,0.1566315,0.9449921,0.2870941,0.1566315,0.9449921,5.853363,5.853363,True,True,True
1602860,63779589485881,-13.58387,2.591345,-0.06567866,-0.07092482,0.8944364,0.04212197,-0.4395213,0.008479844,0.003604141,-0.02331658,0.2951813,0.1308899,0.9464264,0.02946442,0.003140686,-0.02202411,0.02946442,0.003140686,-0.02202411,0.287735,0.1513214,0.9456635,0.287735,0.1513214,0.9456635,5.836197,5.836197,True,True,True
1602869,63779589485891,-13.58382,2.591371,-0.06561631,-0.07087514,0.8944786,0.04212367,-0.4394433,0.008580322,0.003591522,-0.0233087,0.293335,0.1316071,0.9468994,0.02945122,0.003130676,-0.02202692,0.02945122,0.003130676,-0.02202692,0.2883148,0.1532288,0.9451904,0.2883148,0.1532288,0.9451904,5.826004,5.826004,True,True,True
1602877,63779589485903,-13.5838,2.591325,-0.0656389,-0.07085415,0.8945248,0.04227759,-0.4393377,0.00785167,0.003607269,-0.02336125,0.2871246,0.1435852,0.9470673,0.02944226,0.003127823,-0.02203665,0.02944226,0.003127823,-0.02203665,0.2783356,0.1669769,0.9458466,0.2783356,0.1669769,0.9458466,5.818558,5.818558,True,True,True
1602885,63779589485903,-13.5838,2.591325,-0.0656389,-0.07085415,0.8945248,0.04227759,-0.4393377,0.006964081,0.003625458,-0.02340221,0.2907562,0.1248169,0.9486084,0.02943015,0.003129639,-0.02201968,0.02943015,0.003129639,-0.02201968,0.2799988,0.1492615,0.9483185,0.2799988,0.1492615,0.9483185,5.788773,5.788773,True,True,True
1602894,63779589485914,-13.58377,2.591328,-0.06562424,-0.07083642,0.8945149,0.04238461,-0.4393506,0.007240281,0.003619492,-0.02338951,0.2848663,0.1349487,0.9490051,0.02943414,0.003133621,-0.02202541,0.02943414,0.003133621,-0.02202541,0.276947,0.157196,0.947937,0.276947,0.157196,0.947937,5.808167,5.808167,True,True,True
1602902,63779589485925,-13.58368,2.591333,-0.0656212,-0.07079908,0.8945397,0.04250317,-0.4392947,0.007269761,0.003614151,-0.02339411,0.2896881,0.1352844,0.9475098,0.02943746,0.003124161,-0.02202457,0.02943746,0.003124161,-0.02202457,0.2771606,0.1555023,0.9481506,0.2771606,0.1555023,0.9481506,5.797882,5.797882,True,True,True
1602910,63779589485936,-13.58366,2.591349,-0.06559819,-0.07088203,0.8945864,0.04257602,-0.4391789,0.007145188,0.003615143,-0.02340559,0.2912903,0.1368256,0.9467926,0.02943604,0.003121872,-0.02203359,0.02943604,0.003121872,-0.02203359,0.2843628,0.1591949,0.9453888,0.2843628,0.1591949,0.9453888,5.804916,5.804916,True,True,True
1602919,63779589485936,-13.58366,2.591349,-0.06559819,-0.07088203,0.8945864,0.04257602,-0.4391789,0.007265213,0.003613602,-0.02338304,0.2816315,0.1303711,0.9506073,0.02943746,0.003123184,-0.02201169,0.02943746,0.003123184,-0.02201169,0.2708588,0.1483459,0.9511108,0.2708588,0.1483459,0.9511108,5.732513,5.732513,True,True,True
1602927,63779589485947,-13.58355,2.591368,-0.06548762,-0.07085218,0.8945552,0.04276303,-0.4392291,0.007437607,0.003610535,-0.02337564,0.2886658,0.127182,0.9489288,0.02943491,0.003124069,-0.02201254,0.02943491,0.003124069,-0.02201254,0.2731934,0.1497803,0.9502106,0.2731934,0.1497803,0.9502106,5.763214,5.763214,True,True,True
1602935,63779589485959,-13.58351,2.591387,-0.06548256,-0.07092458,0.894572,0.04293755,-0.4391663,0.007432434,0.00361113,-0.0233777,0.2879944,0.1318665,0.9485016,0.02943237,0.003124954,-0.0220134,0.02943237,0.003124954,-0.0220134,0.275528,0.1499176,0.9495239,0.275528,0.1499176,0.9495239,5.792618,5.792618,True,True,True
1602944,63779589485970,-13.58349,2.591391,-0.06546277,-0.07085142,0.8946127,0.04302338,-0.4390867,0.007467575,0.003610031,-0.02337486,0.2894897,0.1302338,0.9482727,0.0294307,0.003124069,-0.02201389,0.0294307,0.003124069,-0.02201389,0.2785645,0.1496277,0.9486847,0.2785645,0.1496277,0.9486847,5.791763,5.791763,True,True,True
1602952,63779589485970,-13.58349,2.591391,-0.06546277,-0.07085142,0.8946127,0.04302338,-0.4390867,0.007398789,0.003611054,-0.02337848,0.28685,0.1289673,0.9492493,0.02942903,0.003123184,-0.02201437,0.02942903,0.003123184,-0.02201437,0.2746124,0.1490784,0.9499207,0.2746124,0.1490784,0.9499207,5.787903,5.787903,True,True,True
1602960,63779589485981,-13.58348,2.591417,-0.06551623,-0.07092867,0.8946543,0.04325992,-0.4389662,0.007478607,0.003609101,-0.02337401,0.2883301,0.129303,0.9487457,0.02942882,0.003123154,-0.02201563,0.02942882,0.003123154,-0.02201563,0.2779236,0.1499786,0.9488068,0.2779236,0.1499786,0.9488068,5.79184,5.79184,True,True,True
1602969,63779589485992,-13.58344,2.591432,-0.06552082,-0.07095589,0.8946322,0.04341124,-0.4389921,0.007404923,0.003610687,-0.02337964,0.2868347,0.1291656,0.9492188,0.02942862,0.003123108,-0.02201686,0.02942862,0.003123108,-0.02201686,0.2744904,0.1492615,0.9499207,0.2744904,0.1492615,0.9499207,5.787933,5.787933,True,True,True
1602977,63779589486003,-13.58347,2.591479,-0.06545484,-0.07088877,0.8946776,0.04349115,-0.4389023,0.006669556,0.003625549,-0.02342557,0.2891998,0.1290741,0.9485168,0.02942836,0.00312088,-0.02201721,0.02942836,0.00312088,-0.02201721,0.2776489,0.1499939,0.9488831,0.2776489,0.1499939,0.9488831,5.791595,5.791595,True,True,True
1602985,63779589486003,-13.58347,2.591479,-0.06545484,-0.07088877,0.8946776,0.04349115,-0.4389023,0.006781693,0.003621659,-0.02341905,0.2910919,0.1298065,0.9478302,0.0294281,0.003118637,-0.02201756,0.0294281,0.003118637,-0.02201756,0.2808075,0.1508026,0.9478302,0.2808075,0.1508026,0.9478302,5.795624,5.795624,True,True,True
1602994,63779589486014,-13.58351,2.591506,-0.06538939,-0.07097749,0.8946867,0.04367953,-0.4388508,0.007107453,0.003614273,-0.02339946,0.2889862,0.1306,0.9483795,0.02942836,0.003118561,-0.02201762,0.02942836,0.003118561,-0.02201762,0.278183,0.1507263,0.9486237,0.278183,0.1507263,0.9486237,5.792557,5.792557,True,True,True
1603002,63779589486025,-13.58348,2.591519,-0.06537497,-0.07097916,0.8946891,0.04385815,-0.4388279,0.006981797,0.003616928,-0.02340779,0.290329,0.1311035,0.9478912,0.02942862,0.003118485,-0.02201769,0.02942862,0.003118485,-0.02201769,0.2809143,0.1508636,0.9477997,0.2809143,0.1508636,0.9477997,5.792343,5.792343,True,True,True
1603010,63779589486036,-13.58346,2.591496,-0.06533492,-0.07097196,0.8946968,0.04402141,-0.4387968,0.006892655,0.003617432,-0.02341405,0.2894592,0.1309052,0.9481812,0.02942873,0.00311734,-0.02201872,0.02942873,0.00311734,-0.02201872,0.2800751,0.1511841,0.9479828,0.2800751,0.1511841,0.9479828,5.79393,5.79393,True,True,True
1603019,63779589486036,-13.58346,2.591496,-0.06533492,-0.07097196,0.8946968,0.04402141,-0.4387968,0.006774063,0.003618591,-0.02342212,0.290451,0.1307831,0.9478912,0.02942885,0.003116196,-0.02201975,0.02942885,0.003116196,-0.02201975,0.2809601,0.1516418,0.9476471,0.2809601,0.1516418,0.9476471,5.792938,5.792938,True,True,True
1603027,63779589486048,-13.58343,2.591507,-0.06531924,-0.07098015,0.894695,0.04408751,-0.4387926,0.006702103,0.003620163,-0.0234268,0.2908783,0.1302338,0.9478455,0.02942873,0.003116181,-0.02202007,0.02942873,0.003116181,-0.02202007,0.2809906,0.1510162,0.9477386,0.2809906,0.1510162,0.9477386,5.782181,5.782181,True,True,True
1603035,63779589486058,-13.58345,2.591542,-0.06529891,-0.07095225,0.8947037,0.04411884,-0.4387763,0.006824357,0.003617417,-0.02341947,0.291153,0.1300201,0.9477844,0.02942862,0.003116165,-0.02202039,0.02942862,0.003116165,-0.02202039,0.280899,0.1506653,0.9478302,0.280899,0.1506653,0.9478302,5.79213,5.79213,True,True,True
1603044,63779589486070,-13.58343,2.591541,-0.06527102,-0.0708776,0.8946899,0.04420619,-0.4388078,0.006827835,0.003615585,-0.02342034,0.2910919,0.1304169,0.9477539,0.0294281,0.003113495,-0.02202203,0.0294281,0.003113495,-0.02202203,0.2807617,0.1514282,0.9477386,0.2807617,0.1514282,0.9477386,5.792679,5.792679,True,True,True
1603052,63779589486070,-13.58343,2.591541,-0.06527102,-0.0708776,0.8946899,0.04420619,-0.4388078,0.006768586,0.00361676,-0.02342412,0.2911987,0.1305084,0.9477081,0.02942778,0.003113464,-0.0220221,0.02942778,0.003113464,-0.0220221,0.2809601,0.151413,0.9476929,0.2809601,0.151413,0.9476929,5.792786,5.792786,True,True,True
1603060,63779589486080,-13.58341,2.591539,-0.06526089,-0.07094032,0.8946778,0.04432134,-0.4388107,0.006807678,0.003615082,-0.02342168,0.2909241,0.1305542,0.9477844,0.02942728,0.003112366,-0.0220221,0.02942728,0.003112366,-0.0220221,0.2805328,0.1517792,0.9477539,0.2805328,0.1517792,0.9477539,5.792755,5.792755,True,True,True
1603069,63779589486091,-13.58342,2.591521,-0.0652135,-0.0709248,0.8946716,0.04438678,-0.4388191,0.006914841,0.003612396,-0.02341539,0.2902069,0.1293488,0.9481659,0.02942633,0.003111954,-0.0220221,0.02942633,0.003111954,-0.0220221,0.2795715,0.1496124,0.9483948,0.2795715,0.1496124,0.9483948,5.790207,5.790207,True,True,True
1603077,63779589486102,-13.58342,2.591525,-0.0651862,-0.07097815,0.8947101,0.04441814,-0.4387288,0.006927124,0.003611847,-0.02341473,0.2905273,0.1304016,0.947937,0.02942551,0.003111832,-0.0220221,0.02942551,0.003111832,-0.0220221,0.2800751,0.1512146,0.9479828,0.2800751,0.1512146,0.9479828,5.792007,5.792007,True,True,True
1603085,63779589486102,-13.58342,2.591525,-0.0651862,-0.07097815,0.8947101,0.04441814,-0.4387288,0.006890671,0.003612412,-0.02341702,0.290451,0.1294861,0.9480743,0.02942502,0.003111435,-0.0220221,0.02942502,0.003111435,-0.0220221,0.2799225,0.1497345,0.9482574,0.2799225,0.1497345,0.9482574,5.78717,5.78717,True,True,True
1603094,63779589486114,-13.58337,2.591501,-0.0651623,-0.07093768,0.8946986,0.04449221,-0.4387514,0.007038544,0.003608551,-0.02340845,0.2907104,0.129837,0.9479523,0.02942429,0.00311052,-0.0220221,0.02942429,0.00311052,-0.0220221,0.2805481,0.1500549,0.9480286,0.2805481,0.1500549,0.9480286,5.787582,5.787582,True,True,True
1603102,63779589486125,-13.58334,2.59154,-0.0651347,-0.07098343,0.8946573,0.04453022,-0.4388244,0.007112488,0.00360672,-0.0234039,0.289566,0.1294098,0.9483643,0.02942101,0.003110291,-0.02202219,0.02942101,0.003110291,-0.02202219,0.2805328,0.1499329,0.9480591,0.2805328,0.1499329,0.9480591,5.770508,5.770508,True,True,True
1603110,63779589486136,-13.58338,2.591563,-0.06509072,-0.07095639,0.8946998,0.0444753,-0.4387476,0.00713353,0.003605896,-0.02340247,0.2890015,0.1289368,0.9485931,0.02941785,0.003109848,-0.0220221,0.02941785,0.003109848,-0.0220221,0.2796936,0.1491394,0.9484253,0.2796936,0.1491394,0.9484253,5.769104,5.769104,True,True,True
1603119,63779589486136,-13.58338,2.591563,-0.06509072,-0.07095639,0.8946998,0.0444753,-0.4387476,0.00717746,0.003604721,-0.02339971,0.289505,0.1290283,0.9484253,0.0294148,0.003109604,-0.02202219,0.0294148,0.003109604,-0.02202219,0.2808228,0.1492462,0.9480743,0.2808228,0.1492462,0.9480743,5.77005,5.77005,True,True,True
1603127,63779589486147,-13.58339,2.591556,-0.06508958,-0.07096969,0.8946719,0.04437822,-0.4388121,0.007176682,0.003604309,-0.02339971,0.2892456,0.1287842,0.9485321,0.02941257,0.003108948,-0.02202219,0.02941257,0.003108948,-0.02202219,0.2801361,0.149292,0.9482727,0.2801361,0.149292,0.9482727,5.759567,5.759567,True,True,True
1603135,63779589486158,-13.58337,2.591548,-0.06506932,-0.07101724,0.8946811,0.04431236,-0.4387924,0.007223206,0.003602982,-0.02339675,0.2887878,0.1288147,0.9486694,0.02940997,0.003108551,-0.02202219,0.02940997,0.003108551,-0.02202219,0.2795105,0.149231,0.9484558,0.2795105,0.149231,0.9484558,5.758087,5.758087,True,True,True
1603144,63779589486170,-13.5834,2.59153,-0.06513035,-0.07097322,0.8947117,0.04426598,-0.4387417,0.0071848,0.00360289,-0.0233992,0.2887878,0.1290588,0.9486389,0.02940965,0.003107025,-0.02202219,0.02940965,0.003107025,-0.02202219,0.2797546,0.1496735,0.9483185,0.2797546,0.1496735,0.9483185,5.759796,5.759796,True,True,True
1603152,63779589486170,-13.5834,2.59153,-0.06513035,-0.07097322,0.8947117,0.04426598,-0.4387417,0.00729747,0.003600357,-0.02339235,0.28862,0.1292114,0.9486694,0.02940946,0.003106995,-0.02202219,0.02940946,0.003106995,-0.02202219,0.2797699,0.149765,0.9483032,0.2797699,0.149765,0.9483032,5.766586,5.766586,True,True,True
1603160,63779589486180,-13.5834,2.591516,-0.06512213,-0.07100397,0.8947183,0.0442373,-0.438726,0.007291657,0.003599884,-0.02339275,0.2884674,0.1285553,0.9488068,0.02940946,0.003106003,-0.02202222,0.02940946,0.003106003,-0.02202222,0.2797089,0.1487885,0.9484711,0.2797089,0.1487885,0.9484711,5.75882,5.75882,True,True,True
1603169,63779589486192,-13.58337,2.59147,-0.06512994,-0.07097729,0.8947036,0.0441495,-0.4387693,0.007294175,0.003599884,-0.02339275,0.2888641,0.1285553,0.9486847,0.02940936,0.003106003,-0.02202225,0.02940936,0.003106003,-0.02202225,0.280365,0.1488037,0.948288,0.280365,0.1488037,0.948288,5.757797,5.757797,True,True,True
1603177,63779589486203,-13.58336,2.591447,-0.06513363,-0.07086331,0.894725,0.04420495,-0.4387386,0.007093811,0.003604477,-0.02340523,0.2886353,0.1283264,0.9487915,0.02940924,0.003106003,-0.02202237,0.02940924,0.003106003,-0.02202237,0.2814789,0.14888,0.947937,0.2814789,0.14888,0.947937,5.748611,5.748611,True,True,True
1603185,63779589486203,-13.58336,2.591447,-0.06513363,-0.07086331,0.894725,0.04420495,-0.4387386,0.007199555,0.003601715,-0.02339873,0.288559,0.127121,0.9489746,0.02940924,0.003105362,-0.02202237,0.02940924,0.003105362,-0.02202237,0.2814026,0.1467743,0.948288,0.2814026,0.1467743,0.948288,5.73587,5.73587,True,True,True
1603194,63779589486214,-13.58335,2.59146,-0.06513208,-0.0709151,0.8947183,0.04406527,-0.4387577,0.007150071,0.003603333,-0.02340184,0.2886505,0.1269684,0.9489746,0.02940924,0.003105362,-0.02202237,0.02940924,0.003105362,-0.02202237,0.2815247,0.1468201,0.9482422,0.2815247,0.1468201,0.9482422,5.735977,5.735977,True,True,True
1603202,63779589486225,-13.58329,2.591517,-0.06508219,-0.07084054,0.8947452,0.04406809,-0.4387147,0.007154099,0.003603668,-0.02340164,0.2891846,0.1268768,0.948822,0.02940935,0.003105362,-0.02202237,0.02940935,0.003105362,-0.02202237,0.2823334,0.1468201,0.947998,0.2823334,0.1468201,0.947998,5.736237,5.736237,True,True,True
1603210,63779589486236,-13.58327,2.591506,-0.06508023,-0.07081478,0.894732,0.04408601,-0.4387442,0.007236222,0.003601822,-0.02339656,0.2891083,0.1265717,0.9488831,0.02940912,0.003105362,-0.02202237,0.02940912,0.003105362,-0.02202237,0.2822723,0.1461487,0.9481201,0.2822723,0.1461487,0.9481201,5.735626,5.735626,True,True,True
1603219,63779589486236,-13.58327,2.591506,-0.06508023,-0.07081478,0.894732,0.04408601,-0.4387442,0.007234406,0.003601868,-0.0233967,0.289917,0.1269684,0.9485779,0.02940908,0.003105362,-0.02202237,0.02940908,0.003105362,-0.02202237,0.2834473,0.1469269,0.9476624,0.2834473,0.1469269,0.9476624,5.736771,5.736771,True,True,True
1603227,63779589486247,-13.58328,2.59148,-0.06503338,-0.0708046,0.894783,0.04409062,-0.4386414,0.007175034,0.003603546,-0.02340036,0.2899475,0.1264648,0.9486389,0.029409,0.003105927,-0.02202233,0.029409,0.003105927,-0.02202233,0.2834167,0.1460419,0.9477997,0.2834167,0.1460419,0.9477997,5.733948,5.733948,True,True,True
1603235,63779589486258,-13.58326,2.591449,-0.06503916,-0.07083383,0.8947512,0.04412261,-0.4386981,0.007072648,0.003605896,-0.02340678,0.2897186,0.1266785,0.9486847,0.029409,0.003106003,-0.02202233,0.029409,0.003106003,-0.02202233,0.2830048,0.1467133,0.9478302,0.2830048,0.1467133,0.9478302,5.734314,5.734314,True,True,True
1603244,63779589486269,-13.58326,2.591462,-0.06505138,-0.07104703,0.8947552,0.04430005,-0.4386376,0.007145142,0.003604294,-0.02340231,0.2906647,0.1280518,0.9482117,0.029409,0.003106049,-0.02202233,0.029409,0.003106049,-0.02202233,0.2829895,0.1488495,0.9474945,0.2829895,0.1488495,0.9474945,5.736328,5.736328,True,True,True
1603252,63779589486269,-13.58326,2.591462,-0.06505138,-0.07104703,0.8947552,0.04430005,-0.4386376,0.007143006,0.00360434,-0.02340254,0.2897034,0.1279602,0.9485168,0.029409,0.003106049,-0.02202233,0.029409,0.003106049,-0.02202233,0.2829742,0.1488037,0.9474945,0.2829742,0.1488037,0.9474945,5.735596,5.735596,True,True,True
1603260,63779589486280,-13.58325,2.591555,-0.06510025,-0.07126444,0.8947263,0.0445912,-0.4386319,0.007107941,0.003605347,-0.02340503,0.2897949,0.1273041,0.9485779,0.02940898,0.0031064,-0.02202233,0.02940898,0.0031064,-0.02202233,0.2830963,0.1492462,0.947403,0.2830963,0.1492462,0.947403,5.735962,5.735962,True,True,True
1603269,63779589486291,-13.58323,2.591547,-0.06511319,-0.07137071,0.8947152,0.04464387,-0.4386318,0.007124954,0.003604645,-0.02340454,0.2894135,0.1279755,0.9485931,0.02940865,0.003106522,-0.02202233,0.02940865,0.003106522,-0.02202233,0.2829895,0.1501007,0.9472961,0.2829895,0.1501007,0.9472961,5.736069,5.736069,True,True,True
1603277,63779589486303,-13.58331,2.591575,-0.06515539,-0.07151223,0.8947529,0.04450456,-0.4385459,0.007133728,0.003603623,-0.02340424,0.2892761,0.1281128,0.9486237,0.02940857,0.003106522,-0.02202233,0.02940857,0.003106522,-0.02202233,0.2827911,0.1499634,0.9473724,0.2827911,0.1499634,0.9473724,5.728546,5.728546,True,True,True
1603285,63779589486303,-13.58331,2.591575,-0.06515539,-0.07151223,0.8947529,0.04450456,-0.4385459,0.007178742,0.003602616,-0.02340186,0.2891388,0.1279297,0.9486847,0.02940849,0.003106522,-0.02202237,0.02940849,0.003106522,-0.02202237,0.2827301,0.1499786,0.9473877,0.2827301,0.1499786,0.9473877,5.724976,5.724976,True,True,True
1603294,63779589486314,-13.58331,2.591537,-0.06523764,-0.07153106,0.894762,0.0445264,-0.4385221,0.007204941,0.00360202,-0.0234008,0.2894135,0.128479,0.9485321,0.02940801,0.003106522,-0.02202307,0.02940801,0.003106522,-0.02202307,0.2825928,0.1507568,0.9473114,0.2825928,0.1507568,0.9473114,5.725677,5.725677,True,True,True
1603302,63779589486325,-13.58331,2.591565,-0.06523716,-0.07155457,0.8947717,0.04436203,-0.4385152,0.007209061,0.003601929,-0.02340088,0.2900543,0.128067,0.9483948,0.02940801,0.003106522,-0.02202335,0.02940801,0.003106522,-0.02202335,0.2827606,0.1501007,0.9473572,0.2827606,0.1501007,0.9473572,5.728729,5.728729,True,True,True
1603310,63779589486336,-13.58332,2.591603,-0.06521893,-0.07148222,0.8947858,0.04434913,-0.4384995,0.006943619,0.003595703,-0.02342502,0.292038,0.1291199,0.9476471,0.02940997,0.00308664,-0.02203577,0.02940997,0.00308664,-0.02203577,0.2869415,0.1523285,0.9457397,0.2869415,0.1523285,0.9457397,5.748825,5.748825,True,True,True
1603319,63779589486336,-13.58332,2.591603,-0.06521893,-0.07148222,0.8947858,0.04434913,-0.4384995,0.006594895,0.00360286,-0.02344896,0.2923431,0.1305847,0.9473419,0.02940692,0.00308548,-0.02203987,0.02940692,0.00308548,-0.02203987,0.2863922,0.1552429,0.9454346,0.2863922,0.1552429,0.9454346,5.765732,5.765732,True,True,True
1603327,63779589486347,-13.5833,2.591629,-0.06524438,-0.07148122,0.8946995,0.0442895,-0.4386818,0.00634755,0.003607941,-0.02346359,0.2917328,0.129425,0.9476929,0.02940826,0.003084625,-0.02203845,0.02940826,0.003084625,-0.02203845,0.2862854,0.1538086,0.9457092,0.2862854,0.1538086,0.9457092,5.767319,5.767319,True,True,True
1603335,63779589486358,-13.58333,2.591603,-0.06526512,-0.07146549,0.8947047,0.04427561,-0.4386751,0.006193482,0.003610901,-0.02347243,0.2906494,0.1282806,0.9481812,0.02940826,0.003083771,-0.02203703,0.02940826,0.003083771,-0.02203703,0.2857971,0.1522675,0.946106,0.2857971,0.1522675,0.946106,5.762589,5.762589,True,True,True
1603344,63779589486370,-13.58338,2.591584,-0.06525642,-0.07137319,0.8947204,0.04425058,-0.4386607,0.00613858,0.003612259,-0.02347542,0.2898254,0.1286316,0.9483795,0.02940759,0.003083664,-0.0220363,0.02940759,0.003083664,-0.0220363,0.2833405,0.1528931,0.9467468,0.2833405,0.1528931,0.9467468,5.746643,5.746643,True,True,True
1603352,63779589486370,-13.58338,2.591584,-0.06525642,-0.07137319,0.8947204,0.04425058,-0.4386607,0.006180832,0.003611221,-0.02347353,0.2883148,0.1291199,0.9487762,0.02940692,0.003083557,-0.02203703,0.02940692,0.003083557,-0.02203703,0.2808685,0.1536407,0.9473572,0.2808685,0.1536407,0.9473572,5.730637,5.730637,True,True,True
1603360,63779589486381,-13.58338,2.591586,-0.06526363,-0.07131559,0.8947039,0.04410629,-0.4387182,0.00632045,0.003607941,-0.02346504,0.2888031,0.1299744,0.9485168,0.0294063,0.003083405,-0.02203705,0.0294063,0.003083405,-0.02203705,0.2818298,0.15448,0.9469299,0.2818298,0.15448,0.9469299,5.735199,5.735199,True,True,True
1603369,63779589486392,-13.58346,2.591555,-0.06522626,-0.07118493,0.8947262,0.04409897,-0.4386949,0.006537857,0.003602905,-0.02345155,0.2892761,0.1308746,0.9482422,0.02940569,0.003083252,-0.02203706,0.02940569,0.003083252,-0.02203706,0.2828064,0.1552887,0.9465179,0.2828064,0.1552887,0.9465179,5.739349,5.739349,True,True,True
1603377,63779589486403,-13.58346,2.591543,-0.06522024,-0.07123353,0.8947313,0.04402379,-0.4386839,0.006796753,0.003596924,-0.02343605,0.28862,0.1320648,0.948288,0.0294063,0.003083084,-0.02203774,0.0294063,0.003083084,-0.02203774,0.2818451,0.156662,0.9465637,0.2818451,0.156662,0.9465637,5.737122,5.737122,True,True,True
1603385,63779589486403,-13.58346,2.591543,-0.06522024,-0.07123353,0.8947313,0.04402379,-0.4386839,0.007087693,0.003590195,-0.02341879,0.2889252,0.1316528,0.9482422,0.02940569,0.003082916,-0.02203842,0.02940569,0.003082916,-0.02203842,0.2826385,0.1554871,0.9465332,0.2826385,0.1554871,0.9465332,5.733109,5.733109,True,True,True
1603394,63779589486414,-13.58345,2.591491,-0.06522888,-0.0711766,0.8947253,0.04398986,-0.438709,0.00709784,0.003589905,-0.02341838,0.2886963,0.1314697,0.9483337,0.0294063,0.00308281,-0.02203856,0.0294063,0.00308281,-0.02203856,0.2817535,0.1552582,0.9468231,0.2817535,0.1552582,0.9468231,5.730072,5.730072,True,True,True
1603402,63779589486424,-13.58347,2.59146,-0.06522334,-0.07100224,0.8947628,0.04386775,-0.438673,0.007150116,0.003588654,-0.02341576,0.2893677,0.1314392,0.9481354,0.02940692,0.003082703,-0.0220387,0.02940692,0.003082703,-0.0220387,0.2829285,0.1550751,0.9465179,0.2829285,0.1550751,0.9465179,5.727905,5.727905,True,True,True
1603410,63779589486435,-13.58344,2.591448,-0.0652402,-0.07103515,0.8947384,0.0438245,-0.4387215,0.007124451,0.003588684,-0.02341785,0.2893829,0.1316528,0.9481049,0.02940692,0.00308281,-0.02203873,0.02940692,0.00308281,-0.02203873,0.2829895,0.1551819,0.9464722,0.2829895,0.1551819,0.9464722,5.730347,5.730347,True,True,True
1603419,63779589486435,-13.58344,2.591448,-0.0652402,-0.07103515,0.8947384,0.0438245,-0.4387215,0.007139588,0.003588074,-0.02341741,0.2892456,0.1317749,0.9481354,0.02940692,0.003082916,-0.0220387,0.02940692,0.003082916,-0.0220387,0.282959,0.1552277,0.9464722,0.282959,0.1552277,0.9464722,5.733124,5.733124,True,True,True
1603427,63779589486447,-13.58342,2.591448,-0.06522822,-0.07103033,0.8948223,0.04366339,-0.4385673,0.007194855,0.003585984,-0.0234148,0.2884216,0.1321259,0.9483337,0.0294063,0.00308281,-0.02203873,0.0294063,0.00308281,-0.02203873,0.2817535,0.155304,0.9468231,0.2817535,0.155304,0.9468231,5.729996,5.729996,True,True,True
1603435,63779589486458,-13.58343,2.591425,-0.06522489,-0.07099023,0.8948399,0.0436509,-0.438539,0.007261627,0.003584015,-0.02341098,0.2891693,0.1321106,0.9481049,0.02940569,0.003082916,-0.02203874,0.02940569,0.003082916,-0.02203874,0.2825928,0.1551819,0.9465942,0.2825928,0.1551819,0.9465942,5.727692,5.727692,True,True,True
1603444,63779589486469,-13.58344,2.591388,-0.06518912,-0.07096446,0.894879,0.04355253,-0.4384732,0.007325196,0.00358223,-0.02340738,0.2884674,0.1316986,0.9483795,0.02940466,0.003082916,-0.0220387,0.02940466,0.003082916,-0.0220387,0.2803345,0.154953,0.9472961,0.2803345,0.154953,0.9472961,5.725403,5.725403,True,True,True
1603452,63779589486469,-13.58344,2.591388,-0.06518912,-0.07096446,0.894879,0.04355253,-0.4384732,0.007385514,0.003580689,-0.02340412,0.2882538,0.1318054,0.9484253,0.02940416,0.003082916,-0.0220387,0.02940416,0.003082916,-0.0220387,0.2800903,0.154892,0.9473877,0.2800903,0.154892,0.9473877,5.720261,5.720261,True,True,True
1603460,63779589486486,-13.58344,2.5914,-0.06517416,-0.07101741,0.894888,0.04357917,-0.4384436,0.007416458,0.00357991,-0.02340254,0.2885895,0.1315613,0.9483643,0.02940405,0.003082916,-0.0220387,0.02940405,0.003082916,-0.0220387,0.2800598,0.1548615,0.947403,0.2800598,0.1548615,0.947403,5.720413,5.720413,True,True,True
1603469,63779589486492,-13.58335,2.59141,-0.06513888,-0.07101698,0.894935,0.04350973,-0.4383549,0.00741037,0.003579926,-0.02340337,0.2880707,0.1316071,0.9485168,0.02940335,0.003082916,-0.0220387,0.02940335,0.003082916,-0.0220387,0.2799072,0.1548615,0.9474487,0.2799072,0.1548615,0.9474487,5.717148,5.717148,True,True,True
1603477,63779589486497,-13.58334,2.591443,-0.06511801,-0.07101306,0.8949562,0.04341591,-0.4383215,0.007377381,0.003581329,-0.0234053,0.2868042,0.1303558,0.9490662,0.02940158,0.003084107,-0.0220387,0.02940158,0.003084107,-0.0220387,0.2794342,0.153595,0.9477844,0.2794342,0.153595,0.9477844,5.715622,5.715622,True,True,True
1603485,63779589486508,-13.58331,2.591416,-0.06506735,-0.07106215,0.8949946,0.04344852,-0.4382318,0.007339722,0.003582428,-0.02340764,0.2865448,0.1301117,0.949173,0.02939609,0.00308487,-0.0220387,0.02939609,0.00308487,-0.0220387,0.2778625,0.1531219,0.9483337,0.2778625,0.1531219,0.9483337,5.706833,5.706833,True,True,True
1603494,63779589486520,-13.5833,2.591445,-0.06503981,-0.07115007,0.8950419,0.04357586,-0.4381084,0.007301895,0.003583344,-0.02341031,0.2864685,0.1296997,0.9492645,0.02939586,0.003085129,-0.02203855,0.02939586,0.003085129,-0.02203855,0.277771,0.1529694,0.9483795,0.277771,0.1529694,0.9483795,5.702576,5.702576,True,True,True
1603502,63779589486520,-13.5833,2.591445,-0.06503981,-0.07115007,0.8950419,0.04357586,-0.4381084,0.007262635,0.003584213,-0.02341297,0.2868042,0.1287231,0.949295,0.02939531,0.003085144,-0.02203839,0.02939531,0.003085144,-0.02203839,0.2775269,0.1513824,0.9487,0.2775269,0.1513824,0.9487,5.70076,5.70076,True,True,True
1603510,63779589486531,-13.58337,2.591412,-0.06504565,-0.07112517,0.8950631,0.04357585,-0.438069,0.007333161,0.003574997,-0.02341156,0.2881317,0.1284485,0.9489288,0.02939476,0.003085144,-0.02203839,0.02939476,0.003085144,-0.02203839,0.2773895,0.1506653,0.9488525,0.2773895,0.1506653,0.9488525,5.699997,5.699997,True,True,True
1603519,63779589486542,-13.58341,2.591442,-0.06509608,-0.07113457,0.8950477,0.04351635,-0.4381049,0.006354203,0.003451844,-0.0234352,0.2845306,0.1110077,0.9522095,0.02943742,0.002928848,-0.02198952,0.02943742,0.002928848,-0.02198952,0.2734833,0.1313324,0.9528503,0.2734833,0.1313324,0.9528503,5.71843,5.71843,True,True,True
1603527,63779589486552,-13.58341,2.591399,-0.06510031,-0.0713231,0.8950198,0.04352389,-0.4381305,0.005518906,0.003267822,-0.02343466,0.2788239,0.07167053,0.9576569,0.02947122,0.002708206,-0.0219375,0.02947122,0.002708206,-0.0219375,0.2734375,0.08990479,0.9576721,0.2734375,0.08990479,0.9576721,5.76976,5.76976,True,True,True
1603535,63779589486552,-13.58341,2.591399,-0.06510031,-0.0713231,0.8950198,0.04352389,-0.4381305,0.004522766,0.003055298,-0.02344692,0.2625122,0.03623962,0.9642334,0.0295054,0.002474274,-0.02188069,0.0295054,0.002474274,-0.02188069,0.2512207,0.0567627,0.9662476,0.2512207,0.0567627,0.9662476,5.561325,5.561325,True,True,True
1603544,63779589486564,-13.58341,2.591405,-0.06509191,-0.07139038,0.8950229,0.04356997,-0.4381086,0.0008151245,0.00290918,-0.02362509,0.2653656,0.009719849,0.9640961,0.02954849,0.002212845,-0.02178479,0.02954849,0.002212845,-0.02178479,0.2481689,0.03071594,0.9682159,0.2481689,0.03071594,0.9682159,5.584641,5.584641,True,True,True
1603552,63779589486575,-13.5834,2.591399,-0.06507254,-0.07146062,0.8949739,0.04349362,-0.4382049,-0.003085373,0.002818314,-0.02384442,0.2596741,-0.03646851,0.9649963,0.02961469,0.002024201,-0.02175363,0.02961469,0.002024201,-0.02175363,0.2441406,-0.01667786,0.9695892,0.2441406,-0.01667786,0.9695892,5.431488,5.431488,True,True,True
1603560,63779589486586,-13.58343,2.591366,-0.0650112,-0.07154058,0.8949544,0.04352349,-0.4382285,-0.02468942,0.003184296,-0.02518089,0.2556305,-0.06915283,0.9642944,0.02966329,0.001799271,-0.02115524,0.02966329,0.001799271,-0.02115524,0.2377319,-0.0559082,0.9697113,0.2377319,-0.0559082,0.9697113,5.50322,5.50322,True,True,True
1603569,63779589486586,-13.58343,2.591366,-0.0650112,-0.07154058,0.8949544,0.04352349,-0.4382285,-0.02640692,0.003242447,-0.02530156,0.2654877,-0.0920105,0.9597015,0.02967996,0.001836029,-0.02151799,0.02967996,0.001836029,-0.02151799,0.2351379,-0.07275391,0.969223,0.2351379,-0.07275391,0.969223,5.434479,5.434479,True,True,True
1603577,63779589486597,-13.58346,2.591349,-0.06497353,-0.07153588,0.8949078,0.04363925,-0.4383129,-0.02706236,0.003230225,-0.02537642,0.2736359,-0.0715332,0.9591522,0.02968176,0.001841446,-0.02151679,0.02968176,0.001841446,-0.02151679,0.2227783,-0.07510376,0.9719543,0.2227783,-0.07510376,0.9719543,5.456024,5.456024,True,True,True
1603585,63779589486608,-13.58347,2.591386,-0.06493258,-0.07146509,0.894927,0.04337319,-0.4383118,-0.02743396,0.003238953,-0.0253813,0.2543793,-0.07511902,0.9641724,0.02968196,0.001844055,-0.02151082,0.02968196,0.001844055,-0.02151082,0.2221222,-0.08273315,0.9714966,0.2221222,-0.08273315,0.9714966,5.463821,5.463821,True,True,True
1603594,63779589486619,-13.58352,2.591359,-0.06494987,-0.07137042,0.8949087,0.04333259,-0.4383685,-0.02775241,0.003248383,-0.0254008,0.2561951,-0.07926941,0.9633636,0.02968593,0.001805084,-0.02128279,0.02968593,0.001805084,-0.02128279,0.2250061,-0.08322144,0.9707794,0.2250061,-0.08322144,0.9707794,5.440216,5.440216,True,True,True
1603602,63779589486619,-13.58352,2.591359,-0.06494987,-0.07137042,0.8949087,0.04333259,-0.4383685,-0.02753861,0.003245728,-0.02538945,0.256958,-0.08346558,0.9627991,0.02968614,0.001886582,-0.02174259,0.02968614,0.001886582,-0.02174259,0.2159576,-0.07521057,0.9734955,0.2159576,-0.07521057,0.9734955,5.408279,5.408279,True,True,True
1603610,63779589486631,-13.58354,2.591352,-0.064924,-0.07121293,0.8949364,0.04334569,-0.4383364,-0.02683461,0.003234299,-0.02534024,0.2555389,-0.084198,0.9631195,0.0296881,0.001875092,-0.02162172,0.0296881,0.001875092,-0.02162172,0.2152557,-0.07749939,0.973465,0.2152557,-0.07749939,0.973465,5.432144,5.432144,True,True,True
1603619,63779589486642,-13.58349,2.591331,-0.06493992,-0.071183,0.8949133,0.04331416,-0.4383914,-0.02512235,0.003199005,-0.02522344,0.2533722,-0.08651733,0.9634857,0.02968614,0.00188472,-0.02157301,0.02968614,0.00188472,-0.02157301,0.2142181,-0.08621216,0.9729614,0.2142181,-0.08621216,0.9729614,5.430801,5.430801,True,True,True
1603627,63779589486653,-13.58348,2.591349,-0.06490159,-0.07111748,0.8949355,0.0432605,-0.438362,-0.02321744,0.003153626,-0.02509778,0.2534027,-0.08555603,0.963562,0.0296861,0.001885651,-0.02159195,0.0296861,0.001885651,-0.02159195,0.2153931,-0.08233643,0.9730377,0.2153931,-0.08233643,0.9730377,5.436752,5.436752,True,True,True
1603635,63779589486653,-13.58348,2.591349,-0.06490159,-0.07111748,0.8949355,0.0432605,-0.438362,-0.02126297,0.003107117,-0.02496845,0.2530975,-0.08592224,0.9636078,0.02968614,0.001886582,-0.02159645,0.02968614,0.001886582,-0.02159645,0.2142334,-0.08171082,0.9733429,0.2142334,-0.08171082,0.9733429,5.441162,5.441162,True,True,True
1603644,63779589486665,-13.58347,2.59135,-0.06489211,-0.07107056,0.8949054,0.04327259,-0.4384299,-0.01131059,0.002869644,-0.02430658,0.2458344,-0.08468628,0.9655914,0.0296861,0.001889877,-0.02158473,0.0296861,0.001889877,-0.02158473,0.2154999,-0.08224487,0.9730225,0.2154999,-0.08224487,0.9730225,5.447021,5.447021,True,True,True
1603652,63779589486676,-13.58349,2.591314,-0.06486768,-0.0710425,0.894957,0.04323206,-0.438333,-0.0102729,0.002845856,-0.02423586,0.2445984,-0.08509827,0.9658661,0.02968604,0.001893189,-0.02158008,0.02968604,0.001893189,-0.02158008,0.2142487,-0.0824585,0.9732819,0.2142487,-0.0824585,0.9732819,5.44162,5.44162,True,True,True
1603660,63779589486686,-13.58347,2.591305,-0.06486207,-0.07098544,0.8949348,0.04327185,-0.4383838,-0.008617157,0.002806076,-0.0241247,0.2440796,-0.08403015,0.966095,0.02968604,0.001892609,-0.02157654,0.02968604,0.001892609,-0.02157654,0.2154846,-0.07957458,0.9732513,0.2154846,-0.07957458,0.9732513,5.449051,5.449051,True,True,True
1603669,63779589486686,-13.58347,2.591305,-0.06486207,-0.07098544,0.8949348,0.04327185,-0.4383838,-0.005549423,0.002732651,-0.0239193,0.2423248,-0.08274841,0.9666443,0.02968604,0.001892029,-0.02157301,0.02968604,0.001892029,-0.02157301,0.2161102,-0.07710266,0.9733124,0.2161102,-0.07710266,0.9733124,5.444962,5.444962,True,True,True
1603677,63779589486697,-13.58347,2.591288,-0.0648396,-0.07106324,0.8949634,0.04340129,-0.4382999,0.001579987,0.002561096,-0.0234428,0.2371521,-0.08117676,0.9680634,0.0296861,0.001889313,-0.02156975,0.0296861,0.001889313,-0.02156975,0.2163696,-0.07643127,0.9733124,0.2163696,-0.07643127,0.9733124,5.442581,5.442581,True,True,True
1603685,63779589486708,-13.58339,2.591338,-0.06477761,-0.07107799,0.8949578,0.04348931,-0.4383003,0.005675522,0.002464798,-0.02317047,0.2342834,-0.08088684,0.9687805,0.02968614,0.001892029,-0.02157092,0.02968614,0.001892029,-0.02157092,0.2166595,-0.07722473,0.973175,0.2166595,-0.07722473,0.973175,5.445114,5.445114,True,True,True
1603694,63779589486720,-13.5834,2.591335,-0.06458294,-0.07105899,0.8949693,0.04365306,-0.4382637,0.006339295,0.002449265,-0.0231268,0.2342987,-0.0806427,0.968811,0.02968622,0.001892609,-0.02157198,0.02968622,0.001892609,-0.02157198,0.2164612,-0.07722473,0.9732208,0.2164612,-0.07722473,0.9732208,5.450348,5.450348,True,True,True
1603702,63779589486720,-13.5834,2.591335,-0.06458294,-0.07105899,0.8949693,0.04365306,-0.4382637,0.006336411,0.002449631,-0.02312755,0.2333374,-0.08081055,0.9690247,0.02968628,0.001893189,-0.02157301,0.02968628,0.001893189,-0.02157301,0.2167816,-0.07723999,0.9731445,0.2167816,-0.07723999,0.9731445,5.455841,5.455841,True,True,True
1603710,63779589486731,-13.58345,2.591369,-0.06451392,-0.07126988,0.8949917,0.04373445,-0.4381756,0.006572464,0.002444534,-0.02311389,0.2345276,-0.08081055,0.9687347,0.02968811,0.001894104,-0.02157654,0.02968811,0.001894104,-0.02157654,0.2170258,-0.07725525,0.9730988,0.2170258,-0.07725525,0.9730988,5.45813,5.45813,True,True,True
1603719,63779589486742,-13.58342,2.591352,-0.06447196,-0.07132751,0.8950191,0.04381367,-0.4381024,0.006827408,0.002439011,-0.02309905,0.2346497,-0.08068848,0.9687195,0.02968994,0.001895035,-0.02158008,0.02968994,0.001895035,-0.02158008,0.2177277,-0.07714844,0.9729462,0.2177277,-0.07714844,0.9729462,5.455872,5.455872,True,True,True
1603727,63779589486753,-13.58342,2.591367,-0.0644713,-0.07138815,0.8950613,0.04404394,-0.4379831,0.00688411,0.00243869,-0.02309532,0.2342834,-0.08085632,0.9687958,0.02969003,0.001897049,-0.02158008,0.02969003,0.001897049,-0.02158008,0.2177582,-0.07748413,0.9729156,0.2177582,-0.07748413,0.9729156,5.455643,5.455643,True,True,True
1603736,63779589486753,-13.58342,2.591367,-0.0644713,-0.07138815,0.8950613,0.04404394,-0.4379831,0.006647141,0.002445007,-0.02312114,0.2350769,-0.08081055,0.9685974,0.02969249,0.001898193,-0.02159645,0.02969249,0.001898193,-0.02159645,0.2191162,-0.07644653,0.9726868,0.2191162,-0.07644653,0.9726868,5.457596,5.457596,True,True,True
1603744,63779589486764,-13.5834,2.591428,-0.06442118,-0.07141939,0.8950557,0.0440601,-0.4379879,0.006239044,0.002454712,-0.0231517,0.2368774,-0.08082581,0.9681702,0.02970029,0.001898193,-0.02160188,0.02970029,0.001898193,-0.02160188,0.2214508,-0.07597351,0.9721985,0.2214508,-0.07597351,0.9721985,5.458694,5.458694,True,True,True
1603752,63779589486775,-13.58338,2.59143,-0.06440949,-0.07155619,0.8950033,0.0443578,-0.4380425,0.005873429,0.002463348,-0.0231759,0.2369232,-0.08125305,0.9681091,0.02970064,0.001898193,-0.02160188,0.02970064,0.001898193,-0.02160188,0.2212982,-0.07620239,0.9722137,0.2212982,-0.07620239,0.9722137,5.461472,5.461472,True,True,True
1603761,63779589486786,-13.58346,2.591456,-0.0642904,-0.07150762,0.8950121,0.04436366,-0.4380319,0.005567063,0.002470459,-0.02320101,0.2381134,-0.08058167,0.9678802,0.02970586,0.001898956,-0.02160863,0.02970586,0.001898956,-0.02160863,0.2229309,-0.07565308,0.9718781,0.2229309,-0.07565308,0.9718781,5.461594,5.461594,True,True,True
1603769,63779589486786,-13.58346,2.591456,-0.0642904,-0.07150762,0.8950121,0.04436366,-0.4380319,0.004986313,0.002485901,-0.0232569,0.2395172,-0.08000183,0.9675751,0.02970714,0.001902725,-0.02163815,0.02970714,0.001902725,-0.02163815,0.2231445,-0.07440186,0.9719238,0.2231445,-0.07440186,0.9719238,5.458237,5.458237,True,True,True
1603777,63779589486797,-13.58343,2.591419,-0.06427646,-0.07153203,0.8950063,0.04440476,-0.4380355,0.003909805,0.002515564,-0.02334819,0.2401733,-0.07894897,0.9674988,0.0297072,0.001912171,-0.02167546,0.0297072,0.001912171,-0.02167546,0.2230225,-0.07252502,0.9721069,0.2230225,-0.07252502,0.9721069,5.457565,5.457565,True,True,True
1603785,63779589486808,-13.58339,2.591406,-0.06426036,-0.07169691,0.8949626,0.04456885,-0.4380811,0.002393768,0.00255098,-0.02344653,0.2415924,-0.07957458,0.9671021,0.02970781,0.001912171,-0.02167546,0.02970781,0.001912171,-0.02167546,0.223175,-0.07254028,0.9720612,0.223175,-0.07254028,0.9720612,5.457428,5.457428,True,True,True
1603794,63779589486819,-13.58343,2.591395,-0.06422657,-0.07170688,0.8949623,0.04458062,-0.4380791,0.001337219,0.002574936,-0.02351506,0.2427979,-0.08047485,0.9667206,0.02970958,0.001912171,-0.02167546,0.02970958,0.001912171,-0.02167546,0.2236938,-0.07254028,0.9719391,0.2236938,-0.07254028,0.9719391,5.462265,5.462265,True,True,True
1603802,63779589486819,-13.58343,2.591395,-0.06422657,-0.07170688,0.8949623,0.04458062,-0.4380791,0.001106567,0.002579559,-0.02353006,0.2428589,-0.08076477,0.9666901,0.02970995,0.001912171,-0.02167546,0.02970995,0.001912171,-0.02167546,0.223587,-0.07299805,0.9719391,0.223587,-0.07299805,0.9719391,5.468185,5.468185,True,True,True
1603810,63779589486831,-13.5834,2.591413,-0.06420565,-0.07179306,0.89494,0.04459817,-0.4381088,0.001542862,0.002568207,-0.02350278,0.2431641,-0.08065796,0.9666138,0.02970995,0.001912369,-0.02167757,0.02970995,0.001912369,-0.02167757,0.2224121,-0.07296753,0.9722137,0.2224121,-0.07296753,0.9722137,5.461792,5.461792,True,True,True
1603819,63779589486842,-13.58331,2.591395,-0.06417418,-0.07179062,0.8949456,0.04475501,-0.4380817,0.002052414,0.002556946,-0.02347266,0.2427521,-0.08023071,0.9667511,0.02970995,0.001913513,-0.02168309,0.02970995,0.001913513,-0.02168309,0.2223511,-0.07241821,0.9722595,0.2223511,-0.07241821,0.9722595,5.457214,5.457214,True,True,True
1603827,63779589486853,-13.58329,2.591414,-0.06413364,-0.07180877,0.8949679,0.04493815,-0.4380142,0.003120178,0.00253151,-0.02340363,0.2429199,-0.07977295,0.9667511,0.02971172,0.001912369,-0.02168309,0.02971172,0.001912369,-0.02168309,0.2220459,-0.07263184,0.9723206,0.2220459,-0.07263184,0.9723206,5.456879,5.456879,True,True,True
1603835,63779589486853,-13.58329,2.591414,-0.06413364,-0.07180877,0.8949679,0.04493815,-0.4380142,0.004603852,0.002499466,-0.02331473,0.2423248,-0.0796814,0.9669037,0.02971172,0.001916794,-0.02169562,0.02971172,0.001916794,-0.02169562,0.2227783,-0.07293701,0.9721222,0.2227783,-0.07293701,0.9721222,5.456604,5.456604,True,True,True
1603844,63779589486866,-13.58325,2.591435,-0.06422853,-0.07186174,0.8949395,0.04491262,-0.4380663,0.006217133,0.00245929,-0.02320323,0.2414856,-0.07974243,0.9671173,0.0297124,0.001912171,-0.02168309,0.0297124,0.001912171,-0.02168309,0.2229767,-0.07380676,0.9720154,0.2229767,-0.07380676,0.9720154,5.456696,5.456696,True,True,True
1603852,63779589486876,-13.58328,2.591452,-0.06422001,-0.07184666,0.8949261,0.04493752,-0.4380935,0.006701782,0.002442368,-0.02316895,0.2414398,-0.07835388,0.9672394,0.02971678,0.001902725,-0.02167807,0.02971678,0.001902725,-0.02167807,0.2235413,-0.07168579,0.9720459,0.2235413,-0.07168579,0.9720459,5.458206,5.458206,True,True,True
1603860,63779589486887,-13.58327,2.591438,-0.06423479,-0.07186881,0.8949192,0.04505119,-0.4380924,0.006727051,0.002436691,-0.02316738,0.241684,-0.07730103,0.9672546,0.02971869,0.001894257,-0.02167807,0.02971869,0.001894257,-0.02167807,0.2240753,-0.06993103,0.9720459,0.2240753,-0.06993103,0.9720459,5.459,5.459,True,True,True
1603869,63779589486887,-13.58327,2.591438,-0.06423479,-0.07186881,0.8949192,0.04505119,-0.4380924,0.006673309,0.002426224,-0.02317806,0.24263,-0.07342529,0.9673309,0.02972469,0.001874634,-0.02168971,0.02972469,0.001874634,-0.02168971,0.2256165,-0.06347656,0.9721375,0.2256165,-0.06347656,0.9721375,5.466476,5.466476,True,True,True
1603877,63779589486899,-13.58326,2.591412,-0.06425196,-0.07189492,0.8949343,0.04511288,-0.4380509,0.007016296,0.002420181,-0.02314333,0.2424927,-0.07467651,0.9672699,0.02972511,0.001874176,-0.02167807,0.02972511,0.001874176,-0.02167807,0.2258606,-0.06414795,0.9720306,0.2258606,-0.06414795,0.9720306,5.463623,5.463623,True,True,True
1603885,63779589486910,-13.58327,2.5914,-0.06422627,-0.07185254,0.8949502,0.04516175,-0.4380202,0.007417069,0.002410736,-0.02311644,0.2421112,-0.07533264,0.9673004,0.02972525,0.00187413,-0.02167687,0.02972525,0.00187413,-0.02167687,0.2257843,-0.06526184,0.9719849,0.2257843,-0.06526184,0.9719849,5.463242,5.463242,True,True,True
1603894,63779589486910,-13.58327,2.5914,-0.06422627,-0.07185254,0.8949502,0.04516175,-0.4380202,0.007508362,0.002408508,-0.02311034,0.2422028,-0.07542419,0.9672852,0.02972609,0.001874085,-0.02167656,0.02972609,0.001874085,-0.02167656,0.2260742,-0.06547546,0.9718933,0.2260742,-0.06547546,0.9718933,5.472198,5.472198,True,True,True
1603902,63779589486921,-13.58324,2.591422,-0.06422663,-0.07184838,0.8949119,0.04520386,-0.4380949,0.007583771,0.00240593,-0.02310492,0.2424164,-0.07563782,0.9672089,0.02972717,0.001872635,-0.02167574,0.02972717,0.001872635,-0.02167574,0.2263794,-0.06536865,0.9718323,0.2263794,-0.06536865,0.9718323,5.472946,5.472946,True,True,True
1603910,63779589486932,-13.58322,2.591411,-0.06422681,-0.07182656,0.894922,0.04523015,-0.4380751,0.007621811,0.002404541,-0.02310222,0.2424011,-0.07557678,0.9672241,0.02972717,0.001871872,-0.02167574,0.02972717,0.001871872,-0.02167574,0.2263947,-0.06529236,0.9718323,0.2263947,-0.06529236,0.9718323,5.474533,5.474533,True,True,True
1603919,63779589486944,-13.58323,2.591408,-0.06415665,-0.07179377,0.8949276,0.04511481,-0.4380809,0.0078956,0.002396896,-0.02308385,0.2419891,-0.07597351,0.9672852,0.02972717,0.001870178,-0.02167574,0.02972717,0.001870178,-0.02167574,0.2262115,-0.06512451,0.9718933,0.2262115,-0.06512451,0.9718933,5.472717,5.472717,True,True,True
1603927,63779589486944,-13.58323,2.591408,-0.06415665,-0.07179377,0.8949276,0.04511481,-0.4380809,0.007884338,0.002397156,-0.02308464,0.2417297,-0.07614136,0.9673462,0.02972609,0.001870178,-0.02167656,0.02972609,0.001870178,-0.02167656,0.2259216,-0.06529236,0.9719391,0.2259216,-0.06529236,0.9719391,5.472168,5.472168,True,True,True
1603935,63779589486956,-13.58318,2.591451,-0.06415653,-0.07181249,0.8949245,0.04515681,-0.4380799,0.00767395,0.002402222,-0.0230981,0.2416534,-0.07684326,0.9673004,0.02972609,0.001870178,-0.02167656,0.02972609,0.001870178,-0.02167656,0.2258759,-0.065979,0.9719086,0.2258759,-0.065979,0.9719086,5.471756,5.471756,True,True,True
1603944,63779589486967,-13.58321,2.591492,-0.06414843,-0.07179202,0.8949146,0.04505554,-0.4381138,0.007411744,0.002408417,-0.02311443,0.2419586,-0.07719421,0.9671936,0.02972609,0.001870178,-0.02167656,0.02972609,0.001870178,-0.02167656,0.2259064,-0.06634521,0.9718781,0.2259064,-0.06634521,0.9718781,5.471588,5.471588,True,True,True
1603952,63779589486978,-13.5832,2.591479,-0.0641669,-0.07182775,0.8949298,0.04508533,-0.4380741,0.007523484,0.002405594,-0.02310713,0.2418518,-0.07780457,0.9671783,0.02972609,0.001870178,-0.02167687,0.02972609,0.001870178,-0.02167687,0.2259064,-0.06636047,0.9718781,0.2259064,-0.06636047,0.9718781,5.47171,5.47171,True,True,True
1603960,63779589486978,-13.5832,2.591479,-0.0641669,-0.07182775,0.8949298,0.04508533,-0.4380741,0.00755243,0.002404801,-0.02310462,0.2418823,-0.07713318,0.9672241,0.02972609,0.001870178,-0.02167687,0.02972609,0.001870178,-0.02167687,0.2259064,-0.06636047,0.9718781,0.2259064,-0.06636047,0.9718781,5.47171,5.47171,True,True,True
1603969,63779589486990,-13.58319,2.591459,-0.06420499,-0.071768,0.8949707,0.04490625,-0.4380187,0.00756955,0.002404282,-0.02310308,0.2415161,-0.07754517,0.9672852,0.02972609,0.001870178,-0.02167687,0.02972609,0.001870178,-0.02167687,0.2259216,-0.06594849,0.9719086,0.2259216,-0.06594849,0.9719086,5.472305,5.472305,True,True,True
1603977,63779589487000,-13.58317,2.59149,-0.06427711,-0.07168035,0.895009,0.04487596,-0.4379577,0.007362137,0.002409897,-0.02312332,0.2415161,-0.07736206,0.9673004,0.02972609,0.001871872,-0.02168971,0.02972609,0.001871872,-0.02168971,0.2258759,-0.06552124,0.9719391,0.2258759,-0.06552124,0.9719391,5.472244,5.472244,True,True,True
1603985,63779589487012,-13.58315,2.591481,-0.06429297,-0.07165159,0.8950387,0.04479462,-0.4379102,0.005435791,0.002489685,-0.02328644,0.2414703,-0.08462524,0.9667053,0.02971869,0.001930206,-0.02175928,0.02971869,0.001930206,-0.02175928,0.223526,-0.07623291,0.9716949,0.223526,-0.07623291,0.9716949,5.463547,5.463547,True,True,True
1603994,63779589487012,-13.58315,2.591481,-0.06429297,-0.07165159,0.8950387,0.04479462,-0.4379102,0.00341211,0.002537232,-0.02341303,0.2433777,-0.08564758,0.9661407,0.02971797,0.001932007,-0.02175928,0.02971797,0.001932007,-0.02175928,0.2242737,-0.07666016,0.9714966,0.2242737,-0.07666016,0.9714966,5.46376,5.46376,True,True,True
1604002,63779589487023,-13.58313,2.591477,-0.06435478,-0.07164077,0.8950469,0.04460642,-0.4379143,0.001615341,0.002580277,-0.02352522,0.2440948,-0.0871582,0.9658203,0.0297178,0.001935471,-0.02175928,0.0297178,0.001935471,-0.02175928,0.2233124,-0.07791138,0.9716187,0.2233124,-0.07791138,0.9716187,5.468246,5.468246,True,True,True
1604010,63779589487034,-13.58313,2.59147,-0.06439716,-0.07159282,0.895098,0.04457386,-0.4378211,0.0004696503,0.002606476,-0.02359624,0.2448273,-0.08755493,0.9655914,0.0297178,0.001935471,-0.02175928,0.0297178,0.001935471,-0.02175928,0.2230988,-0.07792664,0.9716644,0.2230988,-0.07792664,0.9716644,5.465195,5.465195,True,True,True
1604019,63779589487034,-13.58313,2.59147,-0.06439716,-0.07159282,0.895098,0.04457386,-0.4378211,8.854676E-05,0.002614868,-0.02362012,0.2447662,-0.08740234,0.9656219,0.0297178,0.001935471,-0.02175928,0.0297178,0.001935471,-0.02175928,0.2224579,-0.07806396,0.9718018,0.2224579,-0.07806396,0.9718018,5.467575,5.467575,True,True,True
1604027,63779589487046,-13.58305,2.591442,-0.06444204,-0.07152717,0.8951321,0.04459172,-0.4377604,0.0006204224,0.002602585,-0.02358492,0.2442017,-0.08747864,0.9657593,0.0297178,0.001935471,-0.02175928,0.0297178,0.001935471,-0.02175928,0.223114,-0.07832336,0.9716339,0.223114,-0.07832336,0.9716339,5.468216,5.468216,True,True,True
1604035,63779589487058,-13.58303,2.591468,-0.06447136,-0.07162319,0.8951427,0.04472691,-0.437709,0.001929047,0.002572434,-0.02350243,0.2436676,-0.08731079,0.9659119,0.0297178,0.001935471,-0.02175928,0.0297178,0.001935471,-0.02175928,0.2230835,-0.07833862,0.9716339,0.2230835,-0.07833862,0.9716339,5.465225,5.465225,True,True,True
1604044,63779589487069,-13.58304,2.591487,-0.06453407,-0.07167825,0.8951673,0.04493896,-0.4376281,0.003839798,0.002528626,-0.02338199,0.2428589,-0.0868988,0.966156,0.0297178,0.001935471,-0.02175928,0.0297178,0.001935471,-0.02175928,0.2242584,-0.07798767,0.9713898,0.2242584,-0.07798767,0.9713898,5.465729,5.465729,True,True,True
1604052,63779589487069,-13.58304,2.591487,-0.06453407,-0.07167825,0.8951673,0.04493896,-0.4376281,0.006034607,0.002476197,-0.02324144,0.2413635,-0.08566284,0.9666443,0.0297178,0.001932007,-0.02175565,0.0297178,0.001932007,-0.02175565,0.22435,-0.07687378,0.9714661,0.22435,-0.07687378,0.9714661,5.470123,5.470123,True,True,True
1604060,63779589487081,-13.58308,2.591494,-0.06459457,-0.07170009,0.8951243,0.04501944,-0.4377041,0.00760788,0.002438355,-0.0231402,0.2412567,-0.08421326,0.9667969,0.0297178,0.001930206,-0.02175238,0.0297178,0.001930206,-0.02175238,0.2259521,-0.07635498,0.9711304,0.2259521,-0.07635498,0.9711304,5.470871,5.470871,True,True,True
1604069,63779589487091,-13.58309,2.591488,-0.06465894,-0.07184027,0.8951156,0.04519846,-0.4376804,-0.00395073,0.00267984,-0.02374245,0.249649,-0.08984375,0.9641571,0.02971759,0.001876373,-0.02145865,0.02971759,0.001876373,-0.02145865,0.2269592,-0.08096313,0.97052,0.2269592,-0.08096313,0.97052,5.481216,5.481216,True,True,True
1604077,63779589487102,-13.58311,2.591457,-0.06471217,-0.07193057,0.8951129,0.04513625,-0.4376775,-0.01679466,0.002983154,-0.0246136,0.2582855,-0.09194946,0.9616699,0.02971759,0.001874207,-0.02145856,0.02971759,0.001874207,-0.02145856,0.2270813,-0.08027649,0.9705505,0.2270813,-0.08027649,0.9705505,5.481674,5.481674,True,True,True
1604085,63779589487102,-13.58311,2.591457,-0.06471217,-0.07193057,0.8951129,0.04513625,-0.4376775,-0.02303496,0.003129898,-0.02503415,0.2622528,-0.09483337,0.9603119,0.02971759,0.001873489,-0.02145203,0.02971759,0.001873489,-0.02145203,0.227005,-0.08055115,0.9705505,0.227005,-0.08055115,0.9705505,5.477798,5.477798,True,True,True
1604094,63779589487113,-13.58303,2.591467,-0.06475234,-0.0718708,0.8951107,0.04499232,-0.4377067,-0.02535761,0.003184021,-0.0251909,0.2638245,-0.09526062,0.9598389,0.02971958,0.001870316,-0.02143529,0.02971958,0.001870316,-0.02143529,0.2275543,-0.08078003,0.9703979,0.2275543,-0.08078003,0.9703979,5.475098,5.475098,True,True,True
1604102,63779589487124,-13.58302,2.591471,-0.06478459,-0.07185093,0.8951392,0.04489921,-0.4376613,-0.02595146,0.003197312,-0.02523033,0.2641449,-0.09588623,0.9597015,0.02971986,0.001864349,-0.02143451,0.02971986,0.001864349,-0.02143451,0.2277222,-0.07847595,0.9705505,0.2277222,-0.07847595,0.9705505,5.476273,5.476273,True,True,True
1604110,63779589487135,-13.58305,2.591531,-0.06478792,-0.07172938,0.8951404,0.04477013,-0.4376919,-0.0255652,0.003187912,-0.02520245,0.2642059,-0.0957489,0.9596863,0.02972005,0.001861908,-0.02143309,0.02972005,0.001861908,-0.02143309,0.2277527,-0.07785034,0.9705963,0.2277527,-0.07785034,0.9705963,5.479965,5.479965,True,True,True
1604119,63779589487135,-13.58305,2.591531,-0.06478792,-0.07172938,0.8951404,0.04477013,-0.4376919,-0.02386261,0.003146606,-0.02508405,0.2639008,-0.09524536,0.9598236,0.02972032,0.001860718,-0.0214102,0.02972032,0.001860718,-0.0214102,0.2268829,-0.07995605,0.9706268,0.2268829,-0.07995605,0.9706268,5.479736,5.479736,True,True,True
1604127,63779589487147,-13.58304,2.591524,-0.06479007,-0.07158106,0.8951777,0.04464728,-0.4376525,-0.01833923,0.003013611,-0.02470398,0.2604675,-0.09306335,0.9609833,0.02972171,0.00186026,-0.02140944,0.02972171,0.00186026,-0.02140944,0.2272644,-0.07989502,0.9705353,0.2272644,-0.07989502,0.9705353,5.479919,5.479919,True,True,True
1604135,63779589487158,-13.58296,2.591509,-0.06483477,-0.07142036,0.8952115,0.04443885,-0.4376309,-0.005202866,0.002698044,-0.02380251,0.2510681,-0.0894928,0.9638214,0.02972171,0.00186026,-0.02140944,0.02972171,0.00186026,-0.02140944,0.2273102,-0.07987976,0.9705353,0.2273102,-0.07987976,0.9705353,5.485321,5.485321,True,True,True
1604144,63779589487169,-13.58293,2.591543,-0.06483573,-0.07126535,0.8952496,0.04436009,-0.4375862,0.005104813,0.002450684,-0.02309512,0.2446747,-0.08665466,0.9657135,0.02972171,0.00186026,-0.02140944,0.02972171,0.00186026,-0.02140944,0.228241,-0.07981873,0.9703217,0.228241,-0.07981873,0.9703217,5.490005,5.490005,True,True,True
1604152,63779589487169,-13.58293,2.591543,-0.06483573,-0.07126535,0.8952496,0.04436009,-0.4375862,0.005191574,0.002443481,-0.02308632,0.2445679,-0.08546448,0.9658508,0.0297219,0.001851608,-0.02140584,0.0297219,0.001851608,-0.02140584,0.2273102,-0.07783508,0.9707031,0.2273102,-0.07783508,0.9707031,5.477722,5.477722,True,True,True
1604160,63779589487180,-13.58291,2.591539,-0.06487578,-0.07116143,0.8952779,0.04421578,-0.4375598,0.005581635,0.002431091,-0.02305663,0.2450256,-0.08470154,0.9657898,0.02972363,0.001846695,-0.02140163,0.02972363,0.001846695,-0.02140163,0.2277985,-0.07679749,0.9706726,0.2277985,-0.07679749,0.9706726,5.478546,5.478546,True,True,True
1604169,63779589487191,-13.58294,2.59152,-0.06486267,-0.07112167,0.8953204,0.04418764,-0.4374823,0.006069504,0.002416245,-0.02301599,0.2450104,-0.08462524,0.9658051,0.02972543,0.001842224,-0.02139012,0.02972543,0.001842224,-0.02139012,0.2284546,-0.07627869,0.9705505,0.2284546,-0.07627869,0.9705505,5.492371,5.492371,True,True,True
1604177,63779589487202,-13.58294,2.591501,-0.06490409,-0.07115189,0.8953709,0.04408672,-0.4373839,0.006185181,0.002411133,-0.02300002,0.2447052,-0.08457947,0.9658966,0.02972543,0.001838348,-0.02137676,0.02972543,0.001838348,-0.02137676,0.2281189,-0.07620239,0.9706421,0.2281189,-0.07620239,0.9706421,5.480057,5.480057,True,True,True
1604185,63779589487202,-13.58294,2.591501,-0.06490409,-0.07115189,0.8953709,0.04408672,-0.4373839,0.005839447,0.00241806,-0.02302048,0.2442474,-0.08483887,0.9659882,0.02972543,0.001835831,-0.0213712,0.02972543,0.001835831,-0.0213712,0.2281494,-0.0763855,0.9706116,0.2281494,-0.0763855,0.9706116,5.480026,5.480026,True,True,True
1604194,63779589487213,-13.58295,2.591462,-0.06497675,-0.07107062,0.8954383,0.04398394,-0.4372696,0.005465485,0.002426056,-0.02304251,0.2433929,-0.0854187,0.966156,0.02972543,0.001835678,-0.02136478,0.02972543,0.001835678,-0.02136478,0.2276001,-0.07746887,0.9706573,0.2276001,-0.07746887,0.9706573,5.49086,5.49086,True,True,True
1604202,63779589487224,-13.58293,2.591442,-0.06504822,-0.07108632,0.8954796,0.04396451,-0.4371844,0.005011871,0.002436295,-0.02307074,0.2444305,-0.08558655,0.9658661,0.02972543,0.001835678,-0.02135948,0.02972543,0.001835678,-0.02135948,0.2276306,-0.07791138,0.9706116,0.2276306,-0.07791138,0.9706116,5.493347,5.493347,True,True,True
1604210,63779589487235,-13.58289,2.591414,-0.06506574,-0.07100994,0.8955814,0.04384458,-0.4370001,0.004484802,0.002447754,-0.02309972,0.245285,-0.08583069,0.9656372,0.02972543,0.001834503,-0.0213466,0.02972543,0.001834503,-0.0213466,0.2277069,-0.07846069,0.9705505,0.2277069,-0.07846069,0.9705505,5.496399,5.496399,True,True,True
1604219,63779589487235,-13.58289,2.591414,-0.06506574,-0.07100994,0.8955814,0.04384458,-0.4370001,0.004386368,0.002449844,-0.02310471,0.2455139,-0.08595276,0.9655609,0.02972543,0.001834503,-0.02134357,0.02972543,0.001834503,-0.02134357,0.2277222,-0.07867432,0.9705353,0.2277222,-0.07867432,0.9705353,5.496826,5.496826,True,True,True
1604227,63779589487246,-13.58295,2.591446,-0.06507528,-0.0710026,0.8956318,0.04373385,-0.4369091,0.004370804,0.002449036,-0.0231005,0.2457123,-0.08601379,0.9655151,0.02972543,0.001833313,-0.0213346,0.02972543,0.001833313,-0.0213346,0.2277527,-0.07896423,0.9705048,0.2277527,-0.07896423,0.9705048,5.496719,5.496719,True,True,True
1604235,63779589487258,-13.58294,2.591438,-0.06510055,-0.07098085,0.8956491,0.04362126,-0.4368885,0.004578156,0.002442657,-0.02308512,0.2460785,-0.08602905,0.9654083,0.02972389,0.00183104,-0.02133428,0.02972389,0.00183104,-0.02133428,0.2287445,-0.07839966,0.9703217,0.2287445,-0.07839966,0.9703217,5.494446,5.494446,True,True,True
1604244,63779589487269,-13.5829,2.591464,-0.06515205,-0.07092312,0.8957082,0.04350014,-0.4367887,0.004775315,0.002435562,-0.02306511,0.2458954,-0.08535767,0.9655151,0.02972331,0.001827179,-0.02132515,0.02972331,0.001827179,-0.02132515,0.2286377,-0.07794189,0.9703827,0.2286377,-0.07794189,0.9703827,5.495178,5.495178,True,True,True
1604252,63779589487269,-13.5829,2.591464,-0.06515205,-0.07092312,0.8957082,0.04350014,-0.4367887,0.005179993,0.002424988,-0.0230338,0.2454681,-0.08560181,0.9656067,0.02972139,0.001826065,-0.02132205,0.02972139,0.001826065,-0.02132205,0.2285004,-0.07788086,0.9704132,0.2285004,-0.07788086,0.9704132,5.492706,5.492706,True,True,True
1604260,63779589487280,-13.58288,2.591447,-0.06517053,-0.07087757,0.8957613,0.04336362,-0.4367009,0.005486649,0.002416824,-0.02301138,0.245163,-0.08584595,0.9656677,0.02972086,0.001825119,-0.02132068,0.02972086,0.001825119,-0.02132068,0.2283783,-0.0776825,0.970459,0.2283783,-0.0776825,0.970459,5.492645,5.492645,True,True,True
1604269,63779589487290,-13.58286,2.591456,-0.06517529,-0.07090466,0.8957895,0.04318308,-0.4366564,0.005807007,0.002408814,-0.02298759,0.2450256,-0.08560181,0.9657135,0.02971915,0.00182489,-0.02131839,0.02971915,0.00182489,-0.02131839,0.2281189,-0.07748413,0.9705353,0.2281189,-0.07748413,0.9705353,5.492661,5.492661,True,True,True
1604277,63779589487302,-13.5829,2.591449,-0.06522667,-0.07078283,0.8957915,0.04311223,-0.4366791,0.005568146,0.002413727,-0.02298311,0.2451935,-0.08703613,0.9655457,0.0297191,0.001823456,-0.02128302,0.0297191,0.001823456,-0.02128302,0.2282257,-0.07948303,0.9703522,0.2282257,-0.07948303,0.9703522,5.493347,5.493347,True,True,True
1604285,63779589487302,-13.5829,2.591449,-0.06522667,-0.07078283,0.8957915,0.04311223,-0.4366791,0.005035416,0.002425659,-0.02301157,0.2462158,-0.08747864,0.9652557,0.02971854,0.001821686,-0.0212679,0.02971854,0.001821686,-0.0212679,0.2290802,-0.08001709,0.970108,0.2290802,-0.08001709,0.970108,5.494125,5.494125,True,True,True
1604294,63779589487313,-13.58289,2.591454,-0.06522948,-0.07078125,0.8958128,0.04309483,-0.4366375,0.003690354,0.002457916,-0.0231002,0.2467651,-0.08816528,0.9650421,0.02971775,0.001820862,-0.02125789,0.02971775,0.001820862,-0.02125789,0.227951,-0.08050537,0.9703217,0.227951,-0.08050537,0.9703217,5.493774,5.493774,True,True,True
1604302,63779589487324,-13.5829,2.591448,-0.06516981,-0.07068039,0.8958737,0.04310401,-0.4365279,0.002642181,0.00248349,-0.02317047,0.2475128,-0.08877563,0.964798,0.02971665,0.001820862,-0.02125145,0.02971665,0.001820862,-0.02125145,0.2280426,-0.08091736,0.9702759,0.2280426,-0.08091736,0.9702759,5.49411,5.49411,True,True,True
1604310,63779589487335,-13.58289,2.591461,-0.06521058,-0.0706136,0.8958451,0.04306218,-0.4366015,0.002211685,0.002493225,-0.02319985,0.2477264,-0.08894348,0.9647217,0.02971657,0.001819336,-0.02125099,0.02971657,0.001819336,-0.02125099,0.2280273,-0.08091736,0.9702759,0.2280273,-0.08091736,0.9702759,5.49408,5.49408,True,True,True
1604319,63779589487335,-13.58289,2.591461,-0.06521058,-0.0706136,0.8958451,0.04306218,-0.4366015,0.002516327,0.002485428,-0.02317545,0.248642,-0.08874512,0.9645081,0.02971487,0.001818771,-0.0212475,0.02971487,0.001818771,-0.0212475,0.2297363,-0.0806427,0.9698944,0.2297363,-0.0806427,0.9698944,5.48671,5.48671,True,True,True
1604327,63779589487346,-13.5829,2.591459,-0.06521869,-0.07071679,0.8958184,0.04301517,-0.4366444,0.002901459,0.002475205,-0.02314388,0.2484436,-0.0892334,0.9645233,0.02971315,0.001817703,-0.02124031,0.02971315,0.001817703,-0.02124031,0.2299652,-0.08076477,0.9698334,0.2299652,-0.08076477,0.9698334,5.487076,5.487076,True,True,True
1604335,63779589487358,-13.58294,2.591404,-0.06522804,-0.0706756,0.8958243,0.04306268,-0.4366343,0.003654968,0.002456482,-0.02308299,0.2478027,-0.0896759,0.9646454,0.02971231,0.001817703,-0.02122818,0.02971231,0.001817703,-0.02122818,0.2297668,-0.08201599,0.9697723,0.2297668,-0.08201599,0.9697723,5.487061,5.487061,True,True,True
1604344,63779589487369,-13.58294,2.591399,-0.06522864,-0.07078172,0.8957438,0.04294638,-0.4367934,0.004663697,0.002431595,-0.02300888,0.2466736,-0.08895874,0.9649963,0.02971195,0.001817703,-0.0212249,0.02971195,0.001817703,-0.0212249,0.2290192,-0.08222961,0.9699249,0.2290192,-0.08222961,0.9699249,5.486572,5.486572,True,True,True
1604352,63779589487369,-13.58294,2.591399,-0.06522864,-0.07078172,0.8957438,0.04294638,-0.4367934,0.005593506,0.002408722,-0.02294255,0.2458954,-0.08876038,0.96521,0.02971179,0.001817703,-0.0212249,0.02971179,0.001817703,-0.0212249,0.2289886,-0.08229065,0.9699402,0.2289886,-0.08229065,0.9699402,5.486847,5.486847,True,True,True
1604360,63779589487380,-13.58291,2.591401,-0.06524688,-0.07079449,0.8957466,0.04285043,-0.4367951,0.005773697,0.002404282,-0.02292862,0.2455292,-0.08843994,0.965332,0.02970996,0.001817703,-0.0212242,0.02970996,0.001817703,-0.0212242,0.2285767,-0.08221436,0.9700317,0.2285767,-0.08221436,0.9700317,5.494766,5.494766,True,True,True
1604369,63779589487391,-13.58292,2.591388,-0.06525546,-0.07080892,0.8957445,0.04287107,-0.436795,0.005848282,0.002402649,-0.02292008,0.2458344,-0.0880127,0.9653015,0.02970996,0.001818039,-0.02121929,0.02970996,0.001818039,-0.02121929,0.229187,-0.08105469,0.969986,0.229187,-0.08105469,0.969986,5.487793,5.487793,True,True,True
1604377,63779589487402,-13.58295,2.591415,-0.06525236,-0.07079646,0.8956991,0.04270206,-0.4369068,0.005984772,0.002399307,-0.02290988,0.2456665,-0.08773804,0.9653625,0.02970996,0.001818039,-0.02121877,0.02970996,0.001818039,-0.02121877,0.2292633,-0.08105469,0.9699707,0.2292633,-0.08105469,0.9699707,5.495865,5.495865,True,True,True
1604385,63779589487402,-13.58295,2.591415,-0.06525236,-0.07079646,0.8956991,0.04270206,-0.4369068,0.006165589,0.002394623,-0.02289284,0.2456512,-0.08786011,0.9653625,0.02970996,0.001817612,-0.02121285,0.02970996,0.001817612,-0.02121285,0.2298584,-0.08128357,0.9698181,0.2298584,-0.08128357,0.9698181,5.496094,5.496094,True,True,True
1604394,63779589487413,-13.58296,2.591413,-0.0652383,-0.07081952,0.8957087,0.04262791,-0.4368906,0.006461762,0.002387131,-0.02286752,0.2457581,-0.08798218,0.9653168,0.02970996,0.001817215,-0.02120703,0.02970996,0.001817215,-0.02120703,0.2304535,-0.08152771,0.9696503,0.2304535,-0.08152771,0.9696503,5.496384,5.496384,True,True,True
1604402,63779589487425,-13.58297,2.591426,-0.06521749,-0.07077297,0.8957413,0.04246062,-0.4368476,0.006514206,0.002385834,-0.02286167,0.2461243,-0.08752441,0.965271,0.02970996,0.001817215,-0.02120403,0.02970996,0.001817215,-0.02120403,0.2311096,-0.08076477,0.9695587,0.2311096,-0.08076477,0.9695587,5.515076,5.515076,True,True,True
1604410,63779589487435,-13.58293,2.591414,-0.06521064,-0.07069156,0.8957316,0.04233956,-0.4368924,0.006510254,0.002385941,-0.02285927,0.2462921,-0.08761597,0.9652252,0.02970996,0.001817215,-0.02120078,0.02970996,0.001817215,-0.02120078,0.231308,-0.08094788,0.9694977,0.231308,-0.08094788,0.9694977,5.519638,5.519638,True,True,True
1604419,63779589487435,-13.58293,2.591414,-0.06521064,-0.07069156,0.8957316,0.04233956,-0.4368924,0.006473755,0.002387772,-0.02286118,0.2464294,-0.08705139,0.9652405,0.0297106,0.001817154,-0.02120024,0.0297106,0.001817154,-0.02120024,0.2316895,-0.08082581,0.9694214,0.2316895,-0.08082581,0.9694214,5.532898,5.532898,True,True,True
1604427,63779589487446,-13.58293,2.591413,-0.06518048,-0.07065164,0.895761,0.04228539,-0.4368439,0.00640654,0.002387604,-0.0228616,0.2476807,-0.08683777,0.9649353,0.02971141,0.001813995,-0.021194,0.02971141,0.001813995,-0.021194,0.2336884,-0.08036804,0.9689789,0.2336884,-0.08036804,0.9689789,5.534073,5.534073,True,True,True
1604435,63779589487458,-13.58298,2.591402,-0.06507361,-0.07066569,0.8957543,0.04222941,-0.4368606,0.006479035,0.002385926,-0.02285576,0.2476959,-0.08685303,0.9649353,0.02971141,0.001813995,-0.021194,0.02971141,0.001813995,-0.021194,0.2336884,-0.08033752,0.9689789,0.2336884,-0.08033752,0.9689789,5.533951,5.533951,True,True,True
1604444,63779589487468,-13.58293,2.591385,-0.06507254,-0.07067916,0.8957303,0.04219902,-0.4369107,0.006479889,0.002385926,-0.02284647,0.2477112,-0.08825684,0.964798,0.02971251,0.001813995,-0.02118004,0.02971251,0.001813995,-0.02118004,0.234024,-0.08131409,0.968811,0.234024,-0.08131409,0.968811,5.534241,5.534241,True,True,True
1604452,63779589487468,-13.58293,2.591385,-0.06507254,-0.07067916,0.8957303,0.04219902,-0.4369107,0.005815018,0.002398346,-0.02287503,0.2474518,-0.08868408,0.9648285,0.02971468,0.001807221,-0.02114787,0.02971468,0.001807221,-0.02114787,0.2329712,-0.08163452,0.9690399,0.2329712,-0.08163452,0.9690399,5.53511,5.53511,True,True,True
1604460,63779589487479,-13.58293,2.591399,-0.06503856,-0.07071269,0.8957492,0.04218974,-0.4368675,0.00452478,0.002427353,-0.02295714,0.248703,-0.08892822,0.9644775,0.02971675,0.001802017,-0.02112908,0.02971675,0.001802017,-0.02112908,0.2335968,-0.08132935,0.9689178,0.2335968,-0.08132935,0.9689178,5.536133,5.536133,True,True,True
1604469,63779589487491,-13.58297,2.591448,-0.0650481,-0.07070916,0.8957459,0.04226236,-0.4368677,0.002648468,0.002471146,-0.02307869,0.2509766,-0.0896759,0.9638214,0.02971779,0.001796768,-0.02110263,0.02971779,0.001796768,-0.02110263,0.235733,-0.081604,0.9683685,0.235733,-0.081604,0.9683685,5.538147,5.538147,True,True,True
1604477,63779589487502,-13.58297,2.591471,-0.06501907,-0.07078804,0.8957059,0.04231852,-0.4369314,0.0002178192,0.002528961,-0.02324196,0.2524719,-0.08981323,0.9634094,0.02971819,0.001791184,-0.02107413,0.02971819,0.001791184,-0.02107413,0.2359619,-0.08192444,0.9682922,0.2359619,-0.08192444,0.9682922,5.54039,5.54039,True,True,True
1604485,63779589487502,-13.58297,2.591471,-0.06501907,-0.07078804,0.8957059,0.04231852,-0.4369314,-0.001320862,0.002567383,-0.02335117,0.2537689,-0.09042358,0.9630127,0.02971822,0.001791,-0.02106696,0.02971822,0.001791,-0.02106696,0.2360077,-0.08236694,0.9682465,0.2360077,-0.08236694,0.9682465,5.540634,5.540634,True,True,True
1604494,63779589487513,-13.58301,2.591454,-0.0650025,-0.07073426,0.8957035,0.04239925,-0.4369373,-0.002256012,0.002590546,-0.02341843,0.2548218,-0.09043884,0.962738,0.02971826,0.001790848,-0.02106429,0.02971826,0.001790848,-0.02106429,0.2366791,-0.08197021,0.9681091,0.2366791,-0.08197021,0.9681091,5.543655,5.543655,True,True,True
1604502,63779589487524,-13.58299,2.591486,-0.06504077,-0.0707222,0.8956614,0.0424833,-0.4370174,-0.002094528,0.002585617,-0.02340518,0.2553864,-0.09048462,0.9625854,0.02971945,0.001790848,-0.02106429,0.02971945,0.001790848,-0.02106429,0.2376862,-0.08248901,0.9678192,0.2376862,-0.08248901,0.9678192,5.541168,5.541168,True,True,True
1604510,63779589487535,-13.583,2.591509,-0.06500226,-0.07085466,0.8956624,0.04258125,-0.4369844,-0.0009364472,0.002556244,-0.02331882,0.2548828,-0.09013367,0.9627533,0.0297197,0.001790848,-0.02106429,0.0297197,0.001790848,-0.02106429,0.2377777,-0.08247375,0.967804,0.2377777,-0.08247375,0.967804,5.543884,5.543884,True,True,True
1604519,63779589487535,-13.583,2.591509,-0.06500226,-0.07085466,0.8956624,0.04258125,-0.4369844,0.001086578,0.002504425,-0.02316747,0.2531433,-0.08946228,0.9632721,0.02971973,0.001788834,-0.02105976,0.02971973,0.001788834,-0.02105976,0.2364655,-0.08229065,0.9681396,0.2364655,-0.08229065,0.9681396,5.543625,5.543625,True,True,True
1604527,63779589487546,-13.58303,2.591507,-0.06503564,-0.07086069,0.8956247,0.04269196,-0.4370498,0.003405106,0.002446442,-0.02299637,0.2519073,-0.0887146,0.9636688,0.02971973,0.001788834,-0.02105976,0.02971973,0.001788834,-0.02105976,0.2364349,-0.08178711,0.9681854,0.2364349,-0.08178711,0.9681854,5.541428,5.541428,True,True,True
1604535,63779589487557,-13.58303,2.591522,-0.06499946,-0.07096922,0.895626,0.04280373,-0.4370186,0.005261337,0.002399979,-0.02285956,0.2512207,-0.08665466,0.964035,0.02971973,0.001788834,-0.02105976,0.02971973,0.001788834,-0.02105976,0.2365875,-0.07914734,0.9683685,0.2365875,-0.07914734,0.9683685,5.542801,5.542801,True,True,True
1604544,63779589487569,-13.58302,2.591576,-0.0649724,-0.07106496,0.8956509,0.04291232,-0.4369415,0.006589707,0.00236676,-0.02276148,0.2500305,-0.08628845,0.9643707,0.02971973,0.001788834,-0.02105976,0.02971973,0.001788834,-0.02105976,0.2359009,-0.07919312,0.9685364,0.2359009,-0.07919312,0.9685364,5.542297,5.542297,True,True,True
1604552,63779589487569,-13.58302,2.591576,-0.0649724,-0.07106496,0.8956509,0.04291232,-0.4369415,0.007193711,0.002352768,-0.02271662,0.2496643,-0.08636475,0.9644623,0.02971973,0.001790848,-0.02105976,0.02971973,0.001790848,-0.02105976,0.2358704,-0.07972717,0.9685059,0.2358704,-0.07972717,0.9685059,5.544342,5.544342,True,True,True
1604560,63779589487579,-13.58303,2.591638,-0.06493747,-0.07112997,0.8956466,0.04303296,-0.4369277,0.007321411,0.002348999,-0.02270976,0.249588,-0.08599854,0.9645081,0.0297197,0.001791184,-0.02106429,0.0297197,0.001791184,-0.02106429,0.2358398,-0.0796814,0.9685059,0.2358398,-0.0796814,0.9685059,5.544174,5.544174,True,True,True
1604569,63779589487591,-13.58307,2.591671,-0.06489986,-0.0711776,0.8956543,0.04307622,-0.4368999,0.007372788,0.002348297,-0.02270986,0.2495117,-0.08573914,0.9645538,0.02971903,0.001792267,-0.02107124,0.02971903,0.001792267,-0.02107124,0.2357178,-0.07931519,0.9685669,0.2357178,-0.07931519,0.9685669,5.54776,5.54776,True,True,True
1604577,63779589487602,-13.58317,2.591653,-0.0648874,-0.07131142,0.8956591,0.0431667,-0.4368594,0.006949631,0.002358689,-0.02274678,0.249939,-0.08540344,0.9644775,0.02971903,0.001792862,-0.02108161,0.02971903,0.001792862,-0.02108161,0.2357635,-0.07875061,0.9685974,0.2357635,-0.07875061,0.9685974,5.549957,5.549957,True,True,True
1604585,63779589487602,-13.58317,2.591653,-0.0648874,-0.07131142,0.8956591,0.0431667,-0.4368594,0.006599655,0.002368866,-0.0227722,0.2498474,-0.08575439,0.9644775,0.02971819,0.001796021,-0.02108189,0.02971819,0.001796021,-0.02108189,0.2354431,-0.07980347,0.9685974,0.2354431,-0.07980347,0.9685974,5.546936,5.546936,True,True,True
1604594,63779589487613,-13.58319,2.591664,-0.06485724,-0.07132765,0.8956863,0.04321827,-0.4367957,0.005781296,0.00238913,-0.02284926,0.2498474,-0.08512878,0.9645233,0.02971691,0.001796402,-0.02111212,0.02971691,0.001796402,-0.02111212,0.2349548,-0.07783508,0.9688721,0.2349548,-0.07783508,0.9688721,5.545212,5.545212,True,True,True
1604602,63779589487624,-13.58321,2.591617,-0.06481224,-0.07139214,0.8957012,0.04323965,-0.4367526,0.004940949,0.002410248,-0.02291432,0.2502899,-0.08580017,0.9643555,0.02971646,0.00179776,-0.02111963,0.02971646,0.00179776,-0.02111963,0.2348175,-0.07830811,0.9688721,0.2348175,-0.07830811,0.9688721,5.546127,5.546127,True,True,True
1604610,63779589487635,-13.58323,2.59162,-0.06480867,-0.071523,0.8957113,0.04330175,-0.4367043,0.00425441,0.002427719,-0.02296603,0.2509766,-0.08695984,0.9640656,0.02971619,0.001798966,-0.0211243,0.02971619,0.001798966,-0.0211243,0.234726,-0.08007813,0.96875,0.234726,-0.08007813,0.96875,5.547531,5.547531,True,True,True
1604619,63779589487635,-13.58323,2.59162,-0.06480867,-0.071523,0.8957113,0.04330175,-0.4367043,0.003610993,0.002444672,-0.02301292,0.250885,-0.08743286,0.9640503,0.02971434,0.001801239,-0.02112569,0.02971434,0.001801239,-0.02112569,0.2342529,-0.08061218,0.9688263,0.2342529,-0.08061218,0.9688263,5.5495,5.5495,True,True,True
1604627,63779589487646,-13.58322,2.591596,-0.06475526,-0.07152855,0.8957326,0.04343683,-0.4366463,0.003267914,0.002453034,-0.02304323,0.2511749,-0.08683777,0.964035,0.02971427,0.001802078,-0.02113699,0.02971427,0.001802078,-0.02113699,0.2342834,-0.07997131,0.9688568,0.2342834,-0.07997131,0.9688568,5.558929,5.558929,True,True,True
1604635,63779589487658,-13.5832,2.591583,-0.064726,-0.07161717,0.8957576,0.0434359,-0.4365804,0.003238159,0.002453934,-0.02305574,0.2511292,-0.08685303,0.964035,0.02971393,0.001802582,-0.02115659,0.02971393,0.001802582,-0.02115659,0.2341766,-0.07955933,0.9689178,0.2341766,-0.07955933,0.9689178,5.558334,5.558334,True,True,True
1604644,63779589487668,-13.58323,2.591586,-0.0647099,-0.07163324,0.8957627,0.04341963,-0.436569,0.003693619,0.002442398,-0.02302323,0.2508545,-0.08634949,0.9641571,0.02971384,0.001802582,-0.02115787,0.02971384,0.001802582,-0.02115787,0.2341766,-0.079422,0.9689331,0.2341766,-0.079422,0.9689331,5.561371,5.561371,True,True,True
1604652,63779589487668,-13.58323,2.591586,-0.0647099,-0.07163324,0.8957627,0.04341963,-0.436569,0.004212586,0.00242833,-0.02298535,0.2504883,-0.08613586,0.9642639,0.0297135,0.001802582,-0.02115787,0.0297135,0.001802582,-0.02115787,0.2340851,-0.07969666,0.9689331,0.2340851,-0.07969666,0.9689331,5.561096,5.561096,True,True,True
1604660,63779589487680,-13.58326,2.591578,-0.06464887,-0.07154955,0.8957824,0.04340934,-0.4365433,0.004464188,0.002421845,-0.02296677,0.2501984,-0.08677673,0.9642792,0.0297135,0.001802582,-0.02115787,0.0297135,0.001802582,-0.02115787,0.2340546,-0.0801239,0.9689026,0.2340546,-0.0801239,0.9689026,5.557785,5.557785,True,True,True
1604669,63779589487690,-13.5833,2.591573,-0.06462604,-0.07160316,0.8958146,0.04344052,-0.4364654,0.005102173,0.002406082,-0.02292078,0.2498779,-0.08659363,0.964386,0.0297135,0.001802582,-0.02115787,0.0297135,0.001802582,-0.02115787,0.2341461,-0.08010864,0.9688873,0.2341461,-0.08010864,0.9688873,5.56076,5.56076,True,True,True
1604677,63779589487702,-13.58332,2.591567,-0.06454557,-0.07152387,0.8957988,0.04341946,-0.436513,0.005451157,0.002397141,-0.02289658,0.250351,-0.08628845,0.9642944,0.02971341,0.001802582,-0.02116063,0.02971341,0.001802582,-0.02116063,0.2350311,-0.07987976,0.968689,0.2350311,-0.07987976,0.968689,5.560989,5.560989,True,True,True
1604685,63779589487702,-13.58332,2.591567,-0.06454557,-0.07152387,0.8957988,0.04341946,-0.436513,0.005918518,0.002385651,-0.02286278,0.2499542,-0.08616638,0.9644012,0.02971335,0.001802582,-0.02116063,0.02971335,0.001802582,-0.02116063,0.2350159,-0.07987976,0.968689,0.2350159,-0.07987976,0.968689,5.561325,5.561325,True,True,True
1604694,63779589487713,-13.58336,2.591533,-0.06456524,-0.07157128,0.8957893,0.04334693,-0.436532,0.006497284,0.002371063,-0.02282066,0.2495728,-0.08602905,0.9645233,0.02971335,0.001802582,-0.02116063,0.02971335,0.001802582,-0.02116063,0.2349854,-0.07991028,0.9687042,0.2349854,-0.07991028,0.9687042,5.558243,5.558243,True,True,True
1604702,63779589487724,-13.58339,2.591519,-0.06453454,-0.07151481,0.8958009,0.04326909,-0.436525,0.00713115,0.00235553,-0.02277341,0.250946,-0.08547974,0.9642029,0.02971335,0.001802582,-0.02115787,0.02971335,0.001802582,-0.02115787,0.237854,-0.07928467,0.9680481,0.237854,-0.07928467,0.9680481,5.562546,5.562546,True,True,True
1604710,63779589487735,-13.58338,2.591536,-0.06459624,-0.07157807,0.8957556,0.0431584,-0.4366184,0.007540848,0.002344986,-0.02274329,0.2518463,-0.08421326,0.9640808,0.02971335,0.001802033,-0.02115732,0.02971335,0.001802033,-0.02115732,0.2396545,-0.07675171,0.967804,0.2396545,-0.07675171,0.967804,5.571548,5.571548,True,True,True
1604719,63779589487735,-13.58338,2.591536,-0.06459624,-0.07157807,0.8957556,0.0431584,-0.4366184,0.007536149,0.002344574,-0.02274251,0.2518921,-0.08401489,0.9640961,0.02971341,0.001801895,-0.02115659,0.02971341,0.001801895,-0.02115659,0.2397156,-0.07649231,0.9678192,0.2397156,-0.07649231,0.9678192,5.576218,5.576218,True,True,True
1604727,63779589487746,-13.58341,2.591566,-0.0645358,-0.07156204,0.8957835,0.04308073,-0.4365716,0.007518967,0.002344666,-0.02274161,0.2521057,-0.08401489,0.964035,0.02971341,0.001801788,-0.02115418,0.02971341,0.001801788,-0.02115418,0.2400208,-0.07655334,0.9677429,0.2400208,-0.07655334,0.9677429,5.576553,5.576553,True,True,True
1604735,63779589487757,-13.58335,2.591529,-0.06450498,-0.07158488,0.895745,0.04301392,-0.4366533,0.00711908,0.002350922,-0.02275818,0.2524109,-0.08404541,0.9639587,0.02971341,0.001796158,-0.02113497,0.02971341,0.001796158,-0.02113497,0.2401428,-0.07637024,0.9677124,0.2401428,-0.07637024,0.9677124,5.577347,5.577347,True,True,True
1604744,63779589487769,-13.58333,2.591567,-0.06440395,-0.07155165,0.8957561,0.04298531,-0.436639,0.006476029,0.002365875,-0.02279764,0.2531281,-0.08460999,0.9637146,0.02971503,0.001795059,-0.02112456,0.02971503,0.001795059,-0.02112456,0.2407532,-0.07698059,0.967514,0.2407532,-0.07698059,0.967514,5.591873,5.591873,True,True,True
1604752,63779589487769,-13.58333,2.591567,-0.06440395,-0.07155165,0.8957561,0.04298531,-0.436639,0.00537706,0.002389694,-0.02286324,0.2540131,-0.0848999,0.9634552,0.02971671,0.001789658,-0.0211019,0.02971671,0.001789658,-0.0211019,0.2411652,-0.076828,0.9674377,0.2411652,-0.076828,0.9674377,5.579117,5.579117,True,True,True
1604760,63779589487780,-13.58333,2.591573,-0.06436795,-0.07163233,0.8957322,0.04292004,-0.4366812,0.004134277,0.002418305,-0.02294173,0.2546234,-0.08639526,0.9631653,0.02971683,0.001786362,-0.02108261,0.02971683,0.001786362,-0.02108261,0.2410431,-0.07737732,0.9674225,0.2410431,-0.07737732,0.9674225,5.555847,5.555847,True,True,True
1604769,63779589487791,-13.58332,2.591613,-0.06436616,-0.07167893,0.8957062,0.04288561,-0.4367303,0.002763443,0.00244986,-0.02303082,0.2550201,-0.08685303,0.9630127,0.02971686,0.00178212,-0.02106458,0.02971686,0.00178212,-0.02106458,0.2411346,-0.07695007,0.9674225,0.2411346,-0.07695007,0.9674225,5.556976,5.556976,True,True,True
1604777,63779589487802,-13.58333,2.591577,-0.06434906,-0.07164576,0.8956947,0.04282491,-0.4367651,0.001383667,0.002483841,-0.02312418,0.2558441,-0.0879364,0.9626923,0.02971782,0.001781723,-0.02105153,0.02971782,0.001781723,-0.02105153,0.2415161,-0.07765198,0.9672699,0.2415161,-0.07765198,0.9672699,5.56543,5.56543,True,True,True
1604785,63779589487802,-13.58333,2.591577,-0.06434906,-0.07164576,0.8956947,0.04282491,-0.4367651,0.0006788788,0.002501175,-0.02317514,0.2553864,-0.08787537,0.9628296,0.02971782,0.001781723,-0.02105153,0.02971782,0.001781723,-0.02105153,0.2399139,-0.07733154,0.9676971,0.2399139,-0.07733154,0.9676971,5.564728,5.564728,True,True,True
1604794,63779589487813,-13.58348,2.591616,-0.06438977,-0.07169945,0.8957165,0.04284774,-0.4367094,0.0006457673,0.002500824,-0.02317359,0.2555084,-0.08764648,0.9628143,0.02971845,0.00177948,-0.02104488,0.02971845,0.00177948,-0.02104488,0.2400513,-0.07649231,0.9677277,0.2400513,-0.07649231,0.9677277,5.55751,5.55751,True,True,True
1604802,63779589487824,-13.58351,2.591604,-0.06437886,-0.07181977,0.8957066,0.04287194,-0.4367077,0.0003944092,0.00250203,-0.0231689,0.2556458,-0.08796692,0.9627533,0.02971855,0.001769272,-0.02099899,0.02971855,0.001769272,-0.02099899,0.2399445,-0.07688904,0.9677277,0.2399445,-0.07688904,0.9677277,5.552979,5.552979,True,True,True
1604810,63779589487835,-13.58359,2.591634,-0.06432378,-0.07186451,0.8956842,0.04304025,-0.4367297,0.0009712067,0.002487625,-0.02312526,0.2554779,-0.08778381,0.9628143,0.02971855,0.001769272,-0.02099899,0.02971855,0.001769272,-0.02099899,0.2402649,-0.07684326,0.9676514,0.2402649,-0.07684326,0.9676514,5.559448,5.559448,True,True,True
1604819,63779589487835,-13.58359,2.591634,-0.06432378,-0.07186451,0.8956842,0.04304025,-0.4367297,0.001764587,0.002467682,-0.02306578,0.2559662,-0.08805847,0.9626617,0.02971855,0.001769272,-0.02099899,0.02971855,0.001769272,-0.02099899,0.2419128,-0.07794189,0.9671478,0.2419128,-0.07794189,0.9671478,5.567566,5.567566,True,True,True
1604827,63779589487846,-13.5837,2.591679,-0.06426764,-0.07190957,0.8956481,0.04324812,-0.4367759,0.001821182,0.002466019,-0.02305666,0.256012,-0.08822632,0.9626312,0.02971855,0.001768814,-0.02099194,0.02971855,0.001768814,-0.02099194,0.2419281,-0.07827759,0.9671173,0.2419281,-0.07827759,0.9671173,5.567261,5.567261,True,True,True
1604835,63779589487858,-13.58376,2.591635,-0.06427521,-0.07207809,0.8956035,0.04356793,-0.4368075,0.00148085,0.002473892,-0.0230647,0.2574615,-0.0900116,0.9620819,0.0297211,0.001767593,-0.02096016,0.0297211,0.001767593,-0.02096016,0.2450104,-0.08140564,0.9660797,0.2450104,-0.08140564,0.9660797,5.568298,5.568298,True,True,True
1604844,63779589487868,-13.58381,2.591657,-0.0642727,-0.07231712,0.8955168,0.04377424,-0.4369254,0.001965897,0.002461472,-0.02302795,0.2572021,-0.08981323,0.9621582,0.0297211,0.001767593,-0.02096016,0.0297211,0.001767593,-0.02096016,0.2449493,-0.0813446,0.9661102,0.2449493,-0.0813446,0.9661102,5.56041,5.56041,True,True,True
1604852,63779589487868,-13.58381,2.591657,-0.0642727,-0.07231712,0.8955168,0.04377424,-0.4369254,0.002981934,0.00243605,-0.02295158,0.2546387,-0.09024048,0.9627991,0.0297211,0.001767593,-0.02096016,0.0297211,0.001767593,-0.02096016,0.2410126,-0.08265686,0.96698,0.2410126,-0.08265686,0.96698,5.552979,5.552979,True,True,True
1604860,63779589487880,-13.58386,2.591671,-0.06424725,-0.0724573,0.8954988,0.04383582,-0.4369328,0.003549317,0.002421631,-0.02290848,0.253952,-0.08992004,0.9630127,0.02971782,0.001767593,-0.02096016,0.02971782,0.001767593,-0.02096016,0.2402649,-0.0823822,0.9671936,0.2402649,-0.0823822,0.9671936,5.566528,5.566528,True,True,True
1604869,63779589487890,-13.58393,2.591657,-0.06421477,-0.07250796,0.895501,0.04382927,-0.4369208,0.004118088,0.00240741,-0.02286557,0.2536316,-0.08917236,0.9631653,0.02971778,0.001767593,-0.02096016,0.02971778,0.001767593,-0.02096016,0.2400208,-0.08155823,0.9673309,0.2400208,-0.08155823,0.9673309,5.566833,5.566833,True,True,True
1604877,63779589487902,-13.58385,2.591738,-0.06427008,-0.07247673,0.8954972,0.04381804,-0.4369348,0.004844056,0.002392777,-0.02283737,0.2533722,-0.08851624,0.9633026,0.02971778,0.001773743,-0.02100644,0.02971778,0.001773743,-0.02100644,0.2398987,-0.08082581,0.9674225,0.2398987,-0.08082581,0.9674225,5.571762,5.571762,True,True,True
1604885,63779589487902,-13.58385,2.591738,-0.06427008,-0.07247673,0.8954972,0.04381804,-0.4369348,0.003429215,0.00243103,-0.02297403,0.2538452,-0.08729553,0.9632874,0.02971775,0.001779175,-0.02106688,0.02971775,0.001779175,-0.02106688,0.2396851,-0.07736206,0.9677582,0.2396851,-0.07736206,0.9677582,5.570816,5.570816,True,True,True
1604894,63779589487913,-13.58386,2.591793,-0.06423998,-0.07236097,0.8955088,0.04383882,-0.4369282,0.001314255,0.002483673,-0.02313452,0.2556,-0.08740234,0.9628143,0.02971755,0.001779785,-0.02108292,0.02971755,0.001779785,-0.02108292,0.2394257,-0.07643127,0.9678955,0.2394257,-0.07643127,0.9678955,5.570358,5.570358,True,True,True
1604902,63779589487924,-13.58387,2.591822,-0.06427753,-0.07236291,0.8955111,0.04379516,-0.4369275,-0.001874756,0.002563782,-0.02337033,0.2569733,-0.08860779,0.9623413,0.02971735,0.001783035,-0.02109598,0.02971735,0.001783035,-0.02109598,0.2381897,-0.07646179,0.9682007,0.2381897,-0.07646179,0.9682007,5.569702,5.569702,True,True,True
1604910,63779589487935,-13.58393,2.591848,-0.06428832,-0.07227014,0.8955367,0.04378656,-0.4368913,-0.004781174,0.002635544,-0.02357872,0.258728,-0.09016418,0.9617157,0.02971735,0.001783035,-0.02109598,0.02971735,0.001783035,-0.02109598,0.238205,-0.07723999,0.9681244,0.238205,-0.07723999,0.9681244,5.571411,5.571411,True,True,True
1604919,63779589487935,-13.58393,2.591848,-0.06428832,-0.07227014,0.8955367,0.04378656,-0.4368913,-0.006145554,0.002670334,-0.02368224,0.2593231,-0.0905304,0.9615326,0.02971643,0.001786179,-0.02111314,0.02971643,0.001786179,-0.02111314,0.2376404,-0.07699585,0.9682922,0.2376404,-0.07699585,0.9682922,5.570709,5.570709,True,True,True
1604927,63779589487946,-13.58394,2.591875,-0.06428969,-0.07232051,0.8955337,0.04376584,-0.4368911,-0.006401535,0.002676712,-0.0237121,0.2593689,-0.08981323,0.9615784,0.02971472,0.001786759,-0.02114568,0.02971472,0.001786759,-0.02114568,0.2373657,-0.07481384,0.9685211,0.2373657,-0.07481384,0.9685211,5.573441,5.573441,True,True,True
1604935,63779589487957,-13.58392,2.59184,-0.06422317,-0.07228298,0.8955767,0.04383087,-0.4368025,-0.00398851,0.002617005,-0.02353195,0.2579346,-0.08953857,0.9619904,0.02971596,0.001786179,-0.02112711,0.02971596,0.001786179,-0.02112711,0.2374573,-0.07617188,0.968399,0.2374573,-0.07617188,0.968399,5.570374,5.570374,True,True,True
1604944,63779589487968,-13.58391,2.59187,-0.06419826,-0.07238076,0.8956012,0.04392617,-0.4367264,-0.000657959,0.002534226,-0.02329378,0.2556152,-0.08842468,0.9627228,0.02971596,0.001786179,-0.02112711,0.02971596,0.001786179,-0.02112711,0.2368469,-0.07685852,0.9684906,0.2368469,-0.07685852,0.9684906,5.567535,5.567535,True,True,True
1604952,63779589487968,-13.58391,2.59187,-0.06419826,-0.07238076,0.8956012,0.04392617,-0.4367264,0.002290314,0.002461472,-0.02309296,0.2537079,-0.0866394,0.9633789,0.02971472,0.001786759,-0.02114568,0.02971472,0.001786759,-0.02114568,0.2362671,-0.07580566,0.9687195,0.2362671,-0.07580566,0.9687195,5.558258,5.558258,True,True,True
1604960,63779589487980,-13.58392,2.591854,-0.06416047,-0.07227386,0.895606,0.04386596,-0.4367401,0.003880234,0.002422241,-0.02298001,0.2529144,-0.08551025,0.9636993,0.02971452,0.001786759,-0.02114568,0.02971452,0.001786759,-0.02114568,0.2361755,-0.07498169,0.9687958,0.2361755,-0.07498169,0.9687958,5.553528,5.553528,True,True,True
1604969,63779589487990,-13.58398,2.591836,-0.06416738,-0.07231612,0.8956171,0.04384904,-0.4367122,0.004443069,0.00240744,-0.02294104,0.2523041,-0.08500671,0.9638977,0.02971452,0.001786865,-0.02114862,0.02971452,0.001786865,-0.02114862,0.2362061,-0.07478333,0.968811,0.2362061,-0.07478333,0.968811,5.558823,5.558823,True,True,True
1604977,63779589488002,-13.584,2.591825,-0.06413931,-0.0722962,0.8956203,0.0438013,-0.4367137,0.004998947,0.002392975,-0.02290138,0.25177,-0.08460999,0.9640656,0.02971472,0.001786759,-0.02114862,0.02971472,0.001786759,-0.02114862,0.2358856,-0.07476807,0.9688873,0.2358856,-0.07476807,0.9688873,5.558548,5.558548,True,True,True
1604985,63779589488002,-13.584,2.591825,-0.06413931,-0.0722962,0.8956203,0.0438013,-0.4367137,0.005392197,0.002382691,-0.02287297,0.2514954,-0.08546448,0.9640656,0.02971452,0.001786865,-0.02114871,0.02971452,0.001786865,-0.02114871,0.2358246,-0.07617188,0.9687958,0.2358246,-0.07617188,0.9687958,5.557892,5.557892,True,True,True
1604994,63779589488013,-13.58407,2.591793,-0.06414026,-0.07231569,0.8956641,0.04384736,-0.436616,0.0061138,0.002365235,-0.02282173,0.2507782,-0.08558655,0.9642487,0.02971422,0.001787689,-0.02114931,0.02971422,0.001787689,-0.02114931,0.2356873,-0.07637024,0.968811,0.2356873,-0.07637024,0.968811,5.552551,5.552551,True,True,True
1605002,63779589488024,-13.58407,2.591737,-0.06415278,-0.07233498,0.895631,0.04387452,-0.4366781,0.006717865,0.002350174,-0.02277828,0.2501984,-0.08459473,0.9644775,0.02971422,0.001787689,-0.02114931,0.02971422,0.001787689,-0.02114931,0.2355499,-0.07495117,0.9689636,0.2355499,-0.07495117,0.9689636,5.536499,5.536499,True,True,True
1605010,63779589488035,-13.5841,2.591712,-0.06410068,-0.07247355,0.8956167,0.04380056,-0.4366919,0.006716416,0.002350159,-0.02277789,0.250473,-0.08587646,0.9642944,0.02971422,0.001787689,-0.02114931,0.02971422,0.001787689,-0.02114931,0.2355347,-0.07643127,0.9688416,0.2355347,-0.07643127,0.9688416,5.535538,5.535538,True,True,True
1605019,63779589488035,-13.5841,2.591712,-0.06410068,-0.07247355,0.8956167,0.04380056,-0.4366919,0.00696402,0.002344055,-0.02276045,0.2503815,-0.0856781,0.9643402,0.02971422,0.001787689,-0.02114975,0.02971422,0.001787689,-0.02114975,0.2361145,-0.07623291,0.9687195,0.2361145,-0.07623291,0.9687195,5.557693,5.557693,True,True,True
1605027,63779589488045,-13.58411,2.591727,-0.0640713,-0.07255135,0.8956182,0.04377924,-0.436678,0.006970856,0.002343521,-0.02275909,0.2502594,-0.0856781,0.9643707,0.02971422,0.001787689,-0.02114975,0.02971422,0.001787689,-0.02114975,0.2359314,-0.07640076,0.96875,0.2359314,-0.07640076,0.96875,5.538391,5.538391,True,True,True
1605035,63779589488057,-13.58412,2.591723,-0.06408197,-0.07265238,0.8955916,0.04375516,-0.4367181,0.006953659,0.00234343,-0.02275981,0.2502594,-0.08564758,0.9643707,0.02971408,0.001788025,-0.02114931,0.02971408,0.001788025,-0.02114931,0.2358704,-0.07650757,0.96875,0.2358704,-0.07650757,0.96875,5.535828,5.535828,True,True,True
1605044,63779589488068,-13.5841,2.591691,-0.06406587,-0.07261943,0.8955977,0.04367335,-0.4367193,0.006953614,0.002342987,-0.02275879,0.2501526,-0.08564758,0.9644012,0.02971408,0.001788025,-0.02114871,0.02971408,0.001788025,-0.02114871,0.2360077,-0.0765686,0.9687195,0.2360077,-0.0765686,0.9687195,5.538727,5.538727,True,True,True
1605052,63779589488068,-13.5841,2.591691,-0.06406587,-0.07261943,0.8955977,0.04367335,-0.4367193,0.00766066,0.002326004,-0.02270848,0.2497559,-0.08547974,0.9645233,0.02971407,0.001788712,-0.02114975,0.02971407,0.001788712,-0.02114975,0.2359772,-0.07669067,0.9687195,0.2359772,-0.07669067,0.9687195,5.535858,5.535858,True,True,True
1605060,63779589488080,-13.58407,2.591688,-0.06402743,-0.07269134,0.8956083,0.04362505,-0.4366904,0.007705292,0.002324783,-0.02270451,0.2496338,-0.08544922,0.9645538,0.02971318,0.001788712,-0.02114975,0.02971318,0.001788712,-0.02114975,0.235733,-0.07670593,0.9687805,0.235733,-0.07670593,0.9687805,5.535782,5.535782,True,True,True
1605069,63779589488090,-13.58409,2.591676,-0.0640623,-0.07270585,0.8956381,0.04354989,-0.4366345,0.007731278,0.002324951,-0.02270233,0.2496338,-0.08555603,0.9645386,0.02971318,0.001790009,-0.02114975,0.02971318,0.001790009,-0.02114975,0.2357635,-0.07696533,0.96875,0.2357635,-0.07696533,0.96875,5.538315,5.538315,True,True,True
1605077,63779589488101,-13.58418,2.591686,-0.06406158,-0.0727604,0.8956161,0.04355558,-0.4366699,0.007770661,0.002324005,-0.02269872,0.2495422,-0.08554077,0.9645691,0.02971318,0.001790009,-0.02114975,0.02971318,0.001790009,-0.02114975,0.2357635,-0.07696533,0.96875,0.2357635,-0.07696533,0.96875,5.538315,5.538315,True,True,True
1605085,63779589488101,-13.58418,2.591686,-0.06406158,-0.0727604,0.8956161,0.04355558,-0.4366699,0.007811173,0.002323288,-0.02269528,0.249527,-0.08564758,0.9645538,0.02971318,0.001790436,-0.02114975,0.02971318,0.001790436,-0.02114975,0.2357788,-0.07711792,0.9687347,0.2357788,-0.07711792,0.9687347,5.540222,5.540222,True,True,True
1605094,63779589488112,-13.58419,2.591675,-0.06404936,-0.07285661,0.8955809,0.04361268,-0.4367204,0.00775531,0.002324783,-0.0227013,0.2494507,-0.08557129,0.9645844,0.0297123,0.001790756,-0.0211537,0.0297123,0.001790756,-0.0211537,0.2354584,-0.07693481,0.9688263,0.2354584,-0.07693481,0.9688263,5.539703,5.539703,True,True,True
1605102,63779589488124,-13.58426,2.591622,-0.06405193,-0.07290052,0.8955351,0.04361149,-0.4368072,0.007658509,0.002327622,-0.02270753,0.2496185,-0.0854187,0.9645538,0.02971211,0.001791672,-0.02115407,0.02971211,0.001791672,-0.02115407,0.2354889,-0.07687378,0.9688263,0.2354889,-0.07687378,0.9688263,5.541611,5.541611,True,True,True
1605110,63779589488135,-13.58428,2.591583,-0.0640468,-0.07297199,0.8954969,0.04360361,-0.4368743,0.007604767,0.002329331,-0.02271079,0.2495422,-0.08525085,0.9645996,0.02971205,0.001792313,-0.02115407,0.02971205,0.001792313,-0.02115407,0.2353973,-0.07650757,0.9688721,0.2353973,-0.07650757,0.9688721,5.540405,5.540405,True,True,True
1605119,63779589488135,-13.58428,2.591583,-0.0640468,-0.07297199,0.8954969,0.04360361,-0.4368743,0.007126389,0.002341141,-0.02274889,0.2499237,-0.08499146,0.9645233,0.02971198,0.001792603,-0.02116231,0.02971198,0.001792603,-0.02116231,0.2353668,-0.07594299,0.9689178,0.2353668,-0.07594299,0.9689178,5.542023,5.542023,True,True,True
1605127,63779589488146,-13.58429,2.591597,-0.06408149,-0.07313671,0.8954227,0.04362263,-0.4369969,0.007161087,0.002342316,-0.02274622,0.2498322,-0.08561707,0.9644775,0.02971124,0.001795929,-0.02116283,0.02971124,0.001795929,-0.02116283,0.2351532,-0.07739258,0.9688568,0.2351532,-0.07739258,0.9688568,5.540985,5.540985,True,True,True
1605135,63779589488157,-13.58428,2.591569,-0.06407869,-0.07325248,0.8953282,0.04359268,-0.4371742,0.007115616,0.002344864,-0.02274892,0.2498932,-0.08522034,0.9645081,0.0297112,0.001798157,-0.02116301,0.0297112,0.001798157,-0.02116301,0.2351227,-0.07743835,0.9688721,0.2351227,-0.07743835,0.9688721,5.539444,5.539444,True,True,True
1605144,63779589488168,-13.58429,2.591566,-0.06405139,-0.07322457,0.8953214,0.04341774,-0.4372103,0.006865235,0.002351364,-0.02277469,0.2499237,-0.08485413,0.9645233,0.0297112,0.001798615,-0.0211774,0.0297112,0.001798615,-0.0211774,0.234726,-0.0765686,0.9690247,0.234726,-0.0765686,0.9690247,5.537048,5.537048,True,True,True
1605152,63779589488168,-13.58429,2.591566,-0.06405139,-0.07322457,0.8953214,0.04341774,-0.4372103,0.006675415,0.002358139,-0.02278755,0.2500458,-0.08459473,0.9645233,0.02971124,0.001802231,-0.0211774,0.02971124,0.001802231,-0.0211774,0.2347107,-0.07679749,0.9690247,0.2347107,-0.07679749,0.9690247,5.534912,5.534912,True,True,True
1605160,63779589488179,-13.58431,2.591553,-0.06403804,-0.07323401,0.8953102,0.04340248,-0.4372329,0.00655893,0.002362122,-0.02279657,0.2502594,-0.08486938,0.964447,0.02971124,0.00180394,-0.02117934,0.02971124,0.00180394,-0.02117934,0.2350769,-0.07705688,0.9689026,0.2350769,-0.07705688,0.9689026,5.539047,5.539047,True,True,True
1605169,63779589488190,-13.58433,2.59155,-0.06399852,-0.07308716,0.8952926,0.04320313,-0.4373134,0.006194855,0.002373429,-0.02282849,0.2503662,-0.08459473,0.9644318,0.02971124,0.001808197,-0.02119151,0.02971124,0.001808197,-0.02119151,0.2346497,-0.0763092,0.9690704,0.2346497,-0.0763092,0.9690704,5.534546,5.534546,True,True,True
1605177,63779589488201,-13.58428,2.591559,-0.0639655,-0.07303922,0.8952522,0.04312263,-0.4374119,0.005942719,0.0023806,-0.02284793,0.2503967,-0.0844574,0.964447,0.0297112,0.001809906,-0.02119548,0.0297112,0.001809906,-0.02119548,0.2341766,-0.07646179,0.9691772,0.2341766,-0.07646179,0.9691772,5.538177,5.538177,True,True,True
1605185,63779589488201,-13.58428,2.591559,-0.0639655,-0.07303922,0.8952522,0.04312263,-0.4374119,0.005923829,0.002382294,-0.02285049,0.2505798,-0.08459473,0.964386,0.02971059,0.001810028,-0.02119838,0.02971059,0.001810028,-0.02119838,0.2344971,-0.07627869,0.9691162,0.2344971,-0.07627869,0.9691162,5.540176,5.540176,True,True,True
1605194,63779589488213,-13.58435,2.591573,-0.06393176,-0.07300644,0.8952081,0.04305292,-0.4375147,0.005805222,0.002386597,-0.02286263,0.2504578,-0.08459473,0.9644165,0.02971059,0.001810135,-0.02120567,0.02971059,0.001810135,-0.02120567,0.2339935,-0.07571411,0.9692688,0.2339935,-0.07571411,0.9692688,5.539978,5.539978,True,True,True
1605202,63779589488224,-13.58433,2.591567,-0.06395096,-0.07307794,0.895152,0.04307409,-0.4376153,0.005722473,0.002389587,-0.02286792,0.2507935,-0.08459473,0.964325,0.02971124,0.001810608,-0.02120567,0.02971124,0.001810608,-0.02120567,0.234314,-0.07530212,0.969223,0.234314,-0.07530212,0.969223,5.555893,5.555893,True,True,True
1605210,63779589488235,-13.5843,2.59151,-0.06395251,-0.07298625,0.8951397,0.04308518,-0.4376549,0.005874268,0.002386307,-0.02285808,0.2497253,-0.08459473,0.9645996,0.02971124,0.001810913,-0.02120746,0.02971124,0.001810913,-0.02120746,0.2329407,-0.07525635,0.9695587,0.2329407,-0.07525635,0.9695587,5.53978,5.53978,True,True,True
1605219,63779589488235,-13.5843,2.59151,-0.06395251,-0.07298625,0.8951397,0.04308518,-0.4376549,0.006191422,0.002379852,-0.0228367,0.2489319,-0.08406067,0.964859,0.02971192,0.001812683,-0.02120957,0.02971192,0.001812683,-0.02120957,0.2322235,-0.07568359,0.969696,0.2322235,-0.07568359,0.969696,5.53334,5.53334,True,True,True
1605227,63779589488246,-13.58429,2.591514,-0.06395447,-0.072968,0.8950831,0.0430193,-0.4377799,0.006349503,0.002376038,-0.02282549,0.2485809,-0.0834198,0.9649963,0.02971236,0.001812683,-0.02120957,0.02971236,0.001812683,-0.02120957,0.232132,-0.07478333,0.9697876,0.232132,-0.07478333,0.9697876,5.533829,5.533829,True,True,True
1605235,63779589488257,-13.58435,2.591542,-0.06396264,-0.07296161,0.8950747,0.04303007,-0.4377972,0.006585968,0.002372666,-0.02280885,0.2484131,-0.08360291,0.9650269,0.02971236,0.001816544,-0.02120957,0.02971236,0.001816544,-0.02120957,0.2321167,-0.07575989,0.9697266,0.2321167,-0.07575989,0.9697266,5.533295,5.533295,True,True,True
1605244,63779589488268,-13.58431,2.591502,-0.06395704,-0.07295663,0.8950734,0.04304998,-0.4377986,0.006890732,0.002366623,-0.02279079,0.2484589,-0.08293152,0.9650726,0.02971268,0.001818665,-0.02121514,0.02971268,0.001818665,-0.02121514,0.2324066,-0.07566833,0.9696655,0.2324066,-0.07566833,0.9696655,5.533157,5.533157,True,True,True
1605252,63779589488268,-13.58431,2.591502,-0.06395704,-0.07295663,0.8950734,0.04304998,-0.4377986,0.006922318,0.00236853,-0.02279396,0.2481537,-0.08329773,0.9651184,0.02971268,0.001823044,-0.02122498,0.02971268,0.001823044,-0.02122498,0.2321777,-0.07620239,0.9696808,0.2321777,-0.07620239,0.9696808,5.536758,5.536758,True,True,True
1605260,63779589488279,-13.58432,2.591474,-0.06391615,-0.07306685,0.8950806,0.04308842,-0.437762,0.006572525,0.002377823,-0.02282457,0.2480774,-0.08288574,0.9651794,0.02971268,0.00182457,-0.02123627,0.02971268,0.00182457,-0.02123627,0.2321472,-0.07606506,0.969696,0.2321472,-0.07606506,0.969696,5.538147,5.538147,True,True,True
1605269,63779589488290,-13.58434,2.591485,-0.06391126,-0.07311127,0.8950889,0.04299676,-0.4377464,0.006166794,0.002389023,-0.02285483,0.2480927,-0.0839386,0.9650879,0.02971253,0.001827072,-0.02124121,0.02971253,0.001827072,-0.02124121,0.2315979,-0.07754517,0.9697113,0.2315979,-0.07754517,0.9697113,5.536911,5.536911,True,True,True
1605277,63779589488302,-13.58432,2.591473,-0.06390858,-0.07316697,0.895107,0.04305784,-0.437694,0.005755203,0.002400375,-0.02288496,0.2480774,-0.08457947,0.9650269,0.02971253,0.001829712,-0.02124526,0.02971253,0.001829712,-0.02124526,0.2310638,-0.07792664,0.9698029,0.2310638,-0.07792664,0.9698029,5.559998,5.559998,True,True,True
1605285,63779589488302,-13.58432,2.591473,-0.06390858,-0.07316697,0.895107,0.04305784,-0.437694,0.005587753,0.002405273,-0.02289626,0.2479401,-0.08493042,0.9650269,0.02971253,0.001831299,-0.02124605,0.02971253,0.001831299,-0.02124605,0.2306061,-0.0783844,0.9698792,0.2306061,-0.0783844,0.9698792,5.550964,5.550964,True,True,True
1605294,63779589488313,-13.58436,2.591426,-0.06395906,-0.07320355,0.8951091,0.04312275,-0.4376774,0.00544194,0.002408752,-0.02290856,0.2480011,-0.08491516,0.9650269,0.02971248,0.001831329,-0.02125011,0.02971248,0.001831329,-0.02125011,0.2304688,-0.07801819,0.9699402,0.2304688,-0.07801819,0.9699402,5.55957,5.55957,True,True,True
1605302,63779589488324,-13.58433,2.591416,-0.06398678,-0.07325976,0.8951392,0.043237,-0.4375952,0.005525513,0.00240947,-0.02290327,0.2486267,-0.08563232,0.964798,0.02971253,0.001835968,-0.02125096,0.02971253,0.001835968,-0.02125096,0.2306671,-0.07936096,0.9697876,0.2306671,-0.07936096,0.9697876,5.560379,5.560379,True,True,True
1605310,63779589488335,-13.58434,2.591389,-0.06391436,-0.07326213,0.895154,0.04331984,-0.4375562,0.005817505,0.002402634,-0.02288431,0.2483368,-0.08570862,0.964859,0.02971253,0.001836105,-0.02125389,0.02971253,0.001836105,-0.02125389,0.2304688,-0.07907104,0.9698486,0.2304688,-0.07907104,0.9698486,5.560287,5.560287,True,True,True
1605318,63779589488335,-13.58434,2.591389,-0.06391436,-0.07326213,0.895154,0.04331984,-0.4375562,0.006246994,0.002392441,-0.02285455,0.2479553,-0.0848999,0.9650269,0.02971248,0.001836105,-0.02125389,0.02971248,0.001836105,-0.02125389,0.2303467,-0.07791138,0.9699707,0.2303467,-0.07791138,0.9699707,5.559296,5.559296,True,True,True
1605327,63779589488346,-13.58428,2.591456,-0.06389469,-0.07329131,0.8951919,0.04339343,-0.4374664,0.006576798,0.002385529,-0.02283579,0.2460022,-0.08488464,0.9655304,0.02971228,0.001837753,-0.0212609,0.02971228,0.001837753,-0.0212609,0.2282562,-0.07792664,0.9704742,0.2282562,-0.07792664,0.9704742,5.54985,5.54985,True,True,True
1605335,63779589488357,-13.58426,2.591464,-0.0638929,-0.07323542,0.8952664,0.04350719,-0.4373121,0.00675528,0.002382141,-0.02282517,0.2459259,-0.08470154,0.9655762,0.02971227,0.00183934,-0.02126437,0.02971227,0.00183934,-0.02126437,0.2283173,-0.07809448,0.9704437,0.2283173,-0.07809448,0.9704437,5.558075,5.558075,True,True,True
1605343,63779589488368,-13.58418,2.591462,-0.06392181,-0.07321073,0.8952745,0.04361681,-0.4372887,0.006717865,0.002384155,-0.02283046,0.2463684,-0.08575439,0.9653625,0.02971227,0.001841492,-0.02126976,0.02971227,0.001841492,-0.02126976,0.2280731,-0.07954407,0.9703827,0.2280731,-0.07954407,0.9703827,5.558548,5.558548,True,True,True
1605352,63779589488368,-13.58418,2.591462,-0.06392181,-0.07321073,0.8952745,0.04361681,-0.4372887,0.00652916,0.002389298,-0.02284572,0.2466583,-0.08581543,0.9652863,0.02971149,0.001842774,-0.02127469,0.02971149,0.001842774,-0.02127469,0.2278442,-0.07955933,0.9704285,0.2278442,-0.07955933,0.9704285,5.558655,5.558655,True,True,True
1605360,63779589488380,-13.58408,2.591551,-0.06396765,-0.07316576,0.8952976,0.04378363,-0.4372322,0.006325608,0.002394684,-0.02286424,0.2467804,-0.0849762,0.965332,0.02971143,0.001844116,-0.02128284,0.02971143,0.001844116,-0.02128284,0.2277679,-0.07817078,0.9705658,0.2277679,-0.07817078,0.9705658,5.559311,5.559311,True,True,True
1605368,63779589488390,-13.58404,2.591573,-0.06398028,-0.07312907,0.8952999,0.04381656,-0.4372305,0.006226624,0.002397476,-0.02287044,0.2467651,-0.0859375,0.9652405,0.0297114,0.001844879,-0.02128287,0.0297114,0.001844879,-0.02128287,0.2277527,-0.07957458,0.970459,0.2277527,-0.07957458,0.970459,5.55838,5.55838,True,True,True
1605377,63779589488401,-13.58403,2.591608,-0.06400502,-0.0731633,0.8953391,0.04386371,-0.4371395,0.006126053,0.002400543,-0.02287781,0.2466278,-0.08540344,0.965332,0.0297114,0.001846054,-0.02128459,0.0297114,0.001846054,-0.02128459,0.2272034,-0.07861328,0.9706573,0.2272034,-0.07861328,0.9706573,5.56311,5.56311,True,True,True
1605385,63779589488401,-13.58403,2.591608,-0.06400502,-0.0731633,0.8953391,0.04386371,-0.4371395,0.006180573,0.002399414,-0.02287315,0.2471619,-0.08544922,0.9651947,0.0297114,0.001846329,-0.02128459,0.0297114,0.001846329,-0.02128459,0.2271729,-0.07870483,0.9706573,0.2271729,-0.07870483,0.9706573,5.558731,5.558731,True,True,True
1605393,63779589488412,-13.58397,2.591594,-0.06399953,-0.07310162,0.8953311,0.0439417,-0.4371584,0.00629538,0.002396439,-0.02286678,0.2466125,-0.08525085,0.9653473,0.02971027,0.001846542,-0.02128737,0.02971027,0.001846542,-0.02128737,0.2274323,-0.07849121,0.9706116,0.2274323,-0.07849121,0.9706116,5.55864,5.55864,True,True,True
1605402,63779589488424,-13.58393,2.591571,-0.06402445,-0.07309625,0.8953402,0.04397949,-0.4371369,0.00631041,0.002397385,-0.02287601,0.2465363,-0.08476257,0.9654083,0.02970993,0.001849274,-0.02130464,0.02970993,0.001849274,-0.02130464,0.2273254,-0.07781982,0.9707031,0.2273254,-0.07781982,0.9707031,5.562363,5.562363,True,True,True
1605410,63779589488435,-13.58391,2.591525,-0.06407803,-0.07304766,0.895379,0.04406552,-0.4370569,0.006352341,0.002396286,-0.0228748,0.2471771,-0.0844574,0.965271,0.02970931,0.001849426,-0.02130783,0.02970931,0.001849426,-0.02130783,0.2281036,-0.07740784,0.9705505,0.2281036,-0.07740784,0.9705505,5.562546,5.562546,True,True,True
1605418,63779589488435,-13.58391,2.591525,-0.06407803,-0.07304766,0.895379,0.04406552,-0.4370569,0.005873505,0.002406921,-0.02291322,0.2474365,-0.08406067,0.9652405,0.02970857,0.001849655,-0.0213194,0.02970857,0.001849655,-0.0213194,0.2283325,-0.07662964,0.9705505,0.2283325,-0.07662964,0.9705505,5.562714,5.562714,True,True,True
1605427,63779589488446,-13.58387,2.591521,-0.0640887,-0.07292758,0.895403,0.0440058,-0.437034,0.005537842,0.002414673,-0.02293503,0.247406,-0.08421326,0.9652405,0.02970822,0.001849655,-0.0213194,0.02970822,0.001849655,-0.0213194,0.2280273,-0.07672119,0.9706116,0.2280273,-0.07672119,0.9706116,5.539612,5.539612,True,True,True
1605435,63779589488458,-13.58384,2.591529,-0.06420952,-0.07288793,0.895421,0.04393431,-0.4370109,0.005148514,0.002426025,-0.02297,0.2481842,-0.08421326,0.9650421,0.0297079,0.001853897,-0.02133559,0.0297079,0.001853897,-0.02133559,0.2293396,-0.07676697,0.9703064,0.2293396,-0.07676697,0.9703064,5.534943,5.534943,True,True,True
1605443,63779589488468,-13.58379,2.59152,-0.06426394,-0.07290475,0.8954096,0.04395925,-0.4370288,0.004958923,0.002430176,-0.02298255,0.2480927,-0.08401489,0.9650726,0.02970664,0.001853897,-0.02133559,0.02970664,0.001853897,-0.02133559,0.2290344,-0.07696533,0.9703674,0.2290344,-0.07696533,0.9703674,5.539154,5.539154,True,True,True
1605452,63779589488468,-13.58379,2.59152,-0.06426394,-0.07290475,0.8954096,0.04395925,-0.4370288,0.004922043,0.002430725,-0.02298399,0.2484436,-0.08428955,0.9649658,0.02970664,0.001853897,-0.02133559,0.02970664,0.001853897,-0.02133559,0.2291412,-0.07717896,0.9703217,0.2291412,-0.07717896,0.9703217,5.550308,5.550308,True,True,True
1605460,63779589488479,-13.58372,2.591517,-0.06428641,-0.07279322,0.8954049,0.04388111,-0.4370649,0.005166321,0.002424438,-0.02296733,0.2473907,-0.08480835,0.9651947,0.02970664,0.001853897,-0.02133559,0.02970664,0.001853897,-0.02133559,0.2276459,-0.07815552,0.9705963,0.2276459,-0.07815552,0.9705963,5.549576,5.549576,True,True,True
1605468,63779589488490,-13.58369,2.591485,-0.06425738,-0.07279824,0.8954213,0.04383626,-0.437035,0.005600296,0.002413864,-0.02293814,0.2470398,-0.08460999,0.9653015,0.02970664,0.001853897,-0.02133559,0.02970664,0.001853897,-0.02133559,0.2276459,-0.07818604,0.9705963,0.2276459,-0.07818604,0.9705963,5.549438,5.549438,True,True,True
1605477,63779589488501,-13.58364,2.591467,-0.06428874,-0.07277824,0.8953926,0.04375457,-0.4371053,0.006114823,0.002402283,-0.02290358,0.2464752,-0.08509827,0.9653931,0.02970621,0.001854736,-0.02133618,0.02970621,0.001854736,-0.02133618,0.227417,-0.07894897,0.9705811,0.227417,-0.07894897,0.9705811,5.537888,5.537888,True,True,True
1605485,63779589488501,-13.58364,2.591467,-0.06428874,-0.07277824,0.8953926,0.04375457,-0.4371053,0.006524597,0.00239267,-0.02287576,0.2458801,-0.0851593,0.9655457,0.02970616,0.001854736,-0.02133618,0.02970616,0.001854736,-0.02133618,0.2274323,-0.07901001,0.9705811,0.2274323,-0.07901001,0.9705811,5.539246,5.539246,True,True,True
1605493,63779589488512,-13.5836,2.591429,-0.06427568,-0.07271837,0.8954113,0.04373304,-0.4370792,0.007002289,0.002381088,-0.02284299,0.2453918,-0.08502197,0.965683,0.02970616,0.001854736,-0.02133559,0.02970616,0.001854736,-0.02133559,0.2265778,-0.0790863,0.9707642,0.2265778,-0.0790863,0.9707642,5.539047,5.539047,True,True,True
1605502,63779589488524,-13.58355,2.59143,-0.06430733,-0.07262947,0.8953775,0.04366218,-0.4371703,0.007316727,0.002373596,-0.0228222,0.245224,-0.08494568,0.9657288,0.02970612,0.001854736,-0.02133618,0.02970612,0.001854736,-0.02133618,0.227417,-0.07901001,0.9705811,0.227417,-0.07901001,0.9705811,5.539246,5.539246,True,True,True
1605510,63779589488534,-13.58353,2.591409,-0.06431931,-0.07256695,0.8953825,0.04361501,-0.437175,0.00765918,0.00236499,-0.02279775,0.2444305,-0.0848999,0.9659271,0.02970612,0.001853897,-0.02133377,0.02970612,0.001853897,-0.02133377,0.2265778,-0.07897949,0.9707794,0.2265778,-0.07897949,0.9707794,5.53891,5.53891,True,True,True
1605518,63779589488534,-13.58353,2.591409,-0.06431931,-0.07256695,0.8953825,0.04361501,-0.437175,0.007653,0.002365707,-0.02279907,0.2443237,-0.08531189,0.9659271,0.02970554,0.001855042,-0.02133618,0.02970554,0.001855042,-0.02133618,0.2264099,-0.07963562,0.9707642,0.2264099,-0.07963562,0.9707642,5.538544,5.538544,True,True,True
1605527,63779589488546,-13.58349,2.591418,-0.06440437,-0.07235016,0.8953881,0.04348257,-0.4372128,0.007628724,0.002366165,-0.02280017,0.2443237,-0.08575439,0.9658813,0.02970554,0.001855042,-0.02133618,0.02970554,0.001855042,-0.02133618,0.2263947,-0.08033752,0.9707031,0.2263947,-0.08033752,0.9707031,5.537292,5.537292,True,True,True
1605535,63779589488557,-13.58345,2.591424,-0.06443918,-0.07221317,0.8953894,0.0434211,-0.4372389,0.007610672,0.002367035,-0.0228009,0.2442627,-0.08578491,0.9658966,0.02970508,0.001855957,-0.02133618,0.02970508,0.001855957,-0.02133618,0.2262726,-0.08058167,0.9707184,0.2262726,-0.08058167,0.9707184,5.537384,5.537384,True,True,True
1605543,63779589488568,-13.5834,2.59145,-0.06451774,-0.07214209,0.895366,0.04350306,-0.4372904,0.007174332,0.00237912,-0.02283789,0.2447662,-0.08540344,0.9658051,0.02970502,0.001859238,-0.02135063,0.02970502,0.001859238,-0.02135063,0.2262115,-0.07975769,0.9707947,0.2262115,-0.07975769,0.9707947,5.537842,5.537842,True,True,True
1605552,63779589488568,-13.5834,2.59145,-0.06451774,-0.07214209,0.895366,0.04350306,-0.4372904,0.006992294,0.002383286,-0.02285166,0.2448425,-0.08538818,0.9657898,0.02970438,0.001859696,-0.02135356,0.02970438,0.001859696,-0.02135356,0.22612,-0.07977295,0.9708252,0.22612,-0.07977295,0.9708252,5.547485,5.547485,True,True,True
1605560,63779589488579,-13.58337,2.591444,-0.06457233,-0.07203634,0.8953843,0.0435987,-0.4372607,0.006742798,0.002389389,-0.02286719,0.2449036,-0.08563232,0.965744,0.02970438,0.001860367,-0.02135356,0.02970438,0.001860367,-0.02135356,0.2257996,-0.07997131,0.970871,0.2257996,-0.07997131,0.970871,5.547272,5.547272,True,True,True
1605568,63779589488590,-13.58336,2.591475,-0.06460685,-0.07198278,0.8953883,0.0436709,-0.4372542,0.006577454,0.002394089,-0.02287786,0.2454224,-0.08607483,0.9655762,0.02970422,0.001861939,-0.02135413,0.02970422,0.001861939,-0.02135413,0.2259827,-0.0803833,0.9707947,0.2259827,-0.0803833,0.9707947,5.537338,5.537338,True,True,True
1605577,63779589488601,-13.58329,2.591524,-0.06468105,-0.0719701,0.8953342,0.04387682,-0.4373465,0.006528839,0.002395844,-0.02288077,0.2454376,-0.08634949,0.9655457,0.02970401,0.001863022,-0.02135458,0.02970401,0.001863022,-0.02135458,0.2259216,-0.08058167,0.9707947,0.2259216,-0.08058167,0.9707947,5.537155,5.537155,True,True,True
1605585,63779589488601,-13.58329,2.591524,-0.06468105,-0.0719701,0.8953342,0.04387682,-0.4373465,0.006535904,0.002397476,-0.02288103,0.2451782,-0.08680725,0.9655762,0.02970366,0.001866272,-0.02135651,0.02970366,0.001866272,-0.02135651,0.2254944,-0.08137512,0.9708252,0.2254944,-0.08137512,0.9708252,5.536835,5.536835,True,True,True
1605593,63779589488612,-13.58326,2.591539,-0.06474602,-0.07209832,0.8952922,0.04410006,-0.4373888,0.006628998,0.002394516,-0.02288072,0.2452087,-0.08651733,0.9655914,0.02970357,0.001866501,-0.02136658,0.02970357,0.001866501,-0.02136658,0.226059,-0.08131409,0.9707031,0.226059,-0.08131409,0.9707031,5.536194,5.536194,True,True,True
1605602,63779589488624,-13.58323,2.591531,-0.06480402,-0.07216141,0.8952917,0.04420933,-0.4373684,0.006634919,0.002393921,-0.02288698,0.2448425,-0.08586121,0.965744,0.02970334,0.001866501,-0.02137798,0.02970334,0.001866501,-0.02137798,0.2262878,-0.08047485,0.9707184,0.2262878,-0.08047485,0.9707184,5.546112,5.546112,True,True,True
1605610,63779589488635,-13.58317,2.59153,-0.06487197,-0.07219061,0.8952729,0.04419349,-0.4374036,0.006360962,0.002398865,-0.02290441,0.2450867,-0.08563232,0.9656982,0.02970334,0.001866501,-0.02137798,0.02970334,0.001866501,-0.02137798,0.2263336,-0.08045959,0.9707184,0.2263336,-0.08045959,0.9707184,5.550797,5.550797,True,True,True
1605618,63779589488635,-13.58317,2.59153,-0.06487197,-0.07219061,0.8952729,0.04419349,-0.4374036,0.006232102,0.002400696,-0.02291251,0.2454376,-0.08540344,0.9656372,0.02970334,0.001866501,-0.02137798,0.02970334,0.001866501,-0.02137798,0.2268524,-0.08042908,0.9705963,0.2268524,-0.08042908,0.9705963,5.550781,5.550781,True,True,True
1605627,63779589488645,-13.58313,2.591567,-0.06492501,-0.07215966,0.8953184,0.04414899,-0.4373201,0.006142563,0.002402115,-0.02291799,0.2453156,-0.08561707,0.9656372,0.02970366,0.001866501,-0.02137798,0.02970366,0.001866501,-0.02137798,0.2264099,-0.08082581,0.9706573,0.2264099,-0.08082581,0.9706573,5.550613,5.550613,True,True,True
1605635,63779589488656,-13.58307,2.591589,-0.06500989,-0.07207298,0.8953175,0.0440235,-0.4373489,0.006129837,0.002401428,-0.02291844,0.2453156,-0.08560181,0.9656525,0.02970366,0.001866501,-0.02137798,0.02970366,0.001866501,-0.02137798,0.2264099,-0.08114624,0.9706421,0.2264099,-0.08114624,0.9706421,5.550568,5.550568,True,True,True
1605643,63779589488668,-13.58303,2.591603,-0.06507725,-0.07197593,0.8953649,0.04394192,-0.437276,0.006260712,0.002398071,-0.02290943,0.2455902,-0.08547974,0.9655914,0.02970366,0.001866501,-0.02137798,0.02970366,0.001866501,-0.02137798,0.2261658,-0.08114624,0.9706879,0.2261658,-0.08114624,0.9706879,5.550247,5.550247,True,True,True
1605652,63779589488668,-13.58303,2.591603,-0.06507725,-0.07197593,0.8953649,0.04394192,-0.437276,0.006459091,0.002391342,-0.02288757,0.245697,-0.0854187,0.9655609,0.02970422,0.001863022,-0.02136438,0.02970422,0.001863022,-0.02136438,0.2264252,-0.08110046,0.9706421,0.2264252,-0.08110046,0.9706421,5.555969,5.555969,True,True,True
1605660,63779589488679,-13.58301,2.591641,-0.06513351,-0.07173216,0.8954131,0.04389454,-0.4372221,0.006678497,0.002386063,-0.02287212,0.2453766,-0.08599854,0.9655914,0.02970422,0.00186264,-0.02136438,0.02970422,0.00186264,-0.02136438,0.2261963,-0.08157349,0.9706421,0.2261963,-0.08157349,0.9706421,5.558334,5.558334,True,True,True
1605668,63779589488690,-13.58297,2.591652,-0.06520498,-0.07159867,0.8954688,0.04382793,-0.4371366,0.006770752,0.002379242,-0.02286164,0.2441254,-0.08572388,0.9659424,0.02970615,0.001855148,-0.02135806,0.02970615,0.001855148,-0.02135806,0.2255402,-0.08102417,0.9708557,0.2255402,-0.08102417,0.9708557,5.555679,5.555679,True,True,True
1605677,63779589488701,-13.58289,2.591646,-0.06528962,-0.07144285,0.8955048,0.04383344,-0.4370879,0.006633683,0.00237912,-0.02286835,0.2445679,-0.08543396,0.9658508,0.02970668,0.001850098,-0.02135517,0.02970668,0.001850098,-0.02135517,0.2250977,-0.08036804,0.9710083,0.2250977,-0.08036804,0.9710083,5.547073,5.547073,True,True,True
1605685,63779589488701,-13.58289,2.591646,-0.06528962,-0.07144285,0.8955048,0.04383344,-0.4370879,0.006544785,0.002379898,-0.02287366,0.2450714,-0.08508301,0.9657593,0.02970944,0.001848007,-0.02135517,0.02970944,0.001848007,-0.02135517,0.2259674,-0.07969666,0.9708557,0.2259674,-0.07969666,0.9708557,5.556885,5.556885,True,True,True
1605693,63779589488712,-13.58285,2.591646,-0.0653367,-0.07131258,0.895595,0.04374727,-0.4369328,0.006555085,0.002377792,-0.02287097,0.2450562,-0.08511353,0.9657593,0.02970967,0.001845276,-0.02135266,0.02970967,0.001845276,-0.02135266,0.2260437,-0.07911682,0.9708862,0.2260437,-0.07911682,0.9708862,5.557114,5.557114,True,True,True
1605702,63779589488723,-13.58278,2.591653,-0.06541079,-0.07118777,0.8956573,0.04356835,-0.4368432,0.006583191,0.002375641,-0.02286794,0.244812,-0.08480835,0.9658508,0.02970967,0.001842819,-0.02135074,0.02970967,0.001842819,-0.02135074,0.2260284,-0.07861328,0.970932,0.2260284,-0.07861328,0.970932,5.55394,5.55394,True,True,True
1605710,63779589488735,-13.58269,2.591618,-0.06547928,-0.07107179,0.8957148,0.04355883,-0.4367454,0.006651352,0.002373688,-0.02286313,0.2449036,-0.08474731,0.9658203,0.02970967,0.001842743,-0.02135074,0.02970967,0.001842743,-0.02135074,0.2264709,-0.07859802,0.9708252,0.2264709,-0.07859802,0.9708252,5.550674,5.550674,True,True,True
1605718,63779589488735,-13.58269,2.591618,-0.06547928,-0.07107179,0.8957148,0.04355883,-0.4367454,0.006843979,0.002365555,-0.02284937,0.2445679,-0.0841217,0.9659729,0.02970967,0.00183931,-0.02134958,0.02970967,0.00183931,-0.02134958,0.2260284,-0.07788086,0.970993,0.2260284,-0.07788086,0.970993,5.554321,5.554321,True,True,True
1605727,63779589488746,-13.58265,2.591615,-0.06555068,-0.0709764,0.8957781,0.04347198,-0.4366395,0.007586136,0.002346329,-0.02279764,0.2439575,-0.08407593,0.9661255,0.02970967,0.001838532,-0.02134576,0.02970967,0.001838532,-0.02134576,0.2260437,-0.07858276,0.970932,0.2260437,-0.07858276,0.970932,5.554031,5.554031,True,True,True
1605735,63779589488757,-13.58255,2.591588,-0.06563407,-0.07085921,0.8958467,0.04341033,-0.4365241,0.007057236,0.002357376,-0.022832,0.2442017,-0.08439636,0.9660339,0.02970967,0.001838532,-0.02134576,0.02970967,0.001838532,-0.02134576,0.2260132,-0.0786438,0.970932,0.2260132,-0.0786438,0.970932,5.550583,5.550583,True,True,True
1605743,63779589488768,-13.58251,2.591593,-0.06568509,-0.07069679,0.8959245,0.04333549,-0.436398,0.00714328,0.002354065,-0.02282626,0.2440186,-0.08432007,0.9660797,0.02970967,0.001838532,-0.02134576,0.02970967,0.001838532,-0.02134576,0.2260437,-0.07858276,0.970932,0.2260437,-0.07858276,0.970932,5.554031,5.554031,True,True,True
1605752,63779589488768,-13.58251,2.591593,-0.06568509,-0.07069679,0.8959245,0.04333549,-0.436398,0.007488556,0.002345505,-0.02280284,0.2440948,-0.08396912,0.966095,0.02970949,0.001838532,-0.02134576,0.02970949,0.001838532,-0.02134576,0.2265625,-0.07881165,0.9707947,0.2265625,-0.07881165,0.9707947,5.554382,5.554382,True,True,True
1605760,63779589488779,-13.58247,2.591582,-0.06570059,-0.07062781,0.896002,0.04314486,-0.4362691,0.007563919,0.00234285,-0.02279764,0.2440948,-0.08441162,0.9660645,0.02970949,0.001838532,-0.02134576,0.02970949,0.001838532,-0.02134576,0.2270813,-0.07855225,0.9706879,0.2270813,-0.07855225,0.9706879,5.55455,5.55455,True,True,True
1605768,63779589488790,-13.58248,2.591536,-0.06567472,-0.07049663,0.8960899,0.04295645,-0.4361283,0.007602875,0.002341751,-0.02279666,0.2436676,-0.08514404,0.9661102,0.02970705,0.001838532,-0.02134958,0.02970705,0.001838532,-0.02134958,0.2264862,-0.07855225,0.9708252,0.2264862,-0.07855225,0.9708252,5.561035,5.561035,True,True,True
1605777,63779589488802,-13.58245,2.591532,-0.06570619,-0.07050332,0.8961409,0.04275699,-0.4360421,0.007539109,0.002342285,-0.02280106,0.2432861,-0.08480835,0.9662323,0.02970609,0.001838532,-0.02135074,0.02970609,0.001838532,-0.02135074,0.2262115,-0.07824707,0.9709167,0.2262115,-0.07824707,0.9709167,5.561081,5.561081,True,True,True
1605785,63779589488802,-13.58245,2.591532,-0.06570619,-0.07050332,0.8961409,0.04275699,-0.4360421,0.007488511,0.002343475,-0.02280417,0.2432251,-0.08525085,0.9662018,0.02970538,0.001839233,-0.02135074,0.02970538,0.001839233,-0.02135074,0.2261963,-0.0776825,0.9709625,0.2261963,-0.0776825,0.9709625,5.561325,5.561325,True,True,True
1605793,63779589488812,-13.58246,2.591494,-0.06579942,-0.07041708,0.8961787,0.04270201,-0.4359837,0.007486985,0.002343185,-0.02280338,0.2430573,-0.08537292,0.9662323,0.02970256,0.001839233,-0.02135074,0.02970256,0.001839233,-0.02135074,0.2260437,-0.07765198,0.9710083,0.2260437,-0.07765198,0.9710083,5.567627,5.567627,True,True,True
1605802,63779589488823,-13.58246,2.591463,-0.06583327,-0.07040214,0.8962439,0.04248957,-0.4358727,0.007542542,0.002342117,-0.02279913,0.2433319,-0.08525085,0.9661713,0.02970238,0.001840042,-0.02135074,0.02970238,0.001840042,-0.02135074,0.2259979,-0.07783508,0.9710083,0.2259979,-0.07783508,0.9710083,5.567535,5.567535,True,True,True
1605810,63779589488835,-13.58242,2.591428,-0.0659005,-0.07033899,0.8962754,0.04238599,-0.4358283,0.007490494,0.00234372,-0.02280238,0.2434235,-0.08543396,0.9661407,0.02970209,0.001841324,-0.02135097,0.02970209,0.001841324,-0.02135097,0.2258606,-0.07823181,0.9710083,0.2258606,-0.07823181,0.9710083,5.561005,5.561005,True,True,True
1605818,63779589488835,-13.58242,2.591428,-0.0659005,-0.07033899,0.8962754,0.04238599,-0.4358283,0.007528733,0.002342316,-0.02279888,0.2428436,-0.08538818,0.9662933,0.02970143,0.001841324,-0.02135097,0.02970143,0.001841324,-0.02135097,0.2251434,-0.07826233,0.9711609,0.2251434,-0.07826233,0.9711609,5.560974,5.560974,True,True,True
1605827,63779589488845,-13.58237,2.591461,-0.06590593,-0.07026308,0.8963143,0.04229365,-0.4357694,0.00757927,0.002341477,-0.02279473,0.2430878,-0.08573914,0.9662018,0.02970049,0.001842407,-0.02135097,0.02970049,0.001842407,-0.02135097,0.225708,-0.07847595,0.9710236,0.225708,-0.07847595,0.9710236,5.567215,5.567215,True,True,True
1605835,63779589488857,-13.58236,2.591482,-0.06593508,-0.07034096,0.8963243,0.04220869,-0.4357445,0.007591751,0.002340561,-0.0227926,0.2433472,-0.08538818,0.966156,0.02969975,0.001842407,-0.02134958,0.02969975,0.001842407,-0.02134958,0.2263641,-0.07853699,0.9708557,0.2263641,-0.07853699,0.9708557,5.567261,5.567261,True,True,True
1605843,63779589488868,-13.58241,2.591458,-0.06593615,-0.07040034,0.8963385,0.0421997,-0.4357066,0.007660477,0.002339417,-0.02278584,0.2437744,-0.08561707,0.9660339,0.02969959,0.001843506,-0.02134758,0.02969959,0.001843506,-0.02134758,0.2273712,-0.07894897,0.9705963,0.2273712,-0.07894897,0.9705963,5.567322,5.567322,True,True,True
1605852,63779589488868,-13.58241,2.591458,-0.06593615,-0.07040034,0.8963385,0.0421997,-0.4357066,0.007699586,0.002338593,-0.02278519,0.2434845,-0.08534241,0.9661255,0.02969898,0.001843872,-0.02135097,0.02969898,0.001843872,-0.02135097,0.2271576,-0.07855225,0.9706726,0.2271576,-0.07855225,0.9706726,5.563065,5.563065,True,True,True
1605860,63779589488879,-13.5824,2.591407,-0.06597459,-0.07040923,0.8963395,0.04209249,-0.4357134,0.007652252,0.002339691,-0.02278587,0.2442169,-0.08546448,0.9659424,0.02969866,0.001844513,-0.02134758,0.02969866,0.001844513,-0.02134758,0.2283478,-0.07884216,0.9703674,0.2283478,-0.07884216,0.9703674,5.567963,5.567963,True,True,True
1605868,63779589488890,-13.58243,2.591369,-0.06593657,-0.07060888,0.896373,0.04209938,-0.4356116,0.007556839,0.002342133,-0.02279108,0.2433777,-0.08570862,0.9661255,0.02969774,0.001845352,-0.02134627,0.02969774,0.001845352,-0.02134627,0.2268829,-0.07926941,0.9706879,0.2268829,-0.07926941,0.9706879,5.567184,5.567184,True,True,True
1605877,63779589488902,-13.58243,2.59137,-0.06593388,-0.07062562,0.8963652,0.04202811,-0.4356318,0.007462983,0.002344223,-0.02279637,0.2433624,-0.08575439,0.9661255,0.0296975,0.001845352,-0.02134526,0.0296975,0.001845352,-0.02134526,0.2267761,-0.07925415,0.9707031,0.2267761,-0.07925415,0.9707031,5.562943,5.562943,True,True,True
1605885,63779589488902,-13.58243,2.59137,-0.06593388,-0.07062562,0.8963652,0.04202811,-0.4356318,0.007201248,0.002352371,-0.02280855,0.2433167,-0.08660889,0.9660645,0.02969644,0.001849091,-0.02133841,0.02969644,0.001849091,-0.02133841,0.2265472,-0.08076477,0.9706421,0.2265472,-0.08076477,0.9706421,5.56662,5.56662,True,True,True
1605893,63779589488912,-13.58237,2.591316,-0.06595731,-0.0705904,0.8963493,0.04200932,-0.4356723,0.007105759,0.002354492,-0.02281392,0.2433624,-0.08616638,0.966095,0.02969626,0.001849091,-0.02133727,0.02969626,0.001849091,-0.02133727,0.226593,-0.08074951,0.9706268,0.226593,-0.08074951,0.9706268,5.576874,5.576874,True,True,True
1605902,63779589488923,-13.58243,2.59135,-0.06598938,-0.07057733,0.8963542,0.0419017,-0.4356744,0.006911865,0.002357239,-0.02282434,0.2435608,-0.08595276,0.9660645,0.02969626,0.001846497,-0.02133441,0.02969626,0.001846497,-0.02133441,0.2264862,-0.08032227,0.9706879,0.2264862,-0.08032227,0.9706879,5.562729,5.562729,True,True,True
1605910,63779589488934,-13.58243,2.591354,-0.06597328,-0.0706075,0.8963497,0.04173974,-0.4356946,0.006750107,0.002362442,-0.02283266,0.2449341,-0.08634949,0.965683,0.02969621,0.001849091,-0.02133124,0.02969621,0.001849091,-0.02133124,0.2284851,-0.08114624,0.9701538,0.2284851,-0.08114624,0.9701538,5.560776,5.560776,True,True,True
1605918,63779589488934,-13.58243,2.591354,-0.06597328,-0.0706075,0.8963497,0.04173974,-0.4356946,0.006688736,0.002363815,-0.02283612,0.2451782,-0.08638,0.9656067,0.02969621,0.001849091,-0.02133124,0.02969621,0.001849091,-0.02133124,0.2285004,-0.08114624,0.9701538,0.2285004,-0.08114624,0.9701538,5.560791,5.560791,True,True,True
1605927,63779589488946,-13.5825,2.591288,-0.06596118,-0.0705664,0.8963279,0.04158275,-0.4357608,0.006532578,0.00236731,-0.0228367,0.24617,-0.08709717,0.9653015,0.02969621,0.001849091,-0.02131644,0.02969621,0.001849091,-0.02131644,0.2298889,-0.0821991,0.9697266,0.2298889,-0.0821991,0.9697266,5.563873,5.563873,True,True,True
1605935,63779589488956,-13.5825,2.591293,-0.065947,-0.07059003,0.8962916,0.04141711,-0.4358475,0.00640329,0.002369125,-0.02284192,0.2480774,-0.08694458,0.9648132,0.02969621,0.001846497,-0.02131236,0.02969621,0.001846497,-0.02131236,0.2329254,-0.0816803,0.9690552,0.2329254,-0.0816803,0.9690552,5.565277,5.565277,True,True,True
1605943,63779589488968,-13.58251,2.591257,-0.06592268,-0.07054813,0.8962766,0.04130991,-0.4358954,0.006276139,0.002372208,-0.02284999,0.2481842,-0.08685303,0.964798,0.02969621,0.001846497,-0.02131236,0.02969621,0.001846497,-0.02131236,0.2329712,-0.08151245,0.9690552,0.2329712,-0.08151245,0.9690552,5.570587,5.570587,True,True,True
1605952,63779589488968,-13.58251,2.591257,-0.06592268,-0.07054813,0.8962766,0.04130991,-0.4358954,0.006024017,0.002377457,-0.02286205,0.2485046,-0.08686829,0.9647217,0.02969644,0.001845001,-0.02130533,0.02969644,0.001845001,-0.02130533,0.233017,-0.08145142,0.9690399,0.233017,-0.08145142,0.9690399,5.565628,5.565628,True,True,True
1605960,63779589488979,-13.58248,2.591294,-0.06594932,-0.07048699,0.8962943,0.04125292,-0.4358743,0.005975647,0.002378281,-0.02286406,0.2478943,-0.08686829,0.9648743,0.02969675,0.001844513,-0.02130391,0.02969675,0.001844513,-0.02130391,0.2318878,-0.08143616,0.9693146,0.2318878,-0.08143616,0.9693146,5.570541,5.570541,True,True,True
1605968,63779589488990,-13.58248,2.591292,-0.06592387,-0.07046886,0.8962715,0.0411322,-0.4359353,0.005552643,0.002386643,-0.02287093,0.2482758,-0.0881958,0.9646606,0.02969675,0.001842499,-0.02126898,0.02969675,0.001842499,-0.02126898,0.2319946,-0.08348083,0.9691162,0.2319946,-0.08348083,0.9691162,5.57106,5.57106,True,True,True
1605977,63779589489001,-13.58251,2.591313,-0.06591797,-0.07047279,0.8961909,0.04114835,-0.4360988,0.004955566,0.002398514,-0.02290758,0.2489471,-0.08732605,0.9645691,0.02969789,0.001839356,-0.02126412,0.02969789,0.001839356,-0.02126412,0.2324066,-0.08288574,0.9690704,0.2324066,-0.08288574,0.9690704,5.579575,5.579575,True,True,True
1605985,63779589489001,-13.58251,2.591313,-0.06591797,-0.07047279,0.8961909,0.04114835,-0.4360988,0.003636047,0.002427765,-0.02298177,0.249939,-0.08772278,0.9642639,0.0296985,0.001838242,-0.02124051,0.0296985,0.001838242,-0.02124051,0.2325897,-0.08180237,0.9691162,0.2325897,-0.08180237,0.9691162,5.573303,5.573303,True,True,True
1605993,63779589489012,-13.58253,2.591223,-0.06590611,-0.07038499,0.8961983,0.04113906,-0.4360989,0.002541306,0.002451889,-0.02305193,0.2508698,-0.08798218,0.9640045,0.02969884,0.001836975,-0.02123605,0.02969884,0.001836975,-0.02123605,0.232666,-0.08172607,0.969101,0.232666,-0.08172607,0.969101,5.570572,5.570572,True,True,True
1606002,63779589489023,-13.58258,2.591236,-0.06587774,-0.07047806,0.8961757,0.04117002,-0.4361273,0.002255158,0.00245607,-0.02306955,0.2513123,-0.08752441,0.9639282,0.02969895,0.001830139,-0.02123467,0.02969895,0.001830139,-0.02123467,0.2327271,-0.08006287,0.9692383,0.2327271,-0.08006287,0.9692383,5.571228,5.571228,True,True,True
1606010,63779589489034,-13.58259,2.591169,-0.0658685,-0.07050146,0.8961423,0.04119037,-0.4361902,0.002085709,0.002460068,-0.02307039,0.2518311,-0.08830261,0.9637299,0.02969914,0.001830139,-0.02121523,0.02969914,0.001830139,-0.02121523,0.2328339,-0.08139038,0.969101,0.2328339,-0.08139038,0.969101,5.571533,5.571533,True,True,True
1606018,63779589489034,-13.58259,2.591169,-0.0658685,-0.07050146,0.8961423,0.04119037,-0.4361902,0.001674225,0.002468369,-0.023088,0.2524567,-0.08847046,0.9635468,0.02970032,0.001827789,-0.02119679,0.02970032,0.001827789,-0.02119679,0.2330627,-0.08203125,0.9689789,0.2330627,-0.08203125,0.9689789,5.565887,5.565887,True,True,True
1606027,63779589489045,-13.5827,2.591159,-0.06583995,-0.07047227,0.8961198,0.04124296,-0.4362362,0.001742722,0.002462891,-0.02307309,0.2524261,-0.08860779,0.9635315,0.02970207,0.001820145,-0.02117807,0.02970207,0.001820145,-0.02117807,0.2335815,-0.08125305,0.9689331,0.2335815,-0.08125305,0.9689331,5.56366,5.56366,True,True,True
1606035,63779589489057,-13.58273,2.591166,-0.06586915,-0.0704594,0.8960808,0.04137387,-0.4363059,0.001131516,0.002475723,-0.02309857,0.2530365,-0.08903503,0.9633331,0.0297031,0.001817413,-0.02114665,0.0297031,0.001817413,-0.02114665,0.2332611,-0.08267212,0.9688873,0.2332611,-0.08267212,0.9688873,5.573853,5.573853,True,True,True
1606043,63779589489067,-13.58275,2.591174,-0.06584471,-0.07057866,0.8960547,0.04142293,-0.4363354,0.0008345948,0.002482666,-0.02311789,0.2532959,-0.08876038,0.9633026,0.0297031,0.001817413,-0.02114665,0.0297031,0.001817413,-0.02114665,0.2332001,-0.08312988,0.9688568,0.2332001,-0.08312988,0.9688568,5.565948,5.565948,True,True,True
1606052,63779589489067,-13.58275,2.591174,-0.06584471,-0.07057866,0.8960547,0.04142293,-0.4363354,0.0005814362,0.002488632,-0.02313477,0.2536011,-0.08865356,0.9632263,0.0297031,0.001817413,-0.02114665,0.0297031,0.001817413,-0.02114665,0.2332001,-0.0827179,0.9688873,0.2332001,-0.0827179,0.9688873,5.566254,5.566254,True,True,True
1606060,63779589489079,-13.58279,2.591177,-0.06582206,-0.07051741,0.8960438,0.04151616,-0.436359,0.001019318,0.002478668,-0.02310413,0.2533417,-0.08924866,0.9632416,0.02970381,0.001817413,-0.02114665,0.02970381,0.001817413,-0.02114665,0.2332916,-0.0826416,0.9688721,0.2332916,-0.0826416,0.9688721,5.574036,5.574036,True,True,True
1606068,63779589489089,-13.5828,2.59118,-0.06579155,-0.07052573,0.8960254,0.041549,-0.4363924,0.001707413,0.002462815,-0.02305689,0.2526398,-0.08737183,0.9635925,0.02970381,0.001817413,-0.02114665,0.02970381,0.001817413,-0.02114665,0.2326355,-0.08256531,0.9690399,0.2326355,-0.08256531,0.9690399,5.565887,5.565887,True,True,True
1606077,63779589489101,-13.58286,2.591158,-0.06578362,-0.07054894,0.8960069,0.04167329,-0.4364145,0.002753861,0.002438706,-0.02298512,0.2519684,-0.08792114,0.9637299,0.02970381,0.001817413,-0.02114665,0.02970381,0.001817413,-0.02114665,0.2327118,-0.08248901,0.9690247,0.2327118,-0.08248901,0.9690247,5.573776,5.573776,True,True,True
1606085,63779589489101,-13.58286,2.591158,-0.06578362,-0.07054894,0.8960069,0.04167329,-0.4364145,0.00447464,0.002402649,-0.02287174,0.2507324,-0.08946228,0.963913,0.02970381,0.001823792,-0.02115602,0.02970381,0.001823792,-0.02115602,0.2325897,-0.08425903,0.9689026,0.2325897,-0.08425903,0.9689026,5.564789,5.564789,True,True,True
1606093,63779589489112,-13.58287,2.591192,-0.06589794,-0.07049843,0.8960186,0.0417318,-0.4363933,0.00593454,0.002369156,-0.02277236,0.2497864,-0.08831787,0.9642487,0.02970381,0.001823792,-0.02115602,0.02970381,0.001823792,-0.02115602,0.232666,-0.08410645,0.9689026,0.232666,-0.08410645,0.9689026,5.572678,5.572678,True,True,True
1606102,63779589489123,-13.5828,2.591238,-0.06585771,-0.07055479,0.8960292,0.04173505,-0.4363621,0.006341584,0.002363953,-0.02275688,0.2490692,-0.08929443,0.9643555,0.02970143,0.001830948,-0.02117702,0.02970143,0.001830948,-0.02117702,0.2319489,-0.08465576,0.9690247,0.2319489,-0.08465576,0.9690247,5.571411,5.571411,True,True,True
1606110,63779589489134,-13.58281,2.59122,-0.06586015,-0.07058574,0.8960242,0.04178689,-0.4363624,0.005962387,0.002373001,-0.02279378,0.2495422,-0.08868408,0.9642792,0.02970119,0.001831589,-0.02119679,0.02970119,0.001831589,-0.02119679,0.231842,-0.08346558,0.969162,0.231842,-0.08346558,0.969162,5.574173,5.574173,True,True,True
1606118,63779589489134,-13.58281,2.59122,-0.06586015,-0.07058574,0.8960242,0.04178689,-0.4363624,0.004877732,0.002398819,-0.02287131,0.2501373,-0.08885193,0.9641113,0.02970079,0.001833481,-0.02120557,0.02970079,0.001833481,-0.02120557,0.2314148,-0.08332825,0.9692688,0.2314148,-0.08332825,0.9692688,5.581314,5.581314,True,True,True
1606127,63779589489146,-13.58278,2.591287,-0.06581253,-0.07058125,0.8960394,0.04179725,-0.4363309,0.003969422,0.00242009,-0.02293492,0.2506561,-0.08900452,0.9639587,0.02970069,0.001834534,-0.02121111,0.02970069,0.001834534,-0.02121111,0.231369,-0.08322144,0.9692841,0.231369,-0.08322144,0.9692841,5.582016,5.582016,True,True,True
1606135,63779589489156,-13.58278,2.59129,-0.06584853,-0.07069401,0.8960344,0.04182739,-0.43632,0.003213104,0.002439209,-0.02299263,0.2511902,-0.08926392,0.9638062,0.02970069,0.001838196,-0.02122534,0.02970069,0.001838196,-0.02122534,0.231308,-0.08328247,0.9692993,0.231308,-0.08328247,0.9692993,5.580521,5.580521,True,True,True
1606143,63779589489168,-13.58278,2.59128,-0.06581151,-0.0706729,0.8960609,0.04183596,-0.4362683,0.002484802,0.002456421,-0.02304831,0.2515259,-0.08938599,0.9636993,0.02970026,0.00184082,-0.02124104,0.02970026,0.00184082,-0.02124104,0.2311401,-0.08291626,0.9693756,0.2311401,-0.08291626,0.9693756,5.579971,5.579971,True,True,True
1606152,63779589489168,-13.58278,2.59128,-0.06581151,-0.0706729,0.8960609,0.04183596,-0.4362683,0.002243424,0.002461838,-0.02307297,0.2514648,-0.08787537,0.9638672,0.0297,0.001842743,-0.02125757,0.0297,0.001842743,-0.02125757,0.2303467,-0.08229065,0.9696198,0.2303467,-0.08229065,0.9696198,5.579285,5.579285,True,True,True
1606160,63779589489179,-13.58279,2.591279,-0.06580836,-0.07071447,0.8960736,0.04182937,-0.436236,0.002149872,0.002464935,-0.0230844,0.250946,-0.08879089,0.963913,0.02969982,0.001845245,-0.02126932,0.02969982,0.001845245,-0.02126932,0.2295227,-0.08218384,0.9698181,0.2295227,-0.08218384,0.9698181,5.578629,5.578629,True,True,True
1606168,63779589489190,-13.58281,2.591246,-0.06572759,-0.07074121,0.8960684,0.04185778,-0.4362397,0.001561096,0.002479233,-0.02313446,0.2507782,-0.08854675,0.963974,0.02969887,0.001848038,-0.02129207,0.02969887,0.001848038,-0.02129207,0.2283325,-0.0814209,0.9701691,0.2283325,-0.0814209,0.9701691,5.577469,5.577469,True,True,True
1606177,63779589489201,-13.58295,2.591209,-0.06574738,-0.07080763,0.8960747,0.04177849,-0.4362236,0.001478943,0.002482208,-0.02314266,0.2498169,-0.08877563,0.9642029,0.02969704,0.001850342,-0.0212988,0.02969704,0.001850342,-0.0212988,0.2277985,-0.08166504,0.9702606,0.2277985,-0.08166504,0.9702606,5.576889,5.576889,True,True,True
1606185,63779589489201,-13.58295,2.591209,-0.06574738,-0.07080763,0.8960747,0.04177849,-0.4362236,0.001613052,0.002479172,-0.02313313,0.2496643,-0.08869934,0.9642487,0.02969675,0.001850479,-0.02129938,0.02969675,0.001850479,-0.02129938,0.2276611,-0.081604,0.9703064,0.2276611,-0.081604,0.9703064,5.569275,5.569275,True,True,True
1606193,63779589489213,-13.58297,2.591191,-0.06573057,-0.07081136,0.8960381,0.04177551,-0.4362983,0.002022873,0.002469864,-0.02310709,0.249054,-0.08863831,0.9644165,0.02969614,0.001850632,-0.02130142,0.02969614,0.001850632,-0.02130142,0.2275543,-0.08151245,0.9703369,0.2275543,-0.08151245,0.9703369,5.576996,5.576996,True,True,True
1606202,63779589489224,-13.58293,2.591209,-0.06569749,-0.0707965,0.8960506,0.0416389,-0.4362881,0.002716888,0.002456635,-0.02306172,0.2486572,-0.08938599,0.964447,0.02969608,0.001855026,-0.02130345,0.02969608,0.001855026,-0.02130345,0.227356,-0.08253479,0.9702911,0.227356,-0.08253479,0.9702911,5.568481,5.568481,True,True,True
1606210,63779589489235,-13.58291,2.591232,-0.06566989,-0.0707752,0.8960462,0.04165988,-0.4362987,0.00351799,0.002439133,-0.02301441,0.2478485,-0.08900452,0.9646912,0.02969605,0.001855774,-0.0213124,0.02969605,0.001855774,-0.0213124,0.2270203,-0.0821991,0.9703979,0.2270203,-0.0821991,0.9703979,5.568207,5.568207,True,True,True
1606218,63779589489235,-13.58291,2.591232,-0.06566989,-0.0707752,0.8960462,0.04165988,-0.4362987,0.004688278,0.002413117,-0.02293721,0.2467957,-0.08843994,0.9650116,0.02969527,0.001855927,-0.02131249,0.02969527,0.001855927,-0.02131249,0.2267609,-0.08161926,0.97052,0.2267609,-0.08161926,0.97052,5.568314,5.568314,True,True,True
1606227,63779589489246,-13.58292,2.591189,-0.06563675,-0.0707948,0.8960238,0.04164994,-0.4363423,0.005731262,0.002390778,-0.02287064,0.2459412,-0.08804321,0.965271,0.02969527,0.001857559,-0.02131557,0.02969527,0.001857559,-0.02131557,0.2266998,-0.08190918,0.9705048,0.2266998,-0.08190918,0.9705048,5.562439,5.562439,True,True,True
1606235,63779589489257,-13.58286,2.591206,-0.06560767,-0.07077119,0.8959944,0.04151223,-0.4364198,0.00637703,0.00237677,-0.02282945,0.2453766,-0.08712769,0.9654999,0.02969502,0.001858353,-0.02131819,0.02969502,0.001858353,-0.02131819,0.2266235,-0.08190918,0.97052,0.2266235,-0.08190918,0.97052,5.562164,5.562164,True,True,True
1606243,63779589489268,-13.58286,2.591184,-0.06559128,-0.07079643,0.8959838,0.04149313,-0.4364393,0.006617844,0.002372788,-0.0228159,0.2456512,-0.0869751,0.9654388,0.02969414,0.001860657,-0.02132298,0.02969414,0.001860657,-0.02132298,0.2263184,-0.08184814,0.9705963,0.2263184,-0.08184814,0.9705963,5.562012,5.562012,True,True,True
1606252,63779589489268,-13.58286,2.591184,-0.06559128,-0.07079643,0.8959838,0.04149313,-0.4364393,0.006512604,0.00237587,-0.0228333,0.245697,-0.08673096,0.9654541,0.02969385,0.001862015,-0.021342,0.02969385,0.001862015,-0.021342,0.2261353,-0.08131409,0.9706879,0.2261353,-0.08131409,0.9706879,5.557129,5.557129,True,True,True
1606260,63779589489279,-13.58286,2.591207,-0.06553942,-0.07079157,0.8959862,0.04150133,-0.4364344,0.006121796,0.002388458,-0.02286157,0.2460022,-0.08747864,0.9653015,0.02969379,0.001868515,-0.02134818,0.02969379,0.001868515,-0.02134818,0.2260437,-0.08232117,0.9706268,0.2260437,-0.08232117,0.9706268,5.551941,5.551941,True,True,True
1606268,63779589489290,-13.58294,2.591222,-0.06553864,-0.07072351,0.8959526,0.04138705,-0.436525,0.00557425,0.002401474,-0.02290195,0.2457275,-0.08685303,0.9654388,0.02969287,0.001870239,-0.02135796,0.02969287,0.001870239,-0.02135796,0.2258759,-0.08163452,0.9707184,0.2258759,-0.08163452,0.9707184,5.560745,5.560745,True,True,True
1606277,63779589489301,-13.58295,2.591255,-0.06551963,-0.07068707,0.8959802,0.04132871,-0.43648,0.005044663,0.002413956,-0.02293768,0.2460327,-0.08744812,0.9653015,0.02969219,0.001871704,-0.02136208,0.02969219,0.001871704,-0.02136208,0.2256317,-0.08169556,0.9707794,0.2256317,-0.08169556,0.9707794,5.565887,5.565887,True,True,True
1606285,63779589489301,-13.58295,2.591255,-0.06551963,-0.07068707,0.8959802,0.04132871,-0.43648,0.004887024,0.002418823,-0.02294783,0.2463989,-0.08738708,0.96521,0.02969205,0.00187413,-0.02136308,0.02969205,0.00187413,-0.02136308,0.2259827,-0.08230591,0.9706421,0.2259827,-0.08230591,0.9706421,5.565628,5.565628,True,True,True
1606293,63779589489312,-13.58302,2.591243,-0.06553096,-0.07069913,0.8959349,0.04135644,-0.4365683,0.004927323,0.002418884,-0.02294519,0.2463531,-0.08782959,0.9651794,0.02969188,0.001875885,-0.02136317,0.02969188,0.001875885,-0.02136317,0.2259369,-0.08232117,0.9706421,0.2259369,-0.08232117,0.9706421,5.565506,5.565506,True,True,True
1606302,63779589489323,-13.58303,2.591238,-0.06550956,-0.07066323,0.8959222,0.04143103,-0.4365931,0.004684006,0.002427521,-0.02297932,0.2465515,-0.08747864,0.9651642,0.02968981,0.001881714,-0.02139623,0.02968981,0.001881714,-0.02139623,0.224823,-0.08169556,0.9709625,0.224823,-0.08169556,0.9709625,5.558838,5.558838,True,True,True
1606310,63779589489335,-13.58307,2.591242,-0.06549919,-0.07073588,0.8959031,0.04142201,-0.4366215,0.004622147,0.002430405,-0.02298425,0.2468719,-0.0880127,0.9650421,0.02968961,0.00188443,-0.02139888,0.02968961,0.00188443,-0.02139888,0.2247925,-0.08259583,0.9708862,0.2247925,-0.08259583,0.9708862,5.563583,5.563583,True,True,True
1606318,63779589489335,-13.58307,2.591242,-0.06549919,-0.07073588,0.8959031,0.04142201,-0.4366215,0.004392533,0.002437729,-0.02300197,0.2469482,-0.08848572,0.9649658,0.02968892,0.001888748,-0.02140521,0.02968892,0.001888748,-0.02140521,0.2245636,-0.08335876,0.970871,0.2245636,-0.08335876,0.970871,5.562897,5.562897,True,True,True
1606327,63779589489346,-13.58308,2.591236,-0.06552243,-0.07076177,0.8958877,0.04142059,-0.4366489,0.003998169,0.002446655,-0.02302855,0.2471008,-0.08837891,0.9649353,0.0296888,0.001890411,-0.02141037,0.0296888,0.001890411,-0.02141037,0.2245331,-0.08309937,0.9709015,0.2245331,-0.08309937,0.9709015,5.565262,5.565262,True,True,True
1606335,63779589489357,-13.58308,2.591234,-0.06555367,-0.07079872,0.8958845,0.04161438,-0.4366311,0.00353714,0.002461121,-0.02306831,0.2479095,-0.08911133,0.9646606,0.0296888,0.00189856,-0.02143166,0.0296888,0.00189856,-0.02143166,0.2245331,-0.08300781,0.9709167,0.2245331,-0.08300781,0.9709167,5.57309,5.57309,True,True,True
1606343,63779589489368,-13.58312,2.591253,-0.06557131,-0.071021,0.8958386,0.04188084,-0.4366636,0.003595871,0.002459991,-0.02306674,0.247467,-0.08921814,0.9647675,0.02968761,0.001898834,-0.02143564,0.02968761,0.001898834,-0.02143564,0.2242126,-0.08282471,0.9710083,0.2242126,-0.08282471,0.9710083,5.572968,5.572968,True,True,True
1606352,63779589489368,-13.58312,2.591253,-0.06557131,-0.071021,0.8958386,0.04188084,-0.4366636,0.001352615,0.002529053,-0.02325693,0.2469635,-0.08721924,0.9650879,0.02967772,0.001937454,-0.02153822,0.02967772,0.001937454,-0.02153822,0.2209778,-0.08399963,0.9716492,0.2209778,-0.08399963,0.9716492,5.549469,5.549469,True,True,True
1606360,63779589489379,-13.58313,2.591274,-0.06564367,-0.07114316,0.8957806,0.04218876,-0.4367332,0.00210997,0.002498642,-0.023138,0.2474823,-0.09204102,0.9645081,0.02969452,0.00189975,-0.02140234,0.02969452,0.00189975,-0.02140234,0.2223206,-0.08981323,0.9708099,0.2223206,-0.08981323,0.9708099,5.674759,5.674759,True,True,True
1606368,63779589489390,-13.58309,2.591313,-0.06565624,-0.07135928,0.8957452,0.04232743,-0.4367571,-0.01008971,0.002784973,-0.02400717,0.2516479,-0.1056671,0.9620209,0.02967989,0.001980011,-0.02173569,0.02967989,0.001980011,-0.02173569,0.2326355,-0.08557129,0.9687805,0.2326355,-0.08557129,0.9687805,5.639877,5.639877,True,True,True
1606377,63779589489401,-13.58309,2.591288,-0.06568044,-0.07147085,0.8957229,0.04228536,-0.4367887,-0.02622551,0.003132813,-0.02492589,0.247406,-0.09788513,0.9639435,0.02971767,0.002074921,-0.02210967,0.02971767,0.002074921,-0.02210967,0.2196198,-0.09542847,0.9709015,0.2196198,-0.09542847,0.9709015,5.53302,5.53302,True,True,True
1606385,63779589489401,-13.58309,2.591288,-0.06568044,-0.07147085,0.8957229,0.04228536,-0.4367887,-0.0278548,0.003153885,-0.02492856,0.2155151,-0.1714325,0.961319,0.02972887,0.002348099,-0.02307243,0.02972887,0.002348099,-0.02307243,0.1822357,-0.1122437,0.9768219,0.1822357,-0.1122437,0.9768219,5.674423,5.674423,True,True,True
1606393,63779589489412,-13.58312,2.591258,-0.06565702,-0.07158679,0.8956882,0.04228871,-0.4368405,-0.02766028,0.003189926,-0.02487479,0.1917267,-0.2278748,0.9546204,0.02972376,0.002857117,-0.0247309,0.02972376,0.002857117,-0.0247309,0,0,0,0,0,0,-1,-1,True,True,True
1606402,63779589489423,-13.58316,2.591232,-0.06568319,-0.07156037,0.8957027,0.04221965,-0.4368217,-0.001,-0.001,-0.001,1,-1,-1,0.02972376,0.002857117,-0.0247309,0.02972376,0.002857117,-0.0247309,0,0,0,0,0,0,-1,-1,False,False,False
1606410,63779589489435,-13.58316,2.591257,-0.06570572,-0.07149918,0.8957085,0.04213651,-0.4368278,-0.001,-0.001,-0.001,1,-1,-1,0.02972376,0.002857117,-0.0247309,0.02972376,0.002857117,-0.0247309,0,0,0,0,0,0,-1,-1,False,False,False
1606418,63779589489435,-13.58316,2.591257,-0.06570572,-0.07149918,0.8957085,0.04213651,-0.4368278,-0.001,-0.001,-0.001,1,-1,-1,0.02972376,0.002857117,-0.0247309,0.02972376,0.002857117,-0.0247309,0,0,0,0,0,0,-1,-1,False,False,False
1606427,63779589489446,-13.58315,2.591294,-0.06573129,-0.07145483,0.8956704,0.04206784,-0.4369201,-0.001,-0.001,-0.001,1,-1,-1,0.03300685,-0.0007739105,-0.02276314,0.03300685,-0.0007739105,-0.02276314,0,0,0,0,0,0,-1,-1,False,True,True
1606435,63779589489457,-13.58308,2.591334,-0.06564677,-0.07136662,0.8957028,0.04206917,-0.4368677,-0.001,-0.001,-0.001,1,-1,-1,0.03283869,-0.0007489625,-0.02274083,0.03283869,-0.0007489625,-0.02274083,0,0,0,0,0,0,-1,-1,False,True,True
1606443,63779589489468,-13.58307,2.591341,-0.06563824,-0.07120907,0.8957358,0.04199833,-0.4368327,-0.001,-0.001,-0.001,1,-1,-1,0.03408837,-0.0008083649,-0.02374475,0.03408837,-0.0008083649,-0.02374475,0,0,0,0,0,0,-1,-1,False,True,True
1606452,63779589489468,-13.58307,2.591341,-0.06563824,-0.07120907,0.8957358,0.04199833,-0.4368327,-0.001,-0.001,-0.001,1,-1,-1,0.03266593,-0.0009458314,-0.02342609,0.03266593,-0.0009458314,-0.02342609,0,0,0,0,0,0,-1,-1,False,True,True
1606460,63779589489479,-13.58308,2.591346,-0.06556273,-0.07121164,0.895749,0.04202519,-0.4368025,-0.001,-0.001,-0.001,1,-1,-1,0.03372258,0.0009233399,-0.0233235,0.03372258,0.0009233399,-0.0233235,0,0,0,0,0,0,-1,-1,False,True,True
1606468,63779589489490,-13.58306,2.591335,-0.06554526,-0.07118209,0.8957637,0.04202748,-0.436777,-0.001,-0.001,-0.001,1,-1,-1,0.03496788,9.889222E-05,-0.0241731,0.03496788,9.889222E-05,-0.0241731,0,0,0,0,0,0,-1,-1,False,True,True
1606477,63779589489501,-13.58304,2.591289,-0.06558496,-0.07118058,0.895754,0.04197031,-0.4368027,-0.001,-0.001,-0.001,1,-1,-1,0.03496788,9.889222E-05,-0.0241731,0.03496788,9.889222E-05,-0.0241731,0,0,0,0,0,0,-1,-1,False,False,False
1606485,63779589489501,-13.58304,2.591289,-0.06558496,-0.07118058,0.895754,0.04197031,-0.4368027,-0.001,-0.001,-0.001,1,-1,-1,0.03496788,9.889222E-05,-0.0241731,0.03496788,9.889222E-05,-0.0241731,0,0,0,0,0,0,-1,-1,False,False,False
1606493,63779589489512,-13.58301,2.591283,-0.06561393,-0.07106987,0.8958239,0.04190955,-0.436683,-0.001,-0.001,-0.001,1,-1,-1,0.0319103,1.997376E-05,-0.02168752,0.0319103,1.997376E-05,-0.02168752,0,0,0,0,0,0,-1,-1,False,True,True
1606502,63779589489523,-13.58298,2.59128,-0.0656352,-0.0709935,0.89584,0.0418882,-0.4366647,-0.001,-0.001,-0.001,1,-1,-1,0.03117215,0.001572708,-0.02075675,0.03117215,0.001572708,-0.02075675,0,0,0,0,0,0,-1,-1,False,True,True
1606510,63779589489534,-13.58294,2.591286,-0.06567192,-0.07083499,0.8959151,0.04180678,-0.4365442,-0.001,-0.001,-0.001,1,-1,-1,0.03077161,0.0005208893,-0.01585486,0.03077161,0.0005208893,-0.01585486,0,0,0,0,0,0,-1,-1,False,True,True
1606518,63779589489534,-13.58294,2.591286,-0.06567192,-0.07083499,0.8959151,0.04180678,-0.4365442,-0.001,-0.001,-0.001,1,-1,-1,0.03071636,0.000352005,-0.01539534,0.03071636,0.000352005,-0.01539534,0,0,0,0,0,0,-1,-1,False,True,True
1606527,63779589489546,-13.58291,2.591281,-0.0656786,-0.07075514,0.8959482,0.04172922,-0.4364965,-0.001,-0.001,-0.001,1,-1,-1,0.03030429,0.001620895,-0.02106004,0.03030429,0.001620895,-0.02106004,0,0,0,0,0,0,-1,-1,False,True,True
1606535,63779589489557,-13.58284,2.591277,-0.06569272,-0.07063089,0.8959908,0.04163869,-0.4364378,-0.001,-0.001,-0.001,1,-1,-1,0.02956592,0.001654022,-0.01566594,0.02956592,0.001654022,-0.01566594,0,0,0,0,0,0,-1,-1,False,True,True
1606543,63779589489568,-13.58286,2.591249,-0.06567872,-0.07066881,0.8960373,0.04159705,-0.4363403,-0.001,-0.001,-0.001,1,-1,-1,0.0304686,0.001563095,-0.02101186,0.0304686,0.001563095,-0.02101186,0,0,0,0,0,0,-1,-1,False,True,True
1606552,63779589489568,-13.58286,2.591249,-0.06567872,-0.07066881,0.8960373,0.04159705,-0.4363403,-0.001,-0.001,-0.001,1,-1,-1,0.03029326,0.001647919,-0.02174376,0.03029326,0.001647919,-0.02174376,0,0,0,0,0,0,-1,-1,False,True,True
1606560,63779589489579,-13.58284,2.591238,-0.06568468,-0.07061774,0.8960885,0.04151884,-0.4362507,-0.001,-0.001,-0.001,1,-1,-1,0.0302927,0.001554138,-0.02134717,0.0302927,0.001554138,-0.02134717,0,0,0,0,0,0,-1,-1,False,True,True
1606568,63779589489590,-13.58276,2.591236,-0.06567454,-0.07058906,0.8961323,0.04140552,-0.4361762,-0.001,-0.001,-0.001,1,-1,-1,0.03031123,0.001512772,-0.02116605,0.03031123,0.001512772,-0.02116605,0,0,0,0,0,0,-1,-1,False,True,True
1606577,63779589489601,-13.58273,2.591231,-0.06568247,-0.07058379,0.8961842,0.04129875,-0.4360805,-0.001,-0.001,-0.001,1,-1,-1,0.03032523,0.001475922,-0.02078737,0.03032523,0.001475922,-0.02078737,0,0,0,0,0,0,-1,-1,False,True,True
1606585,63779589489612,-13.58267,2.591242,-0.06568962,-0.07056437,0.8962358,0.041346,-0.4359731,-0.001,-0.001,-0.001,1,-1,-1,0.03030228,0.00151889,-0.02137105,0.03030228,0.00151889,-0.02137105,0,0,0,0,0,0,-1,-1,False,True,True
1606593,63779589489612,-13.58267,2.591242,-0.06568962,-0.07056437,0.8962358,0.041346,-0.4359731,-0.0277874,0.002799134,-0.02493881,0.188324,-0.2362518,0.9532623,0.03031081,0.001585175,-0.02173393,0.03031081,0.001585175,-0.02173393,0.1553192,-0.1526337,0.9759979,0.1553192,-0.1526337,0.9759979,5.719498,5.719498,True,True,True
1606602,63779589489623,-13.58265,2.591249,-0.06568712,-0.07056396,0.8963116,0.04136373,-0.4358155,-0.02778824,0.0027818,-0.02493466,0.1790314,-0.231842,0.956131,0.03029295,0.001504791,-0.02138721,0.03029295,0.001504791,-0.02138721,0.1354065,-0.1515808,0.9791107,0.1354065,-0.1515808,0.9791107,5.663147,5.663147,True,True,True
1606610,63779589489635,-13.58261,2.591238,-0.06571007,-0.07058385,0.8963037,0.0414144,-0.4358239,-0.02779468,0.002786209,-0.02495226,0.1959686,-0.2269592,0.9539642,0.03027446,0.001523743,-0.02165088,0.03027446,0.001523743,-0.02165088,0.1388397,-0.1777954,0.9742126,0.1388397,-0.1777954,0.9742126,5.617081,5.617081,True,True,True
1606618,63779589489635,-13.58261,2.591238,-0.06571007,-0.07058385,0.8963037,0.0414144,-0.4358239,-0.0277144,0.002770035,-0.02493932,0.1837006,-0.2350769,0.9544525,0.03029546,0.001548569,-0.02175086,0.03029546,0.001548569,-0.02175086,0.1511993,-0.1552429,0.9762268,0.1511993,-0.1552429,0.9762268,5.655441,5.655441,True,True,True
1606627,63779589489645,-13.58256,2.591209,-0.06564891,-0.07059076,0.8963452,0.04146895,-0.4357322,-0.02768839,0.002752976,-0.02494072,0.183136,-0.2382202,0.9537811,0.03029329,0.001531815,-0.02169568,0.03029329,0.001531815,-0.02169568,0.1615448,-0.173645,0.9714661,0.1615448,-0.173645,0.9714661,5.579758,5.579758,True,True,True
1606635,63779589489657,-13.58251,2.591195,-0.06564373,-0.07070936,0.8963436,0.04147145,-0.4357162,-0.0276556,0.002756043,-0.02494608,0.1902161,-0.2327576,0.9537354,0.03028285,0.001506394,-0.02166884,0.03028285,0.001506394,-0.02166884,0.1637421,-0.1925507,0.967514,0.1637421,-0.1925507,0.967514,5.518799,5.518799,True,True,True
1606643,63779589489668,-13.58253,2.59116,-0.06561965,-0.07077826,0.8963161,0.04145801,-0.4357628,-0.02763797,0.002748078,-0.02494208,0.1851349,-0.2378387,0.9534912,0.03029501,0.00147052,-0.02154939,0.03029501,0.00147052,-0.02154939,0.1400909,-0.1979218,0.9701385,0.1400909,-0.1979218,0.9701385,5.576492,5.576492,True,True,True
1606652,63779589489668,-13.58253,2.59116,-0.06561965,-0.07077826,0.8963161,0.04145801,-0.4357628,-0.02721192,0.002734924,-0.02491968,0.1874237,-0.2295074,0.9550781,0.03029363,0.001465256,-0.02154466,0.03029363,0.001465256,-0.02154466,0.1455994,-0.197403,0.9694366,0.1455994,-0.197403,0.9694366,5.528183,5.528183,True,True,True
1606660,63779589489679,-13.5825,2.591096,-0.06557375,-0.0708896,0.8963254,0.04145726,-0.4357255,-0.01961607,0.002564301,-0.0244749,0.181488,-0.2306213,0.9559631,0.03029224,0.001459992,-0.02153992,0.03029224,0.001459992,-0.02153992,0.151123,-0.1968231,0.9687042,0.151123,-0.1968231,0.9687042,5.485733,5.485733,True,True,True
1606668,63779589489690,-13.58249,2.591113,-0.06555206,-0.07083905,0.8963339,0.04138312,-0.4357235,-0.01580591,0.002478317,-0.02425324,0.1813049,-0.2186127,0.9588013,0.0302912,0.001453644,-0.0215297,0.0302912,0.001453644,-0.0215297,0.1549683,-0.1952667,0.9684143,0.1549683,-0.1952667,0.9684143,5.484406,5.484406,True,True,True
1606677,63779589489701,-13.5825,2.591081,-0.06551826,-0.0707534,0.8963572,0.04135733,-0.4356917,-0.01280058,0.002408783,-0.02408734,0.1882782,-0.2046661,0.9605408,0.03029018,0.001449249,-0.02153992,0.03029018,0.001449249,-0.02153992,0.1588135,-0.1937561,0.9680939,0.1588135,-0.1937561,0.9680939,5.487869,5.487869,True,True,True
1606685,63779589489701,-13.5825,2.591081,-0.06551826,-0.0707534,0.8963572,0.04135733,-0.4356917,-0.009149278,0.002324387,-0.02386698,0.1836395,-0.207077,0.9609222,0.03028865,0.001448273,-0.0215297,0.03028865,0.001448273,-0.0215297,0.1605988,-0.1935883,0.9678345,0.1605988,-0.1935883,0.9678345,5.503601,5.503601,True,True,True
1606693,63779589489712,-13.58246,2.59108,-0.06552303,-0.07065238,0.8962922,0.04125734,-0.4358514,-0.007815735,0.002291733,-0.02379044,0.1819916,-0.209259,0.9607697,0.03028713,0.001447296,-0.02153992,0.03028713,0.001447296,-0.02153992,0.1610565,-0.1920776,0.9680634,0.1610565,-0.1920776,0.9680634,5.518784,5.518784,True,True,True
1606702,63779589489723,-13.58235,2.591064,-0.06551188,-0.07054068,0.896322,0.04127766,-0.4358062,-0.0003396606,0.002122894,-0.02334693,0.1791992,-0.2058716,0.9620209,0.03028681,0.001444885,-0.02153391,0.03028681,0.001444885,-0.02153391,0.1604309,-0.191925,0.9682007,0.1604309,-0.191925,0.9682007,5.523483,5.523483,True,True,True
1606710,63779589489734,-13.5823,2.591062,-0.06553262,-0.07049873,0.8962988,0.04124945,-0.4358633,0.005173721,0.001992706,-0.02301787,0.1749725,-0.2015839,0.9636993,0.03028649,0.001442474,-0.02152789,0.03028649,0.001442474,-0.02152789,0.1609039,-0.1917419,0.9681549,0.1609039,-0.1917419,0.9681549,5.518906,5.518906,True,True,True
1606718,63779589489734,-13.5823,2.591062,-0.06553262,-0.07049873,0.8962988,0.04124945,-0.4358633,0.008175538,0.0019263,-0.0228443,0.1737213,-0.2031708,0.9635925,0.030286,0.001441849,-0.02153391,0.030286,0.001441849,-0.02153391,0.1602173,-0.1916351,0.9682922,0.1602173,-0.1916351,0.9682922,5.523544,5.523544,True,True,True
1606727,63779589489745,-13.58224,2.591153,-0.06546348,-0.07038733,0.8962884,0.04120417,-0.4359071,0.008093216,0.001927841,-0.02285326,0.1729279,-0.2019043,0.9640045,0.03028552,0.001442474,-0.02153992,0.03028552,0.001442474,-0.02153992,0.1607056,-0.1916962,0.9682007,0.1607056,-0.1916962,0.9682007,5.528198,5.528198,True,True,True
1606735,63779589489757,-13.58221,2.591147,-0.06538123,-0.07033896,0.8962638,0.04120827,-0.435965,0.007829835,0.001932541,-0.02287207,0.1716461,-0.2004547,0.9645386,0.03028374,0.001441849,-0.02154466,0.03028374,0.001441849,-0.02154466,0.1602478,-0.1913147,0.9683533,0.1602478,-0.1913147,0.9683533,5.52916,5.52916,True,True,True
1606743,63779589489768,-13.58216,2.591143,-0.06536454,-0.07026167,0.8962617,0.0412617,-0.4359768,0.007481156,0.001938767,-0.02289548,0.171875,-0.2000275,0.9645844,0.03028197,0.001441223,-0.02154939,0.03028197,0.001441223,-0.02154939,0.1597748,-0.1908417,0.9685211,0.1597748,-0.1908417,0.9685211,5.527267,5.527267,True,True,True
1606752,63779589489768,-13.58216,2.591143,-0.06536454,-0.07026167,0.8962617,0.0412617,-0.4359768,0.00733049,0.001940979,-0.02290521,0.1716766,-0.1997223,0.9646912,0.03028124,0.001441116,-0.02155084,0.03028124,0.001441116,-0.02155084,0.1602173,-0.1906281,0.9684906,0.1602173,-0.1906281,0.9684906,5.529144,5.529144,True,True,True
1606760,63779589489779,-13.58222,2.591175,-0.0653519,-0.07031564,0.8962185,0.04126231,-0.436057,0.007196503,0.001942825,-0.02291447,0.1711578,-0.1990051,0.9649353,0.03028052,0.00144101,-0.02155229,0.03028052,0.00144101,-0.02155229,0.1594086,-0.1905212,0.9686432,0.1594086,-0.1905212,0.9686432,5.530579,5.530579,True,True,True
1606768,63779589489790,-13.58219,2.59119,-0.06536078,-0.07029505,0.8962124,0.04128567,-0.4360705,0.0067612,0.001949173,-0.02295567,0.1717987,-0.1978455,0.9650574,0.03027852,0.001437546,-0.02157761,0.03027852,0.001437546,-0.02157761,0.1600647,-0.1880035,0.9690247,0.1600647,-0.1880035,0.9690247,5.527435,5.527435,True,True,True
1606777,63779589489801,-13.58216,2.591163,-0.0653488,-0.07031771,0.8962383,0.0413742,-0.4360052,0.005865006,0.001967011,-0.02301793,0.1664124,-0.1984253,0.9658813,0.03023657,0.001436676,-0.02159662,0.03023657,0.001436676,-0.02159662,0.1502686,-0.1885223,0.9704895,0.1502686,-0.1885223,0.9704895,5.527573,5.527573,True,True,True
1606785,63779589489801,-13.58216,2.591163,-0.0653488,-0.07024765,0.8962542,0.04139617,-0.4359817,0.004841904,0.001989899,-0.02307814,0.1667938,-0.1978302,0.9659271,0.03023435,0.001436676,-0.02159795,0.03023435,0.001436676,-0.02159795,0.1497498,-0.1863861,0.970993,0.1497498,-0.1863861,0.970993,5.53244,5.53244,True,True,True
1606793,63779589489812,-13.58213,2.591172,-0.06533635,-0.07024765,0.8962542,0.04139617,-0.4359817,0.004117035,0.002006806,-0.02312361,0.1678314,-0.1994934,0.9654083,0.03023325,0.001436676,-0.0216049,0.03023325,0.001436676,-0.0216049,0.1505432,-0.1878357,0.9705811,0.1505432,-0.1878357,0.9705811,5.53154,5.53154,True,True,True
1606802,63779589489823,-13.5821,2.591176,-0.06533355,-0.0702742,0.8962794,0.04148483,-0.4359172,0.003830506,0.002014191,-0.02314137,0.1676636,-0.1998444,0.9653625,0.03023129,0.001436676,-0.02160811,0.03023129,0.001436676,-0.02160811,0.1499786,-0.1875916,0.9707184,0.1499786,-0.1875916,0.9707184,5.527359,5.527359,True,True,True
1606810,63779589489835,-13.58209,2.591192,-0.06533068,-0.07032403,0.8962862,0.04157414,-0.4358867,0.003689194,0.002016602,-0.02315695,0.1680298,-0.2015228,0.9649506,0.03023129,0.001437546,-0.02162061,0.03023129,0.001437546,-0.02162061,0.1507111,-0.1909485,0.9699554,0.1507111,-0.1909485,0.9699554,5.53035,5.53035,True,True,True
1606818,63779589489835,-13.58209,2.591192,-0.06533068,-0.07032403,0.8962862,0.04157414,-0.4358867,0.003865967,0.002011582,-0.02314876,0.1681061,-0.2019806,0.9648438,0.03023058,0.001437546,-0.02162334,0.03023058,0.001437546,-0.02162334,0.1509705,-0.1926575,0.969574,0.1509705,-0.1926575,0.969574,5.529556,5.529556,True,True,True
1606827,63779589489846,-13.58207,2.591211,-0.06533128,-0.07035866,0.8963373,0.04162469,-0.4357711,0.004485168,0.001998184,-0.02311426,0.1674194,-0.2023315,0.9648895,0.03022971,0.001437653,-0.02162682,0.03022971,0.001437653,-0.02162682,0.1507263,-0.1934052,0.9694672,0.1507263,-0.1934052,0.9694672,5.529205,5.529205,True,True,True
1606835,63779589489856,-13.58203,2.591228,-0.06532091,-0.07026391,0.8963513,0.0417846,-0.4357424,0.005095612,0.001985642,-0.02308049,0.1671753,-0.2021484,0.9649658,0.03022917,0.001438919,-0.02163053,0.03022917,0.001438919,-0.02163053,0.1512604,-0.1934814,0.9693604,0.1512604,-0.1934814,0.9693604,5.530685,5.530685,True,True,True
1606843,63779589489867,-13.58205,2.591236,-0.06524515,-0.07020378,0.8963618,0.04178281,-0.4357306,0.005551193,0.001975723,-0.02306053,0.1668549,-0.201004,0.965271,0.0302291,0.001438919,-0.02164153,0.0302291,0.001438919,-0.02164153,0.1512451,-0.1917419,0.9697113,0.1512451,-0.1917419,0.9697113,5.53244,5.53244,True,True,True
1606851,63779589489867,-13.58205,2.591236,-0.06524515,-0.07020378,0.8963618,0.04178281,-0.4357306,0.005851837,0.001969101,-0.02304451,0.1666565,-0.201355,0.9652252,0.0302291,0.001438919,-0.02164372,0.0302291,0.001438919,-0.02164372,0.1512146,-0.1925659,0.9695587,0.1512146,-0.1925659,0.9695587,5.530258,5.530258,True,True,True
1606860,63779589489879,-13.58201,2.591242,-0.06525695,-0.07034706,0.896391,0.04190513,-0.4356357,0.006034653,0.001965256,-0.02303261,0.1664734,-0.2015839,0.96521,0.0302291,0.001441238,-0.021644,0.0302291,0.001441238,-0.021644,0.1513062,-0.193161,0.9694214,0.1513062,-0.193161,0.9694214,5.530319,5.530319,True,True,True
1606868,63779589489889,-13.58204,2.591245,-0.06527597,-0.07032558,0.8964436,0.04187147,-0.4355341,0.006029496,0.001966263,-0.02304073,0.1664124,-0.2014008,0.9652557,0.0302291,0.001443405,-0.02165756,0.0302291,0.001443405,-0.02165756,0.1511841,-0.1927948,0.9695129,0.1511841,-0.1927948,0.9695129,5.529953,5.529953,True,True,True
1606876,63779589489901,-13.58202,2.591252,-0.06529015,-0.07030497,0.8964741,0.04188097,-0.4354737,0.005540039,0.001980866,-0.02308615,0.1662445,-0.2014923,0.965271,0.03022905,0.001450455,-0.02168808,0.03022905,0.001450455,-0.02168808,0.1503296,-0.1926117,0.9696808,0.1503296,-0.1926117,0.9696808,5.525482,5.525482,True,True,True
1606885,63779589489901,-13.58202,2.591252,-0.06529015,-0.07030497,0.8964741,0.04188097,-0.4354737,0.004960144,0.001994049,-0.02312328,0.1672974,-0.2015839,0.9650726,0.03022905,0.001452667,-0.02169563,0.03022905,0.001452667,-0.02169563,0.151062,-0.192627,0.9695587,0.151062,-0.192627,0.9695587,5.524933,5.524933,True,True,True
1606893,63779589489912,-13.58208,2.591234,-0.06528652,-0.0703745,0.8965077,0.04188716,-0.4353926,0.003313599,0.002033051,-0.02323494,0.168335,-0.2023163,0.9647369,0.03022905,0.001459595,-0.02173039,0.03022905,0.001459595,-0.02173039,0.1510162,-0.1929169,0.9695129,0.1510162,-0.1929169,0.9695129,5.526779,5.526779,True,True,True
1606901,63779589489920,-13.58207,2.591232,-0.0652979,-0.07041392,0.8965226,0.04192254,-0.4353524,0.001843842,0.002065277,-0.0233179,0.1691284,-0.2030334,0.964447,0.03022809,0.00146138,-0.02173198,0.03022809,0.00146138,-0.02173198,0.1499634,-0.1933441,0.9695892,0.1499634,-0.1933441,0.9695892,5.5233,5.5233,True,True,True
1606910,63779589489934,-13.58203,2.59125,-0.06532317,-0.07032525,0.8965448,0.04197308,-0.4353163,0.001255844,0.002077637,-0.02335108,0.1695862,-0.2031708,0.9643402,0.03022856,0.001461639,-0.02173254,0.03022856,0.001461639,-0.02173254,0.1500854,-0.1936035,0.9695282,0.1500854,-0.1936035,0.9695282,5.523056,5.523056,True,True,True
1606918,63779589489934,-13.58203,2.59125,-0.06532317,-0.07032525,0.8965448,0.04197308,-0.4353163,0.001517563,0.002072464,-0.02333676,0.1698608,-0.2032471,0.9642639,0.03022905,0.001462418,-0.02173316,0.03022905,0.001462418,-0.02173316,0.1509705,-0.1936798,0.9693756,0.1509705,-0.1936798,0.9693756,5.523331,5.523331,True,True,True
1606926,63779589489946,-13.58206,2.591275,-0.06528693,-0.07044459,0.8965946,0.04199883,-0.4351918,0.001836533,0.002064957,-0.0233194,0.1693268,-0.2029572,0.9644318,0.03022905,0.001462525,-0.02173378,0.03022905,0.001462525,-0.02173378,0.1502075,-0.1934814,0.9695282,0.1502075,-0.1934814,0.9695282,5.52298,5.52298,True,True,True
1606935,63779589489956,-13.58205,2.591281,-0.06530046,-0.0704493,0.8965897,0.04198411,-0.4352025,0.002674347,0.002048142,-0.02327249,0.1687622,-0.2030487,0.9645081,0.03022905,0.001462891,-0.02173378,0.03022905,0.001462891,-0.02173378,0.1502228,-0.1938324,0.9694519,0.1502228,-0.1938324,0.9694519,5.523087,5.523087,True,True,True
1606943,63779589489967,-13.58195,2.591227,-0.0652945,-0.07040536,0.8966097,0.04203099,-0.4351639,0.004251297,0.002015015,-0.02318509,0.1678162,-0.2028503,0.9647064,0.03022905,0.001463089,-0.02173496,0.03022905,0.001463089,-0.02173496,0.1502075,-0.1943359,0.9693604,0.1502075,-0.1943359,0.9693604,5.522781,5.522781,True,True,True
1606951,63779589489967,-13.58195,2.591227,-0.0652945,-0.07040536,0.8966097,0.04203099,-0.4351639,0.005832459,0.001982101,-0.02310027,0.1673737,-0.2022705,0.9649048,0.03022942,0.001464234,-0.02174071,0.03022942,0.001464234,-0.02174071,0.1502991,-0.1942902,0.9693451,0.1502991,-0.1942902,0.9693451,5.522659,5.522659,True,True,True
1606960,63779589489978,-13.58195,2.591227,-0.06526065,-0.07041693,0.8966141,0.04196878,-0.4351587,0.006829651,0.00196106,-0.02304477,0.1666412,-0.2020264,0.9650879,0.03022974,0.001464447,-0.02174071,0.03022974,0.001464447,-0.02174071,0.1500702,-0.1944122,0.9693604,0.1500702,-0.1944122,0.9693604,5.482498,5.482498,True,True,True
1606968,63779589489989,-13.58195,2.591228,-0.06526875,-0.07029416,0.8966197,0.04193484,-0.4351705,0.007366288,0.001951126,-0.02301494,0.1698303,-0.2021027,0.9645081,0.03022974,0.001466843,-0.02174071,0.03022974,0.001466843,-0.02174071,0.1555481,-0.1948853,0.968399,0.1555481,-0.1948853,0.968399,5.474747,5.474747,True,True,True
1606976,63779589490001,-13.58194,2.591225,-0.06523848,-0.07034828,0.8966175,0.04187707,-0.4351717,0.007347245,0.001951553,-0.02301685,0.1708984,-0.2020264,0.9643402,0.03022942,0.001466858,-0.02174124,0.03022942,0.001466858,-0.02174124,0.1571655,-0.1947937,0.9681549,0.1571655,-0.1947937,0.9681549,5.474976,5.474976,True,True,True
1606985,63779589490001,-13.58194,2.591225,-0.06523848,-0.07034828,0.8966175,0.04187707,-0.4351717,0.007394989,0.001953568,-0.0230145,0.1715393,-0.2026978,0.9640961,0.03022856,0.001467651,-0.02174083,0.03022856,0.001467651,-0.02174083,0.1571045,-0.1950684,0.9681091,0.1571045,-0.1950684,0.9681091,5.472198,5.472198,True,True,True
1606993,63779589490012,-13.58193,2.591206,-0.0652476,-0.07036652,0.8966154,0.04189486,-0.4351714,0.007481171,0.001951904,-0.0230103,0.1719055,-0.2024994,0.9640656,0.03022753,0.001467819,-0.02174124,0.03022753,0.001467819,-0.02174124,0.1580353,-0.1950684,0.9679565,0.1580353,-0.1950684,0.9679565,5.472488,5.472488,True,True,True
1607001,63779589490023,-13.58187,2.591202,-0.06523913,-0.07033817,0.8966182,0.04186803,-0.4351727,0.007584549,0.00194986,-0.02300459,0.1719666,-0.2025146,0.9640503,0.03022856,0.001467819,-0.02174124,0.03022856,0.001467819,-0.02174124,0.1582489,-0.1951294,0.9679108,0.1582489,-0.1951294,0.9679108,5.463409,5.463409,True,True,True
1607010,63779589490034,-13.58186,2.591223,-0.06523484,-0.07028065,0.8966073,0.04174104,-0.4352168,0.007692185,0.001947617,-0.02299858,0.1720276,-0.2022552,0.9640961,0.03022942,0.001467819,-0.02174083,0.03022942,0.001467819,-0.02174083,0.1584625,-0.1951447,0.9678802,0.1584625,-0.1951447,0.9678802,5.461884,5.461884,True,True,True
1607018,63779589490034,-13.58186,2.591223,-0.06523484,-0.07028065,0.8966073,0.04174104,-0.4352168,0.007530152,0.001951065,-0.02300765,0.1728516,-0.2014008,0.9641266,0.03022978,0.001467819,-0.02174083,0.03022978,0.001467819,-0.02174083,0.1593781,-0.1950989,0.9677429,0.1593781,-0.1950989,0.9677429,5.461929,5.461929,True,True,True
1607026,63779589490045,-13.58184,2.591229,-0.06524038,-0.07033664,0.8966441,0.04156877,-0.4351484,0.007530899,0.001951065,-0.02300763,0.1730957,-0.2013397,0.9640961,0.03023064,0.001467819,-0.02174083,0.03023064,0.001467819,-0.02174083,0.1598053,-0.1950378,0.9676819,0.1598053,-0.1950378,0.9676819,5.441452,5.441452,True,True,True
1607035,63779589490056,-13.58181,2.591199,-0.0652498,-0.07033643,0.8966136,0.04161399,-0.435207,0.007605698,0.001949478,-0.02300346,0.1739044,-0.2015228,0.963913,0.03023096,0.001467819,-0.02174083,0.03023096,0.001467819,-0.02174083,0.1611328,-0.1953583,0.967392,0.1611328,-0.1953583,0.967392,5.437912,5.437912,True,True,True
1607043,63779589490068,-13.58181,2.59119,-0.06525534,-0.07021934,0.896607,0.04156484,-0.4352443,0.007552186,0.001949982,-0.02300366,0.1729584,-0.2016296,0.9640656,0.03023119,0.001466858,-0.02173631,0.03023119,0.001466858,-0.02173631,0.1598511,-0.1954956,0.9675751,0.1598511,-0.1954956,0.9675751,5.429092,5.429092,True,True,True
1607051,63779589490068,-13.58181,2.59119,-0.06525534,-0.07021934,0.896607,0.04156484,-0.4352443,0.0074608,0.001950455,-0.02300269,0.1738281,-0.2026978,0.9636841,0.03023145,0.001464447,-0.02172629,0.03023145,0.001464447,-0.02172629,0.1611938,-0.1972961,0.9669952,0.1611938,-0.1972961,0.9669952,5.42749,5.42749,True,True,True
1607060,63779589490079,-13.5819,2.591163,-0.06528354,-0.07031655,0.8966259,0.04157929,-0.4351882,0.005281662,0.001992691,-0.02308125,0.1789703,-0.2038422,0.9624939,0.03025629,0.001456696,-0.02164838,0.03025629,0.001456696,-0.02164838,0.1679993,-0.1986389,0.9655609,0.1679993,-0.1986389,0.9655609,5.431763,5.431763,True,True,True
1607068,63779589490089,-13.5819,2.591156,-0.06529224,-0.07025153,0.8966198,0.04147771,-0.4352211,0.002689026,0.002048233,-0.02322798,0.1801605,-0.2041779,0.962204,0.03025757,0.001456696,-0.02164452,0.03025757,0.001456696,-0.02164452,0.1683197,-0.1989746,0.9654388,0.1683197,-0.1989746,0.9654388,5.416122,5.416122,True,True,True
1607076,63779589490101,-13.58192,2.591156,-0.06525099,-0.07029365,0.8966663,0.04151459,-0.4351149,0.0007406159,0.002083008,-0.02334795,0.1810608,-0.2023163,0.9624329,0.03025757,0.001456696,-0.02164452,0.03025757,0.001456696,-0.02164452,0.1685944,-0.1987152,0.9654388,0.1685944,-0.1987152,0.9654388,5.410522,5.410522,True,True,True
1607085,63779589490101,-13.58192,2.591156,-0.06525099,-0.07029365,0.8966663,0.04151459,-0.4351149,-0.0004182434,0.00210733,-0.02341531,0.1811829,-0.2023621,0.9623871,0.03025757,0.001456696,-0.02164452,0.03025757,0.001456696,-0.02164452,0.1682281,-0.1987305,0.9654999,0.1682281,-0.1987305,0.9654999,5.406204,5.406204,True,True,True
1607093,63779589490112,-13.58194,2.591125,-0.06526244,-0.07023776,0.8965968,0.04148636,-0.4352698,-0.0006407776,0.002111603,-0.02342816,0.1811371,-0.2020111,0.9624786,0.03025757,0.001456039,-0.02164346,0.03025757,0.001456039,-0.02164346,0.1682129,-0.1986847,0.9655151,0.1682129,-0.1986847,0.9655151,5.402924,5.402924,True,True,True
1607101,63779589490123,-13.58196,2.591134,-0.06523854,-0.07025838,0.8966447,0.04140336,-0.4351756,0.0001833344,0.002094116,-0.02338147,0.1807709,-0.202179,0.9625092,0.03025757,0.001456039,-0.02164346,0.03025757,0.001456039,-0.02164346,0.1681671,-0.1986542,0.9655151,0.1681671,-0.1986542,0.9655151,5.398605,5.398605,True,True,True
1607110,63779589490134,-13.58196,2.591147,-0.06521046,-0.07020485,0.8966604,0.04137316,-0.4351546,0.001933258,0.002056992,-0.02328084,0.1795044,-0.2013702,0.9629211,0.03025757,0.001456039,-0.02164346,0.03025757,0.001456039,-0.02164346,0.168045,-0.1980438,0.9656677,0.168045,-0.1980438,0.9656677,5.393661,5.393661,True,True,True
1607118,63779589490134,-13.58196,2.591147,-0.06521046,-0.07020485,0.8966604,0.04137316,-0.4351546,0.004321396,0.002006302,-0.02314325,0.1786957,-0.2010345,0.9631348,0.03025757,0.001456039,-0.02164346,0.03025757,0.001456039,-0.02164346,0.168045,-0.1980438,0.9656677,0.168045,-0.1980438,0.9656677,5.393661,5.393661,True,True,True
1607126,63779589490145,-13.58196,2.591147,-0.06521231,-0.07016982,0.8966577,0.04131128,-0.4351719,0.006736389,0.001955063,-0.02300449,0.1773834,-0.2007141,0.9634399,0.03025629,0.001456696,-0.02164452,0.03025629,0.001456696,-0.02164452,0.1676483,-0.1982269,0.9656982,0.1676483,-0.1982269,0.9656982,5.376511,5.376511,True,True,True
1607135,63779589490156,-13.58203,2.591151,-0.06519675,-0.07027018,0.8966699,0.04137883,-0.4351241,0.008435166,0.001919067,-0.02290898,0.1774597,-0.200058,0.963562,0.03025534,0.001456741,-0.02164838,0.03025534,0.001456741,-0.02164838,0.1688995,-0.197998,0.9655304,0.1688995,-0.197998,0.9655304,5.369858,5.369858,True,True,True
1607143,63779589490167,-13.58206,2.591134,-0.06524044,-0.07037704,0.8966126,0.04161831,-0.4352021,0.008045395,0.001929047,-0.02293826,0.1773682,-0.1997986,0.9636383,0.03025511,0.001459824,-0.02165918,0.03025511,0.001459824,-0.02165918,0.1687164,-0.1980286,0.9655609,0.1687164,-0.1980286,0.9655609,5.358017,5.358017,True,True,True
1607151,63779589490167,-13.58206,2.591134,-0.06524044,-0.07037704,0.8966126,0.04161831,-0.4352021,0.007241379,0.001946961,-0.02299143,0.1773987,-0.1997223,0.9636536,0.03025411,0.001461472,-0.02167017,0.03025411,0.001461472,-0.02167017,0.1683807,-0.1979065,0.9656372,0.1683807,-0.1979065,0.9656372,5.351929,5.351929,True,True,True
1607160,63779589490179,-13.58213,2.591159,-0.06528032,-0.07050636,0.8966069,0.04182673,-0.4351729,0.006373383,0.00196788,-0.02305284,0.177536,-0.199646,0.9636383,0.03025348,0.001466019,-0.02168958,0.03025348,0.001466019,-0.02168958,0.1689911,-0.1976166,0.9655914,0.1689911,-0.1976166,0.9655914,5.348907,5.348907,True,True,True
1607168,63779589490190,-13.58216,2.591162,-0.06532806,-0.07073607,0.8965453,0.04201743,-0.4352441,0.005659287,0.001983429,-0.02309514,0.1775665,-0.1988983,0.9637909,0.03025215,0.001467056,-0.02169196,0.03025215,0.001467056,-0.02169196,0.1686249,-0.1969452,0.9657898,0.1686249,-0.1969452,0.9657898,5.348007,5.348007,True,True,True
1607176,63779589490201,-13.58219,2.591138,-0.06534684,-0.07091796,0.8965203,0.04196319,-0.4352713,0.005071274,0.001997025,-0.02313078,0.1776581,-0.1983948,0.9638824,0.03025205,0.001469345,-0.02169498,0.03025205,0.001469345,-0.02169498,0.1685791,-0.1960602,0.9659882,0.1685791,-0.1960602,0.9659882,5.346649,5.346649,True,True,True
1607185,63779589490201,-13.58219,2.591138,-0.06534684,-0.07091796,0.8965203,0.04196319,-0.4352713,0.004693238,0.002005051,-0.02315616,0.1771545,-0.1982269,0.9640045,0.03024971,0.001469528,-0.02170127,0.03024971,0.001469528,-0.02170127,0.1679077,-0.195694,0.9661713,0.1679077,-0.195694,0.9661713,5.340775,5.340775,True,True,True
1607193,63779589490211,-13.58213,2.591118,-0.06537145,-0.0710109,0.8965336,0.04196437,-0.4352286,0.004431595,0.002013031,-0.02317639,0.1764984,-0.1976166,0.9642487,0.03024971,0.001474014,-0.02171005,0.03024971,0.001474014,-0.02171005,0.1667328,-0.1963348,0.9662476,0.1667328,-0.1963348,0.9662476,5.327118,5.327118,True,True,True
1607201,63779589490223,-13.58214,2.591153,-0.0653733,-0.07103485,0.8965021,0.04192486,-0.4352934,0.00452945,0.002012451,-0.02317543,0.1763611,-0.1962891,0.9645386,0.03024971,0.001476578,-0.02171787,0.03024971,0.001476578,-0.02171787,0.1667328,-0.1946411,0.9665833,0.1667328,-0.1946411,0.9665833,5.327591,5.327591,True,True,True
1607210,63779589490223,-13.58214,2.591153,-0.0653733,-0.07103485,0.8965021,0.04192486,-0.4352934,0.005065613,0.002001953,-0.02314836,0.1759338,-0.1949158,0.9649048,0.03024971,0.001476578,-0.02172334,0.03024971,0.001476578,-0.02172334,0.1667023,-0.1944885,0.966629,0.1667023,-0.1944885,0.966629,5.325424,5.325424,True,True,True
1607218,63779589490241,-13.58208,2.591143,-0.06540889,-0.07107519,0.8964835,0.04183516,-0.4353336,0.005194947,0.001999802,-0.02314908,0.1758118,-0.1944275,0.9650269,0.03024971,0.001477539,-0.02173747,0.03024971,0.001477539,-0.02173747,0.1666565,-0.1936035,0.9668121,0.1666565,-0.1936035,0.9668121,5.322968,5.322968,True,True,True
1607226,63779589490252,-13.58201,2.591286,-0.06538695,-0.07086337,0.8964891,0.04177865,-0.4353622,0.005249649,0.001998642,-0.02314717,0.1750336,-0.1942444,0.9651947,0.03024971,0.001477539,-0.02173956,0.03024971,0.001477539,-0.02173956,0.166214,-0.1932831,0.9669495,0.166214,-0.1932831,0.9669495,5.323044,5.323044,True,True,True
1607235,63779589490252,-13.58201,2.591286,-0.06538695,-0.07086337,0.8964891,0.04177865,-0.4353622,0.005392472,0.001995667,-0.02313982,0.1755524,-0.1942749,0.9651031,0.03024971,0.001477539,-0.02174078,0.03024971,0.001477539,-0.02174078,0.166626,-0.1934204,0.9668579,0.166626,-0.1934204,0.9668579,5.319305,5.319305,True,True,True
1607243,63779589490263,-13.58202,2.591324,-0.06539273,-0.07084116,0.8965108,0.04174826,-0.4353239,0.005450302,0.001994675,-0.02313658,0.1749725,-0.1943665,0.9651947,0.03025113,0.001477539,-0.02174078,0.03025113,0.001477539,-0.02174078,0.1665192,-0.1934052,0.9668732,0.1665192,-0.1934052,0.9668732,5.314941,5.314941,True,True,True
1607251,63779589490273,-13.58204,2.591233,-0.06540549,-0.07076842,0.8964901,0.04166296,-0.4353867,0.005639496,0.001991409,-0.02312637,0.1746216,-0.1945801,0.96521,0.030252,0.001477615,-0.02174152,0.030252,0.001477615,-0.02174152,0.1660461,-0.193634,0.9669037,0.1660461,-0.193634,0.9669037,5.310043,5.310043,True,True,True
1607260,63779589490284,-13.58209,2.591209,-0.06545645,-0.07074741,0.8964944,0.04176311,-0.4353718,0.005975373,0.001985901,-0.02310762,0.1743622,-0.194931,0.9651794,0.030252,0.001479141,-0.02174176,0.030252,0.001479141,-0.02174176,0.165802,-0.1940155,0.9668732,0.165802,-0.1940155,0.9668732,5.29866,5.29866,True,True,True
1607268,63779589490284,-13.58209,2.591209,-0.06545645,-0.07074741,0.8964944,0.04176311,-0.4353718,0.006447311,0.001976669,-0.0230815,0.1743317,-0.1950073,0.9651794,0.03025314,0.001479141,-0.02174243,0.03025314,0.001479141,-0.02174243,0.1661072,-0.193924,0.9668427,0.1661072,-0.193924,0.9668427,5.298569,5.298569,True,True,True
1607276,63779589490295,-13.58211,2.591218,-0.06545222,-0.07081588,0.8965269,0.0417039,-0.4352994,0.006931,0.001966217,-0.02305428,0.1748505,-0.194809,0.9651184,0.03025316,0.001478302,-0.02174243,0.03025316,0.001478302,-0.02174243,0.1661377,-0.1937714,0.9668732,0.1661377,-0.1937714,0.9668732,5.285751,5.285751,True,True,True
1607285,63779589490306,-13.5821,2.591179,-0.06539255,-0.07078373,0.896531,0.04170342,-0.4352961,0.007583924,0.001956299,-0.0230127,0.1742706,-0.1958313,0.9650116,0.03025316,0.001477615,-0.02174176,0.03025316,0.001477615,-0.02174176,0.1657104,-0.1937103,0.9669495,0.1657104,-0.1937103,0.9669495,5.278625,5.278625,True,True,True
1607293,63779589490318,-13.58213,2.59122,-0.06537789,-0.0706778,0.8965656,0.04162994,-0.4352491,0.008101838,0.001945465,-0.02298366,0.1738892,-0.1956024,0.9651337,0.03025316,0.001477539,-0.02174176,0.03025316,0.001477539,-0.02174176,0.1654205,-0.1936798,0.9670105,0.1654205,-0.1936798,0.9670105,5.272751,5.272751,True,True,True
1607301,63779589490318,-13.58213,2.59122,-0.06537789,-0.0706778,0.8965656,0.04162994,-0.4352491,0.008313599,0.00194101,-0.02297157,0.1732788,-0.1956635,0.9652252,0.03025316,0.001477402,-0.02174152,0.03025316,0.001477402,-0.02174152,0.1656494,-0.1937256,0.9669647,0.1656494,-0.1937256,0.9669647,5.272888,5.272888,True,True,True
1607310,63779589490329,-13.58213,2.591188,-0.06531286,-0.07061439,0.8965961,0.04163078,-0.4351963,0.008439179,0.001938034,-0.02296419,0.1724701,-0.1957245,0.9653625,0.03025316,0.001476608,-0.02174124,0.03025316,0.001476608,-0.02174124,0.1642456,-0.1937561,0.9671936,0.1642456,-0.1937561,0.9671936,5.272537,5.272537,True,True,True
1607318,63779589490340,-13.58211,2.591157,-0.065229,-0.07050624,0.8966134,0.04150892,-0.4351901,0.008461579,0.001937546,-0.02296184,0.1724091,-0.195816,0.9653625,0.03025316,0.001476578,-0.02173956,0.03025316,0.001476578,-0.02173956,0.1641541,-0.193924,0.9671783,0.1641541,-0.193924,0.9671783,5.261292,5.261292,True,True,True
1607326,63779589490351,-13.5821,2.591127,-0.06521982,-0.07038137,0.896674,0.04141646,-0.435094,0.008412796,0.001938126,-0.02296459,0.1721039,-0.195694,0.9654388,0.03025316,0.001475861,-0.02173956,0.03025316,0.001475861,-0.02173956,0.1636353,-0.1938019,0.9672852,0.1636353,-0.1938019,0.9672852,5.258408,5.258408,True,True,True
1607335,63779589490351,-13.5821,2.591127,-0.06521982,-0.07038137,0.896674,0.04141646,-0.435094,0.008292908,0.001940659,-0.0229713,0.1726227,-0.1957092,0.9653473,0.03025316,0.001475861,-0.02173956,0.03025316,0.001475861,-0.02173956,0.1636047,-0.1938324,0.9672852,0.1636047,-0.1938324,0.9672852,5.255707,5.255707,True,True,True
1607343,63779589490362,-13.58209,2.591108,-0.06522626,-0.07043621,0.8966851,0.04135731,-0.4350681,0.008085496,0.001944672,-0.02298157,0.1729736,-0.195755,0.965271,0.03025314,0.00147525,-0.02173735,0.03025314,0.00147525,-0.02173735,0.1640472,-0.1938019,0.9672241,0.1640472,-0.1938019,0.9672241,5.247925,5.247925,True,True,True
1607351,63779589490373,-13.58213,2.591066,-0.06521493,-0.0705113,0.8967498,0.04116833,-0.4349405,0.007697815,0.001950791,-0.02299738,0.1730042,-0.1962433,0.9651642,0.0302527,0.001472138,-0.02172757,0.0302527,0.001472138,-0.02172757,0.1639557,-0.1946259,0.9670715,0.1639557,-0.1946259,0.9670715,5.248123,5.248123,True,True,True
1607360,63779589490385,-13.58213,2.591057,-0.06526637,-0.07050902,0.8967741,0.04104394,-0.4349025,0.007034836,0.001960724,-0.02302805,0.1732788,-0.1950684,0.9653473,0.03025252,0.001465454,-0.02171623,0.03025252,0.001465454,-0.02171623,0.1640015,-0.1926422,0.967453,0.1640015,-0.1926422,0.967453,5.257095,5.257095,True,True,True
1607368,63779589490385,-13.58213,2.591057,-0.06526637,-0.07050902,0.8967741,0.04104394,-0.4349025,0.006664063,0.001968506,-0.02304901,0.1730957,-0.1951294,0.9653778,0.0302525,0.001465439,-0.02171623,0.0302525,0.001465439,-0.02171623,0.1634369,-0.1927338,0.9675293,0.1634369,-0.1927338,0.9675293,5.248871,5.248871,True,True,True
1607376,63779589490395,-13.58212,2.591042,-0.06516278,-0.07044647,0.8968478,0.0410358,-0.4347614,0.00643158,0.001973419,-0.02306215,0.174057,-0.194931,0.9652405,0.03025237,0.001465439,-0.02171623,0.03025237,0.001465439,-0.02171623,0.1650543,-0.1923218,0.9673462,0.1650543,-0.1923218,0.9673462,5.229736,5.229736,True,True,True
1607385,63779589490407,-13.58211,2.591033,-0.06513649,-0.07042473,0.8969062,0.04095255,-0.4346523,0.006356476,0.001974945,-0.02306653,0.1738586,-0.194931,0.965271,0.03025232,0.001465439,-0.02171623,0.03025232,0.001465439,-0.02171623,0.1650391,-0.1923218,0.9673462,0.1650391,-0.1923218,0.9673462,5.230057,5.230057,True,True,True
1607393,63779589490417,-13.58213,2.591016,-0.06507641,-0.07033166,0.8969092,0.04099458,-0.4346572,0.006399674,0.001973984,-0.02306407,0.1725616,-0.1949921,0.9654999,0.03025195,0.001465439,-0.02171623,0.03025195,0.001465439,-0.02171623,0.163681,-0.1924286,0.9675598,0.163681,-0.1924286,0.9675598,5.190002,5.190002,True,True,True
1607401,63779589490417,-13.58213,2.591016,-0.06507641,-0.07033166,0.8969092,0.04099458,-0.4346572,0.006516174,0.001971466,-0.02305748,0.171936,-0.1952057,0.9655609,0.03025183,0.001465439,-0.02171623,0.03025183,0.001465439,-0.02171623,0.1627655,-0.1924744,0.9676971,0.1627655,-0.1924744,0.9676971,5.189651,5.189651,True,True,True
1607410,63779589490428,-13.5821,2.591017,-0.0650382,-0.07040378,0.8968964,0.04114279,-0.4346577,0.006766129,0.001966019,-0.02304332,0.172287,-0.195343,0.9654694,0.03025098,0.001465439,-0.02171623,0.03025098,0.001465439,-0.02171623,0.1633759,-0.1925812,0.9675751,0.1633759,-0.1925812,0.9675751,5.184433,5.184433,True,True,True
1607418,63779589490440,-13.58209,2.591022,-0.0650543,-0.07040343,0.8968732,0.04106123,-0.4347137,0.007137665,0.001957916,-0.02302231,0.1721039,-0.1954193,0.9654846,0.03025037,0.001465439,-0.02171623,0.03025037,0.001465439,-0.02171623,0.16362,-0.1928558,0.9674835,0.16362,-0.1928558,0.9674835,5.178909,5.178909,True,True,True
1607426,63779589490451,-13.58209,2.590985,-0.06499749,-0.07058609,0.8968418,0.04120357,-0.4347352,0.007542664,0.001949265,-0.0230007,0.1718445,-0.1959686,0.9654236,0.03024997,0.001465439,-0.02171819,0.03024997,0.001465439,-0.02171819,0.1635132,-0.194046,0.9672546,0.1635132,-0.194046,0.9672546,5.178574,5.178574,True,True,True
1607435,63779589490451,-13.58209,2.590985,-0.06499749,-0.07058609,0.8968418,0.04120357,-0.4347352,0.007661514,0.001949234,-0.0229959,0.1718445,-0.1956482,0.9654846,0.03024793,0.001469681,-0.02172128,0.03024793,0.001469681,-0.02172128,0.1634216,-0.1949768,0.9670868,0.1634216,-0.1949768,0.9670868,5.178268,5.178268,True,True,True
1607443,63779589490462,-13.5821,2.590952,-0.06495959,-0.07073543,0.896808,0.04113919,-0.4347867,0.007460861,0.001956406,-0.02301166,0.1722565,-0.1960297,0.965332,0.03024777,0.001474762,-0.02172855,0.03024777,0.001474762,-0.02172855,0.1640167,-0.1956787,0.9668427,0.1640167,-0.1956787,0.9668427,5.177979,5.177979,True,True,True
1607451,63779589490473,-13.58212,2.590924,-0.06486386,-0.07083631,0.8967506,0.0411841,-0.4348845,0.006908463,0.00196904,-0.02305415,0.1716614,-0.1960449,0.9654388,0.03024329,0.001476486,-0.02174779,0.03024329,0.001476486,-0.02174779,0.162735,-0.1950073,0.9671936,0.162735,-0.1950073,0.9671936,5.171021,5.171021,True,True,True
1607460,63779589490484,-13.58214,2.590933,-0.06480348,-0.07096785,0.8966947,0.04119462,-0.4349772,0.00611409,0.001988678,-0.02310602,0.1713867,-0.1960297,0.9654846,0.03024243,0.001481903,-0.02176051,0.03024243,0.001481903,-0.02176051,0.1617737,-0.195755,0.9672089,0.1617737,-0.195755,0.9672089,5.165588,5.165588,True,True,True
1607468,63779589490484,-13.58214,2.590933,-0.06480348,-0.07096785,0.8966947,0.04119462,-0.4349772,0.005248352,0.002008072,-0.02315953,0.1711884,-0.1958008,0.9655762,0.03024043,0.001484833,-0.02176982,0.03024043,0.001484833,-0.02176982,0.1607361,-0.1957397,0.9673767,0.1607361,-0.1957397,0.9673767,5.164688,5.164688,True,True,True
1607476,63779589490495,-13.58215,2.590949,-0.06474757,-0.07094226,0.8966718,0.04113721,-0.435034,0.004392822,0.00202562,-0.02321181,0.1714325,-0.195343,0.9656219,0.03023773,0.001485046,-0.02177844,0.03023773,0.001485046,-0.02177844,0.1600189,-0.1950989,0.9676361,0.1600189,-0.1950989,0.9676361,5.164597,5.164597,True,True,True
1607485,63779589490506,-13.58217,2.590921,-0.06469345,-0.07097121,0.8966438,0.04118849,-0.4350823,0.003822235,0.002037613,-0.02324762,0.170929,-0.1946411,0.9658508,0.03023657,0.001486679,-0.02178612,0.03023657,0.001486679,-0.02178612,0.1592255,-0.1950073,0.9677734,0.1592255,-0.1950073,0.9677734,5.163879,5.163879,True,True,True
1607493,63779589490518,-13.58214,2.590924,-0.06467479,-0.07093874,0.8965992,0.04118586,-0.4351795,0.003314408,0.002048828,-0.02328447,0.1706696,-0.1947021,0.9658966,0.03023314,0.001488022,-0.0218026,0.03023314,0.001488022,-0.0218026,0.158432,-0.1942291,0.9680634,0.158432,-0.1942291,0.9680634,5.163452,5.163452,True,True,True
1607501,63779589490518,-13.58214,2.590924,-0.06467479,-0.07093874,0.8965992,0.04118586,-0.4351795,0.001315582,0.002100113,-0.02343695,0.168396,-0.1938019,0.9664764,0.03021018,0.001509552,-0.02188837,0.03021018,0.001509552,-0.02188837,0.1520538,-0.1941833,0.969101,0.1520538,-0.1941833,0.969101,5.15239,5.15239,True,True,True
1607510,63779589490529,-13.58217,2.590901,-0.06456578,-0.07105159,0.8965874,0.04127069,-0.4351774,-0.0007164307,0.002135101,-0.02355196,0.1693115,-0.1901855,0.9670258,0.03021018,0.001510025,-0.02188855,0.03021018,0.001510025,-0.02188855,0.1522064,-0.1928864,0.9693298,0.1522064,-0.1928864,0.9693298,5.145187,5.145187,True,True,True
1607518,63779589490540,-13.5822,2.590931,-0.06448263,-0.07099328,0.8965875,0.04130298,-0.4351839,-0.002779251,0.002176941,-0.02366506,0.1708374,-0.1898956,0.9668121,0.03021018,0.0015112,-0.02189322,0.03021018,0.0015112,-0.02189322,0.1522369,-0.1928711,0.9693298,0.1522369,-0.1928711,0.9693298,5.134964,5.134964,True,True,True
1607526,63779589490551,-13.58219,2.590945,-0.06448048,-0.07101317,0.8965319,0.0414025,-0.4352854,-0.004282227,0.002208206,-0.02374844,0.1717377,-0.1897888,0.9666748,0.03021018,0.001513504,-0.0218998,0.03021018,0.001513504,-0.0218998,0.1533356,-0.1929626,0.9691467,0.1533356,-0.1929626,0.9691467,5.134689,5.134689,True,True,True
1607535,63779589490551,-13.58219,2.590945,-0.06448048,-0.07101317,0.8965319,0.0414025,-0.4352854,-0.004372513,0.002210221,-0.02375386,0.1711884,-0.1894379,0.9668427,0.03021018,0.001513977,-0.0219012,0.03021018,0.001513977,-0.0219012,0.1522064,-0.192749,0.9693604,0.1522064,-0.192749,0.9693604,5.13443,5.13443,True,True,True
1607543,63779589490562,-13.58216,2.590966,-0.06442261,-0.0709808,0.8964846,0.04143685,-0.435385,-0.003269211,0.002188034,-0.02369789,0.1705322,-0.1896057,0.9669342,0.03021018,0.001514008,-0.0219086,0.03021018,0.001514008,-0.0219086,0.1520844,-0.1922607,0.9694824,0.1520844,-0.1922607,0.9694824,5.135025,5.135025,True,True,True
1607551,63779589490573,-13.58209,2.591023,-0.06443065,-0.07091255,0.896484,0.04151132,-0.4353902,-0.001095886,0.002146194,-0.02358714,0.1693268,-0.1897583,0.9671173,0.03021018,0.001518189,-0.02192033,0.03021018,0.001518189,-0.02192033,0.1520691,-0.192215,0.9694824,0.1520691,-0.192215,0.9694824,5.134735,5.134735,True,True,True
1607560,63779589490585,-13.58208,2.591053,-0.06443703,-0.07095321,0.8964641,0.04165748,-0.4354106,0.00201973,0.002083695,-0.02342268,0.1668854,-0.1899261,0.9674988,0.03021018,0.001518189,-0.02192311,0.03021018,0.001518189,-0.02192311,0.1520538,-0.191925,0.9695435,0.1520538,-0.191925,0.9695435,5.134705,5.134705,True,True,True
1607568,63779589490585,-13.58208,2.591053,-0.06443703,-0.07095321,0.8964641,0.04165748,-0.4354106,0.00484636,0.002024689,-0.02327236,0.1653748,-0.1903381,0.9676819,0.03021036,0.001514069,-0.02192311,0.03021036,0.001514069,-0.02192311,0.1519775,-0.1907959,0.9697876,0.1519775,-0.1907959,0.9697876,5.144424,5.144424,True,True,True
1607576,63779589490595,-13.58203,2.591055,-0.06440043,-0.07099857,0.8964424,0.04186919,-0.4354278,0.006169205,0.001998672,-0.02320296,0.1650238,-0.1902924,0.9677429,0.03021269,0.001514633,-0.02192464,0.03021269,0.001514633,-0.02192464,0.1526031,-0.1908264,0.9696808,0.1526031,-0.1908264,0.9696808,5.144547,5.144547,True,True,True
1607585,63779589490606,-13.58202,2.591089,-0.06437927,-0.07099923,0.8964924,0.04198326,-0.4353136,0.00609671,0.002004471,-0.02320566,0.1665344,-0.1914825,0.9672546,0.03021616,0.001515122,-0.02192709,0.03021616,0.001515122,-0.02192709,0.1537323,-0.1908264,0.9694977,0.1537323,-0.1908264,0.9694977,5.145767,5.145767,True,True,True
1607593,63779589490617,-13.58206,2.591114,-0.06438506,-0.0711138,0.8964083,0.04214043,-0.4354531,0.006458099,0.001997147,-0.02318634,0.1668091,-0.190918,0.9673157,0.03021616,0.001515122,-0.02192709,0.03021616,0.001515122,-0.02192709,0.1551666,-0.1896515,0.9694977,0.1551666,-0.1896515,0.9694977,5.146408,5.146408,True,True,True
1607601,63779589490617,-13.58206,2.591114,-0.06438506,-0.0711138,0.8964083,0.04214043,-0.4354531,0.006913407,0.001987946,-0.0231622,0.1665192,-0.1914368,0.9672699,0.03021616,0.001515122,-0.02192709,0.03021616,0.001515122,-0.02192709,0.1551666,-0.1905365,0.9693298,0.1551666,-0.1905365,0.9693298,5.146194,5.146194,True,True,True
1607610,63779589490628,-13.58201,2.59113,-0.06439823,-0.07116269,0.8964093,0.04228504,-0.4354289,0.007338166,0.001979386,-0.02313966,0.1663513,-0.1916504,0.9672546,0.03021616,0.001515122,-0.02192709,0.03021616,0.001515122,-0.02192709,0.1553955,-0.1907043,0.9692688,0.1553955,-0.1907043,0.9692688,5.144989,5.144989,True,True,True
1607618,63779589490639,-13.58199,2.591149,-0.06439149,-0.07130168,0.8963833,0.04254657,-0.435434,0.007693863,0.001972198,-0.02312053,0.1663361,-0.1915283,0.9672852,0.03021616,0.001515122,-0.02192709,0.03021616,0.001515122,-0.02192709,0.1553955,-0.1907043,0.9692688,0.1553955,-0.1907043,0.9692688,5.144989,5.144989,True,True,True
1607626,63779589490651,-13.582,2.591237,-0.06433868,-0.0712463,0.896409,0.04274972,-0.4353704,0.007979706,0.00196611,-0.02310387,0.1661377,-0.1915894,0.9673004,0.03021616,0.001514633,-0.02192464,0.03021616,0.001514633,-0.02192464,0.1553192,-0.1907654,0.9692535,0.1553192,-0.1907654,0.9692535,5.136459,5.136459,True,True,True
1607635,63779589490651,-13.582,2.591237,-0.06433868,-0.0712463,0.896409,0.04274972,-0.4353704,0.007976823,0.001965836,-0.02310379,0.1660919,-0.1915894,0.9673157,0.03021616,0.001514069,-0.02192433,0.03021616,0.001514069,-0.02192433,0.1551666,-0.1906128,0.9693146,0.1551666,-0.1906128,0.9693146,5.146271,5.146271,True,True,True
1607643,63779589490662,-13.58202,2.591244,-0.06424201,-0.07129842,0.8964346,0.04292546,-0.4352919,0.007879899,0.001967484,-0.02310819,0.1662598,-0.192276,0.9671478,0.03021616,0.001513336,-0.02192311,0.03021616,0.001513336,-0.02192311,0.1563263,-0.1916199,0.9689331,0.1563263,-0.1916199,0.9689331,5.166306,5.166306,True,True,True
1607651,63779589490674,-13.58201,2.591278,-0.06420571,-0.07134309,0.8964518,0.04309945,-0.4352319,0.007697647,0.001970978,-0.02311485,0.1663055,-0.1924591,0.9671021,0.03021582,0.001513199,-0.02191882,0.03021582,0.001513199,-0.02191882,0.15625,-0.1918335,0.9689026,0.15625,-0.1918335,0.9689026,5.16629,5.16629,True,True,True
1607660,63779589490685,-13.58202,2.591284,-0.06419027,-0.07132616,0.896446,0.04314536,-0.4352422,0.007527787,0.001973694,-0.02312373,0.1670685,-0.1933441,0.9667969,0.03021579,0.001511963,-0.02191879,0.03021579,0.001511963,-0.02191879,0.1571198,-0.1925201,0.9686279,0.1571198,-0.1925201,0.9686279,5.167831,5.167831,True,True,True
1607668,63779589490685,-13.58202,2.591284,-0.06419027,-0.07132616,0.896446,0.04314536,-0.4352422,0.007277542,0.001976731,-0.02313001,0.1673279,-0.1934204,0.9667358,0.03021541,0.001508591,-0.02190746,0.03021541,0.001508591,-0.02190746,0.1572418,-0.1925812,0.9685974,0.1572418,-0.1925812,0.9685974,5.191208,5.191208,True,True,True
1607676,63779589490696,-13.58202,2.591285,-0.06415141,-0.07133442,0.8964356,0.04330133,-0.4352465,0.007095902,0.001979706,-0.02313918,0.1674194,-0.1932526,0.9667511,0.03021489,0.001507492,-0.02190712,0.03021489,0.001507492,-0.02190712,0.1571045,-0.192276,0.9686737,0.1571045,-0.192276,0.9686737,5.19165,5.19165,True,True,True
1607685,63779589490708,-13.58206,2.591266,-0.06415385,-0.07132871,0.8964589,0.04335783,-0.4351939,0.006960236,0.001982071,-0.02314537,0.1668243,-0.194046,0.9666901,0.03021442,0.001506851,-0.02190553,0.03021442,0.001506851,-0.02190553,0.1561127,-0.1935577,0.9685822,0.1561127,-0.1935577,0.9685822,5.1931,5.1931,True,True,True
1607693,63779589490708,-13.58206,2.591266,-0.06415385,-0.07132871,0.8964589,0.04335783,-0.4351939,0.0064832,0.001988403,-0.02315944,0.1675262,-0.1940613,0.966568,0.03021399,0.001501266,-0.02188634,0.03021399,0.001501266,-0.02188634,0.1569519,-0.1933594,0.9684906,0.1569519,-0.1933594,0.9684906,5.197067,5.197067,True,True,True
1607701,63779589490720,-13.58207,2.591269,-0.06416994,-0.07142185,0.8964838,0.04345061,-0.435118,0.006201447,0.001993317,-0.0231732,0.1674652,-0.1937561,0.9666443,0.03021366,0.001499863,-0.02188403,0.03021366,0.001499863,-0.02188403,0.1569519,-0.1918793,0.9687805,0.1569519,-0.1918793,0.9687805,5.201309,5.201309,True,True,True
1607710,63779589490731,-13.58208,2.591263,-0.06417769,-0.07143141,0.8965006,0.04338082,-0.4350889,0.006036514,0.001996368,-0.02318154,0.1671448,-0.1937561,0.9666901,0.0302124,0.001499832,-0.02188333,0.0302124,0.001499832,-0.02188333,0.1566162,-0.1919708,0.968811,0.1566162,-0.1919708,0.968811,5.201065,5.201065,True,True,True
1607718,63779589490742,-13.58199,2.591252,-0.06414276,-0.07143591,0.8965574,0.04345227,-0.4349641,0.005776779,0.002000656,-0.02319412,0.1672974,-0.1942749,0.966568,0.03021205,0.001499497,-0.02188103,0.03021205,0.001499497,-0.02188103,0.1566925,-0.193161,0.9685669,0.1566925,-0.193161,0.9685669,5.220688,5.220688,True,True,True
1607726,63779589490742,-13.58199,2.591252,-0.06414276,-0.07143591,0.8965574,0.04345227,-0.4349641,0.005755768,0.002000778,-0.02319499,0.1675415,-0.1942291,0.9665375,0.03021202,0.00149913,-0.02188057,0.03021202,0.00149913,-0.02188057,0.1567535,-0.1931458,0.9685516,0.1567535,-0.1931458,0.9685516,5.229111,5.229111,True,True,True
1607735,63779589490754,-13.58198,2.591252,-0.06415093,-0.07147614,0.8965542,0.04344199,-0.4349651,0.005811829,0.001996887,-0.02318646,0.167572,-0.1939392,0.9665833,0.03021179,0.001495026,-0.02187106,0.03021179,0.001495026,-0.02187106,0.1568298,-0.192749,0.9686279,0.1568298,-0.192749,0.9686279,5.243149,5.243149,True,True,True
1607743,63779589490765,-13.58195,2.591283,-0.06411511,-0.07144071,0.8965948,0.04335912,-0.4348955,0.006169785,0.00198729,-0.0231664,0.1674042,-0.1934357,0.9667206,0.03021144,0.001492188,-0.0218698,0.03021144,0.001492188,-0.0218698,0.1578674,-0.1921082,0.9685822,0.1578674,-0.1921082,0.9685822,5.269882,5.269882,True,True,True
1607751,63779589490776,-13.58195,2.591255,-0.06410903,-0.07143646,0.8965889,0.04347573,-0.4348967,0.006358719,0.001982132,-0.02315175,0.1683044,-0.1934967,0.9665527,0.03021129,0.001490448,-0.02186226,0.03021129,0.001490448,-0.02186226,0.1587982,-0.1920776,0.9684448,0.1587982,-0.1920776,0.9684448,5.271439,5.271439,True,True,True
1607760,63779589490776,-13.58195,2.591255,-0.06410903,-0.07143646,0.8965889,0.04347573,-0.4348967,0.006396408,0.001981079,-0.02314937,0.1678009,-0.1934814,0.9666443,0.03021128,0.00148999,-0.02186157,0.03021128,0.00148999,-0.02186157,0.1587982,-0.1920013,0.9684448,0.1587982,-0.1920013,0.9684448,5.271606,5.271606,True,True,True
1607768,63779589490788,-13.5819,2.591247,-0.06410277,-0.0714266,0.8966181,0.04339249,-0.4348462,0.006546509,0.001976776,-0.02314113,0.1673737,-0.1932526,0.9667511,0.03020975,0.001489441,-0.02186148,0.03020975,0.001489441,-0.02186148,0.1583862,-0.1919098,0.9685364,0.1583862,-0.1919098,0.9685364,5.271423,5.271423,True,True,True
1607776,63779589490799,-13.58189,2.591223,-0.06415766,-0.07133094,0.8966147,0.0434332,-0.434865,0.006613251,0.001974686,-0.02313748,0.1673889,-0.1933899,0.9667358,0.03020905,0.001488388,-0.02186148,0.03020905,0.001488388,-0.02186148,0.1588898,-0.1916199,0.9685059,0.1588898,-0.1916199,0.9685059,5.271881,5.271881,True,True,True
1607785,63779589490810,-13.5819,2.591228,-0.06416994,-0.07130207,0.8966307,0.04338954,-0.4348411,0.006717942,0.001971954,-0.02313174,0.1674347,-0.1934814,0.9667053,0.03020731,0.001488388,-0.02186148,0.03020731,0.001488388,-0.02186148,0.1592255,-0.1920319,0.9683838,0.1592255,-0.1920319,0.9683838,5.274643,5.274643,True,True,True
1607793,63779589490810,-13.5819,2.591228,-0.06416994,-0.07130207,0.8966307,0.04338954,-0.4348411,0.006868638,0.001968506,-0.02312355,0.16716,-0.1934357,0.9667511,0.03020606,0.001488388,-0.02186148,0.03020606,0.001488388,-0.02186148,0.158905,-0.1920319,0.9684296,0.158905,-0.1920319,0.9684296,5.276352,5.276352,True,True,True
1607801,63779589490821,-13.58187,2.591232,-0.06419808,-0.07122681,0.8966468,0.04341309,-0.4348178,0.007091721,0.00196341,-0.02311147,0.16745,-0.1936951,0.9666595,0.03020603,0.001488388,-0.02186148,0.03020603,0.001488388,-0.02186148,0.1596222,-0.1920166,0.9683075,0.1596222,-0.1920166,0.9683075,5.277817,5.277817,True,True,True
1607810,63779589490833,-13.58185,2.591237,-0.0642072,-0.07126442,0.8966292,0.04341611,-0.4348476,0.007398865,0.001956741,-0.02309468,0.1670532,-0.1952972,0.9664001,0.03020436,0.001488373,-0.02186148,0.03020436,0.001488373,-0.02186148,0.1591949,-0.1947937,0.9678345,0.1591949,-0.1947937,0.9678345,5.280396,5.280396,True,True,True
1607818,63779589490833,-13.58185,2.591237,-0.0642072,-0.07126442,0.8966292,0.04341611,-0.4348476,0.008107056,0.001942047,-0.02305629,0.166687,-0.1953278,0.9664612,0.0302032,0.001488373,-0.02186148,0.0302032,0.001488373,-0.02186148,0.1590118,-0.1948853,0.9678345,0.1590118,-0.1948853,0.9678345,5.296921,5.296921,True,True,True
1607826,63779589490845,-13.58192,2.591246,-0.06421942,-0.07117613,0.896638,0.04334338,-0.4348513,0.008092987,0.00194133,-0.0230558,0.1668396,-0.1953125,0.9664307,0.03020276,0.001487488,-0.02185948,0.03020276,0.001487488,-0.02185948,0.158905,-0.1950531,0.9678192,0.158905,-0.1950531,0.9678192,5.296936,5.296936,True,True,True
1607835,63779589490856,-13.58188,2.591243,-0.06415689,-0.07113513,0.8966537,0.04327027,-0.434833,0.008188737,0.001939255,-0.02305196,0.1663361,-0.1954498,0.9664917,0.03020276,0.001487488,-0.02186148,0.03020276,0.001487488,-0.02186148,0.1582031,-0.194931,0.9679718,0.1582031,-0.194931,0.9679718,5.297577,5.297577,True,True,True
1607843,63779589490867,-13.58187,2.591255,-0.06415361,-0.07106999,0.8966731,0.04316511,-0.4348142,0.008139557,0.001939835,-0.023056,0.1664734,-0.1952362,0.9665222,0.03020212,0.001487488,-0.02186373,0.03020212,0.001487488,-0.02186373,0.1580811,-0.1947632,0.9680176,0.1580811,-0.1947632,0.9680176,5.303925,5.303925,True,True,True
1607851,63779589490867,-13.58187,2.591255,-0.06415361,-0.07106999,0.8966731,0.04316511,-0.4348142,0.008115524,0.001940003,-0.02305823,0.1656036,-0.1952515,0.9666595,0.03020128,0.001488373,-0.02186533,0.03020128,0.001488373,-0.02186533,0.157135,-0.1946716,0.9681854,0.157135,-0.1946716,0.9681854,5.303452,5.303452,True,True,True
1607860,63779589490878,-13.58183,2.591245,-0.06414628,-0.07101198,0.8966837,0.04320969,-0.4347972,0.008161423,0.001939133,-0.02305638,0.1655426,-0.1955872,0.9665985,0.0302011,0.00148851,-0.02186653,0.0302011,0.00148851,-0.02186653,0.1570892,-0.1950226,0.9681244,0.1570892,-0.1950226,0.9681244,5.304092,5.304092,True,True,True
1607868,63779589490889,-13.58184,2.59129,-0.06410855,-0.07099637,0.8967171,0.04301024,-0.4347504,0.007463349,0.001952942,-0.02309537,0.1661072,-0.195343,0.9665527,0.03020078,0.00148877,-0.02186873,0.03020078,0.00148877,-0.02186873,0.1576996,-0.1945343,0.9681244,0.1576996,-0.1945343,0.9681244,5.30365,5.30365,True,True,True
1607876,63779589490900,-13.58179,2.59127,-0.06409377,-0.07089236,0.8967185,0.0429513,-0.4347705,0.007400284,0.001954529,-0.02309906,0.1656647,-0.1954193,0.9666138,0.03020067,0.001489594,-0.02186928,0.03020067,0.001489594,-0.02186928,0.1569824,-0.1947174,0.9682007,0.1569824,-0.1947174,0.9682007,5.305893,5.305893,True,True,True
1607885,63779589490900,-13.58179,2.59127,-0.06409377,-0.07089236,0.8967185,0.0429513,-0.4347705,0.007257004,0.00195813,-0.02311138,0.1656952,-0.1952057,0.9666595,0.03020055,0.001490769,-0.02187691,0.03020055,0.001490769,-0.02187691,0.1569366,-0.1943665,0.968277,0.1569366,-0.1943665,0.968277,5.305664,5.305664,True,True,True
1607893,63779589490911,-13.58182,2.591256,-0.0640803,-0.07092609,0.8966991,0.04297861,-0.4348024,0.007120667,0.001960999,-0.02311952,0.1661377,-0.1952057,0.9665833,0.03020013,0.001491135,-0.0218783,0.03020013,0.001491135,-0.0218783,0.157547,-0.1944275,0.9681702,0.157547,-0.1944275,0.9681702,5.307007,5.307007,True,True,True
1607901,63779589490923,-13.58184,2.591268,-0.06406403,-0.07096866,0.8967358,0.04283889,-0.4347335,0.007010117,0.001964386,-0.02312665,0.166687,-0.1960754,0.9663086,0.03020004,0.001493057,-0.02188025,0.03020004,0.001493057,-0.02188025,0.157547,-0.1952667,0.9680023,0.157547,-0.1952667,0.9680023,5.311325,5.311325,True,True,True
1607910,63779589490934,-13.58183,2.591262,-0.06412888,-0.07101993,0.8967108,0.04275875,-0.4347846,0.006760391,0.001970459,-0.02314609,0.1674042,-0.1956177,0.9662781,0.03019939,0.001494919,-0.02189034,0.03019939,0.001494919,-0.02189034,0.1585846,-0.1945496,0.9679718,0.1585846,-0.1945496,0.9679718,5.311447,5.311447,True,True,True
1607918,63779589490934,-13.58183,2.591262,-0.06412888,-0.07101993,0.8967108,0.04275875,-0.4347846,0.00664177,0.001973114,-0.02315245,0.1668091,-0.1946411,0.9665833,0.03019853,0.001495529,-0.02189038,0.03019853,0.001495529,-0.02189038,0.1583862,-0.1925507,0.9684143,0.1583862,-0.1925507,0.9684143,5.31456,5.31456,True,True,True
1607926,63779589490945,-13.58187,2.591241,-0.06414366,-0.07091512,0.8967338,0.04270393,-0.4347598,0.006548493,0.00197525,-0.02316069,0.1664886,-0.1951294,0.9665375,0.03019728,0.001497818,-0.02189591,0.03019728,0.001497818,-0.02189591,0.1577911,-0.1927795,0.9684601,0.1577911,-0.1927795,0.9684601,5.318832,5.318832,True,True,True
1607935,63779589490956,-13.58187,2.591225,-0.06416941,-0.07099751,0.8967091,0.04273229,-0.4347943,0.006365586,0.001979996,-0.02317291,0.1665955,-0.1952362,0.9664917,0.03019719,0.00149968,-0.02190013,0.03019719,0.00149968,-0.02190013,0.1580505,-0.1929321,0.9683838,0.1580505,-0.1929321,0.9683838,5.319702,5.319702,True,True,True
1607943,63779589490967,-13.58192,2.591177,-0.06423599,-0.07103279,0.8967443,0.04273438,-0.4347157,0.006231827,0.001983399,-0.02318314,0.166748,-0.193634,0.9667816,0.03019683,0.0015009,-0.0219054,0.03019683,0.0015009,-0.0219054,0.1580811,-0.1912537,0.9687195,0.1580811,-0.1912537,0.9687195,5.323471,5.323471,True,True,True
1607951,63779589490967,-13.58192,2.591177,-0.06423599,-0.07103279,0.8967443,0.04273438,-0.4347157,0.006285599,0.001982941,-0.02318091,0.1660767,-0.1931763,0.9669952,0.03019681,0.001501953,-0.02190651,0.03019681,0.001501953,-0.02190651,0.1581421,-0.1909027,0.9687805,0.1581421,-0.1909027,0.9687805,5.331314,5.331314,True,True,True
1607960,63779589490978,-13.58195,2.591168,-0.06428373,-0.07106359,0.896726,0.04290306,-0.434732,0.006245102,0.001985825,-0.02318865,0.1661224,-0.1936798,0.9668884,0.03019661,0.001505478,-0.02191603,0.03019661,0.001505478,-0.02191603,0.1582031,-0.1917419,0.9685974,0.1582031,-0.1917419,0.9685974,5.33078,5.33078,True,True,True
1607968,63779589490989,-13.582,2.591199,-0.06434125,-0.07118233,0.8967245,0.04306764,-0.4346992,0.006216736,0.00198674,-0.02319063,0.1659851,-0.195282,0.9665833,0.03019635,0.001506058,-0.0219171,0.03019635,0.001506058,-0.0219171,0.1579285,-0.1934357,0.9683075,0.1579285,-0.1934357,0.9683075,5.322357,5.322357,True,True,True
1607976,63779589491000,-13.58204,2.591209,-0.06436968,-0.0711844,0.8967153,0.04318201,-0.4347065,0.006174042,0.001988937,-0.02319751,0.1660614,-0.1952667,0.9665833,0.03019617,0.001508362,-0.02192505,0.03019617,0.001508362,-0.02192505,0.1580505,-0.1933899,0.9682922,0.1580505,-0.1933899,0.9682922,5.329697,5.329697,True,True,True
1607985,63779589491000,-13.58204,2.591209,-0.06436968,-0.0711844,0.8967153,0.04318201,-0.4347065,0.006172043,0.001989014,-0.02320009,0.1663208,-0.1947784,0.966629,0.03019571,0.001508453,-0.02193041,0.03019571,0.001508453,-0.02193041,0.1579285,-0.1924896,0.9684906,0.1579285,-0.1924896,0.9684906,5.329941,5.329941,True,True,True
1607993,63779589491011,-13.582,2.591248,-0.06432271,-0.07126568,0.8966988,0.04309073,-0.4347364,0.006085175,0.001990753,-0.02320563,0.1663361,-0.1947021,0.9666443,0.03019562,0.001508453,-0.02193205,0.03019562,0.001508453,-0.02193205,0.1578979,-0.1923828,0.9685211,0.1578979,-0.1923828,0.9685211,5.329803,5.329803,True,True,True
1608001,63779589491022,-13.58202,2.591252,-0.06433803,-0.07117428,0.8966995,0.04298283,-0.4347607,0.006264985,0.001987152,-0.02319609,0.1664276,-0.1950226,0.966568,0.03019512,0.001508453,-0.02193205,0.03019512,0.001508453,-0.02193205,0.1581573,-0.1929321,0.9683685,0.1581573,-0.1929321,0.9683685,5.331665,5.331665,True,True,True
1608010,63779589491033,-13.58203,2.591263,-0.06435883,-0.07117461,0.8966901,0.04295088,-0.434783,0.006391434,0.001984818,-0.02318903,0.1666412,-0.1944885,0.966629,0.03019512,0.001508453,-0.02193205,0.03019512,0.001508453,-0.02193205,0.1585999,-0.1929779,0.9682922,0.1585999,-0.1929779,0.9682922,5.348526,5.348526,True,True,True
1608018,63779589491033,-13.58203,2.591263,-0.06435883,-0.07117461,0.8966901,0.04295088,-0.434783,0.006616867,0.001980392,-0.02317703,0.1665802,-0.194458,0.9666595,0.03019512,0.001508453,-0.02193205,0.03019512,0.001508453,-0.02193205,0.1586304,-0.1929321,0.9682922,0.1586304,-0.1929321,0.9682922,5.352325,5.352325,True,True,True
1608026,63779589491044,-13.58193,2.591331,-0.06430441,-0.07103515,0.8967505,0.04281004,-0.4346952,0.006892701,0.001975006,-0.02316213,0.1659393,-0.1941528,0.9668274,0.03019512,0.001508453,-0.02193205,0.03019512,0.001508453,-0.02193205,0.1586304,-0.192276,0.9684296,0.1586304,-0.192276,0.9684296,5.352478,5.352478,True,True,True
1608035,63779589491056,-13.58194,2.591389,-0.06429696,-0.07093231,0.8967854,0.04270674,-0.4346501,0.007219834,0.001968704,-0.02314458,0.1662903,-0.1949463,0.9665985,0.03019512,0.001508453,-0.02193205,0.03019512,0.001508453,-0.02193205,0.1586304,-0.1929321,0.9682922,0.1586304,-0.1929321,0.9682922,5.352325,5.352325,True,True,True
1608043,63779589491067,-13.58188,2.591436,-0.06442183,-0.07082761,0.8968031,0.04259756,-0.4346414,0.00746637,0.001963715,-0.02313146,0.1661377,-0.1946106,0.9667053,0.03019512,0.001508362,-0.02193205,0.03019512,0.001508362,-0.02193205,0.1586304,-0.1929779,0.9682922,0.1586304,-0.1929779,0.9682922,5.352264,5.352264,True,True,True
1608051,63779589491067,-13.58188,2.591436,-0.06442183,-0.07082761,0.8968031,0.04259756,-0.4346414,0.007965607,0.0019534,-0.0231051,0.1659088,-0.194397,0.9667816,0.03019512,0.001507874,-0.02193205,0.03019512,0.001507874,-0.02193205,0.1586609,-0.1928101,0.9683075,0.1586609,-0.1928101,0.9683075,5.357178,5.357178,True,True,True
1608060,63779589491078,-13.58184,2.591466,-0.0644964,-0.07074235,0.8968099,0.0425343,-0.4346475,0.00798233,0.001951416,-0.02310416,0.1656952,-0.194046,0.9668884,0.03019562,0.001505219,-0.02193205,0.03019562,0.001505219,-0.02193205,0.1585693,-0.1921082,0.9684601,0.1585693,-0.1921082,0.9684601,5.357483,5.357483,True,True,True
1608068,63779589491089,-13.58184,2.591473,-0.06451643,-0.07086575,0.8968514,0.04250197,-0.4345449,0.008071488,0.001949143,-0.02309892,0.1658936,-0.1944275,0.9667816,0.0301974,0.001504395,-0.02193124,0.0301974,0.001504395,-0.02193124,0.1590729,-0.1921082,0.9683838,0.1590729,-0.1921082,0.9683838,5.360687,5.360687,True,True,True
1608076,63779589491100,-13.58192,2.591428,-0.06452274,-0.07084835,0.8968602,0.04247333,-0.4345324,0.008051743,0.001948822,-0.02309728,0.1664581,-0.1950684,0.9665527,0.03019748,0.001503265,-0.02192693,0.03019748,0.001503265,-0.02192693,0.1601715,-0.1928406,0.9680634,0.1601715,-0.1928406,0.9680634,5.360596,5.360596,True,True,True
1608085,63779589491110,-13.58194,2.59134,-0.06451726,-0.07093468,0.8969053,0.04243192,-0.4344293,0.008180405,0.001945969,-0.0230901,0.166626,-0.1952209,0.9664917,0.03019748,0.001502838,-0.02192635,0.03019748,0.001502838,-0.02192635,0.1601715,-0.1934204,0.9679413,0.1601715,-0.1934204,0.9679413,5.361359,5.361359,True,True,True
1608093,63779589491110,-13.58194,2.59134,-0.06451726,-0.07093468,0.8969053,0.04243192,-0.4344293,0.008169769,0.00194606,-0.02308962,0.166153,-0.1960907,0.9664001,0.03019748,0.00150267,-0.02192484,0.03019748,0.00150267,-0.02192484,0.1601715,-0.194809,0.9676666,0.1601715,-0.194809,0.9676666,5.36113,5.36113,True,True,True
1608101,63779589491123,-13.58199,2.591347,-0.06451583,-0.07081071,0.8969603,0.04231368,-0.4343473,0.007289689,0.001963425,-0.02313213,0.1664581,-0.1956329,0.9664307,0.03019748,0.001501785,-0.0219182,0.03019748,0.001501785,-0.0219182,0.1591187,-0.195343,0.9677277,0.1591187,-0.195343,0.9677277,5.359863,5.359863,True,True,True
1608110,63779589491134,-13.58203,2.591305,-0.06458205,-0.07081208,0.8969805,0.04222419,-0.4343143,0.007168976,0.00196553,-0.02313805,0.1665497,-0.1955719,0.9664307,0.03019837,0.001501251,-0.0219174,0.03019837,0.001501251,-0.0219174,0.1593628,-0.1952515,0.9677124,0.1593628,-0.1952515,0.9677124,5.361038,5.361038,True,True,True
1608118,63779589491134,-13.58203,2.591305,-0.06458205,-0.07081208,0.8969805,0.04222419,-0.4343143,0.007087418,0.001966767,-0.0231424,0.1673584,-0.1956329,0.9662781,0.03019837,0.001500778,-0.02191736,0.03019837,0.001500778,-0.02191736,0.1604156,-0.1954193,0.9674988,0.1604156,-0.1954193,0.9674988,5.361069,5.361069,True,True,True
1608126,63779589491144,-13.58204,2.591287,-0.06459659,-0.07073156,0.8970222,0.04211513,-0.4342516,0.007039383,0.001967346,-0.02314496,0.1673737,-0.1958618,0.9662323,0.03019837,0.001500229,-0.02191736,0.03019837,0.001500229,-0.02191736,0.1604309,-0.1950378,0.9675751,0.1604309,-0.1950378,0.9675751,5.361984,5.361984,True,True,True
1608135,63779589491156,-13.58206,2.591249,-0.06460798,-0.0707651,0.8970549,0.04200283,-0.4341897,0.007046921,0.001967178,-0.02314459,0.1670837,-0.1956329,0.9663239,0.03019837,0.001500229,-0.02191736,0.03019837,0.001500229,-0.02191736,0.1593628,-0.1946564,0.9678345,0.1593628,-0.1946564,0.9678345,5.36174,5.36174,True,True,True
1608143,63779589491167,-13.58208,2.591251,-0.06462049,-0.07071867,0.8970732,0.04186011,-0.4341731,0.007108536,0.001964874,-0.02313973,0.166687,-0.1946869,0.9665833,0.03019837,0.001498474,-0.02191469,0.03019837,0.001498474,-0.02191469,0.1589508,-0.1931305,0.9682007,0.1589508,-0.1931305,0.9682007,5.362457,5.362457,True,True,True
1608151,63779589491167,-13.58208,2.591251,-0.06462049,-0.07071867,0.8970732,0.04186011,-0.4341731,0.007197464,0.001962219,-0.02313078,0.1667175,-0.1955109,0.9664154,0.03019721,0.001497086,-0.02190758,0.03019721,0.001497086,-0.02190758,0.1586456,-0.1945648,0.9679718,0.1586456,-0.1945648,0.9679718,5.362335,5.362335,True,True,True
1608160,63779589491178,-13.58213,2.591242,-0.06458604,-0.07075211,0.8970892,0.04180966,-0.4341393,0.007056641,0.001965058,-0.02313281,0.1669769,-0.19487,0.966507,0.03019713,0.001497086,-0.02189818,0.03019713,0.001497086,-0.02189818,0.1591339,-0.1938782,0.9680176,0.1591339,-0.1938782,0.9680176,5.36795,5.36795,True,True,True
1608168,63779589491189,-13.58214,2.591252,-0.06459278,-0.07073064,0.8970717,0.04171999,-0.4341879,0.006806916,0.001969711,-0.02314517,0.167923,-0.1950836,0.9662933,0.03019713,0.001496613,-0.02189656,0.03019713,0.001496613,-0.02189656,0.1606293,-0.1938782,0.9677734,0.1606293,-0.1938782,0.9677734,5.369904,5.369904,True,True,True
1608176,63779589491200,-13.58213,2.591286,-0.06456852,-0.07070004,0.8971208,0.04151019,-0.4341114,0.001144867,0.002023529,-0.02335605,0.1618347,-0.1977997,0.9667816,0.03025723,0.001405106,-0.02171132,0.03025723,0.001405106,-0.02171132,0.1549683,-0.1993103,0.9675903,0.1549683,-0.1993103,0.9675903,5.373825,5.373825,True,True,True
1608185,63779589491200,-13.58213,2.591286,-0.06456852,-0.07070004,0.8971208,0.04151019,-0.4341114,-0.009619141,0.002209091,-0.02393864,0.1604767,-0.2093048,0.9645844,0.03029924,0.001352783,-0.02165338,0.03029924,0.001352783,-0.02165338,0.1391296,-0.2012024,0.9696045,0.1391296,-0.2012024,0.9696045,5.30806,5.30806,True,True,True
1608193,63779589491212,-13.58207,2.591269,-0.06457597,-0.07061976,0.8971784,0.04143675,-0.4340124,-0.0185024,0.002361542,-0.02444293,0.1669006,-0.2130585,0.9626617,0.03028421,0.001276276,-0.02161194,0.03028421,0.001276276,-0.02161194,0.1479187,-0.2036133,0.967804,0.1479187,-0.2036133,0.967804,5.397278,5.397278,True,True,True
1608201,63779589491223,-13.58207,2.591262,-0.06457055,-0.07056538,0.8972195,0.04136606,-0.433943,-0.02209862,0.002418091,-0.02465145,0.1644745,-0.2149811,0.9626617,0.03028671,0.001246323,-0.02161722,0.03028671,0.001246323,-0.02161722,0.1493683,-0.20047,0.9682312,0.1493683,-0.20047,0.9682312,5.436417,5.436417,True,True,True
1608210,63779589491233,-13.58206,2.591287,-0.06461179,-0.07062335,0.8972294,0.04138038,-0.4339118,-0.02425777,0.002447754,-0.02477246,0.1659241,-0.2191772,0.9614563,0.03030415,0.001207398,-0.02151793,0.03030415,0.001207398,-0.02151793,0.1384735,-0.2107391,0.9676819,0.1384735,-0.2107391,0.9676819,5.331726,5.331726,True,True,True
1608218,63779589491233,-13.58206,2.591287,-0.06461179,-0.07062335,0.8972294,0.04138038,-0.4339118,-0.02452335,0.002462631,-0.02479471,0.1610718,-0.2190857,0.9623108,0.0303066,0.001202637,-0.02150581,0.0303066,0.001202637,-0.02150581,0.1343536,-0.2138977,0.9675598,0.1343536,-0.2138977,0.9675598,5.327591,5.327591,True,True,True
1608226,63779589491244,-13.58206,2.59126,-0.064619,-0.07056795,0.8972283,0.04127279,-0.4339334,-0.02359795,0.002441177,-0.0247412,0.1639862,-0.2239227,0.9606934,0.03030522,0.001204239,-0.02151718,0.03030522,0.001204239,-0.02151718,0.1360016,-0.2100067,0.9681854,0.1360016,-0.2100067,0.9681854,5.326065,5.326065,True,True,True
1608235,63779589491256,-13.5821,2.591256,-0.06461066,-0.07073137,0.8972154,0.04120821,-0.4339396,-0.02069672,0.002374283,-0.02456839,0.165802,-0.219635,0.96138,0.03030469,0.001203949,-0.02151376,0.03030469,0.001203949,-0.02151376,0.1372375,-0.2098846,0.9680328,0.1372375,-0.2098846,0.9680328,5.329086,5.329086,True,True,True
1608243,63779589491267,-13.58214,2.591175,-0.06457156,-0.07072534,0.8972343,0.04124722,-0.4338979,-0.0151391,0.002246674,-0.02423616,0.1610413,-0.2214203,0.9617767,0.03030522,0.001204239,-0.02151097,0.03030522,0.001204239,-0.02151097,0.1360474,-0.2097931,0.9682159,0.1360474,-0.2097931,0.9682159,5.331757,5.331757,True,True,True
1608251,63779589491278,-13.58216,2.591156,-0.06455857,-0.07077554,0.8972269,0.04124139,-0.4339055,-0.006697022,0.002052796,-0.02373079,0.1576691,-0.2185669,0.9629974,0.03030474,0.001203949,-0.02151067,0.03030474,0.001203949,-0.02151067,0.137619,-0.2099152,0.9679718,0.137619,-0.2099152,0.9679718,5.375687,5.375687,True,True,True
1608260,63779589491278,-13.58216,2.591156,-0.06455857,-0.07077554,0.8972269,0.04124139,-0.4339055,-0.001414352,0.001931107,-0.0234138,0.1553802,-0.2177124,0.9635468,0.03030487,0.001203674,-0.02151035,0.03030487,0.001203674,-0.02151035,0.1393127,-0.2100677,0.9676971,0.1393127,-0.2100677,0.9676971,5.413391,5.413391,True,True,True
1608268,63779589491288,-13.5822,2.591169,-0.06450331,-0.07084996,0.8971729,0.04124074,-0.4340051,0.00268779,0.001837036,-0.02316789,0.1537781,-0.2168732,0.9640045,0.03030506,0.001203949,-0.02151067,0.03030506,0.001203949,-0.02151067,0.1405029,-0.2110291,0.9673157,0.1405029,-0.2110291,0.9673157,5.416672,5.416672,True,True,True
1608276,63779589491300,-13.58222,2.591168,-0.06448179,-0.07078918,0.8971638,0.0411972,-0.4340378,0.0055486,0.00177182,-0.02299637,0.1517487,-0.2163239,0.964447,0.03030522,0.001204239,-0.02151097,0.03030522,0.001204239,-0.02151097,0.1403351,-0.2120056,0.9671326,0.1403351,-0.2120056,0.9671326,5.413132,5.413132,True,True,True
1608285,63779589491300,-13.58222,2.591168,-0.06448179,-0.07078918,0.8971638,0.0411972,-0.4340378,0.007700135,0.0017229,-0.02286801,0.1516113,-0.2159271,0.9645538,0.03030531,0.001205017,-0.02151213,0.03030531,0.001205017,-0.02151213,0.1410217,-0.2111511,0.9672089,0.1410217,-0.2111511,0.9672089,5.416626,5.416626,True,True,True
1608293,63779589491311,-13.58224,2.591184,-0.06448126,-0.07068906,0.8971817,0.04117008,-0.4340197,0.007627213,0.001725052,-0.02287312,0.1519012,-0.2157135,0.9645538,0.03030541,0.001205795,-0.02151328,0.03030541,0.001205795,-0.02151328,0.1416779,-0.2103119,0.9673004,0.1416779,-0.2103119,0.9673004,5.413483,5.413483,True,True,True
1608301,63779589491322,-13.58226,2.591185,-0.06449795,-0.07066009,0.8971673,0.04109386,-0.4340613,0.007669526,0.001724594,-0.02287164,0.1515045,-0.2159424,0.9645691,0.03030608,0.001206589,-0.02151497,0.03030608,0.001206589,-0.02151497,0.1410065,-0.2102814,0.9674072,0.1410065,-0.2102814,0.9674072,5.389526,5.389526,True,True,True
1608310,63779589491333,-13.58227,2.591216,-0.06447738,-0.07052732,0.8971488,0.04105452,-0.4341249,0.00766269,0.001725235,-0.02287309,0.1511688,-0.2158813,0.9646301,0.03030673,0.001207398,-0.02151666,0.03030673,0.001207398,-0.02151666,0.140564,-0.2106018,0.9674072,0.140564,-0.2106018,0.9674072,5.393005,5.393005,True,True,True
1608318,63779589491333,-13.58227,2.591216,-0.06447738,-0.07052732,0.8971488,0.04105452,-0.4341249,0.007584778,0.00172731,-0.02287791,0.151535,-0.2156677,0.9646301,0.03030712,0.001207916,-0.02151692,0.03030712,0.001207916,-0.02151692,0.1413879,-0.2106781,0.9672699,0.1413879,-0.2106781,0.9672699,5.403214,5.403214,True,True,True
1608326,63779589491345,-13.58222,2.591212,-0.06441903,-0.07052413,0.8971376,0.04099293,-0.4341544,0.007556519,0.00172821,-0.02287978,0.1519165,-0.2159882,0.9644928,0.03030751,0.001208435,-0.02151718,0.03030751,0.001208435,-0.02151718,0.1421814,-0.2107544,0.9671326,0.1421814,-0.2107544,0.9671326,5.407806,5.407806,True,True,True
1608335,63779589491355,-13.58222,2.591205,-0.06440389,-0.07044726,0.8971292,0.04102815,-0.4341809,0.007536835,0.00172963,-0.02288097,0.1520233,-0.2165375,0.9643555,0.03030783,0.001210144,-0.02151718,0.03030783,0.001210144,-0.02151718,0.1422577,-0.2112274,0.9670258,0.1422577,-0.2112274,0.9670258,5.407761,5.407761,True,True,True
1608343,63779589491367,-13.58226,2.591243,-0.0644123,-0.07038848,0.8971577,0.04089078,-0.4341446,0.007528076,0.001730545,-0.02288324,0.1520844,-0.2168884,0.9642639,0.03030783,0.001211563,-0.02152004,0.03030783,0.001211563,-0.02152004,0.1422577,-0.2113953,0.96698,0.1422577,-0.2113953,0.96698,5.407623,5.407623,True,True,True
1608351,63779589491367,-13.58226,2.591243,-0.0644123,-0.07038848,0.8971577,0.04089078,-0.4341446,0.007511765,0.001734558,-0.02288617,0.1531982,-0.2177734,0.9638977,0.03030805,0.001217804,-0.02152319,0.03030805,0.001217804,-0.02152319,0.1442871,-0.2128754,0.9663544,0.1442871,-0.2128754,0.9663544,5.407608,5.407608,True,True,True
1608360,63779589491378,-13.5822,2.591267,-0.06441617,-0.07035764,0.8971967,0.04093782,-0.4340646,0.007471863,0.001735764,-0.02288966,0.1532593,-0.2179108,0.9638519,0.03030846,0.00121843,-0.02152495,0.03030846,0.00121843,-0.02152495,0.1443939,-0.2129059,0.9663391,0.1443939,-0.2129059,0.9663391,5.407288,5.407288,True,True,True
1608368,63779589491389,-13.5822,2.591314,-0.06440622,-0.0703355,0.8972132,0.04096084,-0.4340318,0.007420487,0.001737335,-0.02289282,0.1532135,-0.2180939,0.9638214,0.03030853,0.001219498,-0.02152495,0.03030853,0.001219498,-0.02152495,0.1443024,-0.2132874,0.9662628,0.1443024,-0.2132874,0.9662628,5.393051,5.393051,True,True,True
1608376,63779589491400,-13.58219,2.591318,-0.06442165,-0.07036474,0.8972095,0.04098351,-0.4340326,0.007398956,0.001738159,-0.02289528,0.1522827,-0.2185059,0.9638672,0.03030919,0.001220551,-0.02152661,0.03030919,0.001220551,-0.02152661,0.1430664,-0.2134552,0.9664154,0.1430664,-0.2134552,0.9664154,5.366714,5.366714,True,True,True
1608385,63779589491400,-13.58219,2.591318,-0.06442165,-0.07036474,0.8972095,0.04098351,-0.4340326,0.007387238,0.001740524,-0.02289633,0.1525269,-0.2191467,0.9636841,0.03030974,0.001224365,-0.02152718,0.03030974,0.001224365,-0.02152718,0.1432037,-0.214447,0.9661713,0.1432037,-0.214447,0.9661713,5.366638,5.366638,True,True,True
1608393,63779589491411,-13.58219,2.591345,-0.0644294,-0.07036468,0.8972347,0.04098514,-0.4339803,0.007408661,0.00173999,-0.02289517,0.1525726,-0.2191315,0.9636841,0.03031001,0.001225006,-0.02152736,0.03031001,0.001225006,-0.02152736,0.14328,-0.2145691,0.9661255,0.14328,-0.2145691,0.9661255,5.366699,5.366699,True,True,True
1608401,63779589491422,-13.58218,2.591319,-0.06444955,-0.07037321,0.897226,0.04115191,-0.4339812,0.007457596,0.001738937,-0.02289311,0.1536255,-0.2189331,0.963562,0.03031023,0.001225678,-0.02152857,0.03031023,0.001225678,-0.02152857,0.1446991,-0.2144165,0.9659576,0.1446991,-0.2144165,0.9659576,5.389542,5.389542,True,True,True
1608410,63779589491433,-13.58219,2.591374,-0.06444389,-0.07033572,0.8973007,0.04113894,-0.4338341,0.00752266,0.001737335,-0.0228904,0.1533661,-0.218811,0.963623,0.03031023,0.001225678,-0.02153046,0.03031023,0.001225678,-0.02153046,0.1443634,-0.214325,0.9660187,0.1443634,-0.214325,0.9660187,5.38916,5.38916,True,True,True
1608418,63779589491433,-13.58219,2.591374,-0.06444389,-0.07033572,0.8973007,0.04113894,-0.4338341,0.007605912,0.001735535,-0.02288426,0.1531372,-0.2189789,0.963623,0.03031023,0.001226151,-0.02152857,0.03031023,0.001226151,-0.02152857,0.1435089,-0.2145538,0.966095,0.1435089,-0.2145538,0.966095,5.389206,5.389206,True,True,True
1608426,63779589491444,-13.58218,2.591379,-0.06445676,-0.07031249,0.8972865,0.04128093,-0.4338537,0.007659302,0.001735245,-0.02288229,0.1541138,-0.2190552,0.9634552,0.03031023,0.001227646,-0.02153046,0.03031023,0.001227646,-0.02153046,0.1434937,-0.2148132,0.9660492,0.1434937,-0.2148132,0.9660492,5.388977,5.388977,True,True,True
1608435,63779589491456,-13.58216,2.591416,-0.06445438,-0.07034706,0.8973485,0.04127729,-0.4337203,0.007697159,0.00173439,-0.02287895,0.1539612,-0.219696,0.9633331,0.03031023,0.001227646,-0.02152857,0.03031023,0.001227646,-0.02152857,0.1433258,-0.2150421,0.9660187,0.1433258,-0.2150421,0.9660187,5.366699,5.366699,True,True,True
1608443,63779589491467,-13.58215,2.591401,-0.06447607,-0.07040928,0.8973563,0.04143226,-0.4336792,0.007708115,0.001734604,-0.02287952,0.1536713,-0.2192078,0.9634857,0.03031001,0.001228455,-0.02153046,0.03031001,0.001228455,-0.02153046,0.1421509,-0.2141876,0.9663849,0.1421509,-0.2141876,0.9663849,5.365173,5.365173,True,True,True
1608451,63779589491467,-13.58215,2.591401,-0.06447607,-0.07040928,0.8973563,0.04143226,-0.4336792,0.007728836,0.001734192,-0.02287834,0.1532898,-0.2192841,0.9635315,0.03031001,0.001228607,-0.02153046,0.03031001,0.001228607,-0.02153046,0.141449,-0.2143097,0.9664612,0.141449,-0.2143097,0.9664612,5.36496,5.36496,True,True,True
1608460,63779589491478,-13.58221,2.591441,-0.06445295,-0.07042553,0.8973764,0.04144248,-0.433634,0.007739426,0.001733978,-0.02287782,0.1538696,-0.2196503,0.9633636,0.03030928,0.001228653,-0.02153061,0.03030928,0.001228653,-0.02153061,0.1419525,-0.2149506,0.9662476,0.1419525,-0.2149506,0.9662476,5.365036,5.365036,True,True,True
1608468,63779589491489,-13.58222,2.591444,-0.06446588,-0.07047788,0.8974143,0.04139896,-0.433551,0.00774289,0.001733887,-0.02287875,0.1534882,-0.2197723,0.9633942,0.03030919,0.001228684,-0.02153238,0.03030919,0.001228684,-0.02153238,0.1419525,-0.2144775,0.9663544,0.1419525,-0.2144775,0.9663544,5.36647,5.36647,True,True,True
1608476,63779589491500,-13.58222,2.591435,-0.06447446,-0.07043036,0.897413,0.04153542,-0.4335485,0.007999512,0.001728134,-0.02286389,0.153183,-0.2197113,0.9634552,0.0303089,0.001228684,-0.02153238,0.0303089,0.001228684,-0.02153238,0.1417236,-0.2144775,0.9663849,0.1417236,-0.2144775,0.9663849,5.366302,5.366302,True,True,True
1608485,63779589491500,-13.58222,2.591435,-0.06447446,-0.07047648,0.8974321,0.04150849,-0.4335041,0.008038544,0.001727783,-0.02286208,0.1530151,-0.220047,0.9633942,0.03030864,0.001229553,-0.02153253,0.03030864,0.001229553,-0.02153253,0.1416473,-0.2151031,0.9662476,0.1416473,-0.2151031,0.9662476,5.364899,5.364899,True,True,True
1608493,63779589491511,-13.58216,2.591465,-0.0644424,-0.07047648,0.8974321,0.04150849,-0.4335041,0.008011688,0.001728363,-0.02286421,0.1530762,-0.2197266,0.9634705,0.03030684,0.001229553,-0.02153313,0.03030684,0.001229553,-0.02153313,0.1411591,-0.2146454,0.9664307,0.1411591,-0.2146454,0.9664307,5.364761,5.364761,True,True,True
1608501,63779589491522,-13.58212,2.591525,-0.06438023,-0.07051034,0.8974796,0.04148852,-0.433402,0.008020035,0.001728287,-0.02286441,0.1529999,-0.2201385,0.9633789,0.03030669,0.001229767,-0.02153384,0.03030669,0.001229767,-0.02153384,0.1413727,-0.2145996,0.9664001,0.1413727,-0.2145996,0.9664001,5.378418,5.378418,True,True,True
1608510,63779589491533,-13.58212,2.591533,-0.06437784,-0.07051935,0.8975226,0.04149859,-0.4333106,0.008042908,0.001727798,-0.02286374,0.1530151,-0.2201691,0.9633789,0.03030644,0.001229767,-0.02153497,0.03030644,0.001229767,-0.02153497,0.1412964,-0.2145386,0.9664307,0.1412964,-0.2145386,0.9664307,5.378357,5.378357,True,True,True
1608518,63779589491533,-13.58212,2.591533,-0.06437784,-0.07051935,0.8975226,0.04149859,-0.4333106,0.008050309,0.001727615,-0.02286646,0.1525269,-0.2198944,0.9635162,0.03030612,0.001229767,-0.0215401,0.03030612,0.001229767,-0.0215401,0.1411591,-0.2142334,0.9665222,0.1411591,-0.2142334,0.9665222,5.371536,5.371536,True,True,True
1608526,63779589491544,-13.58216,2.591521,-0.0643757,-0.07047357,0.8975251,0.04156313,-0.4333067,0.008018753,0.001728348,-0.02286836,0.15242,-0.2201538,0.9634705,0.03030548,0.001229767,-0.02154019,0.03030548,0.001229767,-0.02154019,0.140976,-0.2146149,0.9664612,0.140976,-0.2146149,0.9664612,5.371429,5.371429,True,True,True
1608535,63779589491556,-13.58218,2.591484,-0.06434196,-0.07044805,0.8975592,0.04157323,-0.4332392,0.008076264,0.00172702,-0.02286531,0.152298,-0.2210541,0.9632874,0.03030545,0.001229767,-0.0215406,0.03030545,0.001229767,-0.0215406,0.1409149,-0.216095,0.9661407,0.1409149,-0.216095,0.9661407,5.363983,5.363983,True,True,True
1608543,63779589491567,-13.58222,2.591504,-0.06432867,-0.07047856,0.8975504,0.04149127,-0.4332603,0.007495163,0.001740173,-0.02290146,0.1525726,-0.2210999,0.9632263,0.03030486,0.001230057,-0.02154321,0.03030486,0.001230057,-0.02154321,0.1410065,-0.2159729,0.966156,0.1410065,-0.2159729,0.966156,5.37085,5.37085,True,True,True
1608551,63779589491567,-13.58222,2.591504,-0.06432867,-0.07047856,0.8975504,0.04149127,-0.4332603,0.007387009,0.00174289,-0.02290894,0.1529083,-0.2217102,0.9630432,0.03030396,0.001230606,-0.02154495,0.03030396,0.001230606,-0.02154495,0.1408539,-0.2159882,0.9661713,0.1408539,-0.2159882,0.9661713,5.377609,5.377609,True,True,True
1608560,63779589491577,-13.58227,2.591465,-0.06432223,-0.0704472,0.8975939,0.04142393,-0.4331817,0.00732692,0.001744278,-0.02291379,0.1549835,-0.2217865,0.9626923,0.03030333,0.001230698,-0.02154711,0.03030333,0.001230698,-0.02154711,0.1443787,-0.216095,0.9656219,0.1443787,-0.216095,0.9656219,5.378204,5.378204,True,True,True
1608568,63779589491589,-13.58228,2.591452,-0.06432217,-0.07048537,0.8975647,0.04145645,-0.4332328,0.007302689,0.001745102,-0.02291689,0.1547546,-0.221817,0.9627228,0.0303026,0.001231277,-0.0215499,0.0303026,0.001231277,-0.0215499,0.1441803,-0.2161255,0.9656525,0.1441803,-0.2161255,0.9656525,5.377853,5.377853,True,True,True
1608576,63779589491600,-13.58228,2.591412,-0.06432748,-0.07047094,0.8975605,0.04147164,-0.4332425,0.007248886,0.001746399,-0.02292123,0.1547852,-0.2220459,0.9626617,0.03030182,0.001231506,-0.02155174,0.03030182,0.001231506,-0.02155174,0.1442261,-0.2160187,0.9656677,0.1442261,-0.2160187,0.9656677,5.379837,5.379837,True,True,True
1608585,63779589491600,-13.58228,2.591412,-0.06432748,-0.07047094,0.8975605,0.04147164,-0.4332425,0.007239609,0.001746491,-0.02292241,0.1547699,-0.2220917,0.9626465,0.03030135,0.001231506,-0.02155293,0.03030135,0.001231506,-0.02155293,0.1441956,-0.2161407,0.9656525,0.1441956,-0.2161407,0.9656525,5.379654,5.379654,True,True,True
1608593,63779589491611,-13.58227,2.591485,-0.0643689,-0.07043044,0.8975581,0.0414343,-0.4332577,0.007249909,0.001746246,-0.02292244,0.1554108,-0.2222443,0.9625092,0.03030042,0.001231583,-0.02155393,0.03030042,0.001231583,-0.02155393,0.1444244,-0.2160492,0.9656372,0.1444244,-0.2160492,0.9656372,5.379868,5.379868,True,True,True
1608601,63779589491622,-13.58226,2.591499,-0.06431913,-0.07041772,0.8975612,0.04131589,-0.4332645,0.007230408,0.001747101,-0.02292471,0.1554108,-0.2222748,0.9625092,0.03030039,0.001232285,-0.02155565,0.03030039,0.001232285,-0.02155565,0.1444092,-0.2161255,0.9656219,0.1444092,-0.2161255,0.9656219,5.379684,5.379684,True,True,True
1608610,63779589491632,-13.58223,2.591523,-0.06429821,-0.07042656,0.89755,0.04120201,-0.4332972,0.007234665,0.001747528,-0.02292697,0.1567383,-0.2224731,0.9622498,0.03030019,0.001233246,-0.02155966,0.03030019,0.001233246,-0.02155966,0.1445465,-0.2161102,0.9655914,0.1445465,-0.2161102,0.9655914,5.383255,5.383255,True,True,True
1608618,63779589491632,-13.58223,2.591523,-0.06429821,-0.07042656,0.89755,0.04120201,-0.4332972,0.007248078,0.001747864,-0.02292749,0.1554108,-0.223587,0.962204,0.03029727,0.00123439,-0.02156204,0.03029727,0.00123439,-0.02156204,0.1437225,-0.2183838,0.96521,0.1437225,-0.2183838,0.96521,5.378632,5.378632,True,True,True
1608626,63779589491644,-13.58225,2.59152,-0.06426531,-0.0703493,0.8975806,0.04120567,-0.433246,0.007146942,0.001751358,-0.02293749,0.1554413,-0.2235718,0.962204,0.03029723,0.00123645,-0.0215687,0.03029723,0.00123645,-0.0215687,0.143692,-0.2184296,0.96521,0.143692,-0.2184296,0.96521,5.376694,5.376694,True,True,True
1608635,63779589491656,-13.58229,2.591549,-0.06425327,-0.07028836,0.8975393,0.04111371,-0.4333501,0.007031586,0.001754669,-0.02294481,0.155365,-0.2223358,0.9625092,0.03029645,0.001237793,-0.02156958,0.03029645,0.001237793,-0.02156958,0.1438751,-0.2166138,0.9655914,0.1438751,-0.2166138,0.9655914,5.377502,5.377502,True,True,True
1608643,63779589491666,-13.58231,2.591567,-0.06422639,-0.07028911,0.8975462,0.04098473,-0.4333481,0.006800492,0.001761749,-0.02296553,0.1556702,-0.2236633,0.9621429,0.03029634,0.001241257,-0.0215813,0.03029634,0.001241257,-0.0215813,0.1438293,-0.2187805,0.9651031,0.1438293,-0.2187805,0.9651031,5.377914,5.377914,True,True,True
1608651,63779589491666,-13.58231,2.591567,-0.06422639,-0.07028911,0.8975462,0.04098473,-0.4333481,0.006542206,0.001768616,-0.02298277,0.1557007,-0.2236938,0.9621277,0.03029566,0.001243332,-0.0215845,0.03029566,0.001243332,-0.0215845,0.143631,-0.218811,0.9651337,0.143631,-0.218811,0.9651337,5.376099,5.376099,True,True,True
1608660,63779589491678,-13.5823,2.59155,-0.06423944,-0.07034148,0.8975393,0.04093251,-0.4333588,0.006406983,0.001771835,-0.02299118,0.1557159,-0.22258,0.9623871,0.03029533,0.001243851,-0.02158518,0.03029533,0.001243851,-0.02158518,0.1435394,-0.2169952,0.9655457,0.1435394,-0.2169952,0.9655457,5.37645,5.37645,True,True,True
1608668,63779589491689,-13.58227,2.591575,-0.06423348,-0.07036616,0.8974904,0.04087105,-0.4334619,0.006364762,0.001773178,-0.02299503,0.1557159,-0.2226105,0.9623871,0.03029501,0.001244553,-0.02158655,0.03029501,0.001244553,-0.02158655,0.1434479,-0.2171173,0.9655457,0.1434479,-0.2171173,0.9655457,5.375275,5.375275,True,True,True
1608676,63779589491700,-13.58227,2.591548,-0.06426013,-0.07036444,0.8974952,0.04072942,-0.4334655,0.006396363,0.001772507,-0.02299329,0.1556549,-0.2237244,0.9621277,0.03029465,0.001244614,-0.02158675,0.03029465,0.001244614,-0.02158675,0.1433258,-0.2190399,0.9651184,0.1433258,-0.2190399,0.9651184,5.373596,5.373596,True,True,True
1608685,63779589491710,-13.58233,2.591534,-0.06425732,-0.07043312,0.8974903,0.04064551,-0.4334723,0.006578888,0.001768585,-0.02298343,0.1554565,-0.2239227,0.9621124,0.03029465,0.001244812,-0.0215882,0.03029465,0.001244812,-0.0215882,0.1431732,-0.2189941,0.9651489,0.1431732,-0.2189941,0.9651489,5.353149,5.353149,True,True,True
1608693,63779589491710,-13.58233,2.591534,-0.06425732,-0.07043312,0.8974903,0.04064551,-0.4334723,0.006875275,0.001763321,-0.02296628,0.1552277,-0.2247009,0.9619751,0.03029446,0.001246964,-0.0215882,0.03029446,0.001246964,-0.0215882,0.1431122,-0.2204132,0.9648438,0.1431122,-0.2204132,0.9648438,5.352905,5.352905,True,True,True
1608701,63779589491722,-13.58234,2.59156,-0.0642873,-0.07033927,0.8975209,0.0405004,-0.4334378,0.007181381,0.00175676,-0.02295064,0.1547394,-0.2240295,0.962204,0.03029431,0.001247238,-0.02159209,0.03029431,0.001247238,-0.02159209,0.1426239,-0.2193756,0.9651489,0.1426239,-0.2193756,0.9651489,5.352921,5.352921,True,True,True
1608710,63779589491733,-13.58234,2.591519,-0.06430131,-0.07032263,0.8975236,0.04044871,-0.4334398,0.007407151,0.001751785,-0.02293762,0.1545563,-0.2228699,0.9625092,0.03029431,0.001247254,-0.02159248,0.03029431,0.001247254,-0.02159248,0.1425018,-0.2174683,0.9655914,0.1425018,-0.2174683,0.9655914,5.337463,5.337463,True,True,True
1608718,63779589491733,-13.58242,2.591489,-0.06430066,-0.0703392,0.8975521,0.04038007,-0.4333845,0.007559204,0.001750565,-0.02292908,0.1539459,-0.2245178,0.9622192,0.03029424,0.001250748,-0.02159313,0.03029424,0.001250748,-0.02159313,0.1424713,-0.2202759,0.9649658,0.1424713,-0.2202759,0.9649658,5.336807,5.336807,True,True,True
1608726,63779589491744,-13.58242,2.591489,-0.06430066,-0.0703392,0.8975521,0.04038007,-0.4333845,0.007537949,0.001751419,-0.02293045,0.1551514,-0.2245789,0.9620209,0.03029422,0.001251389,-0.02159334,0.03029422,0.001251389,-0.02159334,0.1445313,-0.2203674,0.9646454,0.1445313,-0.2203674,0.9646454,5.352966,5.352966,True,True,True
1608735,63779589491755,-13.58244,2.591525,-0.06433308,-0.070406,0.8975232,0.04051003,-0.4334212,0.00746994,0.001753418,-0.02293688,0.1550903,-0.2228394,0.9624329,0.03029419,0.001252213,-0.02159738,0.03029419,0.001252213,-0.02159738,0.1445313,-0.2174377,0.9653015,0.1445313,-0.2174377,0.9653015,5.353409,5.353409,True,True,True
1608743,63779589491767,-13.58248,2.591568,-0.0643397,-0.07044487,0.897504,0.04060389,-0.433446,0.007450516,0.001754303,-0.02293802,0.1552429,-0.2226715,0.9624481,0.03029372,0.001252976,-0.02159738,0.03029372,0.001252976,-0.02159738,0.1454926,-0.2175446,0.9651337,0.1454926,-0.2175446,0.9651337,5.353638,5.353638,True,True,True
1608751,63779589491777,-13.58252,2.591558,-0.06427151,-0.07054874,0.8974512,0.04085343,-0.4335148,0.007460816,0.001754105,-0.02293772,0.1547394,-0.2243042,0.9621429,0.03029367,0.001253021,-0.02159807,0.03029367,0.001253021,-0.02159807,0.1454773,-0.2190552,0.964798,0.1454773,-0.2190552,0.964798,5.353119,5.353119,True,True,True
1608760,63779589491777,-13.58252,2.591558,-0.06427151,-0.07054874,0.8974512,0.04085343,-0.4335148,0.007442597,0.001755249,-0.02293942,0.1548004,-0.2246094,0.9620667,0.03029357,0.001254242,-0.02159909,0.03029357,0.001254242,-0.02159909,0.1454315,-0.2193451,0.9647369,0.1454315,-0.2193451,0.9647369,5.352936,5.352936,True,True,True
1608768,63779589491788,-13.58254,2.591558,-0.06427073,-0.07077551,0.8973899,0.04094756,-0.4335958,0.00740387,0.001756714,-0.0229435,0.1548004,-0.2238464,0.9622498,0.0302934,0.001255264,-0.02160208,0.0302934,0.001255264,-0.02160208,0.1453857,-0.2178192,0.9650879,0.1453857,-0.2178192,0.9650879,5.3535,5.3535,True,True,True
1608776,63779589491800,-13.58258,2.591563,-0.06422848,-0.07092724,0.8973611,0.04100631,-0.4336253,0.007427033,0.001756775,-0.02294348,0.154892,-0.2227783,0.9624786,0.0302934,0.00125621,-0.02160445,0.0302934,0.00125621,-0.02160445,0.1455536,-0.2159882,0.9654846,0.1455536,-0.2159882,0.9654846,5.374176,5.374176,True,True,True
1608785,63779589491800,-13.58258,2.591563,-0.06422848,-0.07092724,0.8973611,0.04100631,-0.4336253,0.007297638,0.001760941,-0.02295546,0.1545563,-0.223999,0.9622498,0.0302934,0.001258408,-0.02161177,0.0302934,0.001258408,-0.02161177,0.1455383,-0.217926,0.9650421,0.1455383,-0.217926,0.9650421,5.37352,5.37352,True,True,True
1608793,63779589491811,-13.58259,2.591574,-0.06423801,-0.07090598,0.8973665,0.04095825,-0.4336223,0.007163559,0.001763687,-0.02296323,0.1546173,-0.2240906,0.9622192,0.03029346,0.001258408,-0.02161177,0.03029346,0.001258408,-0.02161177,0.1455536,-0.2181244,0.9649963,0.1455536,-0.2181244,0.9649963,5.37323,5.37323,True,True,True
1608801,63779589491821,-13.58261,2.591602,-0.06422305,-0.07081834,0.8973902,0.04089552,-0.4335933,0.007104416,0.001764771,-0.02296668,0.1539764,-0.223877,0.9623718,0.03029346,0.001258408,-0.02161177,0.03029346,0.001258408,-0.02161177,0.1444702,-0.2180634,0.9651794,0.1444702,-0.2180634,0.9651794,5.337051,5.337051,True,True,True
1608810,63779589491832,-13.58262,2.591655,-0.06422275,-0.07073002,0.8974163,0.04072489,-0.4335698,0.007110489,0.001764374,-0.02296619,0.1540222,-0.2220001,0.9627991,0.03029346,0.001258408,-0.02161177,0.03029346,0.001258408,-0.02161177,0.1445313,-0.21521,0.9658051,0.1445313,-0.21521,0.9658051,5.345749,5.345749,True,True,True
1608818,63779589491832,-13.58262,2.591655,-0.06422275,-0.07073002,0.8974163,0.04072489,-0.4335698,0.007112382,0.001764175,-0.022966,0.1545105,-0.2218628,0.9627533,0.03029346,0.001258408,-0.02161177,0.03029346,0.001258408,-0.02161177,0.14534,-0.2151947,0.965683,0.14534,-0.2151947,0.965683,5.346085,5.346085,True,True,True
1608826,63779589491844,-13.58259,2.591653,-0.06422842,-0.07073831,0.8974393,0.04075558,-0.4335178,0.007193711,0.001762238,-0.02296124,0.1544189,-0.2217865,0.9627838,0.03029346,0.001258408,-0.02161177,0.03029346,0.001258408,-0.02161177,0.1452484,-0.2151489,0.9657135,0.1452484,-0.2151489,0.9657135,5.335037,5.335037,True,True,True
1608835,63779589491855,-13.58258,2.591653,-0.06435388,-0.07067756,0.8974748,0.04072702,-0.4334569,0.007339493,0.001758835,-0.02295273,0.1544495,-0.2233582,0.9624023,0.03029372,0.001258408,-0.02161177,0.03029372,0.001258408,-0.02161177,0.145401,-0.217926,0.9650574,0.145401,-0.217926,0.9650574,5.345535,5.345535,True,True,True
1608843,63779589491866,-13.58262,2.591671,-0.06435496,-0.07076225,0.8975087,0.04066742,-0.4333785,0.007530579,0.001754364,-0.02294165,0.1546631,-0.2217102,0.9627533,0.03029595,0.001258408,-0.02161177,0.03029595,0.001258408,-0.02161177,0.1458588,-0.2154236,0.9655609,0.1458588,-0.2154236,0.9655609,5.328232,5.328232,True,True,True
1608851,63779589491866,-13.58262,2.591671,-0.06435496,-0.07076225,0.8975087,0.04066742,-0.4333785,0.007613816,0.001748001,-0.02293347,0.1535492,-0.2208099,0.96315,0.0302964,0.001251724,-0.0216064,0.0302964,0.001251724,-0.0216064,0.1450348,-0.2140808,0.9659729,0.1450348,-0.2140808,0.9659729,5.305679,5.305679,True,True,True
1608860,63779589491878,-13.58266,2.591645,-0.0643757,-0.07073119,0.8975337,0.0407892,-0.4333205,0.007594666,0.001748093,-0.02293305,0.154129,-0.2207184,0.9630737,0.03029863,0.001251267,-0.02160378,0.03029863,0.001251267,-0.02160378,0.1455078,-0.2142029,0.9658813,0.1455078,-0.2142029,0.9658813,5.292328,5.292328,True,True,True
1608868,63779589491888,-13.58267,2.591608,-0.06434268,-0.07069623,0.8975171,0.04091663,-0.4333483,0.007476044,0.001749405,-0.02293997,0.1544952,-0.2205048,0.9630585,0.03029915,0.00124942,-0.02160376,0.03029915,0.00124942,-0.02160376,0.1454315,-0.2136841,0.9660034,0.1454315,-0.2136841,0.9660034,5.294952,5.294952,True,True,True
1608876,63779589491900,-13.58272,2.591635,-0.06434619,-0.07065462,0.8975501,0.0409709,-0.4332818,0.007364121,0.001751114,-0.02294525,0.15448,-0.2205048,0.9630585,0.03029945,0.001249374,-0.02160175,0.03029945,0.001249374,-0.02160175,0.1458588,-0.2138519,0.9659119,0.1458588,-0.2138519,0.9659119,5.30632,5.30632,True,True,True
1608885,63779589491900,-13.58272,2.591635,-0.06434619,-0.07065462,0.8975501,0.0409709,-0.4332818,0.007304383,0.001751999,-0.02294876,0.1542511,-0.2205811,0.963089,0.03029979,0.001248993,-0.02160175,0.03029979,0.001248993,-0.02160175,0.1456146,-0.2140045,0.9659119,0.1456146,-0.2140045,0.9659119,5.295334,5.295334,True,True,True
1608893,63779589491911,-13.58274,2.591641,-0.06437266,-0.07063179,0.897588,0.04092114,-0.4332116,0.007304825,0.00175145,-0.0229487,0.1538239,-0.2218781,0.9628601,0.03029979,0.001248993,-0.02160175,0.03029979,0.001248993,-0.02160175,0.1455841,-0.2162781,0.9654083,0.1455841,-0.2162781,0.9654083,5.291824,5.291824,True,True,True
1608901,63779589491922,-13.58273,2.591624,-0.064376,-0.07050189,0.8975959,0.04081548,-0.4332264,0.007328995,0.001750198,-0.02294602,0.1539154,-0.2216797,0.9628906,0.03029985,0.001248596,-0.02159909,0.03029985,0.001248596,-0.02159909,0.1457672,-0.2164154,0.9653473,0.1457672,-0.2164154,0.9653473,5.281631,5.281631,True,True,True
1608910,63779589491933,-13.58264,2.591622,-0.06445003,-0.07045979,0.8975528,0.04078622,-0.4333254,0.007414826,0.001747894,-0.02294098,0.1548004,-0.2202759,0.9630585,0.03030005,0.001248596,-0.02159909,0.03030005,0.001248596,-0.02159909,0.1470032,-0.2141266,0.9656677,0.1470032,-0.2141266,0.9656677,5.282394,5.282394,True,True,True
1608918,63779589491933,-13.58264,2.591622,-0.06445003,-0.07045979,0.8975528,0.04078622,-0.4333254,0.00751352,0.001745621,-0.02293521,0.154892,-0.2203217,0.9630432,0.03030005,0.001248596,-0.02159909,0.03030005,0.001248596,-0.02159909,0.1477814,-0.2140808,0.9655609,0.1477814,-0.2140808,0.9655609,5.282257,5.282257,True,True,True
1608926,63779589491944,-13.58265,2.591587,-0.06441772,-0.07043231,0.8975872,0.04068306,-0.4332684,0.007640366,0.001742844,-0.02292777,0.1551208,-0.2204895,0.9629669,0.03030048,0.001248596,-0.02159909,0.03030048,0.001248596,-0.02159909,0.1479034,-0.2140656,0.9655457,0.1479034,-0.2140656,0.9655457,5.282639,5.282639,True,True,True
1608935,63779589491955,-13.58264,2.591595,-0.06441003,-0.07041406,0.8976076,0.04059491,-0.4332373,0.007698456,0.00174144,-0.02292639,0.1552124,-0.2205353,0.9629364,0.03030048,0.001248596,-0.02160193,0.03030048,0.001248596,-0.02160193,0.1485138,-0.2138519,0.9654999,0.1485138,-0.2138519,0.9654999,5.276932,5.276932,True,True,True
1608943,63779589491967,-13.58263,2.591584,-0.0644362,-0.0705052,0.8976245,0.04040551,-0.4332052,0.00770636,0.001741409,-0.02292681,0.1553345,-0.2206573,0.9628906,0.03030048,0.001248993,-0.02160336,0.03030048,0.001248993,-0.02160336,0.1484985,-0.2138519,0.9654999,0.1484985,-0.2138519,0.9654999,5.276886,5.276886,True,True,True
1608951,63779589491967,-13.58263,2.591584,-0.0644362,-0.0705052,0.8976245,0.04040551,-0.4332052,0.007715134,0.00174083,-0.02292653,0.1559143,-0.2205505,0.9628296,0.03030048,0.001248993,-0.02160336,0.03030048,0.001248993,-0.02160336,0.1484985,-0.2138519,0.9654999,0.1484985,-0.2138519,0.9654999,5.276184,5.276184,True,True,True
1608959,63779589491978,-13.58262,2.59156,-0.06445152,-0.07039016,0.8976339,0.04030684,-0.4332135,0.00771051,0.001741348,-0.02292681,0.1546021,-0.2208252,0.9629669,0.03030048,0.001250855,-0.02160336,0.03030048,0.001250855,-0.02160336,0.1477356,-0.214447,0.9654846,0.1477356,-0.214447,0.9654846,5.261749,5.261749,True,True,True
1608968,63779589491989,-13.58269,2.591554,-0.06449217,-0.07042869,0.8976592,0.04010151,-0.4331737,0.007686295,0.001742127,-0.0229287,0.1542206,-0.2209625,0.9629974,0.03030005,0.001251267,-0.02160414,0.03030005,0.001251267,-0.02160414,0.1467896,-0.2146912,0.9655762,0.1467896,-0.2146912,0.9655762,5.256561,5.256561,True,True,True
1608976,63779589491999,-13.58268,2.591526,-0.064502,-0.07041935,0.8976607,0.03994094,-0.4331873,0.007526795,0.001746185,-0.02294426,0.1556854,-0.2210693,0.962738,0.03029978,0.001252243,-0.02161429,0.03029978,0.001252243,-0.02161429,0.1481323,-0.214798,0.9653473,0.1481323,-0.214798,0.9653473,5.256302,5.256302,True,True,True
1608984,63779589492010,-13.58274,2.591455,-0.06453538,-0.07039078,0.8977015,0.03980996,-0.4331194,0.005786301,0.001786285,-0.02304784,0.1564636,-0.2228851,0.962204,0.03029956,0.001256699,-0.0216176,0.03029956,0.001256699,-0.0216176,0.1496277,-0.2169952,0.9646301,0.1496277,-0.2169952,0.9646301,5.260757,5.260757,True,True,True
1608993,63779589492010,-13.58274,2.591455,-0.06453538,-0.07039078,0.8977015,0.03980996,-0.4331194,0.005528717,0.00179184,-0.02306389,0.1564331,-0.2221527,0.9623718,0.03029916,0.001256714,-0.02161942,0.03029916,0.001256714,-0.02161942,0.1494751,-0.2156067,0.9649658,0.1494751,-0.2156067,0.9649658,5.256256,5.256256,True,True,True
1609001,63779589492022,-13.58277,2.591408,-0.06452978,-0.07031356,0.8977335,0.03974782,-0.4330712,0.005334427,0.001797379,-0.02307669,0.1560974,-0.2229767,0.9622345,0.03029877,0.001259308,-0.02162178,0.03029877,0.001259308,-0.02162178,0.1485443,-0.2170563,0.9647827,0.1485443,-0.2170563,0.9647827,5.255478,5.255478,True,True,True
1609009,63779589492033,-13.58284,2.591418,-0.06454289,-0.07037627,0.8977397,0.03964535,-0.4330575,0.005160599,0.001801361,-0.02309088,0.1561432,-0.2221985,0.9624023,0.03029875,0.00125975,-0.02162889,0.03029875,0.00125975,-0.02162889,0.1485443,-0.2157288,0.9650726,0.1485443,-0.2157288,0.9650726,5.255447,5.255447,True,True,True
1609018,63779589492033,-13.58292,2.591395,-0.06457007,-0.07048084,0.8977281,0.03962314,-0.4330666,0.004981613,0.001807999,-0.02310805,0.1563568,-0.2225342,0.9622955,0.03029868,0.00126564,-0.02163954,0.03029868,0.00126564,-0.02163954,0.1477814,-0.2166138,0.9649963,0.1477814,-0.2166138,0.9649963,5.254883,5.254883,True,True,True
1609026,63779589492044,-13.58292,2.591395,-0.06457007,-0.07048084,0.8977281,0.03962314,-0.4330666,0.004723389,0.001814087,-0.02312782,0.1556854,-0.2224426,0.9624329,0.03029799,0.001268829,-0.02164812,0.03029799,0.001268829,-0.02164812,0.1464081,-0.2168427,0.9651489,0.1464081,-0.2168427,0.9651489,5.25441,5.25441,True,True,True
1609034,63779589492055,-13.58293,2.591343,-0.06459481,-0.070499,0.8976703,0.03951111,-0.4331937,0.004394821,0.001823319,-0.02314882,0.155426,-0.2235107,0.9622192,0.03029752,0.001272858,-0.0216517,0.03029752,0.001272858,-0.0216517,0.1457062,-0.2186432,0.964859,0.1457062,-0.2186432,0.964859,5.253601,5.253601,True,True,True
1609043,63779589492067,-13.58303,2.591294,-0.06457925,-0.07068662,0.8976598,0.03939794,-0.4331953,-0.01154358,0.002183014,-0.02417774,0.1578064,-0.2243652,0.9616241,0.03025304,0.001348801,-0.02203911,0.03025304,0.001348801,-0.02203911,0.1325226,-0.2111053,0.9684296,0.1325226,-0.2111053,0.9684296,5.24295,5.24295,True,True,True
1609051,63779589492067,-13.58303,2.591294,-0.06457925,-0.07068662,0.8976598,0.03939794,-0.4331953,-0.02377823,0.002427567,-0.02480406,0.1655426,-0.2283173,0.9593964,0.03025298,0.001354233,-0.02204372,0.03025298,0.001354233,-0.02204372,0.1330872,-0.212738,0.9679871,0.1330872,-0.212738,0.9679871,5.242523,5.242523,True,True,True
1609059,63779589492077,-13.58303,2.591206,-0.06462109,-0.07063163,0.8976114,0.03928932,-0.4333141,-0.02656906,0.002483872,-0.02494936,0.1721344,-0.228653,0.9581604,0.03025298,0.001355438,-0.02204372,0.03025298,0.001355438,-0.02204372,0.1330414,-0.2130432,0.967926,0.1330414,-0.2130432,0.967926,5.237946,5.237946,True,True,True
1609068,63779589492088,-13.58306,2.591192,-0.06460667,-0.07058866,0.8975819,0.03906149,-0.4334031,-0.02718834,0.002498779,-0.0249816,0.1726379,-0.2289734,0.9579926,0.03025298,0.001355621,-0.02204469,0.03025298,0.001355621,-0.02204469,0.1330414,-0.2130127,0.9679413,0.1330414,-0.2130127,0.9679413,5.237976,5.237976,True,True,True
1609076,63779589492100,-13.58306,2.59119,-0.0646078,-0.07059409,0.8975513,0.03891336,-0.4334789,-0.02729752,0.002502121,-0.02498662,0.1722717,-0.228775,0.9580994,0.03025298,0.001355972,-0.02204469,0.03025298,0.001355972,-0.02204469,0.1331177,-0.2124939,0.9680481,0.1331177,-0.2124939,0.9680481,5.247482,5.247482,True,True,True
1609084,63779589492100,-13.58306,2.59119,-0.0646078,-0.07059409,0.8975513,0.03891336,-0.4334789,-0.02712959,0.002498795,-0.02497859,0.1722565,-0.228714,0.9581146,0.03025298,0.001355972,-0.02204469,0.03025298,0.001355972,-0.02204469,0.1336823,-0.2131042,0.9678345,0.1336823,-0.2131042,0.9678345,5.247833,5.247833,True,True,True
1609093,63779589492111,-13.58308,2.59118,-0.06460774,-0.0704758,0.8975173,0.03869134,-0.4335882,-0.02635898,0.002483444,-0.02493948,0.1717529,-0.2290192,0.9581451,0.03025298,0.001356277,-0.02204469,0.03025298,0.001356277,-0.02204469,0.1336975,-0.2131805,0.9678192,0.1336975,-0.2131805,0.9678192,5.249939,5.249939,True,True,True
1609101,63779589492122,-13.58307,2.591187,-0.06456435,-0.07044833,0.8974248,0.03851786,-0.4337996,-0.02307218,0.002418015,-0.02477142,0.1692505,-0.2277069,0.9588928,0.03025298,0.001356277,-0.02204469,0.03025298,0.001356277,-0.02204469,0.1331329,-0.2120972,0.9681244,0.1331329,-0.2120972,0.9681244,5.249878,5.249878,True,True,True
1609109,63779589492133,-13.5831,2.591149,-0.06454962,-0.07051434,0.8973833,0.03844039,-0.4338816,-0.01045952,0.002167038,-0.02412648,0.1607208,-0.2239227,0.9612579,0.03025304,0.001356277,-0.02204469,0.03025304,0.001356277,-0.02204469,0.1331482,-0.2114868,0.9682617,0.1331482,-0.2114868,0.9682617,5.250153,5.250153,True,True,True
1609118,63779589492133,-13.5831,2.591149,-0.06454962,-0.07051434,0.8973833,0.03844039,-0.4338816,0.006460999,0.001830093,-0.02326119,0.1498413,-0.2187195,0.9642029,0.03025458,0.001356277,-0.02204448,0.03025458,0.001356277,-0.02204448,0.1341248,-0.21138,0.9681396,0.1341248,-0.21138,0.9681396,5.250244,5.250244,True,True,True
1609126,63779589492144,-13.5831,2.591118,-0.06456804,-0.07059023,0.8973154,0.03835258,-0.4340175,0.007964951,0.001801834,-0.02318442,0.1485138,-0.2186127,0.9644318,0.03025478,0.001358566,-0.02204469,0.03025478,0.001358566,-0.02204469,0.1336212,-0.2119904,0.9680786,0.1336212,-0.2119904,0.9680786,5.252197,5.252197,True,True,True
1609134,63779589492156,-13.58309,2.591084,-0.0646345,-0.07048046,0.8972447,0.03817553,-0.4341972,0.007908799,0.001805191,-0.02318594,0.147522,-0.2191315,0.9644623,0.03025694,0.001358566,-0.02204469,0.03025694,0.001358566,-0.02204469,0.134201,-0.2119598,0.9680023,0.134201,-0.2119598,0.9680023,5.252396,5.252396,True,True,True
1609143,63779589492166,-13.58311,2.591065,-0.06462854,-0.07048436,0.8972406,0.03812776,-0.434209,0.006407532,0.001835968,-0.02326213,0.1477203,-0.2198181,0.9642792,0.03025742,0.001356277,-0.02204448,0.03025742,0.001356277,-0.02204448,0.1342621,-0.2113495,0.9681396,0.1342621,-0.2113495,0.9681396,5.273712,5.273712,True,True,True
1609151,63779589492177,-13.58306,2.59104,-0.06461644,-0.07045557,0.8971997,0.03814209,-0.4342971,0.007970582,0.001805191,-0.02318233,0.1465302,-0.2194214,0.9645538,0.03025972,0.001356277,-0.02204448,0.03025972,0.001356277,-0.02204448,0.1348877,-0.2113495,0.9680481,0.1348877,-0.2113495,0.9680481,5.273682,5.273682,True,True,True
1609159,63779589492177,-13.58306,2.59104,-0.06461644,-0.07045557,0.8971997,0.03814209,-0.4342971,0.008013199,0.00180632,-0.02318007,0.1464844,-0.2195892,0.9645233,0.03025996,0.001358566,-0.02204448,0.03025996,0.001358566,-0.02204448,0.1348572,-0.2119751,0.9679108,0.1348572,-0.2119751,0.9679108,5.261368,5.261368,True,True,True
1609168,63779589492189,-13.58308,2.59102,-0.06464273,-0.07046647,0.897193,0.03811819,-0.4343114,0.008032258,0.001805954,-0.02317912,0.1463165,-0.219696,0.9645233,0.03026088,0.001358566,-0.02204448,0.03026088,0.001358566,-0.02204448,0.1351013,-0.2119598,0.9678802,0.1351013,-0.2119598,0.9678802,5.26123,5.26123,True,True,True
1609176,63779589492200,-13.58302,2.591045,-0.06463218,-0.07043096,0.8971493,0.03801298,-0.4344164,0.008028367,0.001806732,-0.02317938,0.1461792,-0.2192688,0.9646454,0.030262,0.001359222,-0.02204448,0.030262,0.001359222,-0.02204448,0.1347961,-0.2114258,0.9680481,0.1347961,-0.2114258,0.9680481,5.261414,5.261414,True,True,True
1609184,63779589492200,-13.58302,2.591045,-0.06463218,-0.07043096,0.8971493,0.03801298,-0.4344164,0.007982697,0.001808243,-0.02318279,0.1471405,-0.2197571,0.964386,0.03026788,0.001359619,-0.02204643,0.03026788,0.001359619,-0.02204643,0.1363373,-0.2120667,0.9676971,0.1363373,-0.2120667,0.9676971,5.273666,5.273666,True,True,True
1609193,63779589492211,-13.583,2.591063,-0.06469744,-0.0704865,0.8971115,0.03794049,-0.4344919,-0.004347412,0.002092972,-0.02393669,0.1578979,-0.2247925,0.9615173,0.03031464,0.001447998,-0.02235487,0.03031464,0.001447998,-0.02235487,0.1482544,-0.2136993,0.9655762,0.1482544,-0.2136993,0.9655762,5.273987,5.273987,True,True,True
1609201,63779589492221,-13.583,2.591055,-0.06472552,-0.07046251,0.8970919,0.0378994,-0.4345399,-0.0182878,0.002352493,-0.02457288,0.1616669,-0.2296753,0.9597321,0.03031464,0.001447998,-0.02235487,0.03031464,0.001447998,-0.02235487,0.1478424,-0.2138672,0.9656067,0.1478424,-0.2138672,0.9656067,5.263199,5.263199,True,True,True
1609209,63779589492233,-13.58299,2.591077,-0.06474084,-0.07051439,0.8971232,0.03777644,-0.4344776,-0.02319272,0.002443878,-0.02479677,0.163147,-0.2311859,0.9591217,0.03031606,0.001449417,-0.02235552,0.03031606,0.001449417,-0.02235552,0.1483002,-0.2139893,0.9654999,0.1483002,-0.2139893,0.9654999,5.274094,5.274094,True,True,True
1609218,63779589492233,-13.58299,2.591077,-0.06474084,-0.07051439,0.8971232,0.03777644,-0.4344776,-0.02537607,0.002485046,-0.02489632,0.16362,-0.2320557,0.9588318,0.03031606,0.001449417,-0.02235552,0.03031606,0.001449417,-0.02235552,0.1451569,-0.2141113,0.9659576,0.1451569,-0.2141113,0.9659576,5.262909,5.262909,True,True,True
1609226,63779589492244,-13.58298,2.59109,-0.06477565,-0.07050186,0.8970966,0.03775268,-0.4345365,-0.02556975,0.0024888,-0.02490524,0.1640472,-0.2318115,0.9588165,0.03031745,0.001452652,-0.02235636,0.03031745,0.001452652,-0.02235636,0.1455078,-0.2148132,0.965744,0.1455078,-0.2148132,0.965744,5.262634,5.262634,True,True,True
1609234,63779589492255,-13.58297,2.591103,-0.06479782,-0.07049245,0.8971291,0.03775202,-0.4344711,-0.02512921,0.002480667,-0.02488521,0.1639252,-0.2315826,0.9588928,0.03031893,0.001453232,-0.02235727,0.03031893,0.001453232,-0.02235727,0.1448517,-0.2140656,0.9660034,0.1448517,-0.2140656,0.9660034,5.250595,5.250595,True,True,True
1609243,63779589492267,-13.58298,2.591057,-0.06477886,-0.07054745,0.8971426,0.03777159,-0.4344325,-0.02325722,0.002446243,-0.02480016,0.1627808,-0.22995,0.9594879,0.0303201,0.001456619,-0.02236076,0.0303201,0.001456619,-0.02236076,0.1451416,-0.2147675,0.9658051,0.1451416,-0.2147675,0.9658051,5.250504,5.250504,True,True,True
1609251,63779589492267,-13.58298,2.591057,-0.06477886,-0.07054745,0.8971426,0.03777159,-0.4344325,-0.01844437,0.002356842,-0.02458104,0.1614227,-0.2287598,0.9599915,0.0303201,0.001456619,-0.02236076,0.0303201,0.001456619,-0.02236076,0.1461029,-0.2147064,0.965683,0.1461029,-0.2147064,0.965683,5.250549,5.250549,True,True,True
1609259,63779589492278,-13.58296,2.591051,-0.06481075,-0.07052803,0.8971985,0.03770365,-0.4343261,-0.004540024,0.002100189,-0.02394659,0.156601,-0.2248993,0.9617004,0.03032166,0.00145665,-0.02235727,0.03032166,0.00145665,-0.02235727,0.1455688,-0.2149658,0.9656982,0.1455688,-0.2149658,0.9656982,5.250336,5.250336,True,True,True
1609268,63779589492288,-13.58297,2.591082,-0.06490254,-0.07057261,0.8972497,0.03760759,-0.4342214,0.007625382,0.00187439,-0.02339475,0.1528931,-0.220993,0.9632111,0.03032207,0.001456711,-0.02236076,0.03032207,0.001456711,-0.02236076,0.1451416,-0.2148132,0.9658051,0.1451416,-0.2148132,0.9658051,5.250244,5.250244,True,True,True
1609276,63779589492300,-13.58296,2.591075,-0.06495184,-0.07061847,0.8972585,0.03753712,-0.4342019,0.00620047,0.001896042,-0.02346198,0.1555481,-0.2197571,0.9630585,0.03032207,0.001456711,-0.02236076,0.03032207,0.001456711,-0.02236076,0.1451416,-0.2142944,0.9659119,0.1451416,-0.2142944,0.9659119,5.250458,5.250458,True,True,True
1609284,63779589492310,-13.583,2.591016,-0.06498855,-0.07067413,0.8973184,0.03746745,-0.4340751,0.006521454,0.001890198,-0.02344525,0.1546783,-0.2194366,0.9632721,0.03032207,0.001456711,-0.02235727,0.03032207,0.001456711,-0.02235727,0.1447144,-0.2140503,0.9660339,0.1447144,-0.2140503,0.9660339,5.250381,5.250381,True,True,True
1609293,63779589492310,-13.583,2.591016,-0.06498855,-0.07067413,0.8973184,0.03746745,-0.4340751,0.006636444,0.001888062,-0.02343947,0.1544952,-0.2193604,0.9633179,0.03032207,0.001456619,-0.02235637,0.03032207,0.001456619,-0.02235637,0.1447144,-0.2139282,0.9660645,0.1447144,-0.2139282,0.9660645,5.250519,5.250519,True,True,True
1609301,63779589492322,-13.58298,2.590957,-0.06496936,-0.07068891,0.8973292,0.03748132,-0.434049,0.006549302,0.001889648,-0.02344345,0.1541748,-0.2194519,0.9633484,0.03032207,0.001456619,-0.02235637,0.03032207,0.001456619,-0.02235637,0.1439972,-0.2140808,0.9661407,0.1439972,-0.2140808,0.9661407,5.261169,5.261169,True,True,True
1609309,63779589492333,-13.58297,2.590933,-0.06499761,-0.07079607,0.8973773,0.03735727,-0.433943,-0.00561818,0.00208252,-0.02388207,0.1548462,-0.2229309,0.9624481,0.03027602,0.001381958,-0.02204944,0.03027602,0.001381958,-0.02204944,0.1322632,-0.2159119,0.9674072,0.1322632,-0.2159119,0.9674072,5.270523,5.270523,True,True,True
1609318,63779589492344,-13.58296,2.590939,-0.06504202,-0.07089423,0.8973677,0.03725732,-0.4339554,-0.01821103,0.002328293,-0.02452448,0.1627808,-0.2253418,0.9605713,0.03027554,0.001381958,-0.02204611,0.03027554,0.001381958,-0.02204611,0.1321564,-0.2160187,0.967392,0.1321564,-0.2160187,0.967392,5.27063,5.27063,True,True,True
1609326,63779589492344,-13.58296,2.590939,-0.06504202,-0.07089423,0.8973677,0.03725732,-0.4339554,-0.0235968,0.002433472,-0.02479979,0.165329,-0.2263336,0.9598999,0.03027554,0.001382675,-0.02204611,0.03027554,0.001382675,-0.02204611,0.1321716,-0.2153778,0.9675293,0.1321716,-0.2153778,0.9675293,5.270981,5.270981,True,True,True
1609334,63779589492355,-13.58296,2.59091,-0.06507659,-0.07107678,0.8974066,0.03715939,-0.4338533,-0.02535828,0.002468857,-0.02488928,0.1644592,-0.2258301,0.9601746,0.03027445,0.001382675,-0.02204559,0.03027445,0.001382675,-0.02204559,0.1317749,-0.2154694,0.9675751,0.1317749,-0.2154694,0.9675751,5.265381,5.265381,True,True,True
1609343,63779589492367,-13.58295,2.590841,-0.06501424,-0.0710584,0.8973763,0.03711044,-0.4339232,-0.02579303,0.002477356,-0.0249115,0.1647186,-0.2259064,0.9601135,0.03027402,0.001383225,-0.02204559,0.03027402,0.001383225,-0.02204559,0.1317596,-0.2155304,0.9675598,0.1317596,-0.2155304,0.9675598,5.270996,5.270996,True,True,True
1609351,63779589492367,-13.58295,2.590841,-0.06501424,-0.0710584,0.8973763,0.03711044,-0.4339232,-0.02542183,0.002470184,-0.02489202,0.1642151,-0.2256775,0.9602509,0.03027352,0.001383225,-0.02203914,0.03027352,0.001383225,-0.02203914,0.1317596,-0.2160034,0.967453,0.1317596,-0.2160034,0.967453,5.271164,5.271164,True,True,True
1609359,63779589492377,-13.58295,2.59084,-0.06502372,-0.07109667,0.8973839,0.03697106,-0.4339129,-0.02371018,0.002437103,-0.02480412,0.1627502,-0.225174,0.9606171,0.03027321,0.001383225,-0.02203914,0.03027321,0.001383225,-0.02203914,0.1318665,-0.2160034,0.9674377,0.1318665,-0.2160034,0.9674377,5.295609,5.295609,True,True,True
1609368,63779589492388,-13.58295,2.590808,-0.06505734,-0.07115571,0.8973701,0.03683946,-0.4339433,-0.01851961,0.002336243,-0.02453751,0.1595917,-0.2241974,0.96138,0.03027312,0.001383225,-0.02203574,0.03027312,0.001383225,-0.02203574,0.1318512,-0.2161713,0.9674072,0.1318512,-0.2161713,0.9674072,5.295822,5.295822,True,True,True
1609376,63779589492400,-13.58289,2.590732,-0.06510419,-0.0712367,0.8973443,0.03676798,-0.4339893,-0.006158615,0.002095139,-0.02390273,0.1525269,-0.2215881,0.9631195,0.03027263,0.001383347,-0.02203525,0.03027263,0.001383347,-0.02203525,0.1315918,-0.2141724,0.9678802,0.1315918,-0.2141724,0.9678802,5.296631,5.296631,True,True,True
1609384,63779589492410,-13.58288,2.590683,-0.06513286,-0.07120142,0.8973167,0.03662226,-0.4340644,0.005746048,0.001862793,-0.02329161,0.1456299,-0.2192993,0.9647217,0.03027216,0.001383347,-0.02203381,0.03027216,0.001383347,-0.02203381,0.1315918,-0.2142792,0.9678497,0.1315918,-0.2142792,0.9678497,5.296417,5.296417,True,True,True
1609393,63779589492410,-13.58288,2.590683,-0.06513286,-0.07120142,0.8973167,0.03662226,-0.4340644,0.005805909,0.00186229,-0.02328818,0.1455688,-0.21875,0.964859,0.03027216,0.001383347,-0.02203342,0.03027216,0.001383347,-0.02203342,0.131485,-0.2142639,0.9678802,0.131485,-0.2142639,0.9678802,5.299271,5.299271,True,True,True
1609401,63779589492422,-13.58281,2.590688,-0.06508881,-0.0712265,0.8972857,0.03638139,-0.4341446,0.007396805,0.001831345,-0.02320674,0.1444397,-0.2185211,0.9650726,0.03027216,0.00138356,-0.02203381,0.03027216,0.00138356,-0.02203381,0.1314697,-0.2143097,0.967865,0.1314697,-0.2143097,0.967865,5.296371,5.296371,True,True,True
1609409,63779589492433,-13.58279,2.590614,-0.06513172,-0.071296,0.8972386,0.03623384,-0.4342428,0.005936829,0.001860275,-0.0232816,0.1455841,-0.2195129,0.9646759,0.03027216,0.001384171,-0.02203381,0.03027216,0.001384171,-0.02203381,0.1316071,-0.2144012,0.9678345,0.1316071,-0.2144012,0.9678345,5.296585,5.296585,True,True,True
1609418,63779589492443,-13.58285,2.590572,-0.0651086,-0.07132361,0.8972538,0.03601052,-0.4342256,0.006034775,0.001860962,-0.02327971,0.1455994,-0.2192993,0.9647217,0.03027216,0.001388641,-0.02203914,0.03027216,0.001388641,-0.02203914,0.131424,-0.2141113,0.9679108,0.131424,-0.2141113,0.9679108,5.292221,5.292221,True,True,True
1609426,63779589492443,-13.58285,2.590572,-0.0651086,-0.07132361,0.8972538,0.03601052,-0.4342256,0.006133392,0.001859223,-0.02327405,0.1455994,-0.2194672,0.9646759,0.03027216,0.001388764,-0.02203809,0.03027216,0.001388764,-0.02203809,0.131546,-0.2141876,0.9678802,0.131546,-0.2141876,0.9678802,5.292099,5.292099,True,True,True
1609434,63779589492455,-13.58284,2.590499,-0.06515115,-0.07132451,0.8972195,0.03575671,-0.4343172,0.006133835,0.001859879,-0.02327367,0.1452332,-0.2194366,0.9647522,0.03027216,0.001389252,-0.02203754,0.03027216,0.001389252,-0.02203754,0.1312561,-0.2141571,0.967926,0.1312561,-0.2141571,0.967926,5.279282,5.279282,True,True,True
1609443,63779589492466,-13.58284,2.590455,-0.06518656,-0.07132709,0.8971913,0.03551451,-0.434395,0.006495743,0.001853684,-0.0232551,0.1452026,-0.2192383,0.964798,0.03027263,0.001390656,-0.02203754,0.03027263,0.001390656,-0.02203754,0.1314697,-0.2137299,0.9680023,0.1314697,-0.2137299,0.9680023,5.265793,5.265793,True,True,True
1609451,63779589492466,-13.58284,2.590455,-0.06518656,-0.07132709,0.8971913,0.03551451,-0.434395,0.006090561,0.001864319,-0.02327579,0.1460419,-0.2197723,0.9645538,0.03027316,0.001394821,-0.02203754,0.03027316,0.001394821,-0.02203754,0.1316071,-0.2146149,0.9677887,0.1316071,-0.2146149,0.9677887,5.265839,5.265839,True,True,True
1609459,63779589492478,-13.58288,2.590465,-0.06521207,-0.07125571,0.8971376,0.03532879,-0.4345329,0.006083878,0.001868164,-0.02327619,0.1462708,-0.2204742,0.9643555,0.03027481,0.001400177,-0.02203754,0.03027481,0.001400177,-0.02203754,0.1319885,-0.2155914,0.967514,0.1319885,-0.2155914,0.967514,5.258621,5.258621,True,True,True
1609468,63779589492488,-13.5829,2.590414,-0.0652495,-0.07121734,0.8971366,0.03518116,-0.4345531,0.006117157,0.00186853,-0.02327449,0.1456146,-0.2198181,0.9645996,0.03027486,0.001400986,-0.02203754,0.03027486,0.001400986,-0.02203754,0.1320038,-0.214386,0.9677734,0.1320038,-0.214386,0.9677734,5.259033,5.259033,True,True,True
1609476,63779589492500,-13.58292,2.590362,-0.06528294,-0.07126389,0.8970584,0.03505643,-0.4347169,0.006526017,0.001861115,-0.02325359,0.1457214,-0.2197113,0.9646149,0.03027551,0.001401764,-0.02203754,0.03027551,0.001401764,-0.02203754,0.1324005,-0.2143097,0.9677429,0.1324005,-0.2143097,0.9677429,5.274155,5.274155,True,True,True
1609484,63779589492510,-13.58293,2.59036,-0.0653488,-0.0713093,0.8969921,0.03503757,-0.4348477,0.006457398,0.001865158,-0.02325461,0.1456451,-0.2199554,0.9645691,0.03027603,0.00140564,-0.02203342,0.03027603,0.00140564,-0.02203342,0.1324158,-0.2157135,0.9674225,0.1324158,-0.2157135,0.9674225,5.259109,5.259109,True,True,True
1609493,63779589492510,-13.58293,2.59036,-0.0653488,-0.0713093,0.8969921,0.03503757,-0.4348477,0.006141953,0.001873398,-0.02327007,0.1459198,-0.2203369,0.9644318,0.03027707,0.001409027,-0.0220322,0.03027707,0.001409027,-0.0220322,0.132431,-0.2149963,0.9675903,0.132431,-0.2149963,0.9675903,5.259323,5.259323,True,True,True
1609501,63779589492521,-13.58297,2.590336,-0.06539387,-0.07142046,0.8969125,0.03504864,-0.4349929,0.006076355,0.001876129,-0.02327336,0.1461487,-0.2199097,0.9644928,0.03027747,0.0014104,-0.0220322,0.03027747,0.0014104,-0.0220322,0.1325073,-0.2151947,0.9675293,0.1325073,-0.2151947,0.9675293,5.25618,5.25618,True,True,True
1609509,63779589492533,-13.58301,2.590344,-0.06544399,-0.07156449,0.8968161,0.03505945,-0.435167,0.006039917,0.001878327,-0.02327522,0.1461792,-0.2182617,0.9648743,0.03027783,0.001411285,-0.0220322,0.03027783,0.001411285,-0.0220322,0.1324768,-0.2119598,0.9682465,0.1324768,-0.2119598,0.9682465,5.259933,5.259933,True,True,True
1609518,63779589492544,-13.58303,2.590284,-0.06550688,-0.07180759,0.8967122,0.03508205,-0.4353393,0.00596904,0.001880417,-0.02327606,0.146286,-0.2182617,0.964859,0.03027811,0.001412476,-0.02202767,0.03027811,0.001412476,-0.02202767,0.1325531,-0.2118988,0.9682465,0.1325531,-0.2118988,0.9682465,5.260178,5.260178,True,True,True
1609526,63779589492544,-13.58303,2.590284,-0.06550688,-0.07180759,0.8967122,0.03508205,-0.4353393,0.005904618,0.001881027,-0.02327706,0.1452789,-0.2182312,0.9650116,0.03027811,0.001411285,-0.02202385,0.03027811,0.001411285,-0.02202385,0.1307373,-0.2119141,0.9684906,0.1307373,-0.2119141,0.9684906,5.256943,5.256943,True,True,True
1609534,63779589492555,-13.58305,2.590267,-0.06555617,-0.07199215,0.8966225,0.03477092,-0.4355183,0.007325791,0.001853668,-0.02320233,0.1442108,-0.2178497,0.9652557,0.03027864,0.001411285,-0.02202112,0.03027864,0.001411285,-0.02202112,0.1303406,-0.2120667,0.9685059,0.1303406,-0.2120667,0.9685059,5.256973,5.256973,True,True,True
1609543,63779589492566,-13.58307,2.590213,-0.06560969,-0.07214361,0.8965857,0.03457602,-0.4355846,0.007135147,0.001857391,-0.02320894,0.1443787,-0.2174072,0.965332,0.03027992,0.001411285,-0.02201573,0.03027992,0.001411285,-0.02201573,0.1306915,-0.2124634,0.9683838,0.1306915,-0.2124634,0.9683838,5.257294,5.257294,True,True,True
1609551,63779589492566,-13.58307,2.590213,-0.06560969,-0.07214361,0.8965857,0.03457602,-0.4355846,0.006985672,0.001860535,-0.02321452,0.144104,-0.217453,0.9653625,0.03028011,0.001411285,-0.02201222,0.03028011,0.001411285,-0.02201222,0.1305389,-0.2125397,0.9683838,0.1305389,-0.2125397,0.9683838,5.230347,5.230347,True,True,True
1609559,63779589492577,-13.58301,2.590205,-0.06569839,-0.07213816,0.8965596,0.0342418,-0.4356655,-0.003621323,0.002063965,-0.0236479,0.1701355,-0.2227936,0.9598999,0.03024858,0.001385056,-0.02172751,0.03024858,0.001385056,-0.02172751,0.1540833,-0.2186432,0.9635468,0.1540833,-0.2186432,0.9635468,5.249344,5.249344,True,True,True
1609568,63779589492589,-13.58302,2.590242,-0.06574243,-0.07212485,0.8965763,0.03397477,-0.4356542,-0.002763565,0.002185654,-0.0237495,0.2051392,-0.2135773,0.9551392,0.0300452,0.001547592,-0.02204759,0.0300452,0.001547592,-0.02204759,0.1908264,-0.2086029,0.959198,0.1908264,-0.2086029,0.959198,5.287918,5.287918,True,True,True
1609576,63779589492600,-13.58301,2.590253,-0.06579673,-0.07209587,0.8965806,0.03365288,-0.435675,-0.0008399659,0.002256424,-0.02364208,0.2231903,-0.2000885,0.95401,0.02980066,0.001676621,-0.02201319,0.02980066,0.001676621,-0.02201319,0.1981812,-0.2045441,0.9585724,0.1981812,-0.2045441,0.9585724,5.288132,5.288132,True,True,True
1609584,63779589492610,-13.58307,2.590221,-0.06581813,-0.0720136,0.8966452,0.03339573,-0.4355758,0.002988388,0.002286423,-0.0234411,0.2711792,-0.1788788,0.945755,0.0295972,0.001781662,-0.02198962,0.0295972,0.001781662,-0.02198962,0.2509308,-0.1874237,0.9496765,0.2509308,-0.1874237,0.9496765,5.224243,5.224243,True,True,True
1609593,63779589492610,-13.58307,2.590221,-0.06581813,-0.0720136,0.8966452,0.03339573,-0.4355758,0.007754929,0.00231929,-0.02322591,0.3028717,-0.1563568,0.9401093,0.02933441,0.001907013,-0.02204657,0.02933441,0.001907013,-0.02204657,0.290451,-0.1575928,0.9438171,0.290451,-0.1575928,0.9438171,5.238678,5.238678,True,True,True
1609601,63779589492622,-13.58306,2.59019,-0.06588155,-0.07194819,0.8966705,0.03309427,-0.4355574,0.01317508,0.002368164,-0.02298387,0.3425751,-0.1186371,0.9319611,0.02909566,0.00207579,-0.02211371,0.02909566,0.00207579,-0.02211371,0.3350372,-0.1096191,0.935791,0.3350372,-0.1096191,0.935791,5.43219,5.43219,True,True,True
1609609,63779589492633,-13.58303,2.59017,-0.06597465,-0.0719928,0.8967105,0.0327404,-0.4354942,0.01783096,0.002414398,-0.02281174,0.393219,-0.0864563,0.9153595,0.02890302,0.002206421,-0.02220551,0.02890302,0.002206421,-0.02220551,0.38974,-0.07913208,0.917511,0.38974,-0.07913208,0.917511,5.413361,5.413361,True,True,True
1609618,63779589492643,-13.58301,2.590149,-0.0660193,-0.07193868,0.8967653,0.03257883,-0.4354027,0.01775455,0.002567673,-0.02288159,0.4167328,-0.04940796,0.9076691,0.02867688,0.002358811,-0.02227798,0.02867688,0.002358811,-0.02227798,0.4104919,-0.04206848,0.9108734,0.4104919,-0.04206848,0.9108734,5.352158,5.352158,True,True,True
1609626,63779589492643,-13.58301,2.590149,-0.0660193,-0.07193868,0.8967653,0.03257883,-0.4354027,-0.004564362,0.003127503,-0.02420108,0.4636688,-0.05740356,0.8841248,0.02841879,0.00251741,-0.02239769,0.02841879,0.00251741,-0.02239769,0.4508057,-0.01782227,0.8924255,0.4508057,-0.01782227,0.8924255,5.455124,5.455124,True,True,True
1609634,63779589492655,-13.583,2.590146,-0.06605703,-0.07200474,0.8968163,0.03235899,-0.4353032,0.0170912,0.002962708,-0.02299291,0.4862061,-0.06219482,0.8716125,0.02824144,0.00277977,-0.02234746,0.02824144,0.00277977,-0.02234746,0.4812164,-0.06637573,0.8740692,0.4812164,-0.06637573,0.8740692,5.359833,5.359833,True,True,True
1609643,63779589492666,-13.5829,2.590069,-0.06606382,-0.07193461,0.896831,0.03220519,-0.4352957,0.02136621,0.00283902,-0.02297018,0.5089111,0.02384949,0.8604736,0.0280215,0.002708588,-0.02260493,0.0280215,0.002708588,-0.02260493,0.5079193,0.03265381,0.8607635,0.5079193,0.03265381,0.8607635,5.434586,5.434586,True,True,True
1609651,63779589492666,-13.5829,2.590069,-0.06606382,-0.07193461,0.896831,0.03220519,-0.4352957,0.01617966,0.003015839,-0.02334842,0.5401917,0.02398682,0.8411865,0.02787142,0.00279274,-0.02270148,0.02787142,0.00279274,-0.02270148,0.5376282,0.03463745,0.842453,0.5376282,0.03463745,0.842453,5.612946,5.612946,True,True,True
1609659,63779589492677,-13.58288,2.590114,-0.06608963,-0.07182197,0.8968715,0.03198529,-0.4352472,-0.006962845,0.003493698,-0.0247076,0.5572662,0.0138092,0.8302155,0.02771321,0.002836685,-0.02281912,0.02771321,0.002836685,-0.02281912,0.5469971,0.07611084,0.8336639,0.5469971,0.07611084,0.8336639,5.550385,5.550385,True,True,True
1609668,63779589492688,-13.58288,2.590088,-0.06612444,-0.07176077,0.8969176,0.03181276,-0.435175,-0.004829529,0.003518539,-0.02468753,0.5814667,0.03201294,0.8129272,0.02758412,0.002898865,-0.02290749,0.02758412,0.002898865,-0.02290749,0.5651093,0.08148193,0.8209686,0.5651093,0.08148193,0.8209686,5.54306,5.54306,True,True,True
1609676,63779589492699,-13.58292,2.590076,-0.06615806,-0.07173686,0.896925,0.03164998,-0.4351753,-0.005921662,0.00355397,-0.02482916,0.5963287,0.05770874,0.8006439,0.02750507,0.002938217,-0.02298779,0.02750507,0.002938217,-0.02298779,0.5836334,0.09541321,0.8063812,0.5836334,0.09541321,0.8063812,5.681976,5.681976,True,True,True
1609684,63779589492710,-13.58294,2.590046,-0.0661636,-0.07155944,0.8969886,0.03145995,-0.4350874,-0.004421173,0.00354123,-0.02482086,0.6168365,0.07315063,0.7836609,0.02747539,0.002954514,-0.0230396,0.02747539,0.002954514,-0.0230396,0.6013794,0.1011353,0.7925262,0.6013794,0.1011353,0.7925262,5.709824,5.709824,True,True,True
1609692,63779589492710,-13.58294,2.590046,-0.0661636,-0.07155944,0.8969886,0.03145995,-0.4350874,-0.007495468,0.003585617,-0.02496304,0.6135101,0.05024719,0.7880707,0.0274633,0.002968445,-0.0230643,0.0274633,0.002968445,-0.0230643,0.6057739,0.1087952,0.788147,0.6057739,0.1087952,0.788147,5.611603,5.611603,True,True,True
1609701,63779589492722,-13.58294,2.590022,-0.06618154,-0.07155175,0.8969901,0.03126673,-0.4350994,-0.009743668,0.003601257,-0.02510224,0.620636,0.0440979,0.7828522,0.02746558,0.002922119,-0.02309042,0.02746558,0.002922119,-0.02309042,0.6105499,0.1197662,0.7828674,0.6105499,0.1197662,0.7828674,5.668472,5.668472,True,True,True
1609709,63779589492732,-13.58291,2.589992,-0.06616372,-0.07151216,0.8970044,0.03104025,-0.4350927,-0.007144074,0.003558548,-0.02496704,0.6163177,0.05601501,0.7854919,0.02747006,0.002940857,-0.02308821,0.02747006,0.002940857,-0.02308821,0.6194458,0.110672,0.7771912,0.6194458,0.110672,0.7771912,5.632263,5.632263,True,True,True
1609717,63779589492732,-13.58291,2.589992,-0.06616372,-0.07151216,0.8970044,0.03104025,-0.4350927,0.001981049,0.003383423,-0.02445928,0.6132202,0.06590271,0.7871399,0.02747324,0.002927475,-0.02307039,0.02747324,0.002927475,-0.02307039,0.6134796,0.1081085,0.7822571,0.6134796,0.1081085,0.7822571,5.610123,5.610123,True,True,True
1609726,63779589492744,-13.58289,2.589972,-0.06621963,-0.07145231,0.8970231,0.03071238,-0.4350872,0.0005968171,0.00337558,-0.02453296,0.6124725,0.05523682,0.7885437,0.02746993,0.002873078,-0.02306865,0.02746993,0.002873078,-0.02306865,0.6095276,0.1040802,0.7858887,0.6095276,0.1040802,0.7858887,5.53833,5.53833,True,True,True
1609734,63779589492754,-13.58296,2.589949,-0.06615067,-0.07151213,0.8969789,0.03059301,-0.4351769,0.004171371,0.003318787,-0.02432991,0.6107635,0.06329346,0.7892609,0.02747687,0.002893066,-0.02304439,0.02747687,0.002893066,-0.02304439,0.6089783,0.09602356,0.7873383,0.6089783,0.09602356,0.7873383,5.69426,5.69426,True,True,True
1609742,63779589492766,-13.58303,2.589879,-0.06619,-0.07153957,0.8969556,0.0303625,-0.4352366,0.003927475,0.003315445,-0.02432886,0.6028595,0.06510925,0.795166,0.02747723,0.0028853,-0.0230267,0.02747723,0.0028853,-0.0230267,0.6028442,0.09144592,0.7925873,0.6028442,0.09144592,0.7925873,5.621399,5.621399,True,True,True
1609751,63779589492777,-13.58307,2.589846,-0.06614441,-0.07157251,0.89693,0.03028338,-0.4352896,0.001820175,0.003353775,-0.02444707,0.6062012,0.06091309,0.7929688,0.02747588,0.002885712,-0.0230264,0.02747588,0.002885712,-0.0230264,0.6013031,0.0944519,0.793396,0.6013031,0.0944519,0.793396,5.642639,5.642639,True,True,True
1609759,63779589492777,-13.58307,2.589846,-0.06614441,-0.07157251,0.89693,0.03028338,-0.4352896,0.001958405,0.003350388,-0.02444026,0.6072235,0.06173706,0.7921143,0.02747675,0.002888809,-0.02303508,0.02747675,0.002888809,-0.02303508,0.6053314,0.09567261,0.7901917,0.6053314,0.09567261,0.7901917,5.585846,5.585846,True,True,True
1609767,63779589492788,-13.58309,2.589775,-0.06615013,-0.07154741,0.8968906,0.0302821,-0.4353747,-0.0004144135,0.003367081,-0.02458272,0.6031342,0.06747437,0.7947693,0.02746752,0.002850449,-0.02305197,0.02746752,0.002850449,-0.02305197,0.5986938,0.1104279,0.7933197,0.5986938,0.1104279,0.7933197,5.606461,5.606461,True,True,True
1609776,63779589492800,-13.5831,2.589737,-0.06618744,-0.07158775,0.8968527,0.03012732,-0.435457,0.001351883,0.003340454,-0.02448453,0.6063385,0.06549072,0.7924957,0.02747095,0.002860428,-0.023041,0.02747095,0.002860428,-0.023041,0.5993042,0.1000214,0.7942352,0.5993042,0.1000214,0.7942352,5.608536,5.608536,True,True,True
1609784,63779589492810,-13.58315,2.589687,-0.06619012,-0.07178705,0.8968106,0.03011135,-0.435512,0.001740753,0.003335297,-0.02445132,0.6028442,0.0582428,0.7957153,0.02747438,0.002869339,-0.02303003,0.02747438,0.002869339,-0.02303003,0.5997467,0.09127808,0.7949524,0.5997467,0.09127808,0.7949524,5.594772,5.594772,True,True,True
1609792,63779589492810,-13.58315,2.589687,-0.06619012,-0.07178705,0.8968106,0.03011135,-0.435512,0.002657379,0.0033219,-0.02440634,0.6024323,0.07119751,0.7949677,0.02747447,0.002869873,-0.02302715,0.02747447,0.002869873,-0.02302715,0.5997314,0.09732056,0.7942505,0.5997314,0.09732056,0.7942505,5.598373,5.598373,True,True,True
1609801,63779589492821,-13.58307,2.589665,-0.06626093,-0.07189974,0.8967481,0.03011051,-0.4356222,0.003163101,0.003313873,-0.02437718,0.6032867,0.06877136,0.7945404,0.02747457,0.002870407,-0.02302428,0.02747457,0.002870407,-0.02302428,0.599823,0.09327698,0.7946625,0.599823,0.09327698,0.7946625,5.5952,5.5952,True,True,True
1609809,63779589492833,-13.58307,2.58966,-0.06626618,-0.07202289,0.8967062,0.03004311,-0.4356927,0.0041801,0.003297119,-0.02432077,0.6036682,0.0718689,0.7939758,0.0274749,0.002873657,-0.02302361,0.0274749,0.002873657,-0.02302361,0.5998383,0.09742737,0.7941437,0.5998383,0.09742737,0.7941437,5.597702,5.597702,True,True,True
1609817,63779589492843,-13.58309,2.589664,-0.06623864,-0.07199764,0.8966311,0.03001196,-0.4358536,0.00423317,0.003297791,-0.02431834,0.6029358,0.07305908,0.7944183,0.02747524,0.002876923,-0.02302428,0.02747524,0.002876923,-0.02302428,0.599884,0.09912109,0.7939148,0.599884,0.09912109,0.7939148,5.597992,5.597992,True,True,True
1609826,63779589492843,-13.58309,2.589664,-0.06623864,-0.07199764,0.8966311,0.03001196,-0.4358536,0.004276917,0.003296845,-0.02431568,0.6023102,0.07173157,0.7950134,0.02747612,0.002877121,-0.02302405,0.02747612,0.002877121,-0.02302405,0.6001282,0.09719849,0.7939606,0.6001282,0.09719849,0.7939606,5.598022,5.598022,True,True,True
1609834,63779589492855,-13.58312,2.589654,-0.06614596,-0.07198328,0.8965846,0.0299504,-0.4359557,0.00408313,0.003300171,-0.02432576,0.6020203,0.07020569,0.7953796,0.02747699,0.002876923,-0.0230238,0.02747699,0.002876923,-0.0230238,0.6003418,0.09539795,0.7940216,0.6003418,0.09539795,0.7940216,5.595184,5.595184,True,True,True
1609842,63779589492866,-13.58316,2.589594,-0.0661456,-0.07197662,0.8965616,0.0298786,-0.4360092,0.004154541,0.003298538,-0.02432095,0.6024933,0.07115173,0.7949371,0.02747751,0.002876251,-0.02302338,0.02747751,0.002876251,-0.02302338,0.6004028,0.09654236,0.7938385,0.6004028,0.09654236,0.7938385,5.595703,5.595703,True,True,True
1609851,63779589492866,-13.5832,2.589599,-0.06610376,-0.07190456,0.8965253,0.02971844,-0.4361065,0.004016876,0.003300674,-0.02432898,0.6031189,0.07048035,0.7945099,0.02747803,0.002875717,-0.02302293,0.02747803,0.002875717,-0.02302293,0.6004791,0.09567261,0.7938843,0.6004791,0.09567261,0.7938843,5.593643,5.593643,True,True,True
1609859,63779589492877,-13.5832,2.589599,-0.06610376,-0.07190456,0.8965253,0.02971844,-0.4361065,0.003992096,0.003301148,-0.02433069,0.6037445,0.06987,0.7940979,0.02747855,0.002875641,-0.02302243,0.02747855,0.002875641,-0.02302243,0.6005707,0.09422302,0.7939911,0.6005707,0.09422302,0.7939911,5.591934,5.591934,True,True,True
1609867,63779589492888,-13.58319,2.589594,-0.06611609,-0.07192995,0.8964531,0.02963671,-0.4362563,0.003778549,0.003304993,-0.02434232,0.6033325,0.06887817,0.7944946,0.02747907,0.00287558,-0.02302191,0.02747907,0.00287558,-0.02302191,0.6006927,0.09280396,0.7940674,0.6006927,0.09280396,0.7940674,5.590561,5.590561,True,True,True
1609876,63779589492899,-13.58323,2.589587,-0.06609184,-0.07193615,0.896449,0.02950165,-0.4362729,0.003957123,0.003301651,-0.02433234,0.6039429,0.06912231,0.7940063,0.02748123,0.002875351,-0.02302171,0.02748123,0.002875351,-0.02302171,0.6009369,0.0930481,0.7938538,0.6009369,0.0930481,0.7938538,5.59021,5.59021,True,True,True
1609884,63779589492899,-13.58323,2.589587,-0.06609184,-0.07193615,0.896449,0.02950165,-0.4362729,0.003975098,0.003301224,-0.02433141,0.6047516,0.06898499,0.7934113,0.0274834,0.002875107,-0.0230215,0.0274834,0.002875107,-0.0230215,0.6016846,0.09298706,0.7932892,0.6016846,0.09298706,0.7932892,5.589905,5.589905,True,True,True
1609892,63779589492911,-13.58323,2.589569,-0.06612629,-0.07185918,0.8963707,0.02949351,-0.4364469,0.00402269,0.003300537,-0.02432893,0.6052704,0.06921387,0.7929993,0.02748483,0.002875336,-0.0230215,0.02748483,0.002875336,-0.0230215,0.6019745,0.09292603,0.7930756,0.6019745,0.09292603,0.7930756,5.585358,5.585358,True,True,True
1609901,63779589492922,-13.5833,2.589542,-0.06611556,-0.07184809,0.8963418,0.02947414,-0.4365095,0.004018891,0.003300629,-0.02432865,0.6051025,0.06919861,0.7931213,0.027485,0.002875336,-0.02302042,0.027485,0.002875336,-0.02302042,0.6015167,0.09313965,0.793396,0.6015167,0.09313965,0.793396,5.584747,5.584747,True,True,True
1609909,63779589492934,-13.58332,2.589584,-0.06611025,-0.07182927,0.8963016,0.02951896,-0.4365921,0.003880356,0.003303269,-0.02433566,0.6049805,0.07058716,0.7930908,0.02748625,0.00287558,-0.02301892,0.02748625,0.00287558,-0.02301892,0.6010742,0.09545898,0.793457,0.6010742,0.09545898,0.793457,5.582169,5.582169,True,True,True
1609917,63779589492943,-13.58333,2.589577,-0.06608272,-0.07176949,0.8962302,0.02961629,-0.436742,0.003710373,0.003306275,-0.02434574,0.6049805,0.07046509,0.7931061,0.02748721,0.002875336,-0.02301828,0.02748721,0.002875336,-0.02301828,0.6006165,0.09541321,0.793808,0.6006165,0.09541321,0.793808,5.579758,5.579758,True,True,True
1609926,63779589492943,-13.58333,2.589577,-0.06608272,-0.07176949,0.8962302,0.02961629,-0.436742,0.003700409,0.003306381,-0.02434514,0.6041107,0.0705719,0.7937469,0.02748751,0.002875199,-0.02301592,0.02748751,0.002875199,-0.02301592,0.5986938,0.09494019,0.7953186,0.5986938,0.09494019,0.7953186,5.54892,5.54892,True,True,True
1609934,63779589492955,-13.58339,2.589589,-0.06603396,-0.07187852,0.8961666,0.0296884,-0.4368495,0.003863953,0.003303452,-0.02433582,0.6044922,0.07122803,0.7934113,0.02749005,0.002875183,-0.02301526,0.02749005,0.002875183,-0.02301526,0.5991516,0.09495544,0.7949677,0.5991516,0.09495544,0.7949677,5.535553,5.535553,True,True,True
1609942,63779589492966,-13.58341,2.589597,-0.06597489,-0.07198036,0.8961219,0.02986222,-0.4369126,0.003693985,0.003306625,-0.02434552,0.6047821,0.07133484,0.7931671,0.02749039,0.002875107,-0.02301468,0.02749039,0.002875107,-0.02301468,0.5991974,0.09486389,0.7949371,0.5991974,0.09486389,0.7949371,5.531021,5.531021,True,True,True
1609951,63779589492976,-13.58336,2.589594,-0.0659318,-0.07195594,0.8960589,0.030104,-0.4370292,0.003846359,0.003304001,-0.02433788,0.6047058,0.07270813,0.7931061,0.02749143,0.002875076,-0.02301405,0.02749143,0.002875076,-0.02301405,0.5990601,0.09681702,0.7948151,0.5990601,0.09681702,0.7948151,5.511276,5.511276,True,True,True
1609959,63779589492976,-13.58336,2.589594,-0.0659318,-0.07195594,0.8960589,0.030104,-0.4370292,0.003810623,0.003304855,-0.02433986,0.6042938,0.07310486,0.793396,0.02749184,0.002875076,-0.0230132,0.02749184,0.002875076,-0.0230132,0.5982361,0.09716797,0.7953949,0.5982361,0.09716797,0.7953949,5.503006,5.503006,True,True,True
1609967,63779589492988,-13.58338,2.589599,-0.06590044,-0.07200111,0.8959742,0.03032406,-0.4371801,0.003858704,0.003304138,-0.02433759,0.6038055,0.07591248,0.7934875,0.02749208,0.002875076,-0.02301256,0.02749208,0.002875076,-0.02301256,0.5976868,0.1010132,0.7953186,0.5976868,0.1010132,0.7953186,5.496689,5.496689,True,True,True
1609976,63779589492999,-13.58343,2.589687,-0.06584466,-0.07205974,0.8959482,0.030488,-0.4372124,0.003926056,0.003302979,-0.02433388,0.6035614,0.07673645,0.7935944,0.02749283,0.002875076,-0.02301192,0.02749283,0.002875076,-0.02301192,0.5973053,0.1006927,0.7956543,0.5973053,0.1006927,0.7956543,5.43631,5.43631,True,True,True
1609984,63779589492999,-13.58343,2.589687,-0.06584466,-0.07205974,0.8959482,0.030488,-0.4372124,0.003976807,0.003302185,-0.02433008,0.6030579,0.07669067,0.7939911,0.02749303,0.002875183,-0.02300852,0.02749303,0.002875183,-0.02300852,0.5966339,0.1004791,0.7961884,0.5966339,0.1004791,0.7961884,5.410721,5.410721,True,True,True
1609992,63779589493010,-13.58343,2.589704,-0.06580818,-0.07207686,0.8958988,0.030665,-0.4372986,0.003980179,0.003302643,-0.02433044,0.6026154,0.07751465,0.7942505,0.02749332,0.002875199,-0.02300838,0.02749332,0.002875199,-0.02300838,0.5958557,0.1020203,0.7965698,0.5958557,0.1020203,0.7965698,5.396317,5.396317,True,True,True
1610001,63779589493021,-13.58344,2.589749,-0.06579131,-0.07224765,0.8958761,0.03085755,-0.4373032,0.00400827,0.003302628,-0.02432939,0.6027679,0.07794189,0.7940826,0.02749336,0.002875336,-0.02300797,0.02749336,0.002875336,-0.02300797,0.5958557,0.1027222,0.7964783,0.5958557,0.1027222,0.7964783,5.397064,5.397064,True,True,True
1610009,63779589493033,-13.58348,2.589749,-0.06577039,-0.07226764,0.8958251,0.03108132,-0.4373884,0.003473938,0.003312729,-0.0243597,0.6023865,0.07752991,0.7944183,0.02749504,0.002875946,-0.02300777,0.02749504,0.002875946,-0.02300777,0.5951538,0.1024323,0.7970428,0.5951538,0.1024323,0.7970428,5.38353,5.38353,True,True,True
1610017,63779589493033,-13.58348,2.589749,-0.06577039,-0.07226764,0.8958251,0.03108132,-0.4373884,0.003555695,0.00331218,-0.02435495,0.6014709,0.07719421,0.7951355,0.02749578,0.002876038,-0.02300725,0.02749578,0.002876038,-0.02300725,0.594162,0.1021576,0.797821,0.594162,0.1021576,0.797821,5.363647,5.363647,True,True,True
1610026,63779589493044,-13.58349,2.58979,-0.06579173,-0.07229789,0.895794,0.03130839,-0.437431,0.003606445,0.003311859,-0.02435205,0.6011658,0.07748413,0.7953491,0.0274964,0.002876038,-0.02300688,0.0274964,0.002876038,-0.02300688,0.5937805,0.1021118,0.798111,0.5937805,0.1021118,0.798111,5.354614,5.354614,True,True,True
1610034,63779589493055,-13.58349,2.589761,-0.06578958,-0.07237838,0.8957743,0.03149763,-0.4374444,0.003937867,0.003306458,-0.02433374,0.6006775,0.07730103,0.7957306,0.02749689,0.002875946,-0.02300676,0.02749689,0.002875946,-0.02300676,0.5931549,0.1014404,0.7986603,0.5931549,0.1014404,0.7986603,5.329163,5.329163,True,True,True
1610042,63779589493067,-13.58346,2.589776,-0.06580871,-0.07244653,0.8957458,0.03170504,-0.4374765,0.003939545,0.003306793,-0.0243335,0.6003113,0.07580566,0.7961578,0.02749704,0.002875946,-0.02300644,0.02749704,0.002875946,-0.02300644,0.5929108,0.09913635,0.7991333,0.5929108,0.09913635,0.7991333,5.326981,5.326981,True,True,True
1610051,63779589493076,-13.58346,2.589786,-0.0657531,-0.07251038,0.8957254,0.03187692,-0.4374953,0.003914765,0.003308014,-0.0243349,0.5976563,0.07653809,0.7980804,0.02749805,0.002875946,-0.02300641,0.02749805,0.002875946,-0.02300641,0.5904694,0.1010895,0.8006897,0.5904694,0.1010895,0.8006897,5.325958,5.325958,True,True,True
1610059,63779589493076,-13.58346,2.589786,-0.0657531,-0.07251038,0.8957254,0.03187692,-0.4374953,0.003874298,0.003309357,-0.02433687,0.5973663,0.07627869,0.7983093,0.02749884,0.002875946,-0.02300582,0.02749884,0.002875946,-0.02300582,0.5899658,0.1009216,0.8010864,0.5899658,0.1009216,0.8010864,5.319366,5.319366,True,True,True
1610067,63779589493087,-13.58349,2.589771,-0.06575966,-0.07260693,0.8957277,0.03195066,-0.4374693,0.003912918,0.00330896,-0.02433391,0.59729,0.07527161,0.7984772,0.02749974,0.002875946,-0.02300441,0.02749974,0.002875946,-0.02300441,0.5901489,0.09864807,0.8012238,0.5901489,0.09864807,0.8012238,5.314423,5.314423,True,True,True
1610076,63779589493099,-13.58349,2.589777,-0.06573981,-0.07269323,0.8957072,0.03206516,-0.4374885,0.003940735,0.00330867,-0.02433103,0.5960541,0.07495117,0.7994232,0.02750119,0.002875946,-0.023002,0.02750119,0.002875946,-0.023002,0.5882874,0.09805298,0.8026733,0.5882874,0.09805298,0.8026733,5.311722,5.311722,True,True,True
1610084,63779589493099,-13.58359,2.589765,-0.06573111,-0.0728138,0.8957704,0.03221188,-0.437328,0.003615189,0.00331453,-0.02434859,0.5956116,0.07455444,0.7997894,0.02750127,0.002875229,-0.02300064,0.02750127,0.002875229,-0.02300064,0.5883179,0.09819031,0.8026276,0.5883179,0.09819031,0.8026276,5.312103,5.312103,True,True,True
1610092,63779589493110,-13.58359,2.589765,-0.06573111,-0.0728138,0.8957704,0.03221188,-0.437328,0.00351146,0.003315918,-0.0243533,0.5959473,0.07453918,0.7995453,0.02750252,0.002874298,-0.02299857,0.02750252,0.002874298,-0.02299857,0.5886688,0.09832764,0.8023529,0.5886688,0.09832764,0.8023529,5.315765,5.315765,True,True,True
1610101,63779589493121,-13.58362,2.589782,-0.06575155,-0.07280953,0.8957757,0.03231444,-0.4373105,0.003397797,0.003317886,-0.02435716,0.5962524,0.07411194,0.7993622,0.02750308,0.002873917,-0.0229951,0.02750308,0.002873917,-0.0229951,0.5888367,0.09779358,0.8022919,0.5888367,0.09779358,0.8022919,5.315598,5.315598,True,True,True
1610109,63779589493133,-13.58364,2.589797,-0.06574488,-0.07280042,0.8958176,0.03235589,-0.4372231,0.003441635,0.003315811,-0.02435039,0.5966034,0.0740509,0.7991028,0.02750375,0.002871552,-0.02299242,0.02750375,0.002871552,-0.02299242,0.5895538,0.09793091,0.8017578,0.5895538,0.09793091,0.8017578,5.31723,5.31723,True,True,True
1610117,63779589493133,-13.58364,2.589797,-0.06574488,-0.07280042,0.8958176,0.03235589,-0.4372231,0.003488846,0.003314514,-0.02434668,0.5966797,0.07450867,0.798996,0.02750377,0.002870239,-0.02299088,0.02750377,0.002870239,-0.02299088,0.5895844,0.09797668,0.8017273,0.5895844,0.09797668,0.8017273,5.317673,5.317673,True,True,True
1610126,63779589493144,-13.58355,2.589817,-0.06571418,-0.07275507,0.895838,0.03237608,-0.4371873,0.003521896,0.003313599,-0.02434302,0.5966187,0.07469177,0.7990265,0.02750377,0.002868301,-0.02298813,0.02750377,0.002868301,-0.02298813,0.5895996,0.09825134,0.8016815,0.5895996,0.09825134,0.8016815,5.317459,5.317459,True,True,True
1610134,63779589493155,-13.58356,2.589811,-0.06570417,-0.07278416,0.8958406,0.03240903,-0.4371746,0.003527542,0.003312454,-0.02433923,0.5967712,0.07455444,0.7989197,0.02750377,0.002866181,-0.02298351,0.02750377,0.002866181,-0.02298351,0.5898132,0.09851074,0.8014984,0.5898132,0.09851074,0.8014984,5.318802,5.318802,True,True,True
1610142,63779589493166,-13.58345,2.589896,-0.06563258,-0.0727922,0.8958645,0.03241922,-0.4371237,0.003551407,0.003311981,-0.02433688,0.5966797,0.07472229,0.7989807,0.02750377,0.002866028,-0.02298225,0.02750377,0.002866028,-0.02298225,0.5896606,0.09844971,0.8016052,0.5896606,0.09844971,0.8016052,5.318039,5.318039,True,True,True
1610151,63779589493176,-13.58348,2.589915,-0.06556946,-0.0727775,0.8958775,0.03242014,-0.4370993,0.003561829,0.003311753,-0.02433598,0.5966949,0.07447815,0.7989807,0.02750377,0.00286586,-0.02298177,0.02750377,0.00286586,-0.02298177,0.5896912,0.09837341,0.8016052,0.5896912,0.09837341,0.8016052,5.318512,5.318512,True,True,True
1610159,63779589493176,-13.58348,2.589915,-0.06556946,-0.0727775,0.8958775,0.03242014,-0.4370993,0.003500427,0.003313416,-0.02433873,0.5968475,0.0743103,0.7988892,0.02750377,0.002865631,-0.0229805,0.02750377,0.002865631,-0.0229805,0.58992,0.09844971,0.8014221,0.58992,0.09844971,0.8014221,5.325287,5.325287,True,True,True
1610167,63779589493188,-13.58349,2.589904,-0.06555349,-0.07275087,0.895915,0.03235716,-0.4370316,0.003444351,0.003313904,-0.02434191,0.5970764,0.07479858,0.7986755,0.02750377,0.002864365,-0.0229805,0.02750377,0.002864365,-0.0229805,0.5902557,0.09913635,0.8010864,0.5902557,0.09913635,0.8010864,5.320038,5.320038,True,True,True
1610176,63779589493199,-13.58354,2.589828,-0.06551003,-0.07273781,0.895916,0.03231222,-0.437035,0.003432038,0.003313706,-0.02434233,0.5970917,0.07472229,0.7986755,0.02750377,0.002862961,-0.02298004,0.02750377,0.002862961,-0.02298004,0.590271,0.09950256,0.8010406,0.590271,0.09950256,0.8010406,5.320374,5.320374,True,True,True
1610184,63779589493199,-13.58354,2.589828,-0.06551003,-0.07273781,0.895916,0.03231222,-0.437035,0.003433045,0.003313843,-0.02434184,0.5973358,0.07585144,0.7983856,0.02750342,0.002862961,-0.02297932,0.02750342,0.002862961,-0.02297932,0.5906677,0.1011963,0.8005219,0.5906677,0.1011963,0.8005219,5.329163,5.329163,True,True,True
1610192,63779589493211,-13.58354,2.58983,-0.0655027,-0.07272139,0.8959115,0.03225931,-0.4370511,0.003527008,0.003312073,-0.02433617,0.596405,0.07655334,0.7990112,0.02750337,0.002862961,-0.02297923,0.02750337,0.002862961,-0.02297923,0.5906525,0.1027374,0.8003387,0.5906525,0.1027374,0.8003387,5.330719,5.330719,True,True,True
1610201,63779589493221,-13.58356,2.589792,-0.06551629,-0.07255148,0.8959022,0.03226681,-0.4370977,0.003608902,0.003310577,-0.0243315,0.5988007,0.07696533,0.7971802,0.02750314,0.002862961,-0.02297923,0.02750314,0.002862961,-0.02297923,0.593399,0.1031189,0.7982635,0.593399,0.1031189,0.7982635,5.333954,5.333954,True,True,True
1610209,63779589493233,-13.58351,2.589813,-0.06546235,-0.07249865,0.8959639,0.03215116,-0.4369885,0.003670685,0.003309448,-0.02432828,0.5987091,0.07632446,0.7973022,0.02750279,0.002862961,-0.02297923,0.02750279,0.002862961,-0.02297923,0.593399,0.101593,0.7984619,0.593399,0.101593,0.7984619,5.337036,5.337036,True,True,True
1610217,63779589493243,-13.5835,2.589818,-0.06543976,-0.07239819,0.8959556,0.03205206,-0.4370296,0.003678314,0.003309311,-0.02432724,0.5969543,0.07603455,0.798645,0.02750261,0.002862961,-0.0229782,0.02750261,0.002862961,-0.0229782,0.5904236,0.1010895,0.8007202,0.5904236,0.1010895,0.8007202,5.321915,5.321915,True,True,True
1610226,63779589493243,-13.5835,2.589818,-0.06543976,-0.07239819,0.8959556,0.03205206,-0.4370296,0.003704712,0.003309311,-0.02432569,0.5971527,0.07624817,0.7984924,0.02750253,0.002862961,-0.02297809,0.02750253,0.002862961,-0.02297809,0.5922852,0.1013184,0.7993164,0.5922852,0.1013184,0.7993164,5.324371,5.324371,True,True,True
1610234,63779589493255,-13.58348,2.589841,-0.06544453,-0.07230843,0.8959466,0.03198213,-0.437068,0.003729187,0.003308884,-0.02432428,0.5976715,0.07695007,0.7980194,0.02750223,0.002862961,-0.02297809,0.02750223,0.002862961,-0.02297809,0.5932617,0.1030121,0.7983856,0.5932617,0.1030121,0.7983856,5.338181,5.338181,True,True,True
1610242,63779589493266,-13.58347,2.589822,-0.06543034,-0.07228024,0.8959438,0.03193345,-0.437082,0.003725067,0.003310364,-0.0243245,0.5977478,0.07830811,0.7978363,0.02750208,0.002864746,-0.02297809,0.02750208,0.002864746,-0.02297809,0.5933838,0.1054993,0.7979584,0.5933838,0.1054993,0.7979584,5.349411,5.349411,True,True,True
1610251,63779589493266,-13.58347,2.589822,-0.06543034,-0.07228024,0.8959438,0.03193345,-0.437082,0.003720795,0.00331102,-0.02432489,0.5977325,0.078125,0.7978668,0.02750188,0.002865738,-0.02297809,0.02750188,0.002865738,-0.02297809,0.593399,0.1052704,0.7979736,0.593399,0.1052704,0.7979736,5.355179,5.355179,True,True,True
1610259,63779589493278,-13.58349,2.589805,-0.06546408,-0.07229609,0.8959205,0.03186106,-0.4371324,0.003586502,0.003314011,-0.02433246,0.5977478,0.07879639,0.7977905,0.02750159,0.002866547,-0.02297809,0.02750159,0.002866547,-0.02297809,0.5936737,0.1067352,0.7975769,0.5936737,0.1067352,0.7975769,5.351044,5.351044,True,True,True
1610267,63779589493288,-13.58355,2.589767,-0.0654946,-0.07228311,0.895892,0.03193012,-0.4371877,0.003589218,0.003314316,-0.02433241,0.5980072,0.07873535,0.7976074,0.02750133,0.002867172,-0.0229782,0.02750133,0.002867172,-0.0229782,0.5939789,0.1065979,0.7973633,0.5939789,0.1065979,0.7973633,5.357162,5.357162,True,True,True
1610276,63779589493299,-13.58357,2.589757,-0.06551069,-0.07251231,0.8958762,0.03213012,-0.4371675,0.003580475,0.003314972,-0.02433424,0.5979767,0.07911682,0.7975922,0.02750133,0.002868027,-0.02298009,0.02750133,0.002868027,-0.02298009,0.5941467,0.1066284,0.7972412,0.5941467,0.1066284,0.7972412,5.37529,5.37529,True,True,True
1610284,63779589493310,-13.58365,2.589744,-0.06547683,-0.07265221,0.8958104,0.03220063,-0.4372739,0.003414856,0.003318268,-0.02434392,0.5988159,0.07937622,0.796936,0.02750127,0.002868362,-0.02298041,0.02750127,0.002868362,-0.02298041,0.5953522,0.1070862,0.7962799,0.5953522,0.1070862,0.7962799,5.377167,5.377167,True,True,True
1610292,63779589493310,-13.58365,2.589744,-0.06547683,-0.07265221,0.8958104,0.03220063,-0.4372739,0.00346164,0.003317597,-0.02434198,0.5987244,0.07904053,0.7970428,0.02750127,0.002868546,-0.02298148,0.02750127,0.002868546,-0.02298148,0.5953369,0.10672,0.7963409,0.5953369,0.10672,0.7963409,5.376755,5.376755,True,True,True
1610301,63779589493321,-13.58366,2.589716,-0.06548017,-0.07287882,0.8957878,0.03210425,-0.4372894,0.003348389,0.003320435,-0.02434848,0.5987091,0.07775879,0.7971649,0.02750127,0.002869385,-0.02298148,0.02750127,0.002869385,-0.02298148,0.5953522,0.1048431,0.7965851,0.5953522,0.1048431,0.7965851,5.375122,5.375122,True,True,True
1610309,63779589493332,-13.58369,2.589649,-0.06550854,-0.07300556,0.8957284,0.03195852,-0.4374008,0.00341214,0.003319733,-0.02434487,0.5986938,0.07771301,0.7971802,0.02750127,0.00287001,-0.02298148,0.02750127,0.00287001,-0.02298148,0.5954742,0.1047363,0.7964935,0.5954742,0.1047363,0.7964935,5.388916,5.388916,True,True,True
1610317,63779589493343,-13.58371,2.589629,-0.06548619,-0.07311112,0.8957117,0.03186242,-0.4374244,0.003430252,0.003321228,-0.02434384,0.5987091,0.076828,0.7972565,0.02750133,0.002872986,-0.02298148,0.02750133,0.002872986,-0.02298148,0.5955505,0.102951,0.7966766,0.5955505,0.102951,0.7966766,5.389969,5.389969,True,True,True
1610326,63779589493343,-13.58371,2.589629,-0.06548619,-0.07311112,0.8957117,0.03186242,-0.4374244,0.003339218,0.003322983,-0.02434848,0.5986633,0.07655334,0.7973175,0.02750139,0.002873108,-0.02298079,0.02750139,0.002873108,-0.02298079,0.5955658,0.1028748,0.7966766,0.5955658,0.1028748,0.7966766,5.389969,5.389969,True,True,True
1610334,63779589493355,-13.58372,2.589618,-0.06548786,-0.07307945,0.8956671,0.03168781,-0.4375339,0.003391907,0.003322022,-0.02434541,0.5988617,0.07722473,0.7971039,0.02750188,0.002873154,-0.02298079,0.02750188,0.002873154,-0.02298079,0.5959167,0.1038971,0.7962799,0.5959167,0.1038971,0.7962799,5.395096,5.395096,True,True,True
1610342,63779589493367,-13.58371,2.589625,-0.06550342,-0.07305103,0.8956617,0.03153793,-0.4375602,0.003508881,0.003319992,-0.02433838,0.5990601,0.07835388,0.7968445,0.02750188,0.002873398,-0.02298079,0.02750188,0.002873398,-0.02298079,0.5962677,0.1056824,0.7957916,0.5962677,0.1056824,0.7957916,5.435089,5.435089,True,True,True
1610351,63779589493377,-13.58373,2.589624,-0.06550401,-0.07294759,0.8956902,0.03141492,-0.437528,0.003633072,0.003318115,-0.02433148,0.5989838,0.07850647,0.7968903,0.02750203,0.002874146,-0.02298079,0.02750203,0.002874146,-0.02298079,0.596283,0.1055298,0.7957916,0.596283,0.1055298,0.7957916,5.434921,5.434921,True,True,True
1610359,63779589493377,-13.58373,2.589624,-0.06550401,-0.07294759,0.8956902,0.03141492,-0.437528,0.003685456,0.003318253,-0.02432852,0.5990295,0.07830811,0.796875,0.02750273,0.002874298,-0.02298079,0.02750273,0.002874298,-0.02298079,0.5964813,0.1054993,0.7956543,0.5964813,0.1054993,0.7956543,5.437958,5.437958,True,True,True
1610367,63779589493388,-13.58365,2.589615,-0.06546575,-0.07277921,0.8956921,0.03128045,-0.4375618,0.003821045,0.003317368,-0.02432079,0.5985718,0.07885742,0.7971649,0.02750279,0.00287442,-0.02298026,0.02750279,0.00287442,-0.02298026,0.5958099,0.1061554,0.7960663,0.5958099,0.1061554,0.7960663,5.438004,5.438004,True,True,True
1610376,63779589493399,-13.58366,2.589602,-0.06545883,-0.0727528,0.8956885,0.03114093,-0.4375835,0.003786545,0.003319717,-0.02432239,0.5987549,0.07878113,0.7970428,0.02750447,0.002874573,-0.0229794,0.02750447,0.002874573,-0.0229794,0.5960693,0.1060486,0.7958832,0.5960693,0.1060486,0.7958832,5.438354,5.438354,True,True,True
1610384,63779589493399,-13.58366,2.589602,-0.06545883,-0.0727528,0.8956885,0.03114093,-0.4375835,0.003906357,0.003319016,-0.0243154,0.5990601,0.0765686,0.7970276,0.02750691,0.002875153,-0.02297862,0.02750691,0.002875153,-0.02297862,0.5966949,0.1025543,0.7958679,0.5966949,0.1025543,0.7958679,5.436279,5.436279,True,True,True
1610392,63779589493410,-13.5836,2.589531,-0.06547064,-0.07274367,0.8956839,0.03106641,-0.4375998,0.003851334,0.003320832,-0.02431847,0.5981903,0.07618713,0.7977142,0.02750804,0.002875153,-0.0229784,0.02750804,0.002875153,-0.0229784,0.5953064,0.1023102,0.7969513,0.5953064,0.1023102,0.7969513,5.436615,5.436615,True,True,True
1610401,63779589493421,-13.58365,2.589584,-0.06550843,-0.07262202,0.8957185,0.03093357,-0.4375584,0.003900223,0.003320221,-0.02431578,0.5982819,0.07620239,0.7976379,0.02750858,0.002875153,-0.02297836,0.02750858,0.002875153,-0.02297836,0.5954285,0.102356,0.7968445,0.5954285,0.102356,0.7968445,5.437302,5.437302,True,True,True
1610409,63779589493433,-13.58364,2.589562,-0.06552827,-0.07263429,0.8956839,0.03087018,-0.4376317,0.003854294,0.003321518,-0.02431804,0.5978699,0.07608032,0.7979584,0.02750949,0.002875153,-0.02297778,0.02750949,0.002875153,-0.02297778,0.5949707,0.1021423,0.7972107,0.5949707,0.1021423,0.7972107,5.441833,5.441833,True,True,True
1610417,63779589493433,-13.58363,2.589537,-0.06553841,-0.07250725,0.8956904,0.03078658,-0.4376454,0.004065491,0.003317627,-0.02430589,0.5983582,0.07647705,0.7975616,0.02750998,0.002875153,-0.02297748,0.02750998,0.002875153,-0.02297748,0.5960083,0.1025085,0.7963867,0.5960083,0.1025085,0.7963867,5.463455,5.463455,True,True,True
1610426,63779589493443,-13.58363,2.589537,-0.06553841,-0.07250725,0.8956904,0.03078658,-0.4376454,0.004001694,0.00331926,-0.02430945,0.5980072,0.07824707,0.7976532,0.02751125,0.002875626,-0.02297733,0.02751125,0.002875626,-0.02297733,0.5953369,0.1056519,0.7964935,0.5953369,0.1056519,0.7964935,5.445435,5.445435,True,True,True
1610434,63779589493455,-13.58364,2.589516,-0.06554031,-0.07232729,0.8957057,0.03068418,-0.4376512,0.004000046,0.003319473,-0.02430977,0.5976715,0.07818604,0.7978973,0.0275121,0.002875641,-0.02297635,0.0275121,0.002875641,-0.02297635,0.5949097,0.1054688,0.7968292,0.5949097,0.1054688,0.7968292,5.439499,5.439499,True,True,True
1610442,63779589493466,-13.58363,2.589506,-0.06551945,-0.07226279,0.8957379,0.03057322,-0.4376035,0.003970276,0.003320114,-0.02430881,0.5980072,0.07861328,0.7976074,0.02751212,0.002875656,-0.02297176,0.02751212,0.002875656,-0.02297176,0.5956116,0.1062927,0.7962036,0.5956116,0.1062927,0.7962036,5.447037,5.447037,True,True,True
1610451,63779589493466,-13.58363,2.589506,-0.06551945,-0.07226279,0.8957379,0.03057322,-0.4376035,0.004063919,0.003318405,-0.02430126,0.5987091,0.07873535,0.7970734,0.02751308,0.002875702,-0.02296791,0.02751308,0.002875702,-0.02296791,0.5968018,0.1062469,0.7953186,0.5968018,0.1062469,0.7953186,5.46875,5.46875,True,True,True
1610459,63779589493477,-13.58361,2.589439,-0.06538361,-0.07203459,0.8957654,0.03053432,-0.4375876,0.00345192,0.003330673,-0.024336,0.5973816,0.07720947,0.7982178,0.0275147,0.0028759,-0.0229677,0.0275147,0.0028759,-0.0229677,0.5946655,0.1051941,0.7970428,0.5946655,0.1051941,0.7970428,5.445038,5.445038,True,True,True
1610467,63779589493488,-13.58361,2.589435,-0.065359,-0.07199512,0.8958185,0.03041573,-0.4374937,0.004196335,0.003316727,-0.02429367,0.5982361,0.07821655,0.7974701,0.02751485,0.002875916,-0.02296724,0.02751485,0.002875916,-0.02296724,0.596283,0.1054688,0.7958069,0.596283,0.1054688,0.7958069,5.467651,5.467651,True,True,True
1610476,63779589493499,-13.58354,2.589456,-0.06544811,-0.07192956,0.8957774,0.03028502,-0.4375978,0.004254883,0.003315613,-0.0242903,0.5984192,0.07872009,0.797287,0.02751497,0.002875916,-0.02296706,0.02751497,0.002875916,-0.02296706,0.5965729,0.1061707,0.7954865,0.5965729,0.1061707,0.7954865,5.46962,5.46962,True,True,True
1610484,63779589493510,-13.58354,2.589447,-0.06542987,-0.07183695,0.8958072,0.03033444,-0.4375485,0.003350983,0.003333283,-0.02434177,0.5992126,0.07725525,0.7968292,0.02751506,0.002876862,-0.02296698,0.02751506,0.002876862,-0.02296698,0.5967865,0.1053619,0.7954407,0.5967865,0.1053619,0.7954407,5.48616,5.48616,True,True,True
1610492,63779589493510,-13.58354,2.589447,-0.06542987,-0.07183695,0.8958072,0.03033444,-0.4375485,0.003370606,0.003333588,-0.02434032,0.5984955,0.07696533,0.7974091,0.02751514,0.002878052,-0.02296597,0.02751514,0.002878052,-0.02296597,0.5970306,0.1050568,0.7953033,0.5970306,0.1050568,0.7953033,5.51001,5.51001,True,True,True
1610501,63779589493522,-13.58358,2.589473,-0.0654307,-0.07188597,0.8958318,0.03021215,-0.4374987,0.003460404,0.003332092,-0.02433519,0.5984955,0.07487488,0.7976074,0.02751549,0.002878388,-0.02296558,0.02751549,0.002878388,-0.02296558,0.5968628,0.1036682,0.7956085,0.5968628,0.1036682,0.7956085,5.50766,5.50766,True,True,True
1610509,63779589493532,-13.5836,2.589412,-0.06545526,-0.07181703,0.8958367,0.03020183,-0.4375005,0.004045059,0.003321152,-0.02430177,0.5989227,0.07557678,0.797226,0.02751552,0.002878525,-0.02296486,0.02751552,0.002878525,-0.02296486,0.5968933,0.1035461,0.7956085,0.5968933,0.1035461,0.7956085,5.507858,5.507858,True,True,True
1610517,63779589493543,-13.5836,2.589409,-0.06545138,-0.07175206,0.895865,0.0302954,-0.4374468,0.003862808,0.003333451,-0.02431351,0.6003113,0.08068848,0.7956696,0.02753349,0.002891602,-0.02296283,0.02753349,0.002891602,-0.02296283,0.5968475,0.1124878,0.7944183,0.5968475,0.1124878,0.7944183,5.530396,5.530396,True,True,True
1610526,63779589493543,-13.5836,2.589409,-0.06545138,-0.07175206,0.895865,0.0302954,-0.4374468,0.002667954,0.003356888,-0.02433664,0.5842133,0.07284546,0.8083191,0.02756265,0.002889755,-0.02290085,0.02756265,0.002889755,-0.02290085,0.5743408,0.09811401,0.8126984,0.5743408,0.09811401,0.8126984,5.493286,5.493286,True,True,True
1610534,63779589493554,-13.58361,2.589415,-0.06549048,-0.07166837,0.8959083,0.03029203,-0.4373721,0.001626343,0.003386932,-0.02438155,0.5742645,0.07817078,0.8149261,0.02757102,0.002898285,-0.02288875,0.02757102,0.002898285,-0.02288875,0.5614166,0.1062622,0.8206635,0.5614166,0.1062622,0.8206635,5.364471,5.364471,True,True,True
1610542,63779589493566,-13.5836,2.589397,-0.06550282,-0.0716829,0.8958727,0.03046782,-0.4374305,0.0005960846,0.003419617,-0.0244337,0.5693054,0.08448792,0.817749,0.02757996,0.002911804,-0.02287995,0.02757996,0.002911804,-0.02287995,0.5568085,0.110321,0.8232727,0.5568085,0.110321,0.8232727,5.413544,5.413544,True,True,True
1610551,63779589493576,-13.58355,2.589454,-0.06549317,-0.07175517,0.8958734,0.03050316,-0.4374147,-0.0003478241,0.003434937,-0.02447234,0.5679779,0.07336426,0.8197632,0.02758425,0.002905915,-0.02286169,0.02758425,0.002905915,-0.02286169,0.5517731,0.1042328,0.8274384,0.5517731,0.1042328,0.8274384,5.443619,5.443619,True,True,True
1610559,63779589493576,-13.58355,2.589454,-0.06549317,-0.07175517,0.8958734,0.03050316,-0.4374147,-0.001240692,0.003454819,-0.02453536,0.5724487,0.0745697,0.8165283,0.02758252,0.002905075,-0.02286122,0.02758252,0.002905075,-0.02286122,0.5543213,0.0994873,0.8263245,0.5543213,0.0994873,0.8263245,5.464752,5.464752,True,True,True
1610567,63779589493588,-13.58348,2.589494,-0.06547326,-0.07185233,0.8958768,0.0306348,-0.4373826,-0.001167343,0.00345372,-0.02453134,0.5724182,0.07914734,0.8161163,0.0275808,0.002905915,-0.02286169,0.0275808,0.002905915,-0.02286169,0.5562897,0.1047516,0.8243408,0.5562897,0.1047516,0.8243408,5.449203,5.449203,True,True,True
1610576,63779589493599,-13.58345,2.589506,-0.06546628,-0.07187298,0.8958414,0.03065402,-0.4374503,-0.0002541199,0.003436478,-0.02447911,0.5716705,0.07781982,0.8167725,0.02758171,0.002906021,-0.02286307,0.02758171,0.002906021,-0.02286307,0.553772,0.1039886,0.8261414,0.553772,0.1039886,0.8261414,5.438385,5.438385,True,True,True
1610584,63779589493599,-13.58345,2.589506,-0.06546628,-0.07187298,0.8958414,0.03065402,-0.4374503,0.0008017274,0.003416763,-0.0244186,0.5715942,0.08032227,0.8165741,0.02758229,0.002906143,-0.02286444,0.02758229,0.002906143,-0.02286444,0.5566254,0.1037598,0.8242493,0.5566254,0.1037598,0.8242493,5.448471,5.448471,True,True,True
1610592,63779589493610,-13.58344,2.589481,-0.06544298,-0.07186636,0.8958473,0.03066859,-0.4374384,0.001927475,0.003395783,-0.02435352,0.5700684,0.08236694,0.8174438,0.02758246,0.002906418,-0.02286495,0.02758246,0.002906418,-0.02286495,0.5565491,0.1028442,0.8244019,0.5565491,0.1028442,0.8244019,5.461304,5.461304,True,True,True
1610601,63779589493622,-13.58343,2.589488,-0.06542605,-0.07186105,0.8958442,0.03074799,-0.4374399,0.0031306,0.003373169,-0.02428394,0.5691071,0.08312988,0.8180389,0.02758263,0.002906708,-0.02286545,0.02758263,0.002906708,-0.02286545,0.5563507,0.103714,0.8244324,0.5563507,0.103714,0.8244324,5.452209,5.452209,True,True,True
1610609,63779589493633,-13.58343,2.589459,-0.06536263,-0.0718369,0.8958294,0.03086689,-0.4374657,0.004259171,0.00335202,-0.02421842,0.5687408,0.08479309,0.8181152,0.0275831,0.002907059,-0.02286528,0.0275831,0.002907059,-0.02286528,0.556427,0.1042023,0.8243256,0.556427,0.1042023,0.8243256,5.455338,5.455338,True,True,True
1610617,63779589493633,-13.58343,2.589459,-0.06536263,-0.0718369,0.8958294,0.03086689,-0.4374657,0.004198914,0.003353394,-0.02422183,0.5692596,0.08450317,0.8177948,0.02758356,0.002907425,-0.02286511,0.02758356,0.002907425,-0.02286511,0.5564728,0.1043243,0.8242798,0.5564728,0.1043243,0.8242798,5.453094,5.453094,True,True,True
1610626,63779589493644,-13.58341,2.589465,-0.06535506,-0.07182116,0.8958099,0.03086395,-0.4375085,0.004227967,0.003352631,-0.02421997,0.5691528,0.08473206,0.8178406,0.02758391,0.002907059,-0.02286478,0.02758391,0.002907059,-0.02286478,0.5555573,0.1038971,0.8249512,0.5555573,0.1038971,0.8249512,5.454071,5.454071,True,True,True
1610634,63779589493655,-13.58338,2.589481,-0.06531888,-0.07180683,0.8958137,0.0308859,-0.4375015,0.003709442,0.003362305,-0.02424989,0.5687103,0.08409119,0.818222,0.02758425,0.002906708,-0.02286444,0.02758425,0.002906708,-0.02286444,0.5546417,0.1042633,0.8255157,0.5546417,0.1042633,0.8255157,5.450958,5.450958,True,True,True
1610642,63779589493667,-13.58338,2.589446,-0.06528556,-0.07178799,0.8958508,0.03101924,-0.4374193,0.004085281,0.003355057,-0.02422812,0.5687866,0.08380127,0.8181915,0.02758478,0.002906555,-0.0228644,0.02758478,0.002906555,-0.0228644,0.5547943,0.1038971,0.82547,0.5547943,0.1038971,0.82547,5.453735,5.453735,True,True,True
1610650,63779589493667,-13.58338,2.589446,-0.06528556,-0.07178799,0.8958508,0.03101924,-0.4374193,0.004285202,0.003351212,-0.02421654,0.5685425,0.08364868,0.8183746,0.02758531,0.002906387,-0.02286437,0.02758531,0.002906387,-0.02286437,0.5549469,0.1035767,0.8253937,0.5549469,0.1035767,0.8253937,5.455948,5.455948,True,True,True
1610659,63779589493678,-13.58333,2.589462,-0.06527841,-0.07178134,0.8958122,0.03096353,-0.4375034,0.004153656,0.003353592,-0.02422362,0.5689697,0.08332825,0.8181152,0.02758591,0.002906265,-0.02286336,0.02758591,0.002906265,-0.02286336,0.555191,0.1032867,0.8252716,0.555191,0.1032867,0.8252716,5.465271,5.465271,True,True,True
1610667,63779589493689,-13.58334,2.589487,-0.06527686,-0.07173748,0.8958567,0.03102934,-0.4374146,0.004264236,0.003351486,-0.02421695,0.5693207,0.08364868,0.8178406,0.02758652,0.002906143,-0.02286235,0.02758652,0.002906143,-0.02286235,0.5554047,0.1036377,0.8250732,0.5554047,0.1036377,0.8250732,5.475128,5.475128,True,True,True
1610675,63779589493700,-13.5833,2.589486,-0.06529051,-0.07171123,0.8958372,0.03108309,-0.4374551,0.004173355,0.00335315,-0.02422257,0.5693817,0.08357239,0.8177948,0.02758707,0.002906143,-0.02286235,0.02758707,0.002906143,-0.02286235,0.5555573,0.1036682,0.8249664,0.5555573,0.1036682,0.8249664,5.476547,5.476547,True,True,True
1610684,63779589493710,-13.58332,2.589532,-0.06530446,-0.07169132,0.895831,0.03109101,-0.4374708,0.004195359,0.003352799,-0.02422197,0.569458,0.08361816,0.817749,0.02758786,0.002906143,-0.02286235,0.02758786,0.002906143,-0.02286235,0.5557404,0.1036835,0.8248444,0.5557404,0.1036835,0.8248444,5.475723,5.475723,True,True,True
1610692,63779589493710,-13.58332,2.589532,-0.06530446,-0.07169132,0.895831,0.03109101,-0.4374708,0.004059692,0.003354981,-0.02422931,0.5695038,0.08255005,0.8178253,0.02758788,0.002905457,-0.02286078,0.02758788,0.002905457,-0.02286078,0.5556335,0.1031494,0.8249969,0.5556335,0.1031494,0.8249969,5.476181,5.476181,True,True,True
1610700,63779589493722,-13.58337,2.589499,-0.06528002,-0.07164286,0.8958643,0.03121523,-0.4374015,0.003963562,0.003356293,-0.02423453,0.5695648,0.08258057,0.8177795,0.02758803,0.002904572,-0.02285973,0.02758803,0.002904572,-0.02285973,0.5556641,0.1033173,0.8249512,0.5556641,0.1033173,0.8249512,5.476364,5.476364,True,True,True
1610709,63779589493733,-13.58336,2.589526,-0.06526327,-0.07170735,0.8958511,0.03125201,-0.4374152,0.003922333,0.003357086,-0.02423702,0.5700989,0.08262634,0.8173981,0.02758927,0.002904541,-0.02285961,0.02758927,0.002904541,-0.02285961,0.5559845,0.103363,0.8247223,0.5559845,0.103363,0.8247223,5.47818,5.47818,True,True,True
1610717,63779589493733,-13.58336,2.589526,-0.06526327,-0.07170735,0.8958511,0.03125201,-0.4374152,0.003969849,0.003355744,-0.02423378,0.569519,0.08270264,0.8177948,0.02758927,0.002903915,-0.02285811,0.02758927,0.002903915,-0.02285811,0.5549164,0.1033478,0.8254547,0.5549164,0.1033478,0.8254547,5.477066,5.477066,True,True,True
1610725,63779589493744,-13.5834,2.589489,-0.06525928,-0.07177786,0.8958637,0.03141963,-0.4373661,0.00392955,0.0033564,-0.02423619,0.569458,0.08071899,0.8180389,0.02758959,0.00290387,-0.02285774,0.02758959,0.00290387,-0.02285774,0.5548248,0.1025085,0.8256073,0.5548248,0.1025085,0.8256073,5.476227,5.476227,True,True,True
1610734,63779589493755,-13.5834,2.589499,-0.06525177,-0.07179076,0.8958648,0.03163012,-0.4373465,0.003746002,0.003359848,-0.02424655,0.5695648,0.07980347,0.8180542,0.02758959,0.002903824,-0.02285715,0.02758959,0.002903824,-0.02285715,0.5548553,0.1012421,0.8257446,0.5548553,0.1012421,0.8257446,5.476212,5.476212,True,True,True
1610742,63779589493767,-13.58337,2.589508,-0.06519508,-0.07182207,0.8958602,0.03174607,-0.4373423,0.003843201,0.003357727,-0.02424065,0.5697784,0.0799408,0.8178864,0.02758959,0.002903366,-0.0228567,0.02758959,0.002903366,-0.0228567,0.5548706,0.1013336,0.8257294,0.5548706,0.1013336,0.8257294,5.476608,5.476608,True,True,True
1610750,63779589493777,-13.58338,2.58956,-0.06512666,-0.07177507,0.8958353,0.03187473,-0.4373914,0.00378273,0.003358658,-0.02424314,0.56987,0.08018494,0.8177948,0.02758959,0.002903229,-0.02285487,0.02758959,0.002903229,-0.02285487,0.5548859,0.1017914,0.8256683,0.5548859,0.1017914,0.8256683,5.477264,5.477264,True,True,True
1610759,63779589493777,-13.58338,2.58956,-0.06512666,-0.07177507,0.8958353,0.03187473,-0.4373914,0.003686829,0.003360581,-0.02424881,0.5704803,0.07992554,0.8173981,0.02758959,0.002903183,-0.02285483,0.02758959,0.002903183,-0.02285483,0.5551758,0.1014252,0.8255157,0.5551758,0.1014252,0.8255157,5.506592,5.506592,True,True,True
1610767,63779589493789,-13.58335,2.589572,-0.06507689,-0.07176484,0.8958206,0.03201591,-0.437413,0.003563049,0.00336258,-0.02425604,0.5702972,0.08004761,0.8175201,0.02758959,0.002902954,-0.02285468,0.02758959,0.002902954,-0.02285468,0.5554657,0.1018066,0.8252716,0.5554657,0.1018066,0.8252716,5.518402,5.518402,True,True,True
1610775,63779589493799,-13.58333,2.58959,-0.06502974,-0.07173672,0.8957818,0.03219001,-0.4374844,0.003582382,0.003362091,-0.02425333,0.5706635,0.08009338,0.8172455,0.02758928,0.002902756,-0.02285198,0.02758928,0.002902756,-0.02285198,0.5554047,0.1016693,0.8253326,0.5554047,0.1016693,0.8253326,5.518356,5.518356,True,True,True
1610784,63779589493811,-13.58333,2.589613,-0.06500357,-0.07179479,0.8957737,0.03227461,-0.4374852,0.003664398,0.003359451,-0.02424889,0.5729675,0.08065796,0.8155823,0.02758927,0.002901123,-0.02285198,0.02758927,0.002901123,-0.02285198,0.559494,0.102417,0.822464,0.559494,0.102417,0.822464,5.539856,5.539856,True,True,True
1610792,63779589493811,-13.58333,2.589613,-0.06500357,-0.07179479,0.8957737,0.03227461,-0.4374852,0.003639557,0.003359802,-0.02425066,0.5731812,0.08125305,0.8153839,0.02758927,0.002900925,-0.02285198,0.02758927,0.002900925,-0.02285198,0.559906,0.1015778,0.8222961,0.559906,0.1015778,0.8222961,5.539749,5.539749,True,True,True
1610800,63779589493822,-13.58334,2.58961,-0.06502312,-0.0716866,0.8957458,0.03241782,-0.4375494,0.003707123,0.003358277,-0.02424678,0.5731964,0.08021545,0.8154755,0.02758917,0.002900604,-0.02285198,0.02758917,0.002900604,-0.02285198,0.5600128,0.1015778,0.8222198,0.5600128,0.1015778,0.8222198,5.542389,5.542389,True,True,True
1610809,63779589493833,-13.58334,2.589619,-0.0649966,-0.07177011,0.895726,0.03248261,-0.4375717,0.00374762,0.00335701,-0.02424475,0.5734558,0.08044434,0.8152618,0.02758917,0.002899765,-0.02285198,0.02758917,0.002899765,-0.02285198,0.5605316,0.1018677,0.8218384,0.5605316,0.1018677,0.8218384,5.548965,5.548965,True,True,True
1610817,63779589493844,-13.58333,2.589662,-0.0649913,-0.07179798,0.8957279,0.03251178,-0.437561,0.003794922,0.00335585,-0.02424207,0.5738678,0.08070374,0.8149567,0.02758917,0.002899338,-0.02285198,0.02758917,0.002899338,-0.02285198,0.5604706,0.1021118,0.8218384,0.5604706,0.1021118,0.8218384,5.543396,5.543396,True,True,True
1610825,63779589493844,-13.58333,2.589662,-0.0649913,-0.07179798,0.8957279,0.03251178,-0.437561,0.003874069,0.003354355,-0.02423813,0.5740509,0.08018494,0.8148651,0.02758917,0.002899307,-0.02285191,0.02758917,0.002899307,-0.02285191,0.5604858,0.1009674,0.8219604,0.5604858,0.1009674,0.8219604,5.542572,5.542572,True,True,True
1610834,63779589493855,-13.58329,2.589647,-0.06490546,-0.07182091,0.895717,0.03250295,-0.4375802,0.00392569,0.003353134,-0.0242347,0.5738068,0.08026123,0.815033,0.02758917,0.002898911,-0.02285083,0.02758917,0.002898911,-0.02285083,0.5601196,0.1010132,0.8222198,0.5601196,0.1010132,0.8222198,5.552567,5.552567,True,True,True
1610842,63779589493867,-13.58328,2.589695,-0.06488252,-0.07177272,0.8957201,0.03256711,-0.4375769,0.0040009,0.00335167,-0.02423065,0.5757141,0.0801239,0.8137054,0.02758917,0.002898865,-0.02285083,0.02758917,0.002898865,-0.02285083,0.563446,0.1011353,0.819931,0.563446,0.1011353,0.819931,5.556641,5.556641,True,True,True
1610850,63779589493877,-13.58321,2.589694,-0.06486154,-0.07176063,0.8957467,0.03255099,-0.4375257,0.004053055,0.003350754,-0.02422861,0.5766602,0.08059692,0.8129883,0.02758917,0.002898804,-0.02285191,0.02758917,0.002898804,-0.02285191,0.5649872,0.1013794,0.8188324,0.5649872,0.1013794,0.8188324,5.569336,5.569336,True,True,True
1610859,63779589493877,-13.58321,2.589694,-0.06486154,-0.07176063,0.8957467,0.03255099,-0.4375257,0.004058777,0.003350357,-0.02422876,0.5764618,0.08061218,0.8131256,0.02758917,0.002898239,-0.02285255,0.02758917,0.002898239,-0.02285255,0.564743,0.1018982,0.8189392,0.564743,0.1018982,0.8189392,5.569473,5.569473,True,True,True
1610867,63779589493889,-13.58319,2.58967,-0.06486392,-0.07179242,0.895734,0.0326332,-0.4375403,0.004069458,0.003349655,-0.02422939,0.5762329,0.08061218,0.8132935,0.02758927,0.0028974,-0.02285301,0.02758927,0.0028974,-0.02285301,0.5647736,0.1018066,0.818924,0.5647736,0.1018066,0.818924,5.569458,5.569458,True,True,True
1610875,63779589493900,-13.58318,2.589676,-0.06484348,-0.07177033,0.895733,0.03259791,-0.4375487,0.004078995,0.003349335,-0.02422919,0.5764618,0.07984924,0.8132019,0.02758957,0.002896927,-0.02285307,0.02758957,0.002896927,-0.02285307,0.5650787,0.1013641,0.8187714,0.5650787,0.1013641,0.8187714,5.569427,5.569427,True,True,True
1610884,63779589493911,-13.58323,2.589652,-0.06483144,-0.07186876,0.8957581,0.0325316,-0.437486,0.0040607,0.003349686,-0.02423045,0.5764771,0.07977295,0.8131866,0.02759006,0.002896912,-0.02285336,0.02759006,0.002896912,-0.02285336,0.5648651,0.1013489,0.818924,0.5648651,0.1013489,0.818924,5.558487,5.558487,True,True,True
1610892,63779589493911,-13.58323,2.589652,-0.06483144,-0.07186876,0.8957581,0.0325316,-0.437486,0.003637329,0.003357956,-0.02425525,0.5760193,0.07833862,0.8136597,0.02759026,0.002896912,-0.02285336,0.02759026,0.002896912,-0.02285336,0.5636749,0.1012115,0.8197479,0.5636749,0.1012115,0.8197479,5.556824,5.556824,True,True,True
1610900,63779589493922,-13.58326,2.589642,-0.06480181,-0.07185128,0.8957831,0.03258505,-0.4374336,0.004016999,0.003350647,-0.02423303,0.5760956,0.07901001,0.8135376,0.02759026,0.002896912,-0.02285336,0.02759026,0.002896912,-0.02285336,0.5641022,0.1018829,0.8193817,0.5641022,0.1018829,0.8193817,5.553589,5.553589,True,True,True
1610909,63779589493933,-13.58326,2.589598,-0.06475574,-0.07188699,0.8957273,0.03259193,-0.4375415,0.003573487,0.003359268,-0.02425882,0.5763245,0.07855225,0.8134155,0.02759026,0.002896897,-0.02285307,0.02759026,0.002896897,-0.02285307,0.5641022,0.1018677,0.8193817,0.5641022,0.1018677,0.8193817,5.553574,5.553574,True,True,True
1610917,63779589493944,-13.58329,2.589598,-0.0647127,-0.07180858,0.8957402,0.03259125,-0.4375281,0.003718094,0.003356476,-0.02425031,0.5762177,0.07858276,0.8134918,0.02759026,0.002896897,-0.02285301,0.02759026,0.002896897,-0.02285301,0.5640411,0.1021423,0.819397,0.5640411,0.1021423,0.819397,5.547577,5.547577,True,True,True
1610925,63779589493944,-13.58329,2.589598,-0.0647127,-0.07180858,0.8957402,0.03259125,-0.4375281,0.003747177,0.003355927,-0.02424861,0.5766449,0.07865906,0.8131866,0.02759026,0.002896897,-0.02285301,0.02759026,0.002896897,-0.02285301,0.5647888,0.1022339,0.8188629,0.5647888,0.1022339,0.8188629,5.548508,5.548508,True,True,True
1610934,63779589493944,-13.58329,2.589598,-0.0647127,-0.07180858,0.8957402,0.03259125,-0.4375281,0.003603073,0.003358811,-0.02425644,0.576828,0.07823181,0.8130951,0.02759006,0.002896912,-0.02285191,0.02759006,0.002896912,-0.02285191,0.5647583,0.1017761,0.8189392,0.5647583,0.1017761,0.8189392,5.548126,5.548126,True,True,True
1610942,63779589493967,-13.58333,2.589563,-0.06470811,-0.07170729,0.8957772,0.03247677,-0.4374774,0.00358458,0.003359207,-0.02425768,0.5769653,0.07824707,0.8129883,0.02759006,0.002896912,-0.02285179,0.02759006,0.002896912,-0.02285179,0.5647583,0.1017761,0.8189392,0.5647583,0.1017761,0.8189392,5.548157,5.548157,True,True,True
1610950,63779589493973,-13.58333,2.58955,-0.06470114,-0.0716285,0.8957568,0.03249589,-0.4375307,0.003397034,0.003362915,-0.0242684,0.5767975,0.07821655,0.8131256,0.02758957,0.002896927,-0.02285176,0.02758957,0.002896927,-0.02285176,0.5646362,0.1021271,0.818985,0.5646362,0.1021271,0.818985,5.548248,5.548248,True,True,True
1610959,63779589493984,-13.58338,2.58955,-0.06465381,-0.0717475,0.8957529,0.0323622,-0.437529,0.003470307,0.003361786,-0.02426413,0.576767,0.07925415,0.8130493,0.02758948,0.002897385,-0.02285179,0.02758948,0.002897385,-0.02285179,0.5646057,0.1038055,0.8187866,0.5646057,0.1038055,0.8187866,5.549866,5.549866,True,True,True
1610967,63779589493984,-13.58338,2.58955,-0.06465381,-0.0717475,0.8957529,0.0323622,-0.437529,0.003665222,0.003358124,-0.02425269,0.576767,0.08039856,0.8129272,0.02758897,0.0028974,-0.02285176,0.02758897,0.0028974,-0.02285176,0.5644836,0.1038208,0.8188782,0.5644836,0.1038208,0.8188782,5.549545,5.549545,True,True,True
1610975,63779589493994,-13.58327,2.589563,-0.06456584,-0.0715403,0.8957883,0.03234615,-0.4374917,0.003624832,0.003359131,-0.02425498,0.5765228,0.08024597,0.8131104,0.02758847,0.002897644,-0.02285167,0.02758847,0.002897644,-0.02285167,0.5643616,0.1036987,0.8189697,0.5643616,0.1036987,0.8189697,5.549408,5.549408,True,True,True
1610984,63779589494005,-13.58327,2.589565,-0.06453937,-0.0715194,0.8958303,0.03232866,-0.4374106,0.003449356,0.003362686,-0.02426521,0.5764771,0.08010864,0.8131561,0.02758809,0.002897858,-0.02285161,0.02758809,0.002897858,-0.02285161,0.5638123,0.1032104,0.8194122,0.5638123,0.1032104,0.8194122,5.548447,5.548447,True,True,True
1610992,63779589494017,-13.58323,2.5896,-0.06451499,-0.07150381,0.89579,0.03225925,-0.4375006,0.003357117,0.003364716,-0.02427042,0.5765076,0.07965088,0.8131866,0.02758751,0.002897934,-0.02285132,0.02758751,0.002897934,-0.02285132,0.5637665,0.1031647,0.819458,0.5637665,0.1031647,0.819458,5.556427,5.556427,True,True,True
1611000,63779589494017,-13.58323,2.5896,-0.06451499,-0.07150381,0.89579,0.03225925,-0.4375006,0.003205567,0.00336818,-0.02427934,0.5765839,0.0793457,0.8131714,0.02758746,0.002898331,-0.0228512,0.02758746,0.002898331,-0.0228512,0.5637665,0.1030273,0.8194733,0.5637665,0.1030273,0.8194733,5.557343,5.557343,True,True,True
1611009,63779589494028,-13.58324,2.589557,-0.06447643,-0.07149713,0.8957649,0.03240736,-0.4375421,0.003201355,0.003368393,-0.02427948,0.5764923,0.07962036,0.8132019,0.02758737,0.002898407,-0.022851,0.02758737,0.002898407,-0.022851,0.5638733,0.1035614,0.8193207,0.5638733,0.1035614,0.8193207,5.573105,5.573105,True,True,True
1611017,63779589494039,-13.58326,2.589559,-0.06444466,-0.07147019,0.8957792,0.03244407,-0.4375145,0.003374146,0.003365326,-0.02426944,0.5763855,0.07949829,0.8132935,0.02758727,0.002898743,-0.02285088,0.02758727,0.002898743,-0.02285088,0.563858,0.1030884,0.819397,0.563858,0.1030884,0.819397,5.572662,5.572662,True,True,True
1611025,63779589494050,-13.58329,2.589608,-0.06449205,-0.07133864,0.8957868,0.03236702,-0.4375263,0.003239746,0.003368973,-0.02427808,0.576004,0.07931519,0.8135681,0.0275867,0.002899277,-0.02285042,0.0275867,0.002899277,-0.02285042,0.5637512,0.1028595,0.8195038,0.5637512,0.1028595,0.8195038,5.575073,5.575073,True,True,True
1611034,63779589494050,-13.58329,2.589608,-0.06449205,-0.07133864,0.8957868,0.03236702,-0.4375263,0.003321335,0.003367981,-0.02427315,0.5763092,0.07931519,0.8133545,0.02758658,0.002899994,-0.02284984,0.02758658,0.002899994,-0.02284984,0.5637512,0.1027069,0.819519,0.5637512,0.1027069,0.819519,5.577606,5.577606,True,True,True
1611042,63779589494061,-13.58329,2.589618,-0.06453925,-0.07135423,0.8957601,0.0323914,-0.4375764,0.003396271,0.003366745,-0.02426787,0.5759125,0.07975769,0.8135986,0.02758649,0.002900254,-0.02284818,0.02758649,0.002900254,-0.02284818,0.5637512,0.1024933,0.8195496,0.5637512,0.1024933,0.8195496,5.577393,5.577393,True,True,True
1611050,63779589494072,-13.58327,2.589612,-0.06451851,-0.07129927,0.895707,0.0324746,-0.4376881,0.003317719,0.0033685,-0.02427254,0.5759125,0.07989502,0.8135834,0.02758626,0.002900635,-0.02284796,0.02758626,0.002900635,-0.02284796,0.5637054,0.1025696,0.8195801,0.5637054,0.1025696,0.8195801,5.577362,5.577362,True,True,True
1611059,63779589494083,-13.58329,2.589638,-0.06451184,-0.07129803,0.8957002,0.03270736,-0.4376849,0.00337291,0.003367798,-0.02426874,0.5757904,0.07987976,0.8136749,0.027586,0.002901261,-0.02284688,0.027586,0.002901261,-0.02284688,0.5636444,0.1025238,0.8196106,0.5636444,0.1025238,0.8196106,5.577301,5.577301,True,True,True
1611067,63779589494083,-13.58329,2.589638,-0.06451184,-0.07129803,0.8957002,0.03270736,-0.4376849,0.00348201,0.003365723,-0.02426225,0.5758972,0.0798645,0.8135986,0.02758583,0.002901322,-0.02284645,0.02758583,0.002901322,-0.02284645,0.5640564,0.1025696,0.8193207,0.5640564,0.1025696,0.8193207,5.577866,5.577866,True,True,True
1611075,63779589494094,-13.58335,2.589664,-0.06452477,-0.07151289,0.8956271,0.03306618,-0.4377722,0.003668274,0.003362305,-0.02425107,0.5764923,0.08004761,0.8131561,0.02758563,0.002901627,-0.02284595,0.02758563,0.002901627,-0.02284595,0.5652466,0.1023102,0.8185425,0.5652466,0.1023102,0.8185425,5.57933,5.57933,True,True,True
1611084,63779589494106,-13.58338,2.589596,-0.06449699,-0.07163234,0.8955624,0.03332056,-0.437866,0.003733353,0.003361099,-0.0242471,0.5764008,0.08113098,0.8131256,0.02758524,0.002901703,-0.02284564,0.02758524,0.002901703,-0.02284564,0.565155,0.1020813,0.818634,0.565155,0.1020813,0.818634,5.578918,5.578918,True,True,True
1611092,63779589494117,-13.58345,2.589635,-0.0645721,-0.07185022,0.8954785,0.03346687,-0.4379906,0.003723831,0.00336145,-0.02424786,0.5763702,0.08071899,0.8131714,0.02758524,0.00290181,-0.02284532,0.02758524,0.00290181,-0.02284532,0.5651093,0.1021729,0.8186493,0.5651093,0.1021729,0.8186493,5.573471,5.573471,True,True,True
1611100,63779589494117,-13.58345,2.589635,-0.0645721,-0.07185022,0.8954785,0.03346687,-0.4379906,0.003751358,0.003361008,-0.02424625,0.5764313,0.07989502,0.8132172,0.02758559,0.00290181,-0.0228452,0.02758559,0.00290181,-0.0228452,0.5651855,0.1022034,0.8185883,0.5651855,0.1022034,0.8185883,5.573471,5.573471,True,True,True
1611109,63779589494128,-13.58343,2.589597,-0.06456798,-0.07199869,0.8954421,0.03348112,-0.4380396,0.003797211,0.003360138,-0.0242437,0.5764008,0.08100891,0.8131256,0.02758559,0.00290181,-0.0228452,0.02758559,0.00290181,-0.0228452,0.565155,0.1046143,0.8183136,0.565155,0.1046143,0.8183136,5.575714,5.575714,True,True,True
1611117,63779589494139,-13.58344,2.589579,-0.06456095,-0.07216974,0.8954088,0.03365156,-0.4380665,0.003897842,0.003358216,-0.02423782,0.5763092,0.08232117,0.8130646,0.02758559,0.00290181,-0.0228452,0.02758559,0.00290181,-0.0228452,0.5652161,0.1046906,0.8182678,0.5652161,0.1046906,0.8182678,5.581284,5.581284,True,True,True
1611125,63779589494150,-13.58338,2.589668,-0.06451577,-0.07217727,0.895421,0.03348337,-0.4380533,0.003869171,0.003358841,-0.02423953,0.5763245,0.08226013,0.8130646,0.02758563,0.002901703,-0.0228452,0.02758563,0.002901703,-0.0228452,0.5652313,0.1046753,0.8182526,0.5652313,0.1046753,0.8182526,5.581451,5.581451,True,True,True
1611134,63779589494150,-13.58338,2.589668,-0.06451577,-0.07217727,0.895421,0.03348337,-0.4380533,0.003929947,0.003357636,-0.02423592,0.5762482,0.08139038,0.8132019,0.02758583,0.002901627,-0.02284488,0.02758583,0.002901627,-0.02284488,0.5652008,0.1022186,0.8185883,0.5652008,0.1022186,0.8185883,5.569077,5.569077,True,True,True
1611142,63779589494161,-13.58339,2.5897,-0.06447923,-0.07210294,0.895416,0.03357348,-0.4380687,0.003899536,0.003358216,-0.02423792,0.5761414,0.08283997,0.8131256,0.02758583,0.002901627,-0.02284488,0.02758583,0.002901627,-0.02284488,0.5652771,0.1047211,0.818222,0.5652771,0.1047211,0.818222,5.581406,5.581406,True,True,True
1611150,63779589494172,-13.58343,2.589736,-0.06449068,-0.07197542,0.895418,0.03354333,-0.4380878,0.003910721,0.003358002,-0.02423721,0.5762634,0.08155823,0.8131714,0.027586,0.002901627,-0.02284456,0.027586,0.002901627,-0.02284456,0.5655365,0.102356,0.8183289,0.5655365,0.102356,0.8183289,5.5979,5.5979,True,True,True
1611159,63779589494183,-13.5834,2.589759,-0.0644654,-0.07190586,0.8954642,0.03357179,-0.4380027,0.003916061,0.003356842,-0.02423723,0.5760498,0.08171082,0.8133087,0.0275876,0.002899567,-0.02284445,0.0275876,0.002899567,-0.02284445,0.5659027,0.1029053,0.8180084,0.5659027,0.1029053,0.8180084,5.598999,5.598999,True,True,True
1611167,63779589494183,-13.5834,2.589739,-0.06442899,-0.07177169,0.8954997,0.03365451,-0.4379458,0.003927963,0.003357178,-0.0242367,0.5761414,0.08163452,0.8132477,0.02758775,0.002899491,-0.02284445,0.02758775,0.002899491,-0.02284445,0.5655518,0.1029205,0.8182526,0.5655518,0.1029205,0.8182526,5.598907,5.598907,True,True,True
1611175,63779589494194,-13.5834,2.589739,-0.06442899,-0.07177169,0.8954997,0.03365451,-0.4379458,0.003939179,0.003357147,-0.02423615,0.5759277,0.08078003,0.8134918,0.0275903,0.002898392,-0.02284445,0.0275903,0.002898392,-0.02284445,0.5653381,0.1026459,0.8184357,0.5653381,0.1026459,0.8184357,5.598526,5.598526,True,True,True
1611184,63779589494206,-13.58341,2.589759,-0.06442332,-0.07167447,0.8955449,0.03358973,-0.4378743,0.003944123,0.003357224,-0.02423592,0.5762634,0.08079529,0.8132477,0.02759166,0.002898163,-0.02284445,0.02759166,0.002898163,-0.02284445,0.5655975,0.1027374,0.8182373,0.5655975,0.1027374,0.8182373,5.622467,5.622467,True,True,True
1611192,63779589494216,-13.58339,2.589747,-0.06444949,-0.07165189,0.8955218,0.03372424,-0.4379148,0.003951874,0.003356568,-0.02423558,0.5770111,0.08058167,0.8127289,0.02759229,0.002896423,-0.02284445,0.02759229,0.002896423,-0.02284445,0.5659485,0.1024323,0.8180389,0.5659485,0.1024323,0.8180389,5.642181,5.642181,True,True,True
1611200,63779589494216,-13.58339,2.589747,-0.06444949,-0.07165189,0.8955218,0.03372424,-0.4379148,0.00395546,0.003356201,-0.02423561,0.5766907,0.08074951,0.8129425,0.02759235,0.002895828,-0.02284445,0.02759235,0.002895828,-0.02284445,0.5654755,0.1027069,0.8183289,0.5654755,0.1027069,0.8183289,5.642029,5.642029,True,True,True
1611209,63779589494228,-13.58337,2.589728,-0.06442338,-0.07157484,0.895591,0.03365192,-0.4377914,0.003947037,0.003355866,-0.02423595,0.5768738,0.08029175,0.8128662,0.02759363,0.002894867,-0.02284409,0.02759363,0.002894867,-0.02284409,0.5657959,0.1028442,0.8181,0.5657959,0.1028442,0.8181,5.6427,5.6427,True,True,True
1611217,63779589494239,-13.58336,2.589732,-0.06446445,-0.0716239,0.8956106,0.03370094,-0.4377396,0.003705445,0.003359802,-0.02425011,0.5767975,0.08021545,0.8129272,0.02759378,0.002893204,-0.02284377,0.02759378,0.002893204,-0.02284377,0.5658264,0.103241,0.8180237,0.5658264,0.103241,0.8180237,5.643112,5.643112,True,True,True
1611225,63779589494250,-13.58335,2.589723,-0.06447697,-0.07147706,0.8956254,0.03362091,-0.4377395,0.003904785,0.003355499,-0.02423822,0.5760651,0.08041382,0.8134155,0.02759378,0.00289209,-0.0228434,0.02759378,0.00289209,-0.0228434,0.5648346,0.1033478,0.8186951,0.5648346,0.1033478,0.8186951,5.641891,5.641891,True,True,True
1611234,63779589494250,-13.58335,2.589723,-0.06447697,-0.07147706,0.8956254,0.03362091,-0.4377395,0.003918198,0.003355179,-0.02423616,0.5759277,0.08096313,0.8134613,0.02759378,0.002891938,-0.022841,0.02759378,0.002891938,-0.022841,0.5648651,0.1032562,0.8186798,0.5648651,0.1032562,0.8186798,5.642197,5.642197,True,True,True
1611242,63779589494261,-13.58331,2.589637,-0.064484,-0.07132612,0.8956879,0.03359215,-0.4376382,0.003796494,0.003357483,-0.02424314,0.5759735,0.08024597,0.8135071,0.02759378,0.002891632,-0.02284032,0.02759378,0.002891632,-0.02284032,0.5648651,0.103302,0.8186798,0.5648651,0.103302,0.8186798,5.642273,5.642273,True,True,True
1611250,63779589494272,-13.58326,2.589642,-0.06455076,-0.07133877,0.8956963,0.03345117,-0.4376298,0.003740814,0.003358185,-0.02424596,0.5761261,0.08044434,0.8133698,0.02759378,0.002890518,-0.0228385,0.02759378,0.002890518,-0.0228385,0.5649567,0.1037292,0.8185577,0.5649567,0.1037292,0.8185577,5.651108,5.651108,True,True,True
1611259,63779589494283,-13.58321,2.589657,-0.06451166,-0.07130555,0.8957548,0.03328651,-0.437528,0.003693222,0.003359055,-0.02424799,0.5760498,0.08016968,0.8134613,0.02759378,0.002890396,-0.02283704,0.02759378,0.002890396,-0.02283704,0.5649719,0.1043854,0.8184662,0.5649719,0.1043854,0.8184662,5.652023,5.652023,True,True,True
1611267,63779589494283,-13.58321,2.589657,-0.06451166,-0.07130555,0.8957548,0.03328651,-0.437528,0.003676407,0.00335936,-0.02424893,0.5769348,0.08024597,0.8128204,0.02759378,0.002890213,-0.02283647,0.02759378,0.002890213,-0.02283647,0.565979,0.1044922,0.817749,0.565979,0.1044922,0.817749,5.65329,5.65329,True,True,True
1611275,63779589494295,-13.58325,2.589593,-0.06445718,-0.0713151,0.8957702,0.03323985,-0.4374986,0.003675232,0.003359345,-0.02424875,0.5762329,0.0802002,0.813324,0.02759363,0.002889938,-0.02283591,0.02759363,0.002889938,-0.02283591,0.5647888,0.1044312,0.8185883,0.5647888,0.1044312,0.8185883,5.635757,5.635757,True,True,True
1611284,63779589494306,-13.58325,2.589573,-0.06441027,-0.071285,0.8958124,0.03314926,-0.437424,0.00367891,0.003359192,-0.02424846,0.5759125,0.08041382,0.8135223,0.02759357,0.002889832,-0.02283572,0.02759357,0.002889832,-0.02283572,0.5644684,0.1042328,0.8188324,0.5644684,0.1042328,0.8188324,5.603104,5.603104,True,True,True
1611292,63779589494317,-13.58327,2.589585,-0.06438708,-0.07119979,0.8958331,0.03295822,-0.4374098,0.003687134,0.00335878,-0.02424739,0.5764771,0.08045959,0.8131409,0.02759296,0.00288942,-0.02283455,0.02759296,0.00288942,-0.02283455,0.5656586,0.1044769,0.8179779,0.5656586,0.1044769,0.8179779,5.63707,5.63707,True,True,True
1611300,63779589494317,-13.58327,2.589585,-0.06438708,-0.07119979,0.8958331,0.03295822,-0.4374098,0.003705399,0.003358353,-0.02424628,0.576416,0.08052063,0.8131714,0.02759256,0.002889313,-0.02283455,0.02759256,0.002889313,-0.02283455,0.5655518,0.1045685,0.8180389,0.5655518,0.1045685,0.8180389,5.636963,5.636963,True,True,True
1611309,63779589494328,-13.58325,2.589555,-0.06437016,-0.07121713,0.8958293,0.03294039,-0.4374163,0.003756241,0.003357346,-0.02424346,0.5778503,0.08073425,0.8121338,0.0275919,0.002889313,-0.02283455,0.0275919,0.002889313,-0.02283455,0.5682831,0.1048737,0.8161163,0.5682831,0.1048737,0.8161163,5.64061,5.64061,True,True,True
1611317,63779589494339,-13.58324,2.589597,-0.0642941,-0.07112587,0.8958703,0.03286266,-0.4373529,0.003694657,0.003358521,-0.02424684,0.5758362,0.08052063,0.8135834,0.02759014,0.002889313,-0.02283421,0.02759014,0.002889313,-0.02283421,0.5647888,0.1044922,0.818573,0.5647888,0.1044922,0.818573,5.636063,5.636063,True,True,True
1611325,63779589494351,-13.5833,2.589582,-0.06428695,-0.07111283,0.895897,0.03291741,-0.4372962,0.003555878,0.003361252,-0.02425563,0.5777893,0.08128357,0.8121185,0.02758981,0.002889313,-0.02283421,0.02758981,0.002889313,-0.02283421,0.5680542,0.1060791,0.8161163,0.5680542,0.1060791,0.8161163,5.670563,5.670563,True,True,True
1611334,63779589494351,-13.5833,2.589582,-0.06428695,-0.07111283,0.895897,0.03291741,-0.4372962,0.00361496,0.003360077,-0.02425215,0.5774689,0.08126831,0.8123474,0.02758873,0.002889313,-0.02283421,0.02758873,0.002889313,-0.02283421,0.5685883,0.1061401,0.8157349,0.5685883,0.1061401,0.8157349,5.671143,5.671143,True,True,True
1611342,63779589494362,-13.58329,2.589588,-0.06425184,-0.07111621,0.8958889,0.03285316,-0.4373172,0.003665711,0.003359055,-0.02424971,0.5784454,0.08128357,0.8116455,0.02758775,0.002889313,-0.02283421,0.02758775,0.002889313,-0.02283421,0.5688477,0.1061859,0.8155518,0.5688477,0.1061859,0.8155518,5.683563,5.683563,True,True,True
1611350,63779589494373,-13.58334,2.589583,-0.06420267,-0.07123195,0.8958728,0.03287164,-0.4373299,0.003959335,0.003352921,-0.02423259,0.5788574,0.08178711,0.8112946,0.02758766,0.002889343,-0.02283455,0.02758766,0.002889343,-0.02283455,0.5689545,0.1062164,0.8154602,0.5689545,0.1062164,0.8154602,5.683762,5.683762,True,True,True
1611359,63779589494385,-13.58332,2.58957,-0.06417376,-0.07130471,0.8958594,0.03298036,-0.4373373,0.003999359,0.003352036,-0.02423032,0.5782776,0.08152771,0.8117371,0.02758701,0.002889343,-0.02283455,0.02758701,0.002889343,-0.02283455,0.5688019,0.1062012,0.815567,0.5688019,0.1062012,0.815567,5.683472,5.683472,True,True,True
1611367,63779589494385,-13.58332,2.58957,-0.06417376,-0.07130471,0.8958594,0.03298036,-0.4373373,0.00368837,0.003358292,-0.02424973,0.5783081,0.08132935,0.8117371,0.02758638,0.002889832,-0.02283591,0.02758638,0.002889832,-0.02283591,0.5686493,0.1061859,0.8156738,0.5686493,0.1061859,0.8156738,5.683609,5.683609,True,True,True
1611375,63779589494396,-13.58325,2.589584,-0.06411844,-0.07132803,0.8958067,0.03303313,-0.4374375,0.003550965,0.003360703,-0.02425975,0.5773315,0.08105469,0.8124695,0.02758595,0.002889862,-0.02283908,0.02758595,0.002889862,-0.02283908,0.5684052,0.1062164,0.8158569,0.5684052,0.1062164,0.8158569,5.670822,5.670822,True,True,True
1611384,63779589494407,-13.58322,2.58966,-0.06412441,-0.07143352,0.8957731,0.03304386,-0.4374882,0.003522217,0.003360947,-0.02426152,0.5780029,0.08067322,0.812027,0.0275829,0.002890366,-0.02283911,0.0275829,0.002890366,-0.02283911,0.5695038,0.1054382,0.8151855,0.5695038,0.1054382,0.8151855,5.671005,5.671005,True,True,True
1611392,63779589494419,-13.58323,2.589665,-0.06408042,-0.07142127,0.8957672,0.03316091,-0.4374935,0.00359256,0.003359223,-0.02425755,0.5778351,0.08027649,0.8121796,0.02758154,0.002890366,-0.02283943,0.02758154,0.002890366,-0.02283943,0.5693054,0.1045532,0.8154449,0.5693054,0.1045532,0.8154449,5.682068,5.682068,True,True,True
1611400,63779589494419,-13.58323,2.589665,-0.06408042,-0.07142127,0.8957672,0.03316091,-0.4374935,0.003555283,0.003359802,-0.02425983,0.5778351,0.07995605,0.8122101,0.02758147,0.002890366,-0.02283952,0.02758147,0.002890366,-0.02283952,0.5692749,0.1042786,0.8154907,0.5692749,0.1042786,0.8154907,5.681885,5.681885,True,True,True
1611409,63779589494430,-13.58326,2.589682,-0.06411099,-0.0713948,0.8957164,0.03317828,-0.4376003,0.003651245,0.003357437,-0.02425435,0.5780792,0.08021545,0.8120117,0.02758147,0.002890366,-0.0228396,0.02758147,0.002890366,-0.0228396,0.5696716,0.1043396,0.8152161,0.5696716,0.1043396,0.8152161,5.690735,5.690735,True,True,True
1611417,63779589494441,-13.58324,2.589695,-0.06412333,-0.07131897,0.8956735,0.03327594,-0.4376931,0.003600357,0.003358292,-0.02425745,0.5779266,0.07945251,0.8121948,0.02758083,0.002890366,-0.02283975,0.02758083,0.002890366,-0.02283975,0.5695648,0.1044006,0.8152771,0.5695648,0.1044006,0.8152771,5.696747,5.696747,True,True,True
1611425,63779589494441,-13.58324,2.589695,-0.06412333,-0.07131897,0.8956735,0.03327594,-0.4376931,0.003670578,0.003356751,-0.02425339,0.5777283,0.07852173,0.812439,0.02758083,0.002890366,-0.02283991,0.02758083,0.002890366,-0.02283991,0.5695801,0.1037292,0.8153534,0.5695801,0.1037292,0.8153534,5.696075,5.696075,True,True,True
1611434,63779589494453,-13.58328,2.589707,-0.06407136,-0.07129487,0.8956452,0.03328145,-0.4377545,0.003625885,0.00335759,-0.02425604,0.5777283,0.07876587,0.8124084,0.02758083,0.002890366,-0.02283991,0.02758083,0.002890366,-0.02283991,0.569458,0.1043091,0.8153534,0.569458,0.1043091,0.8153534,5.685852,5.685852,True,True,True
1611442,63779589494464,-13.58329,2.589694,-0.06412452,-0.07122152,0.8955823,0.03328232,-0.437895,0.003522812,0.003359512,-0.02426201,0.5776978,0.07865906,0.812439,0.02758083,0.002890366,-0.02283991,0.02758083,0.002890366,-0.02283991,0.5693054,0.1042938,0.8154755,0.5693054,0.1042938,0.8154755,5.669662,5.669662,True,True,True
1611450,63779589494476,-13.58329,2.589709,-0.06408232,-0.07125139,0.8955497,0.03335542,-0.4379515,0.003481339,0.003359665,-0.02426444,0.5774841,0.07771301,0.8126831,0.02758083,0.002889282,-0.02283991,0.02758083,0.002889282,-0.02283991,0.568924,0.1027374,0.8159332,0.568924,0.1027374,0.8159332,5.657944,5.657944,True,True,True
1611459,63779589494476,-13.58329,2.589709,-0.06408232,-0.07125139,0.8955497,0.03335542,-0.4379515,0.003483185,0.003359177,-0.02426424,0.5776215,0.07781982,0.8125763,0.02758083,0.002888779,-0.02283975,0.02758083,0.002888779,-0.02283975,0.5689392,0.102829,0.815918,0.5689392,0.102829,0.815918,5.658188,5.658188,True,True,True
1611467,63779589494486,-13.5833,2.589743,-0.0640434,-0.07122352,0.8954839,0.0334689,-0.4380819,0.003591049,0.003356873,-0.02425781,0.5773773,0.07794189,0.8127441,0.02758154,0.002888779,-0.02283968,0.02758154,0.002888779,-0.02283968,0.5691071,0.1028748,0.8157959,0.5691071,0.1028748,0.8157959,5.657623,5.657623,True,True,True
1611475,63779589494498,-13.58325,2.58973,-0.0639165,-0.07117125,0.8954619,0.0336546,-0.438121,0.002251495,0.003359528,-0.02432233,0.5720978,0.07844543,0.8164063,0.02761392,0.002849701,-0.02282985,0.02761392,0.002849701,-0.02282985,0.5630035,0.1086578,0.8192596,0.5630035,0.1086578,0.8192596,5.543091,5.543091,True,True,True
1611484,63779589494510,-13.58325,2.589758,-0.06387448,-0.07106578,0.8953952,0.033787,-0.4382644,0.005119003,0.003338318,-0.02409447,0.5616302,0.06762695,0.8246155,0.02771353,0.002907639,-0.02275247,0.02771353,0.002907639,-0.02275247,0.5596924,0.08750916,0.8240509,0.5596924,0.08750916,0.8240509,5.705154,5.705154,True,True,True
1611492,63779589494510,-13.58325,2.589758,-0.06387448,-0.07106578,0.8953952,0.033787,-0.4382644,0.005226349,0.003352417,-0.02399936,0.5419617,0.06733704,0.837677,0.02791791,0.002896515,-0.02268286,0.02791791,0.002896515,-0.02268286,0.5443878,0.1048431,0.8322449,0.5443878,0.1048431,0.8322449,5.790527,5.790527,True,True,True
1611500,63779589494521,-13.58325,2.589797,-0.06386828,-0.07104242,0.8953183,0.03388672,-0.4384175,0.00184642,0.00348201,-0.02415564,0.5395355,0.06004333,0.839798,0.02810664,0.002966293,-0.02259592,0.02810664,0.002966293,-0.02259592,0.5255585,0.09992981,0.8448639,0.5255585,0.09992981,0.8448639,5.710526,5.710526,True,True,True
1611509,63779589494532,-13.58324,2.589801,-0.06382287,-0.0710988,0.8952799,0.03404039,-0.4384746,0.008845978,0.003401062,-0.02368468,0.5148468,0.06919861,0.8544769,0.02823422,0.003012909,-0.02257115,0.02823422,0.003012909,-0.02257115,0.5165863,0.1044006,0.849823,0.5165863,0.1044006,0.849823,5.694244,5.694244,True,True,True
1611517,63779589494544,-13.58326,2.589792,-0.06379861,-0.07124577,0.895225,0.03419853,-0.4385507,-0.02942287,0.004212952,-0.02581625,0.4868469,-0.008331299,0.8734283,0.02829416,0.00307988,-0.02254384,0.02829416,0.00307988,-0.02254384,0,0,0,0,0,0,-1,-1,True,True,True
1611525,63779589494544,-13.58326,2.589792,-0.06379861,-0.07124577,0.895225,0.03419853,-0.4385507,-0.02937415,0.00430069,-0.02584255,0.5102539,0.001434326,0.8600159,0.0283636,0.003115082,-0.02247167,0.0283636,0.003115082,-0.02247167,0,0,0,0,0,0,-1,-1,True,True,True
1611534,63779589494555,-13.5833,2.58977,-0.06369674,-0.07132745,0.8951801,0.03426203,-0.4386242,-0.02939813,0.004518463,-0.0258467,0.5200958,-0.01890564,0.8538818,0.0283938,0.003294632,-0.02251178,0.0283938,0.003294632,-0.02251178,0,0,0,0,0,0,-1,-1,True,True,True
1611542,63779589494566,-13.5833,2.589781,-0.06369048,-0.07136214,0.8951378,0.0343688,-0.4386966,-0.02937064,0.00450087,-0.0257675,0.5177765,-0.1007843,0.8495483,0.03077864,-0.001521454,-0.01141036,0.03077864,-0.001521454,-0.01141036,0,0,0,0,0,0,-1,-1,True,True,True
1611550,63779589494566,-13.5833,2.589781,-0.06369048,-0.07136214,0.8951378,0.0343688,-0.4386966,-0.001,-0.001,-0.001,1,-1,-1,0.03105251,0.002137451,-0.02198113,0.03105251,0.002137451,-0.02198113,0,0,0,0,0,0,-1,-1,False,True,True
1611559,63779589494577,-13.5833,2.589778,-0.06357521,-0.07146037,0.8951062,0.03446876,-0.4387372,-0.001,-0.001,-0.001,1,-1,-1,0.02822328,0.003113754,-0.02190883,0.02822328,0.003113754,-0.02190883,0,0,0,0,0,0,-1,-1,False,True,True
1611567,63779589494588,-13.58329,2.589791,-0.06354511,-0.07145477,0.895101,0.0345572,-0.4387416,-0.02950252,0.004496567,-0.02588628,0.565033,-0.1167145,0.8167572,0.02817676,0.003144715,-0.02216615,0.02817676,0.003144715,-0.02216615,0,0,0,0,0,0,-1,-1,True,True,True
1611575,63779589494600,-13.58333,2.589762,-0.06351161,-0.07142807,0.8950744,0.03468285,-0.4387904,-0.0295013,0.004423554,-0.02574481,0.4892426,-0.1327667,0.861969,0.02807608,0.003166534,-0.02240572,0.02807608,0.003166534,-0.02240572,0,0,0,0,0,0,-1,-1,True,True,True
1611584,63779589494600,-13.58333,2.589762,-0.06351161,-0.07142807,0.8950744,0.03468285,-0.4387904,-0.02953163,0.004395768,-0.02578243,0.5080566,-0.1423645,0.8494568,0.02787511,0.003122757,-0.02247466,0.02787511,0.003122757,-0.02247466,0,0,0,0,0,0,-1,-1,True,True,True
1611592,63779589494611,-13.58338,2.589748,-0.06350809,-0.07145427,0.8950917,0.03467024,-0.4387517,-0.02959775,0.004425675,-0.02591371,0.5449524,-0.08729553,0.8338928,0.02802495,0.003115952,-0.02243782,0.02802495,0.003115952,-0.02243782,0,0,0,0,0,0,-1,-1,True,True,True
1611600,63779589494621,-13.58338,2.589752,-0.06349862,-0.07155231,0.8950785,0.0346964,-0.4387606,-0.001,-0.001,-0.001,1,-1,-1,0.02795123,0.003180924,-0.02246469,0.02795123,0.003180924,-0.02246469,0,0,0,0,0,0,-1,-1,False,True,True
1611609,63779589494632,-13.58338,2.589737,-0.06346685,-0.07163503,0.895054,0.03470633,-0.4387963,-0.001,-0.001,-0.001,1,-1,-1,0.02804192,0.003290619,-0.02236792,0.02804192,0.003290619,-0.02236792,0,0,0,0,0,0,-1,-1,False,True,True
1611617,63779589494643,-13.58339,2.589724,-0.0634653,-0.07165646,0.8950705,0.03472442,-0.4387578,-0.02961301,0.004288544,-0.02594814,0.5391541,-0.03645325,0.8414001,0.02824132,0.003042633,-0.02249452,0.02824132,0.003042633,-0.02249452,0,0,0,0,0,0,-1,-1,True,True,True
1611625,63779589494643,-13.58339,2.589724,-0.0634653,-0.07165646,0.8950705,0.03472442,-0.4387578,-0.02962511,0.004231247,-0.02597008,0.554306,-0.06114197,0.8300476,0.02814298,0.003038498,-0.02252374,0.02814298,0.003038498,-0.02252374,0,0,0,0,0,0,-1,-1,True,True,True
1611634,63779589494655,-13.58339,2.58973,-0.06346977,-0.0717435,0.8950765,0.03468892,-0.4387342,-0.02962259,0.004231598,-0.02597449,0.5526428,-0.04727173,0.8320618,0.02814221,0.003020294,-0.02253127,0.02814221,0.003020294,-0.02253127,0,0,0,0,0,0,-1,-1,True,True,True
1611642,63779589494666,-13.58336,2.589719,-0.06346184,-0.07166325,0.8951159,0.0346921,-0.4386666,-0.02959929,0.004181702,-0.02594783,0.549469,-0.06352234,0.8330841,0.02813696,0.003000382,-0.02253861,0.02813696,0.003000382,-0.02253861,0,0,0,0,0,0,-1,-1,True,True,True
1611650,63779589494677,-13.58335,2.589721,-0.0634734,-0.0716493,0.8951227,0.03460333,-0.438662,0.028121,0.002984955,-0.02255011,0.511673,0.05453491,0.8574371,0.02812117,0.002984955,-0.02255011,0.02812117,0.002984955,-0.02255011,0.511673,0.05453491,0.8574371,0.511673,0.05453491,0.8574371,5.511887,5.511887,True,True,True
1611659,63779589494677,-13.58335,2.589721,-0.0634734,-0.0716493,0.8951227,0.03460333,-0.438662,0.02811687,0.002973648,-0.0225461,0.5130157,0.04988098,0.8569183,0.02811701,0.002973633,-0.02254608,0.02811701,0.002973633,-0.02254608,0.5130157,0.04988098,0.8569183,0.5130157,0.04988098,0.8569183,5.570724,5.570724,True,True,True
1611667,63779589494688,-13.58331,2.589751,-0.0634982,-0.07157789,0.8951276,0.0345122,-0.438671,0.02823892,0.003010941,-0.02244229,0.5318451,0.005493164,0.846817,0.02823906,0.003010941,-0.02244229,0.02823906,0.003010941,-0.02244229,0.5318451,0.005493164,0.846817,0.5318451,0.005493164,0.846817,5.410767,5.410767,True,True,True
1611675,63779589494699,-13.58329,2.589751,-0.06350237,-0.0714967,0.8951547,0.03448199,-0.4386313,0.02810941,0.002956513,-0.02257932,0.5121307,0.08198547,0.8549652,0.02810956,0.002956497,-0.0225793,0.02810956,0.002956497,-0.0225793,0.5121307,0.08198547,0.8549652,0.5121307,0.08198547,0.8549652,5.49118,5.49118,True,True,True
1611684,63779589494710,-13.58315,2.58977,-0.06351393,-0.07144047,0.8952091,0.03453432,-0.4385251,0.0280416,0.002929764,-0.02255106,0.5106049,0.05151367,0.8582611,0.02810841,0.002928437,-0.02254712,0.02810841,0.002928437,-0.02254712,0.5105896,0.05158997,0.8582611,0.5105896,0.05158997,0.8582611,5.474106,5.474106,True,True,True
1611692,63779589494710,-13.58315,2.58977,-0.06351393,-0.07144047,0.8952091,0.03453432,-0.4385251,0.001818787,0.003454361,-0.02410442,0.5236359,0.03085327,0.8513641,0.0281207,0.002937744,-0.02255345,0.0281207,0.002937744,-0.02255345,0.5210419,0.06538391,0.8510132,0.5210419,0.06538391,0.8510132,5.607559,5.607559,True,True,True
1611700,63779589494721,-13.58311,2.589791,-0.06353927,-0.07130379,0.8952149,0.03448026,-0.4385398,0.00477269,0.003388611,-0.02392548,0.5258636,0.02467346,0.8502045,0.02811929,0.002923981,-0.02253618,0.02811929,0.002923981,-0.02253618,0.5190125,0.0519104,0.8531647,0.5190125,0.0519104,0.8531647,5.50856,5.50856,True,True,True
1611709,63779589494733,-13.58315,2.589838,-0.063546,-0.07129575,0.895204,0.03435795,-0.4385731,0.003595459,0.003426697,-0.0239793,0.5212708,0.02462769,0.8530273,0.02811554,0.002924728,-0.02255365,0.02811554,0.002924728,-0.02255365,0.5168915,0.07087708,0.8530884,0.5168915,0.07087708,0.8530884,5.46907,5.46907,True,True,True
1611717,63779589494743,-13.58317,2.589804,-0.0635404,-0.07123497,0.8952134,0.03443133,-0.438558,0.003012863,0.00341185,-0.02402995,0.5171814,0.03805542,0.855011,0.02811554,0.002916977,-0.02255937,0.02811554,0.002916977,-0.02255937,0.514801,0.08015442,0.8535461,0.514801,0.08015442,0.8535461,5.522598,5.522598,True,True,True
1611725,63779589494743,-13.58317,2.589804,-0.0635404,-0.07123497,0.8952134,0.03443133,-0.438558,0.003393006,0.003401917,-0.02402333,0.5260773,0.04156494,0.849411,0.02811273,0.002909226,-0.0225609,0.02811273,0.002909226,-0.0225609,0.5218353,0.07492065,0.8497314,0.5218353,0.07492065,0.8497314,5.680359,5.680359,True,True,True
1611734,63779589494755,-13.58314,2.589806,-0.06354374,-0.07121694,0.8952226,0.03444364,-0.438541,0.003153565,0.003395462,-0.0240324,0.5221252,0.04270935,0.8517914,0.02810813,0.002904175,-0.0225784,0.02810813,0.002904175,-0.0225784,0.5244293,0.0874939,0.8469238,0.5244293,0.0874939,0.8469238,5.718109,5.718109,True,True,True
1611742,63779589494766,-13.58318,2.589792,-0.06361878,-0.07115154,0.8952356,0.03433457,-0.4385337,0.003344513,0.003386963,-0.02402594,0.519104,0.04826355,0.8533325,0.02810782,0.002887879,-0.02255725,0.02810782,0.002887879,-0.02255725,0.5110626,0.08093262,0.8557129,0.5110626,0.08093262,0.8557129,5.567886,5.567886,True,True,True
1611750,63779589494766,-13.58318,2.589792,-0.06361878,-0.07115154,0.8952356,0.03433457,-0.4385337,0.006752716,0.003360504,-0.0237945,0.5247192,0.03610229,0.8504944,0.02811196,0.00289064,-0.02257898,0.02811196,0.00289064,-0.02257898,0.5267639,0.08569336,0.8456573,0.5267639,0.08569336,0.8456573,5.620697,5.620697,True,True,True
1611759,63779589494777,-13.58317,2.589777,-0.06363505,-0.07096911,0.895237,0.03426756,-0.4385656,0.006811768,0.003309799,-0.02381741,0.5198669,0.0544281,0.8524933,0.02811424,0.002884201,-0.02256772,0.02811424,0.002884201,-0.02256772,0.5202484,0.08506775,0.849762,0.5202484,0.08506775,0.849762,5.572433,5.572433,True,True,True
1611767,63779589494794,-13.5831,2.589759,-0.06368917,-0.07096367,0.8952561,0.03418951,-0.4385336,0.007014542,0.003289383,-0.02380133,0.5119781,0.05453491,0.857254,0.02809871,0.002868607,-0.0225631,0.02809871,0.002868607,-0.0225631,0.5079498,0.08769226,0.8569031,0.5079498,0.08769226,0.8569031,5.53653,5.53653,True,True,True
1611775,63779589494794,-13.5831,2.589759,-0.06368917,-0.07096367,0.8952561,0.03418951,-0.4385336,0.007353898,0.003283478,-0.02379221,0.5171967,0.05981445,0.8537598,0.02809332,0.002860443,-0.02256613,0.02809332,0.002860443,-0.02256613,0.5125275,0.08331299,0.854599,0.5125275,0.08331299,0.854599,5.650345,5.650345,True,True,True
1611783,63779589494809,-13.58303,2.589818,-0.06367213,-0.07093782,0.8952432,0.03408941,-0.4385721,0.007663743,0.003276062,-0.02377116,0.5208588,0.05162048,0.852066,0.02809169,0.002859329,-0.0225659,0.02809169,0.002859329,-0.0225659,0.5133362,0.08317566,0.854126,0.5133362,0.08317566,0.854126,5.658691,5.658691,True,True,True
1611792,63779589494809,-13.58303,2.589818,-0.06367213,-0.07093782,0.8952432,0.03408941,-0.4385721,0.006990479,0.003282074,-0.0237991,0.5109558,0.05467224,0.8578491,0.02808953,0.002853882,-0.02256262,0.02808953,0.002853882,-0.02256262,0.5069733,0.08732605,0.8575134,0.5069733,0.08732605,0.8575134,5.572464,5.572464,True,True,True
1611800,63779589494820,-13.58312,2.58984,-0.06364393,-0.07089353,0.8952576,0.03402264,-0.4385549,0.007245316,0.003268387,-0.02377847,0.5107574,0.04966736,0.8582764,0.02809332,0.00284726,-0.0225607,0.02809332,0.00284726,-0.0225607,0.5067902,0.088974,0.8574524,0.5067902,0.088974,0.8574524,5.555771,5.555771,True,True,True
1611808,63779589494830,-13.5831,2.589843,-0.06366241,-0.07086043,0.8952461,0.03404651,-0.438582,0.006969254,0.003275803,-0.02380621,0.5163574,0.05697632,0.8544617,0.02809338,0.002848053,-0.02256455,0.02809338,0.002848053,-0.02256455,0.513031,0.09147644,0.8534698,0.513031,0.09147644,0.8534698,5.628159,5.628159,True,True,True
1611817,63779589494842,-13.58303,2.589816,-0.06365448,-0.07084607,0.8952319,0.03394635,-0.438621,0.00728006,0.0032668,-0.02378284,0.5179901,0.05130005,0.8538361,0.02809332,0.002848831,-0.02256839,0.02809332,0.002848831,-0.02256839,0.5175781,0.09075928,0.8507996,0.5175781,0.09075928,0.8507996,5.695969,5.695969,True,True,True
1611825,63779589494842,-13.58303,2.589816,-0.06365448,-0.07084607,0.8952319,0.03394635,-0.438621,0.006965943,0.003273865,-0.0238075,0.5180817,0.05262756,0.8536987,0.0280912,0.002848053,-0.02256718,0.0280912,0.002848053,-0.02256718,0.5141602,0.08674622,0.8532867,0.5141602,0.08674622,0.8532867,5.651733,5.651733,True,True,True
1611833,63779589494852,-13.58301,2.589829,-0.06365842,-0.07081123,0.8952274,0.03393302,-0.4386369,0.005383912,0.00329657,-0.02389801,0.5155029,0.05349731,0.8552094,0.02808617,0.002834686,-0.02255959,0.02808617,0.002834686,-0.02255959,0.5079193,0.08958435,0.85672,0.5079193,0.08958435,0.85672,5.63179,5.63179,True,True,True
1611842,63779589494864,-13.583,2.589843,-0.06364053,-0.07078779,0.8952314,0.0338018,-0.4386427,0.005426086,0.003294419,-0.02389388,0.5173187,0.05421448,0.8540649,0.0280892,0.002831635,-0.0225531,0.0280892,0.002831635,-0.0225531,0.512085,0.08291626,0.8549042,0.512085,0.08291626,0.8549042,5.714523,5.714523,True,True,True
1611850,63779589494875,-13.58309,2.589797,-0.06366706,-0.07080898,0.8952743,0.03388262,-0.4385455,0.005569977,0.00329274,-0.02389143,0.5172272,0.06054688,0.8536835,0.02808957,0.002833267,-0.02255789,0.02808957,0.002833267,-0.02255789,0.5087585,0.09358215,0.8557892,0.5087585,0.09358215,0.8557892,5.617416,5.617416,True,True,True
1611858,63779589494875,-13.58309,2.589797,-0.06366706,-0.07080898,0.8952743,0.03388262,-0.4385455,0.005896683,0.003289475,-0.02388364,0.5275879,0.05854797,0.8474731,0.02809113,0.002835846,-0.02256287,0.02809113,0.002835846,-0.02256287,0.5206909,0.08648682,0.84935,0.5206909,0.08648682,0.84935,5.683319,5.683319,True,True,True
1611867,63779589494886,-13.58307,2.5898,-0.06370199,-0.07087117,0.8952366,0.03404112,-0.4386001,0.005899018,0.003285828,-0.02387317,0.5224457,0.05836487,0.8506622,0.02809017,0.002836868,-0.02256313,0.02809017,0.002836868,-0.02256313,0.5212402,0.08712769,0.848938,0.5212402,0.08712769,0.848938,5.676758,5.676758,True,True,True
1611875,63779589494897,-13.58311,2.589803,-0.0637213,-0.07091691,0.8952003,0.0341165,-0.4386609,0.006188294,0.003282272,-0.02386545,0.5232697,0.06651306,0.8495636,0.02808749,0.002836579,-0.02256284,0.02808749,0.002836579,-0.02256284,0.5202332,0.08805847,0.8494568,0.5202332,0.08805847,0.8494568,5.70369,5.70369,True,True,True
1611883,63779589494908,-13.58312,2.589778,-0.06376016,-0.07101852,0.8951672,0.03442129,-0.438688,0.006136444,0.00328273,-0.02386845,0.523941,0.06269836,0.8494263,0.02808483,0.002836289,-0.02256313,0.02808483,0.002836289,-0.02256313,0.5195007,0.08718872,0.8500061,0.5195007,0.08718872,0.8500061,5.690384,5.690384,True,True,True
1611892,63779589494908,-13.58312,2.589778,-0.06376016,-0.07101852,0.8951672,0.03442129,-0.438688,0.006321808,0.003277222,-0.02385742,0.5226746,0.06030273,0.8503876,0.02808337,0.002834152,-0.0225634,0.02808337,0.002834152,-0.0225634,0.5194397,0.08859253,0.849884,0.5194397,0.08859253,0.849884,5.694168,5.694168,True,True,True
1611900,63779589494920,-13.58309,2.589784,-0.06376642,-0.07116386,0.8951169,0.03459797,-0.4387533,0.005931992,0.003283554,-0.02387802,0.5223846,0.05905151,0.850647,0.02808194,0.002832001,-0.02256368,0.02808194,0.002832001,-0.02256368,0.5193481,0.08934021,0.8498688,0.5193481,0.08934021,0.8498688,5.691895,5.691895,True,True,True
1611908,63779589494930,-13.58313,2.589787,-0.0637995,-0.07121645,0.8951173,0.03468904,-0.4387368,0.005538086,0.003289948,-0.02389984,0.5228424,0.0579834,0.8504486,0.0280808,0.002828888,-0.02256569,0.0280808,0.002828888,-0.02256569,0.5194092,0.09059143,0.8497009,0.5194092,0.09059143,0.8497009,5.685165,5.685165,True,True,True
1611917,63779589494941,-13.58312,2.589801,-0.06380862,-0.07123895,0.8950998,0.03460225,-0.4387756,0.00528331,0.003293671,-0.02391519,0.5225372,0.05566406,0.8507843,0.02807965,0.00282576,-0.0225677,0.02807965,0.00282576,-0.0225677,0.5187225,0.09118652,0.8500519,0.5187225,0.09118652,0.8500519,5.689529,5.689529,True,True,True
1611925,63779589494941,-13.58312,2.589801,-0.06380862,-0.07123895,0.8950998,0.03460225,-0.4387756,0.005227982,0.003293549,-0.02391821,0.5224915,0.05432129,0.8509064,0.02807959,0.002822998,-0.02256882,0.02807959,0.002822998,-0.02256882,0.5184174,0.09153748,0.8502045,0.5184174,0.09153748,0.8502045,5.690872,5.690872,True,True,True
1611933,63779589494953,-13.58306,2.58981,-0.063842,-0.07115506,0.8951142,0.0344926,-0.4387685,0.005564011,0.003284958,-0.02389784,0.5223236,0.05673218,0.8508453,0.02807955,0.002820236,-0.02256864,0.02807955,0.002820236,-0.02256864,0.5180969,0.09179688,0.8503723,0.5180969,0.09179688,0.8503723,5.689331,5.689331,True,True,True
1611942,63779589494964,-13.58305,2.589889,-0.06384128,-0.07102236,0.8951703,0.03445416,-0.4386785,0.005445038,0.003285294,-0.02390492,0.5217133,0.05857849,0.8510895,0.02807735,0.002816803,-0.02256818,0.02807735,0.002816803,-0.02256818,0.5171967,0.09222412,0.8508759,0.5171967,0.09222412,0.8508759,5.68277,5.68277,True,True,True
1611950,63779589494975,-13.58293,2.589934,-0.06395584,-0.07081927,0.8951705,0.03433866,-0.4387203,0.005644043,0.003278641,-0.02389317,0.5208435,0.05754089,0.8516998,0.02807546,0.002813385,-0.0225677,0.02807546,0.002813385,-0.0225677,0.5164948,0.09275818,0.8512421,0.5164948,0.09275818,0.8512421,5.688629,5.688629,True,True,True
1611958,63779589494975,-13.58293,2.589934,-0.06395584,-0.07081927,0.8951705,0.03433866,-0.4387203,0.005262055,0.00328566,-0.02391585,0.5200043,0.05847168,0.8521423,0.0280753,0.002812576,-0.02256728,0.0280753,0.002812576,-0.02256728,0.5156708,0.09237671,0.8517761,0.5156708,0.09237671,0.8517761,5.68161,5.68161,True,True,True
1611967,63779589494986,-13.58286,2.590038,-0.06404084,-0.07059518,0.8952042,0.03423161,-0.4386958,0.005272537,0.003284851,-0.02391527,0.5196838,0.05683899,0.8524628,0.02807517,0.002811768,-0.02256686,0.02807517,0.002811768,-0.02256686,0.5148468,0.09239197,0.8522797,0.5148468,0.09239197,0.8522797,5.674683,5.674683,True,True,True
1611975,63779589494997,-13.58283,2.590055,-0.06408912,-0.07047693,0.8952453,0.03416052,-0.4386365,0.005153809,0.003286804,-0.02392175,0.5186157,0.05587769,0.8531647,0.02807503,0.002811112,-0.02256577,0.02807503,0.002811112,-0.02256577,0.5133209,0.09217834,0.8532104,0.5133209,0.09217834,0.8532104,5.679108,5.679108,True,True,True
1611983,63779589495009,-13.58277,2.590073,-0.06414604,-0.07039639,0.8952931,0.03416456,-0.4385515,0.00520813,0.003285126,-0.02391795,0.5175934,0.05732727,0.8536835,0.02807489,0.002810471,-0.02256468,0.02807489,0.002810471,-0.02256468,0.511795,0.09237671,0.8541107,0.511795,0.09237671,0.8541107,5.683762,5.683762,True,True,True
1611992,63779589495009,-13.58277,2.590073,-0.06414604,-0.07039639,0.8952931,0.03416456,-0.4385515,0.005143952,0.003285111,-0.02392178,0.517395,0.05613708,0.8538971,0.02807381,0.002808533,-0.02256468,0.02807381,0.002808533,-0.02256468,0.5115356,0.09248352,0.8542633,0.5115356,0.09248352,0.8542633,5.683945,5.683945,True,True,True
1612000,63779589495019,-13.58273,2.590069,-0.06418687,-0.07030468,0.8953221,0.03409899,-0.4385121,0.005218277,0.003282501,-0.02391716,0.5159302,0.05514526,0.8548431,0.0280732,0.002808441,-0.02256468,0.0280732,0.002808441,-0.02256468,0.510849,0.09239197,0.8546753,0.510849,0.09239197,0.8546753,5.665695,5.665695,True,True,True
1612008,63779589495031,-13.5827,2.590055,-0.06423599,-0.07026032,0.8953981,0.03409512,-0.4383643,0.005267731,0.003281418,-0.02391377,0.5154724,0.05433655,0.8551636,0.02807289,0.002808411,-0.02256468,0.02807289,0.002808411,-0.02256468,0.5107727,0.09234619,0.8547363,0.5107727,0.09234619,0.8547363,5.665726,5.665726,True,True,True
1612017,63779589495042,-13.58265,2.590016,-0.06430149,-0.07006212,0.8954467,0.0340754,-0.4382984,0.004821335,0.003289169,-0.02393802,0.515152,0.0519104,0.8555145,0.02807219,0.002806274,-0.02256259,0.02807219,0.002806274,-0.02256259,0.5106354,0.09182739,0.8548737,0.5106354,0.09182739,0.8548737,5.665298,5.665298,True,True,True
1612025,63779589495042,-13.58265,2.590016,-0.06430149,-0.07006212,0.8954467,0.0340754,-0.4382984,0.004970841,0.00328392,-0.02392801,0.5148926,0.05128479,0.8556976,0.02807214,0.002805023,-0.02256087,0.02807214,0.002805023,-0.02256087,0.5106659,0.08766174,0.8552856,0.5106659,0.08766174,0.8552856,5.661621,5.661621,True,True,True
1612033,63779589495053,-13.58269,2.590042,-0.06433439,-0.06993876,0.8955072,0.03395521,-0.4382039,0.004865433,0.003283768,-0.02393124,0.5137787,0.05119324,0.8563843,0.02807137,0.002804321,-0.02255606,0.02807137,0.002804321,-0.02255606,0.5105286,0.08726501,0.8554077,0.5105286,0.08726501,0.8554077,5.669449,5.669449,True,True,True
1612042,63779589495064,-13.58263,2.59001,-0.064264,-0.06980555,0.8955922,0.03393951,-0.4380525,0.004929215,0.003281586,-0.0239254,0.5135956,0.05082703,0.8565063,0.02807137,0.002804062,-0.02255231,0.02807137,0.002804062,-0.02255231,0.5106354,0.08496094,0.8555756,0.5106354,0.08496094,0.8555756,5.667206,5.667206,True,True,True
1612050,63779589495075,-13.58256,2.590006,-0.06430382,-0.06978079,0.8955701,0.03386297,-0.4381075,0.005068039,0.003277817,-0.02391661,0.5140076,0.05024719,0.8562927,0.0280712,0.002804016,-0.02255032,0.0280712,0.002804016,-0.02255032,0.5103912,0.08468628,0.8557434,0.5103912,0.08468628,0.8557434,5.666809,5.666809,True,True,True
1612058,63779589495075,-13.58256,2.590006,-0.06430382,-0.06978079,0.8955701,0.03386297,-0.4381075,0.005167435,0.003274094,-0.02390982,0.5137634,0.04890442,0.8565216,0.02806979,0.002803757,-0.02254897,0.02806979,0.002803757,-0.02254897,0.5100555,0.08459473,0.855957,0.5100555,0.08459473,0.855957,5.666489,5.666489,True,True,True
1612067,63779589495086,-13.58254,2.589982,-0.06421447,-0.06970669,0.8956277,0.03371831,-0.4380125,0.005299164,0.003270111,-0.02390067,0.5138397,0.04881287,0.8564911,0.02806931,0.002802963,-0.02254787,0.02806931,0.002802963,-0.02254787,0.5101929,0.0838623,0.855957,0.5101929,0.0838623,0.855957,5.666,5.666,True,True,True
1612075,63779589495097,-13.5825,2.589947,-0.06421524,-0.06967837,0.8956825,0.03366325,-0.4379093,0.005835343,0.003257752,-0.02386795,0.5151672,0.05168152,0.8555145,0.02806842,0.002802841,-0.02254653,0.02806842,0.002802841,-0.02254653,0.512207,0.08380127,0.8547516,0.512207,0.08380127,0.8547516,5.668045,5.668045,True,True,True
1612083,63779589495108,-13.58245,2.589942,-0.06420112,-0.06963471,0.8957245,0.03349227,-0.4378434,0.005828324,0.003256287,-0.02386505,0.5146484,0.04988098,0.8559418,0.02806647,0.002800919,-0.02254128,0.02806647,0.002800919,-0.02254128,0.5117798,0.08364868,0.8550262,0.5117798,0.08364868,0.8550262,5.667587,5.667587,True,True,True
1612092,63779589495108,-13.58245,2.589942,-0.06420112,-0.06963471,0.8957245,0.03349227,-0.4378434,0.005702591,0.003257538,-0.02387155,0.5145721,0.04862976,0.8560486,0.02806598,0.002799774,-0.02253969,0.02806598,0.002799774,-0.02253969,0.5116882,0.08169556,0.8552704,0.5116882,0.08169556,0.8552704,5.666595,5.666595,True,True,True
1612100,63779589495119,-13.58253,2.589907,-0.06420857,-0.06968594,0.8957406,0.03327391,-0.4378192,0.005611359,0.003257263,-0.02387532,0.5155792,0.04852295,0.8554535,0.0280654,0.002797867,-0.02253702,0.0280654,0.002797867,-0.02253702,0.5129547,0.08221436,0.8544464,0.5129547,0.08221436,0.8544464,5.667755,5.667755,True,True,True
1612108,63779589495130,-13.58255,2.589867,-0.06420869,-0.06959672,0.8957844,0.03317144,-0.4377514,0.005284424,0.003263138,-0.02389381,0.5152588,0.04808044,0.8556824,0.02806165,0.002796875,-0.02253565,0.02806165,0.002796875,-0.02253565,0.5120392,0.08216858,0.855011,0.5120392,0.08216858,0.855011,5.666794,5.666794,True,True,True
1612117,63779589495141,-13.58257,2.589818,-0.06406945,-0.06955275,0.895834,0.03317555,-0.4376565,0.005135147,0.003264938,-0.02390263,0.5162048,0.0479126,0.8551025,0.02806056,0.002795151,-0.0225356,0.02806056,0.002795151,-0.0225356,0.511795,0.08261108,0.8551178,0.511795,0.08261108,0.8551178,5.667587,5.667587,True,True,True
1612125,63779589495141,-13.58257,2.589818,-0.06406945,-0.06955275,0.895834,0.03317555,-0.4376565,0.005017487,0.003266556,-0.02390981,0.5160522,0.04795837,0.8551941,0.02805963,0.00279509,-0.02253529,0.02805963,0.00279509,-0.02253529,0.5115662,0.08265686,0.8552551,0.5115662,0.08265686,0.8552551,5.667313,5.667313,True,True,True
1612133,63779589495153,-13.58253,2.589812,-0.06403363,-0.06942135,0.8958759,0.0332056,-0.4375893,0.005046967,0.003265915,-0.02390793,0.5162964,0.0478363,0.8550568,0.02805959,0.00279509,-0.02253453,0.02805959,0.00279509,-0.02253453,0.5121002,0.08235168,0.85495,0.5121002,0.08235168,0.85495,5.667099,5.667099,True,True,True
1612142,63779589495164,-13.58248,2.589832,-0.06408679,-0.06942741,0.8958277,0.03324562,-0.437684,0.005081345,0.003264786,-0.02390564,0.5163269,0.0471344,0.855072,0.02805924,0.002794846,-0.02253407,0.02805924,0.002794846,-0.02253407,0.5123901,0.08100891,0.8549042,0.5123901,0.08100891,0.8549042,5.666351,5.666351,True,True,True
1612150,63779589495175,-13.5825,2.589818,-0.06406862,-0.06950223,0.8958455,0.03326656,-0.4376341,0.004688156,0.003271973,-0.02392873,0.5168152,0.04646301,0.8548279,0.02805921,0.002794022,-0.02253255,0.02805921,0.002794022,-0.02253255,0.5131226,0.08126831,0.8544464,0.5131226,0.08126831,0.8544464,5.680023,5.680023,True,True,True
1612158,63779589495175,-13.5825,2.589818,-0.06406862,-0.06950223,0.8958455,0.03326656,-0.4376341,0.003919526,0.003286118,-0.02397487,0.5170593,0.04522705,0.8547363,0.02805896,0.002793961,-0.02253186,0.02805896,0.002793961,-0.02253186,0.5133667,0.08123779,0.8542938,0.5133667,0.08123779,0.8542938,5.667419,5.667419,True,True,True
1612167,63779589495186,-13.58249,2.589794,-0.06404728,-0.06954557,0.8958617,0.03334654,-0.4375878,0.004481308,0.003274323,-0.02394157,0.516983,0.0453949,0.8547821,0.02805882,0.002793594,-0.02253169,0.02805882,0.002793594,-0.02253169,0.5134735,0.07997131,0.8543549,0.5134735,0.07997131,0.8543549,5.679367,5.679367,True,True,True
1612175,63779589495198,-13.58248,2.589756,-0.06398892,-0.06955673,0.8958519,0.03341701,-0.437601,0.004565018,0.003272293,-0.02393773,0.5172424,0.04586792,0.854599,0.02805879,0.002793305,-0.02253044,0.02805879,0.002793305,-0.02253044,0.5140076,0.07995605,0.8540344,0.5140076,0.07995605,0.8540344,5.67981,5.67981,True,True,True
1612183,63779589495209,-13.58244,2.589777,-0.06396371,-0.06960678,0.8958093,0.03340608,-0.4376809,0.004812226,0.003266769,-0.02392275,0.5188599,0.04598999,0.8536072,0.02805809,0.002793228,-0.0225295,0.02805809,0.002793228,-0.0225295,0.5165863,0.07896423,0.8525696,0.5165863,0.07896423,0.8525696,5.723038,5.723038,True,True,True
1612192,63779589495209,-13.58244,2.589777,-0.06396371,-0.06960678,0.8958093,0.03340608,-0.4376809,0.004893341,0.003264801,-0.02391803,0.5191193,0.04598999,0.8534546,0.02805788,0.002793137,-0.02252915,0.02805788,0.002793137,-0.02252915,0.5171204,0.07897949,0.8522491,0.5171204,0.07897949,0.8522491,5.723663,5.723663,True,True,True
1612200,63779589495220,-13.58243,2.589812,-0.0639922,-0.06943229,0.8958578,0.03324866,-0.4376215,0.005383545,0.003254379,-0.0238884,0.5190582,0.04724121,0.8534241,0.02805782,0.002792999,-0.02252797,0.02805782,0.002792999,-0.02252797,0.5171204,0.07969666,0.8521881,0.5171204,0.07969666,0.8521881,5.724091,5.724091,True,True,True
1612208,63779589495231,-13.58231,2.589848,-0.06406206,-0.06936326,0.8958392,0.03336297,-0.4376616,0.005285111,0.003255997,-0.02389423,0.5189514,0.04716492,0.8534851,0.02805687,0.002792847,-0.02252759,0.02805687,0.002792847,-0.02252759,0.5168915,0.0796814,0.8523254,0.5168915,0.0796814,0.8523254,5.724091,5.724091,True,True,True
1612217,63779589495243,-13.58235,2.589911,-0.06402963,-0.06922537,0.8958194,0.0332972,-0.437729,0.005147324,0.003258744,-0.02390251,0.519577,0.04725647,0.8531036,0.02805687,0.002792847,-0.02252734,0.02805687,0.002792847,-0.02252734,0.5173492,0.0796814,0.8520508,0.5173492,0.0796814,0.8520508,5.724548,5.724548,True,True,True
1612225,63779589495243,-13.58235,2.589911,-0.06402963,-0.06922537,0.8958194,0.0332972,-0.437729,0.00506575,0.003260361,-0.02390738,0.5214081,0.04849243,0.8519135,0.02805687,0.002792786,-0.0225271,0.02805687,0.002792786,-0.0225271,0.5182495,0.0798645,0.8514862,0.5182495,0.0798645,0.8514862,5.742172,5.742172,True,True,True
1612233,63779589495254,-13.58232,2.58994,-0.06407166,-0.06927932,0.895774,0.03325201,-0.4378169,0.005175842,0.003257981,-0.02390111,0.521637,0.04742432,0.8518372,0.02805682,0.002792786,-0.02252706,0.02805682,0.002792786,-0.02252706,0.5186615,0.0798645,0.8512268,0.5186615,0.0798645,0.8512268,5.742599,5.742599,True,True,True
1612242,63779589495265,-13.58236,2.589934,-0.0640679,-0.06921252,0.8957333,0.03322917,-0.4379125,0.005200013,0.003257172,-0.02390004,0.5208588,0.04818726,0.8522644,0.02805672,0.002792786,-0.02252693,0.02805672,0.002792786,-0.02252693,0.5188599,0.07991028,0.8511047,0.5188599,0.07991028,0.8511047,5.742737,5.742737,True,True,True
1612250,63779589495276,-13.58237,2.589948,-0.06400239,-0.06924029,0.8957378,0.03333301,-0.4378909,0.004850647,0.003264267,-0.02392088,0.5222778,0.04756165,0.8514404,0.0280566,0.002792786,-0.0225266,0.0280566,0.002792786,-0.0225266,0.5199432,0.07954407,0.8504791,0.5199432,0.07954407,0.8504791,5.743622,5.743622,True,True,True
1612258,63779589495276,-13.58237,2.589948,-0.06400239,-0.06924029,0.8957378,0.03333301,-0.4378909,0.004737396,0.003266556,-0.02392798,0.5225677,0.04710388,0.8512878,0.02805646,0.002792786,-0.02252644,0.02805646,0.002792786,-0.02252644,0.520401,0.08013916,0.8501434,0.520401,0.08013916,0.8501434,5.762497,5.762497,True,True,True
1612267,63779589495288,-13.5824,2.589939,-0.06398565,-0.06919616,0.8957168,0.03334059,-0.4379403,0.004660782,0.003268387,-0.02393306,0.5225067,0.04724121,0.8513031,0.02805637,0.002793228,-0.02252644,0.02805637,0.002793228,-0.02252644,0.5202942,0.08044434,0.850174,0.5202942,0.08044434,0.850174,5.7444,5.7444,True,True,True
1612275,63779589495299,-13.58239,2.589944,-0.06395727,-0.06907316,0.895697,0.03335886,-0.4379989,0.004554215,0.003270767,-0.02394048,0.522522,0.04743958,0.8512878,0.02805646,0.002793228,-0.02252605,0.02805646,0.002793228,-0.02252605,0.5203094,0.0798645,0.8502197,0.5203094,0.0798645,0.8502197,5.74411,5.74411,True,True,True
1612283,63779589495310,-13.58239,2.589984,-0.06391239,-0.06911239,0.8956436,0.03335696,-0.438102,0.004552948,0.003270844,-0.02394252,0.5226288,0.04812622,0.8511963,0.02805634,0.002793183,-0.02252588,0.02805634,0.002793183,-0.02252588,0.5202942,0.07939148,0.8502808,0.5202942,0.07939148,0.8502808,5.743912,5.743912,True,True,True
1612292,63779589495310,-13.58239,2.589984,-0.06391239,-0.06911239,0.8956436,0.03335696,-0.438102,0.004703735,0.003267838,-0.02393428,0.522522,0.04866028,0.8512268,0.02805634,0.002793183,-0.02252588,0.02805634,0.002793183,-0.02252588,0.5201569,0.07991028,0.8503113,0.5201569,0.07991028,0.8503113,5.739807,5.739807,True,True,True
1612300,63779589495321,-13.58239,2.589986,-0.06388789,-0.06909052,0.8956457,0.03341882,-0.4380965,0.004842484,0.003265091,-0.02392659,0.5224762,0.04884338,0.8512421,0.02805632,0.002793183,-0.02252588,0.02805632,0.002793183,-0.02252588,0.5200958,0.07984924,0.8503571,0.5200958,0.07984924,0.8503571,5.735626,5.735626,True,True,True
1612308,63779589495333,-13.58239,2.590006,-0.06392068,-0.06902394,0.895651,0.03353764,-0.438087,0.004908905,0.003263703,-0.02392259,0.5224152,0.04922485,0.8512573,0.02805634,0.002793137,-0.02252587,0.02805634,0.002793137,-0.02252587,0.519989,0.08032227,0.8503723,0.519989,0.08032227,0.8503723,5.723297,5.723297,True,True,True
1612317,63779589495343,-13.58238,2.590025,-0.06388777,-0.0691025,0.8956657,0.03364457,-0.4380363,0.004939743,0.003263077,-0.02392093,0.5222778,0.04891968,0.8513641,0.02805634,0.002793137,-0.02252582,0.02805634,0.002793137,-0.02252582,0.519989,0.07977295,0.8504333,0.519989,0.07977295,0.8504333,5.722733,5.722733,True,True,True
1612325,63779589495343,-13.58238,2.590025,-0.06388777,-0.0691025,0.8956657,0.03364457,-0.4380363,0.004906433,0.003263703,-0.02392296,0.5223236,0.04858398,0.8513489,0.02805632,0.002793137,-0.0225257,0.02805632,0.002793137,-0.0225257,0.519989,0.07922363,0.8504791,0.519989,0.07922363,0.8504791,5.722473,5.722473,True,True,True
1612333,63779589495355,-13.5824,2.590034,-0.06393999,-0.0691894,0.89566,0.03368942,-0.4380308,0.004810135,0.003265656,-0.0239292,0.5216675,0.04663086,0.8518677,0.02805632,0.002793137,-0.02252522,0.02805632,0.002793137,-0.02252522,0.5201111,0.07772827,0.8505402,0.5201111,0.07772827,0.8505402,5.733856,5.733856,True,True,True
1612342,63779589495366,-13.58239,2.590049,-0.06399167,-0.06923585,0.8956715,0.03383745,-0.4379885,0.004668518,0.003268326,-0.0239377,0.5213928,0.04669189,0.8520355,0.02805626,0.002792786,-0.02252408,0.02805626,0.002792786,-0.02252408,0.5196838,0.07920837,0.8506622,0.5196838,0.07920837,0.8506622,5.72197,5.72197,True,True,True
1612350,63779589495376,-13.58235,2.590051,-0.06399322,-0.06923137,0.8956708,0.03399495,-0.4379785,0.004506058,0.003271424,-0.02394778,0.5214081,0.04650879,0.8520203,0.02805623,0.002792664,-0.02252393,0.02805623,0.002792664,-0.02252393,0.5195923,0.07917786,0.8507233,0.5195923,0.07917786,0.8507233,5.713455,5.713455,True,True,True
1612358,63779589495376,-13.58235,2.590051,-0.06399322,-0.06923137,0.8956708,0.03399495,-0.4379785,0.004631042,0.00326854,-0.02393993,0.5201416,0.04571533,0.8528442,0.02805606,0.002792069,-0.02252341,0.02805606,0.002792069,-0.02252341,0.5191193,0.07772827,0.8511505,0.5191193,0.07772827,0.8511505,5.713409,5.713409,True,True,True
1612367,63779589495388,-13.58235,2.590075,-0.06396919,-0.069256,0.8956932,0.03397281,-0.4379305,0.00461969,0.003268601,-0.02394065,0.5209808,0.04585266,0.8523254,0.02805606,0.002791809,-0.02252336,0.02805606,0.002791809,-0.02252336,0.5188293,0.07775879,0.8513184,0.5188293,0.07775879,0.8513184,5.712997,5.712997,True,True,True
1612375,63779589495399,-13.58229,2.590092,-0.06395251,-0.06931889,0.8957226,0.03415297,-0.4378463,0.004469757,0.003270966,-0.02394899,0.5203857,0.04437256,0.8527679,0.02805599,0.002791504,-0.02252213,0.02805599,0.002791504,-0.02252213,0.5185394,0.07551575,0.8516998,0.5185394,0.07551575,0.8516998,5.71788,5.71788,True,True,True
1612383,63779589495410,-13.58226,2.590137,-0.06396896,-0.06928643,0.8957488,0.03417998,-0.4377958,0.004460571,0.003270035,-0.02394917,0.5184937,0.04321289,0.8539734,0.02805606,0.002789673,-0.02252147,0.02805606,0.002789673,-0.02252147,0.5162506,0.07365417,0.8532562,0.5162506,0.07365417,0.8532562,5.714279,5.714279,True,True,True
1612392,63779589495410,-13.58226,2.590137,-0.06396896,-0.06928643,0.8957488,0.03417998,-0.4377958,0.004314957,0.003272309,-0.0239574,0.5186615,0.04460144,0.8538055,0.02805606,0.002789429,-0.02251993,0.02805606,0.002789429,-0.02251993,0.5163269,0.07366943,0.8532104,0.5163269,0.07366943,0.8532104,5.721634,5.721634,True,True,True
1612400,63779589495421,-13.58227,2.590146,-0.06398982,-0.06932803,0.8958035,0.03426853,-0.4376704,0.004353287,0.003270889,-0.0239548,0.5173035,0.04463196,0.8546295,0.02805591,0.002788376,-0.0225191,0.02805591,0.002788376,-0.0225191,0.5138702,0.0736084,0.8546906,0.5138702,0.0736084,0.8546906,5.719269,5.719269,True,True,True
1612408,63779589495432,-13.58225,2.590174,-0.06399727,-0.0693615,0.8958106,0.03425044,-0.437652,0.004079132,0.003276154,-0.02397115,0.5173492,0.04559326,0.854538,0.02805591,0.0027883,-0.0225185,0.02805591,0.0027883,-0.0225185,0.5137787,0.07566833,0.8545685,0.5137787,0.07566833,0.8545685,5.713348,5.713348,True,True,True
1612417,63779589495443,-13.58224,2.590159,-0.06396902,-0.0693896,0.8957883,0.03433415,-0.4376866,0.004024155,0.003276444,-0.02397305,0.5162201,0.04423523,0.8553009,0.02805585,0.002786957,-0.02251618,0.02805585,0.002786957,-0.02251618,0.5138702,0.07592773,0.8544922,0.5138702,0.07592773,0.8544922,5.721512,5.721512,True,True,True
1612425,63779589495443,-13.58224,2.590159,-0.06396902,-0.0693896,0.8957883,0.03433415,-0.4376866,0.003968735,0.003277451,-0.02397548,0.5178223,0.04310608,0.8543854,0.02805585,0.00278685,-0.02251457,0.02805585,0.00278685,-0.02251457,0.5144196,0.07383728,0.8543396,0.5144196,0.07383728,0.8543396,5.723572,5.723572,True,True,True
1612433,63779589495454,-13.58224,2.590184,-0.06395817,-0.06946223,0.8957554,0.03435184,-0.4377411,0.00390744,0.003277405,-0.02397756,0.5176697,0.04324341,0.8544769,0.02805585,0.002784668,-0.02251174,0.02805585,0.002784668,-0.02251174,0.5144501,0.07423401,0.8542938,0.5144501,0.07423401,0.8542938,5.724243,5.724243,True,True,True
1612442,63779589495466,-13.58232,2.590186,-0.06397343,-0.06954608,0.8957508,0.03438106,-0.4377349,0.003743424,0.003279648,-0.02398395,0.5169067,0.04431152,0.8548737,0.02805579,0.002782791,-0.02250575,0.02805579,0.002782791,-0.02250575,0.5144958,0.0743866,0.854248,0.5144958,0.0743866,0.854248,5.724792,5.724792,True,True,True
1612450,63779589495477,-13.58235,2.590158,-0.06388313,-0.06955207,0.8957402,0.03441622,-0.4377529,0.003640656,0.003281494,-0.0239895,0.5170593,0.04298401,0.8548584,0.02805579,0.002782425,-0.02250517,0.02805579,0.002782425,-0.02250517,0.5146179,0.07449341,0.8541718,0.5146179,0.07449341,0.8541718,5.724899,5.724899,True,True,True
1612458,63779589495477,-13.58235,2.590158,-0.06388313,-0.06955207,0.8957402,0.03441622,-0.4377529,0.003490875,0.003284516,-0.02399683,0.5179138,0.04406738,0.8542786,0.02805579,0.002782349,-0.02250142,0.02805579,0.002782349,-0.02250142,0.5146179,0.07423401,0.854187,0.5146179,0.07423401,0.854187,5.721619,5.721619,True,True,True
1612467,63779589495487,-13.58237,2.590141,-0.06386691,-0.06951804,0.8957626,0.03442556,-0.4377117,0.00340889,0.003285751,-0.02400182,0.5185852,0.04421997,0.8538666,0.02805571,0.002781571,-0.02250119,0.02805571,0.002781571,-0.02250119,0.5156708,0.07463074,0.8535156,0.5156708,0.07463074,0.8535156,5.726364,5.726364,True,True,True
1612475,63779589495499,-13.58238,2.590159,-0.06387377,-0.06962068,0.8957103,0.03447364,-0.4377984,0.003374451,0.00328627,-0.02400365,0.5180817,0.04283142,0.854248,0.02805571,0.00278125,-0.02250035,0.02805571,0.00278125,-0.02250035,0.5147247,0.07452393,0.8540955,0.5147247,0.07452393,0.8540955,5.734741,5.734741,True,True,True
1612483,63779589495510,-13.58237,2.590203,-0.06386644,-0.06954784,0.895689,0.03454629,-0.4378482,0.00342923,0.003285019,-0.0239997,0.5187225,0.04295349,0.8538513,0.02805571,0.002780945,-0.02249925,0.02805571,0.002780945,-0.02249925,0.5158844,0.07470703,0.8533783,0.5158844,0.07470703,0.8533783,5.746475,5.746475,True,True,True
1612492,63779589495510,-13.58237,2.590203,-0.06386644,-0.06954784,0.895689,0.03454629,-0.4378482,0.003556488,0.003282074,-0.02399101,0.5193024,0.04318237,0.8534851,0.02805571,0.002780411,-0.02249761,0.02805571,0.002780411,-0.02249761,0.5168762,0.07481384,0.8527679,0.5168762,0.07481384,0.8527679,5.737228,5.737228,True,True,True
1612500,63779589495521,-13.58237,2.590284,-0.06396574,-0.06949808,0.8957105,0.03455297,-0.4378114,0.003667176,0.003279557,-0.02398424,0.5192566,0.04351807,0.8535004,0.02805571,0.002780029,-0.02249707,0.02805571,0.002780029,-0.02249707,0.5167847,0.0750885,0.8527985,0.5167847,0.0750885,0.8527985,5.727707,5.727707,True,True,True
1612508,63779589495532,-13.58238,2.590295,-0.06399524,-0.06964814,0.8956724,0.034588,-0.4378628,0.00385112,0.003275696,-0.02397334,0.5205078,0.0447998,0.8526764,0.02805531,0.002779816,-0.02249707,0.02805531,0.002779816,-0.02249707,0.5189056,0.07679749,0.8513641,0.5189056,0.07679749,0.8513641,5.731522,5.731522,True,True,True
1612517,63779589495543,-13.5824,2.590299,-0.06395781,-0.06963044,0.8956699,0.03452879,-0.4378753,0.004018616,0.003271866,-0.02396381,0.520813,0.04512024,0.8524628,0.02805531,0.002779144,-0.02249707,0.02805531,0.002779144,-0.02249707,0.5193481,0.07691956,0.8510895,0.5193481,0.07691956,0.8510895,5.719147,5.719147,True,True,True
1612525,63779589495543,-13.5824,2.590299,-0.06395781,-0.06963044,0.8956699,0.03452879,-0.4378753,0.004119324,0.003269791,-0.02395796,0.520752,0.04490662,0.8525085,0.02805531,0.002779129,-0.02249707,0.02805531,0.002779129,-0.02249707,0.5192261,0.07688904,0.8511505,0.5192261,0.07688904,0.8511505,5.707886,5.707886,True,True,True
1612533,63779589495554,-13.58242,2.590303,-0.06394243,-0.06963293,0.8956652,0.03444472,-0.4378912,0.004336548,0.003265274,-0.02394482,0.5207825,0.04440308,0.8525238,0.02805515,0.002778931,-0.02249707,0.02805515,0.002778931,-0.02249707,0.5193024,0.07554626,0.8512268,0.5193024,0.07554626,0.8512268,5.717529,5.717529,True,True,True
1612542,63779589495566,-13.58244,2.590288,-0.06397748,-0.06963088,0.8956457,0.03444882,-0.4379309,0.004285004,0.003266312,-0.02394811,0.5205688,0.04426575,0.8526611,0.02805515,0.002778778,-0.02249678,0.02805515,0.002778778,-0.02249678,0.5189056,0.07548523,0.8514709,0.5189056,0.07548523,0.8514709,5.706528,5.706528,True,True,True
1612550,63779589495576,-13.58247,2.590305,-0.06400001,-0.06950871,0.8956835,0.03432016,-0.4378833,0.004351502,0.003264725,-0.02394386,0.5206299,0.04484558,0.8526001,0.02805508,0.002778122,-0.0224964,0.02805508,0.002778122,-0.0224964,0.5188751,0.07635498,0.8514252,0.5188751,0.07635498,0.8514252,5.706192,5.706192,True,True,True
1612558,63779589495576,-13.58247,2.590305,-0.06400001,-0.06950871,0.8956835,0.03432016,-0.4378833,0.004400376,0.003263764,-0.02394112,0.5203857,0.0448761,0.8527374,0.02805508,0.002777969,-0.02249623,0.02805508,0.002777969,-0.02249623,0.5184937,0.07632446,0.8516541,0.5184937,0.07632446,0.8516541,5.695328,5.695328,True,True,True
1612567,63779589495588,-13.58247,2.590306,-0.06402653,-0.06953746,0.8956469,0.03435784,-0.4379506,0.004400101,0.003263565,-0.02394121,0.5204773,0.04536438,0.8526611,0.02805515,0.002777512,-0.02249602,0.02805515,0.002777512,-0.02249602,0.5185089,0.07710266,0.8515778,0.5185089,0.07710266,0.8515778,5.695068,5.695068,True,True,True
1612575,63779589495599,-13.58247,2.590302,-0.06399858,-0.06958348,0.8955913,0.03439132,-0.4380544,0.004366639,0.003264298,-0.02394336,0.5205078,0.04534912,0.8526459,0.02805531,0.002777512,-0.0224959,0.02805531,0.002777512,-0.0224959,0.5185394,0.07713318,0.8515472,0.5185394,0.07713318,0.8515472,5.694992,5.694992,True,True,True
1612583,63779589495609,-13.58252,2.590296,-0.06397808,-0.06949957,0.895613,0.03444294,-0.4380191,0.004331238,0.003264984,-0.02394537,0.5201111,0.04519653,0.85289,0.02805531,0.002777512,-0.02249535,0.02805531,0.002777512,-0.02249535,0.5185242,0.07705688,0.8515778,0.5185242,0.07705688,0.8515778,5.692078,5.692078,True,True,True
1612592,63779589495609,-13.58252,2.590296,-0.06397808,-0.06949957,0.895613,0.03444294,-0.4380191,0.004311905,0.003265396,-0.0239467,0.5202026,0.04534912,0.852829,0.02805536,0.002777512,-0.02249527,0.02805536,0.002777512,-0.02249527,0.5185394,0.07659912,0.8516083,0.5185394,0.07659912,0.8516083,5.691757,5.691757,True,True,True
1612600,63779589495621,-13.58259,2.590294,-0.06399953,-0.06949256,0.8955775,0.03439314,-0.4380967,0.00409668,0.003269867,-0.02396021,0.5202484,0.04579163,0.8527679,0.02805553,0.002777512,-0.02249527,0.02805553,0.002777512,-0.02249527,0.5188446,0.07696533,0.8513794,0.5188446,0.07696533,0.8513794,5.692368,5.692368,True,True,True
1612608,63779589495632,-13.58262,2.590272,-0.06398612,-0.06959414,0.8955583,0.03437652,-0.4381212,0.004126892,0.00326918,-0.02395847,0.5201569,0.04563904,0.8528442,0.02805574,0.002777374,-0.02249512,0.02805574,0.002777374,-0.02249512,0.518631,0.07662964,0.8515472,0.518631,0.07662964,0.8515472,5.69133,5.69133,True,True,True
1612617,63779589495643,-13.58256,2.590277,-0.06399786,-0.06967177,0.8955022,0.03430203,-0.4382294,0.004303391,0.003265473,-0.02394721,0.5183411,0.04586792,0.8539276,0.02805586,0.002777161,-0.02249387,0.02805586,0.002777161,-0.02249387,0.5155029,0.0766449,0.8534393,0.5155029,0.0766449,0.8534393,5.688858,5.688858,True,True,True
1612625,63779589495643,-13.58256,2.590277,-0.06399786,-0.06967177,0.8955022,0.03430203,-0.4382294,0.004087738,0.003269913,-0.02396047,0.5180359,0.04484558,0.8541718,0.0280559,0.002777161,-0.02249356,0.0280559,0.002777161,-0.02249356,0.5155182,0.07627869,0.8534698,0.5155182,0.07627869,0.8534698,5.688736,5.688736,True,True,True
1612633,63779589495654,-13.58264,2.590246,-0.0639562,-0.06965242,0.8954955,0.0343951,-0.4382389,0.004003434,0.003271591,-0.02396509,0.5175018,0.04464722,0.8545074,0.02805597,0.002777054,-0.02249239,0.02805597,0.002777054,-0.02249239,0.5145874,0.0761261,0.8540344,0.5145874,0.0761261,0.8540344,5.690598,5.690598,True,True,True
1612642,63779589495665,-13.58267,2.590241,-0.063977,-0.06971068,0.8954617,0.03443558,-0.4382955,0.00409993,0.003269364,-0.02395871,0.5175476,0.04469299,0.8544769,0.02805603,0.002776535,-0.02249109,0.02805603,0.002776535,-0.02249109,0.5146484,0.07600403,0.8540192,0.5146484,0.07600403,0.8540192,5.693558,5.693558,True,True,True
1612650,63779589495676,-13.58273,2.590178,-0.06401443,-0.06975944,0.8954164,0.03472615,-0.4383576,0.003998871,0.003271469,-0.02396413,0.5181885,0.04470825,0.8540802,0.02805608,0.002776535,-0.02248967,0.02805608,0.002776535,-0.02248967,0.5157013,0.07623291,0.853363,0.5157013,0.07623291,0.853363,5.699982,5.699982,True,True,True
1612658,63779589495676,-13.58273,2.590178,-0.06401443,-0.06975944,0.8954164,0.03472615,-0.4383576,0.00400177,0.003271576,-0.02396394,0.517395,0.04431152,0.8545837,0.02805641,0.00277681,-0.02248963,0.02805641,0.00277681,-0.02248963,0.5157776,0.07620239,0.8533173,0.5157776,0.07620239,0.8533173,5.699966,5.699966,True,True,True
1612667,63779589495687,-13.58278,2.590209,-0.064071,-0.06990198,0.8953778,0.03490107,-0.4383998,0.004079483,0.003269989,-0.02395836,0.5170746,0.04426575,0.8547821,0.02805712,0.00277681,-0.02248815,0.02805712,0.00277681,-0.02248815,0.515976,0.07615662,0.8531952,0.515976,0.07615662,0.8531952,5.700455,5.700455,True,True,True
1612675,63779589495699,-13.58281,2.590215,-0.06409079,-0.07011963,0.8953179,0.03507932,-0.4384731,0.003984604,0.003271866,-0.02396164,0.5172577,0.04333496,0.8547211,0.02805756,0.00277681,-0.0224837,0.02805756,0.00277681,-0.0224837,0.5161438,0.07463074,0.8532257,0.5161438,0.07463074,0.8532257,5.701141,5.701141,True,True,True
1612683,63779589495710,-13.58282,2.59023,-0.06406015,-0.07027811,0.8952073,0.03523329,-0.4386611,0.003903153,0.003273544,-0.02396587,0.5174408,0.04244995,0.85466,0.02805797,0.00277681,-0.02248235,0.02805797,0.00277681,-0.02248235,0.516449,0.07327271,0.8531647,0.516449,0.07327271,0.8531647,5.718155,5.718155,True,True,True
1612692,63779589495710,-13.58282,2.59023,-0.06406015,-0.07027811,0.8952073,0.03523329,-0.4386611,0.003788925,0.003275818,-0.02397154,0.5167236,0.04182434,0.8551178,0.02805817,0.00277681,-0.02248001,0.02805817,0.00277681,-0.02248001,0.5165253,0.07260132,0.8531799,0.5165253,0.07260132,0.8531799,5.717896,5.717896,True,True,True
1612700,63779589495720,-13.58285,2.590236,-0.06407624,-0.07044537,0.8951701,0.0352229,-0.438711,0.003671204,0.003278198,-0.02397803,0.516571,0.04188538,0.8552094,0.02805838,0.002776734,-0.0224787,0.02805838,0.002776734,-0.0224787,0.5165863,0.07305908,0.8531036,0.5165863,0.07305908,0.8531036,5.71846,5.71846,True,True,True
1612708,63779589495732,-13.5828,2.590272,-0.06401324,-0.07046841,0.8951523,0.03520901,-0.4387447,0.003627197,0.003278504,-0.02398067,0.5166931,0.04199219,0.8551178,0.02805937,0.00277565,-0.02247852,0.02805937,0.00277565,-0.02247852,0.5168304,0.07331848,0.8529358,0.5168304,0.07331848,0.8529358,5.71907,5.71907,True,True,True
1612717,63779589495743,-13.58281,2.590283,-0.06400257,-0.07050411,0.8951267,0.03517631,-0.4387938,0.003659134,0.00327768,-0.02397797,0.5166626,0.04205322,0.8551483,0.02805951,0.002775345,-0.02247775,0.02805951,0.002775345,-0.02247775,0.5166779,0.07337952,0.8530273,0.5166779,0.07337952,0.8530273,5.719086,5.719086,True,True,True
1612725,63779589495743,-13.58281,2.590283,-0.06400257,-0.07050411,0.8951267,0.03517631,-0.4387938,0.003726914,0.003276032,-0.02397305,0.5166931,0.04188538,0.8551331,0.02806062,0.002774872,-0.02247667,0.02806062,0.002774872,-0.02247667,0.5167389,0.07295227,0.8530121,0.5167389,0.07295227,0.8530121,5.718796,5.718796,True,True,True
1612733,63779589495754,-13.5828,2.590322,-0.06401885,-0.07041011,0.8951516,0.03500397,-0.438772,0.003786209,0.003274811,-0.02396812,0.5167847,0.04084778,0.8551331,0.02806085,0.00277475,-0.0224747,0.02806085,0.00277475,-0.0224747,0.5168762,0.07107544,0.8530884,0.5168762,0.07107544,0.8530884,5.720993,5.720993,True,True,True
1612742,63779589495765,-13.58279,2.590343,-0.06404841,-0.07038271,0.8951697,0.03492966,-0.4387453,0.003900528,0.003272431,-0.02396001,0.5162201,0.04098511,0.8554688,0.02806117,0.002774674,-0.02247348,0.02806117,0.002774674,-0.02247348,0.5159302,0.07096863,0.8536682,0.5159302,0.07096863,0.8536682,5.728928,5.728928,True,True,True
1612750,63779589495776,-13.58281,2.590342,-0.06405652,-0.07025141,0.8952268,0.03489781,-0.4386525,0.003916367,0.003271027,-0.0239587,0.5157776,0.04121399,0.8557129,0.02806175,0.002772568,-0.02247284,0.02806175,0.002772568,-0.02247284,0.5150757,0.07136536,0.8541565,0.5150757,0.07136536,0.8541565,5.719604,5.719604,True,True,True
1612758,63779589495776,-13.58281,2.590342,-0.06405652,-0.07025141,0.8952268,0.03489781,-0.4386525,0.003842011,0.003271988,-0.023963,0.5155945,0.04136658,0.8558197,0.02806218,0.002771561,-0.02247237,0.02806218,0.002771561,-0.02247237,0.51474,0.07139587,0.8543549,0.51474,0.07139587,0.8543549,5.71904,5.71904,True,True,True
1612767,63779589495787,-13.58281,2.590368,-0.06407547,-0.07024477,0.8952438,0.03480115,-0.4386263,0.003893646,0.0032706,-0.02395938,0.5154266,0.04185486,0.855896,0.02806328,0.002771393,-0.02247154,0.02806328,0.002771393,-0.02247154,0.5144653,0.07136536,0.8545227,0.5144653,0.07136536,0.8545227,5.718994,5.718994,True,True,True
1612775,63779589495798,-13.58281,2.590311,-0.06412059,-0.07026828,0.8952396,0.03478311,-0.4386328,0.003949967,0.003267868,-0.02395569,0.5151215,0.04225159,0.8560638,0.02806381,0.002768799,-0.02247112,0.02806381,0.002768799,-0.02247112,0.5139008,0.07192993,0.8548126,0.5139008,0.07192993,0.8548126,5.715744,5.715744,True,True,True
1612783,63779589495809,-13.58287,2.590302,-0.06413502,-0.07029919,0.8952752,0.03473964,-0.4385584,0.004000321,0.003265717,-0.02395177,0.5145569,0.04298401,0.856369,0.02806392,0.002767334,-0.02246971,0.02806392,0.002767334,-0.02246971,0.5127411,0.07217407,0.855484,0.5127411,0.07217407,0.855484,5.717712,5.717712,True,True,True
1612792,63779589495809,-13.58287,2.590302,-0.06413502,-0.07029919,0.8952752,0.03473964,-0.4385584,0.003943589,0.00326619,-0.02395439,0.5145874,0.04312134,0.8563385,0.02806392,0.002766113,-0.02246755,0.02806392,0.002766113,-0.02246755,0.5128479,0.07244873,0.8554077,0.5128479,0.07244873,0.8554077,5.726379,5.726379,True,True,True
1612800,63779589495821,-13.58289,2.590222,-0.06417513,-0.07031065,0.8952899,0.03466277,-0.4385327,0.003981156,0.003264771,-0.02395068,0.513916,0.04315186,0.8567505,0.02806392,0.002764481,-0.022465,0.02806392,0.002764481,-0.022465,0.5118713,0.07255554,0.8559875,0.5118713,0.07255554,0.8559875,5.719482,5.719482,True,True,True
1612808,63779589495832,-13.5829,2.590208,-0.06419367,-0.07031633,0.895306,0.03454571,-0.4385082,0.003917053,0.00326471,-0.02395378,0.5139618,0.04283142,0.85672,0.02806406,0.0027621,-0.02246352,0.02806406,0.0027621,-0.02246352,0.5119934,0.07197571,0.855957,0.5119934,0.07197571,0.855957,5.725266,5.725266,True,True,True
1612817,63779589495843,-13.58291,2.590178,-0.06421685,-0.07024769,0.895312,0.03450517,-0.4385103,0.003857666,0.0032659,-0.02395692,0.5138855,0.04266357,0.856781,0.02806421,0.002761734,-0.02246152,0.02806421,0.002761734,-0.02246152,0.5120392,0.07202148,0.8559265,0.5120392,0.07202148,0.8559265,5.725494,5.725494,True,True,True
1612825,63779589495843,-13.58291,2.590178,-0.06421685,-0.07024769,0.895312,0.03450517,-0.4385103,0.003857102,0.003265839,-0.02395697,0.5140228,0.04283142,0.8566895,0.02806424,0.002761093,-0.02246013,0.02806424,0.002761093,-0.02246013,0.5122375,0.07217407,0.8557892,0.5122375,0.07217407,0.8557892,5.741837,5.741837,True,True,True
1612833,63779589495855,-13.58293,2.590154,-0.06421918,-0.07019503,0.8953373,0.03435555,-0.4384788,0.003873535,0.003265381,-0.02395537,0.5145721,0.04338074,0.8563385,0.02806424,0.00276091,-0.02245851,0.02806424,0.00276091,-0.02245851,0.5131836,0.07305908,0.8551483,0.5131836,0.07305908,0.8551483,5.743515,5.743515,True,True,True
1612842,63779589495865,-13.58288,2.590122,-0.06422251,-0.07013933,0.895335,0.03418335,-0.4385057,0.003916825,0.003264481,-0.02395174,0.5145569,0.0428009,0.856369,0.02806439,0.00276091,-0.02245564,0.02806439,0.00276091,-0.02245564,0.5132751,0.07203674,0.8551788,0.5132751,0.07203674,0.8551788,5.745514,5.745514,True,True,True
1612850,63779589495876,-13.58292,2.590076,-0.06427407,-0.07011176,0.8953193,0.03398144,-0.4385577,0.003964676,0.003263474,-0.02394867,0.5145111,0.04273987,0.8563995,0.02806447,0.00276091,-0.02245485,0.02806447,0.00276091,-0.02245485,0.5132751,0.07197571,0.8551941,0.5132751,0.07197571,0.8551941,5.742813,5.742813,True,True,True
1612858,63779589495876,-13.58292,2.590076,-0.06427407,-0.07011176,0.8953193,0.03398144,-0.4385577,0.003993225,0.003262879,-0.02394541,0.5145264,0.04290771,0.8563843,0.02806447,0.00276091,-0.02245227,0.02806447,0.00276091,-0.02245227,0.5133057,0.07211304,0.8551483,0.5133057,0.07211304,0.8551483,5.74324,5.74324,True,True,True
1612867,63779589495887,-13.58293,2.590082,-0.06426901,-0.0701324,0.8952981,0.03375217,-0.4386155,0.003976028,0.003263245,-0.02394534,0.5148163,0.04281616,0.8562164,0.02806447,0.00276091,-0.02244982,0.02806447,0.00276091,-0.02244982,0.5138702,0.07199097,0.8548279,0.5138702,0.07199097,0.8548279,5.728012,5.728012,True,True,True
1612875,63779589495899,-13.58296,2.590003,-0.06435585,-0.07003722,0.8953347,0.03366941,-0.4385624,0.003964707,0.003263504,-0.02394606,0.5156097,0.04324341,0.8557281,0.02806485,0.00276091,-0.02244974,0.02806485,0.00276091,-0.02244974,0.5152283,0.07275391,0.8539429,0.5152283,0.07275391,0.8539429,5.748459,5.748459,True,True,True
1612883,63779589495909,-13.58298,2.589988,-0.06437701,-0.07010298,0.8952577,0.03356372,-0.4387172,0.003985001,0.003263275,-0.02394515,0.5167389,0.04342651,0.8550262,0.02806505,0.00276091,-0.02244959,0.02806505,0.00276091,-0.02244959,0.5170135,0.07305908,0.8528442,0.5170135,0.07305908,0.8528442,5.75531,5.75531,True,True,True
1612892,63779589495909,-13.58298,2.589988,-0.06437701,-0.07010298,0.8952577,0.03356372,-0.4387172,0.003955612,0.003264053,-0.02394655,0.516922,0.04394531,0.8548889,0.02806505,0.002761093,-0.02244835,0.02806505,0.002761093,-0.02244835,0.517334,0.07403564,0.8525696,0.517334,0.07403564,0.8525696,5.758957,5.758957,True,True,True
1612900,63779589495921,-13.58297,2.589986,-0.06441993,-0.07017053,0.8952518,0.03340378,-0.4387306,0.003960861,0.003264328,-0.02394608,0.5169525,0.04386902,0.8548737,0.02806514,0.002761658,-0.02244809,0.02806514,0.002761658,-0.02244809,0.5173645,0.0738678,0.8525543,0.5173645,0.0738678,0.8525543,5.758972,5.758972,True,True,True
1612908,63779589495932,-13.58301,2.589993,-0.06440949,-0.07009976,0.8952297,0.03341124,-0.4387865,0.003996292,0.003264343,-0.02394418,0.5173492,0.04312134,0.8546753,0.0280658,0.002762589,-0.02244804,0.0280658,0.002762589,-0.02244804,0.5175018,0.07255554,0.8525848,0.5175018,0.07255554,0.8525848,5.755264,5.755264,True,True,True
1612917,63779589495943,-13.58305,2.589993,-0.06440854,-0.07005065,0.8952454,0.03341759,-0.4387617,0.004019867,0.003264527,-0.02394272,0.5174103,0.04263306,0.85466,0.0280659,0.002763199,-0.02244785,0.0280659,0.002763199,-0.02244785,0.5175323,0.07241821,0.8525848,0.5175323,0.07241821,0.8525848,5.755417,5.755417,True,True,True
1612925,63779589495943,-13.58305,2.589993,-0.06440854,-0.07005065,0.8952454,0.03341759,-0.4387617,0.0041147,0.003263535,-0.0239366,0.5181732,0.04292297,0.854187,0.0280677,0.002764694,-0.02244736,0.0280677,0.002764694,-0.02244736,0.5188293,0.07305908,0.8517303,0.5188293,0.07305908,0.8517303,5.757309,5.757309,True,True,True
1612933,63779589495954,-13.58298,2.590009,-0.06444025,-0.07017452,0.8952019,0.03345751,-0.4388278,0.004221604,0.003262162,-0.02392978,0.5187836,0.0430603,0.8538055,0.02806786,0.002765549,-0.0224464,0.02806786,0.002765549,-0.0224464,0.5188904,0.07298279,0.8517151,0.5188904,0.07298279,0.8517151,5.757416,5.757416,True,True,True
1612942,63779589495965,-13.58299,2.589994,-0.06444746,-0.07026012,0.8951793,0.03336636,-0.4388669,0.00415947,0.003264298,-0.02393381,0.5183258,0.04273987,0.8540955,0.02806807,0.002766358,-0.02244634,0.02806807,0.002766358,-0.02244634,0.5180817,0.07263184,0.8522339,0.5180817,0.07263184,0.8522339,5.756256,5.756256,True,True,True
1612950,63779589495976,-13.58299,2.589941,-0.06440949,-0.07043222,0.8951466,0.03343616,-0.4389009,0.00414856,0.003265274,-0.02393407,0.5188293,0.04269409,0.8538055,0.02806815,0.002767395,-0.02244559,0.02806815,0.002767395,-0.02244559,0.5189667,0.07270813,0.8516846,0.5189667,0.07270813,0.8516846,5.757675,5.757675,True,True,True
1612958,63779589495976,-13.58299,2.589941,-0.06440949,-0.07043222,0.8951466,0.03343616,-0.4389009,0.004195572,0.003264694,-0.02393097,0.5188751,0.0430603,0.8537445,0.02806838,0.002767655,-0.02244528,0.02806838,0.002767655,-0.02244528,0.5190125,0.07357788,0.8515778,0.5190125,0.07357788,0.8515778,5.758499,5.758499,True,True,True
1612967,63779589495987,-13.58296,2.58989,-0.06427401,-0.0705313,0.8950994,0.03347965,-0.4389778,0.004153488,0.003265869,-0.02393341,0.516861,0.04327393,0.8549652,0.02806857,0.002767792,-0.02244496,0.02806857,0.002767792,-0.02244496,0.5163269,0.07420349,0.8531647,0.5163269,0.07420349,0.8531647,5.7565,5.7565,True,True,True
1612975,63779589495998,-13.58296,2.589892,-0.06425011,-0.07062235,0.8950492,0.03344601,-0.4390681,0.004307556,0.003263504,-0.02392381,0.5170288,0.04411316,0.8548126,0.02806976,0.00276886,-0.0224449,0.02806976,0.00276886,-0.0224449,0.5166016,0.07537842,0.85289,0.5166016,0.07537842,0.85289,5.757828,5.757828,True,True,True
1612983,63779589496010,-13.58294,2.589888,-0.06423521,-0.07055844,0.8949958,0.03335258,-0.4391943,0.004372269,0.003262619,-0.0239194,0.5170441,0.04431152,0.8547974,0.02807018,0.002769135,-0.02244421,0.02807018,0.002769135,-0.02244421,0.5166321,0.07569885,0.8528442,0.5166321,0.07569885,0.8528442,5.751129,5.751129,True,True,True
1612992,63779589496010,-13.58294,2.589888,-0.06423521,-0.07055844,0.8949958,0.03335258,-0.4391943,0.004364487,0.003268585,-0.02391838,0.5187988,0.04449463,0.853714,0.02807022,0.002769135,-0.02244406,0.02807022,0.002769135,-0.02244406,0.5154266,0.07797241,0.853363,0.5154266,0.07797241,0.853363,5.758942,5.758942,True,True,True
1613000,63779589496021,-13.58294,2.589882,-0.06419885,-0.07053591,0.8950083,0.0333729,-0.4391711,0.004408936,0.003267899,-0.02391461,0.5186615,0.04454041,0.8538055,0.02807065,0.002769455,-0.02244302,0.02807065,0.002769455,-0.02244302,0.5151215,0.07771301,0.8535767,0.5151215,0.07771301,0.8535767,5.751343,5.751343,True,True,True
1613008,63779589496032,-13.58291,2.589819,-0.06417394,-0.07050992,0.894991,0.03329521,-0.4392162,0.00446785,0.003268036,-0.02390991,0.5183105,0.04452515,0.8540192,0.02807125,0.002769669,-0.02244255,0.02807125,0.002769669,-0.02244255,0.514679,0.07777405,0.8538361,0.514679,0.07777405,0.8538361,5.749542,5.749542,True,True,True
1613017,63779589496032,-13.58291,2.589819,-0.06417394,-0.07050992,0.894991,0.03329521,-0.4392162,0.004537079,0.00326738,-0.02390538,0.5179749,0.04447937,0.8542328,0.02807135,0.002769669,-0.02244215,0.02807135,0.002769669,-0.02244215,0.5141144,0.0776825,0.854187,0.5141144,0.0776825,0.854187,5.746155,5.746155,True,True,True
1613025,63779589496043,-13.5829,2.589848,-0.06413656,-0.0704854,0.8949572,0.03337903,-0.4392825,0.004510025,0.00326796,-0.02390552,0.5173645,0.04403687,0.8546143,0.02807192,0.002769669,-0.022439,0.02807192,0.002769669,-0.022439,0.5141602,0.07728577,0.854187,0.5141602,0.07728577,0.854187,5.748764,5.748764,True,True,True
1613033,63779589496054,-13.58291,2.589818,-0.06408447,-0.0705521,0.8948926,0.0334306,-0.4393997,0.004458603,0.003269058,-0.02390868,0.5167847,0.04402161,0.8549652,0.02807248,0.002769669,-0.0224389,0.02807248,0.002769669,-0.0224389,0.5140991,0.07730103,0.8542328,0.5140991,0.07730103,0.8542328,5.748566,5.748566,True,True,True
1613042,63779589496065,-13.5829,2.589849,-0.06410563,-0.07051537,0.8948921,0.03350982,-0.4394006,0.004373062,0.003270859,-0.02391385,0.5162659,0.04418945,0.8552856,0.0280725,0.002769669,-0.02243865,0.0280725,0.002769669,-0.02243865,0.5131989,0.07714844,0.8547821,0.5131989,0.07714844,0.8547821,5.744812,5.744812,True,True,True
1613050,63779589496076,-13.5829,2.589854,-0.06408441,-0.07048886,0.8948853,0.03359312,-0.4394123,0.004150528,0.003275787,-0.02392769,0.5158844,0.04385376,0.8555298,0.02807272,0.002769516,-0.0224386,0.02807272,0.002769516,-0.0224386,0.5124969,0.07723999,0.8551941,0.5124969,0.07723999,0.8551941,5.740143,5.740143,True,True,True
1613058,63779589496076,-13.5829,2.589854,-0.06408441,-0.07048886,0.8948853,0.03359312,-0.4394123,0.004023102,0.003278488,-0.02393483,0.5146637,0.04371643,0.8562622,0.02807373,0.002769486,-0.0224372,0.02807373,0.002769486,-0.0224372,0.5111694,0.07737732,0.8559723,0.5111694,0.07737732,0.8559723,5.663834,5.663834,True,True,True
1613067,63779589496087,-13.58297,2.589906,-0.0641281,-0.07049938,0.8948075,0.03368934,-0.4395616,0.003992371,0.003279144,-0.02393581,0.514267,0.04360962,0.8565063,0.0280741,0.002769486,-0.02243555,0.0280741,0.002769486,-0.02243555,0.5104675,0.07727051,0.8563995,0.5104675,0.07727051,0.8563995,5.663239,5.663239,True,True,True
1613075,63779589496098,-13.58297,2.589886,-0.06413627,-0.07046513,0.8947939,0.03383801,-0.4395835,0.004017914,0.00327861,-0.02393353,0.5118866,0.04371643,0.8579254,0.02807488,0.002769486,-0.02243433,0.02807488,0.002769486,-0.02243433,0.5065918,0.07684326,0.8587341,0.5065918,0.07684326,0.8587341,5.659088,5.659088,True,True,True
1613083,63779589496109,-13.58298,2.589928,-0.06412506,-0.07047825,0.8947917,0.03391066,-0.4395803,0.003910767,0.003280853,-0.02393955,0.5118256,0.04348755,0.8579712,0.02807523,0.002769455,-0.02243318,0.02807523,0.002769455,-0.02243318,0.5063782,0.07672119,0.8588715,0.5063782,0.07672119,0.8588715,5.658951,5.658951,True,True,True
1613092,63779589496109,-13.58298,2.589928,-0.06412506,-0.07047825,0.8947917,0.03391066,-0.4395803,0.005427643,0.003242706,-0.02384754,0.5088959,0.04716492,0.8595276,0.02807529,0.002769425,-0.02243213,0.02807529,0.002769425,-0.02243213,0.5052338,0.07704163,0.8595276,0.5052338,0.07704163,0.8595276,5.65831,5.65831,True,True,True
1613100,63779589496121,-13.58306,2.589915,-0.0640645,-0.07052035,0.8948081,0.03402706,-0.4395311,0.003820465,0.003275406,-0.02394721,0.5079803,0.04515076,0.8601685,0.02807584,0.002768494,-0.02243025,0.02807584,0.002768494,-0.02243025,0.5028229,0.07699585,0.8609467,0.5028229,0.07699585,0.8609467,5.65625,5.65625,True,True,True
1613108,63779589496131,-13.58304,2.589912,-0.06406736,-0.07054073,0.8947741,0.03413742,-0.4395883,0.003862381,0.00327417,-0.023944,0.5079803,0.04490662,0.8601837,0.02807648,0.002767914,-0.02242854,0.02807648,0.002767914,-0.02242854,0.5027008,0.07699585,0.8610077,0.5027008,0.07699585,0.8610077,5.656342,5.656342,True,True,True
1613117,63779589496143,-13.58302,2.589859,-0.06409228,-0.07062378,0.8947859,0.0342533,-0.4395421,0.003820114,0.003273972,-0.02394611,0.5079193,0.04478455,0.8602295,0.02807662,0.002767639,-0.02242748,0.02807662,0.002767639,-0.02242748,0.5027466,0.07652283,0.8610229,0.5027466,0.07652283,0.8610229,5.655884,5.655884,True,True,True
1613125,63779589496143,-13.58302,2.589859,-0.06409228,-0.07062378,0.8947859,0.0342533,-0.4395421,0.00371434,0.003275711,-0.02395171,0.5078735,0.04457092,0.86026,0.0280773,0.002767365,-0.02242555,0.0280773,0.002767365,-0.02242555,0.5024872,0.07644653,0.8611908,0.5024872,0.07644653,0.8611908,5.656662,5.656662,True,True,True
1613133,63779589496154,-13.58301,2.589854,-0.06410462,-0.07068603,0.8947815,0.03434734,-0.4395337,0.003834625,0.003271897,-0.02394066,0.5080719,0.04481506,0.8601379,0.02807735,0.002765167,-0.02241888,0.02807735,0.002765167,-0.02241888,0.5030212,0.07666016,0.8608551,0.5030212,0.07666016,0.8608551,5.657791,5.657791,True,True,True
1613141,63779589496165,-13.58304,2.58988,-0.06411028,-0.07075769,0.8947762,0.03440596,-0.4395283,0.003939285,0.003269089,-0.02393401,0.5077667,0.04367065,0.8603668,0.02807741,0.002764527,-0.02241785,0.02807741,0.002764527,-0.02241785,0.5025787,0.07427979,0.8613129,0.5025787,0.07427979,0.8613129,5.655273,5.655273,True,True,True
1613150,63779589496176,-13.58298,2.589855,-0.06411815,-0.07071152,0.8947995,0.03446984,-0.4394834,0.003976258,0.003267914,-0.02393128,0.5078888,0.04380798,0.8602905,0.02807823,0.002763825,-0.02241614,0.02807823,0.002763825,-0.02241614,0.5028076,0.07434082,0.8611908,0.5028076,0.07434082,0.8611908,5.654755,5.654755,True,True,True
1613158,63779589496176,-13.58298,2.589855,-0.06411815,-0.07071152,0.8947995,0.03446984,-0.4394834,0.00373616,0.003272385,-0.0239445,0.5076447,0.04495239,0.8603821,0.02807878,0.002762879,-0.02241159,0.02807878,0.002762879,-0.02241159,0.5018616,0.07670593,0.8615265,0.5018616,0.07670593,0.8615265,5.656891,5.656891,True,True,True
1613166,63779589496187,-13.58298,2.58987,-0.06413299,-0.07079658,0.894823,0.03456641,-0.4394142,0.003604431,0.003274552,-0.02395259,0.5077972,0.04498291,0.8602905,0.02807884,0.002761841,-0.02241071,0.02807884,0.002761841,-0.02241071,0.5020599,0.07701111,0.8613892,0.5020599,0.07701111,0.8613892,5.678421,5.678421,True,True,True
1613175,63779589496198,-13.58293,2.589925,-0.06416082,-0.07081028,0.8948275,0.03451618,-0.4394067,0.003655548,0.003273224,-0.02394858,0.5084381,0.04415894,0.8599548,0.02807887,0.002761383,-0.02240915,0.02807887,0.002761383,-0.02240915,0.5021057,0.07449341,0.8615875,0.5021057,0.07449341,0.8615875,5.676559,5.676559,True,True,True
1613183,63779589496209,-13.58292,2.589948,-0.06418353,-0.07081617,0.8948578,0.03463481,-0.4393347,0.003736878,0.003271485,-0.02394333,0.5084686,0.04444885,0.8599243,0.02807906,0.002761337,-0.02240805,0.02807906,0.002761337,-0.02240805,0.5021973,0.07450867,0.8615265,0.5021973,0.07450867,0.8615265,5.677536,5.677536,True,True,True
1613191,63779589496209,-13.58292,2.589948,-0.06418353,-0.07081617,0.8948578,0.03463481,-0.4393347,0.00379689,0.003269715,-0.02393935,0.5084381,0.0446167,0.8599243,0.02807909,0.002760422,-0.02240764,0.02807909,0.002760422,-0.02240764,0.502182,0.07470703,0.8615112,0.502182,0.07470703,0.8615112,5.677765,5.677765,True,True,True
1613200,63779589496220,-13.58292,2.589955,-0.06417161,-0.07083112,0.8948964,0.03471193,-0.4392477,0.003859757,0.003267884,-0.02393362,0.5084534,0.04429626,0.8599396,0.02807921,0.002759552,-0.02240407,0.02807921,0.002759552,-0.02240407,0.502243,0.07440186,0.8615112,0.502243,0.07440186,0.8615112,5.677673,5.677673,True,True,True
1613208,63779589496231,-13.58291,2.589885,-0.06413609,-0.07086796,0.8948932,0.03473753,-0.4392463,0.003873993,0.003267563,-0.02393238,0.5085144,0.04431152,0.8599091,0.02807967,0.002759491,-0.02240299,0.02807967,0.002759491,-0.02240299,0.5023651,0.07435608,0.8614349,0.5023651,0.07435608,0.8614349,5.677917,5.677917,True,True,True
1613216,63779589496243,-13.58295,2.589914,-0.06414384,-0.07079621,0.894906,0.03474095,-0.4392313,0.00382843,0.003268341,-0.02393604,0.5084381,0.04347229,0.8599854,0.02807967,0.002759201,-0.02240297,0.02807967,0.002759201,-0.02240297,0.5023956,0.0736084,0.8614807,0.5023956,0.0736084,0.8614807,5.677216,5.677216,True,True,True
1613225,63779589496243,-13.58295,2.589914,-0.06414384,-0.07079621,0.894906,0.03474095,-0.4392313,0.003753037,0.003269821,-0.02394057,0.5090179,0.0438385,0.8596344,0.02808002,0.00275911,-0.0224023,0.02808002,0.00275911,-0.0224023,0.5034027,0.07366943,0.8608856,0.5034027,0.07366943,0.8608856,5.663589,5.663589,True,True,True
1613233,63779589496253,-13.58291,2.589863,-0.0641861,-0.07064656,0.8949299,0.0348231,-0.4392002,0.003842529,0.003267365,-0.02393506,0.509613,0.04399109,0.8592682,0.02808002,0.002758102,-0.02239938,0.02808002,0.002758102,-0.02239938,0.5044861,0.07357788,0.86026,0.5044861,0.07357788,0.86026,5.664749,5.664749,True,True,True
1613241,63779589496265,-13.58288,2.589882,-0.06421947,-0.07057847,0.8949181,0.03483125,-0.4392346,0.003951325,0.003264999,-0.02392813,0.5095367,0.04412842,0.8592987,0.02808002,0.002757965,-0.02239856,0.02808002,0.002757965,-0.02239856,0.5045013,0.07356262,0.86026,0.5045013,0.07356262,0.86026,5.66481,5.66481,True,True,True
1613250,63779589496276,-13.58289,2.589898,-0.06427443,-0.07046736,0.8949451,0.0348462,-0.4391963,0.004045807,0.003262879,-0.02392204,0.5095673,0.04460144,0.8592529,0.02808002,0.002757752,-0.02239751,0.02808002,0.002757752,-0.02239751,0.5046539,0.07371521,0.8601532,0.5046539,0.07371521,0.8601532,5.679581,5.679581,True,True,True
1613258,63779589496276,-13.58289,2.589898,-0.06427443,-0.07046736,0.8949451,0.0348462,-0.4391963,0.004063614,0.0032621,-0.02392047,0.5089874,0.04371643,0.8596497,0.02808002,0.002757065,-0.0223967,0.02808002,0.002757065,-0.0223967,0.5036774,0.07214355,0.8608551,0.5036774,0.07214355,0.8608551,5.68335,5.68335,True,True,True
1613266,63779589496287,-13.58286,2.58991,-0.06431353,-0.07047646,0.8949547,0.0348507,-0.4391748,0.004049362,0.003262085,-0.02392122,0.5101776,0.043396,0.858963,0.02808002,0.002756516,-0.02239623,0.02808002,0.002756516,-0.02239623,0.5057068,0.07202148,0.8596802,0.5057068,0.07202148,0.8596802,5.698059,5.698059,True,True,True
1613275,63779589496298,-13.58289,2.58989,-0.06430149,-0.07031401,0.8949763,0.03473717,-0.4391661,0.004376129,0.003254273,-0.02390041,0.5095215,0.04258728,0.8593903,0.02807927,0.002754959,-0.02239578,0.02807927,0.002754959,-0.02239578,0.5056915,0.07125854,0.8597565,0.5056915,0.07125854,0.8597565,5.712143,5.712143,True,True,True
1613283,63779589496309,-13.58284,2.589881,-0.06431532,-0.070237,0.8949848,0.03476466,-0.4391587,0.004140976,0.00325911,-0.02391583,0.5093689,0.04220581,0.8594971,0.02807921,0.002754959,-0.02239578,0.02807921,0.002754959,-0.02239578,0.5059814,0.07116699,0.8595886,0.5059814,0.07116699,0.8595886,5.697876,5.697876,True,True,True
1613291,63779589496309,-13.58284,2.589881,-0.06431532,-0.070237,0.8949848,0.03476466,-0.4391587,0.004303055,0.003255127,-0.02390572,0.5098572,0.04275513,0.8591766,0.02807883,0.002754196,-0.02239557,0.02807883,0.002754196,-0.02239557,0.5069122,0.07162476,0.8589935,0.5069122,0.07162476,0.8589935,5.731644,5.731644,True,True,True
1613300,63779589496321,-13.58283,2.589929,-0.06433082,-0.07021584,0.894982,0.03464492,-0.4391774,0.004287308,0.003254746,-0.02390657,0.5099335,0.04322815,0.8591156,0.02807877,0.002753556,-0.02239523,0.02807877,0.002753556,-0.02239523,0.5070496,0.07237244,0.8588562,0.5070496,0.07237244,0.8588562,5.741486,5.741486,True,True,True
1613308,63779589496332,-13.58281,2.589953,-0.06438494,-0.07022256,0.894968,0.03454771,-0.4392123,0.004131638,0.003256882,-0.02391667,0.5098267,0.04328918,0.8591766,0.02807837,0.002752441,-0.02239514,0.02807837,0.002752441,-0.02239514,0.5068512,0.07258606,0.858963,0.5068512,0.07258606,0.858963,5.732193,5.732193,True,True,True
1613316,63779589496343,-13.58282,2.589951,-0.06442505,-0.07019335,0.8949538,0.03446737,-0.4392524,0.004063202,0.003257218,-0.02392008,0.5101471,0.04353333,0.858963,0.02807808,0.002750778,-0.02239343,0.02807808,0.002750778,-0.02239343,0.5068054,0.07299805,0.858963,0.5068054,0.07299805,0.858963,5.732422,5.732422,True,True,True
1613325,63779589496343,-13.58282,2.589951,-0.06442505,-0.07019335,0.8949538,0.03446737,-0.4392524,0.004281586,0.003251785,-0.02390524,0.5099945,0.04385376,0.8590393,0.02807799,0.002749939,-0.02239173,0.02807799,0.002749939,-0.02239173,0.5065918,0.07290649,0.8590851,0.5065918,0.07290649,0.8590851,5.70015,5.70015,True,True,True
1613333,63779589496354,-13.58281,2.589911,-0.06444639,-0.07014898,0.8949456,0.03443632,-0.4392787,0.004295181,0.003250519,-0.02390477,0.512558,0.0447998,0.8574677,0.02807749,0.002749939,-0.02239173,0.02807749,0.002749939,-0.02239173,0.5109863,0.07402039,0.8563843,0.5109863,0.07402039,0.8563843,5.73761,5.73761,True,True,True
1613341,63779589496365,-13.58278,2.589914,-0.06446725,-0.07006846,0.8949555,0.03423902,-0.4392867,0.004195954,0.003252381,-0.02391119,0.5125427,0.04476929,0.8574829,0.02807718,0.002749939,-0.02239173,0.02807718,0.002749939,-0.02239173,0.5109711,0.07408142,0.8563843,0.5109711,0.07408142,0.8563843,5.743607,5.743607,True,True,True
1613350,63779589496376,-13.58275,2.589916,-0.06456131,-0.07005163,0.8949292,0.03418029,-0.4393476,0.004337372,0.003249359,-0.02390235,0.5098877,0.04466248,0.8590698,0.02807715,0.002749908,-0.02239166,0.02807715,0.002749908,-0.02239166,0.5068054,0.07369995,0.858902,0.5068054,0.07369995,0.858902,5.742584,5.742584,True,True,True
1613358,63779589496376,-13.58275,2.589916,-0.06456131,-0.07005163,0.8949292,0.03418029,-0.4393476,0.004176102,0.003252426,-0.02391281,0.5135498,0.04489136,0.8568726,0.02807695,0.002749908,-0.02239166,0.02807695,0.002749908,-0.02239166,0.5126953,0.07421875,0.8553467,0.5126953,0.07421875,0.8553467,5.745255,5.745255,True,True,True
1613366,63779589496388,-13.58274,2.589921,-0.06457502,-0.07006672,0.8949243,0.03406275,-0.4393643,0.00419896,0.003251785,-0.02391145,0.5102844,0.04470825,0.8588257,0.02807695,0.002749634,-0.0223916,0.02807695,0.002749634,-0.0223916,0.5067444,0.07377625,0.8589172,0.5067444,0.07377625,0.8589172,5.742538,5.742538,True,True,True
1613375,63779589496398,-13.58278,2.589928,-0.06460041,-0.07013381,0.8948995,0.03391446,-0.4394155,0.004138046,0.003253067,-0.02391611,0.5133514,0.04463196,0.8569946,0.02807695,0.002749634,-0.0223916,0.02807695,0.002749634,-0.0223916,0.5126953,0.0737915,0.8553772,0.5126953,0.0737915,0.8553772,5.744934,5.744934,True,True,True
1613383,63779589496409,-13.58278,2.589926,-0.06460071,-0.07013251,0.8948942,0.03383645,-0.4394326,0.00400441,0.003255875,-0.02392444,0.5137787,0.04454041,0.8567505,0.02807695,0.002749634,-0.02239095,0.02807695,0.002749634,-0.02239095,0.5126953,0.07374573,0.8553772,0.5126953,0.07374573,0.8553772,5.744934,5.744934,True,True,True
1613391,63779589496409,-13.58278,2.589926,-0.06460071,-0.07013251,0.8948942,0.03383645,-0.4394326,0.003946838,0.00325708,-0.02392836,0.5099487,0.04406738,0.8590546,0.02807715,0.002749634,-0.0223909,0.02807715,0.002749634,-0.0223909,0.5068054,0.07315063,0.8589325,0.5068054,0.07315063,0.8589325,5.742203,5.742203,True,True,True
1613400,63779589496420,-13.58279,2.589892,-0.06464666,-0.07018299,0.8948569,0.03379075,-0.439504,0.003967819,0.003256638,-0.02392732,0.5099487,0.04425049,0.8590546,0.02807715,0.002749634,-0.02239089,0.02807715,0.002749634,-0.02239089,0.5067596,0.07336426,0.8589478,0.5067596,0.07336426,0.8589478,5.750061,5.750061,True,True,True
1613408,63779589496432,-13.58282,2.589836,-0.06464231,-0.07013142,0.8948724,0.03379517,-0.4394804,0.003978165,0.003256516,-0.02392658,0.5099182,0.04455566,0.8590546,0.02807718,0.002749771,-0.02239055,0.02807718,0.002749771,-0.02239055,0.5059357,0.07301331,0.8594666,0.5059357,0.07301331,0.8594666,5.754211,5.754211,True,True,True
1613416,63779589496443,-13.58283,2.589823,-0.06470853,-0.07017916,0.8948663,0.03391309,-0.4394761,0.004041504,0.003255524,-0.02392278,0.5095062,0.04397583,0.8593292,0.02807749,0.002750321,-0.02238982,0.02807749,0.002750321,-0.02238982,0.5052338,0.07180786,0.8599854,0.5052338,0.07180786,0.8599854,5.752502,5.752502,True,True,True
1613425,63779589496443,-13.58283,2.589823,-0.06470853,-0.07017916,0.8948663,0.03391309,-0.4394761,0.00404866,0.003255661,-0.02392206,0.509079,0.04338074,0.8596191,0.02807752,0.002750549,-0.0223888,0.02807752,0.002750549,-0.0223888,0.505188,0.07165527,0.8600159,0.505188,0.07165527,0.8600159,5.747162,5.747162,True,True,True
1613433,63779589496454,-13.58286,2.589863,-0.06476116,-0.07032773,0.8948041,0.03410511,-0.439564,0.003908661,0.003258896,-0.0239303,0.5087433,0.0433197,0.8598175,0.02807764,0.002750961,-0.02238703,0.02807764,0.002750961,-0.02238703,0.5045776,0.07095337,0.8604279,0.5045776,0.07095337,0.8604279,5.751495,5.751495,True,True,True
1613441,63779589496465,-13.58287,2.589926,-0.06485742,-0.07037472,0.8947527,0.03428948,-0.4396467,0.003878479,0.00325969,-0.02393147,0.5091858,0.04327393,0.8595581,0.02807765,0.002751099,-0.02238548,0.02807765,0.002751099,-0.02238548,0.5053253,0.07095337,0.8600006,0.5053253,0.07095337,0.8600006,5.752258,5.752258,True,True,True
1613450,63779589496476,-13.5828,2.589913,-0.06490046,-0.07064658,0.8946992,0.03446282,-0.4396986,0.003867371,0.003259964,-0.02393096,0.509613,0.04295349,0.859314,0.02807826,0.002751099,-0.02238257,0.02807826,0.002751099,-0.02238257,0.5049133,0.07113647,0.8602142,0.5049133,0.07113647,0.8602142,5.765823,5.765823,True,True,True
1613458,63779589496476,-13.5828,2.589913,-0.06490046,-0.07064658,0.8946992,0.03446282,-0.4396986,0.003995514,0.003257477,-0.02392212,0.5090942,0.04298401,0.8596191,0.02807834,0.002751099,-0.02238144,0.02807834,0.002751099,-0.02238144,0.5050049,0.07112122,0.8601685,0.5050049,0.07112122,0.8601685,5.780914,5.780914,True,True,True
1613466,63779589496487,-13.58281,2.589871,-0.06485152,-0.07082054,0.8946571,0.03451829,-0.4397518,0.003876114,0.003260025,-0.02392888,0.509201,0.04394531,0.8595123,0.02807881,0.002751099,-0.02237868,0.02807881,0.002751099,-0.02237868,0.5051422,0.07211304,0.8600159,0.5051422,0.07211304,0.8600159,5.781998,5.781998,True,True,True
1613475,63779589496498,-13.5828,2.589904,-0.06485206,-0.07098743,0.8946213,0.03443061,-0.4398046,0.003922669,0.003259155,-0.02392479,0.5097198,0.04351807,0.8592224,0.02807881,0.002751099,-0.02237587,0.02807881,0.002751099,-0.02237587,0.5051727,0.07080078,0.8600922,0.5051727,0.07080078,0.8600922,5.781128,5.781128,True,True,True
1613483,63779589496509,-13.58279,2.589905,-0.06488818,-0.07099483,0.8945845,0.03443868,-0.4398775,0.0038732,0.003259903,-0.02392758,0.5092316,0.04359436,0.8595123,0.02807887,0.002750321,-0.02237464,0.02807887,0.002750321,-0.02237464,0.5052338,0.07096863,0.8600464,0.5052338,0.07096863,0.8600464,5.795044,5.795044,True,True,True
1613491,63779589496509,-13.58279,2.589905,-0.06488818,-0.07099483,0.8945845,0.03443868,-0.4398775,0.003854309,0.00326033,-0.02392789,0.5091705,0.04197693,0.8596344,0.0280791,0.002750321,-0.02237302,0.0280791,0.002750321,-0.02237302,0.5051727,0.0682373,0.8603058,0.5051727,0.0682373,0.8603058,5.779221,5.779221,True,True,True
1613500,63779589496520,-13.58277,2.589936,-0.06496757,-0.07083896,0.8946145,0.03441508,-0.4398437,0.003857315,0.003260101,-0.02392781,0.5091705,0.04423523,0.8595123,0.02807918,0.002749786,-0.02237279,0.02807918,0.002749786,-0.02237279,0.5051117,0.07211304,0.8600311,0.5051117,0.07211304,0.8600311,5.79599,5.79599,True,True,True
1613508,63779589496531,-13.58279,2.589947,-0.06501144,-0.07067095,0.894671,0.03445981,-0.4397521,0.003899506,0.003259384,-0.02392499,0.5091705,0.04536438,0.8594513,0.02807918,0.002749771,-0.02237221,0.02807918,0.002749771,-0.02237221,0.5051117,0.07318115,0.8599396,0.5051117,0.07318115,0.8599396,5.796936,5.796936,True,True,True
1613516,63779589496542,-13.58277,2.590006,-0.06503296,-0.07048809,0.8947064,0.03446534,-0.4397091,0.003941666,0.003256714,-0.02392255,0.509079,0.04603577,0.8594818,0.02807933,0.002746552,-0.0223719,0.02807933,0.002746552,-0.0223719,0.5051575,0.07408142,0.8598328,0.5051575,0.07408142,0.8598328,5.797623,5.797623,True,True,True
1613525,63779589496542,-13.58277,2.590006,-0.06503296,-0.07048809,0.8947064,0.03446534,-0.4397091,0.00397731,0.003256195,-0.02392053,0.5091705,0.04602051,0.8594208,0.02807933,0.002745758,-0.02237189,0.02807933,0.002745758,-0.02237189,0.5036316,0.07409668,0.860733,0.5036316,0.07409668,0.860733,5.795624,5.795624,True,True,True
1613533,63779589496553,-13.58278,2.58996,-0.06505358,-0.07038032,0.8947792,0.03455226,-0.4395713,0.003778763,0.003260895,-0.02393274,0.5080109,0.04595947,0.8601074,0.02807933,0.002744507,-0.02237068,0.02807933,0.002744507,-0.02237068,0.503479,0.0743103,0.8607941,0.503479,0.0743103,0.8607941,5.790909,5.790909,True,True,True
1613541,63779589496565,-13.58273,2.589948,-0.06511933,-0.07020959,0.8947819,0.03460535,-0.4395891,0.00382666,0.003259857,-0.02392899,0.5080414,0.04577637,0.8601074,0.02807933,0.002744385,-0.02236948,0.02807933,0.002744385,-0.02236948,0.5036011,0.07435608,0.8607178,0.5036011,0.07435608,0.8607178,5.790863,5.790863,True,True,True
1613550,63779589496576,-13.58269,2.589973,-0.06519365,-0.07012293,0.8948438,0.03460692,-0.4394767,0.004028809,0.003254013,-0.02391631,0.5080261,0.04669189,0.8600616,0.02807933,0.00274173,-0.02236942,0.02807933,0.00274173,-0.02236942,0.5036469,0.07505798,0.8606262,0.5036469,0.07505798,0.8606262,5.796432,5.796432,True,True,True
1613558,63779589496576,-13.58269,2.589973,-0.06519365,-0.07012293,0.8948438,0.03460692,-0.4394767,0.003913498,0.003256363,-0.02392413,0.5085907,0.0466156,0.859726,0.02807922,0.002741547,-0.02236928,0.02807922,0.002741547,-0.02236928,0.5035095,0.07505798,0.8607025,0.5035095,0.07505798,0.8607025,5.796432,5.796432,True,True,True
1613566,63779589496587,-13.58265,2.589997,-0.06524134,-0.07011056,0.8948676,0.0345901,-0.4394316,0.003894257,0.003256622,-0.02392554,0.5079956,0.04637146,0.8600922,0.02807918,0.002741303,-0.02236902,0.02807918,0.002741303,-0.02236902,0.5035095,0.07463074,0.8607483,0.5035095,0.07463074,0.8607483,5.796204,5.796204,True,True,True
1613575,63779589496598,-13.58263,2.589997,-0.06526113,-0.06996133,0.8948991,0.0345837,-0.4393917,0.003895859,0.003256088,-0.02392462,0.5079193,0.04585266,0.8601685,0.02807893,0.002740433,-0.02236675,0.02807893,0.002740433,-0.02236675,0.503418,0.07371521,0.8608704,0.503418,0.07371521,0.8608704,5.790375,5.790375,True,True,True
1613583,63779589496609,-13.58264,2.590019,-0.06528789,-0.06986608,0.8949918,0.0345864,-0.4392177,0.003821366,0.00325589,-0.02393057,0.5072021,0.04447937,0.860672,0.02807893,0.002737351,-0.02236652,0.02807893,0.002737351,-0.02236652,0.502243,0.07098389,0.8618011,0.502243,0.07098389,0.8618011,5.787125,5.787125,True,True,True
1613591,63779589496609,-13.58264,2.590019,-0.06528789,-0.06986608,0.8949918,0.0345864,-0.4392177,0.003817139,0.003254776,-0.02393053,0.507843,0.04473877,0.8602753,0.02807846,0.002735275,-0.02236554,0.02807846,0.002735275,-0.02236554,0.5033875,0.07141113,0.8610992,0.5033875,0.07141113,0.8610992,5.793564,5.793564,True,True,True
1613600,63779589496620,-13.58261,2.589997,-0.06540835,-0.06985418,0.8950033,0.03454546,-0.4391995,0.003875595,0.003253144,-0.02392696,0.5076141,0.04486084,0.8603973,0.02807846,0.00273465,-0.02236505,0.02807846,0.00273465,-0.02236505,0.5033417,0.0715332,0.8611145,0.5033417,0.0715332,0.8611145,5.788574,5.788574,True,True,True
1613608,63779589496632,-13.58259,2.589983,-0.06543314,-0.06969702,0.895063,0.03446488,-0.4391091,0.003825379,0.003253037,-0.02393036,0.5076141,0.04458618,0.8604279,0.02807747,0.002732712,-0.0223649,0.02807747,0.002732712,-0.0223649,0.5032043,0.07194519,0.8611603,0.5032043,0.07194519,0.8611603,5.787064,5.787064,True,True,True
1613616,63779589496642,-13.58264,2.589949,-0.06546164,-0.06961235,0.8951172,0.03434749,-0.4390212,0.004007828,0.003248779,-0.02391815,0.5074768,0.04496765,0.8604889,0.02807686,0.0027323,-0.02236344,0.02807686,0.0027323,-0.02236344,0.503067,0.07218933,0.8612213,0.503067,0.07218933,0.8612213,5.787247,5.787247,True,True,True
1613625,63779589496642,-13.58264,2.589949,-0.06546164,-0.06961235,0.8951172,0.03434749,-0.4390212,0.003996002,0.003248215,-0.02391831,0.5071716,0.0451355,0.8606567,0.02807662,0.002730942,-0.02236191,0.02807662,0.002730942,-0.02236191,0.5031433,0.07249451,0.861145,0.5031433,0.07249451,0.861145,5.787704,5.787704,True,True,True
1613633,63779589496653,-13.58262,2.58994,-0.06547946,-0.0696075,0.8951467,0.03418376,-0.4389745,0.003998734,0.003247391,-0.02391766,0.5072327,0.04528809,0.860611,0.02807542,0.002730255,-0.02236041,0.02807542,0.002730255,-0.02236041,0.5032654,0.0725708,0.8610687,0.5032654,0.0725708,0.8610687,5.787811,5.787811,True,True,True
1613641,63779589496665,-13.58258,2.589943,-0.0654766,-0.06970248,0.8951861,0.03408165,-0.4388871,0.004175507,0.003240677,-0.02390369,0.5072021,0.04606628,0.8605804,0.0280754,0.002725281,-0.02235588,0.0280754,0.002725281,-0.02235588,0.5033569,0.07369995,0.8609161,0.5033569,0.07369995,0.8609161,5.7957,5.7957,True,True,True
1613650,63779589496676,-13.58254,2.589904,-0.06546706,-0.06975709,0.8952168,0.03397138,-0.4388244,0.004113037,0.003241471,-0.0239077,0.5075989,0.04623413,0.8603363,0.02807445,0.002724396,-0.02235538,0.02807445,0.002724396,-0.02235538,0.5041809,0.07409668,0.8603973,0.5041809,0.07409668,0.8603973,5.8116,5.8116,True,True,True
1613658,63779589496676,-13.58254,2.589904,-0.06546706,-0.06975709,0.8952168,0.03397138,-0.4388244,0.004013123,0.003242752,-0.02391428,0.5078583,0.0460968,0.8601837,0.02807439,0.002723206,-0.02235529,0.02807439,0.002723206,-0.02235529,0.5045624,0.07447815,0.8601379,0.5045624,0.07447815,0.8601379,5.8125,5.8125,True,True,True
1613666,63779589496687,-13.58251,2.589908,-0.06550986,-0.06977651,0.8952495,0.03383209,-0.4387651,0.003964905,0.003243088,-0.02391705,0.5072021,0.04606628,0.8605804,0.02807327,0.002722107,-0.02235472,0.02807327,0.002722107,-0.02235472,0.5037689,0.07455444,0.8605957,0.5037689,0.07455444,0.8605957,5.798096,5.798096,True,True,True
1613675,63779589496698,-13.58244,2.589902,-0.06552523,-0.06979927,0.8952283,0.03376538,-0.4388101,0.003918381,0.003243286,-0.0239196,0.5073853,0.04550171,0.8605042,0.02807289,0.002721619,-0.02235358,0.02807289,0.002721619,-0.02235358,0.5036926,0.0745697,0.8606415,0.5036926,0.0745697,0.8606415,5.798187,5.798187,True,True,True
1613683,63779589496709,-13.58241,2.589916,-0.06558418,-0.06978331,0.8952373,0.03368548,-0.4388005,0.004559723,0.003229401,-0.02387789,0.5076447,0.04632568,0.8603058,0.02807256,0.002721619,-0.022353,0.02807256,0.002721619,-0.022353,0.504364,0.07463074,0.8602448,0.504364,0.07463074,0.8602448,5.798676,5.798676,True,True,True
1613691,63779589496709,-13.58241,2.589916,-0.06558418,-0.06978331,0.8952373,0.03368548,-0.4388005,0.00449379,0.003230789,-0.0238819,0.5077515,0.04632568,0.8602448,0.02807216,0.002721619,-0.02235256,0.02807216,0.002721619,-0.02235256,0.5047913,0.07502747,0.8599701,0.5047913,0.07502747,0.8599701,5.813141,5.813141,True,True,True
1613700,63779589496720,-13.58238,2.589914,-0.06559861,-0.06984883,0.895247,0.03375005,-0.4387651,0.004462219,0.003231446,-0.02388358,0.5077972,0.04624939,0.8602142,0.02807144,0.002721619,-0.02235182,0.02807144,0.002721619,-0.02235182,0.5049438,0.07499695,0.8598785,0.5049438,0.07499695,0.8598785,5.813385,5.813385,True,True,True
1613708,63779589496732,-13.58247,2.589915,-0.06562209,-0.06987412,0.895269,0.03364917,-0.438724,0.004403595,0.003232697,-0.02388757,0.5084686,0.04605103,0.8598328,0.02807137,0.002721619,-0.02235169,0.02807137,0.002721619,-0.02235169,0.5050201,0.07484436,0.859848,0.5050201,0.07484436,0.859848,5.799805,5.799805,True,True,True
1613716,63779589496742,-13.58246,2.589897,-0.06563842,-0.07003304,0.8952551,0.03364144,-0.4387278,0.004332245,0.003234238,-0.02389217,0.5084991,0.04588318,0.8598175,0.02807123,0.002721619,-0.02235164,0.02807123,0.002721619,-0.02235164,0.5049896,0.07484436,0.8598633,0.5049896,0.07484436,0.8598633,5.799774,5.799774,True,True,True
1613725,63779589496742,-13.58246,2.589897,-0.06563842,-0.07003304,0.8952551,0.03364144,-0.4387278,0.004330567,0.003234101,-0.02389147,0.5084076,0.04634094,0.859848,0.0280712,0.002721619,-0.02235004,0.0280712,0.002721619,-0.02235004,0.5048828,0.07550049,0.8598633,0.5048828,0.07550049,0.8598633,5.810913,5.810913,True,True,True
1613733,63779589496753,-13.58245,2.589841,-0.06566042,-0.07014184,0.8952377,0.03370826,-0.4387407,0.004155472,0.003238159,-0.02390225,0.5082245,0.04595947,0.8599854,0.02807095,0.002722107,-0.02234905,0.02807095,0.002722107,-0.02234905,0.5045319,0.07525635,0.8600922,0.5045319,0.07525635,0.8600922,5.813416,5.813416,True,True,True
1613741,63779589496765,-13.58245,2.58982,-0.06566256,-0.07012244,0.8952219,0.03371326,-0.4387755,0.004164658,0.003237946,-0.02390189,0.509079,0.04667664,0.859436,0.02807059,0.002722107,-0.02234897,0.02807059,0.002722107,-0.02234897,0.504776,0.07589722,0.8598938,0.504776,0.07589722,0.8598938,5.814072,5.814072,True,True,True
1613750,63779589496776,-13.5825,2.589828,-0.06568235,-0.0701054,0.8952271,0.0336261,-0.4387745,0.004143524,0.003238403,-0.02390318,0.5091705,0.04594421,0.859436,0.02807059,0.002722107,-0.02234883,0.02807059,0.002722107,-0.02234883,0.5049438,0.07467651,0.8599091,0.5049438,0.07467651,0.8599091,5.809952,5.809952,True,True,True
1613758,63779589496776,-13.5825,2.589828,-0.06568235,-0.0701054,0.8952271,0.0336261,-0.4387745,0.004125366,0.003238968,-0.02390396,0.508255,0.04502869,0.8600159,0.02807036,0.002722107,-0.02234818,0.02807036,0.002722107,-0.02234818,0.5045929,0.07336426,0.8602295,0.5045929,0.07336426,0.8602295,5.798172,5.798172,True,True,True
1613766,63779589496787,-13.58248,2.589787,-0.06567657,-0.06993946,0.8952072,0.03364171,-0.4388403,0.004127701,0.0032388,-0.02390375,0.508255,0.04536438,0.8600006,0.02807036,0.002721909,-0.02234805,0.02807036,0.002721909,-0.02234805,0.5045776,0.07394409,0.8601837,0.5045776,0.07394409,0.8601837,5.790207,5.790207,True,True,True
1613775,63779589496798,-13.58248,2.589789,-0.06567568,-0.06981593,0.8951929,0.03361987,-0.4388909,0.004126129,0.003238892,-0.02390322,0.5092316,0.04681396,0.8593445,0.02807028,0.002721909,-0.02234699,0.02807028,0.002721909,-0.02234699,0.5050354,0.07577515,0.8597565,0.5050354,0.07577515,0.8597565,5.79213,5.79213,True,True,True
1613783,63779589496809,-13.58249,2.589816,-0.06569755,-0.06982263,0.8951548,0.03345642,-0.4389799,0.004133224,0.003239792,-0.02390271,0.5085907,0.046875,0.859726,0.02807028,0.002721909,-0.02234692,0.02807028,0.002721909,-0.02234692,0.505127,0.07627869,0.8596497,0.505127,0.07627869,0.8596497,5.801117,5.801117,True,True,True
1613791,63779589496809,-13.58249,2.589816,-0.06569755,-0.06982263,0.8951548,0.03345642,-0.4389799,0.00413324,0.003246216,-0.02390207,0.5119171,0.0453949,0.8578186,0.02807036,0.002721909,-0.02234561,0.02807036,0.002721909,-0.02234561,0.5056458,0.07574463,0.8594055,0.5056458,0.07574463,0.8594055,5.792664,5.792664,True,True,True
1613800,63779589496820,-13.58248,2.589812,-0.06574488,-0.06969117,0.8951359,0.03349341,-0.4390365,0.004140824,0.003246414,-0.02390048,0.5112762,0.04452515,0.8582458,0.02807036,0.002721909,-0.02234479,0.02807036,0.002721909,-0.02234479,0.505661,0.0738678,0.8595428,0.505661,0.0738678,0.8595428,5.790924,5.790924,True,True,True
1613808,63779589496831,-13.58253,2.589776,-0.06579834,-0.06964646,0.895123,0.03340597,-0.4390767,0.004075638,0.003247559,-0.02390414,0.512207,0.0447998,0.8576813,0.02807036,0.002721451,-0.02234381,0.02807036,0.002721451,-0.02234381,0.5060883,0.07397461,0.8592834,0.5060883,0.07397461,0.8592834,5.791595,5.791595,True,True,True
1613816,63779589496843,-13.58246,2.589765,-0.06580955,-0.06964051,0.895135,0.03343976,-0.4390505,0.004115738,0.003246033,-0.02390128,0.5122223,0.04322815,0.8577423,0.02807051,0.002720322,-0.02234332,0.02807051,0.002720322,-0.02234332,0.5061035,0.07116699,0.8595276,0.5061035,0.07116699,0.8595276,5.783722,5.783722,True,True,True
1613825,63779589496843,-13.58246,2.589765,-0.06580955,-0.06964051,0.895135,0.03343976,-0.4390505,0.004139633,0.003245056,-0.02389966,0.5116425,0.04510498,0.8580017,0.02807051,0.002719559,-0.0223432,0.02807051,0.002719559,-0.0223432,0.5061493,0.07446289,0.8592224,0.5061493,0.07446289,0.8592224,5.792252,5.792252,True,True,True
1613833,63779589496853,-13.58247,2.58978,-0.06582689,-0.06963184,0.8951268,0.03331449,-0.4390782,0.004182373,0.003244126,-0.02389653,0.5112,0.04624939,0.8582001,0.02807079,0.002719544,-0.02234256,0.02807079,0.002719544,-0.02234256,0.5057831,0.07594299,0.8592987,0.5057831,0.07594299,0.8592987,5.793198,5.793198,True,True,True
1613841,63779589496865,-13.58246,2.589793,-0.06577355,-0.06959447,0.8951101,0.03342578,-0.4391096,0.004337464,0.003240372,-0.02388628,0.5112,0.04653931,0.8581848,0.02807086,0.002718949,-0.02234197,0.02807086,0.002718949,-0.02234197,0.5057983,0.07608032,0.8592682,0.5057983,0.07608032,0.8592682,5.793045,5.793045,True,True,True
1613850,63779589496876,-13.58248,2.589781,-0.06577021,-0.06954544,0.8951386,0.03340441,-0.439061,0.004167435,0.003243714,-0.0238972,0.5112457,0.04550171,0.8582153,0.02807094,0.002718292,-0.02234172,0.02807094,0.002718292,-0.02234172,0.5058441,0.07467651,0.859375,0.5058441,0.07467651,0.859375,5.792374,5.792374,True,True,True
1613858,63779589496876,-13.58248,2.589781,-0.06577021,-0.06954544,0.8951386,0.03340441,-0.439061,0.004149078,0.003243485,-0.02389792,0.5112305,0.04562378,0.8582153,0.02807097,0.00271724,-0.02234053,0.02807097,0.00271724,-0.02234053,0.5058136,0.07487488,0.859375,0.5058136,0.07487488,0.859375,5.786911,5.786911,True,True,True
1613866,63779589496887,-13.58253,2.589745,-0.065804,-0.06955963,0.8951263,0.03341879,-0.4390827,0.004127732,0.003243424,-0.02389908,0.511322,0.04573059,0.8581543,0.02807134,0.002716339,-0.02234012,0.02807134,0.002716339,-0.02234012,0.5059662,0.07510376,0.8592682,0.5059662,0.07510376,0.8592682,5.792816,5.792816,True,True,True
1613875,63779589496898,-13.58252,2.589717,-0.0658865,-0.06951533,0.8951519,0.0333357,-0.4390437,0.005626373,0.003209702,-0.02380074,0.5107727,0.048172,0.8583527,0.02807146,0.002715485,-0.02233868,0.02807146,0.002715485,-0.02233868,0.5055695,0.07687378,0.8593445,0.5055695,0.07687378,0.8593445,5.814178,5.814178,True,True,True
1613883,63779589496909,-13.58255,2.589692,-0.0659039,-0.06958017,0.8951836,0.03342286,-0.4389623,0.005619599,0.003209427,-0.02380107,0.5112305,0.04875183,0.8580475,0.02807157,0.00271547,-0.02233832,0.02807157,0.00271547,-0.02233832,0.5063019,0.0776825,0.8588409,0.5063019,0.0776825,0.8588409,5.824127,5.824127,True,True,True
1613891,63779589496909,-13.58255,2.589692,-0.0659039,-0.06958017,0.8951836,0.03342286,-0.4389623,0.005614823,0.003209168,-0.02380126,0.5109406,0.04908752,0.8582001,0.02807167,0.002715271,-0.02233778,0.02807167,0.002715271,-0.02233778,0.5063324,0.07774353,0.8588104,0.5063324,0.07774353,0.8588104,5.824066,5.824066,True,True,True
1613900,63779589496920,-13.58255,2.589716,-0.0660181,-0.06960557,0.8951312,0.03350618,-0.4390587,0.005593338,0.00320874,-0.02380156,0.5109253,0.04875183,0.8582306,0.02807179,0.00271434,-0.02233595,0.02807179,0.00271434,-0.02233595,0.5063019,0.07710266,0.8588867,0.5063019,0.07710266,0.8588867,5.815277,5.815277,True,True,True
1613908,63779589496931,-13.58257,2.589719,-0.06604356,-0.06970116,0.8951203,0.03345151,-0.4390701,0.004064957,0.003241516,-0.02390106,0.5110779,0.04670715,0.8582458,0.02807196,0.002714294,-0.0223357,0.02807196,0.002714294,-0.0223357,0.5064545,0.07710266,0.8587952,0.5064545,0.07710266,0.8587952,5.815506,5.815506,True,True,True
1613916,63779589496942,-13.58258,2.589705,-0.06605321,-0.06974461,0.8951679,0.03348459,-0.4389633,0.00406276,0.003241348,-0.0239008,0.510498,0.04672241,0.8585968,0.02807196,0.002714096,-0.02233501,0.02807196,0.002714096,-0.02233501,0.5058136,0.07710266,0.8591766,0.5058136,0.07710266,0.8591766,5.823303,5.823303,True,True,True
1613925,63779589496942,-13.58258,2.589705,-0.06605321,-0.06974461,0.8951679,0.03348459,-0.4389633,0.004046951,0.003241562,-0.02390137,0.510788,0.04679871,0.8584137,0.02807196,0.00271405,-0.0223342,0.02807196,0.00271405,-0.0223342,0.5059052,0.0771637,0.8591156,0.5059052,0.0771637,0.8591156,5.83345,5.83345,True,True,True
1613933,63779589496953,-13.58258,2.589711,-0.0660885,-0.06973927,0.8951641,0.0334886,-0.4389718,0.004041763,0.003241028,-0.02390163,0.5108032,0.04693604,0.8583984,0.02807196,0.002713532,-0.02233414,0.02807196,0.002713532,-0.02233414,0.5059357,0.07730103,0.8590851,0.5059357,0.07730103,0.8590851,5.833923,5.833923,True,True,True
1613941,63779589496965,-13.58259,2.589712,-0.06612206,-0.06977425,0.8951487,0.03346013,-0.4389998,0.005497483,0.003209046,-0.02380647,0.511261,0.04885864,0.858017,0.02807179,0.002713486,-0.02233383,0.02807179,0.002713486,-0.02233383,0.5058899,0.07725525,0.8591156,0.5058899,0.07725525,0.8591156,5.833664,5.833664,True,True,True
1613950,63779589496975,-13.58261,2.589699,-0.06615227,-0.06987774,0.8951678,0.03337548,-0.4389508,0.005587448,0.003206818,-0.02380034,0.5106812,0.04692078,0.8584747,0.02807169,0.002713074,-0.02233334,0.02807169,0.002713074,-0.02233334,0.5050659,0.07391357,0.8598938,0.5050659,0.07391357,0.8598938,5.823135,5.823135,True,True,True
1613958,63779589496975,-13.58261,2.589699,-0.06615227,-0.06987774,0.8951678,0.03337548,-0.4389508,0.00406749,0.003240173,-0.02389873,0.5121765,0.04499817,0.8576965,0.02807158,0.002713043,-0.02233191,0.02807158,0.002713043,-0.02233191,0.5065155,0.07368469,0.8590546,0.5065155,0.07368469,0.8590546,5.824127,5.824127,True,True,True
1613966,63779589496987,-13.58262,2.589686,-0.0661884,-0.06984167,0.8951575,0.03345024,-0.438972,0.005590348,0.003206589,-0.02379907,0.5125275,0.04692078,0.8573761,0.02807158,0.002712799,-0.02233148,0.02807158,0.002712799,-0.02233148,0.5081482,0.07392883,0.858078,0.5081482,0.07392883,0.858078,5.83287,5.83287,True,True,True
1613975,63779589496998,-13.58261,2.589708,-0.06622416,-0.06983546,0.8951797,0.0334703,-0.438926,0.005561478,0.003207153,-0.02379916,0.512558,0.04800415,0.8572998,0.02807158,0.002712753,-0.02232854,0.02807158,0.002712753,-0.02232854,0.5081635,0.07583618,0.8579102,0.5081635,0.07583618,0.8579102,5.834793,5.834793,True,True,True
1613983,63779589497009,-13.58265,2.589724,-0.06622392,-0.06987964,0.8951609,0.03348714,-0.4389561,0.005518921,0.00320784,-0.02380199,0.5120087,0.04798889,0.8576202,0.02807158,0.002712753,-0.02232854,0.02807158,0.002712753,-0.02232854,0.5081635,0.07583618,0.8578949,0.5081635,0.07583618,0.8578949,5.834839,5.834839,True,True,True
1613991,63779589497009,-13.58265,2.589724,-0.06622392,-0.06987964,0.8951609,0.03348714,-0.4389561,0.00550557,0.003207977,-0.02380272,0.5109406,0.04788208,0.8582764,0.02807152,0.002712662,-0.02232813,0.02807152,0.002712662,-0.02232813,0.5072479,0.07574463,0.8584442,0.5072479,0.07574463,0.8584442,5.834183,5.834183,True,True,True
1614000,63779589497020,-13.58266,2.589725,-0.06626678,-0.06987447,0.895155,0.03348283,-0.4389692,0.005501221,0.003207306,-0.02380315,0.5115356,0.04815674,0.8578949,0.02807146,0.002711396,-0.02232813,0.02807146,0.002711396,-0.02232813,0.5082855,0.07618713,0.8578033,0.5082855,0.07618713,0.8578033,5.828293,5.828293,True,True,True
1614008,63779589497031,-13.58257,2.589708,-0.06625664,-0.06978838,0.8951389,0.03357184,-0.4390089,0.00552887,0.003205704,-0.02380174,0.5106812,0.04837036,0.8583984,0.02807088,0.002709778,-0.02232805,0.02807088,0.002709778,-0.02232805,0.5070038,0.07646179,0.8585358,0.5070038,0.07646179,0.8585358,5.827133,5.827133,True,True,True
1614016,63779589497043,-13.5826,2.589712,-0.06627929,-0.06974887,0.8951759,0.03366591,-0.4389326,0.00558078,0.003204544,-0.02379836,0.5110474,0.04852295,0.8581696,0.02807071,0.002709778,-0.02232805,0.02807071,0.002709778,-0.02232805,0.5081024,0.07662964,0.8578644,0.5081024,0.07662964,0.8578644,5.82843,5.82843,True,True,True
1614025,63779589497043,-13.5826,2.589712,-0.06627929,-0.06974887,0.8951759,0.03366591,-0.4389326,0.004358444,0.003230789,-0.02387827,0.5114746,0.04748535,0.8579712,0.02806909,0.00270871,-0.02232805,0.02806909,0.00270871,-0.02232805,0.5086517,0.07746887,0.8574677,0.5086517,0.07746887,0.8574677,5.848862,5.848862,True,True,True
1614033,63779589497053,-13.5826,2.589732,-0.0663079,-0.06970587,0.8951666,0.03368089,-0.4389574,0.004232514,0.003233338,-0.02388664,0.510788,0.04806519,0.8583527,0.02806848,0.002708359,-0.02232805,0.02806848,0.002708359,-0.02232805,0.5066223,0.0774231,0.8586731,0.5066223,0.0774231,0.8586731,5.847015,5.847015,True,True,True
1614041,63779589497065,-13.58258,2.589735,-0.06633151,-0.069506,0.8951448,0.03381124,-0.4390233,0.004307358,0.003229645,-0.02388176,0.5106964,0.04866028,0.8583679,0.02806655,0.002706101,-0.02232805,0.02806655,0.002706101,-0.02232805,0.506134,0.07792664,0.8589172,0.506134,0.07792664,0.8589172,5.846878,5.846878,True,True,True
1614050,63779589497076,-13.58253,2.589736,-0.06633008,-0.06932777,0.8951328,0.03374301,-0.4390812,0.004358444,0.003226761,-0.02387834,0.5112457,0.04856873,0.8580475,0.02806487,0.002703262,-0.02232805,0.02806487,0.002703262,-0.02232805,0.5075531,0.07888794,0.8579865,0.5075531,0.07888794,0.8579865,5.844543,5.844543,True,True,True
1614058,63779589497076,-13.58253,2.589736,-0.06633008,-0.06932777,0.8951328,0.03374301,-0.4390812,0.004336426,0.003226395,-0.02388007,0.509079,0.04853821,0.8593445,0.02806282,0.002702591,-0.02232862,0.02806282,0.002702591,-0.02232862,0.5051575,0.07884216,0.8594055,0.5051575,0.07884216,0.8594055,5.84201,5.84201,True,True,True
1614066,63779589497087,-13.58246,2.589733,-0.06641161,-0.06930002,0.8951092,0.03386934,-0.439124,0.004836258,0.003194367,-0.02386273,0.516098,0.05307007,0.8548737,0.0280483,0.002675354,-0.02233507,0.0280483,0.002675354,-0.02233507,0.5127716,0.07835388,0.8549347,0.5127716,0.07835388,0.8549347,5.90152,5.90152,True,True,True
1614075,63779589497098,-13.58245,2.589724,-0.06642926,-0.06916873,0.8951131,0.03391984,-0.439133,0.005579682,0.003180679,-0.02381531,0.5183411,0.04852295,0.8537903,0.02804193,0.002678223,-0.0223333,0.02804193,0.002678223,-0.0223333,0.5116272,0.07540894,0.8558807,0.5116272,0.07540894,0.8558807,5.900986,5.900986,True,True,True
1614083,63779589497109,-13.58246,2.589746,-0.06646377,-0.06905805,0.8951363,0.03386889,-0.439107,0.007061035,0.003157227,-0.02369811,0.5054321,0.0501709,0.8613892,0.02804967,0.002688339,-0.02231633,0.02804967,0.002688339,-0.02231633,0.5001221,0.07287598,0.8628693,0.5001221,0.07287598,0.8628693,5.822083,5.822083,True,True,True
1614091,63779589497109,-13.58246,2.589746,-0.06646377,-0.06905805,0.8951363,0.03386889,-0.439107,0.005450302,0.003207688,-0.02381102,0.5079346,0.05419922,0.8596802,0.02804929,0.002713287,-0.02233717,0.02804929,0.002713287,-0.02233717,0.5029602,0.09020996,0.8595734,0.5029602,0.09020996,0.8595734,5.857254,5.857254,True,True,True
1614100,63779589497120,-13.58243,2.589704,-0.06651819,-0.06910164,0.8951064,0.03383141,-0.439164,0.005592987,0.003204697,-0.02380722,0.5098877,0.05526733,0.8584442,0.02804425,0.002708191,-0.0223309,0.02804425,0.002708191,-0.0223309,0.5020294,0.0847168,0.860672,0.5020294,0.0847168,0.860672,5.834,5.834,True,True,True
1614108,63779589497131,-13.58241,2.589671,-0.06649864,-0.06908415,0.8950921,0.03378674,-0.4391993,0.005571259,0.003204605,-0.0238069,0.5108032,0.05067444,0.8581848,0.02804437,0.002708252,-0.02233003,0.02804437,0.002708252,-0.02233003,0.5049286,0.07983398,0.8594513,0.5049286,0.07983398,0.8594513,5.821411,5.821411,True,True,True
1614116,63779589497142,-13.5824,2.589652,-0.06650031,-0.06912179,0.8951367,0.03372684,-0.4391069,0.005428467,0.003207108,-0.02381479,0.5081635,0.0486908,0.8598785,0.0280445,0.002708191,-0.02232915,0.0280445,0.002708191,-0.02232915,0.5019684,0.07437134,0.8616791,0.5019684,0.07437134,0.8616791,5.803299,5.803299,True,True,True
1614125,63779589497142,-13.5824,2.589652,-0.06650031,-0.06912179,0.8951367,0.03372684,-0.4391069,0.005211457,0.00321196,-0.02382868,0.5102234,0.05236816,0.858429,0.02804524,0.002708252,-0.02232791,0.02804524,0.002708252,-0.02232791,0.5051727,0.07971191,0.859314,0.5051727,0.07971191,0.859314,5.821777,5.821777,True,True,True
1614133,63779589497153,-13.5824,2.589634,-0.06652498,-0.06905208,0.8951507,0.03368848,-0.4390924,0.004935944,0.003218064,-0.02384787,0.5112305,0.05497742,0.857666,0.02804599,0.002708298,-0.02232915,0.02804599,0.002708298,-0.02232915,0.5067139,0.08340454,0.8580627,0.5067139,0.08340454,0.8580627,5.837357,5.837357,True,True,True
1614141,63779589497164,-13.58236,2.589612,-0.06649822,-0.06914723,0.895162,0.03369755,-0.4390537,0.006170441,0.003191712,-0.02376637,0.5094604,0.05300903,0.8588562,0.02804599,0.002709885,-0.02232791,0.02804599,0.002709885,-0.02232791,0.5045319,0.07835388,0.8598175,0.5045319,0.07835388,0.8598175,5.819717,5.819717,True,True,True
1614150,63779589497175,-13.58235,2.58962,-0.06651759,-0.06907387,0.8951847,0.03367184,-0.439021,0.004554566,0.003228119,-0.0238723,0.510498,0.05212402,0.8582916,0.02804599,0.002711457,-0.02232668,0.02804599,0.002711457,-0.02232668,0.5054474,0.08050537,0.8590851,0.5054474,0.08050537,0.8590851,5.833633,5.833633,True,True,True
1614158,63779589497175,-13.58235,2.58962,-0.06651759,-0.06907387,0.8951847,0.03367184,-0.439021,0.005923768,0.003198151,-0.02378201,0.5093231,0.05448914,0.8588409,0.02804624,0.002711701,-0.02232625,0.02804624,0.002711701,-0.02232625,0.5040588,0.08110046,0.8598328,0.5040588,0.08110046,0.8598328,5.833847,5.833847,True,True,True
1614166,63779589497187,-13.58231,2.589615,-0.0665127,-0.06909949,0.8951954,0.03361062,-0.4389998,0.005995224,0.003196732,-0.02377756,0.5097809,0.05548096,0.8585052,0.02804648,0.002711929,-0.02232652,0.02804648,0.002711929,-0.02232652,0.5049133,0.08203125,0.8592529,0.5049133,0.08203125,0.8592529,5.836182,5.836182,True,True,True
1614175,63779589497197,-13.58231,2.5896,-0.06649297,-0.06907447,0.8952225,0.03358119,-0.4389507,0.005858704,0.003200607,-0.02378632,0.509079,0.05488586,0.858963,0.02804656,0.002713211,-0.02232617,0.02804656,0.002713211,-0.02232617,0.5038147,0.08192444,0.8599091,0.5038147,0.08192444,0.8599091,5.836411,5.836411,True,True,True
1614183,63779589497209,-13.5823,2.589615,-0.06650186,-0.069171,0.8952329,0.03348907,-0.4389214,0.00581929,0.003201416,-0.02378868,0.5083313,0.05471802,0.8594055,0.02804665,0.002712952,-0.02232582,0.02804665,0.002712952,-0.02232582,0.5027008,0.08146667,0.8605957,0.5027008,0.08146667,0.8605957,5.833542,5.833542,True,True,True
1614191,63779589497209,-13.5823,2.589615,-0.06650186,-0.069171,0.8952329,0.03348907,-0.4389214,0.00581218,0.003201523,-0.02378922,0.5088043,0.0539856,0.8591766,0.02804724,0.00271286,-0.02232559,0.02804724,0.00271286,-0.02232559,0.5035858,0.08074951,0.8601532,0.5035858,0.08074951,0.8601532,5.835281,5.835281,True,True,True
1614200,63779589497219,-13.58222,2.589623,-0.06647807,-0.06907134,0.8952132,0.03347227,-0.4389784,0.005902771,0.003199585,-0.02378333,0.5083618,0.05432129,0.8594055,0.02804782,0.002712952,-0.02232536,0.02804782,0.002712952,-0.02232536,0.503006,0.08146667,0.8604279,0.503006,0.08146667,0.8604279,5.833984,5.833984,True,True,True
1614208,63779589497230,-13.5822,2.589617,-0.06649387,-0.06907436,0.8951945,0.03350857,-0.4390134,0.005977188,0.003197983,-0.02377828,0.5079803,0.05459595,0.8596344,0.02804785,0.002712967,-0.02232512,0.02804785,0.002712967,-0.02232512,0.5023804,0.08180237,0.8607483,0.5023804,0.08180237,0.8607483,5.832672,5.832672,True,True,True
1614216,63779589497242,-13.58219,2.589645,-0.06647372,-0.06914085,0.8952163,0.03360598,-0.438951,0.005942704,0.003198761,-0.02378041,0.5075989,0.05427551,0.8598633,0.02804788,0.002712982,-0.02232488,0.02804788,0.002712982,-0.02232488,0.5017853,0.08129883,0.861145,0.5017853,0.08129883,0.861145,5.831223,5.831223,True,True,True
1614225,63779589497242,-13.58219,2.589645,-0.06647372,-0.06914085,0.8952163,0.03360598,-0.438951,0.006044434,0.003197449,-0.0237728,0.5072632,0.05406189,0.8600769,0.0280479,0.002714478,-0.0223234,0.0280479,0.002714478,-0.0223234,0.5012817,0.08076477,0.861496,0.5012817,0.08076477,0.861496,5.831772,5.831772,True,True,True
1614233,63779589497254,-13.58217,2.589653,-0.06657082,-0.06930225,0.8951562,0.03402361,-0.439016,0.006008667,0.003199005,-0.0237749,0.5072327,0.05427551,0.8600922,0.02804808,0.002715027,-0.02232283,0.02804808,0.002715027,-0.02232283,0.501358,0.0813446,0.8613892,0.501358,0.0813446,0.8613892,5.835281,5.835281,True,True,True
1614241,63779589497265,-13.58217,2.589677,-0.06658411,-0.06944442,0.8951347,0.03418713,-0.4390247,0.005934861,0.003200745,-0.02377983,0.5077362,0.05421448,0.859787,0.02804964,0.002715103,-0.02232283,0.02804964,0.002715103,-0.02232283,0.5021515,0.08140564,0.8609314,0.5021515,0.08140564,0.8609314,5.836319,5.836319,True,True,True
1614250,63779589497276,-13.58219,2.589662,-0.06664926,-0.0694855,0.8950939,0.03431076,-0.4390917,0.00591185,0.003201645,-0.0237813,0.5076447,0.05404663,0.8598633,0.02805083,0.002715103,-0.02232268,0.02805083,0.002715103,-0.02232268,0.5020447,0.08139038,0.8609924,0.5020447,0.08139038,0.8609924,5.835953,5.835953,True,True,True
1614258,63779589497276,-13.58219,2.589662,-0.06664926,-0.0694855,0.8950939,0.03431076,-0.4390917,0.005613297,0.003208329,-0.02380043,0.5076904,0.05389404,0.8598328,0.02805092,0.002715027,-0.02232179,0.02805092,0.002715027,-0.02232179,0.5020447,0.08201599,0.8609314,0.5020447,0.08201599,0.8609314,5.833618,5.833618,True,True,True
1614266,63779589497287,-13.58218,2.589684,-0.06666386,-0.06948654,0.8951182,0.03440318,-0.4390348,0.005588532,0.003208878,-0.0238011,0.5091248,0.05456543,0.8589478,0.02805138,0.002715027,-0.02232019,0.02805138,0.002715027,-0.02232019,0.5021973,0.08283997,0.8607635,0.5021973,0.08283997,0.8607635,5.837769,5.837769,True,True,True
1614275,63779589497299,-13.58211,2.589704,-0.06673425,-0.0693533,0.8951438,0.03461481,-0.4389871,0.00593718,0.003201447,-0.02377707,0.5088501,0.05508423,0.8590851,0.0280526,0.002714478,-0.02231834,0.0280526,0.002714478,-0.02231834,0.5019226,0.08293152,0.8609161,0.5019226,0.08293152,0.8609161,5.837738,5.837738,True,True,True
1614283,63779589497309,-13.58207,2.589766,-0.0667724,-0.06914003,0.8951644,0.03483062,-0.4389616,0.005504181,0.0032108,-0.02380499,0.5092926,0.05445862,0.8588562,0.02805283,0.002713593,-0.02231728,0.02805283,0.002713593,-0.02231728,0.5019989,0.08311462,0.8608551,0.5019989,0.08311462,0.8608551,5.838013,5.838013,True,True,True
1614291,63779589497309,-13.58207,2.589766,-0.0667724,-0.06914003,0.8951644,0.03483062,-0.4389616,0.005463638,0.00321167,-0.02380759,0.5092316,0.05427551,0.858902,0.02805306,0.002712982,-0.02231714,0.02805306,0.002712982,-0.02231714,0.5018768,0.08302307,0.8609314,0.5018768,0.08302307,0.8609314,5.820862,5.820862,True,True,True
1614300,63779589497321,-13.58208,2.589844,-0.06679451,-0.0689791,0.8952385,0.03496287,-0.4388253,0.005459183,0.003212586,-0.02380791,0.508728,0.05415344,0.8592072,0.02805306,0.002712952,-0.02231714,0.02805306,0.002712952,-0.02231714,0.5018311,0.08303833,0.8609619,0.5018311,0.08303833,0.8609619,5.815872,5.815872,True,True,True
1614308,63779589497332,-13.58204,2.589877,-0.06683058,-0.06871603,0.895269,0.03507628,-0.4387953,0.005460282,0.003213211,-0.02380788,0.5090027,0.0539093,0.8590698,0.02805414,0.002712784,-0.02231714,0.02805414,0.002712784,-0.02231714,0.5027466,0.08320618,0.8604126,0.5027466,0.08320618,0.8604126,5.821991,5.821991,True,True,True
1614316,63779589497342,-13.58201,2.589887,-0.06687689,-0.06845979,0.895334,0.03536033,-0.4386797,0.003972474,0.003246475,-0.02390624,0.5097351,0.05215454,0.8587341,0.02805426,0.002710251,-0.02231714,0.02805426,0.002710251,-0.02231714,0.5027771,0.08389282,0.860321,0.5027771,0.08389282,0.860321,5.822754,5.822754,True,True,True
1614325,63779589497342,-13.58201,2.589887,-0.06687689,-0.06845979,0.895334,0.03536033,-0.4386797,0.004102265,0.003243225,-0.02389917,0.5102997,0.05186462,0.858429,0.02805426,0.002709625,-0.02231714,0.02805426,0.002709625,-0.02231714,0.503418,0.08314514,0.8600159,0.503418,0.08314514,0.8600159,5.845276,5.845276,True,True,True
1614333,63779589497354,-13.582,2.589948,-0.06689703,-0.06822932,0.8954285,0.03540158,-0.4385194,0.004496598,0.003228867,-0.02387799,0.5112915,0.05178833,0.8578339,0.02805753,0.002705536,-0.02231696,0.02805753,0.002705536,-0.02231696,0.5042419,0.08198547,0.8596497,0.5042419,0.08198547,0.8596497,5.845413,5.845413,True,True,True
1614341,63779589497365,-13.58195,2.589922,-0.06696022,-0.06805231,0.8954986,0.03554785,-0.438392,0.006131638,0.0031828,-0.02376828,0.5136108,0.05285645,0.8563843,0.02806455,0.002694931,-0.02231972,0.02806455,0.002694931,-0.02231972,0.5119019,0.08590698,0.8547211,0.5119019,0.08590698,0.8547211,5.899399,5.899399,True,True,True
1614350,63779589497376,-13.58192,2.589907,-0.0669567,-0.06803052,0.8955716,0.03560618,-0.4382414,0.006100144,0.003180039,-0.02373995,0.5071411,0.03681946,0.8610535,0.02810066,0.002690491,-0.02229222,0.02810066,0.002690491,-0.02229222,0.5097504,0.06539917,0.8578186,0.5097504,0.06539917,0.8578186,5.844971,5.844971,True,True,True
1614358,63779589497376,-13.58192,2.589907,-0.0669567,-0.06803052,0.8955716,0.03560618,-0.4382414,0.007754318,0.003200897,-0.02359975,0.4959106,0.0488739,0.8669739,0.02823453,0.002743836,-0.02225008,0.02823453,0.002743836,-0.02225008,0.4896393,0.08247375,0.8680115,0.4896393,0.08247375,0.8680115,5.936844,5.936844,True,True,True
1614366,63779589497387,-13.58185,2.589907,-0.06701541,-0.06785853,0.8956636,0.03570989,-0.4380718,0.004766632,0.00330922,-0.02370303,0.4661407,0.02772522,0.8842621,0.02841509,0.00277742,-0.02214882,0.02841509,0.00277742,-0.02214882,0.4547272,0.06924438,0.8879242,0.4547272,0.06924438,0.8879242,5.740753,5.740753,True,True,True
1614375,63779589497398,-13.58179,2.589911,-0.06704259,-0.06781764,0.8957524,0.03570357,-0.4378968,0.01123259,0.003251785,-0.02322409,0.448822,0.03469849,0.8929291,0.02861401,0.002852844,-0.02209963,0.02861401,0.002852844,-0.02209963,0.4491882,0.06491089,0.8910675,0.4491882,0.06491089,0.8910675,5.720779,5.720779,True,True,True
1614383,63779589497410,-13.58176,2.589904,-0.06701326,-0.06774236,0.8958667,0.03575772,-0.4376703,-0.0290833,0.004276169,-0.0258431,0.4707642,-0.02539063,0.8818817,0.02876544,0.003000977,-0.02207265,0.02876544,0.003000977,-0.02207265,0,0,0,0,0,0,-1,-1,True,True,True
1614391,63779589497410,-13.58176,2.589904,-0.06701326,-0.06774236,0.8958667,0.03575772,-0.4376703,-0.02896033,0.004431183,-0.02581439,0.4260254,0.05839539,0.9028168,0.02902333,0.00318541,-0.02203421,0.02902333,0.00318541,-0.02203421,0,0,0,0,0,0,-1,-1,True,True,True
1614400,63779589497421,-13.58172,2.589929,-0.06701112,-0.06770968,0.8959803,0.03575215,-0.4374431,-0.001,-0.001,-0.001,1,-1,-1,0.0291666,0.003274902,-0.02195108,0.0291666,0.003274902,-0.02195108,0,0,0,0,0,0,-1,-1,False,True,True
1614408,63779589497431,-13.58164,2.589911,-0.06700701,-0.06761935,0.8960701,0.035724,-0.4372756,-0.001,-0.001,-0.001,1,-1,-1,0.02927986,0.003350861,-0.02177387,0.02927986,0.003350861,-0.02177387,0,0,0,0,0,0,-1,-1,False,True,True
1614416,63779589497443,-13.58162,2.589973,-0.06692898,-0.06767152,0.8961051,0.03564368,-0.4372024,-0.001,-0.001,-0.001,1,-1,-1,0.02956989,0.003232727,-0.02172693,0.02956989,0.003232727,-0.02172693,0,0,0,0,0,0,-1,-1,False,True,True
1614425,63779589497443,-13.58162,2.589973,-0.06692898,-0.06767152,0.8961051,0.03564368,-0.4372024,-0.001,-0.001,-0.001,1,-1,-1,0.0316539,0.0003825836,-0.01925919,0.0316539,0.0003825836,-0.01925919,0,0,0,0,0,0,-1,-1,False,True,True
1614433,63779589497453,-13.5816,2.589967,-0.06691629,-0.06771698,0.8962132,0.03549911,-0.4369851,-0.001,-0.001,-0.001,1,-1,-1,0.03094075,0.001772003,-0.0167106,0.03094075,0.001772003,-0.0167106,0,0,0,0,0,0,-1,-1,False,True,True
1614441,63779589497464,-13.58155,2.589913,-0.06683826,-0.0677008,0.8962704,0.03550167,-0.4368703,-0.001,-0.001,-0.001,1,-1,-1,0.03160105,0.001739929,-0.01937068,0.03160105,0.001739929,-0.01937068,0,0,0,0,0,0,-1,-1,False,True,True
1614450,63779589497476,-13.5815,2.589911,-0.06682432,-0.06790145,0.8962779,0.03536548,-0.4368348,-0.001,-0.001,-0.001,1,-1,-1,0.03251479,0.001380951,-0.02106783,0.03251479,0.001380951,-0.02106783,0,0,0,0,0,0,-1,-1,False,True,True
1614458,63779589497476,-13.5815,2.589911,-0.06682432,-0.06790145,0.8962779,0.03536548,-0.4368348,-0.001,-0.001,-0.001,1,-1,-1,0.03305049,0.001949127,-0.02182581,0.03305049,0.001949127,-0.02182581,0,0,0,0,0,0,-1,-1,False,True,True
1614466,63779589497487,-13.58151,2.589888,-0.06675333,-0.06793695,0.8963265,0.03528506,-0.4367361,-0.001,-0.001,-0.001,1,-1,-1,0.03056664,0.002485581,-0.01515463,0.03056664,0.002485581,-0.01515463,0,0,0,0,0,0,-1,-1,False,True,True
1614475,63779589497498,-13.58151,2.589889,-0.06672144,-0.06802905,0.8963616,0.03518122,-0.436658,-0.001,-0.001,-0.001,1,-1,-1,0.03038161,0.003244232,-0.02269443,0.03038161,0.003244232,-0.02269443,0,0,0,0,0,0,-1,-1,False,True,True
1614483,63779589497509,-13.5815,2.589854,-0.06665134,-0.06795241,0.8963662,0.03519206,-0.4366597,-0.001,-0.001,-0.001,1,-1,-1,0.0301041,0.003777222,-0.02115367,0.0301041,0.003777222,-0.02115367,0,0,0,0,0,0,-1,-1,False,True,True
1614491,63779589497509,-13.5815,2.589854,-0.06665134,-0.06795241,0.8963662,0.03519206,-0.4366597,-0.001,-0.001,-0.001,1,-1,-1,0.03060991,0.003582504,-0.02131885,0.03060991,0.003582504,-0.02131885,0,0,0,0,0,0,-1,-1,False,True,True
1614500,63779589497520,-13.5815,2.589796,-0.06663102,-0.0680952,0.8964077,0.03520957,-0.4365509,-0.001,-0.001,-0.001,1,-1,-1,0.03098267,0.003874939,-0.02127313,0.03098267,0.003874939,-0.02127313,0,0,0,0,0,0,-1,-1,False,True,True
1614508,63779589497531,-13.58149,2.589776,-0.06660455,-0.06823735,0.8963634,0.03517826,-0.436622,-0.001,-0.001,-0.001,1,-1,-1,0.03042175,0.003776001,-0.02162859,0.03042175,0.003776001,-0.02162859,0,0,0,0,0,0,-1,-1,False,True,True
1614516,63779589497543,-13.58156,2.589681,-0.06660074,-0.06825611,0.8963367,0.03517843,-0.4366739,-0.001,-0.001,-0.001,1,-1,-1,0.03043936,0.003805603,-0.02153253,0.03043936,0.003805603,-0.02153253,0,0,0,0,0,0,-1,-1,False,True,True
1614525,63779589497543,-13.58156,2.589681,-0.06660074,-0.06825611,0.8963367,0.03517843,-0.4366739,-0.001,-0.001,-0.001,1,-1,-1,0.03058881,0.00347345,-0.02173934,0.03058881,0.00347345,-0.02173934,0,0,0,0,0,0,-1,-1,False,True,True
1614533,63779589497553,-13.58151,2.589642,-0.06654507,-0.06829993,0.8962914,0.03519575,-0.4367586,-0.001,-0.001,-0.001,1,-1,-1,0.03055292,0.003486893,-0.02178038,0.03055292,0.003486893,-0.02178038,0,0,0,0,0,0,-1,-1,False,True,True
1614541,63779589497564,-13.58147,2.589674,-0.06664145,-0.06831682,0.8962808,0.03509367,-0.4367861,-0.001,-0.001,-0.001,1,-1,-1,0.03053972,0.003462708,-0.02178122,0.03053972,0.003462708,-0.02178122,0,0,0,0,0,0,-1,-1,False,True,True
1614550,63779589497575,-13.58144,2.589679,-0.06663263,-0.06836544,0.8962095,0.0350762,-0.4369261,-0.02752309,0.004703995,-0.02521584,0.1242981,0.00138855,0.9922333,0.03052542,0.003436279,-0.0217925,0.03052542,0.003436279,-0.0217925,0.1293793,0.1148071,0.9849243,0.1293793,0.1148071,0.9849243,5.60643,5.60643,True,True,True
1614558,63779589497575,-13.58144,2.589679,-0.06663263,-0.06836544,0.8962095,0.0350762,-0.4369261,-0.02692613,0.004701111,-0.02525124,0.1685486,0.04974365,0.9844208,0.03052934,0.003431748,-0.02179517,0.03052934,0.003431748,-0.02179517,0.1291351,0.117569,0.9846191,0.1291351,0.117569,0.9846191,5.520767,5.520767,True,True,True
1614566,63779589497587,-13.58143,2.58969,-0.0665608,-0.06830298,0.8962259,0.03498611,-0.4369093,-0.02475774,0.004664688,-0.02515912,0.1873932,0.09690857,0.977478,0.03051995,0.003411133,-0.02179999,0.03051995,0.003411133,-0.02179999,0.1523132,0.1175385,0.981308,0.1523132,0.1175385,0.981308,5.545685,5.545685,True,True,True
1614575,63779589497597,-13.58141,2.589692,-0.06658727,-0.06820599,0.8961711,0.03503842,-0.4370328,-0.02005676,0.004527863,-0.02486342,0.1629639,0.0856781,0.9828949,0.03053435,0.003395523,-0.02181033,0.03053435,0.003395523,-0.02181033,0.1441498,0.1252899,0.9815826,0.1441498,0.1252899,0.9815826,5.687714,5.687714,True,True,True
1614583,63779589497608,-13.58146,2.589731,-0.06652296,-0.06812151,0.8961998,0.03496281,-0.4369932,-0.00317897,0.004120514,-0.02384105,0.1542358,0.07293701,0.985321,0.03048204,0.003351776,-0.02184682,0.03048204,0.003351776,-0.02184682,0.131134,0.111557,0.9850616,0.131134,0.111557,0.9850616,5.513779,5.513779,True,True,True
1614591,63779589497608,-13.58146,2.589731,-0.06652296,-0.06812151,0.8961998,0.03496281,-0.4369932,0.001717301,0.003949997,-0.02356523,0.1326599,0.08750916,0.9872894,0.03046915,0.003336044,-0.02187355,0.03046915,0.003336044,-0.02187355,0.1124268,0.1049347,0.9880981,0.1124268,0.1049347,0.9880981,5.552109,5.552109,True,True,True
1614600,63779589497619,-13.58143,2.589734,-0.06649333,-0.06804406,0.8961276,0.03491867,-0.4371566,0.009419373,0.0037706,-0.02310294,0.1201019,0.1008759,0.9876099,0.03046254,0.003325257,-0.02187856,0.03046254,0.003325257,-0.02187856,0.1065521,0.132782,0.9853973,0.1065521,0.132782,0.9853973,5.631058,5.631058,True,True,True
1614608,63779589497631,-13.58151,2.589668,-0.06641144,-0.0679512,0.8961308,0.03488609,-0.4371671,0.009542649,0.003781998,-0.02310594,0.1230316,0.09011841,0.9882965,0.03046477,0.003306168,-0.02188976,0.03046477,0.003306168,-0.02188976,0.1123505,0.1180878,0.986618,0.1123505,0.1180878,0.986618,5.546738,5.546738,True,True,True
1614616,63779589497641,-13.58155,2.589692,-0.06638199,-0.06800018,0.8961192,0.03474864,-0.4371945,0.005261017,0.003865372,-0.02338519,0.1420135,0.1056213,0.9842072,0.03047749,0.003324433,-0.02190726,0.03047749,0.003324433,-0.02190726,0.1203766,0.1210938,0.9853058,0.1203766,0.1210938,0.9853058,5.638184,5.638184,True,True,True
1614625,63779589497641,-13.58155,2.589692,-0.06638199,-0.06800018,0.8961192,0.03474864,-0.4371945,0.00404686,0.003896439,-0.02345787,0.1443787,0.1062927,0.9837952,0.03046434,0.003295868,-0.02190891,0.03046434,0.003295868,-0.02190891,0.1186676,0.1312256,0.9842224,0.1186676,0.1312256,0.9842224,5.625916,5.625916,True,True,True
1614633,63779589497653,-13.58157,2.589688,-0.06631845,-0.06801792,0.8961385,0.03467507,-0.4371579,0.003180878,0.003883728,-0.02350705,0.1378021,0.1082001,0.9845276,0.03045842,0.003295639,-0.0219151,0.03045842,0.003295639,-0.0219151,0.1168976,0.1296844,0.9846344,0.1168976,0.1296844,0.9846344,5.626404,5.626404,True,True,True
1614641,63779589497653,-13.58157,2.589688,-0.06631845,-0.06801792,0.8961385,0.03467507,-0.4371579,0.004160569,0.003860871,-0.0234643,0.1366425,0.1071014,0.9848022,0.03047533,0.003298615,-0.0219422,0.03047533,0.003298615,-0.0219422,0.1176147,0.1291351,0.9846191,0.1176147,0.1291351,0.9846191,5.656616,5.656616,True,True,True
1614650,63779589497674,-13.58162,2.589656,-0.06630147,-0.06795639,0.8961353,0.0346912,-0.4371727,0.001356628,0.003870285,-0.02352391,0.1504669,0.1113281,0.9823151,0.03054828,0.003203659,-0.02172759,0.03054828,0.003203659,-0.02172759,0.1378784,0.1378021,0.9808044,0.1378784,0.1378021,0.9808044,5.715317,5.715317,True,True,True
1614658,63779589497680,-13.58164,2.58965,-0.06627196,-0.06793729,0.8961673,0.03469678,-0.4371096,-0.003483841,0.004002137,-0.02380827,0.1500702,0.09475708,0.9841156,0.03054616,0.003191834,-0.02170503,0.03054616,0.003191834,-0.02170503,0.1391296,0.134201,0.9811249,0.1391296,0.134201,0.9811249,5.663757,5.663757,True,True,True
1614666,63779589497692,-13.58159,2.589629,-0.06623214,-0.06809563,0.896183,0.03471284,-0.4370515,-0.008852845,0.004132141,-0.02416251,0.1576233,0.1035461,0.9820404,0.03053684,0.00319336,-0.02172887,0.03053684,0.00319336,-0.02172887,0.1406555,0.1417542,0.9798431,0.1406555,0.1417542,0.9798431,5.659607,5.659607,True,True,True
1614675,63779589497692,-13.58159,2.589629,-0.06623214,-0.06809563,0.896183,0.03471284,-0.4370515,-0.01268117,0.004221054,-0.02439719,0.1543427,0.09725952,0.9832153,0.03053565,0.003191712,-0.02173067,0.03053565,0.003191712,-0.02173067,0.1393127,0.1439056,0.9797211,0.1393127,0.1439056,0.9797211,5.681335,5.681335,True,True,True
1614683,63779589497703,-13.58158,2.589662,-0.06619346,-0.06809402,0.8962107,0.03469906,-0.436996,-0.01492668,0.004272141,-0.02453365,0.1514893,0.09210205,0.9841461,0.03053459,0.003190064,-0.02173247,0.03053459,0.003190064,-0.02173247,0.1380157,0.1458588,0.9796143,0.1380157,0.1458588,0.9796143,5.703201,5.703201,True,True,True
1614691,63779589497714,-13.58159,2.589668,-0.06621593,-0.0682023,0.8962219,0.03464251,-0.4369605,-0.01489707,0.004266724,-0.02453259,0.1520691,0.09367371,0.9839172,0.03053452,0.00318718,-0.02173288,0.03053452,0.00318718,-0.02173288,0.1362915,0.1466675,0.9797363,0.1362915,0.1466675,0.9797363,5.684799,5.684799,True,True,True
1614700,63779589497725,-13.58155,2.589714,-0.066194,-0.06827521,0.8962659,0.03461364,-0.4368614,-0.01179832,0.004188507,-0.02434131,0.1499023,0.09863281,0.9837646,0.03053446,0.003184296,-0.02173247,0.03053446,0.003184296,-0.02173247,0.1355133,0.1474762,0.9797363,0.1355133,0.1474762,0.9797363,5.703613,5.703613,True,True,True
1614708,63779589497725,-13.58155,2.589714,-0.066194,-0.06827521,0.8962659,0.03461364,-0.4368614,-0.006122299,0.004051865,-0.02399165,0.1474915,0.1082306,0.9831085,0.03053452,0.003182556,-0.02173175,0.03053452,0.003182556,-0.02173175,0.1357727,0.1478729,0.9796295,0.1357727,0.1478729,0.9796295,5.68811,5.68811,True,True,True
1614716,63779589497736,-13.58162,2.589714,-0.06618339,-0.06839813,0.8962926,0.03465819,-0.4367838,0.001541702,0.003869919,-0.02351984,0.1447906,0.1186371,0.9823151,0.03053446,0.003184296,-0.02173247,0.03053446,0.003184296,-0.02173247,0.135376,0.1474762,0.9797516,0.135376,0.1474762,0.9797516,5.685562,5.685562,True,True,True
1614725,63779589497747,-13.58162,2.589725,-0.06618744,-0.06854407,0.8963125,0.03465693,-0.43672,0.008592591,0.003703598,-0.02308579,0.1431885,0.1255951,0.9816895,0.03053369,0.00318718,-0.02173288,0.03053369,0.00318718,-0.02173288,0.1355743,0.1466675,0.9798431,0.1355743,0.1466675,0.9798431,5.691833,5.691833,True,True,True
1614733,63779589497759,-13.5817,2.589707,-0.06619072,-0.06859618,0.8963352,0.03463109,-0.4366674,0.008456421,0.003703659,-0.02309488,0.1441498,0.126297,0.9814606,0.03053446,0.003184296,-0.02173329,0.03053446,0.003184296,-0.02173329,0.1361847,0.1474304,0.9796448,0.1361847,0.1474304,0.9796448,5.69635,5.69635,True,True,True
1614741,63779589497759,-13.5817,2.589707,-0.06619072,-0.06859618,0.8963352,0.03463109,-0.4366674,0.008410737,0.00370224,-0.02309831,0.144516,0.1262054,0.9814148,0.03053369,0.003182556,-0.02173338,0.03053369,0.003182556,-0.02173338,0.1368561,0.1466675,0.97966,0.1368561,0.1466675,0.97966,5.697067,5.697067,True,True,True
1614750,63779589497770,-13.58172,2.589747,-0.06618601,-0.06862394,0.8963739,0.03457183,-0.4365883,0.008346985,0.003701233,-0.02310286,0.1440277,0.1273193,0.9813385,0.03053293,0.003180817,-0.02173349,0.03053293,0.003180817,-0.02173349,0.1357727,0.1478729,0.9796295,0.1357727,0.1478729,0.9796295,5.696899,5.696899,True,True,True
1614758,63779589497781,-13.5817,2.589735,-0.06618863,-0.06869238,0.8963295,0.03470982,-0.4366578,0.008253464,0.003701721,-0.02310945,0.1439514,0.1270294,0.9813843,0.03053281,0.003178223,-0.02173464,0.03053281,0.003178223,-0.02173464,0.1357422,0.1475525,0.9796906,0.1357422,0.1475525,0.9796906,5.690826,5.690826,True,True,True
1614766,63779589497792,-13.58173,2.589742,-0.06618178,-0.06879751,0.8963118,0.03486267,-0.4366654,0.00820784,0.003701111,-0.02311308,0.144043,0.1267548,0.9814148,0.03053269,0.003175644,-0.02173577,0.03053269,0.003175644,-0.02173577,0.1357117,0.1472168,0.9797363,0.1357117,0.1472168,0.9797363,5.685471,5.685471,True,True,True
1614775,63779589497792,-13.58173,2.589742,-0.06618178,-0.06879751,0.8963118,0.03486267,-0.4366654,0.008156327,0.003700394,-0.02311818,0.1439667,0.1270752,0.9813843,0.03053017,0.003173447,-0.02173824,0.03053017,0.003173447,-0.02173824,0.1358643,0.1474915,0.9796753,0.1358643,0.1474915,0.9796753,5.685425,5.685425,True,True,True
1614783,63779589497803,-13.58178,2.589777,-0.0661521,-0.06875155,0.8962976,0.03502406,-0.4366888,0.008067704,0.003700562,-0.02312557,0.1434479,0.1272583,0.9814301,0.03052763,0.003171265,-0.02174069,0.03052763,0.003171265,-0.02174069,0.1352539,0.1477203,0.9797211,0.1352539,0.1477203,0.9797211,5.685165,5.685165,True,True,True
1614791,63779589497814,-13.58183,2.589802,-0.06616789,-0.06877767,0.896271,0.03515351,-0.436729,0.007955353,0.003700958,-0.02313411,0.1430511,0.1278687,0.9814148,0.03052695,0.003168381,-0.02174304,0.03052695,0.003168381,-0.02174304,0.1350708,0.1485443,0.9796295,0.1350708,0.1485443,0.9796295,5.685883,5.685883,True,True,True
1614800,63779589497825,-13.58184,2.58981,-0.06618947,-0.06871575,0.8962289,0.03542585,-0.4368029,0.007894166,0.003682694,-0.0231405,0.1427765,0.1324921,0.980835,0.03052329,0.003168381,-0.02174468,0.03052329,0.003168381,-0.02174468,0.1340637,0.1480103,0.9798431,0.1340637,0.1480103,0.9798431,5.684937,5.684937,True,True,True
1614808,63779589497825,-13.58184,2.58981,-0.06618947,-0.06871575,0.8962289,0.03542585,-0.4368029,0.007894776,0.003682633,-0.02314116,0.1425934,0.1312256,0.9810333,0.03052132,0.003168381,-0.02174527,0.03052132,0.003168381,-0.02174527,0.1348419,0.1459503,0.9800568,0.1348419,0.1459503,0.9800568,5.683502,5.683502,True,True,True
1614816,63779589497837,-13.58184,2.589838,-0.06617916,-0.06860584,0.896206,0.03548364,-0.4368627,0.007898651,0.003682373,-0.02314095,0.1426392,0.1307068,0.9810944,0.03052071,0.003168381,-0.02174533,0.03052071,0.003168381,-0.02174533,0.134903,0.1447449,0.9802246,0.134903,0.1447449,0.9802246,5.682434,5.682434,True,True,True
1614825,63779589497849,-13.58174,2.58983,-0.06619662,-0.06853302,0.8961924,0.03555848,-0.4368958,0.007912033,0.003681625,-0.02314264,0.1435852,0.1307373,0.980957,0.03051915,0.003168381,-0.02174951,0.03051915,0.003168381,-0.02174951,0.1354218,0.1448517,0.9801331,0.1354218,0.1448517,0.9801331,5.678116,5.678116,True,True,True
1614833,63779589497860,-13.58175,2.589831,-0.06618226,-0.06846958,0.8961655,0.03563505,-0.4369548,0.008180451,0.003674225,-0.02312613,0.1436462,0.1303558,0.9809875,0.03051811,0.003168381,-0.02174974,0.03051811,0.003168381,-0.02174974,0.1361694,0.1443787,0.9801025,0.1361694,0.1443787,0.9801025,5.681229,5.681229,True,True,True
1614841,63779589497860,-13.58175,2.589831,-0.06618226,-0.06846958,0.8961655,0.03563505,-0.4369548,0.008161759,0.003674378,-0.0231272,0.14328,0.1300507,0.9810944,0.03051811,0.003168381,-0.02174974,0.03051811,0.003168381,-0.02174974,0.1361389,0.1438904,0.9801788,0.1361389,0.1438904,0.9801788,5.677307,5.677307,True,True,True
1614850,63779589497871,-13.58176,2.589863,-0.06617695,-0.06841178,0.8961367,0.03578788,-0.4370105,0.008112931,0.00367453,-0.02313017,0.1423035,0.1290131,0.981369,0.03051811,0.003168381,-0.02174974,0.03051811,0.003168381,-0.02174974,0.1361237,0.1420441,0.9804382,0.1361237,0.1420441,0.9804382,5.672653,5.672653,True,True,True
1614858,63779589497882,-13.58176,2.589864,-0.06617075,-0.06832766,0.8960888,0.03587092,-0.4371148,0.004646149,0.003761261,-0.02340796,0.1298523,0.1284943,0.9831696,0.03043566,0.00318866,-0.02187036,0.03043566,0.00318866,-0.02187036,0.1128693,0.1438751,0.9831238,0.1128693,0.1438751,0.9831238,5.666458,5.666458,True,True,True
1614866,63779589497893,-13.5817,2.589847,-0.06616443,-0.0683265,0.8961293,0.0358676,-0.4370325,0.0003171082,0.003853348,-0.02366831,0.132309,0.1253662,0.9832458,0.03043497,0.00318866,-0.02187526,0.03043497,0.00318866,-0.02187526,0.1126251,0.1416626,0.9834747,0.1126251,0.1416626,0.9834747,5.657639,5.657639,True,True,True
1614875,63779589497893,-13.5817,2.589847,-0.06616443,-0.0683265,0.8961293,0.0358676,-0.4370325,-0.003664643,0.003939515,-0.02390733,0.1347656,0.1226807,0.9832458,0.0304346,0.00318866,-0.02188022,0.0304346,0.00318866,-0.02188022,0.1125183,0.1413727,0.9835358,0.1125183,0.1413727,0.9835358,5.657089,5.657089,True,True,True
1614883,63779589497904,-13.5817,2.589897,-0.06613404,-0.06834821,0.8961102,0.03589284,-0.4370661,-0.006357789,0.003997284,-0.02406909,0.1364441,0.1213379,0.9831848,0.03043385,0.00318866,-0.02188489,0.03043385,0.00318866,-0.02188489,0.1123047,0.1409149,0.9836273,0.1123047,0.1409149,0.9836273,5.654953,5.654953,True,True,True
1614891,63779589497915,-13.58171,2.589895,-0.06613117,-0.06846861,0.8961426,0.03591166,-0.4369793,-0.007441925,0.004019501,-0.02413472,0.136261,0.1220093,0.9831238,0.03043366,0.00318866,-0.02188884,0.03043366,0.00318866,-0.02188884,0.1118774,0.1406708,0.9837036,0.1118774,0.1406708,0.9837036,5.653442,5.653442,True,True,True
1614900,63779589497926,-13.58171,2.58982,-0.06617421,-0.06846374,0.8960882,0.03591516,-0.4370911,-0.006770966,0.004004334,-0.02409595,0.1359558,0.1215668,0.9832153,0.0304336,0.00318866,-0.02189168,0.0304336,0.00318866,-0.02189168,0.1122131,0.1396179,0.9838104,0.1122131,0.1396179,0.9838104,5.649582,5.649582,True,True,True
1614908,63779589497926,-13.58171,2.58982,-0.06617421,-0.06846374,0.8960882,0.03591516,-0.4370911,-0.004526154,0.003955185,-0.02396443,0.1344452,0.1208801,0.9835052,0.03043161,0.003189865,-0.02189635,0.03043161,0.003189865,-0.02189635,0.1120148,0.1360168,0.9843445,0.1120148,0.1360168,0.9843445,5.645782,5.645782,True,True,True
1614916,63779589497937,-13.58169,2.589818,-0.0662058,-0.06844572,0.8961014,0.03578815,-0.4370775,-0.0007042999,0.003870728,-0.02373941,0.131958,0.1222229,0.9836884,0.03042989,0.003190552,-0.02189914,0.03042989,0.003190552,-0.02189914,0.1118164,0.1354065,0.9844513,0.1118164,0.1354065,0.9844513,5.644363,5.644363,True,True,True
1614925,63779589497949,-13.58166,2.589787,-0.06622142,-0.06843189,0.8961044,0.03573835,-0.4370775,0.003779236,0.003771759,-0.0234764,0.1286316,0.1234436,0.983963,0.03042684,0.003190552,-0.02190323,0.03042684,0.003190552,-0.02190323,0.1109619,0.1352081,0.9845734,0.1109619,0.1352081,0.9845734,5.640076,5.640076,True,True,True
1614933,63779589497960,-13.58168,2.589823,-0.06621385,-0.06844921,0.8961151,0.0355177,-0.4370709,0.006697724,0.003707306,-0.02330592,0.126236,0.1249542,0.9840851,0.03042383,0.003190552,-0.02190663,0.03042383,0.003190552,-0.02190663,0.1101227,0.1352844,0.9846649,0.1101227,0.1352844,0.9846649,5.639969,5.639969,True,True,True
1614941,63779589497960,-13.58168,2.589823,-0.06621385,-0.06844921,0.8961151,0.0355177,-0.4370709,0.00676323,0.003705155,-0.02330342,0.1257935,0.1250305,0.9841309,0.03042137,0.003190552,-0.02190923,0.03042137,0.003190552,-0.02190923,0.1091766,0.1352539,0.9847717,0.1091766,0.1352539,0.9847717,5.637634,5.637634,True,True,True
1614950,63779589497971,-13.58167,2.589823,-0.06622297,-0.06850871,0.8961,0.03544305,-0.4370986,0.006847199,0.003702927,-0.02330005,0.1250153,0.1251984,0.9842072,0.03041827,0.003190552,-0.02191213,0.03041827,0.003190552,-0.02191213,0.1079865,0.1354675,0.9848633,0.1079865,0.1354675,0.9848633,5.639786,5.639786,True,True,True
1614958,63779589497982,-13.58172,2.589796,-0.0662021,-0.06845586,0.8961496,0.03533248,-0.437014,0.00686316,0.003701508,-0.02330191,0.1248627,0.1252136,0.9842377,0.03041759,0.003190552,-0.02191722,0.03041759,0.003190552,-0.02191722,0.1077728,0.1356049,0.9848785,0.1077728,0.1356049,0.9848785,5.637344,5.637344,True,True,True
1614966,63779589497993,-13.58173,2.589776,-0.06620055,-0.06836458,0.8961621,0.03528091,-0.4370068,0.006835907,0.003701447,-0.02330707,0.1251221,0.1255493,0.9841614,0.03041742,0.003190552,-0.02192323,0.03041742,0.003190552,-0.02192323,0.108078,0.1360016,0.984787,0.108078,0.1360016,0.984787,5.63765,5.63765,True,True,True
1614975,63779589497993,-13.58173,2.589776,-0.06620055,-0.06836458,0.8961621,0.03528091,-0.4370068,0.006767869,0.003702729,-0.02331419,0.125412,0.1256256,0.9841156,0.03041638,0.003190552,-0.02192865,0.03041638,0.003190552,-0.02192865,0.1083221,0.1363525,0.9847107,0.1083221,0.1363525,0.9847107,5.632889,5.632889,True,True,True
1614983,63779589498004,-13.58172,2.589751,-0.06618738,-0.06833465,0.8961998,0.03525304,-0.4369366,0.006670151,0.003705795,-0.02332157,0.1255951,0.1251373,0.9841461,0.03041628,0.003192475,-0.02193266,0.03041628,0.003192475,-0.02193266,0.1082306,0.1360321,0.9847717,0.1082306,0.1360321,0.9847717,5.626282,5.626282,True,True,True
1614991,63779589498015,-13.58179,2.589769,-0.06616843,-0.06825919,0.8962185,0.03511189,-0.4369212,0.006534928,0.003710434,-0.02333319,0.1259308,0.1247406,0.9841614,0.03041565,0.003195572,-0.02193909,0.03041565,0.003195572,-0.02193909,0.1081848,0.1355896,0.9848328,0.1081848,0.1355896,0.9848328,5.62561,5.62561,True,True,True
1615000,63779589498026,-13.58178,2.589763,-0.06617206,-0.06815672,0.8961739,0.0350832,-0.4370311,0.006400544,0.003715042,-0.02334461,0.1262665,0.1243896,0.9841614,0.03041466,0.003198959,-0.02194527,0.03041466,0.003198959,-0.02194527,0.1085815,0.1350098,0.9848633,0.1085815,0.1350098,0.9848633,5.616882,5.616882,True,True,True
1615008,63779589498026,-13.58178,2.589763,-0.06617206,-0.06815672,0.8961739,0.0350832,-0.4370311,0.006286103,0.003718628,-0.02335472,0.1266327,0.1241302,0.9841461,0.03041442,0.003201263,-0.0219514,0.03041442,0.003201263,-0.0219514,0.1091919,0.1348572,0.9848175,0.1091919,0.1348572,0.9848175,5.630508,5.630508,True,True,True
1615016,63779589498037,-13.58176,2.589758,-0.06609917,-0.0682991,0.8962086,0.0350556,-0.4369399,0.006172074,0.003722183,-0.02336504,0.1265564,0.1240082,0.9841614,0.03041422,0.003204559,-0.02195786,0.03041422,0.003204559,-0.02195786,0.1092834,0.1344147,0.9848785,0.1092834,0.1344147,0.9848785,5.62999,5.62999,True,True,True
1615024,63779589498049,-13.58177,2.589738,-0.0660935,-0.06835017,0.8961867,0.03515306,-0.436969,0.006048722,0.003725784,-0.02337511,0.1265411,0.123764,0.9842072,0.03041419,0.003206726,-0.02196303,0.03041419,0.003206726,-0.02196303,0.1089935,0.1340332,0.9849548,0.1089935,0.1340332,0.9849548,5.61525,5.61525,True,True,True
1615033,63779589498060,-13.58168,2.589745,-0.0661068,-0.06840597,0.896157,0.03533814,-0.4370064,0.005982315,0.003727402,-0.02338213,0.1268616,0.1237488,0.9841614,0.03041419,0.003208573,-0.02196869,0.03041419,0.003208573,-0.02196869,0.1092529,0.1339722,0.9849396,0.1092529,0.1339722,0.9849396,5.628906,5.628906,True,True,True
1615041,63779589498060,-13.58168,2.589745,-0.0661068,-0.06840597,0.896157,0.03533814,-0.4370064,0.005955582,0.003728653,-0.02338637,0.1269226,0.1238556,0.9841461,0.03041419,0.003209747,-0.02197343,0.03041419,0.003209747,-0.02197343,0.1089935,0.1338654,0.9849854,0.1089935,0.1338654,0.9849854,5.616821,5.616821,True,True,True
1615049,63779589498071,-13.58168,2.589776,-0.06613505,-0.06850784,0.8961331,0.0355861,-0.4370191,0.005956879,0.003730362,-0.02338899,0.1265259,0.1233368,0.9842529,0.03041412,0.003212769,-0.02197824,0.03041412,0.003212769,-0.02197824,0.1083832,0.1332855,0.9851227,0.1083832,0.1332855,0.9851227,5.614258,5.614258,True,True,True
1615058,63779589498082,-13.58179,2.589812,-0.06613624,-0.06878815,0.8960235,0.03580862,-0.4371816,0.005979767,0.003730362,-0.02339125,0.1260986,0.1234436,0.9842987,0.03041412,0.003214249,-0.02198447,0.03041412,0.003214249,-0.02198447,0.1083679,0.133316,0.9851227,0.1083679,0.133316,0.9851227,5.613983,5.613983,True,True,True
1615066,63779589498093,-13.58182,2.589788,-0.06607383,-0.06892347,0.896059,0.03578278,-0.4370896,0.006030716,0.003728882,-0.02339168,0.1264954,0.1234131,0.9842529,0.03041412,0.003216019,-0.0219903,0.03041412,0.003216019,-0.0219903,0.1089325,0.1331787,0.9850769,0.1089325,0.1331787,0.9850769,5.613647,5.613647,True,True,True
1615074,63779589498093,-13.58182,2.589788,-0.06607383,-0.06892347,0.896059,0.03578278,-0.4370896,0.006081162,0.003727722,-0.0233915,0.1264801,0.1239471,0.9841919,0.03041412,0.003216629,-0.02199503,0.03041412,0.003216629,-0.02199503,0.1089172,0.1333466,0.9850616,0.1089172,0.1333466,0.9850616,5.611847,5.611847,True,True,True
1615083,63779589498104,-13.58182,2.589782,-0.06601167,-0.06905366,0.896014,0.03568613,-0.4371693,0.006056748,0.003731583,-0.02339729,0.1262054,0.1236267,0.9842682,0.03041412,0.003222382,-0.02200261,0.03041412,0.003222382,-0.02200261,0.1088715,0.1322174,0.9852142,0.1088715,0.1322174,0.9852142,5.606537,5.606537,True,True,True
1615091,63779589498115,-13.58177,2.589801,-0.06597674,-0.06911812,0.895985,0.03575359,-0.437213,0.006007843,0.003733093,-0.02340297,0.1260071,0.1229248,0.984375,0.03041412,0.003223221,-0.02200761,0.03041412,0.003223221,-0.02200761,0.109024,0.1311188,0.9853516,0.109024,0.1311188,0.9853516,5.604385,5.604385,True,True,True
1615099,63779589498126,-13.58179,2.589832,-0.06595623,-0.06906004,0.8958946,0.03559712,-0.4374202,0.005949524,0.003735672,-0.02341002,0.1262665,0.122757,0.9843597,0.03041437,0.00322554,-0.02201409,0.03041437,0.00322554,-0.02201409,0.1092834,0.1308594,0.9853516,0.1092834,0.1308594,0.9853516,5.598846,5.598846,True,True,True
1615108,63779589498126,-13.58179,2.589832,-0.06595623,-0.06906004,0.8958946,0.03559712,-0.4374202,0.005924485,0.003736206,-0.02341408,0.1263733,0.1229248,0.9843292,0.03041463,0.003225556,-0.02201921,0.03041463,0.003225556,-0.02201921,0.109436,0.1312103,0.9852905,0.109436,0.1312103,0.9852905,5.604095,5.604095,True,True,True
1615116,63779589498137,-13.58181,2.589852,-0.06591827,-0.06914086,0.8959208,0.03568469,-0.4373466,0.005861969,0.003737961,-0.02342142,0.1268768,0.1230469,0.9842529,0.03041498,0.003226288,-0.02202597,0.03041498,0.003226288,-0.02202597,0.109848,0.1309509,0.9852753,0.109848,0.1309509,0.9852753,5.603699,5.603699,True,True,True
1615124,63779589498149,-13.58181,2.589877,-0.06595403,-0.06905469,0.8959368,0.03564503,-0.4373306,0.005875443,0.003738007,-0.0234242,0.1270447,0.1235352,0.9841614,0.03041504,0.003226868,-0.02203247,0.03041504,0.003226868,-0.02203247,0.1100006,0.1317596,0.9851532,0.1100006,0.1317596,0.9851532,5.604202,5.604202,True,True,True
1615133,63779589498160,-13.58179,2.589914,-0.06599969,-0.06899592,0.8959342,0.03561716,-0.4373476,0.005976929,0.003735901,-0.02341829,0.1275177,0.1237335,0.9840851,0.03041582,0.003226868,-0.02203247,0.03041582,0.003226868,-0.02203247,0.1109619,0.1320801,0.9850006,0.1109619,0.1320801,0.9850006,5.604126,5.604126,True,True,True
1615141,63779589498160,-13.58179,2.589914,-0.06599969,-0.06899592,0.8959342,0.03561716,-0.4373476,0.006183548,0.003731506,-0.02340649,0.1269684,0.1231842,0.9842224,0.03041699,0.003226868,-0.02203247,0.03041699,0.003226868,-0.02203247,0.1103668,0.1311035,0.985199,0.1103668,0.1311035,0.985199,5.60054,5.60054,True,True,True
1615149,63779589498172,-13.5818,2.589878,-0.06598526,-0.06892589,0.8959885,0.03569582,-0.4372411,0.006451157,0.003725937,-0.02339124,0.1274567,0.1219177,0.984314,0.03041789,0.003226868,-0.02203247,0.03041789,0.003226868,-0.02203247,0.111496,0.1308289,0.9851074,0.111496,0.1308289,0.9851074,5.600418,5.600418,True,True,True
1615158,63779589498184,-13.58188,2.589833,-0.06601042,-0.06898016,0.8959944,0.03577563,-0.4372137,0.006751298,0.003719711,-0.02337427,0.1269531,0.1217957,0.9843903,0.03041953,0.003226868,-0.02203247,0.03041953,0.003226868,-0.02203247,0.1110535,0.1311493,0.9851074,0.1110535,0.1311493,0.9851074,5.600769,5.600769,True,True,True
1615166,63779589498184,-13.58188,2.589833,-0.06601042,-0.06898016,0.8959944,0.03577563,-0.4372137,0.007085373,0.003712769,-0.02335536,0.1269226,0.1213379,0.9844513,0.03042061,0.003226868,-0.02203247,0.03042061,0.003226868,-0.02203247,0.1113434,0.1307678,0.9851379,0.1113434,0.1307678,0.9851379,5.597961,5.597961,True,True,True
1615174,63779589498195,-13.58188,2.589816,-0.06599492,-0.06900786,0.8960003,0.03572306,-0.4372018,0.007389649,0.003706436,-0.02333795,0.1273193,0.120636,0.9844818,0.03042091,0.003226868,-0.02203247,0.03042091,0.003226868,-0.02203247,0.1123047,0.1293945,0.985199,0.1123047,0.1293945,0.985199,5.596985,5.596985,True,True,True
1615183,63779589498206,-13.58185,2.589787,-0.06595534,-0.06906826,0.8960193,0.03568011,-0.4371567,0.007665513,0.003700699,-0.02332225,0.1267853,0.1203613,0.9845886,0.03042137,0.003226868,-0.02203247,0.03042137,0.003226868,-0.02203247,0.112442,0.1289825,0.9852448,0.112442,0.1289825,0.9852448,5.596786,5.596786,True,True,True
1615191,63779589498217,-13.58186,2.589742,-0.06587744,-0.06908005,0.8960355,0.03575679,-0.4371153,0.002621674,0.003754456,-0.02352037,0.1423645,0.1270294,0.9816132,0.03051375,0.003126328,-0.0218591,0.03051375,0.003126328,-0.0218591,0.1371613,0.1456299,0.9797821,0.1371613,0.1456299,0.9797821,5.621765,5.621765,True,True,True
1615199,63779589498217,-13.58186,2.589742,-0.06587744,-0.06908005,0.8960355,0.03575679,-0.4371153,-0.004597947,0.003916122,-0.02394678,0.1435394,0.1217194,0.9821167,0.03051378,0.003125046,-0.02185011,0.03051378,0.003125046,-0.02185011,0.1379395,0.1451111,0.9797363,0.1379395,0.1451111,0.9797363,5.622208,5.622208,True,True,True
1615208,63779589498229,-13.58191,2.589756,-0.06584704,-0.06904988,0.8960329,0.03569363,-0.4371305,-0.01087294,0.004055954,-0.02431789,0.1445618,0.1174469,0.9824982,0.03051523,0.003125031,-0.02183998,0.03051523,0.003125031,-0.02183998,0.1383667,0.1447754,0.9797363,0.1383667,0.1447754,0.9797363,5.624771,5.624771,True,True,True
1615216,63779589498241,-13.58186,2.58973,-0.06583875,-0.06907078,0.8960419,0.03563742,-0.4371133,-0.01451949,0.004136322,-0.02453496,0.1449432,0.1148834,0.9827423,0.03051523,0.003125,-0.02183843,0.03051523,0.003125,-0.02183843,0.137619,0.1443176,0.9799042,0.137619,0.1443176,0.9799042,5.624252,5.624252,True,True,True
1615224,63779589498252,-13.58187,2.58971,-0.06580293,-0.06901105,0.8960496,0.03560923,-0.4371093,-0.01621216,0.004173432,-0.02463237,0.1453705,0.112854,0.9829102,0.03051523,0.0031232,-0.02182092,0.03051523,0.0031232,-0.02182092,0.1376648,0.1436768,0.9799957,0.1376648,0.1436768,0.9799957,5.627197,5.627197,True,True,True
1615233,63779589498252,-13.58187,2.58971,-0.06580293,-0.06901105,0.8960496,0.03560923,-0.4371093,-0.01565909,0.00416037,-0.02459804,0.1453094,0.113266,0.9828644,0.03051523,0.003122604,-0.02181888,0.03051523,0.003122604,-0.02181888,0.1376495,0.143692,0.9799957,0.1376495,0.143692,0.9799957,5.62468,5.62468,True,True,True
1615241,63779589498263,-13.58182,2.589798,-0.06581581,-0.06905864,0.8960276,0.03558081,-0.4371493,-0.01265535,0.00409285,-0.02441579,0.1449585,0.1152039,0.9826965,0.03051523,0.003122604,-0.0218174,0.03051523,0.003122604,-0.0218174,0.1376038,0.1435242,0.9800262,0.1376038,0.1435242,0.9800262,5.617493,5.617493,True,True,True
1615249,63779589498275,-13.58186,2.589818,-0.06588244,-0.06903762,0.8960559,0.03561908,-0.4370914,-0.006637177,0.003956909,-0.02405246,0.1440277,0.1181641,0.9824829,0.03051523,0.003121521,-0.02181659,0.03051523,0.003121521,-0.02181659,0.1376038,0.1437836,0.9799805,0.1376038,0.1437836,0.9799805,5.617737,5.617737,True,True,True
1615258,63779589498275,-13.58186,2.589818,-0.06588244,-0.06903762,0.8960559,0.03561908,-0.4370914,0.001109161,0.003782364,-0.02358392,0.1425018,0.1229401,0.9821167,0.03051378,0.003121521,-0.02181287,0.03051378,0.003121521,-0.02181287,0.1372223,0.1432037,0.9801331,0.1372223,0.1432037,0.9801331,5.616577,5.616577,True,True,True
1615266,63779589498286,-13.58186,2.589829,-0.06585258,-0.06907628,0.8960561,0.03553197,-0.4370919,0.006199829,0.003667862,-0.0232764,0.1416168,0.125885,0.9818726,0.03051375,0.003121521,-0.02181128,0.03051375,0.003121521,-0.02181128,0.137207,0.1422272,0.9802704,0.137207,0.1422272,0.9802704,5.615097,5.615097,True,True,True
1615274,63779589498298,-13.58187,2.589836,-0.06582904,-0.06913771,0.8960816,0.0354971,-0.4370329,0.006751633,0.003655182,-0.02324268,0.1414948,0.125885,0.9818878,0.03051367,0.003121521,-0.02181119,0.03051367,0.003121521,-0.02181119,0.1371613,0.1426697,0.9802094,0.1371613,0.1426697,0.9802094,5.613159,5.613159,True,True,True
1615283,63779589498309,-13.58189,2.589841,-0.06580031,-0.0690502,0.8960847,0.03558834,-0.4370328,0.007273453,0.003642166,-0.02321066,0.1408997,0.1271362,0.9818115,0.03051088,0.003120529,-0.02181095,0.03051088,0.003120529,-0.02181095,0.1363373,0.1428223,0.9803009,0.1363373,0.1428223,0.9803009,5.60202,5.60202,True,True,True
1615291,63779589498309,-13.58189,2.589841,-0.06580031,-0.0690502,0.8960847,0.03558834,-0.4370328,0.002792847,0.00371933,-0.02356752,0.1277466,0.1170197,0.9848633,0.03037752,0.003132507,-0.0219838,0.03037752,0.003132507,-0.0219838,0.1075592,0.1272583,0.9860077,0.1075592,0.1272583,0.9860077,5.554596,5.554596,True,True,True
1615300,63779589498320,-13.58194,2.58982,-0.06569153,-0.06897182,0.8960857,0.03561723,-0.437041,-0.008964737,0.003828201,-0.02427481,0.1617126,0.08006287,0.9835815,0.03016222,0.002958237,-0.02208835,0.03016222,0.002958237,-0.02208835,0.119278,0.1088104,0.9868774,0.119278,0.1088104,0.9868774,5.607346,5.607346,True,True,True
1615308,63779589498331,-13.58197,2.589823,-0.06565237,-0.06901806,0.8960488,0.03567435,-0.4371045,-0.01155258,0.003594788,-0.02438016,0.1986542,0.04527283,0.9790192,0.02988503,0.002645645,-0.02193881,0.02988503,0.002645645,-0.02193881,0.1484985,0.07820129,0.9858093,0.1484985,0.07820129,0.9858093,5.500168,5.500168,True,True,True
1615316,63779589498342,-13.58201,2.589812,-0.06560659,-0.06904973,0.8960595,0.03559902,-0.4370839,-0.0117646,0.003299729,-0.02435512,0.2375946,0.01863098,0.9711761,0.02962421,0.002314911,-0.02175978,0.02962421,0.002314911,-0.02175978,0.1968994,0.04925537,0.9791718,0.1968994,0.04925537,0.9791718,5.527237,5.527237,True,True,True
1615325,63779589498342,-13.58201,2.589812,-0.06560659,-0.06904973,0.8960595,0.03559902,-0.4370839,-0.008436936,0.002935577,-0.02420946,0.2718506,-0.02314758,0.9620514,0.02946417,0.002129334,-0.02186295,0.02946417,0.002129334,-0.02186295,0.2450562,-0.02478027,0.9691772,0.2450562,-0.02478027,0.9691772,5.414032,5.414032,True,True,True
1615333,63779589498353,-13.58204,2.589763,-0.06556594,-0.06918464,0.8959975,0.03570469,-0.437181,-0.005995621,0.002663055,-0.02408801,0.2973633,-0.08016968,0.9513855,0.02924562,0.001902954,-0.02192453,0.02924562,0.001902954,-0.02192453,0.2739563,-0.07409668,0.9588776,0.2739563,-0.07409668,0.9588776,5.442429,5.442429,True,True,True
1615341,63779589498364,-13.58205,2.589755,-0.06551903,-0.06929204,0.8959554,0.03563017,-0.4372562,-0.002219269,0.002351898,-0.02389093,0.3122101,-0.1337738,0.9405365,0.0290744,0.001670548,-0.02196573,0.0290744,0.001670548,-0.02196573,0.2863007,-0.1221008,0.9503174,0.2863007,-0.1221008,0.9503174,5.445679,5.445679,True,True,True
1615350,63779589498376,-13.58207,2.589718,-0.06541884,-0.06942479,0.8959267,0.03568666,-0.4372893,0.00427182,0.002019257,-0.02354794,0.3440094,-0.1786652,0.9217987,0.02896916,0.00149353,-0.02202084,0.02896916,0.00149353,-0.02202084,0.3327179,-0.1734619,0.9269257,0.3327179,-0.1734619,0.9269257,5.535034,5.535034,True,True,True
1615358,63779589498376,-13.58207,2.589718,-0.06541884,-0.06942479,0.8959267,0.03568666,-0.4372893,0.00793396,0.001762619,-0.0233961,0.3696747,-0.2141571,0.904129,0.02880377,0.001290787,-0.0221245,0.02880377,0.001290787,-0.0221245,0.3641968,-0.2080688,0.9077606,0.3641968,-0.2080688,0.9077606,5.481659,5.481659,True,True,True
1615366,63779589498386,-13.58209,2.589748,-0.06536859,-0.06941663,0.8958822,0.03560421,-0.4373885,0.01086542,0.001519882,-0.02329743,0.3849945,-0.2405701,0.8910065,0.02863411,0.00111351,-0.02221051,0.02863411,0.00111351,-0.02221051,0.3774567,-0.2319946,0.8964844,0.3774567,-0.2319946,0.8964844,5.396881,5.396881,True,True,True
1615375,63779589498398,-13.58201,2.589735,-0.06538481,-0.06941752,0.8958423,0.03547151,-0.437481,0.005652954,0.001498856,-0.02368709,0.4172668,-0.2790833,0.8648529,0.02859319,0.0009793091,-0.02228909,0.02859319,0.0009793091,-0.02228909,0.419281,-0.2790222,0.8638916,0.419281,-0.2790222,0.8638916,5.539673,5.539673,True,True,True
1615383,63779589498408,-13.58199,2.589776,-0.06538343,-0.06941458,0.8958375,0.03547184,-0.4374911,0.002032715,0.001444748,-0.02394585,0.4193878,-0.3170166,0.8506317,0.02847836,0.0008715363,-0.02230608,0.02847836,0.0008715363,-0.02230608,0.4114075,-0.3168488,0.8545837,0.4114075,-0.3168488,0.8545837,5.4272,5.4272,True,True,True
1615391,63779589498408,-13.58199,2.589776,-0.06538343,-0.06941458,0.8958375,0.03547184,-0.4374911,-0.00645607,0.001490296,-0.02454274,0.4312286,-0.3495941,0.8317413,0.0283633,0.0007616578,-0.02240669,0.0283633,0.0007616578,-0.02240669,0.4360962,-0.3642426,0.822876,0.4360962,-0.3642426,0.822876,5.460815,5.460815,True,True,True
1615400,63779589498420,-13.582,2.589787,-0.06533498,-0.06940781,0.8957824,0.03520382,-0.4376268,0.0008313294,0.001199371,-0.02416669,0.4412842,-0.3764954,0.8145447,0.02829228,0.0006039429,-0.02247917,0.02829228,0.0006039429,-0.02247917,0.4389343,-0.375,0.8165131,0.4389343,-0.375,0.8165131,5.48938,5.48938,True,True,True
1615408,63779589498431,-13.58198,2.589755,-0.06527668,-0.06950627,0.8957426,0.03522412,-0.4376908,0.002141998,0.001048721,-0.02415515,0.4507751,-0.4062653,0.7948151,0.02825223,0.0004687805,-0.02256751,0.02825223,0.0004687805,-0.02256751,0.4550476,-0.4066467,0.7921753,0.4550476,-0.4066467,0.7921753,5.51857,5.51857,True,True,True
1615416,63779589498442,-13.58199,2.589756,-0.06522506,-0.06965224,0.8956808,0.03505597,-0.4378076,0.002238327,0.0009516602,-0.02418884,0.446991,-0.4194946,0.7900543,0.0282388,0.000368042,-0.02261427,0.0282388,0.000368042,-0.02261427,0.4494629,-0.4254456,0.7854614,0.4494629,-0.4254456,0.7854614,5.460983,5.460983,True,True,True
1615425,63779589498442,-13.58199,2.589756,-0.06522506,-0.06965224,0.8956808,0.03505597,-0.4378076,-0.02884168,0.001536987,-0.02612775,0.4437714,-0.4471893,0.7765656,0.0282737,0.0003360749,-0.02264417,0.0282737,0.0003360749,-0.02264417,0,0,0,0,0,0,-1,-1,True,True,True
1615433,63779589498454,-13.58198,2.589748,-0.06516123,-0.06967962,0.8956314,0.03491325,-0.4379157,-0.001,-0.001,-0.001,1,-1,-1,0.02825932,0.0002796173,-0.0226801,0.02825932,0.0002796173,-0.0226801,0,0,0,0,0,0,-1,-1,False,True,True
1615441,63779589498464,-13.58206,2.589719,-0.06512642,-0.06990793,0.8955519,0.03487271,-0.4380454,-0.001,-0.001,-0.001,1,-1,-1,0.02828235,0.0002706604,-0.02266661,0.02828235,0.0002706604,-0.02266661,0,0,0,0,0,0,-1,-1,False,True,True
1615450,63779589498476,-13.58209,2.589718,-0.0650667,-0.07007449,0.895475,0.0346992,-0.4381896,-0.001,-0.001,-0.001,1,-1,-1,0.02827901,0.0002232819,-0.02269994,0.02827901,0.0002232819,-0.02269994,0,0,0,0,0,0,-1,-1,False,True,True
1615458,63779589498476,-13.58209,2.589718,-0.0650667,-0.07007449,0.895475,0.0346992,-0.4381896,-0.001,-0.001,-0.001,1,-1,-1,0.02830206,0.0002863464,-0.02266718,0.02830206,0.0002863464,-0.02266718,0,0,0,0,0,0,-1,-1,False,True,True
1615466,63779589498486,-13.58225,2.589606,-0.0650332,-0.07025122,0.8953405,0.03473653,-0.4384331,-0.001,-0.001,-0.001,1,-1,-1,0.02830545,0.0002868653,-0.02264925,0.02830545,0.0002868653,-0.02264925,0,0,0,0,0,0,-1,-1,False,True,True
1615475,63779589498498,-13.58231,2.589574,-0.06498271,-0.07036564,0.8952998,0.0347116,-0.4384999,-0.001,-0.001,-0.001,1,-1,-1,0.02736795,-0.003688858,-0.02401093,0.02736795,-0.003688858,-0.02401093,0,0,0,0,0,0,-1,-1,False,True,True
1615483,63779589498509,-13.58238,2.589583,-0.06492555,-0.07054179,0.8952001,0.03470867,-0.4386753,-0.001,-0.001,-0.001,1,-1,-1,0.02832605,0.0002982941,-0.02264963,0.02832605,0.0002982941,-0.02264963,0,0,0,0,0,0,-1,-1,False,True,True
1615491,63779589498509,-13.58238,2.589583,-0.06492555,-0.07054179,0.8952001,0.03470867,-0.4386753,-0.001,-0.001,-0.001,1,-1,-1,0.02831015,0.0002344055,-0.02268759,0.02831015,0.0002344055,-0.02268759,0,0,0,0,0,0,-1,-1,False,True,True
1615499,63779589498520,-13.58246,2.589552,-0.06487942,-0.07069194,0.8950972,0.03486533,-0.4388486,-0.001,-0.001,-0.001,1,-1,-1,0.02832002,0.0002404328,-0.02267774,0.02832002,0.0002404328,-0.02267774,0,0,0,0,0,0,-1,-1,False,True,True
1615508,63779589498531,-13.58249,2.589561,-0.0648523,-0.07077245,0.8949816,0.03490816,-0.4390679,-0.001,-0.001,-0.001,1,-1,-1,0.02834975,0.0002996674,-0.0226285,0.02834975,0.0002996674,-0.0226285,0,0,0,0,0,0,-1,-1,False,True,True
1615516,63779589498542,-13.58252,2.589568,-0.06478369,-0.07088058,0.8949289,0.03493548,-0.4391558,-0.001,-0.001,-0.001,1,-1,-1,0.02835275,0.0002997284,-0.02262915,0.02835275,0.0002997284,-0.02262915,0,0,0,0,0,0,-1,-1,False,True,True
1615524,63779589498542,-13.58252,2.589568,-0.06478369,-0.07088058,0.8949289,0.03493548,-0.4391558,-0.001,-0.001,-0.001,1,-1,-1,0.02835575,0.0002997742,-0.02262982,0.02835575,0.0002997742,-0.02262982,0,0,0,0,0,0,-1,-1,False,True,True
1615533,63779589498553,-13.58257,2.589562,-0.06478333,-0.07098639,0.8948631,0.03509465,-0.4392599,-0.001,-0.001,-0.001,1,-1,-1,0.02835883,0.0003004303,-0.02262991,0.02835883,0.0003004303,-0.02262991,0,0,0,0,0,0,-1,-1,False,True,True
1615541,63779589498564,-13.58261,2.58956,-0.06475139,-0.07093291,0.8948494,0.03512985,-0.4392939,-0.001,-0.001,-0.001,1,-1,-1,0.027435,-0.00368837,-0.02399002,0.027435,-0.00368837,-0.02399002,0,0,0,0,0,0,-1,-1,False,True,True
1615549,63779589498575,-13.58267,2.589592,-0.06471634,-0.07100872,0.8948482,0.035246,-0.4392746,0.02790428,-0.001695938,-0.0233098,0.3571014,0.07092285,0.931366,0.02790428,-0.001695938,-0.0233098,0.02790428,-0.001695938,-0.0233098,0.3571014,0.07092285,0.931366,0.3571014,0.07092285,0.931366,5.394531,5.394531,True,True,True
1615558,63779589498575,-13.58267,2.589592,-0.06471634,-0.07100872,0.8948482,0.035246,-0.4392746,-0.001,-0.001,-0.001,1,-1,-1,0.02837142,0.0002946167,-0.02262958,0.02837142,0.0002946167,-0.02262958,0,0,0,0,0,0,-1,-1,False,True,True
1615566,63779589498586,-13.58262,2.589614,-0.06478804,-0.07099226,0.8947806,0.03522922,-0.4394162,-0.001,-0.001,-0.001,1,-1,-1,0.02836963,0.0002935333,-0.02262683,0.02836963,0.0002935333,-0.02262683,0,0,0,0,0,0,-1,-1,False,True,True
1615574,63779589498597,-13.58259,2.589634,-0.06475157,-0.07115471,0.8948023,0.03527326,-0.4393422,-0.001,-0.001,-0.001,1,-1,-1,0.02836957,0.0002924652,-0.02262407,0.02836957,0.0002924652,-0.02262407,0,0,0,0,0,0,-1,-1,False,True,True
1615583,63779589498609,-13.58261,2.589631,-0.06476653,-0.07105055,0.8948185,0.03521883,-0.4393304,-0.001,-0.001,-0.001,1,-1,-1,0.02837048,0.0002921143,-0.02262273,0.02837048,0.0002921143,-0.02262273,0,0,0,0,0,0,-1,-1,False,True,True
1615591,63779589498609,-13.58261,2.589631,-0.06476653,-0.07105055,0.8948185,0.03521883,-0.4393304,-0.001,-0.001,-0.001,1,-1,-1,0.02837142,0.0002917786,-0.02262138,0.02837142,0.0002917786,-0.02262138,0,0,0,0,0,0,-1,-1,False,True,True
1615599,63779589498620,-13.58271,2.589644,-0.06478566,-0.07112229,0.8948353,0.03512529,-0.4392923,-0.001,-0.001,-0.001,1,-1,-1,0.02837146,0.0002909851,-0.02261995,0.02837146,0.0002909851,-0.02261995,0,0,0,0,0,0,-1,-1,False,True,True
1615608,63779589498631,-13.58274,2.589626,-0.06481022,-0.07100827,0.8948792,0.03499804,-0.4392315,-0.02895184,0.001546997,-0.02616326,0.4405518,-0.4647675,0.7680359,0.02837151,0.0002903748,-0.02261853,0.02837151,0.0002903748,-0.02261853,0,0,0,0,0,0,-1,-1,True,True,True
1615616,63779589498641,-13.58277,2.58962,-0.06483608,-0.07103311,0.8949021,0.03491729,-0.4391873,-0.02895421,0.001546997,-0.02616255,0.4406586,-0.4607849,0.7703705,0.02837253,0.0002903443,-0.02261847,0.02837253,0.0002903443,-0.02261847,0,0,0,0,0,0,-1,-1,True,True,True
1615624,63779589498641,-13.58277,2.58962,-0.06483608,-0.07103311,0.8949021,0.03491729,-0.4391873,-0.02895662,0.001546997,-0.0261619,0.4402924,-0.4600525,0.7710114,0.02837357,0.0002903748,-0.02261842,0.02837357,0.0002903748,-0.02261842,0,0,0,0,0,0,-1,-1,True,True,True
1615633,63779589498653,-13.5828,2.589625,-0.06482637,-0.0709817,0.8949472,0.0347201,-0.4391192,-0.02896053,0.001546997,-0.02616173,0.4401245,-0.459137,0.7716522,0.02837427,0.0002908936,-0.02261809,0.02837427,0.0002908936,-0.02261809,0,0,0,0,0,0,-1,-1,True,True,True
1615641,63779589498663,-13.58283,2.589586,-0.06485605,-0.07094061,0.8949993,0.0346747,-0.4390231,-0.02896439,0.001546997,-0.02616129,0.4400635,-0.4538269,0.7748413,0.02837497,0.0002913971,-0.02261775,0.02837497,0.0002913971,-0.02261775,0,0,0,0,0,0,-1,-1,True,True,True
1615649,63779589498675,-13.58279,2.589578,-0.06489813,-0.07105739,0.8950113,0.03447875,-0.4389953,-0.02896733,0.001546997,-0.02616124,0.4393921,-0.4539642,0.7751312,0.0283747,0.0002915955,-0.02261662,0.0283747,0.0002915955,-0.02261662,0,0,0,0,0,0,-1,-1,True,True,True
1615658,63779589498675,-13.58279,2.589578,-0.06489813,-0.07105739,0.8950113,0.03447875,-0.4389953,-0.02897171,0.001546265,-0.02616124,0.4396515,-0.4537506,0.775116,0.02837497,0.0002917786,-0.02261548,0.02837497,0.0002917786,-0.02261548,0,0,0,0,0,0,-1,-1,True,True,True
1615666,63779589498686,-13.58281,2.589559,-0.0649097,-0.07094879,0.8950588,0.03438739,-0.4389234,-0.02897647,0.001546219,-0.02616129,0.4393768,-0.4536133,0.7753448,0.02837497,0.0002924195,-0.02261272,0.02837497,0.0002924195,-0.02261272,0,0,0,0,0,0,-1,-1,True,True,True
1615674,63779589498697,-13.58278,2.589523,-0.06494498,-0.07082514,0.8950832,0.03417961,-0.4389095,-0.02897983,0.00154599,-0.02616129,0.4392395,-0.4523773,0.7761536,0.02837503,0.0002924195,-0.02261255,0.02837503,0.0002924195,-0.02261255,0,0,0,0,0,0,-1,-1,True,True,True
1615683,63779589498708,-13.5828,2.589522,-0.06493002,-0.07090587,0.8951342,0.0340713,-0.438801,-0.02898328,0.00154599,-0.02616132,0.4388275,-0.4521942,0.7764893,0.02837523,0.0002924195,-0.02261191,0.02837523,0.0002924195,-0.02261191,0,0,0,0,0,0,-1,-1,True,True,True
1615691,63779589498708,-13.5828,2.589522,-0.06493002,-0.07090587,0.8951342,0.0340713,-0.438801,-0.02898551,0.00154599,-0.02616129,0.4383698,-0.4512634,0.7772827,0.02837613,0.0002924195,-0.02261105,0.02837613,0.0002924195,-0.02261105,0,0,0,0,0,0,-1,-1,True,True,True
1615699,63779589498719,-13.58279,2.589496,-0.06494284,-0.07088684,0.8951149,0.03390812,-0.4388561,0.007157502,0.0007371521,-0.02392603,0.4446259,-0.4305573,0.7854309,0.02834461,0.0002565918,-0.02261234,0.02834461,0.0002565918,-0.02261234,0.4368591,-0.4477539,0.7801666,0.4368591,-0.4477539,0.7801666,5.195129,5.195129,True,True,True
1615708,63779589498730,-13.5828,2.589458,-0.06496698,-0.07092226,0.8950763,0.03378937,-0.4389382,0.007026428,0.0007760468,-0.02391246,0.4371948,-0.4386139,0.785141,0.02835173,0.0002897339,-0.0225981,0.02835173,0.0002897339,-0.0225981,0.4361115,-0.4407349,0.7845612,0.4361115,-0.4407349,0.7845612,5.138626,5.138626,True,True,True
1615716,63779589498741,-13.58283,2.589446,-0.06496209,-0.07084946,0.8951132,0.03363378,-0.4388867,0.007160584,0.0008305054,-0.0238802,0.4351044,-0.4477539,0.7811279,0.0283606,0.0003579865,-0.02257799,0.0283606,0.0003579865,-0.02257799,0.4441223,-0.4397125,0.7806244,0.4441223,-0.4397125,0.7806244,5.232651,5.232651,True,True,True
1615724,63779589498741,-13.58283,2.589446,-0.06496209,-0.07084946,0.8951132,0.03363378,-0.4388867,0.009458237,0.0008150025,-0.02373982,0.4465332,-0.4376221,0.780426,0.02838342,0.0003793793,-0.02257533,0.02838342,0.0003793793,-0.02257533,0.4546967,-0.4178162,0.7865448,0.4546967,-0.4178162,0.7865448,5.10466,5.10466,True,True,True
1615733,63779589498753,-13.58292,2.589415,-0.06498176,-0.07084996,0.8950638,0.03361983,-0.4389885,0.009709748,0.000833313,-0.0237014,0.4403229,-0.4360199,0.7848358,0.02839859,0.0004094238,-0.02254935,0.02839859,0.0004094238,-0.02254935,0.4458771,-0.4260101,0.7872009,0.4458771,-0.4260101,0.7872009,5.132278,5.132278,True,True,True
1615741,63779589498763,-13.583,2.589456,-0.06496143,-0.07088737,0.8950365,0.03351847,-0.4390457,0.01013278,0.0008289795,-0.0236823,0.4498138,-0.4271851,0.784317,0.02838773,0.0004184723,-0.02256517,0.02838773,0.0004184723,-0.02256517,0.4610443,-0.418457,0.7825012,0.4610443,-0.418457,0.7825012,5.156845,5.156845,True,True,True
1615749,63779589498775,-13.583,2.589473,-0.06501895,-0.07080929,0.8950002,0.03337036,-0.4391436,0.01040257,0.0008201752,-0.02366571,0.4479675,-0.4271698,0.7853851,0.02838635,0.000414856,-0.02256333,0.02838635,0.000414856,-0.02256333,0.4565125,-0.4181213,0.7853394,0.4565125,-0.4181213,0.7853394,5.104507,5.104507,True,True,True
1615758,63779589498775,-13.583,2.589473,-0.06501895,-0.07080929,0.8950002,0.03337036,-0.4391436,0.01024529,0.0008211213,-0.02367542,0.4470978,-0.4262848,0.7863617,0.02838773,0.0004113617,-0.02256148,0.02838773,0.0004113617,-0.02256148,0.4537354,-0.4181213,0.7869415,0.4537354,-0.4181213,0.7869415,5.151077,5.151077,True,True,True
1615766,63779589498786,-13.583,2.589463,-0.06510806,-0.07087104,0.8949283,0.03340359,-0.4392778,0.009746278,0.000832428,-0.02370535,0.4448395,-0.4275208,0.786972,0.02839017,0.0004125061,-0.02255939,0.02839017,0.0004125061,-0.02255939,0.4519043,-0.4186707,0.7877045,0.4519043,-0.4186707,0.7877045,5.148453,5.148453,True,True,True
1615774,63779589498798,-13.58306,2.589462,-0.06512618,-0.07083016,0.8948313,0.03338157,-0.4394836,0.008942887,0.0008505097,-0.02375368,0.4465179,-0.4268951,0.7863617,0.02839263,0.0004136353,-0.0225573,0.02839263,0.0004136353,-0.0225573,0.4549103,-0.4185181,0.7860413,0.4549103,-0.4185181,0.7860413,5.149673,5.149673,True,True,True
1615783,63779589498808,-13.58311,2.589471,-0.06510103,-0.07095152,0.8947968,0.03329526,-0.4395408,0.008264039,0.0008658295,-0.02379569,0.4457092,-0.4264374,0.7870636,0.02839697,0.0004142609,-0.02255712,0.02839697,0.0004142609,-0.02255712,0.453598,-0.4176331,0.7872772,0.453598,-0.4176331,0.7872772,5.147339,5.147339,True,True,True
1615791,63779589498808,-13.58311,2.589471,-0.06510103,-0.07095152,0.8947968,0.03329526,-0.4395408,0.008859711,0.0008525543,-0.02375931,0.4453888,-0.4254303,0.787796,0.02840132,0.0004148712,-0.02255693,0.02840132,0.0004148712,-0.02255693,0.4522858,-0.4167633,0.7884827,0.4522858,-0.4167633,0.7884827,5.145172,5.145172,True,True,True
1615799,63779589498819,-13.58315,2.589449,-0.06511211,-0.071042,0.8947359,0.0333312,-0.4396474,0.007181443,0.0008904877,-0.02386157,0.4447632,-0.4256287,0.7880402,0.02840227,0.0004147492,-0.02255563,0.02840227,0.0004147492,-0.02255563,0.4519653,-0.4162598,0.7889404,0.4519653,-0.4162598,0.7889404,5.124908,5.124908,True,True,True
1615808,63779589498830,-13.58319,2.589438,-0.06506813,-0.07097953,0.8946943,0.03331307,-0.4397435,0.006606613,0.0009039002,-0.02389595,0.4445038,-0.4253387,0.7883453,0.02840322,0.0004148712,-0.02255435,0.02840322,0.0004148712,-0.02255435,0.4516449,-0.415741,0.7893982,0.4516449,-0.415741,0.7893982,5.104553,5.104553,True,True,True
1615816,63779589498842,-13.5833,2.589464,-0.06509805,-0.07105026,0.894659,0.03336243,-0.4398001,0.006565399,0.0009058228,-0.02389789,0.4447479,-0.4251862,0.7882843,0.02840494,0.000414978,-0.02255405,0.02840494,0.000414978,-0.02255405,0.4520111,-0.4156342,0.7892456,0.4520111,-0.4156342,0.7892456,5.102798,5.102798,True,True,True
1615824,63779589498842,-13.5833,2.589464,-0.06509805,-0.07105026,0.894659,0.03336243,-0.4398001,0.0085999,0.0008593598,-0.023773,0.4457245,-0.4237823,0.7884827,0.02840666,0.0004150849,-0.02255374,0.02840666,0.0004150849,-0.02255374,0.4524231,-0.4155579,0.7890472,0.4524231,-0.4155579,0.7890472,5.105301,5.105301,True,True,True
1615833,63779589498852,-13.58333,2.589438,-0.06514919,-0.07105404,0.8946049,0.03355499,-0.4398949,0.008739686,0.0008560029,-0.02376376,0.4457855,-0.4225006,0.7891388,0.02841016,0.0004152527,-0.02255225,0.02841016,0.0004152527,-0.02255225,0.4523163,-0.4141083,0.7898712,0.4523163,-0.4141083,0.7898712,5.103973,5.103973,True,True,True
1615841,63779589498864,-13.5834,2.589463,-0.06517375,-0.07109822,0.8945951,0.03367209,-0.4398987,0.008741669,0.0008559571,-0.02376302,0.4471741,-0.4211426,0.7890778,0.02841367,0.0004154205,-0.02255077,0.02841367,0.0004154205,-0.02255077,0.4542999,-0.412384,0.7896423,0.4542999,-0.412384,0.7896423,5.10408,5.10408,True,True,True
1615849,63779589498875,-13.5834,2.589474,-0.06520778,-0.07118782,0.8945258,0.03383165,-0.4400129,0.008401368,0.0008640595,-0.02378386,0.4470978,-0.4212952,0.7890472,0.02841519,0.0004156799,-0.02255045,0.02841519,0.0004156799,-0.02255045,0.4540558,-0.4121704,0.7898865,0.4540558,-0.4121704,0.7898865,5.102875,5.102875,True,True,True
1615858,63779589498875,-13.5834,2.589474,-0.06520778,-0.07118782,0.8945258,0.03383165,-0.4400129,0.008371704,0.0008651123,-0.02378557,0.4471283,-0.4210663,0.7891388,0.02841672,0.0004159546,-0.02255014,0.02841672,0.0004159546,-0.02255014,0.4538269,-0.4119568,0.7901306,0.4538269,-0.4119568,0.7901306,5.101913,5.101913,True,True,True
1615866,63779589498886,-13.58343,2.589483,-0.06528634,-0.0712977,0.8944882,0.03384553,-0.4400706,0.008350159,0.0008656312,-0.02378598,0.4472504,-0.4201965,0.7895355,0.02841905,0.0004159546,-0.0225483,0.02841905,0.0004159546,-0.0225483,0.4534912,-0.4107513,0.7909546,0.4534912,-0.4107513,0.7909546,5.092163,5.092163,True,True,True
1615874,63779589498897,-13.58342,2.589508,-0.06533355,-0.07143068,0.8943973,0.03385719,-0.4402327,0.0086987,0.0008854828,-0.02376732,0.4552002,-0.4129486,0.7888184,0.02842082,0.0004395905,-0.02253839,0.02842082,0.0004395905,-0.02253839,0.4529114,-0.4106903,0.7913055,0.4529114,-0.4106903,0.7913055,5.038574,5.038574,True,True,True
1615883,63779589498909,-13.58348,2.589511,-0.06542069,-0.07138996,0.8944355,0.03367821,-0.4401754,0.009107102,0.001020432,-0.02370189,0.4598694,-0.4243317,0.780014,0.02841109,0.0005953827,-0.02250327,0.02841109,0.0005953827,-0.02250327,0.463974,-0.4267273,0.7762756,0.463974,-0.4267273,0.7762756,5.083099,5.083099,True,True,True
1615891,63779589498909,-13.58348,2.589511,-0.06542069,-0.07138996,0.8944355,0.03367821,-0.4401754,0.006178848,0.001227936,-0.02382926,0.454834,-0.3977661,0.7967987,0.02833878,0.0007602845,-0.02244719,0.02833878,0.0007602845,-0.02244719,0.4612427,-0.3922882,0.7958221,0.4612427,-0.3922882,0.7958221,5.138977,5.138977,True,True,True
1615899,63779589498919,-13.58351,2.589534,-0.06548721,-0.07143325,0.8944253,0.03354666,-0.4401991,0.004131378,0.001428543,-0.02393636,0.4678497,-0.3734589,0.8010101,0.02830626,0.0009003449,-0.02244467,0.02830626,0.0009003449,-0.02244467,0.4797516,-0.3516693,0.8038177,0.4797516,-0.3516693,0.8038177,5.086548,5.086548,True,True,True
1615908,63779589498930,-13.58352,2.589567,-0.06552804,-0.07125395,0.8944576,0.03328475,-0.4401824,0.000949173,0.00168541,-0.02412137,0.4995728,-0.3028717,0.8115845,0.02828208,0.001100769,-0.02241039,0.02828208,0.001100769,-0.02241039,0.5020294,-0.3144989,0.8056183,0.5020294,-0.3144989,0.8056183,5.076111,5.076111,True,True,True
1615916,63779589498941,-13.58355,2.589574,-0.06561381,-0.07112399,0.894506,0.03314784,-0.4401154,-0.0291898,0.002539414,-0.02592212,0.4650726,-0.370636,0.8039398,0.02802245,0.001379883,-0.0223031,0.02802245,0.001379883,-0.0223031,0,0,0,0,0,0,-1,-1,True,True,True
1615924,63779589498941,-13.58355,2.589574,-0.06561381,-0.07112399,0.894506,0.03314784,-0.4401154,-0.001,-0.001,-0.001,1,-1,-1,0.02819327,0.001518799,-0.02233426,0.02819327,0.001518799,-0.02233426,0,0,0,0,0,0,-1,-1,False,True,True
1615933,63779589498952,-13.58346,2.589625,-0.06564116,-0.0710622,0.8945156,0.03297857,-0.4401187,-0.001,-0.001,-0.001,1,-1,-1,0.02809863,0.001376114,-0.02240965,0.02809863,0.001376114,-0.02240965,0,0,0,0,0,0,-1,-1,False,True,True
1615941,63779589498964,-13.58343,2.589639,-0.06563318,-0.07098629,0.8945474,0.0327785,-0.4400811,-0.001,-0.001,-0.001,1,-1,-1,0.03087392,0.0009431916,-0.02184688,0.03087392,0.0009431916,-0.02184688,0,0,0,0,0,0,-1,-1,False,True,True
1615949,63779589498975,-13.58344,2.589607,-0.06562465,-0.07099631,0.894558,0.03266409,-0.4400665,-0.001,-0.001,-0.001,1,-1,-1,0.03127811,0.001145645,-0.02155492,0.03127811,0.001145645,-0.02155492,0,0,0,0,0,0,-1,-1,False,True,True
1615958,63779589498975,-13.58344,2.589607,-0.06562465,-0.07099631,0.894558,0.03266409,-0.4400665,-0.001,-0.001,-0.001,1,-1,-1,0.03082504,0.001394089,-0.02156201,0.03082504,0.001394089,-0.02156201,0,0,0,0,0,0,-1,-1,False,True,True
1615966,63779589498986,-13.5835,2.589567,-0.06565297,-0.07101572,0.8945876,0.032555,-0.4400113,-0.001,-0.001,-0.001,1,-1,-1,0.03031465,-9.373474E-05,-0.02215392,0.03031465,-9.373474E-05,-0.02215392,0,0,0,0,0,0,-1,-1,False,True,True
1615974,63779589498997,-13.58352,2.589544,-0.06566316,-0.07093201,0.8946398,0.03235072,-0.4399339,-0.001,-0.001,-0.001,1,-1,-1,0.03178685,0.00143486,-0.02161858,0.03178685,0.00143486,-0.02161858,0,0,0,0,0,0,-1,-1,False,True,True
1615983,63779589499008,-13.58355,2.589532,-0.06571215,-0.07090182,0.8946604,0.03222889,-0.4399056,-0.001,-0.001,-0.001,1,-1,-1,0.0320157,0.0009883423,-0.02171222,0.0320157,0.0009883423,-0.02171222,0,0,0,0,0,0,-1,-1,False,True,True
1615991,63779589499008,-13.58355,2.589532,-0.06571215,-0.07090182,0.8946604,0.03222889,-0.4399056,-0.001,-0.001,-0.001,1,-1,-1,0.0320157,0.0009883423,-0.02171222,0.0320157,0.0009883423,-0.02171222,0,0,0,0,0,0,-1,-1,False,False,False
1615999,63779589499019,-13.58363,2.589468,-0.06574202,-0.07080636,0.8947033,0.0321357,-0.4398405,-0.001,-0.001,-0.001,1,-1,-1,0.03159229,0.001825516,-0.02177025,0.03159229,0.001825516,-0.02177025,0,0,0,0,0,0,-1,-1,False,True,True
1616008,63779589499030,-13.58365,2.589471,-0.06576943,-0.07077271,0.8947225,0.03195387,-0.4398202,-0.001,-0.001,-0.001,1,-1,-1,0.03186629,0.002024124,-0.02180962,0.03186629,0.002024124,-0.02180962,0,0,0,0,0,0,-1,-1,False,True,True
1616016,63779589499041,-13.58362,2.589452,-0.06578511,-0.07072008,0.894718,0.03187428,-0.4398436,-0.001,-0.001,-0.001,1,-1,-1,0.03271654,0.001636627,-0.02104445,0.03271654,0.001636627,-0.02104445,0,0,0,0,0,0,-1,-1,False,True,True
1616024,63779589499041,-13.58362,2.589452,-0.06578511,-0.07072008,0.894718,0.03187428,-0.4398436,-0.001,-0.001,-0.001,1,-1,-1,0.02727916,0.003078385,-0.02272485,0.02727916,0.003078385,-0.02272485,0,0,0,0,0,0,-1,-1,False,True,True
1616033,63779589499052,-13.58366,2.589453,-0.06581426,-0.0707527,0.8947316,0.03174581,-0.4398201,-0.001,-0.001,-0.001,1,-1,-1,0.02766493,0.003225342,-0.02257027,0.02766493,0.003225342,-0.02257027,0,0,0,0,0,0,-1,-1,False,True,True
1616041,63779589499064,-13.58362,2.589453,-0.06578338,-0.07080102,0.8947083,0.03164368,-0.4398671,-0.001,-0.001,-0.001,1,-1,-1,0.0274415,0.003071243,-0.02289966,0.0274415,0.003071243,-0.02289966,0,0,0,0,0,0,-1,-1,False,True,True
1616049,63779589499075,-13.58368,2.589445,-0.06571573,-0.07078111,0.8946624,0.03154024,-0.4399711,-0.001,-0.001,-0.001,1,-1,-1,0.02743295,0.002949463,-0.02275615,0.02743295,0.002949463,-0.02275615,0,0,0,0,0,0,-1,-1,False,True,True
1616058,63779589499075,-13.58368,2.589445,-0.06571573,-0.07078111,0.8946624,0.03154024,-0.4399711,-0.001,-0.001,-0.001,1,-1,-1,0.02745067,0.002953781,-0.02276276,0.02745067,0.002953781,-0.02276276,0,0,0,0,0,0,-1,-1,False,True,True
1616066,63779589499086,-13.58371,2.589445,-0.06566739,-0.07090358,0.8946363,0.03149271,-0.4400077,-0.001,-0.001,-0.001,1,-1,-1,0.02746825,0.002941788,-0.02279576,0.02746825,0.002941788,-0.02279576,0,0,0,0,0,0,-1,-1,False,True,True
1616074,63779589499097,-13.58371,2.589429,-0.06563258,-0.07084133,0.8946173,0.03143265,-0.4400606,-0.001,-0.001,-0.001,1,-1,-1,0.0274606,0.002922363,-0.02279608,0.0274606,0.002922363,-0.02279608,0,0,0,0,0,0,-1,-1,False,True,True
1616083,63779589499108,-13.58373,2.589414,-0.06558514,-0.07101478,0.8945757,0.0314998,-0.4401126,-0.001,-0.001,-0.001,1,-1,-1,0.02747159,0.002895844,-0.02277379,0.02747159,0.002895844,-0.02277379,0,0,0,0,0,0,-1,-1,False,True,True
1616091,63779589499108,-13.58373,2.589414,-0.06558514,-0.07101478,0.8945757,0.0314998,-0.4401126,-0.001,-0.001,-0.001,1,-1,-1,0.02747745,0.002880066,-0.02277954,0.02747745,0.002880066,-0.02277954,0,0,0,0,0,0,-1,-1,False,True,True
1616099,63779589499119,-13.58382,2.589399,-0.06556392,-0.07108891,0.894538,0.03156079,-0.4401727,-0.001,-0.001,-0.001,1,-1,-1,0.02748889,0.002862152,-0.02280003,0.02748889,0.002862152,-0.02280003,0,0,0,0,0,0,-1,-1,False,True,True
1616108,63779589499130,-13.58384,2.589418,-0.0655362,-0.07134258,0.89445,0.03174932,-0.4402969,0.02749275,0.002865219,-0.0227732,0.5941925,0.09832764,0.7982788,0.02749277,0.002865219,-0.0227732,0.02749277,0.002865219,-0.0227732,0.5941925,0.09832764,0.7982788,0.5941925,0.09832764,0.7982788,5.029602,5.029602,True,True,True
1616116,63779589499142,-13.58384,2.589395,-0.06550598,-0.07149782,0.8943826,0.03186167,-0.4404006,0.02748197,0.00285231,-0.02278987,0.5963287,0.111145,0.7949982,0.02749519,0.002852036,-0.02278902,0.02749519,0.002852036,-0.02278902,0.5963135,0.1111603,0.7949982,0.5963135,0.1111603,0.7949982,5.061935,5.061935,True,True,True
1616124,63779589499142,-13.58384,2.589395,-0.06550598,-0.07149782,0.8943826,0.03186167,-0.4404006,0.00666214,0.003259674,-0.02411664,0.6044617,0.07501221,0.7930908,0.02749297,0.002812027,-0.02279801,0.02749297,0.002812027,-0.02279801,0.5973053,0.1156921,0.7936096,0.5973053,0.1156921,0.7936096,5.243713,5.243713,True,True,True
1616133,63779589499152,-13.58391,2.589457,-0.06544238,-0.07165825,0.8943276,0.03191098,-0.4404826,0.00925499,0.00321518,-0.02393739,0.6025085,0.07279968,0.7947693,0.02749124,0.002836258,-0.02280402,0.02749124,0.002836258,-0.02280402,0.6077728,0.105545,0.7870483,0.6077728,0.105545,0.7870483,5.172806,5.172806,True,True,True
1616141,63779589499164,-13.58393,2.589454,-0.06537896,-0.07181749,0.894267,0.03203375,-0.4405708,0.007615097,0.003236237,-0.02403119,0.5996399,0.07194519,0.7970276,0.02750057,0.002820648,-0.02277832,0.02750057,0.002820648,-0.02277832,0.5987549,0.1017609,0.7944336,0.5987549,0.1017609,0.7944336,5.200729,5.200729,True,True,True
1616149,63779589499175,-13.58403,2.58945,-0.06535769,-0.07201108,0.894133,0.03207589,-0.4408079,0.007633423,0.003236099,-0.02404767,0.6060791,0.07637024,0.7917175,0.02749665,0.0028172,-0.02278688,0.02749665,0.0028172,-0.02278688,0.6014099,0.1035767,0.7921753,0.6014099,0.1035767,0.7921753,5.172546,5.172546,True,True,True
1616158,63779589499175,-13.58403,2.58945,-0.06535769,-0.07201108,0.894133,0.03207589,-0.4408079,0.00634285,0.003253525,-0.02410875,0.5987244,0.06877136,0.7979736,0.02749519,0.00280867,-0.0227776,0.02749519,0.00280867,-0.0227776,0.595932,0.103241,0.7963562,0.595932,0.103241,0.7963562,5.091003,5.091003,True,True,True
1616166,63779589499186,-13.58409,2.589395,-0.06527209,-0.0719813,0.8940721,0.03218168,-0.4409286,0.006148392,0.00323645,-0.02412793,0.6002655,0.06750488,0.796936,0.02749626,0.002774979,-0.02277982,0.02749626,0.002774979,-0.02277982,0.5935211,0.1045837,0.7979736,0.5935211,0.1045837,0.7979736,5.061829,5.061829,True,True,True
1616174,63779589499197,-13.58406,2.589393,-0.06521666,-0.07204989,0.8939911,0.03226926,-0.4410751,0.00630275,0.003231064,-0.02411472,0.5978394,0.07167053,0.7984009,0.02749698,0.002775437,-0.02278357,0.02749698,0.002775437,-0.02278357,0.5918427,0.1118317,0.7982483,0.5918427,0.1118317,0.7982483,5.083939,5.083939,True,True,True
1616183,63779589499208,-13.58405,2.589381,-0.06516564,-0.07199785,0.8938668,0.03237254,-0.4413281,0.006190811,0.003227554,-0.02412354,0.5928192,0.07579041,0.8017426,0.0274978,0.002772751,-0.02278287,0.0274978,0.002772751,-0.02278287,0.5921326,0.1096039,0.7983398,0.5921326,0.1096039,0.7983398,5.082108,5.082108,True,True,True
1616191,63779589499208,-13.58405,2.589381,-0.06516564,-0.07199785,0.8938668,0.03237254,-0.4413281,0.007224136,0.003206329,-0.02405711,0.5937653,0.07962036,0.8006744,0.02749863,0.002775437,-0.02278217,0.02749863,0.002775437,-0.02278217,0.5924225,0.1071014,0.7984619,0.5924225,0.1071014,0.7984619,5.080002,5.080002,True,True,True
1616199,63779589499219,-13.58408,2.589427,-0.06516951,-0.07203262,0.893796,0.03233008,-0.4414688,0.006688721,0.003226166,-0.02408745,0.5931091,0.07312012,0.8017883,0.02750002,0.002788223,-0.02275476,0.02750002,0.002788223,-0.02275476,0.5890198,0.09202576,0.8028412,0.5890198,0.09202576,0.8028412,4.942108,4.942108,True,True,True
1616208,63779589499230,-13.58419,2.58939,-0.0651114,-0.07209039,0.8936375,0.03242545,-0.4417733,0.005889954,0.003240555,-0.02412798,0.5917206,0.0668335,0.8033447,0.0275042,0.002790207,-0.0227558,0.0275042,0.002790207,-0.0227558,0.5896912,0.09468079,0.8020477,0.5896912,0.09468079,0.8020477,4.9608,4.9608,True,True,True
1616216,63779589499241,-13.5842,2.58935,-0.06501865,-0.0720977,0.8934629,0.03255116,-0.4421159,0.007179489,0.003211472,-0.0240378,0.5886688,0.06481934,0.8057556,0.02750591,0.002780594,-0.02272754,0.02750591,0.002780594,-0.02272754,0.5805969,0.08276367,0.809967,0.5805969,0.08276367,0.809967,4.927765,4.927765,True,True,True
1616224,63779589499241,-13.5842,2.58935,-0.06501865,-0.0720977,0.8934629,0.03255116,-0.4421159,0.005830551,0.003243668,-0.02412285,0.588089,0.06774902,0.8059387,0.02751039,0.00279541,-0.02274933,0.02751039,0.00279541,-0.02274933,0.5877533,0.09362793,0.8035889,0.5877533,0.09362793,0.8035889,4.922073,4.922073,True,True,True
1616233,63779589499252,-13.58427,2.589357,-0.06490403,-0.07210754,0.8932452,0.03262301,-0.4425487,0.003973389,0.003269791,-0.02425083,0.5909882,0.07157898,0.8034821,0.02752051,0.002777558,-0.02276885,0.02752051,0.002777558,-0.02276885,0.5931091,0.1034698,0.7984314,0.5931091,0.1034698,0.7984314,5.045502,5.045502,True,True,True
1616241,63779589499264,-13.5844,2.589385,-0.06477034,-0.07203028,0.8929266,0.03280243,-0.4431903,0.005865967,0.00322255,-0.02412227,0.5919037,0.06393433,0.8034515,0.02752719,0.00276648,-0.0227513,0.02752719,0.00276648,-0.0227513,0.5938568,0.08561707,0.7999878,0.5938568,0.08561707,0.7999878,4.968094,4.968094,True,True,True
1616249,63779589499275,-13.58461,2.589366,-0.0645296,-0.07186143,0.8925918,0.03310785,-0.4438691,0.004190964,0.003258179,-0.02423026,0.5911102,0.06599426,0.8038788,0.02752628,0.002768631,-0.02275247,0.02752628,0.002768631,-0.02275247,0.5919037,0.09239197,0.8006897,0.5919037,0.09239197,0.8006897,5.004562,5.004562,True,True,True
1616258,63779589499275,-13.58461,2.589366,-0.0645296,-0.07186143,0.8925918,0.03310785,-0.4438691,0.004099137,0.003250153,-0.0242376,0.5912323,0.07118225,0.8033447,0.02752719,0.002770798,-0.02275365,0.02752719,0.002770798,-0.02275365,0.5943909,0.0997467,0.7979431,0.5943909,0.0997467,0.7979431,5.042389,5.042389,True,True,True
1616266,63779589499286,-13.58491,2.589362,-0.06412238,-0.07157301,0.8918569,0.03346709,-0.4453633,0.004405014,0.003245194,-0.02423142,0.5902405,0.07783508,0.8034515,0.02752669,0.002790726,-0.02276726,0.02752669,0.002790726,-0.02276726,0.5910797,0.1062012,0.7995758,0.5910797,0.1062012,0.7995758,4.951614,4.951614,True,True,True
1616274,63779589499297,-13.5853,2.589313,-0.06355333,-0.07151747,0.8908173,0.03400466,-0.4474075,0.006122604,0.003207611,-0.02411983,0.5869446,0.08453369,0.805191,0.02752445,0.002803741,-0.02277225,0.02752445,0.002803741,-0.02277225,0.5885773,0.1157532,0.8000946,0.5885773,0.1157532,0.8000946,5.007965,5.007965,True,True,True
1616283,63779589499308,-13.58587,2.589299,-0.06281805,-0.07170501,0.8889802,0.03491766,-0.4509474,0.002181214,0.00328154,-0.02435329,0.5920258,0.06466675,0.8033142,0.02753035,0.002819702,-0.0227468,0.02753035,0.002819702,-0.0227468,0.5887146,0.09429932,0.8028107,0.5887146,0.09429932,0.8028107,5.034088,5.034088,True,True,True
1616291,63779589499308,-13.58587,2.589299,-0.06281805,-0.07170501,0.8889802,0.03491766,-0.4509474,0.002299042,0.003270767,-0.02435858,0.5926819,0.07435608,0.8019867,0.02752554,0.00283902,-0.02276178,0.02752554,0.00283902,-0.02276178,0.589035,0.1051788,0.8012238,0.589035,0.1051788,0.8012238,5.018982,5.018982,True,True,True
1616299,63779589499319,-13.58659,2.589286,-0.06199187,-0.07219093,0.8867274,0.03606696,-0.4551947,0.002905624,0.003200821,-0.0243503,0.588501,0.07540894,0.8049622,0.02741321,0.002808884,-0.02279694,0.02741321,0.002808884,-0.02279694,0.5785828,0.1121216,0.8078766,0.5785828,0.1121216,0.8078766,4.971603,4.971603,True,True,True
1616308,63779589499330,-13.58741,2.589255,-0.06094074,-0.07286601,0.8834931,0.03758937,-0.461213,0.00409343,0.003159775,-0.02440791,0.6192932,0.0663147,0.7823334,0.02714858,0.002802414,-0.02294724,0.02714858,0.002802414,-0.02294724,0.6127777,0.09114075,0.7849579,0.6127777,0.09114075,0.7849579,5.063858,5.063858,True,True,True
1616316,63779589499341,-13.58839,2.589162,-0.05976248,-0.07324904,0.8799226,0.03928151,-0.4677902,-0.001,-0.001,-0.001,1,-1,-1,0.02691711,0.002843338,-0.02315268,0.02691711,0.002843338,-0.02315268,0,0,0,0,0,0,-1,-1,False,True,True
1616324,63779589499341,-13.58839,2.589162,-0.05976248,-0.07324904,0.8799226,0.03928151,-0.4677902,-0.001,-0.001,-0.001,1,-1,-1,0.02673529,0.002860138,-0.02328789,0.02673529,0.002860138,-0.02328789,0,0,0,0,0,0,-1,-1,False,True,True
1616333,63779589499352,-13.58927,2.589056,-0.05844903,-0.07376123,0.8753439,0.04093819,-0.4760846,-0.001,-0.001,-0.001,1,-1,-1,0.02660187,0.002817062,-0.02347525,0.02660187,0.002817062,-0.02347525,0,0,0,0,0,0,-1,-1,False,True,True
1616341,63779589499364,-13.5901,2.588948,-0.05714887,-0.07416916,0.8702686,0.0425065,-0.4851028,-0.001,-0.001,-0.001,1,-1,-1,0.0265506,0.002775757,-0.02356067,0.0265506,0.002775757,-0.02356067,0,0,0,0,0,0,-1,-1,False,True,True
1616349,63779589499375,-13.59097,2.588937,-0.0559448,-0.07451728,0.8651764,0.04344654,-0.4939933,-0.001,-0.001,-0.001,1,-1,-1,0.026532,0.002758804,-0.0235808,0.026532,0.002758804,-0.0235808,0,0,0,0,0,0,-1,-1,False,True,True
1616358,63779589499375,-13.59097,2.588937,-0.0559448,-0.07451728,0.8651764,0.04344654,-0.4939933,-0.001,-0.001,-0.001,1,-1,-1,0.02654979,0.002731949,-0.02355631,0.02654979,0.002731949,-0.02355631,0,0,0,0,0,0,-1,-1,False,True,True
1616366,63779589499386,-13.59175,2.588874,-0.05462784,-0.07456513,0.8598613,0.04428184,-0.503108,-0.001,-0.001,-0.001,1,-1,-1,0.0266149,0.002726593,-0.02350334,0.0266149,0.002726593,-0.02350334,0,0,0,0,0,0,-1,-1,False,True,True
1616374,63779589499397,-13.59258,2.588805,-0.05339473,-0.07434364,0.854681,0.04525647,-0.5118061,-0.001,-0.001,-0.001,1,-1,-1,0.02672913,0.002694138,-0.02334615,0.02672913,0.002694138,-0.02334615,0,0,0,0,0,0,-1,-1,False,True,True
1616383,63779589499408,-13.59325,2.588772,-0.05221224,-0.07370856,0.8495271,0.04602425,-0.520339,-0.001,-0.001,-0.001,1,-1,-1,0.02683823,0.002645935,-0.02324086,0.02683823,0.002645935,-0.02324086,0,0,0,0,0,0,-1,-1,False,True,True
1616391,63779589499408,-13.59325,2.588772,-0.05221224,-0.07370856,0.8495271,0.04602425,-0.520339,-0.001,-0.001,-0.001,1,-1,-1,0.02695604,0.002595902,-0.02317516,0.02695604,0.002595902,-0.02317516,0,0,0,0,0,0,-1,-1,False,True,True
1616399,63779589499419,-13.59393,2.588723,-0.05103588,-0.07246868,0.8447588,0.04645521,-0.5281789,-0.001,-0.001,-0.001,1,-1,-1,0.02706821,0.002595657,-0.02313825,0.02706821,0.002595657,-0.02313825,0,0,0,0,0,0,-1,-1,False,True,True
1616408,63779589499430,-13.59464,2.588692,-0.04987448,-0.07110348,0.8403442,0.04669901,-0.5353366,-0.001,-0.001,-0.001,1,-1,-1,0.02718747,0.002535065,-0.02299802,0.02718747,0.002535065,-0.02299802,0,0,0,0,0,0,-1,-1,False,True,True
1616416,63779589499441,-13.59526,2.588583,-0.0487383,-0.06976983,0.8359705,0.04674787,-0.5423099,-0.001,-0.001,-0.001,1,-1,-1,0.02725884,0.002503967,-0.02294171,0.02725884,0.002503967,-0.02294171,0,0,0,0,0,0,-1,-1,False,True,True
1616424,63779589499441,-13.59526,2.588583,-0.0487383,-0.06976983,0.8359705,0.04674787,-0.5423099,-0.03001033,0.00368866,-0.02650049,0.6300201,-0.0008544922,0.7765656,0.0273609,0.002510941,-0.02288184,0.0273609,0.002510941,-0.02288184,0,0,0,0,0,0,-1,-1,True,True,True
1616433,63779589499452,-13.59586,2.588442,-0.047665,-0.06866071,0.8315744,0.04697017,-0.549148,-0.03000116,0.003670288,-0.02647994,0.617691,0.008346558,0.7863617,0.02743183,0.00252388,-0.02283281,0.02743183,0.00252388,-0.02283281,0,0,0,0,0,0,-1,-1,True,True,True
1616441,63779589499463,-13.59638,2.588353,-0.04660541,-0.06796202,0.8273512,0.04715121,-0.5555611,-0.01041202,0.003257126,-0.02518974,0.6050568,0.02526855,0.7957611,0.02747438,0.002451019,-0.02281888,0.02747438,0.002451019,-0.02281888,0.6137848,0.09378052,0.7838593,0.6137848,0.09378052,0.7838593,5.14267,5.14267,True,True,True
1616449,63779589499475,-13.59686,2.588299,-0.0456568,-0.06758795,0.82346,0.04765574,-0.5613148,-0.0002092896,0.003043244,-0.02451019,0.6047363,0.04100037,0.7953644,0.02754236,0.002464676,-0.02275224,0.02754236,0.002464676,-0.02275224,0.6052094,0.07879639,0.7921448,0.6052094,0.07879639,0.7921448,5.05777,5.05777,True,True,True
1616458,63779589499475,-13.59686,2.588299,-0.0456568,-0.06758795,0.82346,0.04765574,-0.5613148,0.0006763764,0.003014404,-0.02440077,0.592041,0.03076172,0.8053131,0.02763909,0.002450592,-0.02268118,0.02763909,0.002450592,-0.02268118,0.5882263,0.06138611,0.8063507,0.5882263,0.06138611,0.8063507,5.002167,5.002167,True,True,True
1616466,63779589499486,-13.59732,2.588339,-0.04471636,-0.06711239,0.8197351,0.04812631,-0.5667576,0.0004765015,0.003000168,-0.0243784,0.5799561,0.03630066,0.8138275,0.02770828,0.002413803,-0.02265358,0.02770828,0.002413803,-0.02265358,0.5800934,0.07470703,0.8111115,0.5800934,0.07470703,0.8111115,4.991394,4.991394,True,True,True
1616474,63779589499496,-13.59771,2.5883,-0.04390442,-0.06674723,0.816761,0.04820238,-0.5710717,-0.001041306,0.003004227,-0.0244128,0.5604858,0.02641296,0.8277283,0.02779254,0.002365555,-0.02258312,0.02779254,0.002365555,-0.02258312,0.5596771,0.0639801,0.8262329,0.5596771,0.0639801,0.8262329,5.141052,5.141052,True,True,True
1616483,63779589499508,-13.59801,2.588221,-0.04325461,-0.06635028,0.8137925,0.048159,-0.5753435,-0.0001082001,0.002969956,-0.02433913,0.5568085,0.04119873,0.8296051,0.02784215,0.002338196,-0.02257756,0.02784215,0.002338196,-0.02257756,0.5628967,0.07585144,0.8230286,0.5628967,0.07585144,0.8230286,5.220825,5.220825,True,True,True
1616491,63779589499508,-13.59801,2.588221,-0.04325461,-0.06635028,0.8137925,0.048159,-0.5753435,-0.0003644409,0.002965836,-0.02432155,0.5484161,0.04159546,0.8351593,0.02791911,0.002320923,-0.02252921,0.02791911,0.002320923,-0.02252921,0.5508575,0.07756042,0.8309784,0.5508575,0.07756042,0.8309784,5.194748,5.194748,True,True,True
1616499,63779589499519,-13.59831,2.588167,-0.04265374,-0.06634921,0.811586,0.04754872,-0.5785025,0.0001770477,0.002941696,-0.02425224,0.541687,0.03666687,0.8397675,0.027981,0.002303833,-0.02248013,0.027981,0.002303833,-0.02248013,0.5455322,0.06089783,0.8358612,0.5455322,0.06089783,0.8358612,5.074753,5.074753,True,True,True
1616508,63779589499530,-13.59865,2.588037,-0.04212993,-0.06629718,0.8096285,0.0468913,-0.5812983,0.002865845,0.002878113,-0.02405367,0.5338898,0.03855896,0.8446655,0.02804135,0.002298111,-0.02246097,0.02804135,0.002298111,-0.02246097,0.5433807,0.0660553,0.8368683,0.5433807,0.0660553,0.8368683,5.137451,5.137451,True,True,True
1616516,63779589499541,-13.59894,2.587894,-0.0417645,-0.06626886,0.8084596,0.04611742,-0.5829878,0.001729324,0.002894531,-0.02409975,0.5256195,0.0335083,0.8500519,0.02809125,0.00227591,-0.02241191,0.02809125,0.00227591,-0.02241191,0.5233917,0.05839539,0.8500824,0.5233917,0.05839539,0.8500824,5.063141,5.063141,True,True,True
1616524,63779589499541,-13.59894,2.587894,-0.0417645,-0.06626886,0.8084596,0.04611742,-0.5829878,0.001901703,0.002884339,-0.0240668,0.5207214,0.02947998,0.8532104,0.02812163,0.002272675,-0.02239557,0.02812163,0.002272675,-0.02239557,0.5217743,0.05345154,0.8513947,0.5217743,0.05345154,0.8513947,5.090103,5.090103,True,True,True
1616533,63779589499552,-13.59923,2.587767,-0.04139298,-0.06636674,0.8074101,0.04542407,-0.5844837,0.002005295,0.002878296,-0.02402181,0.4986267,0.03369141,0.8661499,0.0281282,0.002279221,-0.0223662,0.0281282,0.002279221,-0.0223662,0.5037384,0.05825806,0.8618774,0.5037384,0.05825806,0.8618774,5.15535,5.15535,True,True,True
1616541,63779589499563,-13.59941,2.587632,-0.04115427,-0.06670114,0.8067339,0.04484043,-0.5854236,0.001564224,0.00289679,-0.02405011,0.5024109,0.03161621,0.8640442,0.02816004,0.002295563,-0.0223459,0.02816004,0.002295563,-0.0223459,0.4972076,0.05377197,0.8659515,0.4972076,0.05377197,0.8659515,5.184753,5.184753,True,True,True
1616549,63779589499575,-13.59965,2.587507,-0.04094326,-0.06715895,0.8061054,0.04434615,-0.5862738,0.0007732849,0.002924408,-0.02408104,0.4960175,0.02207947,0.8680115,0.02817491,0.002316528,-0.02232794,0.02817491,0.002316528,-0.02232794,0.4905853,0.04890442,0.8700104,0.4905853,0.04890442,0.8700104,5.165466,5.165466,True,True,True
1616558,63779589499575,-13.59965,2.587507,-0.04094326,-0.06715895,0.8061054,0.04434615,-0.5862738,0.0009748536,0.002925568,-0.02405902,0.4888306,0.02412415,0.8720398,0.02818941,0.002322418,-0.02231098,0.02818941,0.002322418,-0.02231098,0.4796753,0.04708862,0.8761749,0.4796753,0.04708862,0.8761749,5.181976,5.181976,True,True,True
1616566,63779589499586,-13.5998,2.587375,-0.04081851,-0.0678554,0.8059499,0.04403393,-0.586431,0.00274411,0.002891907,-0.0239321,0.4832458,0.02662659,0.875061,0.02821163,0.002334152,-0.02229976,0.02821163,0.002334152,-0.02229976,0.4729614,0.05155945,0.8795624,0.4729614,0.05155945,0.8795624,5.153687,5.153687,True,True,True
1616574,63779589499597,-13.59996,2.587227,-0.04075569,-0.06862863,0.8059661,0.04367959,-0.5863453,0.003716995,0.00287854,-0.02387511,0.4866943,0.02870178,0.8730927,0.02823441,0.002356064,-0.02230768,0.02823441,0.002356064,-0.02230768,0.4875031,0.0473938,0.8718262,0.4875031,0.0473938,0.8718262,5.204865,5.204865,True,True,True
1616583,63779589499608,-13.60016,2.587103,-0.04071915,-0.0694139,0.8060206,0.04339098,-0.5861995,0.00389032,0.002878723,-0.02386073,0.4866486,0.02789307,0.8731384,0.0282432,0.002362198,-0.0223076,0.0282432,0.002362198,-0.0223076,0.4868927,0.04997253,0.8720245,0.4868927,0.04997253,0.8720245,5.166443,5.166443,True,True,True
1616591,63779589499608,-13.60016,2.587103,-0.04071915,-0.0694139,0.8060206,0.04339098,-0.5861995,0.004679489,0.002866455,-0.02380304,0.4798126,0.03466797,0.8766632,0.02824693,0.002366089,-0.02229436,0.02824693,0.002366089,-0.02229436,0.4745331,0.05761719,0.8783417,0.4745331,0.05761719,0.8783417,5.219894,5.219894,True,True,True
1616599,63779589499619,-13.6003,2.586985,-0.04077476,-0.07026532,0.8061818,0.04343842,-0.5858727,0.004855378,0.002873734,-0.02379918,0.4828796,0.04048157,0.8747406,0.02825191,0.0023797,-0.0223067,0.02825191,0.0023797,-0.0223067,0.47995,0.06573486,0.8748169,0.47995,0.06573486,0.8748169,5.147049,5.147049,True,True,True
1616608,63779589499630,-13.60046,2.586872,-0.04079825,-0.07115287,0.8063263,0.04348511,-0.5855632,0.005209519,0.00286853,-0.02377233,0.4812012,0.03511047,0.875885,0.02825296,0.002381897,-0.02230036,0.02825296,0.002381897,-0.02230036,0.4777527,0.05764771,0.8765869,0.4777527,0.05764771,0.8765869,5.158401,5.158401,True,True,True
1616616,63779589499641,-13.60049,2.58676,-0.0408622,-0.07209579,0.8065444,0.04361028,-0.5851381,0.004756805,0.002847839,-0.02382567,0.4828949,0.03305054,0.8750458,0.02815236,0.002335663,-0.02232982,0.02815236,0.002335663,-0.02232982,0.471817,0.05625916,0.8798828,0.471817,0.05625916,0.8798828,5.210175,5.210175,True,True,True
1616624,63779589499641,-13.60049,2.58676,-0.0408622,-0.07209579,0.8065444,0.04361028,-0.5851381,0.005059693,0.002846497,-0.02389617,0.5426941,0.01661682,0.8397522,0.02802902,0.002357605,-0.02242921,0.02802902,0.002357605,-0.02242921,0.5469208,0.04283142,0.8360748,0.5469208,0.04283142,0.8360748,5.24469,5.24469,True,True,True
1616633,63779589499652,-13.60053,2.586717,-0.04089332,-0.07298134,0.8067586,0.04353238,-0.5847387,0.002008331,0.002891342,-0.02418033,0.5563202,0.0178833,0.8307648,0.02783676,0.002324448,-0.02253404,0.02783676,0.002324448,-0.02253404,0.5539856,0.05410767,0.8307495,0.5539856,0.05410767,0.8307495,5.273499,5.273499,True,True,True
1616641,63779589499664,-13.6006,2.586638,-0.04098934,-0.07369848,0.8070579,0.04346241,-0.5842406,0.007551438,0.002799515,-0.02388445,0.5767059,0.02015686,0.8166809,0.02774135,0.002368439,-0.02256816,0.02774135,0.002368439,-0.02256816,0.5682983,0.03910828,0.8218842,0.5682983,0.03910828,0.8218842,5.305344,5.305344,True,True,True
1616649,63779589499674,-13.6007,2.586598,-0.04106629,-0.07404021,0.8073073,0.04340612,-0.5838569,0.00922165,0.002769943,-0.02378828,0.5808716,0.02217102,0.8136902,0.02773035,0.002377991,-0.02258209,0.02773035,0.002377991,-0.02258209,0.5748596,0.0383606,0.817337,0.5748596,0.0383606,0.817337,5.195724,5.195724,True,True,True
1616658,63779589499674,-13.6007,2.586598,-0.04106629,-0.07404021,0.8073073,0.04340612,-0.5838569,0.01064407,0.002737488,-0.02368674,0.5753632,0.02818298,0.8173981,0.02774139,0.002376312,-0.02258388,0.02774139,0.002376312,-0.02258388,0.5739746,0.04666138,0.8175354,0.5739746,0.04666138,0.8175354,5.219849,5.219849,True,True,True
1616666,63779589499686,-13.60077,2.586572,-0.04114771,-0.07420681,0.8076119,0.04327326,-0.5834241,0.01098007,0.002731964,-0.02366506,0.578064,0.02423096,0.8156128,0.02773781,0.002377991,-0.02258351,0.02773781,0.002377991,-0.02258351,0.5763855,0.0428009,0.81604,0.5763855,0.0428009,0.81604,5.273621,5.273621,True,True,True
1616674,63779589499697,-13.60089,2.586561,-0.04117215,-0.07411915,0.8077807,0.04328854,-0.5832005,0.01079155,0.002740112,-0.02368018,0.5792084,0.02934265,0.8146362,0.02773259,0.002383362,-0.0225874,0.02773259,0.002383362,-0.0225874,0.5764465,0.04978943,0.8155975,0.5764465,0.04978943,0.8155975,5.19664,5.19664,True,True,True
1616682,63779589499708,-13.60095,2.586576,-0.04122651,-0.07414883,0.8078815,0.0431858,-0.5830648,0.01068785,0.002746735,-0.02368511,0.5769653,0.02452087,0.8163757,0.02772737,0.002388733,-0.02258351,0.02772737,0.002388733,-0.02258351,0.5732727,0.04322815,0.8182068,0.5732727,0.04322815,0.8182068,5.213516,5.213516,True,True,True
1616691,63779589499708,-13.60095,2.586576,-0.04122651,-0.07414883,0.8078815,0.0431858,-0.5830648,0.01087354,0.002744675,-0.02367342,0.5756836,0.02554321,0.8172607,0.02772641,0.002390335,-0.02258232,0.02772641,0.002390335,-0.02258232,0.5720062,0.04457092,0.8190308,0.5720062,0.04457092,0.8190308,5.220139,5.220139,True,True,True
1616699,63779589499720,-13.60112,2.586621,-0.04119825,-0.07418373,0.8079702,0.04322808,-0.5829343,0.008202347,0.002802017,-0.02384569,0.57547,0.02384949,0.8174591,0.02772543,0.002391953,-0.02258113,0.02772543,0.002391953,-0.02258113,0.5707397,0.04545593,0.8198547,0.5707397,0.04545593,0.8198547,5.226624,5.226624,True,True,True
1616707,63779589499730,-13.60121,2.586597,-0.0411312,-0.07423478,0.808082,0.0433432,-0.5827641,0.005506851,0.002860748,-0.02401956,0.5766602,0.02101135,0.8166962,0.027724,0.002395188,-0.02257977,0.027724,0.002395188,-0.02257977,0.5715485,0.04431152,0.8193512,0.5715485,0.04431152,0.8193512,5.230133,5.230133,True,True,True
1616716,63779589499742,-13.60124,2.586625,-0.04117328,-0.07404543,0.8081235,0.04333863,-0.5827311,0.004512848,0.002883469,-0.02408333,0.5773621,0.01905823,0.8162537,0.02772257,0.002398407,-0.0225784,0.02772257,0.002398407,-0.0225784,0.5723877,0.04315186,0.8188324,0.5723877,0.04315186,0.8188324,5.233475,5.233475,True,True,True
1616724,63779589499742,-13.60124,2.586625,-0.04117328,-0.07404543,0.8081235,0.04333863,-0.5827311,0.00602385,0.002853089,-0.02398451,0.5772095,0.02053833,0.81633,0.02772009,0.002400406,-0.02257691,0.02772009,0.002400406,-0.02257691,0.5730133,0.04269409,0.8184204,0.5730133,0.04269409,0.8184204,5.230408,5.230408,True,True,True
1616732,63779589499752,-13.6013,2.586621,-0.04118222,-0.07382797,0.8081494,0.04333726,-0.5827228,0.005799378,0.002865677,-0.0239953,0.5753326,0.01689148,0.8177338,0.02770708,0.002412461,-0.02257164,0.02770708,0.002412461,-0.02257164,0.5704193,0.03782654,0.8204651,0.5704193,0.03782654,0.8204651,5.321075,5.321075,True,True,True
1616741,63779589499763,-13.60134,2.586611,-0.04119086,-0.07347843,0.8081779,0.04327179,-0.5827323,0.005632767,0.002866776,-0.02401675,0.5817566,0.009658813,0.8132935,0.02770694,0.002405334,-0.02258164,0.02770694,0.002405334,-0.02258164,0.5815277,0.02630615,0.8130798,0.5815277,0.02630615,0.8130798,5.294601,5.294601,True,True,True
1616749,63779589499774,-13.60141,2.586586,-0.0411858,-0.07331286,0.8082044,0.04315107,-0.5827255,0.003893601,0.002817917,-0.0241189,0.5670776,0.02075195,0.8233948,0.02770647,0.002315903,-0.0225714,0.02770647,0.002315903,-0.0225714,0.557724,0.04347229,0.8288727,0.557724,0.04347229,0.8288727,5.146255,5.146255,True,True,True
1616757,63779589499774,-13.60141,2.586586,-0.0411858,-0.07331286,0.8082044,0.04315107,-0.5827255,0.004878433,0.002608795,-0.02401781,0.5768585,-0.01368713,0.8167114,0.02780147,0.002100678,-0.02254065,0.02780147,0.002100678,-0.02254065,0.5793304,0.002105713,0.8150787,0.5793304,0.002105713,0.8150787,5.379166,5.379166,True,True,True
1616766,63779589499785,-13.60149,2.586539,-0.04122478,-0.07327756,0.8081997,0.04297621,-0.5827494,0.003495346,0.002366165,-0.02401872,0.5614929,-0.06719971,0.8247375,0.02789836,0.00182428,-0.02244069,0.02789836,0.00182428,-0.02244069,0.5595856,-0.06280518,0.8263702,0.5595856,-0.06280518,0.8263702,5.41008,5.41008,True,True,True
1616774,63779589499797,-13.60154,2.586436,-0.04126483,-0.07355786,0.8082411,0.04261732,-0.5826829,0.01044469,0.001929413,-0.0235101,0.5411682,-0.1328125,0.8303528,0.02796849,0.00152504,-0.0223909,0.02796849,0.00152504,-0.0223909,0.539917,-0.1231842,0.8326416,0.539917,-0.1231842,0.8326416,5.316086,5.316086,True,True,True
1616783,63779589499808,-13.60164,2.586341,-0.04134715,-0.07391804,0.8081818,0.04223324,-0.5827475,0.01411511,0.001564652,-0.0232529,0.5196381,-0.1787262,0.8354645,0.02803591,0.001235474,-0.02237035,0.02803591,0.001235474,-0.02237035,0.5185699,-0.1723022,0.8374786,0.5185699,-0.1723022,0.8374786,5.223984,5.223984,True,True,True
1616791,63779589499808,-13.60164,2.586341,-0.04134715,-0.07391804,0.8081818,0.04223324,-0.5827475,0.01781354,0.001246002,-0.02302027,0.5036926,-0.2334442,0.8317261,0.02815349,0.001002945,-0.02236939,0.02815349,0.001002945,-0.02236939,0.5039368,-0.2330627,0.8316956,0.5039368,-0.2330627,0.8316956,5.212814,5.212814,True,True,True
1616799,63779589499818,-13.6017,2.586235,-0.04138541,-0.07430857,0.8082845,0.0415975,-0.5826011,0.01988988,0.001022217,-0.02287148,0.4808502,-0.2697144,0.8342743,0.02830008,0.0008316041,-0.02234377,0.02830008,0.0008316041,-0.02234377,0.4818878,-0.269928,0.8336029,0.4818878,-0.269928,0.8336029,5.100067,5.100067,True,True,True
1616807,63779589499830,-13.60174,2.586083,-0.04145938,-0.07486803,0.8083491,0.04071671,-0.5825022,0.02199593,0.0008404999,-0.02272,0.4671173,-0.3134003,0.8267822,0.02842313,0.0006959687,-0.02231845,0.02842313,0.0006959687,-0.02231845,0.4684601,-0.3125,0.826355,0.4684601,-0.3125,0.826355,5.15361,5.15361,True,True,True
1616816,63779589499841,-13.60184,2.585873,-0.04148102,-0.07535332,0.8084434,0.03965171,-0.5823822,0.02140234,0.0007819367,-0.02271836,0.4424286,-0.3640442,0.8195648,0.02854001,0.0006288452,-0.02227042,0.02854001,0.0006288452,-0.02227042,0.4442444,-0.3660583,0.8177032,0.4442444,-0.3660583,0.8177032,5.199173,5.199173,True,True,True
1616824,63779589499841,-13.60184,2.585873,-0.04148102,-0.07535332,0.8084434,0.03965171,-0.5823822,0.02134598,0.0006594849,-0.02271846,0.4219971,-0.3849945,0.8207855,0.02865256,0.0004994355,-0.02226125,0.02865256,0.0004994355,-0.02226125,0.4229584,-0.3863068,0.8196564,0.4229584,-0.3863068,0.8196564,5.178513,5.178513,True,True,True
1616832,63779589499852,-13.60206,2.58574,-0.04150182,-0.0759212,0.8084689,0.03862467,-0.582342,0.01874626,0.0006255493,-0.02289662,0.4120026,-0.4048615,0.8162842,0.02874664,0.0004057923,-0.02227347,0.02874664,0.0004057923,-0.02227347,0.4136505,-0.4067078,0.8145294,0.4136505,-0.4067078,0.8145294,5.205902,5.205902,True,True,True
1616841,63779589499863,-13.60217,2.585473,-0.04156095,-0.07665543,0.8084406,0.03739794,-0.5823652,0.01656841,0.0005630951,-0.02305377,0.401413,-0.414856,0.8165436,0.02878299,0.0002836914,-0.02230029,0.02878299,0.0002836914,-0.02230029,0.4052124,-0.4134064,0.8153992,0.4052124,-0.4134064,0.8153992,5.168381,5.168381,True,True,True
1616849,63779589499874,-13.60227,2.585258,-0.04159772,-0.07756897,0.8084641,0.03626207,-0.5822835,0.01374492,0.0005916901,-0.02323485,0.3978119,-0.4206238,0.8153534,0.02881346,0.0002492676,-0.02230202,0.02881346,0.0002492676,-0.02230202,0.4008636,-0.4178009,0.8153076,0.4008636,-0.4178009,0.8153076,5.211105,5.211105,True,True,True
1616857,63779589499874,-13.60227,2.585258,-0.04159772,-0.07756897,0.8084641,0.03626207,-0.5822835,0.01198697,0.000615799,-0.02335199,0.3970642,-0.4244995,0.8137054,0.02882333,0.000239563,-0.02231104,0.02882333,0.000239563,-0.02231104,0.4028168,-0.4208069,0.8128052,0.4028168,-0.4208069,0.8128052,5.230331,5.230331,True,True,True
1616866,63779589499885,-13.60232,2.584984,-0.04161501,-0.07844399,0.8085231,0.03497402,-0.5821632,0.01165955,0.0006433716,-0.02336684,0.3994598,-0.4234772,0.8130646,0.02885204,0.0002593231,-0.02230457,0.02885204,0.0002593231,-0.02230457,0.4066315,-0.4193268,0.8116608,0.4066315,-0.4193268,0.8116608,5.193817,5.193817,True,True,True
1616874,63779589499896,-13.60241,2.584692,-0.0417006,-0.07947855,0.8084324,0.03372547,-0.5822225,0.009128281,0.0007527161,-0.02349416,0.3973236,-0.4364929,0.8072052,0.02885257,0.0003275604,-0.0222665,0.02885257,0.0003275604,-0.0222665,0.4053802,-0.4382629,0.8022308,0.4053802,-0.4382629,0.8022308,5.211975,5.211975,True,True,True
1616882,63779589499907,-13.60253,2.584376,-0.04178625,-0.08045208,0.8083684,0.03209702,-0.5822695,0.00915445,0.0007528229,-0.02348303,0.3911591,-0.4376678,0.8095856,0.02886282,0.0003220215,-0.02225339,0.02886282,0.0003220215,-0.02225339,0.3956604,-0.4410553,0.805542,0.3956604,-0.4410553,0.805542,5.184998,5.184998,True,True,True
1616891,63779589499907,-13.60253,2.584376,-0.04178625,-0.08045208,0.8083684,0.03209702,-0.5822695,0.008682816,0.0007585297,-0.02351711,0.3889771,-0.4329224,0.8131714,0.0288734,0.0003078003,-0.0222657,0.0288734,0.0003078003,-0.0222657,0.3977051,-0.4248505,0.8132019,0.3977051,-0.4248505,0.8132019,5.152283,5.152283,True,True,True
1616899,63779589499918,-13.60266,2.584016,-0.04186863,-0.08150405,0.8084172,0.03058761,-0.5821368,0.006638428,0.0008110657,-0.02366007,0.4011383,-0.4320831,0.8076935,0.02889244,0.0003114929,-0.02228302,0.02889244,0.0003114929,-0.02228302,0.4104919,-0.4349823,0.8014221,0.4104919,-0.4349823,0.8014221,5.222946,5.222946,True,True,True
1616907,63779589499929,-13.60277,2.58368,-0.04196388,-0.08257651,0.8084135,0.02845761,-0.5820988,0.007099915,0.0008129578,-0.02361601,0.3922729,-0.4357147,0.8100891,0.02891377,0.000322937,-0.02227361,0.02891377,0.000322937,-0.02227361,0.4086761,-0.4309082,0.8045349,0.4086761,-0.4309082,0.8045349,5.175507,5.175507,True,True,True
1616916,63779589499941,-13.60291,2.583241,-0.04206485,-0.08361569,0.8084805,0.02609177,-0.5819682,0.007250931,0.0008259583,-0.0235972,0.3902283,-0.4306183,0.813797,0.02892558,0.0003391571,-0.02226048,0.02892558,0.0003391571,-0.02226048,0.4039154,-0.42836,0.8082886,0.4039154,-0.42836,0.8082886,5.135254,5.135254,True,True,True
1616924,63779589499941,-13.60291,2.583241,-0.04206485,-0.08361569,0.8084805,0.02609177,-0.5819682,0.007850617,0.0008262787,-0.02355017,0.3861847,-0.430191,0.8159485,0.02891889,0.0003566742,-0.02224979,0.02891889,0.0003566742,-0.02224979,0.4002228,-0.4254456,0.8116608,0.4002228,-0.4254456,0.8116608,5.148956,5.148956,True,True,True
1616932,63779589499951,-13.60311,2.582838,-0.04212987,-0.08472282,0.8084397,0.02338738,-0.5819798,0.008345276,0.0008319855,-0.023515,0.3891602,-0.4238892,0.8178406,0.02892081,0.0003787232,-0.02224587,0.02892081,0.0003787232,-0.02224587,0.4045715,-0.420105,0.8122864,0.4045715,-0.420105,0.8122864,5.188339,5.188339,True,True,True
1616941,63779589499962,-13.60327,2.582259,-0.04221195,-0.08619668,0.8083145,0.02002534,-0.5820626,0.008514817,0.0008398743,-0.02350409,0.3903351,-0.4274902,0.8153992,0.02892339,0.0003947144,-0.02223779,0.02892339,0.0003947144,-0.02223779,0.4008789,-0.4272614,0.810379,0.4008789,-0.4272614,0.810379,5.159836,5.159836,True,True,True
1616949,63779589499974,-13.60342,2.581623,-0.04224896,-0.08813784,0.8079824,0.01649539,-0.5823436,0.007958405,0.0008613892,-0.02352698,0.3826904,-0.4250488,0.820282,0.02891538,0.0004117432,-0.02222165,0.02891538,0.0004117432,-0.02222165,0.3929749,-0.4225311,0.8167114,0.3929749,-0.4225311,0.8167114,5.228561,5.228561,True,True,True
1616957,63779589499974,-13.60342,2.581623,-0.04224896,-0.08813784,0.8079824,0.01649539,-0.5823436,0.007294571,0.0008805695,-0.02355875,0.3749847,-0.4198761,0.8264771,0.02891281,0.000421936,-0.02220821,0.02891281,0.000421936,-0.02220821,0.3849945,-0.413147,0.8252716,0.3849945,-0.413147,0.8252716,5.1716,5.1716,True,True,True
1616966,63779589499985,-13.60361,2.580774,-0.04220527,-0.09090513,0.8073716,0.01245077,-0.5828655,0.006146058,0.0009206696,-0.02363133,0.3819885,-0.4254913,0.8203735,0.0289207,0.0004512482,-0.02220792,0.0289207,0.0004512482,-0.02220792,0.3946991,-0.4213257,0.8164978,0.3946991,-0.4213257,0.8164978,5.185165,5.185165,True,True,True
1616974,63779589499996,-13.60385,2.579874,-0.04204124,-0.09388414,0.8065491,0.008090076,-0.5836085,0.005149979,0.0009561768,-0.02368213,0.3751984,-0.4250031,0.823761,0.0289135,0.0004796143,-0.02219016,0.0289135,0.0004796143,-0.02219016,0.3871307,-0.4215698,0.8199921,0.3871307,-0.4215698,0.8199921,5.161301,5.161301,True,True,True
1616982,63779589500007,-13.60411,2.578816,-0.04198253,-0.0975539,0.8055372,0.003503547,-0.5844491,0.001452957,0.001038178,-0.02390465,0.3783569,-0.4317017,0.8188171,0.02896227,0.0005016022,-0.02217874,0.02896227,0.0005016022,-0.02217874,0.3995972,-0.4329376,0.8079987,0.3995972,-0.4329376,0.8079987,5.152237,5.152237,True,True,True
1616991,63779589500007,-13.60411,2.578816,-0.04198253,-0.0975539,0.8055372,0.003503547,-0.5844491,0.00549585,0.0008756867,-0.02368627,0.3803558,-0.4282074,0.8197327,0.02896387,0.0003911286,-0.0222255,0.02896387,0.0003911286,-0.0222255,0.3960724,-0.4230499,0.8149414,0.3960724,-0.4230499,0.8149414,5.198044,5.198044,True,True,True
1616999,63779589500018,-13.60438,2.577793,-0.04188675,-0.1012237,0.8044567,-0.00123729,-0.5853219,0.004163529,0.0009046784,-0.02375293,0.3716583,-0.4497986,0.8121033,0.028989,0.0004101563,-0.02219002,0.028989,0.0004101563,-0.02219002,0.381424,-0.4526825,0.805954,0.381424,-0.4526825,0.805954,5.185257,5.185257,True,True,True
1617007,63779589500029,-13.60469,2.576627,-0.04186738,-0.105028,0.8033578,-0.006738621,-0.5861229,0.008000168,0.0007725068,-0.02353446,0.3693237,-0.4372406,0.8199921,0.02901323,0.0003186951,-0.0222332,0.02901323,0.0003186951,-0.0222332,0.3785706,-0.4350281,0.8169556,0.3785706,-0.4350281,0.8169556,5.27829,5.27829,True,True,True
1617016,63779589500041,-13.60503,2.575469,-0.04186928,-0.1088767,0.8023687,-0.0125665,-0.586679,0.006908616,0.0008315735,-0.02357207,0.3638611,-0.4516907,0.8145905,0.02904273,0.0003717194,-0.02219426,0.02904273,0.0003717194,-0.02219426,0.374649,-0.4560242,0.807251,0.374649,-0.4560242,0.807251,5.23851,5.23851,True,True,True
1617024,63779589500041,-13.60503,2.575469,-0.04186928,-0.1088767,0.8023687,-0.0125665,-0.586679,0.003226563,0.0008988801,-0.02378482,0.3455658,-0.4357452,0.8310699,0.02908754,0.0003294525,-0.02217734,0.02908754,0.0003294525,-0.02217734,0.3515625,-0.4220276,0.8356323,0.3515625,-0.4220276,0.8356323,5.393463,5.393463,True,True,True
1617032,63779589500051,-13.60532,2.574282,-0.04191679,-0.1126093,0.8015707,-0.0189956,-0.5868924,0.006338517,0.0008446351,-0.02355852,0.3365326,-0.4303284,0.8375854,0.02912728,0.000348114,-0.02215408,0.02912728,0.000348114,-0.02215408,0.3474731,-0.4245911,0.8360443,0.3474731,-0.4245911,0.8360443,5.453903,5.453903,True,True,True
1617041,63779589500063,-13.60564,2.573037,-0.04210734,-0.1159997,0.8010885,-0.02590181,-0.5866262,0.007335145,0.0009358063,-0.02340882,0.2993164,-0.4594574,0.8362274,0.02909087,0.0004982758,-0.02202846,0.02909087,0.0004982758,-0.02202846,0.2984314,-0.4658356,0.8330078,0.2984314,-0.4658356,0.8330078,5.355515,5.355515,True,True,True
1617049,63779589500074,-13.60593,2.571823,-0.04236364,-0.118992,0.8007788,-0.03278589,-0.5861051,0.01132283,0.0008530731,-0.02316144,0.2754364,-0.454422,0.8471222,0.02900028,0.0004969025,-0.02204109,0.02900028,0.0004969025,-0.02204109,0.2479858,-0.4702911,0.8469391,0.2479858,-0.4702911,0.8469391,5.390305,5.390305,True,True,True
1617057,63779589500074,-13.60593,2.571823,-0.04236364,-0.118992,0.8007788,-0.03278589,-0.5861051,-0.02816527,0.001656708,-0.0256216,0.2952423,-0.4355469,0.8503571,0.02940283,0.0003583069,-0.02205391,0.02940283,0.0003583069,-0.02205391,0,0,0,0,0,0,-1,-1,True,True,True
1617066,63779589500085,-13.60629,2.570585,-0.04269505,-0.1216298,0.8006871,-0.03942482,-0.5852796,-0.02904887,0.001505249,-0.02556052,0.06945801,-0.4301758,0.9000549,0.02931597,0.0004341126,-0.02212367,0.02931597,0.0004341126,-0.02212367,0,0,0,0,0,0,-1,-1,True,True,True
1617074,63779589500096,-13.60657,2.569407,-0.0430668,-0.1241006,0.8006035,-0.0451835,-0.5844582,-0.02869298,0.00193309,-0.02540708,0.08491516,-0.5618591,0.8228455,0.02937985,0.0004016266,-0.02204476,0.02937985,0.0004016266,-0.02204476,0,0,0,0,0,0,-1,-1,True,True,True
1617082,63779589500107,-13.60685,2.568346,-0.04346454,-0.1264014,0.8002855,-0.05034591,-0.5839786,-0.02868341,0.001736176,-0.025403,0.02597046,-0.5860138,0.8098755,0.02945604,0.0001557007,-0.0221205,0.02945604,0.0001557007,-0.0221205,0,0,0,0,0,0,-1,-1,True,True,True
1617091,63779589500107,-13.60685,2.568346,-0.04346454,-0.1264014,0.8002855,-0.05034591,-0.5839786,-0.001,-0.001,-0.001,1,-1,-1,0.03466606,-0.0007113037,-0.02445662,0.03466606,-0.0007113037,-0.02445662,0,0,0,0,0,0,-1,-1,False,True,True
1617099,63779589500118,-13.60714,2.5674,-0.04378289,-0.1288455,0.7999083,-0.05525588,-0.5835172,-0.001,-0.001,-0.001,1,-1,-1,0.03476624,-0.0007662659,-0.0246827,0.03476624,-0.0007662659,-0.0246827,0,0,0,0,0,0,-1,-1,False,True,True
1617107,63779589500129,-13.60737,2.566505,-0.04412585,-0.1311161,0.7997007,-0.06016077,-0.5828106,-0.001,-0.001,-0.001,1,-1,-1,0.03413773,-0.0007878571,-0.02424997,0.03413773,-0.0007878571,-0.02424997,0,0,0,0,0,0,-1,-1,False,True,True
1617116,63779589500140,-13.60758,2.565612,-0.04446602,-0.1330265,0.7997532,-0.06501781,-0.5817831,-0.001,-0.001,-0.001,1,-1,-1,0.0341402,-0.000734665,-0.02382498,0.0341402,-0.000734665,-0.02382498,0,0,0,0,0,0,-1,-1,False,True,True
1617124,63779589500140,-13.60758,2.565612,-0.04446602,-0.1330265,0.7997532,-0.06501781,-0.5817831,-0.001,-0.001,-0.001,1,-1,-1,0.03015759,-0.0004180451,-0.02225736,0.03015759,-0.0004180451,-0.02225736,0,0,0,0,0,0,-1,-1,False,True,True
1617132,63779589500152,-13.60785,2.564742,-0.0447948,-0.134362,0.7998014,-0.06958686,-0.5808805,-0.001,-0.001,-0.001,1,-1,-1,0.0301393,-0.0005873871,-0.02228205,0.0301393,-0.0005873871,-0.02228205,0,0,0,0,0,0,-1,-1,False,True,True
1617141,63779589500163,-13.60808,2.564012,-0.04502118,-0.1354399,0.7997636,-0.07332072,-0.5802227,-0.001,-0.001,-0.001,1,-1,-1,0.0309491,0.0001987763,-0.02210646,0.0309491,0.0001987763,-0.02210646,0,0,0,0,0,0,-1,-1,False,True,True
1617149,63779589500174,-13.60839,2.563295,-0.04529119,-0.1367107,0.7995059,-0.07649489,-0.5798699,-0.001,-0.001,-0.001,1,-1,-1,0.03013962,-0.0004507294,-0.02227821,0.03013962,-0.0004507294,-0.02227821,0,0,0,0,0,0,-1,-1,False,True,True
1617157,63779589500174,-13.60839,2.563295,-0.04529119,-0.1367107,0.7995059,-0.07649489,-0.5798699,-0.001,-0.001,-0.001,1,-1,-1,0.02997399,-0.0002832794,-0.02221739,0.02997399,-0.0002832794,-0.02221739,0,0,0,0,0,0,-1,-1,False,True,True
1617166,63779589500185,-13.6086,2.562683,-0.04545736,-0.1381809,0.7992594,-0.07867718,-0.5795692,-0.001,-0.001,-0.001,1,-1,-1,0.03064791,-0.0001049652,-0.02212857,0.03064791,-0.0001049652,-0.02212857,0,0,0,0,0,0,-1,-1,False,True,True
1617174,63779589500196,-13.60878,2.562131,-0.04569125,-0.1400882,0.7989254,-0.08081873,-0.5792769,-0.001,-0.001,-0.001,1,-1,-1,0.02988504,-0.001321442,-0.02257987,0.02988504,-0.001321442,-0.02257987,0,0,0,0,0,0,-1,-1,False,True,True
1617182,63779589500208,-13.60891,2.561683,-0.04589498,-0.1421041,0.7986231,-0.08279881,-0.578923,-0.001,-0.001,-0.001,1,-1,-1,0.02987532,-0.0001724396,-0.02229894,0.02987532,-0.0001724396,-0.02229894,0,0,0,0,0,0,-1,-1,False,True,True
1617191,63779589500208,-13.60891,2.561683,-0.04589498,-0.1421041,0.7986231,-0.08279881,-0.578923,-0.001,-0.001,-0.001,1,-1,-1,0.03004903,-0.000650116,-0.02241081,0.03004903,-0.000650116,-0.02241081,0,0,0,0,0,0,-1,-1,False,True,True
1617199,63779589500219,-13.60902,2.561221,-0.04608244,-0.1437925,0.7985259,-0.08495418,-0.5783278,-0.001,-0.001,-0.001,1,-1,-1,0.02997161,-0.0002476349,-0.02235536,0.02997161,-0.0002476349,-0.02235536,0,0,0,0,0,0,-1,-1,False,True,True
1617207,63779589500230,-13.60916,2.560765,-0.04625171,-0.1452507,0.79848,-0.08725867,-0.5776832,-0.001,-0.001,-0.001,1,-1,-1,0.03011194,-0.0003878479,-0.02236273,0.03011194,-0.0003878479,-0.02236273,0,0,0,0,0,0,-1,-1,False,True,True
1617216,63779589500240,-13.60931,2.560348,-0.0464229,-0.1460496,0.7986431,-0.08931872,-0.576941,-0.001,-0.001,-0.001,1,-1,-1,0.02965953,0.0001891174,-0.0221053,0.02965953,0.0001891174,-0.0221053,0,0,0,0,0,0,-1,-1,False,True,True
1617224,63779589500240,-13.60931,2.560348,-0.0464229,-0.1460496,0.7986431,-0.08931872,-0.576941,-0.001,-0.001,-0.001,1,-1,-1,0.03052097,-0.002596588,-0.02311835,0.03052097,-0.002596588,-0.02311835,0,0,0,0,0,0,-1,-1,False,True,True
1617232,63779589500252,-13.60965,2.560026,-0.04663759,-0.146612,0.7989135,-0.09105962,-0.5761513,-0.02671713,0.0005238953,-0.02581433,0.1154327,-0.5913391,0.798111,0.03107141,-0.001870499,-0.02290657,0.03107141,-0.001870499,-0.02290657,0.3859863,-0.3217621,0.864563,0.3859863,-0.3217621,0.864563,4.93425,4.93425,True,True,True
1617241,63779589500263,-13.60977,2.559834,-0.0468151,-0.1471473,0.7992049,-0.09225939,-0.5754192,-0.02693105,0.0006289673,-0.02579033,0.1131744,-0.6177368,0.778183,0.03018372,-0.0005994873,-0.02245207,0.03018372,-0.0005994873,-0.02245207,0,0,0,0,0,0,-1,-1,True,True,True
1617249,63779589500274,-13.60984,2.559561,-0.04705989,-0.1478867,0.7994302,-0.09357688,-0.5747036,-0.001,-0.001,-0.001,1,-1,-1,0.03048548,-0.0005872803,-0.02240428,0.03048548,-0.0005872803,-0.02240428,0,0,0,0,0,0,-1,-1,False,True,True
1617257,63779589500274,-13.60984,2.559561,-0.04705989,-0.1478867,0.7994302,-0.09357688,-0.5747036,-0.001,-0.001,-0.001,1,-1,-1,0.03023195,-0.0005878296,-0.02242711,0.03023195,-0.0005878296,-0.02242711,0,0,0,0,0,0,-1,-1,False,True,True
1617266,63779589500285,-13.60996,2.559374,-0.0473339,-0.1489041,0.7997282,-0.09490769,-0.5738074,-0.001,-0.001,-0.001,1,-1,-1,0.03031294,-0.0004685364,-0.02238803,0.03031294,-0.0004685364,-0.02238803,0,0,0,0,0,0,-1,-1,False,True,True
1617274,63779589500296,-13.60997,2.559103,-0.04766393,-0.1498801,0.8001004,-0.09653808,-0.5727614,-0.001,-0.001,-0.001,1,-1,-1,0.0306369,-0.000367096,-0.02231181,0.0306369,-0.000367096,-0.02231181,0,0,0,0,0,0,-1,-1,False,True,True
1617282,63779589500307,-13.60999,2.55884,-0.04796779,-0.1505947,0.8007241,-0.09858938,-0.5713513,-0.001,-0.001,-0.001,1,-1,-1,0.03061788,-0.0003686982,-0.02230373,0.03061788,-0.0003686982,-0.02230373,0,0,0,0,0,0,-1,-1,False,True,True
1617291,63779589500307,-13.60999,2.55884,-0.04796779,-0.1505947,0.8007241,-0.09858938,-0.5713513,-0.001,-0.001,-0.001,1,-1,-1,0.03061139,-0.000367096,-0.0222959,0.03061139,-0.000367096,-0.0222959,0,0,0,0,0,0,-1,-1,False,True,True
1617299,63779589500318,-13.60997,2.55852,-0.04837275,-0.1510124,0.8014534,-0.1008277,-0.5698259,-0.001,-0.001,-0.001,1,-1,-1,0.03061041,-0.0003651428,-0.02229578,0.03061041,-0.0003651428,-0.02229578,0,0,0,0,0,0,-1,-1,False,True,True
1617307,63779589500329,-13.60997,2.558172,-0.0487321,-0.1511586,0.8022791,-0.1031678,-0.568204,-0.02688632,0.0006800385,-0.0258091,0.08712769,-0.6308136,0.7710114,0.03060944,-0.000367096,-0.0222959,0.03060944,-0.000367096,-0.0222959,0,0,0,0,0,0,-1,-1,True,True,True
1617316,63779589500340,-13.61001,2.557899,-0.04914224,-0.151355,0.8031606,-0.1055771,-0.5664611,-0.001,-0.001,-0.001,1,-1,-1,0.03060414,-0.0003686982,-0.02230385,0.03060414,-0.0003686982,-0.02230385,0,0,0,0,0,0,-1,-1,False,True,True
1617324,63779589500340,-13.61001,2.557899,-0.04914224,-0.151355,0.8031606,-0.1055771,-0.5664611,-0.0269328,0.000683609,-0.02577957,0.09552002,-0.6070251,0.7889099,0.03065088,-0.0004441681,-0.02229324,0.03065088,-0.0004441681,-0.02229324,0,0,0,0,0,0,-1,-1,True,True,True
1617332,63779589500352,-13.61001,2.557499,-0.04951054,-0.1516438,0.8039931,-0.1079877,-0.5647458,0.003599228,4.776001E-06,-0.02397516,0.1383514,-0.6000824,0.7878723,0.03043231,-0.0005969696,-0.02238796,0.03043231,-0.0005969696,-0.02238796,0.1494141,-0.6055145,0.7816772,0.1494141,-0.6055145,0.7816772,5.040497,5.040497,True,True,True
1617341,63779589500364,-13.60999,2.557034,-0.04995459,-0.1522577,0.804648,-0.1105442,-0.5631512,0.01102065,-0.0001467743,-0.02351924,0.1376648,-0.5885162,0.7966614,0.03042415,-0.000591156,-0.02236659,0.03042415,-0.000591156,-0.02236659,0.1443634,-0.586441,0.7970123,0.1443634,-0.586441,0.7970123,5.17984,5.17984,True,True,True
1617349,63779589500374,-13.60994,2.556551,-0.05039436,-0.1531035,0.8052275,-0.1134444,-0.5615144,0.01264089,-0.000193161,-0.02343118,0.1540985,-0.588623,0.7935791,0.03048461,-0.0006130219,-0.02237647,0.03048461,-0.0006130219,-0.02237647,0.1654358,-0.5888367,0.7911224,0.1654358,-0.5888367,0.7911224,5.044632,5.044632,True,True,True
1617357,63779589500374,-13.60994,2.556551,-0.05039436,-0.1531035,0.8052275,-0.1134444,-0.5615144,0.01108855,-0.0001401215,-0.02353128,0.1579437,-0.5985107,0.7853851,0.03041574,-0.0005903626,-0.02239275,0.03041574,-0.0005903626,-0.02239275,0.1716309,-0.5994568,0.7817688,0.1716309,-0.5994568,0.7817688,4.967499,4.967499,True,True,True
1617366,63779589500385,-13.60995,2.556044,-0.05089891,-0.1541579,0.8057793,-0.1170561,-0.5596901,0.002233444,-3.215027E-05,-0.02410785,0.1737671,-0.5960846,0.7838745,0.03045377,-0.0007087403,-0.02245322,0.03045377,-0.0007087403,-0.02245322,0.2146301,-0.5882416,0.7796783,0.2146301,-0.5882416,0.7796783,5.143021,5.143021,True,True,True
1617374,63779589500396,-13.60983,2.555392,-0.05138355,-0.1555028,0.8063639,-0.1213505,-0.5575573,-0.001,-0.001,-0.001,1,-1,-1,0.03030035,-0.0007811738,-0.0225707,0.03030035,-0.0007811738,-0.0225707,0,0,0,0,0,0,-1,-1,False,True,True
1617382,63779589500407,-13.60967,2.554453,-0.051875,-0.1572354,0.8069386,-0.1268265,-0.5550154,-0.001,-0.001,-0.001,1,-1,-1,0.03008473,-0.001064591,-0.02267252,0.03008473,-0.001064591,-0.02267252,0,0,0,0,0,0,-1,-1,False,True,True
1617391,63779589500407,-13.60967,2.554453,-0.051875,-0.1572354,0.8069386,-0.1268265,-0.5550154,-0.001,-0.001,-0.001,1,-1,-1,0.03000037,-0.00109552,-0.02274904,0.03000037,-0.00109552,-0.02274904,0,0,0,0,0,0,-1,-1,False,True,True
1617399,63779589500418,-13.60955,2.553486,-0.05236691,-0.1589888,0.807479,-0.1328758,-0.5523081,-0.001,-0.001,-0.001,1,-1,-1,0.03005855,-0.0009666138,-0.02280681,0.03005855,-0.0009666138,-0.02280681,0,0,0,0,0,0,-1,-1,False,True,True
1617407,63779589500430,-13.6095,2.552335,-0.05285436,-0.1605826,0.8080708,-0.1386217,-0.5495626,-0.001,-0.001,-0.001,1,-1,-1,0.02998899,-0.0009967652,-0.02279865,0.02998899,-0.0009967652,-0.02279865,0,0,0,0,0,0,-1,-1,False,True,True
1617415,63779589500442,-13.60956,2.551145,-0.05339754,-0.1622347,0.8083623,-0.1443344,-0.5471727,-0.001,-0.001,-0.001,1,-1,-1,0.02985515,-0.001103439,-0.02286533,0.02985515,-0.001103439,-0.02286533,0,0,0,0,0,0,-1,-1,False,True,True
1617424,63779589500442,-13.60956,2.551145,-0.05339754,-0.1622347,0.8083623,-0.1443344,-0.5471727,-0.001,-0.001,-0.001,1,-1,-1,0.02996346,-0.001106201,-0.02288823,0.02996346,-0.001106201,-0.02288823,0,0,0,0,0,0,-1,-1,False,True,True
1617432,63779589500453,-13.60963,2.549996,-0.05392772,-0.1640227,0.8083435,-0.1501251,-0.5451054,-0.001,-0.001,-0.001,1,-1,-1,0.02991304,-0.001104492,-0.02288106,0.02991304,-0.001104492,-0.02288106,0,0,0,0,0,0,-1,-1,False,True,True
1617440,63779589500464,-13.60967,2.548785,-0.05443341,-0.1658867,0.8082911,-0.1565065,-0.5428193,-0.001,-0.001,-0.001,1,-1,-1,0.029903,-0.0010849,-0.02286577,0.029903,-0.0010849,-0.02286577,0,0,0,0,0,0,-1,-1,False,True,True
1617449,63779589500475,-13.60973,2.547565,-0.05493855,-0.1678271,0.8082865,-0.1628992,-0.5403435,-0.001,-0.001,-0.001,1,-1,-1,0.02965376,-0.001129837,-0.02286629,0.02965376,-0.001129837,-0.02286629,0,0,0,0,0,0,-1,-1,False,True,True
1617457,63779589500475,-13.60973,2.547565,-0.05493855,-0.1678271,0.8082865,-0.1628992,-0.5403435,-0.001,-0.001,-0.001,1,-1,-1,0.02980777,-0.00100351,-0.02283501,0.02980777,-0.00100351,-0.02283501,0,0,0,0,0,0,-1,-1,False,True,True
1617465,63779589500486,-13.60973,2.546258,-0.05546063,-0.1695897,0.8081511,-0.1698664,-0.5378444,-0.001,-0.001,-0.001,1,-1,-1,0.02985625,-0.0009663239,-0.02274785,0.02985625,-0.0009663239,-0.02274785,0,0,0,0,0,0,-1,-1,False,True,True
1617474,63779589500497,-13.60971,2.544937,-0.05589151,-0.1709445,0.8080376,-0.1761994,-0.5355437,-0.001,-0.001,-0.001,1,-1,-1,0.02989125,-0.001066513,-0.02280052,0.02989125,-0.001066513,-0.02280052,0,0,0,0,0,0,-1,-1,False,True,True
1617482,63779589500508,-13.60987,2.543718,-0.05627173,-0.1722402,0.8077202,-0.1816966,-0.5337673,-0.001,-0.001,-0.001,1,-1,-1,0.02975575,-0.000982254,-0.02277779,0.02975575,-0.000982254,-0.02277779,0,0,0,0,0,0,-1,-1,False,True,True
1617490,63779589500508,-13.60987,2.543718,-0.05627173,-0.1722402,0.8077202,-0.1816966,-0.5337673,-0.001,-0.001,-0.001,1,-1,-1,0.02977791,-0.0009038391,-0.02267302,0.02977791,-0.0009038391,-0.02267302,0,0,0,0,0,0,-1,-1,False,True,True
1617499,63779589500520,-13.60997,2.542626,-0.05659741,-0.173234,0.807277,-0.1861263,-0.5325888,-0.001,-0.001,-0.001,1,-1,-1,0.02980263,-0.0007890625,-0.02262912,0.02980263,-0.0007890625,-0.02262912,0,0,0,0,0,0,-1,-1,False,True,True
1617507,63779589500530,-13.61009,2.541637,-0.05693799,-0.1742133,0.8066908,-0.1906009,-0.5315742,-0.001,-0.001,-0.001,1,-1,-1,0.02980647,-0.0007198182,-0.02260063,0.02980647,-0.0007198182,-0.02260063,0,0,0,0,0,0,-1,-1,False,True,True
1617515,63779589500541,-13.61017,2.540758,-0.05725652,-0.1753325,0.8059783,-0.1949977,-0.5306914,-0.001,-0.001,-0.001,1,-1,-1,0.02984551,-0.0006866303,-0.02257356,0.02984551,-0.0006866303,-0.02257356,0,0,0,0,0,0,-1,-1,False,True,True
1617524,63779589500541,-13.61017,2.540758,-0.05725652,-0.1753325,0.8059783,-0.1949977,-0.5306914,-0.001,-0.001,-0.001,1,-1,-1,0.02985887,-0.0006490937,-0.02252513,0.02985887,-0.0006490937,-0.02252513,0,0,0,0,0,0,-1,-1,False,True,True
1617532,63779589500553,-13.61019,2.539896,-0.05753833,-0.1759337,0.8054053,-0.1995516,-0.5296686,-0.02708907,0.0004852295,-0.02593913,0.1821442,-0.5962067,0.7818756,0.02986498,-0.0006142426,-0.02253246,0.02986498,-0.0006142426,-0.02253246,0,0,0,0,0,0,-1,-1,True,True,True
1617540,63779589500564,-13.61027,2.539042,-0.05774426,-0.175943,0.8050328,-0.2042091,-0.5284552,-0.02710321,0.0005082398,-0.025927,0.1677399,-0.5963287,0.7850037,0.02988371,-0.000577118,-0.0224933,0.02988371,-0.000577118,-0.0224933,0,0,0,0,0,0,-1,-1,True,True,True
1617549,63779589500575,-13.61036,2.538222,-0.05793637,-0.1758831,0.8046291,-0.2082422,-0.5275152,-0.02711736,0.00053125,-0.02591489,0.1530762,-0.6086426,0.7785187,0.02990068,-0.0004931183,-0.0224684,0.02990068,-0.0004931183,-0.0224684,0,0,0,0,0,0,-1,-1,True,True,True
1617557,63779589500575,-13.61036,2.538222,-0.05793637,-0.1758831,0.8046291,-0.2082422,-0.5275152,-0.02712157,0.0005443115,-0.02591185,0.1531219,-0.6069641,0.7798309,0.02991779,-0.0004359284,-0.02242623,0.02991779,-0.0004359284,-0.02242623,0,0,0,0,0,0,-1,-1,True,True,True
1617566,63779589500585,-13.6106,2.537566,-0.05815899,-0.1756063,0.8042033,-0.211104,-0.5271191,-0.02712578,0.0005573884,-0.0259088,0.1511688,-0.6056213,0.78125,0.02993613,-0.0003672485,-0.02237825,0.02993613,-0.0003672485,-0.02237825,0,0,0,0,0,0,-1,-1,True,True,True
1617574,63779589500597,-13.61073,2.53698,-0.05830115,-0.1755523,0.8036022,-0.213777,-0.5269767,-0.02712157,0.0005443115,-0.02591185,0.1453247,-0.6072388,0.7810974,0.0299207,-0.0003441773,-0.02238942,0.0299207,-0.0003441773,-0.02238942,0,0,0,0,0,0,-1,-1,True,True,True
1617582,63779589500608,-13.61086,2.536571,-0.05842203,-0.1756258,0.8028365,-0.2159339,-0.5272395,-0.002719712,0.0001942749,-0.02437709,0.171814,-0.6060791,0.7766113,0.02995584,-0.0002918549,-0.0223264,0.02995584,-0.0002918549,-0.0223264,0.2138062,-0.6048126,0.7671204,0.2138062,-0.6048126,0.7671204,5.276398,5.276398,True,True,True
1617591,63779589500608,-13.61086,2.536571,-0.05842203,-0.1756258,0.8028365,-0.2159339,-0.5272395,-0.004543717,0.0002702026,-0.024442,0.155014,-0.5912933,0.7913971,0.02996893,-0.0002695465,-0.02230618,0.02996893,-0.0002695465,-0.02230618,0.2045441,-0.6053314,0.7692261,0.2045441,-0.6053314,0.7692261,5.422241,5.422241,True,True,True
1617599,63779589500619,-13.611,2.536193,-0.05852729,-0.175848,0.8021672,-0.2182566,-0.5272279,-0.003895554,0.0002801666,-0.02439992,0.1827698,-0.5822296,0.7921906,0.02995543,-0.0002643738,-0.0223075,0.02995543,-0.0002643738,-0.0223075,0.2099762,-0.6053772,0.7677155,0.2099762,-0.6053772,0.7677155,5.318283,5.318283,True,True,True
1617607,63779589500630,-13.61107,2.535779,-0.05861777,-0.1758986,0.8015585,-0.2204612,-0.5272197,-0.0002257385,0.0002382355,-0.02416225,0.1880951,-0.5806122,0.7921448,0.029944,-0.0002592011,-0.02230701,0.029944,-0.0002592011,-0.02230701,0.2112274,-0.6057892,0.7670593,0.2112274,-0.6057892,0.7670593,5.21286,5.21286,True,True,True
1617616,63779589500641,-13.61123,2.535421,-0.05870652,-0.1755635,0.8010498,-0.2229399,-0.5270623,0.001929291,0.0002220764,-0.02403357,0.1872253,-0.5909882,0.7846375,0.02994296,-0.0002565765,-0.02230659,0.02994296,-0.0002565765,-0.02230659,0.2043152,-0.6053467,0.7692871,0.2043152,-0.6053467,0.7692871,5.297791,5.297791,True,True,True
1617624,63779589500641,-13.61123,2.535421,-0.05870652,-0.1755635,0.8010498,-0.2229399,-0.5270623,0.003154068,0.0002172394,-0.02395616,0.1603088,-0.6097107,0.7762299,0.02994193,-0.0002539521,-0.02230618,0.02994193,-0.0002539521,-0.02230618,0.1980743,-0.6047211,0.7713928,0.1980743,-0.6047211,0.7713928,5.38298,5.38298,True,True,True
1617632,63779589500652,-13.61129,2.534999,-0.05878103,-0.1752937,0.8007025,-0.2251412,-0.526744,0.01177069,5.714417E-05,-0.02340741,0.187439,-0.594162,0.7821808,0.02993669,-0.0002565765,-0.02228485,0.02993669,-0.0002565765,-0.02228485,0.2036743,-0.6020813,0.7720032,0.2036743,-0.6020813,0.7720032,5.348114,5.348114,True,True,True
1617641,63779589500664,-13.61144,2.534643,-0.05884331,-0.1749286,0.8005071,-0.2269413,-0.5263897,-0.02728024,0.0006872559,-0.02584255,0.1491547,-0.5765839,0.803299,0.02976334,-0.0003352204,-0.02241142,0.02976334,-0.0003352204,-0.02241142,0,0,0,0,0,0,-1,-1,True,True,True
1617649,63779589500676,-13.61147,2.534344,-0.05897593,-0.1747981,0.8002025,-0.2284181,-0.5262573,-0.02734303,0.0006945343,-0.02588728,0.1653748,-0.6043701,0.7793274,0.0296528,-0.0003135834,-0.02240286,0.0296528,-0.0003135834,-0.02240286,0,0,0,0,0,0,-1,-1,True,True,True
1617657,63779589500676,-13.61147,2.534344,-0.05897593,-0.1747981,0.8002025,-0.2284181,-0.5262573,-0.02738187,0.0006962891,-0.02590149,0.1668091,-0.6132355,0.7720642,0.02892603,0.0009283142,-0.02189444,0.02892603,0.0009283142,-0.02189444,0,0,0,0,0,0,-1,-1,True,True,True
1617666,63779589500685,-13.61148,2.534134,-0.0590471,-0.1748894,0.7998675,-0.2293649,-0.5263244,-0.02737807,0.000690094,-0.02590499,0.1653137,-0.6100922,0.7748718,0.02958055,-0.0002011108,-0.022351,0.02958055,-0.0002011108,-0.022351,0,0,0,0,0,0,-1,-1,True,True,True
1617674,63779589500696,-13.61147,2.534032,-0.05915672,-0.1750625,0.7994403,-0.2302559,-0.5265268,-0.00889415,0.0004068451,-0.02473404,0.1795807,-0.6007385,0.779007,0.02962148,-0.0001867218,-0.02230301,0.02962148,-0.0001867218,-0.02230301,0.2180786,-0.5919647,0.7758789,0.2180786,-0.5919647,0.7758789,5.391129,5.391129,True,True,True
1617682,63779589500708,-13.61143,2.53388,-0.05928504,-0.1752258,0.7991163,-0.2308067,-0.5267234,-0.008889236,0.0004083252,-0.0247292,0.1783447,-0.6052551,0.7757721,0.02962697,-0.0001843567,-0.02231587,0.02962697,-0.0001843567,-0.02231587,0,0,0,0,0,0,-1,-1,True,True,True
1617691,63779589500708,-13.61143,2.53388,-0.05928504,-0.1752258,0.7991163,-0.2308067,-0.5267234,-0.008893631,0.0004141236,-0.02472841,0.1760559,-0.6072845,0.7747192,0.02963245,-0.0001834412,-0.02232872,0.02963245,-0.0001834412,-0.02232872,0,0,0,0,0,0,-1,-1,True,True,True
1617699,63779589500719,-13.61143,2.533903,-0.05932409,-0.1751933,0.7990254,-0.231554,-0.526544,-0.008898026,0.0004199372,-0.02472762,0.1738129,-0.6078796,0.774765,0.02963532,-0.0001831665,-0.02233066,0.02963532,-0.0001831665,-0.02233066,0,0,0,0,0,0,-1,-1,True,True,True
1617707,63779589500730,-13.61154,2.53387,-0.05947006,-0.1749156,0.7991217,-0.2321697,-0.5262189,-0.008900589,0.0004235382,-0.02472753,0.1745453,-0.603363,0.7781219,0.02963817,-0.0001834412,-0.02233258,0.02963817,-0.0001834412,-0.02233258,0,0,0,0,0,0,-1,-1,True,True,True
1617716,63779589500741,-13.6115,2.533771,-0.05961341,-0.1744536,0.7994246,-0.2327352,-0.525662,-0.008903153,0.000427124,-0.02472743,0.172821,-0.5997314,0.7812958,0.02964287,-0.0001850739,-0.02233754,0.02964287,-0.0001850739,-0.02233754,0,0,0,0,0,0,-1,-1,True,True,True
1617724,63779589500741,-13.6115,2.533771,-0.05961341,-0.1744536,0.7994246,-0.2327352,-0.525662,-0.008903519,0.0004365235,-0.0247251,0.1738892,-0.6012421,0.7799072,0.02964755,-0.0001867218,-0.0223425,0.02964755,-0.0001867218,-0.0223425,0,0,0,0,0,0,-1,-1,True,True,True
1617732,63779589500753,-13.6115,2.533747,-0.05980974,-0.1740627,0.7997208,-0.2332542,-0.525111,-0.0089039,0.0004459229,-0.02472278,0.1731567,-0.6028748,0.7788086,0.02968172,-0.0002083435,-0.02234335,0.02968172,-0.0002083435,-0.02234335,0,0,0,0,0,0,-1,-1,True,True,True
1617741,63779589500764,-13.61143,2.533709,-0.05996025,-0.1736456,0.8001098,-0.2333987,-0.5245919,0.006642075,0.0001685028,-0.02377417,0.2042389,-0.6016693,0.772171,0.0297159,-0.0002188416,-0.0223425,0.0297159,-0.0002188416,-0.0223425,0.2373505,-0.5968018,0.7664642,0.2373505,-0.5968018,0.7664642,5.322495,5.322495,True,True,True
1617749,63779589500775,-13.61136,2.533766,-0.06014651,-0.173434,0.8003933,-0.2335194,-0.5241753,0.006640167,0.000177536,-0.02377051,0.2046356,-0.6025848,0.771347,0.02972051,-0.0002150726,-0.02234014,0.02972051,-0.0002150726,-0.02234014,0,0,0,0,0,0,-1,-1,True,True,True
1617757,63779589500775,-13.61136,2.533766,-0.06014651,-0.173434,0.8003933,-0.2335194,-0.5241753,0.004547943,0.0002136231,-0.02389885,0.2018433,-0.6017151,0.7727661,0.0297159,-0.0002113037,-0.02233777,0.0297159,-0.0002113037,-0.02233777,0.237442,-0.5971222,0.7661896,0.237442,-0.5971222,0.7661896,5.333694,5.333694,True,True,True
1617766,63779589500786,-13.61125,2.533857,-0.06026411,-0.1733641,0.8007135,-0.2333936,-0.5237654,0.005137192,0.0002121277,-0.02386022,0.1993256,-0.6008453,0.7740936,0.02968701,-0.0001990051,-0.02233748,0.02968701,-0.0001990051,-0.02233748,0.230896,-0.59758,0.7678375,0.230896,-0.59758,0.7678375,5.326431,5.326431,True,True,True
1617774,63779589500797,-13.61115,2.533914,-0.060422,-0.1730291,0.8010927,-0.2333156,-0.5233309,0.005291992,0.0002163239,-0.02384927,0.1958466,-0.600296,0.7754059,0.02965813,-0.0001867218,-0.02233721,0.02965813,-0.0001867218,-0.02233721,0.2228088,-0.5982056,0.7697296,0.2228088,-0.5982056,0.7697296,5.329163,5.329163,True,True,True
1617782,63779589500808,-13.61102,2.534063,-0.06059659,-0.172804,0.801517,-0.2330074,-0.5228928,0.005325287,0.0002167358,-0.02384592,0.1964569,-0.6012421,0.7745209,0.0296568,-0.0001850739,-0.0223349,0.0296568,-0.0001850739,-0.0223349,0.2221527,-0.6012726,0.7675171,0.2221527,-0.6012726,0.7675171,5.325119,5.325119,True,True,True
1617791,63779589500808,-13.61102,2.534063,-0.06059659,-0.172804,0.801517,-0.2330074,-0.5228928,0.005255737,0.0002195587,-0.02384853,0.195755,-0.5996094,0.7759552,0.02965549,-0.0001834412,-0.02233258,0.02965549,-0.0001834412,-0.02233258,0.221756,-0.5992584,0.7692261,0.221756,-0.5992584,0.7692261,5.329971,5.329971,True,True,True
1617799,63779589500819,-13.61091,2.534126,-0.06076807,-0.17251,0.8019459,-0.2327482,-0.5224476,0.005052872,0.0002231751,-0.02386096,0.1944122,-0.5997772,0.7761841,0.02965549,-0.0001828919,-0.02233258,0.02965549,-0.0001828919,-0.02233258,0.2208252,-0.5994568,0.7693329,0.2208252,-0.5994568,0.7693329,5.329376,5.329376,True,True,True
1617807,63779589500831,-13.61081,2.534271,-0.06093127,-0.1721709,0.8024303,-0.2323921,-0.521974,0.00486406,0.0002262573,-0.02387256,0.1938477,-0.5993958,0.7766113,0.02965549,-0.0001828919,-0.02233258,0.02965549,-0.0001828919,-0.02233258,0.2208405,-0.5991058,0.7695923,0.2208405,-0.5991058,0.7695923,5.329254,5.329254,True,True,True
1617816,63779589500841,-13.61069,2.534348,-0.06108904,-0.1718138,0.8028961,-0.2320327,-0.521535,0.004858215,0.0002262573,-0.02387256,0.1933594,-0.5973663,0.7782898,0.02965549,-0.0001335602,-0.02229636,0.02965549,-0.0001335602,-0.02229636,0,0,0,0,0,0,-1,-1,True,True,True
1617824,63779589500841,-13.61069,2.534348,-0.06108904,-0.1718138,0.8028961,-0.2320327,-0.521535,0.004853394,0.0002262573,-0.02387256,0.1938019,-0.5972443,0.7782745,0.02965549,-0.0001330719,-0.02229376,0.02965549,-0.0001330719,-0.02229376,0,0,0,0,0,0,-1,-1,True,True,True
1617832,63779589500852,-13.61067,2.534483,-0.061221,-0.1714752,0.803369,-0.2316596,-0.5210838,0.004849533,0.0002262573,-0.02387256,0.1936951,-0.5972595,0.7782898,0.02965541,-0.0001330719,-0.02229312,0.02965541,-0.0001330719,-0.02229312,0,0,0,0,0,0,-1,-1,True,True,True
1617841,63779589500864,-13.61055,2.534585,-0.06132197,-0.1712528,0.8037397,-0.2312554,-0.5207649,0.004846375,0.0002262573,-0.02387311,0.1944122,-0.5971527,0.7781982,0.02965541,-0.0001330719,-0.02229312,0.02965541,-0.0001330719,-0.02229312,0,0,0,0,0,0,-1,-1,True,True,True
1617849,63779589500875,-13.61049,2.534685,-0.06142396,-0.1709614,0.8041261,-0.230901,-0.520421,0.004843506,0.0002244263,-0.02387334,0.1993103,-0.5962677,0.7776337,0.02965541,-0.0001330719,-0.02229312,0.02965541,-0.0001330719,-0.02229312,0,0,0,0,0,0,-1,-1,True,True,True
1617857,63779589500875,-13.61049,2.534685,-0.06142396,-0.1709614,0.8041261,-0.230901,-0.520421,0.004839295,0.0002229462,-0.02387459,0.1983643,-0.5960541,0.7780304,0.02965541,-0.0001330719,-0.02229312,0.02965541,-0.0001330719,-0.02229312,0,0,0,0,0,0,-1,-1,True,True,True
1617866,63779589500886,-13.61038,2.534814,-0.06149405,-0.1707457,0.8044984,-0.2304789,-0.5201035,0.004838013,0.0002181549,-0.02387599,0.1986084,-0.5975952,0.7767944,0.02965541,-0.0001330719,-0.02229312,0.02965541,-0.0001330719,-0.02229312,0,0,0,0,0,0,-1,-1,True,True,True
1617874,63779589500897,-13.61027,2.534918,-0.06161606,-0.1704495,0.8048171,-0.2299735,-0.5199313,0.004838013,0.000215271,-0.02387613,0.2008667,-0.5983887,0.7756042,0.02965541,-0.0001330719,-0.02229312,0.02965541,-0.0001330719,-0.02229312,0,0,0,0,0,0,-1,-1,True,True,True
1617882,63779589500908,-13.61017,2.535119,-0.06178385,-0.1700971,0.8052689,-0.2292634,-0.5196609,0.004838013,0.0002097168,-0.0238795,0.2015991,-0.5954742,0.7776489,0.02965541,-0.0001335602,-0.02229312,0.02965541,-0.0001335602,-0.02229312,0,0,0,0,0,0,-1,-1,True,True,True
1617891,63779589500908,-13.61017,2.535119,-0.06178385,-0.1700971,0.8052689,-0.2292634,-0.5196609,0.004838013,0.0002017822,-0.02388333,0.2022705,-0.5971527,0.7761841,0.02965541,-0.0001364594,-0.02229312,0.02965541,-0.0001364594,-0.02229312,0,0,0,0,0,0,-1,-1,True,True,True
1617899,63779589500919,-13.61009,2.535297,-0.06192106,-0.1697368,0.8058122,-0.2285042,-0.5192705,0.01232855,8.416748E-05,-0.02340405,0.2137451,-0.5945892,0.7750854,0.02969388,-0.0001997833,-0.02231841,0.02969388,-0.0001997833,-0.02231841,0.2333832,-0.5932159,0.770462,0.2333832,-0.5932159,0.770462,5.310974,5.310974,True,True,True
1617907,63779589500930,-13.61006,2.535508,-0.06209123,-0.1694291,0.8064414,-0.2276111,-0.5187865,0.006252442,0.0002660828,-0.023707,0.1871796,-0.5812836,0.7918701,0.02977999,-9.022522E-05,-0.02221021,0.02977999,-9.022522E-05,-0.02221021,0.2011108,-0.5942841,0.7786865,0.2011108,-0.5942841,0.7786865,5.337967,5.337967,True,True,True
1617916,63779589500941,-13.61004,2.535774,-0.06220824,-0.1691279,0.8071234,-0.2265894,-0.518271,-0.02732028,0.0008584138,-0.02579221,0.1681824,-0.5486755,0.818924,0.0298763,0.000194336,-0.02208434,0.0298763,0.000194336,-0.02208434,0,0,0,0,0,0,-1,-1,True,True,True
1617924,63779589500941,-13.61004,2.535774,-0.06220824,-0.1691279,0.8071234,-0.2265894,-0.518271,0.001289887,0.0005698242,-0.02389294,0.1704865,-0.5528259,0.8156586,0.03002896,0.0001582337,-0.02208391,0.03002896,0.0001582337,-0.02208391,0.1887054,-0.5827789,0.7904053,0.1887054,-0.5827789,0.7904053,5.002823,5.002823,True,True,True
1617932,63779589500952,-13.60994,2.536019,-0.06237447,-0.1687728,0.8079745,-0.2253811,-0.5175871,0.004714554,0.0006376496,-0.02359406,0.1529388,-0.4955444,0.8549957,0.03011177,0.0002299194,-0.02200231,0.03011177,0.0002299194,-0.02200231,0.1512451,-0.4902191,0.8583527,0.1512451,-0.4902191,0.8583527,5.234756,5.234756,True,True,True
1617941,63779589500963,-13.60994,2.536358,-0.06255388,-0.1686291,0.8088481,-0.2239403,-0.5168945,-0.0003671417,0.0008881837,-0.02382936,0.1164093,-0.5095673,0.8525085,0.03007329,0.0004348602,-0.02187833,0.03007329,0.0004348602,-0.02187833,0.08702087,-0.5098724,0.8558197,0.08702087,-0.5098724,0.8558197,5.126526,5.126526,True,True,True
1617949,63779589500975,-13.60986,2.536755,-0.06276238,-0.168144,0.8099436,-0.2221594,-0.5161049,0.004259445,0.0008904114,-0.02348404,0.08218384,-0.4377289,0.8953247,0.03032306,0.0004592133,-0.02184876,0.03032306,0.0004592133,-0.02184876,0.04176331,-0.4216309,0.9057922,0.04176331,-0.4216309,0.9057922,5.039642,5.039642,True,True,True
1617957,63779589500975,-13.60986,2.536755,-0.06276238,-0.168144,0.8099436,-0.2221594,-0.5161049,0.03055264,0.0007057648,-0.02181131,0.1134796,-0.518692,0.8473816,0.03055264,0.0007057648,-0.02181131,0.03055264,0.0007057648,-0.02181131,0.1134796,-0.518692,0.8473816,0.1134796,-0.518692,0.8473816,4.71907,4.71907,True,True,True
1617966,63779589500986,-13.60978,2.537313,-0.06300879,-0.1675832,0.8114273,-0.2197693,-0.5149787,0.03076602,0.0007869568,-0.02173218,0.04580688,-0.5008392,0.8643036,0.03076602,0.0007869568,-0.02173218,0.03076602,0.0007869568,-0.02173218,0.04580688,-0.5008392,0.8643036,0.04580688,-0.5008392,0.8643036,4.355774,4.355774,True,True,True
1617974,63779589500997,-13.60971,2.537962,-0.06324857,-0.1669793,0.8130167,-0.217058,-0.5138168,0.03109227,0.0007302094,-0.02171768,0.05815125,-0.483139,0.8735962,0.03109227,0.0007302094,-0.02171768,0.03109227,0.0007302094,-0.02171768,0.05815125,-0.483139,0.8735962,0.05815125,-0.483139,0.8735962,4.071884,4.071884,True,True,True
1617982,63779589501008,-13.6096,2.538734,-0.06347924,-0.1662495,0.8150031,-0.2138708,-0.5122405,-0.001,-0.001,-0.001,1,-1,-1,0.03204753,0.0002205811,-0.02173056,0.03204753,0.0002205811,-0.02173056,0,0,0,0,0,0,-1,-1,False,True,True
1617990,63779589501008,-13.6096,2.538734,-0.06347924,-0.1662495,0.8150031,-0.2138708,-0.5122405,-0.001,-0.001,-0.001,1,-1,-1,0.03152336,0.001067291,-0.0216127,0.03152336,0.001067291,-0.0216127,0,0,0,0,0,0,-1,-1,False,True,True
1617999,63779589501019,-13.60945,2.539467,-0.0637812,-0.1654608,0.8169721,-0.2106884,-0.5106756,-0.001,-0.001,-0.001,1,-1,-1,0.03149776,0.0008043213,-0.02177646,0.03149776,0.0008043213,-0.02177646,0,0,0,0,0,0,-1,-1,False,True,True
1618007,63779589501030,-13.60921,2.540285,-0.06412959,-0.1645707,0.8192587,-0.2071027,-0.5087634,-0.001,-0.001,-0.001,1,-1,-1,0.0316037,0.00205632,-0.02136061,0.0316037,0.00205632,-0.02136061,0,0,0,0,0,0,-1,-1,False,True,True
1618015,63779589501041,-13.60896,2.541116,-0.06448972,-0.1637784,0.8215982,-0.2035583,-0.5066725,0.02988957,0.001329208,-0.02173207,-0.05986023,-0.4221649,0.9045258,0.03169829,0.00129361,-0.02162554,0.03169829,0.00129361,-0.02162554,-0.05867004,-0.4239044,0.9037933,-0.05867004,-0.4239044,0.9037933,4.219086,4.219086,True,True,True
1618024,63779589501041,-13.60896,2.541116,-0.06448972,-0.1637784,0.8215982,-0.2035583,-0.5066725,0.02763358,0.0009519501,-0.02222484,-0.1070709,-0.4129639,0.9044189,0.03307961,0.0007761231,-0.021972,0.03307961,0.0007761231,-0.021972,-0.1101227,-0.4194641,0.901062,-0.1101227,-0.4194641,0.901062,4.636749,4.636749,True,True,True
1618032,63779589501052,-13.60873,2.542073,-0.06492752,-0.1628131,0.8242537,-0.1998618,-0.5041359,0.003712876,0.001762283,-0.02346858,-0.1813507,-0.3530579,0.9178467,0.03277018,0.0009869996,-0.02193573,0.03277018,0.0009869996,-0.02193573,-0.2142334,-0.4112701,0.8859711,-0.2142334,-0.4112701,0.8859711,5.140457,5.140457,True,True,True
1618040,63779589501063,-13.60843,2.543013,-0.06533688,-0.16164,0.8271406,-0.1960525,-0.5012728,-0.006830963,0.001915039,-0.02415401,-0.1969604,-0.3247833,0.9250336,0.03304588,0.000147522,-0.02228226,0.03304588,0.000147522,-0.02228226,-0.2440643,-0.2730255,0.9305115,-0.2440643,-0.2730255,0.9305115,4.236832,4.236832,True,True,True
1618049,63779589501075,-13.60804,2.544089,-0.06580138,-0.1602801,0.8303021,-0.1921061,-0.4979999,-0.008669647,0.002470734,-0.02413793,-0.2193909,-0.366684,0.9040985,0.03325272,0.001260849,-0.0218708,0.03325272,0.001260849,-0.0218708,-0.09686279,-0.5488892,0.8302612,-0.09686279,-0.5488892,0.8302612,4.793167,4.793167,True,True,True
1618057,63779589501075,-13.60804,2.544089,-0.06580138,-0.1602801,0.8303021,-0.1921061,-0.4979999,-0.01489212,0.003082138,-0.02434397,-0.1379242,-0.487442,0.8621826,0.03347814,0.0002366486,-0.02219157,0.03347814,0.0002366486,-0.02219157,-0.08149719,-0.3390961,0.9372101,-0.08149719,-0.3390961,0.9372101,4.399261,4.399261,True,True,True
1618065,63779589501085,-13.60763,2.545214,-0.06633931,-0.1586598,0.8337895,-0.1879423,-0.494267,-0.02000763,0.002895127,-0.02468096,-0.1941681,-0.4049988,0.8934479,0.03353266,0.000435196,-0.02218773,0.03353266,0.000435196,-0.02218773,-0.07243347,-0.4629211,0.8834229,-0.07243347,-0.4629211,0.8834229,4.048553,4.048553,True,True,True
1618074,63779589501097,-13.60723,2.546297,-0.06687951,-0.1569079,0.8374124,-0.1837445,-0.4902637,-0.01976544,0.002826004,-0.02481035,-0.3532257,-0.4012909,0.8450775,0.03362583,0.000461319,-0.0221808,0.03362583,0.000461319,-0.0221808,-0.03045654,-0.483963,0.8745422,-0.03045654,-0.483963,0.8745422,4.117691,4.117691,True,True,True
1618082,63779589501108,-13.60669,2.547539,-0.06754291,-0.1548706,0.8414267,-0.1793408,-0.4856471,0.03361405,0.0004371491,-0.02219986,-0.06324768,-0.5040588,0.8613434,0.03361405,0.0004371491,-0.02219986,0.03361405,0.0004371491,-0.02219986,-0.06324768,-0.5040588,0.8613434,-0.06324768,-0.5040588,0.8613434,4.20607,4.20607,True,True,True
1618090,63779589501108,-13.60669,2.547539,-0.06754291,-0.1548706,0.8414267,-0.1793408,-0.4856471,0.03368613,0.0003295746,-0.02233731,-0.1073456,-0.5264282,0.843399,0.03368613,0.0003295746,-0.02233731,0.03368613,0.0003295746,-0.02233731,-0.1073456,-0.5264282,0.843399,-0.1073456,-0.5264282,0.843399,5.125961,5.125961,True,True,True
1618099,63779589501119,-13.60616,2.548649,-0.0681771,-0.1531272,0.8455325,-0.1750322,-0.4806148,0.03393546,-0.0001108704,-0.02248059,-0.07048035,-0.4454193,0.8925323,0.03393546,-0.0001108704,-0.02248059,0.03393546,-0.0001108704,-0.02248059,-0.07048035,-0.4454193,0.8925323,-0.07048035,-0.4454193,0.8925323,4.649338,4.649338,True,True,True
1618107,63779589501130,-13.60549,2.549849,-0.06888765,-0.1514376,0.8499038,-0.1706567,-0.4749806,0.03392223,-0.000216095,-0.02232565,0.07467651,-0.3573914,0.930954,0.03392223,-0.000216095,-0.02232565,0.03392223,-0.000216095,-0.02232565,0.07467651,-0.3573914,0.930954,0.07467651,-0.3573914,0.930954,4.582703,4.582703,True,True,True
1618115,63779589501141,-13.60479,2.550962,-0.06966203,-0.1498684,0.8542316,-0.1663694,-0.4692003,0.03395052,-0.000121872,-0.02226341,0.1011353,-0.3171692,0.9429474,0.03395052,-0.000121872,-0.02226341,0.03395052,-0.000121872,-0.02226341,0.1011353,-0.3171692,0.9429474,0.1011353,-0.3171692,0.9429474,5.30101,5.30101,True,True,True
1618124,63779589501141,-13.60479,2.550962,-0.06966203,-0.1498684,0.8542316,-0.1663694,-0.4692003,0.03383151,0.0002425537,-0.02260314,-0.2602997,-0.5034027,0.8238983,0.03383151,0.0002425537,-0.02260314,0.03383151,0.0002425537,-0.02260314,-0.2602997,-0.5034027,0.8238983,-0.2602997,-0.5034027,0.8238983,5.22049,5.22049,True,True,True
1618132,63779589501152,-13.60387,2.552135,-0.07043993,-0.148345,0.8589184,-0.1618914,-0.462649,0.03414321,0.0004042358,-0.02244068,-0.1161346,-0.5557251,0.8231964,0.03414321,0.0004042358,-0.02244068,0.03414321,0.0004042358,-0.02244068,-0.1161346,-0.5557251,0.8231964,-0.1161346,-0.5557251,0.8231964,5.156845,5.156845,True,True,True
1618140,63779589501163,-13.60299,2.553304,-0.07124901,-0.1468198,0.8636113,-0.1574443,-0.4558847,0.03428813,0.0004097748,-0.02240106,-0.05187988,-0.5722504,0.8184204,0.03428813,0.0004097748,-0.02240106,0.03428813,0.0004097748,-0.02240106,-0.05187988,-0.5722504,0.8184204,-0.05187988,-0.5722504,0.8184204,5.255859,5.255859,True,True,True
1618149,63779589501175,-13.60206,2.554427,-0.07219803,-0.1455339,0.8686061,-0.1529031,-0.4482902,0.0342898,0.0004807434,-0.02241866,-0.07296753,-0.5910645,0.803299,0.0342898,0.0004807434,-0.02241866,0.0342898,0.0004807434,-0.02241866,-0.07296753,-0.5910645,0.803299,-0.07296753,-0.5910645,0.803299,4.859192,4.859192,True,True,True
1618157,63779589501175,-13.60206,2.554427,-0.07219803,-0.1455339,0.8686061,-0.1529031,-0.4482902,0.03298628,0.0001734619,-0.02247235,-0.3392181,-0.4950562,0.7998962,0.03298628,0.0001734619,-0.02247235,0.03298628,0.0001734619,-0.02247235,-0.3392181,-0.4950562,0.7998962,-0.3392181,-0.4950562,0.7998962,5.21582,5.21582,True,True,True
1618165,63779589501185,-13.60103,2.555631,-0.0731774,-0.1442749,0.8736527,-0.1484756,-0.4403077,0.03289038,0.0005287476,-0.02207127,-0.1291809,-0.5799255,0.8043518,0.03289038,0.0005287476,-0.02207127,0.03289038,0.0005287476,-0.02207127,-0.1291809,-0.5799255,0.8043518,-0.1291809,-0.5799255,0.8043518,4.917191,4.917191,True,True,True
1618174,63779589501197,-13.59994,2.556787,-0.0741567,-0.142884,0.8787813,-0.1441262,-0.4319203,-0.02941962,0.002088562,-0.0254222,-0.01055908,-0.3538818,0.9352112,0.03296207,0.0005400238,-0.0221386,0.03296207,0.0005400238,-0.0221386,0,0,0,0,0,0,-1,-1,True,True,True
1618182,63779589501208,-13.59874,2.557953,-0.07524163,-0.1413984,0.8841835,-0.1399754,-0.42265,-0.02770471,0.002059403,-0.02536348,0.2322235,-0.3594208,0.9038086,0.03303374,0.0005513001,-0.02220482,0.03303374,0.0005513001,-0.02220482,0,0,0,0,0,0,-1,-1,True,True,True
1618190,63779589501208,-13.59874,2.557953,-0.07524163,-0.1413984,0.8841835,-0.1399754,-0.42265,0.03439078,0.0002482758,-0.02237077,0.05456543,-0.5402374,0.8397369,0.03439595,0.0002481232,-0.02237052,0.03439595,0.0002481232,-0.02237052,0.05455017,-0.5402527,0.8397217,0.05455017,-0.5402527,0.8397217,5.0047,5.0047,True,True,True
1618199,63779589501219,-13.59753,2.559209,-0.07627815,-0.1397394,0.8896253,-0.1359072,-0.4130002,0.03436975,0.0001632843,-0.02239244,0.03927612,-0.5357513,0.8434448,0.03438051,0.0001630097,-0.02239189,0.03438051,0.0001630097,-0.02239189,0.03923035,-0.5357819,0.8434296,0.03923035,-0.5357819,0.8434296,5.040192,5.040192,True,True,True
1618207,63779589501230,-13.59614,2.560353,-0.07741743,-0.1380333,0.895263,-0.1321792,-0.4024669,-0.02841797,0.002509232,-0.02574829,0.5029449,-0.3377075,0.7955933,0.03471791,0.0003293915,-0.0224487,0.03471791,0.0003293915,-0.0224487,0,0,0,0,0,0,-1,-1,True,True,True
1618215,63779589501241,-13.59472,2.56148,-0.07860589,-0.1363451,0.9007966,-0.1284265,-0.3917681,-0.002164383,0.001369339,-0.02420805,0.10466,-0.4692535,0.8768311,0.03429511,-6.790162E-05,-0.0225694,0.03429511,-6.790162E-05,-0.0225694,-0.05628967,-0.4968872,0.8659668,-0.05628967,-0.4968872,0.8659668,5.106262,5.106262,True,True,True
1618224,63779589501241,-13.59472,2.56148,-0.07860589,-0.1363451,0.9007966,-0.1284265,-0.3917681,-0.02836046,0.002382324,-0.02527599,0.1211853,-0.4385376,0.8904877,0.03590114,0.0008059387,-0.02781748,0.03590114,0.0008059387,-0.02781748,0,0,0,0,0,0,-1,-1,True,True,True
1618232,63779589501252,-13.5931,2.562638,-0.07982278,-0.1346133,0.9063967,-0.1247177,-0.3804862,-0.02796787,0.00217688,-0.0252075,0.06904602,-0.4172668,0.9061432,0.03592987,0.0008858491,-0.0278084,0.03592987,0.0008858491,-0.0278084,0,0,0,0,0,0,-1,-1,True,True,True
1618240,63779589501263,-13.59151,2.563735,-0.08106583,-0.132558,0.9120238,-0.1209844,-0.3687869,-0.02718712,0.002326843,-0.02521767,0.2687683,-0.3371277,0.9022675,0.03288657,0.0001461639,-0.02243884,0.03288657,0.0001461639,-0.02243884,-0.3201904,-0.4989624,0.8052826,-0.3201904,-0.4989624,0.8052826,5.031937,5.031937,True,True,True
1618248,63779589501275,-13.58977,2.564904,-0.08235192,-0.1302284,0.9177107,-0.1173907,-0.3564648,-0.02800699,0.002196884,-0.02535678,0.2182617,-0.4710236,0.8546753,0.03411954,-0.0007839508,-0.02276987,0.03411954,-0.0007839508,-0.02276987,-0.05680847,-0.3547516,0.9332275,-0.05680847,-0.3547516,0.9332275,4.883026,4.883026,True,True,True
1618257,63779589501275,-13.58977,2.564904,-0.08235192,-0.1302284,0.9177107,-0.1173907,-0.3564648,-0.02778156,0.002084274,-0.02538129,0.2458038,-0.355423,0.9017944,0.03589165,0.0007956696,-0.02784963,0.03589165,0.0007956696,-0.02784963,0,0,0,0,0,0,-1,-1,True,True,True
1618265,63779589501285,-13.58792,2.566009,-0.08362514,-0.1277728,0.9233473,-0.1140655,-0.3436466,-0.02813138,0.0022621,-0.02530907,0.1699829,-0.2819061,0.9442444,0.03562679,0.00139122,-0.02769376,0.03562679,0.00139122,-0.02769376,0,0,0,0,0,0,-1,-1,True,True,True
1618273,63779589501296,-13.586,2.567193,-0.08490038,-0.1252774,0.928803,-0.1109204,-0.3306468,-0.02788611,0.002270798,-0.02536369,0.264801,-0.3227539,0.9086761,0.0359028,0.0008195191,-0.02783426,0.0359028,0.0008195191,-0.02783426,0,0,0,0,0,0,-1,-1,True,True,True
1618282,63779589501308,-13.58389,2.568334,-0.08622015,-0.1225475,0.9342312,-0.1077896,-0.3171366,-0.0278767,0.0022099,-0.02537724,0.2628784,-0.3334045,0.9053802,0.03590749,0.0008269349,-0.02782254,0.03590749,0.0008269349,-0.02782254,0,0,0,0,0,0,-1,-1,True,True,True
1618290,63779589501308,-13.58389,2.568334,-0.08622015,-0.1225475,0.9342312,-0.1077896,-0.3171366,-0.0277337,0.002275971,-0.02530992,0.2386932,-0.322525,0.9159546,0.03596724,0.0009194489,-0.02780675,0.03596724,0.0009194489,-0.02780675,0,0,0,0,0,0,-1,-1,True,True,True
1618298,63779589501318,-13.58191,2.56945,-0.08751649,-0.1197707,0.9394879,-0.1047037,-0.3034051,-0.02801584,0.002365128,-0.02542461,0.3001099,-0.2321014,0.9252167,0.03593908,0.001072952,-0.02776714,0.03593908,0.001072952,-0.02776714,0,0,0,0,0,0,-1,-1,True,True,True
1618307,63779589501329,-13.57983,2.57068,-0.08888352,-0.1164683,0.9446966,-0.1017242,-0.2891983,-0.02865239,0.002696472,-0.025136,0.02885437,-0.3551025,0.9343719,0.03498013,0.0002335816,-0.02243382,0.03498013,0.0002335816,-0.02243382,0.06546021,-0.3916321,0.9177704,0.06546021,-0.3916321,0.9177704,4.482651,4.482651,True,True,True
1618315,63779589501340,-13.57772,2.57181,-0.09023929,-0.1127676,0.9497629,-0.09878137,-0.2747294,-0.02821935,0.002848663,-0.02526982,0.1872101,-0.3344269,0.9236298,0.03513584,0.0007173462,-0.02250052,0.03513584,0.0007173462,-0.02250052,0.04165649,-0.4213257,0.9059448,0.04165649,-0.4213257,0.9059448,5.009842,5.009842,True,True,True
1618323,63779589501340,-13.57772,2.57181,-0.09023929,-0.1127676,0.9497629,-0.09878137,-0.2747294,-0.02830068,0.002663513,-0.02534056,0.243866,-0.2562408,0.9353333,0.03600946,0.001136292,-0.02778847,0.03600946,0.001136292,-0.02778847,0,0,0,0,0,0,-1,-1,True,True,True
1618332,63779589501351,-13.57529,2.572957,-0.09159696,-0.1087813,0.9548076,-0.0960791,-0.2593799,-0.02785747,0.002609421,-0.02526975,0.2569122,-0.2638092,0.929718,0.0360114,0.001132507,-0.02777074,0.0360114,0.001132507,-0.02777074,0,0,0,0,0,0,-1,-1,True,True,True
1618340,63779589501362,-13.57286,2.574039,-0.0928933,-0.1047765,0.9595982,-0.09352014,-0.2438181,-0.02842909,0.002929688,-0.02542536,0.3582458,-0.2027435,0.9113312,0.0334043,0.002475601,-0.02196188,0.0334043,0.002475601,-0.02196188,0,0,0,0,0,0,-1,-1,True,True,True
1618348,63779589501373,-13.57029,2.574992,-0.09415591,-0.1006927,0.9642534,-0.09130344,-0.2274643,-0.02109984,0.002658936,-0.02628146,-0.2245178,-0.003555298,0.9744568,0.03500341,0.002038254,-0.0220529,0.03500341,0.002038254,-0.0220529,-0.05134583,-0.5033875,0.8625183,-0.05134583,-0.5033875,0.8625183,4.753052,4.753052,True,True,True
1618357,63779589501384,-13.5676,2.575939,-0.09544051,-0.09668855,0.9686313,-0.08934727,-0.2107649,0.03361377,0.001491348,-0.02230966,-0.4574432,-0.2611847,0.8500061,0.03361377,0.001491348,-0.02230966,0.03361377,0.001491348,-0.02230966,-0.4574432,-0.2611847,0.8500061,-0.4574432,-0.2611847,0.8500061,5.006058,5.006058,True,True,True
1618365,63779589501384,-13.5676,2.575939,-0.09544051,-0.09668855,0.9686313,-0.08934727,-0.2107649,-0.02853597,0.003534546,-0.0252576,0.2541809,-0.1728973,0.9515686,0.03371102,0.001629578,-0.02233991,0.03371102,0.001629578,-0.02233991,-0.474762,-0.2370758,0.8475647,-0.474762,-0.2370758,0.8475647,4.944748,4.944748,True,True,True
1618373,63779589501401,-13.56485,2.576797,-0.09680319,-0.09277776,0.9727207,-0.08726028,-0.1938873,-0.0290119,0.003229385,-0.02548154,0.3339386,-0.1375732,0.9324951,0.03436197,0.002743347,-0.02198946,0.03436197,0.002743347,-0.02198946,-0.2892761,-0.4815979,0.8272552,-0.2892761,-0.4815979,0.8272552,4.750519,4.750519,True,True,True
1618382,63779589501406,-13.56195,2.577575,-0.09804553,-0.08871483,0.976636,-0.08525138,-0.1761932,-0.02230019,0.004478974,-0.02586766,-0.4942932,-0.2101135,0.8435059,0.03381656,0.002050201,-0.02233995,0.03381656,0.002050201,-0.02233995,-0.4954071,-0.1626129,0.8532867,-0.4954071,-0.1626129,0.8532867,5.122803,5.122803,True,True,True
1618390,63779589501414,-13.55906,2.578419,-0.09942532,-0.08467158,0.9801511,-0.08347015,-0.1586418,-0.0217478,0.004353027,-0.02596008,-0.3582458,-0.1425934,0.9226685,0.03476187,0.002922516,-0.02204854,0.03476187,0.002922516,-0.02204854,-0.2336273,-0.2948151,0.9265442,-0.2336273,-0.2948151,0.9265442,4.669632,4.669632,True,True,True
1618398,63779589501425,-13.55589,2.579172,-0.1006458,-0.08029451,0.9834235,-0.08182216,-0.1404852,-0.001,-0.001,-0.001,1,-1,-1,0.03450058,0.002574921,-0.02228099,0.03450058,0.002574921,-0.02228099,0,0,0,0,0,0,-1,-1,False,True,True
1618407,63779589501425,-13.55589,2.579172,-0.1006458,-0.08029451,0.9834235,-0.08182216,-0.1404852,-0.001,-0.001,-0.001,1,-1,-1,0.0349776,0.002493118,-0.02291583,0.0349776,0.002493118,-0.02291583,0,0,0,0,0,0,-1,-1,False,True,True
1618415,63779589501437,-13.55262,2.579923,-0.101666,-0.07594914,0.986407,-0.08041777,-0.1215152,-0.02238797,0.004531525,-0.02606332,-0.5476837,-0.01473999,0.8365479,0.03520326,0.002862259,-0.0225459,0.03520326,0.002862259,-0.0225459,0,0,0,0,0,0,-1,-1,True,True,True
1618423,63779589501448,-13.54937,2.580623,-0.102699,-0.07118671,0.9890502,-0.0789251,-0.1023865,-0.02181291,0.004733521,-0.02605129,-0.4250183,-0.05136108,0.903717,0.03526315,0.002802734,-0.02371492,0.03526315,0.002802734,-0.02371492,0,0,0,0,0,0,-1,-1,True,True,True
1618432,63779589501459,-13.54588,2.581283,-0.1036727,-0.06615896,0.9913669,-0.07747474,-0.08253586,-0.02178504,0.004789444,-0.02602898,-0.4198456,-0.06991577,0.9048767,0.0351053,0.002941757,-0.02336458,0.0351053,0.002941757,-0.02336458,0,0,0,0,0,0,-1,-1,True,True,True
1618440,63779589501459,-13.54588,2.581283,-0.1036727,-0.06615896,0.9913669,-0.07747474,-0.08253586,-0.02172237,0.004812119,-0.02611521,-0.4483185,-0.06690979,0.8913574,0.03486376,0.002943451,-0.02265375,0.03486376,0.002943451,-0.02265375,0,0,0,0,0,0,-1,-1,True,True,True
1618448,63779589501470,-13.54246,2.58194,-0.1046267,-0.06115139,0.9932554,-0.07593409,-0.06275445,-0.0216996,0.004840699,-0.02617673,-0.473938,-0.06744385,0.8779602,0.03480846,0.002710449,-0.02287558,0.03480846,0.002710449,-0.02287558,0,0,0,0,0,0,-1,-1,True,True,True
1618457,63779589501481,-13.53885,2.582577,-0.1054276,-0.05623126,0.9947481,-0.07425042,-0.04244059,-0.0218447,0.004680725,-0.02623734,-0.4910431,0.01219177,0.871048,0.03507185,0.002948929,-0.02334932,0.03507185,0.002948929,-0.02334932,0,0,0,0,0,0,-1,-1,True,True,True
1618465,63779589501492,-13.53525,2.583195,-0.1063316,-0.05138026,0.995808,-0.07261275,-0.02130665,-0.001,-0.001,-0.001,1,-1,-1,0.03514368,0.00311087,-0.02435861,0.03514368,0.00311087,-0.02435861,0,0,0,0,0,0,-1,-1,False,True,True
1618473,63779589501492,-13.53525,2.583195,-0.1063316,-0.05138026,0.995808,-0.07261275,-0.02130665,-0.001,-0.001,-0.001,1,-1,-1,0.03478552,0.002546402,-0.02212099,0.03478552,0.002546402,-0.02212099,0,0,0,0,0,0,-1,-1,False,True,True
1618482,63779589501503,-13.53143,2.583722,-0.1068755,-0.04650148,0.9963968,-0.07092893,0.0005041007,-0.02205948,0.004365036,-0.02623579,-0.5571747,-0.052948,0.8286896,0.03508655,0.002434632,-0.02230521,0.03508655,0.002434632,-0.02230521,0,0,0,0,0,0,-1,-1,True,True,True
1618490,63779589501514,-13.52759,2.584349,-0.1073942,-0.04202912,0.9964333,-0.0695022,0.02288537,-0.0214928,0.004641113,-0.02621453,-0.4334259,-0.08189392,0.8974457,0.03445171,0.002043152,-0.02233626,0.03445171,0.002043152,-0.02233626,0,0,0,0,0,0,-1,-1,True,True,True
1618498,63779589501525,-13.52358,2.584836,-0.107698,-0.03779741,0.9959312,-0.06793576,0.04557514,-0.001,-0.001,-0.001,1,-1,-1,0.03369831,0.001972458,-0.022273,0.03369831,0.001972458,-0.022273,0,0,0,0,0,0,-1,-1,False,True,True
1618507,63779589501525,-13.52358,2.584836,-0.107698,-0.03779741,0.9959312,-0.06793576,0.04557514,-0.03005998,0.003691208,-0.02611969,0.4452515,0.008132935,0.8953552,0.03362802,0.00154982,-0.02230487,0.03362802,0.00154982,-0.02230487,0,0,0,0,0,0,-1,-1,True,True,True
1618515,63779589501536,-13.51948,2.585336,-0.1078612,-0.03383002,0.9948383,-0.06643326,0.06883976,-0.001,-0.001,-0.001,1,-1,-1,0.03251207,0.001004745,-0.02242861,0.03251207,0.001004745,-0.02242861,0,0,0,0,0,0,-1,-1,False,True,True
1618523,63779589501548,-13.51548,2.585814,-0.1079996,-0.0299574,0.9931683,-0.06473394,0.09235167,-0.001,-0.001,-0.001,1,-1,-1,0.03255211,0.001110764,-0.02245215,0.03255211,0.001110764,-0.02245215,0,0,0,0,0,0,-1,-1,False,True,True
1618532,63779589501559,-13.51135,2.586169,-0.1076702,-0.02646363,0.9908551,-0.06336427,0.1161498,-0.02763963,0.003537873,-0.02525717,0.3165894,0.0115509,0.9484863,0.03360132,0.002120743,-0.02219605,0.03360132,0.002120743,-0.02219605,0,0,0,0,0,0,-1,-1,True,True,True
1618540,63779589501559,-13.51135,2.586169,-0.1076702,-0.02646363,0.9908551,-0.06336427,0.1161498,-0.02776061,0.003703308,-0.02521996,0.2581482,0.02029419,0.9658813,0.03347133,0.002014359,-0.02213201,0.03347133,0.002014359,-0.02213201,0,0,0,0,0,0,-1,-1,True,True,True
1618548,63779589501570,-13.50724,2.586467,-0.1075253,-0.02312798,0.9879431,-0.06192448,0.1399964,-0.03208528,0.00602713,-0.02638852,0.2685852,-0.4040985,0.8743744,0.03482768,0.003062699,-0.02193782,0.03482768,0.003062699,-0.02193782,0,0,0,0,0,0,-1,-1,True,True,True
1618557,63779589501581,-13.50328,2.58665,-0.1067628,-0.01990193,0.9844355,-0.06049599,0.1638015,-0.001,-0.001,-0.001,1,-1,-1,0.0335754,0.002573044,-0.02215749,0.0335754,0.002573044,-0.02215749,0,0,0,0,0,0,-1,-1,False,True,True
1618565,63779589501592,-13.4992,2.586905,-0.1063398,-0.01698671,0.9804415,-0.05912485,0.1869497,-0.0219671,0.004613907,-0.02624323,-0.4854736,0.08267212,0.8703156,0.03477642,0.00257753,-0.02242616,0.03477642,0.00257753,-0.02242616,0,0,0,0,0,0,-1,-1,True,True,True
1618573,63779589501592,-13.4992,2.586905,-0.1063398,-0.01698671,0.9804415,-0.05912485,0.1869497,-0.02200182,0.004536423,-0.02611298,-0.4420776,0.06246948,0.8947906,0.03496686,0.003068649,-0.02331156,0.03496686,0.003068649,-0.02331156,0,0,0,0,0,0,-1,-1,True,True,True
1618582,63779589501603,-13.4955,2.587126,-0.1053242,-0.01473245,0.97599,-0.05759137,0.2095464,-0.02207843,0.004372727,-0.02613558,-0.4727631,0.05940247,0.8791656,0.03487702,0.002957642,-0.02305281,0.03487702,0.002957642,-0.02305281,0,0,0,0,0,0,-1,-1,True,True,True
1618590,63779589501614,-13.49174,2.587359,-0.1043791,-0.01278481,0.9713209,-0.05587811,0.2307595,-0.02209442,0.004306717,-0.02622736,-0.5146027,0.07687378,0.8539734,0.03486275,0.00294397,-0.02305408,0.03486275,0.00294397,-0.02305408,0,0,0,0,0,0,-1,-1,True,True,True
1618598,63779589501625,-13.48815,2.587635,-0.1033751,-0.01101794,0.9663321,-0.05439017,0.2512419,0.0347787,0.002768234,-0.02301662,-0.6106873,-0.03019714,0.791275,0.0347787,0.002768234,-0.02301662,0.0347787,0.002768234,-0.02301662,-0.6106873,-0.03019714,0.791275,-0.6106873,-0.03019714,0.791275,5.123444,5.123444,True,True,True
1618607,63779589501625,-13.48815,2.587635,-0.1033751,-0.01101794,0.9663321,-0.05439017,0.2512419,0.03475169,0.002683853,-0.02300304,-0.6115875,-0.04418945,0.7899323,0.03475169,0.002683853,-0.02300304,0.03475169,0.002683853,-0.02300304,-0.6115875,-0.04418945,0.7899323,-0.6115875,-0.04418945,0.7899323,5.032501,5.032501,True,True,True
1618615,63779589501637,-13.48482,2.587752,-0.1019977,-0.009689908,0.9611715,-0.05314426,0.2706124,0.03473923,0.002582718,-0.02307584,-0.6313019,-0.01359558,0.7754059,0.03473923,0.002582718,-0.02307584,0.03473923,0.002582718,-0.02307584,-0.6313019,-0.01359558,0.7754059,-0.6313019,-0.01359558,0.7754059,5.19545,5.19545,True,True,True
1618623,63779589501648,-13.48155,2.587943,-0.1006984,-0.008248998,0.9557991,-0.05202273,0.289264,0.0347262,0.00244896,-0.0231178,-0.6383667,0.02711487,0.7692413,0.0347262,0.00244896,-0.0231178,0.0347262,0.00244896,-0.0231178,-0.6383667,0.02711487,0.7692413,-0.6383667,0.02711487,0.7692413,5.520081,5.520081,True,True,True
1618632,63779589501659,-13.47863,2.588055,-0.09902096,-0.006679333,0.950266,-0.05059816,0.3072292,-0.02213698,0.003882355,-0.02618335,-0.5254669,0.02944946,0.850296,0.03479642,0.002428864,-0.02321126,0.03479642,0.002428864,-0.02321126,0,0,0,0,0,0,-1,-1,True,True,True
1618640,63779589501659,-13.47863,2.588055,-0.09902096,-0.006679333,0.950266,-0.05059816,0.3072292,-0.02212377,0.003818817,-0.02620745,-0.5309448,0.04373169,0.8462677,0.0348318,0.002345917,-0.0232477,0.0348318,0.002345917,-0.0232477,0,0,0,0,0,0,-1,-1,True,True,True
1618648,63779589501670,-13.47558,2.588215,-0.09772086,-0.004642552,0.9443533,-0.04911081,0.325213,-0.003657288,0.003276993,-0.02521043,-0.5654755,0.01473999,0.8246155,0.0348403,0.002251404,-0.02317827,0.0348403,0.002251404,-0.02317827,-0.6256256,0.02194214,0.7798004,-0.6256256,0.02194214,0.7798004,5.584259,5.584259,True,True,True
1618657,63779589501681,-13.47289,2.58831,-0.09610075,-0.002171767,0.9383482,-0.04741129,0.342418,-0.02212369,0.003720291,-0.02620622,-0.5500946,0.00793457,0.8350525,0.03486708,0.002207855,-0.02325791,0.03486708,0.002207855,-0.02325791,0,0,0,0,0,0,-1,-1,True,True,True
1618665,63779589501693,-13.47025,2.588428,-0.09452564,0.0006356748,0.9321339,-0.04564011,0.3592255,-0.003126435,0.003130692,-0.02520206,-0.5641327,0.02351379,0.8253326,0.03488578,0.002071839,-0.02311096,0.03488578,0.002071839,-0.02311096,-0.572876,0.04431152,0.8184357,-0.572876,0.04431152,0.8184357,5.3862,5.3862,True,True,True
1618673,63779589501693,-13.47025,2.588428,-0.09452564,0.0006356748,0.9321339,-0.04564011,0.3592255,-0.02210033,0.003609696,-0.02624141,-0.5639954,0.009078979,0.8257141,0.03492734,0.002097153,-0.02335243,0.03492734,0.002097153,-0.02335243,0,0,0,0,0,0,-1,-1,True,True,True
1618682,63779589501704,-13.46781,2.588681,-0.09291279,0.004123244,0.9260047,-0.04343583,0.3749821,-0.0220772,0.003550553,-0.02631368,-0.5883636,0.01055908,0.8085022,0.03496883,0.002025284,-0.02338568,0.03496883,0.002025284,-0.02338568,0,0,0,0,0,0,-1,-1,True,True,True
1618690,63779589501715,-13.46549,2.588831,-0.09130198,0.007271575,0.9197138,-0.04096383,0.3903788,-0.02205798,0.003525665,-0.02627858,-0.5740051,-0.01620483,0.8186798,0.03498566,0.001997559,-0.02342204,0.03498566,0.001997559,-0.02342204,0,0,0,0,0,0,-1,-1,True,True,True
1618698,63779589501715,-13.46549,2.588831,-0.09130198,0.007271575,0.9197138,-0.04096383,0.3903788,-0.0220688,0.003479416,-0.02626244,-0.5747223,-0.03414917,0.817627,0.03498393,0.001967926,-0.0234355,0.03498393,0.001967926,-0.0234355,0,0,0,0,0,0,-1,-1,True,True,True
1618707,63779589501726,-13.46338,2.588997,-0.08976251,0.01001889,0.9136246,-0.0384507,0.4046123,-0.02207985,0.003421051,-0.02632073,-0.5981903,-0.009521484,0.8012848,0.03496477,0.0019431,-0.02342252,0.03496477,0.0019431,-0.02342252,0,0,0,0,0,0,-1,-1,True,True,True
1618715,63779589501738,-13.46147,2.5891,-0.08813691,0.01193502,0.9077911,-0.0362133,0.4176858,-0.02208551,0.00332901,-0.02630267,-0.588913,-0.01481628,0.8080444,0.03495598,0.001921677,-0.0234072,0.03495598,0.001921677,-0.0234072,0,0,0,0,0,0,-1,-1,True,True,True
1618723,63779589501749,-13.45958,2.589174,-0.08665848,0.01373372,0.901971,-0.03443906,0.4302018,-0.02210558,0.003260773,-0.02629746,-0.5921783,-0.01727295,0.8056183,0.03494354,0.001904389,-0.02337996,0.03494354,0.001904389,-0.02337996,0,0,0,0,0,0,-1,-1,True,True,True
1618732,63779589501749,-13.45958,2.589174,-0.08665848,0.01373372,0.901971,-0.03443906,0.4302018,-0.02214342,0.003180054,-0.02623351,-0.5593567,-0.01228333,0.8288269,0.03492925,0.0018974,-0.02337666,0.03492925,0.0018974,-0.02337666,0,0,0,0,0,0,-1,-1,True,True,True
1618740,63779589501760,-13.45798,2.589223,-0.08523887,0.01504795,0.896718,-0.03309652,0.4411068,-0.0008673249,0.002646149,-0.02505744,-0.5818329,-0.02340698,0.8129578,0.0348333,0.001832016,-0.0231704,0.0348333,0.001832016,-0.0231704,-0.6104279,-0.01567078,0.7919006,-0.6104279,-0.01567078,0.7919006,5.48584,5.48584,True,True,True
1618748,63779589501771,-13.45633,2.589262,-0.08395749,0.01627623,0.8915554,-0.03203834,0.4514837,0.01896948,0.002198303,-0.02399973,-0.6116638,-0.007247925,0.7910614,0.03475993,0.001857971,-0.02320326,0.03475993,0.001857971,-0.02320326,-0.6399841,0.001541138,0.7683716,-0.6399841,0.001541138,0.7683716,5.5522,5.5522,True,True,True
1618757,63779589501782,-13.45506,2.589196,-0.08271402,0.01701861,0.8871436,-0.03154237,0.4600997,0.002515396,0.002536911,-0.02472019,-0.5720825,-0.01087952,0.8201141,0.03459313,0.001883926,-0.02307733,0.03459313,0.001883926,-0.02307733,-0.6333618,-0.002609253,0.7738495,-0.6333618,-0.002609253,0.7738495,5.480728,5.480728,True,True,True
1618765,63779589501782,-13.45506,2.589196,-0.08271402,0.01701861,0.8871436,-0.03154237,0.4600997,-0.003160797,0.002620697,-0.02492403,-0.5526886,-0.01348877,0.8332672,0.03446466,0.001882294,-0.02296575,0.03446466,0.001882294,-0.02296575,-0.6146851,-0.00604248,0.7887421,-0.6146851,-0.00604248,0.7887421,5.48703,5.48703,True,True,True
1618773,63779589501794,-13.45381,2.589194,-0.08159649,0.01768072,0.8833188,-0.03159457,0.4673726,-0.003355469,0.002597717,-0.02485999,-0.5396729,-0.02442932,0.841507,0.03434662,0.001888001,-0.0228934,0.03434662,0.001888001,-0.0228934,-0.6049042,0.004455566,0.7962799,-0.6049042,0.004455566,0.7962799,5.595764,5.595764,True,True,True
1618782,63779589501805,-13.45271,2.589063,-0.08058029,0.01822442,0.879613,-0.03163248,0.4742871,0.02522225,0.002060761,-0.02329768,-0.5661621,0.01187134,0.8241882,0.03426688,0.001889481,-0.02282538,0.03426688,0.001889481,-0.02282538,-0.5857544,0.01435852,0.8103485,-0.5857544,0.01435852,0.8103485,5.596237,5.596237,True,True,True
1618790,63779589501817,-13.45185,2.588886,-0.07970107,0.01842506,0.8767801,-0.03207375,0.4794669,0.02560622,0.002059265,-0.0232126,-0.5592499,0.001754761,0.8289795,0.03417783,0.001901749,-0.02276312,0.03417783,0.001901749,-0.02276312,-0.5783844,0.002883911,0.8157501,-0.5783844,0.002883911,0.8157501,5.531021,5.531021,True,True,True
1618798,63779589501817,-13.45185,2.588886,-0.07970107,0.01842506,0.8767801,-0.03207375,0.4794669,0.02490297,0.002070618,-0.02318695,-0.5364838,0.003173828,0.8438873,0.03413295,0.001896973,-0.02269974,0.03413295,0.001896973,-0.02269974,-0.5530396,0.007598877,0.8331146,-0.5530396,0.007598877,0.8331146,5.537247,5.537247,True,True,True
1618807,63779589501828,-13.45107,2.588626,-0.07896,0.01875994,0.8744003,-0.0325631,0.4837478,0.02454411,0.002075455,-0.02316084,-0.5237732,0.01152039,0.8517761,0.03407715,0.001894364,-0.02266071,0.03407715,0.001894364,-0.02266071,-0.5424652,0.01878357,0.839859,-0.5424652,0.01878357,0.839859,5.471741,5.471741,True,True,True
1618815,63779589501840,-13.45029,2.588431,-0.07824647,0.01950758,0.872114,-0.03311344,0.4877912,0.02536841,0.002064178,-0.02307486,-0.5085754,0.01245117,0.8609161,0.0340405,0.001898895,-0.02261891,0.0340405,0.001898895,-0.02261891,-0.5266571,0.01371765,0.8499603,-0.5266571,0.01371765,0.8499603,5.524216,5.524216,True,True,True
1618823,63779589501850,-13.44972,2.588257,-0.07775271,0.02063111,0.8705337,-0.03346084,0.4905364,-0.003258347,0.002631546,-0.02454764,-0.4410706,0.002471924,0.8974609,0.03399638,0.001902695,-0.02257111,0.03399638,0.001902695,-0.02257111,-0.5056305,0.02110291,0.8624725,-0.5056305,0.02110291,0.8624725,5.479431,5.479431,True,True,True
1618832,63779589501850,-13.44972,2.588257,-0.07775271,0.02063111,0.8705337,-0.03346084,0.4905364,0.02138731,0.002161362,-0.02322284,-0.4836426,0.01802063,0.875061,0.03395227,0.00191098,-0.02256221,0.03395227,0.00191098,-0.02256221,-0.5067596,0.02735901,0.8616333,-0.5067596,0.02735901,0.8616333,5.516678,5.516678,True,True,True
1618840,63779589501862,-13.44918,2.588101,-0.07732958,0.0219182,0.8693046,-0.03381686,0.4926313,0.02116239,0.002168091,-0.02319698,-0.4697266,0.01730347,0.8826294,0.03390718,0.001912155,-0.0225266,0.03390718,0.001912155,-0.0225266,-0.4927368,0.02720642,0.8697357,-0.4927368,0.02720642,0.8697357,5.529053,5.529053,True,True,True
1618848,63779589501873,-13.44863,2.587903,-0.07694536,0.02298127,0.8682456,-0.03405637,0.4944305,0.02081929,0.002195725,-0.02321033,-0.4790649,0.01960754,0.8775482,0.03384645,0.001936951,-0.02253246,0.03384645,0.001936951,-0.02253246,-0.5117493,0.02905273,0.8586273,-0.5117493,0.02905273,0.8586273,5.636353,5.636353,True,True,True
1618857,63779589501884,-13.44806,2.587767,-0.07673383,0.02402399,0.8677667,-0.03444159,0.4951944,0.0188175,0.002254639,-0.02325549,-0.4568481,0.01364136,0.8894348,0.03379035,0.001955185,-0.02246805,0.03379035,0.001955185,-0.02246805,-0.4889374,0.02557373,0.871933,-0.4889374,0.02557373,0.871933,5.574585,5.574585,True,True,True
1618865,63779589501884,-13.44806,2.587767,-0.07673383,0.02402399,0.8677667,-0.03444159,0.4951944,0.01785213,0.002295349,-0.02329346,-0.4481812,0.02244568,0.8936462,0.03375321,0.001970657,-0.02245207,0.03375321,0.001970657,-0.02245207,-0.4850616,0.02850342,0.8740082,-0.4850616,0.02850342,0.8740082,5.518356,5.518356,True,True,True
1618873,63779589501896,-13.44764,2.587549,-0.07649755,0.02509501,0.8674174,-0.03472374,0.4957335,0.0177282,0.002306229,-0.02328175,-0.4427032,0.01541138,0.8965302,0.03374927,0.001979752,-0.02243657,0.03374927,0.001979752,-0.02243657,-0.4802246,0.02337646,0.8768158,-0.4802246,0.02337646,0.8768158,5.521118,5.521118,True,True,True
1618882,63779589501906,-13.44716,2.587416,-0.07646906,0.02626616,0.8675442,-0.03518319,0.4954182,0.01696295,0.002333359,-0.02332446,-0.4369507,0.02072144,0.899231,0.03376007,0.001985367,-0.02244119,0.03376007,0.001985367,-0.02244119,-0.4758453,0.03138733,0.878952,-0.4758453,0.03138733,0.878952,5.42424,5.42424,True,True,True
1618890,63779589501906,-13.44716,2.587416,-0.07646906,0.02626616,0.8675442,-0.03518319,0.4954182,0.01571629,0.002372772,-0.02345714,-0.4443817,0.01734924,0.8956604,0.03391953,0.001986954,-0.02251421,0.03391953,0.001986954,-0.02251421,-0.4815979,0.02931213,0.875885,-0.4815979,0.02931213,0.875885,5.560364,5.560364,True,True,True
1618898,63779589501918,-13.44684,2.587213,-0.07639515,0.02741708,0.8678623,-0.03551649,0.4947746,0.01440942,0.002455887,-0.02361597,-0.4715576,0.01304626,0.8817291,0.03405722,0.002042694,-0.02260028,0.03405722,0.002042694,-0.02260028,-0.5102844,0.02545166,0.8596191,-0.5102844,0.02545166,0.8596191,5.465057,5.465057,True,True,True
1618907,63779589501929,-13.44634,2.587126,-0.07644969,0.02871065,0.8681379,-0.03597063,0.4941845,0.01514598,0.002491989,-0.02367725,-0.49086,0.02677917,0.8708191,0.03419086,0.002080673,-0.02270215,0.03419086,0.002080673,-0.02270215,-0.5322876,0.03892517,0.8456573,-0.5322876,0.03892517,0.8456573,5.491806,5.491806,True,True,True
1618915,63779589501940,-13.44603,2.586965,-0.07651991,0.02989452,0.8686105,-0.03642488,0.4932499,0.000113205,0.002859985,-0.02454137,-0.4883575,0.02478027,0.8722839,0.0342815,0.002098724,-0.02281688,0.0342815,0.002098724,-0.02281688,-0.5606079,0.04666138,0.8267517,-0.5606079,0.04666138,0.8267517,5.517532,5.517532,True,True,True
1618923,63779589501940,-13.44603,2.586965,-0.07651991,0.02989452,0.8686105,-0.03642488,0.4932499,-0.00573079,0.003019989,-0.02481854,-0.4655762,0.02072144,0.8847504,0.03429138,0.002118835,-0.02280817,0.03429138,0.002118835,-0.02280817,-0.5548553,0.05218506,0.8302917,-0.5548553,0.05218506,0.8302917,5.528473,5.528473,True,True,True
1618932,63779589501952,-13.44579,2.586788,-0.07648224,0.03082139,0.8691684,-0.03679393,0.4921815,-0.008395035,0.003095719,-0.02496514,-0.4729614,0.02357483,0.8807526,0.03429802,0.002127304,-0.02280071,0.03429802,0.002127304,-0.02280071,-0.5579224,0.03761292,0.8290253,-0.5579224,0.03761292,0.8290253,5.649185,5.649185,True,True,True
1618940,63779589501963,-13.44551,2.586586,-0.0764963,0.03181484,0.8696349,-0.037276,0.491257,-0.01054868,0.00315361,-0.0250537,-0.454422,0.01728821,0.8906097,0.03431157,0.002143753,-0.02282474,0.03431157,0.002143753,-0.02282474,-0.5610046,0.05160522,0.8261871,-0.5610046,0.05160522,0.8261871,5.568909,5.568909,True,True,True
1618948,63779589501974,-13.44534,2.586402,-0.07647043,0.03267911,0.8700867,-0.03777849,0.4903611,-0.009677796,0.003163819,-0.02502715,-0.461441,0.02442932,0.8868256,0.0343304,0.002150849,-0.02284273,0.0343304,0.002150849,-0.02284273,-0.5643463,0.05278015,0.8238373,-0.5643463,0.05278015,0.8238373,5.604416,5.604416,True,True,True
1618957,63779589501974,-13.44534,2.586402,-0.07647043,0.03267911,0.8700867,-0.03777849,0.4903611,-0.007341339,0.003128403,-0.02492136,-0.4698944,0.02670288,0.882309,0.03435977,0.002146347,-0.02285419,0.03435977,0.002146347,-0.02285419,-0.5597687,0.05671692,0.8266907,-0.5597687,0.05671692,0.8266907,5.62764,5.62764,True,True,True
1618965,63779589501985,-13.44502,2.586261,-0.07653391,0.03359282,0.8704692,-0.03831141,0.4895785,-0.002524567,0.00301503,-0.02467215,-0.4706726,0.02864075,0.8818359,0.03437865,0.002146286,-0.02285597,0.03437865,0.002146286,-0.02285597,-0.5547638,0.05654907,0.8300781,-0.5547638,0.05654907,0.8300781,5.60585,5.60585,True,True,True
1618973,63779589501996,-13.44475,2.586159,-0.07658601,0.03444215,0.8708962,-0.03897649,0.488707,0.004058441,0.002868179,-0.02436182,-0.4874115,0.03988647,0.8722534,0.03439662,0.002150528,-0.02286386,0.03439662,0.002150528,-0.02286386,-0.5539551,0.0557251,0.830658,-0.5539551,0.0557251,0.830658,5.543655,5.543655,True,True,True
1618982,63779589502007,-13.4446,2.585955,-0.07654917,0.03504537,0.8712935,-0.03961365,0.4879037,0.00822551,0.002780396,-0.02416187,-0.5012665,0.04071045,0.8643188,0.03440117,0.002161774,-0.02287369,0.03440117,0.002161774,-0.02287369,-0.5564728,0.0599823,0.8286896,-0.5564728,0.0599823,0.8286896,5.549606,5.549606,True,True,True
1618990,63779589502007,-13.4446,2.585955,-0.07654917,0.03504537,0.8712935,-0.03961365,0.4879037,0.00938208,0.002772171,-0.02412462,-0.5145264,0.04318237,0.856369,0.03440369,0.002187531,-0.02290038,0.03440369,0.002187531,-0.02290038,-0.5707703,0.05969238,0.818924,-0.5707703,0.05969238,0.818924,5.557373,5.557373,True,True,True
1618998,63779589502018,-13.44426,2.585732,-0.07655722,0.03548954,0.8716557,-0.0405022,0.4871512,0.009558259,0.002776474,-0.02409416,-0.5046539,0.0431366,0.8622284,0.0343942,0.002197327,-0.02286765,0.0343942,0.002197327,-0.02286765,-0.5576935,0.05696106,0.8280792,-0.5576935,0.05696106,0.8280792,5.565155,5.565155,True,True,True
1619007,63779589502029,-13.44412,2.585531,-0.07649893,0.03597431,0.871953,-0.04118362,0.4865263,0.01010838,0.002779862,-0.02407547,-0.5114288,0.03996277,0.8583832,0.03439969,0.002211243,-0.02288197,0.03439969,0.002211243,-0.02288197,-0.5654602,0.0519104,0.8231201,-0.5654602,0.0519104,0.8231201,5.633743,5.633743,True,True,True
1619015,63779589502040,-13.44378,2.585372,-0.07651275,0.0365287,0.87225,-0.04203613,0.4858794,0.01098259,0.002763581,-0.02402539,-0.5082092,0.04219055,0.8601837,0.03440364,0.002210205,-0.0228728,0.03440364,0.002210205,-0.0228728,-0.5546875,0.05865479,0.8299713,-0.5546875,0.05865479,0.8299713,5.567978,5.567978,True,True,True
1619023,63779589502051,-13.44365,2.585188,-0.07646132,0.03729525,0.8725023,-0.0428477,0.4852967,0.01122887,0.002776199,-0.02402226,-0.5108643,0.03869629,0.8587799,0.03440521,0.002212143,-0.02287782,0.03440521,0.002212143,-0.02287782,-0.5609436,0.05406189,0.8260803,-0.5609436,0.05406189,0.8260803,5.537704,5.537704,True,True,True
1619032,63779589502051,-13.44365,2.585188,-0.07646132,0.03729525,0.8725023,-0.0428477,0.4852967,0.01301633,0.002737824,-0.02393791,-0.5196686,0.04124451,0.8533478,0.03440678,0.002214096,-0.02288283,0.03440678,0.002214096,-0.02288283,-0.5659943,0.05795288,0.8223572,-0.5659943,0.05795288,0.8223572,5.583649,5.583649,True,True,True
1619040,63779589502063,-13.44341,2.585,-0.0765003,0.03813943,0.8726742,-0.04360593,0.4848545,0.01283926,0.002745773,-0.02394663,-0.5157776,0.03994751,0.8557739,0.03440929,0.002217133,-0.0228902,0.03440929,0.002217133,-0.0228902,-0.565918,0.0585022,0.8223724,-0.565918,0.0585022,0.8223724,5.591843,5.591843,True,True,True
1619048,63779589502074,-13.44322,2.584769,-0.07656479,0.03897699,0.872766,-0.04441474,0.4845489,0.01146469,0.002783066,-0.02401982,-0.5119476,0.04194641,0.8579712,0.03441179,0.002220185,-0.02289758,0.03441179,0.002220185,-0.02289758,-0.565094,0.05892944,0.8229065,-0.565094,0.05892944,0.8229065,5.594849,5.594849,True,True,True
1619057,63779589502074,-13.44322,2.584769,-0.07656479,0.03897699,0.872766,-0.04441474,0.4845489,0.01143729,0.002786759,-0.02402318,-0.5115967,0.04545593,0.8580017,0.03441444,0.002222229,-0.02289853,0.03441444,0.002222229,-0.02289853,-0.5648041,0.06085205,0.8229675,-0.5648041,0.06085205,0.8229675,5.589432,5.589432,True,True,True
1619065,63779589502085,-13.4431,2.584555,-0.07650995,0.03978204,0.8729442,-0.04529928,0.4840802,0.01105409,0.002823898,-0.02405341,-0.5145416,0.0395813,0.8565369,0.03442562,0.002266678,-0.02291747,0.03442562,0.002266678,-0.02291747,-0.5715332,0.05430603,0.8187561,-0.5715332,0.05430603,0.8187561,5.568848,5.568848,True,True,True
1619073,63779589502096,-13.44287,2.584363,-0.0766148,0.04037832,0.8730686,-0.04633556,0.4837084,0.01112773,0.00283226,-0.02403807,-0.5097046,0.03321838,0.8596954,0.03442781,0.002273209,-0.02289465,0.03442781,0.002273209,-0.02289465,-0.5617828,0.04733276,0.8259125,-0.5617828,0.04733276,0.8259125,5.463409,5.463409,True,True,True
1619082,63779589502107,-13.44274,2.584172,-0.076536,0.04072101,0.8731693,-0.04729972,0.4834045,0.01102252,0.002841568,-0.02405875,-0.5103912,0.04421997,0.8587952,0.03443301,0.002282654,-0.02292033,0.03443301,0.002282654,-0.02292033,-0.5653076,0.06390381,0.8223877,-0.5653076,0.06390381,0.8223877,5.461487,5.461487,True,True,True
1619090,63779589502107,-13.44274,2.584172,-0.076536,0.04072101,0.8731693,-0.04729972,0.4834045,0.01082294,0.002843277,-0.02407094,-0.5125427,0.04464722,0.8574982,0.03443376,0.002278183,-0.02292201,0.03443376,0.002278183,-0.02292201,-0.5653839,0.06407166,0.8223267,-0.5653839,0.06407166,0.8223267,5.48407,5.48407,True,True,True
1619098,63779589502119,-13.44243,2.583973,-0.07654095,0.0410593,0.8731161,-0.0483962,0.4833634,0.01092838,0.002754807,-0.02406473,-0.5140991,0.04136658,0.85672,0.0344352,0.002190262,-0.0229133,0.0344352,0.002190262,-0.0229133,-0.562439,0.05659485,0.8248901,-0.562439,0.05659485,0.8248901,5.52533,5.52533,True,True,True
1619107,63779589502130,-13.4423,2.583839,-0.07643402,0.04151688,0.872973,-0.04943002,0.4834782,0.01116882,0.002520569,-0.02403716,-0.5180054,0.01707458,0.8551941,0.034401,0.001989807,-0.02289413,0.034401,0.001989807,-0.02289413,-0.5681305,0.03184509,0.8223114,-0.5681305,0.03184509,0.8223114,5.506653,5.506653,True,True,True
1619115,63779589502140,-13.44209,2.583637,-0.07642442,0.04218531,0.8728071,-0.05043741,0.4836158,0.01417412,0.002163559,-0.02388849,-0.5462799,-0.04833984,0.8361969,0.0343871,0.001720383,-0.02288413,0.0343871,0.001720383,-0.02288413,-0.5826263,-0.03074646,0.812149,-0.5826263,-0.03074646,0.812149,5.370438,5.370438,True,True,True
1619123,63779589502140,-13.44209,2.583637,-0.07642442,0.04218531,0.8728071,-0.05043741,0.4836158,0.01808164,0.001774323,-0.02369002,-0.5614624,-0.09953308,0.8214722,0.03433435,0.001431732,-0.02286156,0.03433435,0.001431732,-0.02286156,-0.5868988,-0.08886719,0.8047485,-0.5868988,-0.08886719,0.8047485,5.452606,5.452606,True,True,True
1619132,63779589502152,-13.44192,2.583445,-0.07642686,0.04309709,0.8725616,-0.05151886,0.4838644,0.02152072,0.001477707,-0.02349803,-0.5622711,-0.155304,0.8122253,0.03429268,0.001207062,-0.02285459,0.03429268,0.001207062,-0.02285459,-0.5878143,-0.1434174,0.7961731,-0.5878143,-0.1434174,0.7961731,5.348099,5.348099,True,True,True
1619140,63779589502163,-13.44183,2.583236,-0.0763728,0.04390999,0.8722641,-0.05263785,0.4842072,0.0227744,0.001283112,-0.02343803,-0.5601196,-0.206955,0.802124,0.03426291,0.001041885,-0.02285379,0.03426291,0.001041885,-0.02285379,-0.5851135,-0.2035522,0.7849731,-0.5851135,-0.2035522,0.7849731,5.380096,5.380096,True,True,True
1619148,63779589502174,-13.44168,2.58304,-0.07633227,0.04467607,0.8720142,-0.05370292,0.4844701,0.02270581,0.001155426,-0.02345038,-0.5605011,-0.2259827,0.7967072,0.03421779,0.0009093323,-0.02286916,0.03421779,0.0009093323,-0.02286916,-0.588623,-0.2214203,0.7774811,-0.588623,-0.2214203,0.7774811,5.464462,5.464462,True,True,True
1619157,63779589502174,-13.44168,2.58304,-0.07633227,0.04467607,0.8720142,-0.05370292,0.4844701,0.02183945,0.001107819,-0.0234657,-0.545929,-0.2442932,0.8014069,0.03418666,0.0008462372,-0.0228347,0.03418666,0.0008462372,-0.0228347,-0.5717316,-0.2389679,0.7848511,-0.5717316,-0.2389679,0.7848511,5.361542,5.361542,True,True,True
1619165,63779589502185,-13.44158,2.582855,-0.07624221,0.04521989,0.8717493,-0.05474674,0.4847794,0.02103578,0.001130325,-0.02354161,-0.561554,-0.2427673,0.7910156,0.03419419,0.0008567658,-0.0228799,0.03419419,0.0008567658,-0.0228799,-0.5943451,-0.2364349,0.7686615,-0.5943451,-0.2364349,0.7686615,5.452774,5.452774,True,True,True
1619173,63779589502196,-13.44135,2.582712,-0.07618767,0.04568506,0.8714179,-0.05575417,0.4852166,0.01851569,0.001184738,-0.02365668,-0.5435791,-0.2364044,0.8053589,0.034208,0.0008727112,-0.0228535,0.034208,0.0008727112,-0.0228535,-0.5798645,-0.2355194,0.7799225,-0.5798645,-0.2355194,0.7799225,5.50531,5.50531,True,True,True
1619182,63779589502207,-13.44112,2.582605,-0.07599765,0.04618456,0.8711865,-0.05680492,0.4854629,0.0140305,0.001317963,-0.02386147,-0.5302734,-0.2446442,0.8117523,0.03421251,0.0008845673,-0.02283576,0.03421251,0.0008845673,-0.02283576,-0.5698395,-0.2381897,0.7864685,-0.5698395,-0.2381897,0.7864685,5.403671,5.403671,True,True,True
1619190,63779589502207,-13.44112,2.582605,-0.07599765,0.04618456,0.8711865,-0.05680492,0.4854629,0.01126811,0.001391037,-0.02401012,-0.5280304,-0.2458496,0.812851,0.03422206,0.0009019623,-0.02286018,0.03422206,0.0009019623,-0.02286018,-0.5813599,-0.2323151,0.7797699,-0.5813599,-0.2323151,0.7797699,5.450775,5.450775,True,True,True
1619198,63779589502218,-13.44101,2.582538,-0.07596242,0.04655578,0.8708237,-0.0576744,0.4859756,0.01151753,0.001399811,-0.02398972,-0.5312958,-0.2453766,0.8108521,0.03422603,0.0009076844,-0.02285106,0.03422603,0.0009076844,-0.02285106,-0.5757904,-0.2351227,0.7830505,-0.5757904,-0.2351227,0.7830505,5.388,5.388,True,True,True
1619207,63779589502230,-13.44085,2.582415,-0.07594144,0.04702141,0.8704829,-0.05859466,0.4864311,0.01177017,0.001399277,-0.02397026,-0.5291748,-0.2481842,0.8113861,0.03422919,0.0009128418,-0.02284836,0.03422919,0.0009128418,-0.02284836,-0.5733032,-0.2369232,0.7843323,-0.5733032,-0.2369232,0.7843323,5.370392,5.370392,True,True,True
1619215,63779589502241,-13.44079,2.582265,-0.07591575,0.04717424,0.8702415,-0.05962046,0.4867236,0.0121459,0.001401108,-0.02393662,-0.5236511,-0.2467651,0.8153992,0.03423576,0.0009276429,-0.02282927,0.03423576,0.0009276429,-0.02282927,-0.5640564,-0.2349854,0.7915802,-0.5640564,-0.2349854,0.7915802,5.281265,5.281265,True,True,True
1619223,63779589502241,-13.44079,2.582265,-0.07591575,0.04717424,0.8702415,-0.05962046,0.4867236,0.0121196,0.001412582,-0.02394524,-0.5291748,-0.2425842,0.8130798,0.03424181,0.0009424439,-0.02283475,0.03424181,0.0009424439,-0.02283475,-0.5673676,-0.2370148,0.7886047,-0.5673676,-0.2370148,0.7886047,5.345383,5.345383,True,True,True
1619232,63779589502252,-13.4407,2.582128,-0.07589418,0.04720701,0.8700509,-0.0606829,0.4869297,0.01242946,0.001423431,-0.02392716,-0.5298462,-0.2427521,0.8125916,0.03424424,0.0009665223,-0.02283891,0.03424424,0.0009665223,-0.02283891,-0.5708771,-0.2324066,0.7874451,-0.5708771,-0.2324066,0.7874451,5.270065,5.270065,True,True,True
1619240,63779589502262,-13.44067,2.582066,-0.07586813,0.04714026,0.8699958,-0.06176591,0.4868985,0.01239275,0.001437378,-0.02393051,-0.5314941,-0.2389679,0.8126373,0.0342506,0.0009823152,-0.02284299,0.0342506,0.0009823152,-0.02284299,-0.5717926,-0.2283783,0.7879486,-0.5717926,-0.2283783,0.7879486,5.419693,5.419693,True,True,True
1619248,63779589502274,-13.44071,2.581933,-0.0759185,0.04676895,0.8700392,-0.06273812,0.4867324,0.01263554,0.001436798,-0.02391521,-0.5296326,-0.2395325,0.8136902,0.03425835,0.0009888306,-0.02284018,0.03425835,0.0009888306,-0.02284018,-0.5682831,-0.2315369,0.789566,-0.5682831,-0.2315369,0.789566,5.319,5.319,True,True,True
1619257,63779589502274,-13.44071,2.581933,-0.0759185,0.04676895,0.8700392,-0.06273812,0.4867324,0.01168878,0.001458725,-0.02396434,-0.5266418,-0.2333374,0.8174133,0.03426252,0.0009923097,-0.02284625,0.03426252,0.0009923097,-0.02284625,-0.5687256,-0.2218628,0.7920227,-0.5687256,-0.2218628,0.7920227,5.429276,5.429276,True,True,True
1619265,63779589502285,-13.44079,2.581822,-0.07601672,0.04641842,0.870112,-0.06366913,0.4865148,0.01139938,0.001470291,-0.02397229,-0.5247955,-0.23909,0.8169556,0.03426271,0.001001358,-0.02283855,0.03426271,0.001001358,-0.02283855,-0.5656738,-0.2312317,0.7915344,-0.5656738,-0.2312317,0.7915344,5.297531,5.297531,True,True,True
1619273,63779589502296,-13.4409,2.581772,-0.07614362,0.04606749,0.8703712,-0.06456181,0.4859666,0.01135045,0.001476807,-0.02396979,-0.5224457,-0.2409515,0.8179016,0.03426224,0.001009094,-0.0228318,0.03426224,0.001009094,-0.0228318,-0.5622253,-0.2332306,0.793396,-0.5622253,-0.2332306,0.793396,5.358765,5.358765,True,True,True
1619282,63779589502307,-13.44093,2.581693,-0.07631934,0.0456082,0.8706851,-0.06551616,0.4853196,0.01284,0.001452072,-0.02389925,-0.5275574,-0.2421265,0.81427,0.03426271,0.00101683,-0.02283855,0.03426271,0.00101683,-0.02283855,-0.5656128,-0.2349701,0.7904816,-0.5656128,-0.2349701,0.7904816,5.329254,5.329254,True,True,True
1619290,63779589502307,-13.44093,2.581693,-0.07631934,0.0456082,0.8706851,-0.06551616,0.4853196,0.01104916,0.001500397,-0.02397333,-0.5219116,-0.2454987,0.8168945,0.0342643,0.001036057,-0.02281545,0.0342643,0.001036057,-0.02281545,-0.5606232,-0.2402344,0.79245,-0.5606232,-0.2402344,0.79245,5.326752,5.326752,True,True,True
1619298,63779589502318,-13.44113,2.581665,-0.07656586,0.0450194,0.8711922,-0.06636224,0.4843485,0.01099083,0.00150351,-0.02398172,-0.5234833,-0.2446442,0.8161469,0.03427352,0.001038345,-0.02282578,0.03427352,0.001038345,-0.02282578,-0.5623779,-0.2392883,0.7914886,-0.5623779,-0.2392883,0.7914886,5.285828,5.285828,True,True,True
1619307,63779589502329,-13.44137,2.5816,-0.07685757,0.04459402,0.8719007,-0.06732658,0.4829779,0.01108853,0.001503616,-0.02397855,-0.5246735,-0.2424774,0.8160248,0.0342759,0.001041946,-0.02282907,0.0342759,0.001041946,-0.02282907,-0.5651703,-0.2362823,0.7904053,-0.5651703,-0.2362823,0.7904053,5.348816,5.348816,True,True,True
1619315,63779589502340,-13.4416,2.581566,-0.07719868,0.04410985,0.8727775,-0.0683085,0.4812979,0.01108133,0.001505493,-0.02397797,-0.522934,-0.2446289,0.8164978,0.03427826,0.001044998,-0.02282712,0.03427826,0.001044998,-0.02282712,-0.5613098,-0.2408752,0.7917633,-0.5613098,-0.2408752,0.7917633,5.377121,5.377121,True,True,True
1619323,63779589502340,-13.4416,2.581566,-0.07719868,0.04410985,0.8727775,-0.0683085,0.4812979,0.01105379,0.001500748,-0.02398517,-0.5217743,-0.2420807,0.8179932,0.03428797,0.001040161,-0.0228362,0.03428797,0.001040161,-0.0228362,-0.5604095,-0.2322998,0.7949524,-0.5604095,-0.2322998,0.7949524,5.381836,5.381836,True,True,True
1619332,63779589502351,-13.44192,2.581506,-0.07770026,0.04373707,0.8740265,-0.06926873,0.4789222,0.008827927,0.001530258,-0.02405499,-0.4936066,-0.2419281,0.8353424,0.03427603,0.001030762,-0.02275153,0.03427603,0.001030762,-0.02275153,-0.5202637,-0.2421265,0.8189545,-0.5202637,-0.2421265,0.8189545,5.395004,5.395004,True,True,True
1619340,63779589502362,-13.44232,2.581388,-0.07811737,0.04327016,0.8754131,-0.0704513,0.4762523,0.006046204,0.001583481,-0.02416699,-0.4839325,-0.2528076,0.8377838,0.03425803,0.001022797,-0.02272138,0.03425803,0.001022797,-0.02272138,-0.5065765,-0.2496643,0.8252411,-0.5065765,-0.2496643,0.8252411,5.283539,5.283539,True,True,True
1619348,63779589502374,-13.4428,2.581235,-0.07872188,0.0425577,0.8774256,-0.07204589,0.4723586,0.009815644,0.001475891,-0.02396379,-0.4987793,-0.2080688,0.8413696,0.034105,0.001000076,-0.02277243,0.034105,0.001000076,-0.02277243,-0.5478668,-0.1885834,0.8150177,-0.5478668,-0.1885834,0.8150177,5.301849,5.301849,True,True,True
1619357,63779589502374,-13.4428,2.581235,-0.07872188,0.0425577,0.8774256,-0.07204589,0.4723586,0.006063798,0.001634613,-0.02393929,-0.4628296,-0.2312927,0.8557281,0.03375572,0.001153412,-0.02252677,0.03375572,0.001153412,-0.02252677,-0.5376434,-0.2203979,0.8138428,-0.5376434,-0.2203979,0.8138428,5.394455,5.394455,True,True,True
1619365,63779589502385,-13.44334,2.581125,-0.0793401,0.04176578,0.8793667,-0.07366557,0.4685544,0.02191412,0.001354141,-0.02295531,-0.4315186,-0.221756,0.8744202,0.03356273,0.001140991,-0.02235492,0.03356273,0.001140991,-0.02235492,-0.4551392,-0.2127686,0.8646088,-0.4551392,-0.2127686,0.8646088,5.204636,5.204636,True,True,True
1619373,63779589502396,-13.44401,2.581053,-0.080051,0.04056305,0.8821255,-0.0754407,0.4631609,0.02601318,0.001329422,-0.02258782,-0.387619,-0.2562103,0.8854828,0.03332994,0.001196426,-0.02220262,0.03332994,0.001196426,-0.02220262,-0.4024963,-0.2548828,0.8792114,-0.4024963,-0.2548828,0.8792114,4.834885,4.834885,True,True,True
1619382,63779589502407,-13.44468,2.580983,-0.08080631,0.03923459,0.8849977,-0.07718258,0.4574743,-0.01591582,0.002139389,-0.02451967,-0.2454834,-0.2718048,0.9305115,0.03309571,0.001460907,-0.02189578,0.03309571,0.001460907,-0.02189578,-0.3098907,-0.3781433,0.8723297,-0.3098907,-0.3781433,0.8723297,4.679199,4.679199,True,True,True
1619390,63779589502407,-13.44468,2.580983,-0.08080631,0.03923459,0.8849977,-0.07718258,0.4574743,0.0294577,0.001410858,-0.02201465,-0.2824554,-0.3154907,0.905899,0.03281124,0.001372666,-0.02190384,0.03281124,0.001372666,-0.02190384,-0.2888184,-0.3209229,0.9019775,-0.2888184,-0.3209229,0.9019775,4.762299,4.762299,True,True,True
1619398,63779589502418,-13.4455,2.580977,-0.08159292,0.0377303,0.8884225,-0.07891354,0.4506158,0.03252465,0.001282303,-0.02186008,-0.2126312,-0.2783813,0.9366302,0.0325247,0.001282303,-0.02186008,0.0325247,0.001282303,-0.02186008,-0.2126312,-0.2783813,0.9366302,-0.2126312,-0.2783813,0.9366302,4.726639,4.726639,True,True,True
1619407,63779589502429,-13.44641,2.58104,-0.08245814,0.03642178,0.8918714,-0.08041559,0.4435902,-0.02554976,0.001472855,-0.02106294,-0.07217407,-0.2310028,0.9702606,0.03225809,0.001459534,-0.02171485,0.03225809,0.001459534,-0.02171485,0,0,0,0,0,0,-1,-1,True,True,True
1619415,63779589502441,-13.44739,2.581024,-0.08333814,0.03502314,0.8957284,-0.08175589,0.4356145,-0.02596903,0.001628876,-0.0218174,-0.07185364,-0.1749115,0.9819489,0.03192877,0.001420441,-0.02166748,0.03192877,0.001420441,-0.02166748,0,0,0,0,0,0,-1,-1,True,True,True
1619423,63779589502441,-13.44739,2.581024,-0.08333814,0.03502314,0.8957284,-0.08175589,0.4356145,-0.001,-0.001,-0.001,1,-1,-1,0.03197943,0.001368652,-0.02164031,0.03197943,0.001368652,-0.02164031,0,0,0,0,0,0,-1,-1,False,True,True
1619432,63779589502451,-13.44851,2.58104,-0.08427,0.03385719,0.899596,-0.0828854,0.4274468,-0.001,-0.001,-0.001,1,-1,-1,0.03207975,0.001135849,-0.02099904,0.03207975,0.001135849,-0.02099904,0,0,0,0,0,0,-1,-1,False,True,True
1619440,63779589502462,-13.44965,2.581066,-0.08536148,0.03258581,0.9035386,-0.0838789,0.4189517,-0.001,-0.001,-0.001,1,-1,-1,0.03251021,0.001296295,-0.02149283,0.03251021,0.001296295,-0.02149283,0,0,0,0,0,0,-1,-1,False,True,True
1619448,63779589502474,-13.451,2.581067,-0.08649975,0.0315968,0.9077823,-0.0847657,0.4095702,-0.001,-0.001,-0.001,1,-1,-1,0.03177574,0.0007478943,-0.02159499,0.03177574,0.0007478943,-0.02159499,0,0,0,0,0,0,-1,-1,False,True,True
1619457,63779589502474,-13.451,2.581067,-0.08649975,0.0315968,0.9077823,-0.0847657,0.4095702,-0.001,-0.001,-0.001,1,-1,-1,0.03231417,0.0007001801,-0.0216331,0.03231417,0.0007001801,-0.0216331,0,0,0,0,0,0,-1,-1,False,True,True
1619465,63779589502484,-13.45239,2.581073,-0.08773935,0.0304317,0.9120775,-0.08567421,0.3998105,-0.001,-0.001,-0.001,1,-1,-1,0.03132486,-0.00022966,-0.02199262,0.03132486,-0.00022966,-0.02199262,0,0,0,0,0,0,-1,-1,False,True,True
1619473,63779589502495,-13.45402,2.581097,-0.08910865,0.02920589,0.9166949,-0.0866078,0.3889943,-0.001,-0.001,-0.001,1,-1,-1,0.03492185,-0.0005185242,-0.02426444,0.03492185,-0.0005185242,-0.02426444,0,0,0,0,0,0,-1,-1,False,True,True
1619482,63779589502506,-13.45566,2.581199,-0.09049666,0.02777965,0.9213384,-0.08759874,0.3777436,-0.001,-0.001,-0.001,1,-1,-1,0.03360761,-0.0009090729,-0.02401901,0.03360761,-0.0009090729,-0.02401901,0,0,0,0,0,0,-1,-1,False,True,True
1619490,63779589502506,-13.45566,2.581199,-0.09049666,0.02777965,0.9213384,-0.08759874,0.3777436,-0.001,-0.001,-0.001,1,-1,-1,0.03365886,-0.0009063111,-0.02303612,0.03365886,-0.0009063111,-0.02303612,0,0,0,0,0,0,-1,-1,False,True,True
1619498,63779589502518,-13.45743,2.581209,-0.09192896,0.02607832,0.9263697,-0.08850163,0.3651389,-0.001,-0.001,-0.001,1,-1,-1,0.03340753,-0.0006977387,-0.02295909,0.03340753,-0.0006977387,-0.02295909,0,0,0,0,0,0,-1,-1,False,True,True
1619507,63779589502529,-13.45933,2.581179,-0.09330481,0.0241313,0.9311963,-0.08941057,0.3525577,-0.001,-0.001,-0.001,1,-1,-1,0.0340439,-0.0008164215,-0.02351796,0.0340439,-0.0008164215,-0.02351796,0,0,0,0,0,0,-1,-1,False,True,True
1619515,63779589502541,-13.46132,2.581099,-0.09476537,0.0222499,0.9361961,-0.0905051,0.3388961,-0.001,-0.001,-0.001,1,-1,-1,0.03412643,-0.000276062,-0.02317969,0.03412643,-0.000276062,-0.02317969,0,0,0,0,0,0,-1,-1,False,True,True
1619523,63779589502541,-13.46132,2.581099,-0.09476537,0.0222499,0.9361961,-0.0905051,0.3388961,-0.001,-0.001,-0.001,1,-1,-1,0.03110625,-0.0007673493,-0.02229415,0.03110625,-0.0007673493,-0.02229415,0,0,0,0,0,0,-1,-1,False,True,True
1619532,63779589502551,-13.46353,2.581001,-0.09618163,0.0205218,0.9410349,-0.09173004,0.324989,-0.001,-0.001,-0.001,1,-1,-1,0.03217656,-0.001293747,-0.0224178,0.03217656,-0.001293747,-0.0224178,0,0,0,0,0,0,-1,-1,False,True,True
1619540,63779589502562,-13.46572,2.580924,-0.09761798,0.01870562,0.9458312,-0.09305244,0.3104747,-0.001,-0.001,-0.001,1,-1,-1,0.03088983,-0.001017166,-0.02237348,0.03088983,-0.001017166,-0.02237348,0,0,0,0,0,0,-1,-1,False,True,True
1619548,63779589502573,-13.46803,2.580864,-0.09898883,0.01700543,0.9505438,-0.09422518,0.2954639,-0.001,-0.001,-0.001,1,-1,-1,0.03109769,-0.0008265534,-0.0223107,0.03109769,-0.0008265534,-0.0223107,0,0,0,0,0,0,-1,-1,False,True,True
1619556,63779589502573,-13.46803,2.580864,-0.09898883,0.01700543,0.9505438,-0.09422518,0.2954639,-0.001,-0.001,-0.001,1,-1,-1,0.03496802,-5.615235E-06,-0.02388893,0.03496802,-5.615235E-06,-0.02388893,0,0,0,0,0,0,-1,-1,False,True,True
1619565,63779589502585,-13.47048,2.580789,-0.1003162,0.01550268,0.9549657,-0.09541032,0.2805302,-0.001,-0.001,-0.001,1,-1,-1,0.03498032,5.474854E-05,-0.02368414,0.03498032,5.474854E-05,-0.02368414,0,0,0,0,0,0,-1,-1,False,True,True
1619573,63779589502595,-13.47297,2.58073,-0.1016435,0.01392671,0.9593794,-0.09650454,0.2647339,-0.001,-0.001,-0.001,1,-1,-1,0.03236977,-0.001287048,-0.02239699,0.03236977,-0.001287048,-0.02239699,0,0,0,0,0,0,-1,-1,False,True,True
1619581,63779589502606,-13.47552,2.580668,-0.1029006,0.01235445,0.9634766,-0.09777285,0.2489995,-0.001,-0.001,-0.001,1,-1,-1,0.03135805,0.0005304108,-0.02178494,0.03135805,0.0005304108,-0.02178494,0,0,0,0,0,0,-1,-1,False,True,True
1619590,63779589502606,-13.47552,2.580668,-0.1029006,0.01235445,0.9634766,-0.09777285,0.2489995,-0.001,-0.001,-0.001,1,-1,-1,0.03155869,-0.0001259155,-0.0220136,0.03155869,-0.0001259155,-0.0220136,0,0,0,0,0,0,-1,-1,False,True,True
1619598,63779589502617,-13.47817,2.580542,-0.1041389,0.01069323,0.9674105,-0.09892312,0.232845,-0.001,-0.001,-0.001,1,-1,-1,0.03161224,-0.0003631134,-0.02204883,0.03161224,-0.0003631134,-0.02204883,0,0,0,0,0,0,-1,-1,False,True,True
1619606,63779589502628,-13.48068,2.5805,-0.1054245,0.008831339,0.9710531,-0.1000612,0.2167156,-0.001,-0.001,-0.001,1,-1,-1,0.03242037,-0.000494339,-0.02212175,0.03242037,-0.000494339,-0.02212175,0,0,0,0,0,0,-1,-1,False,True,True
1619615,63779589502639,-13.48341,2.580504,-0.1065782,0.006776627,0.9744982,-0.1008845,0.2003236,-0.001,-0.001,-0.001,1,-1,-1,0.03148961,0.0009237366,-0.0216461,0.03148961,0.0009237366,-0.0216461,0,0,0,0,0,0,-1,-1,False,True,True
1619623,63779589502650,-13.48614,2.580459,-0.1077276,0.0046344,0.9776906,-0.1017215,0.1837181,-0.001,-0.001,-0.001,1,-1,-1,0.03149585,0.000424057,-0.02181499,0.03149585,0.000424057,-0.02181499,0,0,0,0,0,0,-1,-1,False,True,True
1619631,63779589502650,-13.48614,2.580459,-0.1077276,0.0046344,0.9776906,-0.1017215,0.1837181,-0.001,-0.001,-0.001,1,-1,-1,0.03122691,0.000772522,-0.02179262,0.03122691,0.000772522,-0.02179262,0,0,0,0,0,0,-1,-1,False,True,True
1619640,63779589502661,-13.48894,2.580351,-0.108631,0.002590462,0.9806099,-0.1025584,0.1669711,-0.001,-0.001,-0.001,1,-1,-1,0.02827342,0.001692154,-0.0222199,0.02827342,0.001692154,-0.0222199,0,0,0,0,0,0,-1,-1,False,True,True
1619648,63779589502672,-13.49185,2.580162,-0.1095499,0.0006898714,0.9832295,-0.1035671,0.1501109,-0.001,-0.001,-0.001,1,-1,-1,0.02810954,0.001950348,-0.02234834,0.02810954,0.001950348,-0.02234834,0,0,0,0,0,0,-1,-1,False,True,True
1619656,63779589502672,-13.49185,2.580162,-0.1095499,0.0006898714,0.9832295,-0.1035671,0.1501109,-0.001,-0.001,-0.001,1,-1,-1,0.02769443,0.001856613,-0.02241727,0.02769443,0.001856613,-0.02241727,0,0,0,0,0,0,-1,-1,False,True,True
1619665,63779589502684,-13.49471,2.579903,-0.1103755,-0.001002734,0.9855186,-0.1048108,0.1332921,-0.001,-0.001,-0.001,1,-1,-1,0.02765517,0.002229508,-0.02235097,0.02765517,0.002229508,-0.02235097,0,0,0,0,0,0,-1,-1,False,True,True
1619673,63779589502695,-13.49765,2.579725,-0.1110085,-0.002638851,0.987513,-0.1061113,0.1164108,-0.001,-0.001,-0.001,1,-1,-1,0.02808508,0.003823487,-0.02195995,0.02808508,0.003823487,-0.02195995,0,0,0,0,0,0,-1,-1,False,True,True
1619681,63779589502706,-13.50057,2.579654,-0.1117788,-0.004352587,0.9892758,-0.1069219,0.09940869,-0.001,-0.001,-0.001,1,-1,-1,0.02791603,0.002412338,-0.02241309,0.02791603,0.002412338,-0.02241309,0,0,0,0,0,0,-1,-1,False,True,True
1619690,63779589502717,-13.5035,2.579681,-0.1122532,-0.006169406,0.9907858,-0.107456,0.08221044,-0.001,-0.001,-0.001,1,-1,-1,0.02781888,0.002437485,-0.02242218,0.02781888,0.002437485,-0.02242218,0,0,0,0,0,0,-1,-1,False,True,True
1619698,63779589502717,-13.5035,2.579681,-0.1122532,-0.006169406,0.9907858,-0.107456,0.08221044,-0.001,-0.001,-0.001,1,-1,-1,0.02771016,0.002614533,-0.02233994,0.02771016,0.002614533,-0.02233994,0,0,0,0,0,0,-1,-1,False,True,True
1619706,63779589502728,-13.50637,2.579635,-0.1128092,-0.008248254,0.9920264,-0.1076668,0.06498782,-0.001,-0.001,-0.001,1,-1,-1,0.02775305,0.002515778,-0.02258643,0.02775305,0.002515778,-0.02258643,0,0,0,0,0,0,-1,-1,False,True,True
1619715,63779589502739,-13.50932,2.57956,-0.1132401,-0.010374,0.9929926,-0.1076976,0.04753088,-0.001,-0.001,-0.001,1,-1,-1,0.02771894,0.002463226,-0.02245598,0.02771894,0.002463226,-0.02245598,0,0,0,0,0,0,-1,-1,False,True,True
1619723,63779589502750,-13.51228,2.579397,-0.1134889,-0.01252958,0.9936445,-0.1077687,0.02999367,-0.001,-0.001,-0.001,1,-1,-1,0.02764706,0.002485031,-0.02251988,0.02764706,0.002485031,-0.02251988,0,0,0,0,0,0,-1,-1,False,True,True
1619731,63779589502750,-13.51228,2.579397,-0.1134889,-0.01252958,0.9936445,-0.1077687,0.02999367,-0.001,-0.001,-0.001,1,-1,-1,0.02758322,0.002494858,-0.0226118,0.02758322,0.002494858,-0.0226118,0,0,0,0,0,0,-1,-1,False,True,True
1619740,63779589502761,-13.51529,2.579274,-0.1136572,-0.0145517,0.9940028,-0.1076446,0.01261749,-0.001,-0.001,-0.001,1,-1,-1,0.02757947,0.002531326,-0.02262753,0.02757947,0.002531326,-0.02262753,0,0,0,0,0,0,-1,-1,False,True,True
1619748,63779589502772,-13.51827,2.579138,-0.113671,-0.01666844,0.9940741,-0.1073084,-0.004874488,-0.001,-0.001,-0.001,1,-1,-1,0.02756821,0.002545807,-0.02263269,0.02756821,0.002545807,-0.02263269,0,0,0,0,0,0,-1,-1,False,True,True
1619756,63779589502783,-13.52126,2.579096,-0.1137112,-0.01881329,0.9938357,-0.1070186,-0.02198968,-0.001,-0.001,-0.001,1,-1,-1,0.02757131,0.002582947,-0.02261197,0.02757131,0.002582947,-0.02261197,0,0,0,0,0,0,-1,-1,False,True,True
1619765,63779589502783,-13.52126,2.579096,-0.1137112,-0.01881329,0.9938357,-0.1070186,-0.02198968,0.005636292,0.002946961,-0.02401569,0.5726471,-0.05319214,0.8180542,0.02762209,0.002557877,-0.02254468,0.02762209,0.002557877,-0.02254468,0.5851593,-0.01042175,0.8108368,0.5851593,-0.01042175,0.8108368,4.942017,4.942017,True,True,True
1619773,63779589502794,-13.52421,2.579073,-0.1135491,-0.02100153,0.9932975,-0.106722,-0.03910921,0.007830536,0.002924973,-0.02377966,0.5550995,-0.03395081,0.8310699,0.02777687,0.002572098,-0.0224594,0.02777687,0.002572098,-0.0224594,0.5605774,0.0239563,0.8277435,0.5605774,0.0239563,0.8277435,5.122803,5.122803,True,True,True
1619781,63779589502806,-13.52715,2.579006,-0.1133466,-0.02343441,0.9924753,-0.1062279,-0.05620858,0.01462949,0.002813675,-0.02324135,0.5369415,-0.005813599,0.8435822,0.0279812,0.002571518,-0.02237505,0.0279812,0.002571518,-0.02237505,0.5445862,0.04093933,0.8376923,0.5445862,0.04093933,0.8376923,5.202393,5.202393,True,True,True
1619790,63779589502817,-13.53008,2.578941,-0.112961,-0.02623231,0.9913735,-0.1055129,-0.07319593,0.0199801,0.002753037,-0.022778,0.5082397,-0.009338379,0.8611603,0.02815447,0.002611374,-0.02224403,0.02815447,0.002611374,-0.02224403,0.5112915,0.00958252,0.8593445,0.5112915,0.00958252,0.8593445,5.16069,5.16069,True,True,True
1619798,63779589502817,-13.53008,2.578941,-0.112961,-0.02623231,0.9913735,-0.1055129,-0.07319593,-0.02938672,0.003584458,-0.02592987,0.4611359,-0.08294678,0.8834229,0.02838573,0.002670975,-0.02223035,0.02838573,0.002670975,-0.02223035,0,0,0,0,0,0,-1,-1,True,True,True
1619806,63779589502828,-13.53296,2.57882,-0.1125414,-0.02904325,0.9899704,-0.1049234,-0.09003343,-0.02937587,0.003584778,-0.02591177,0.4694214,-0.1315308,0.8731079,0.0284012,0.002705277,-0.02237055,0.0284012,0.002705277,-0.02237055,0,0,0,0,0,0,-1,-1,True,True,True
1619815,63779589502839,-13.53571,2.578663,-0.1119546,-0.03200397,0.9883062,-0.1041713,-0.1066531,-0.001,-0.001,-0.001,1,-1,-1,0.02824963,0.002804749,-0.02225881,0.02824963,0.002804749,-0.02225881,0,0,0,0,0,0,-1,-1,False,True,True
1619823,63779589502839,-13.53571,2.578663,-0.1119546,-0.03200397,0.9883062,-0.1041713,-0.1066531,-0.001,-0.001,-0.001,1,-1,-1,0.03102835,0.001588669,-0.02158008,0.03102835,0.001588669,-0.02158008,0,0,0,0,0,0,-1,-1,False,True,True
1619831,63779589502851,-13.53851,2.578571,-0.1113999,-0.03492745,0.986348,-0.1034011,-0.1233124,-0.001,-0.001,-0.001,1,-1,-1,0.03092342,0.0006408386,-0.02128398,0.03092342,0.0006408386,-0.02128398,0,0,0,0,0,0,-1,-1,False,True,True
1619840,63779589502861,-13.54126,2.578516,-0.1106081,-0.03809697,0.9841248,-0.1023152,-0.1399232,-0.001,-0.001,-0.001,1,-1,-1,0.03092342,0.0006408386,-0.02128398,0.03092342,0.0006408386,-0.02128398,0,0,0,0,0,0,-1,-1,False,False,False
1619848,63779589502872,-13.54396,2.578459,-0.1098555,-0.04120221,0.9816428,-0.1011347,-0.1563698,-0.001,-0.001,-0.001,1,-1,-1,0.03068915,0.0005285645,-0.02171381,0.03068915,0.0005285645,-0.02171381,0,0,0,0,0,0,-1,-1,False,True,True
1619856,63779589502883,-13.54661,2.578353,-0.1089643,-0.04446924,0.9788672,-0.09982789,-0.1728463,-0.001,-0.001,-0.001,1,-1,-1,0.03509521,0.001267685,-0.0234613,0.03509521,0.001267685,-0.0234613,0,0,0,0,0,0,-1,-1,False,True,True
1619865,63779589502883,-13.54661,2.578353,-0.1089643,-0.04446924,0.9788672,-0.09982789,-0.1728463,-0.001,-0.001,-0.001,1,-1,-1,0.03565859,-0.0002743073,-0.0240936,0.03565859,-0.0002743073,-0.0240936,0,0,0,0,0,0,-1,-1,False,True,True
1619873,63779589502894,-13.54928,2.578316,-0.1078724,-0.04760165,0.9758339,-0.09845423,-0.1891799,-0.001,-0.001,-0.001,1,-1,-1,0.03513552,0.000347702,-0.02404346,0.03513552,0.000347702,-0.02404346,0,0,0,0,0,0,-1,-1,False,True,True
1619881,63779589502905,-13.55191,2.578306,-0.1069249,-0.05043834,0.9726434,-0.09697982,-0.204977,-0.001,-0.001,-0.001,1,-1,-1,0.03517354,0.001405762,-0.02437645,0.03517354,0.001405762,-0.02437645,0,0,0,0,0,0,-1,-1,False,True,True
1619890,63779589502905,-13.55191,2.578306,-0.1069249,-0.05043834,0.9726434,-0.09697982,-0.204977,-0.001,-0.001,-0.001,1,-1,-1,0.03177507,0.001230896,-0.02169614,0.03177507,0.001230896,-0.02169614,0,0,0,0,0,0,-1,-1,False,True,True
1619898,63779589502917,-13.55432,2.578221,-0.1058142,-0.05277511,0.9693621,-0.09534582,-0.2201389,-0.001,-0.001,-0.001,1,-1,-1,0.03240613,0.001213181,-0.02236051,0.03240613,0.001213181,-0.02236051,0,0,0,0,0,0,-1,-1,False,True,True
1619906,63779589502928,-13.55671,2.578203,-0.1047328,-0.05460997,0.9659867,-0.09393498,-0.2346562,-0.001,-0.001,-0.001,1,-1,-1,0.028814,0.003282684,-0.02188074,0.028814,0.003282684,-0.02188074,0,0,0,0,0,0,-1,-1,False,True,True
1619915,63779589502939,-13.55889,2.578096,-0.1035774,-0.05647858,0.96266,-0.09273592,-0.2479838,-0.001,-0.001,-0.001,1,-1,-1,0.02813182,0.002765579,-0.02200163,0.02813182,0.002765579,-0.02200163,0,0,0,0,0,0,-1,-1,False,True,True
1619923,63779589502939,-13.55889,2.578096,-0.1035774,-0.05647858,0.96266,-0.09273592,-0.2479838,-0.001,-0.001,-0.001,1,-1,-1,0.02811348,0.002898438,-0.02200049,0.02811348,0.002898438,-0.02200049,0,0,0,0,0,0,-1,-1,False,True,True
1619931,63779589502950,-13.56106,2.578054,-0.1024114,-0.05845622,0.9591632,-0.09184387,-0.2610623,-0.001,-0.001,-0.001,1,-1,-1,0.02862552,0.002829361,-0.02214667,0.02862552,0.002829361,-0.02214667,0,0,0,0,0,0,-1,-1,False,True,True
1619940,63779589502961,-13.56295,2.577941,-0.1012536,-0.06065098,0.9557991,-0.09110343,-0.2728916,-0.001,-0.001,-0.001,1,-1,-1,0.02878354,0.002766342,-0.02197385,0.02878354,0.002766342,-0.02197385,0,0,0,0,0,0,-1,-1,False,True,True
1619948,63779589502972,-13.56467,2.57778,-0.100099,-0.0630384,0.952504,-0.09046479,-0.2838632,-0.001,-0.001,-0.001,1,-1,-1,0.02898323,0.00279216,-0.02200716,0.02898323,0.00279216,-0.02200716,0,0,0,0,0,0,-1,-1,False,True,True
1619956,63779589502983,-13.56647,2.577703,-0.09907097,-0.06538617,0.949203,-0.08995077,-0.2943588,-0.001,-0.001,-0.001,1,-1,-1,0.02908138,0.00276239,-0.02199133,0.02908138,0.00276239,-0.02199133,0,0,0,0,0,0,-1,-1,False,True,True
1619965,63779589502983,-13.56647,2.577703,-0.09907097,-0.06538617,0.949203,-0.08995077,-0.2943588,-0.001,-0.001,-0.001,1,-1,-1,0.02925983,0.002649002,-0.02180565,0.02925983,0.002649002,-0.02180565,0,0,0,0,0,0,-1,-1,False,True,True
1619973,63779589502995,-13.56796,2.577535,-0.0980168,-0.06754322,0.9462056,-0.08942477,-0.3035395,-0.001,-0.001,-0.001,1,-1,-1,0.02938051,0.002644303,-0.0218178,0.02938051,0.002644303,-0.0218178,0,0,0,0,0,0,-1,-1,False,True,True
1619981,63779589503007,-13.56941,2.577391,-0.09705096,-0.06944175,0.94322,-0.08888852,-0.3124303,-0.001,-0.001,-0.001,1,-1,-1,0.02945017,0.002630371,-0.02180516,0.02945017,0.002630371,-0.02180516,0,0,0,0,0,0,-1,-1,False,True,True
1619990,63779589503017,-13.57067,2.577243,-0.09615475,-0.07135478,0.9406229,-0.08842432,-0.3198722,0.02954266,0.002593979,-0.02175079,0.2603302,0.07403564,0.9626617,0.02954277,0.002593979,-0.02175079,0.02954277,0.002593979,-0.02175079,0.2603302,0.07403564,0.9626617,0.2603302,0.07403564,0.9626617,4.959061,4.959061,True,True,True
1619998,63779589503017,-13.57067,2.577243,-0.09615475,-0.07135478,0.9406229,-0.08842432,-0.3198722,0.02959119,0.002579453,-0.02171327,0.2477722,0.04995728,0.967514,0.02968332,0.00257753,-0.0217076,0.02968332,0.00257753,-0.0217076,0.2477722,0.05007935,0.967514,0.2477722,0.05007935,0.967514,5.033173,5.033173,True,True,True
1620006,63779589503029,-13.57199,2.577102,-0.0952732,-0.0733038,0.9380971,-0.08780508,-0.3269413,0.02662386,0.002651688,-0.02189723,0.2404938,0.04512024,0.9695892,0.02981084,0.002585343,-0.02170215,0.02981084,0.002585343,-0.02170215,0.2404633,0.04872131,0.9694214,0.2404633,0.04872131,0.9694214,5.03154,5.03154,True,True,True
1620015,63779589503039,-13.57306,2.576967,-0.09452868,-0.07505056,0.9360196,-0.08726873,-0.3325941,0.02807065,0.002628327,-0.02185372,0.2180023,0.05281067,0.9745026,0.02989076,0.00259108,-0.02174431,0.02989076,0.00259108,-0.02174431,0.2172546,0.05509949,0.9745483,0.2172546,0.05509949,0.9745483,5.113113,5.113113,True,True,True
1620023,63779589503039,-13.57306,2.576967,-0.09452868,-0.07505056,0.9360196,-0.08726873,-0.3325941,0.02320604,0.002827484,-0.02245618,0.2090607,0.03407288,0.9772949,0.02999863,0.002699341,-0.02209152,0.02999863,0.002699341,-0.02209152,0.2071381,0.0401001,0.977478,0.2071381,0.0401001,0.977478,5.063461,5.063461,True,True,True
1620031,63779589503051,-13.57406,2.576844,-0.09379828,-0.07698531,0.9340708,-0.0866219,-0.3377597,0.003371018,0.003197113,-0.02357248,0.1806946,0.003494263,0.9835205,0.03006035,0.002690216,-0.0222115,0.03006035,0.002690216,-0.0222115,0.1589661,0.02346802,0.9869995,0.1589661,0.02346802,0.9869995,4.947662,4.947662,True,True,True
1620040,63779589503061,-13.57483,2.576776,-0.09323925,-0.07859141,0.9325975,-0.0860974,-0.3415739,-0.02438869,0.003728455,-0.02496944,0.1896362,-0.03030396,0.9813843,0.03013304,0.002719818,-0.02234862,0.03013304,0.002719818,-0.02234862,0.1589203,0.03649902,0.9866028,0.1589203,0.03649902,0.9866028,5.027008,5.027008,True,True,True
1620048,63779589503073,-13.57558,2.576686,-0.09266692,-0.08015474,0.9312788,-0.08557578,-0.3449231,-0.02742139,0.003768768,-0.02512708,0.1830597,-0.01342773,0.9830017,0.0301915,0.002712631,-0.0223862,0.0301915,0.002712631,-0.0223862,0.140213,0.02781677,0.9897156,0.140213,0.02781677,0.9897156,4.966629,4.966629,True,True,True
1620056,63779589503084,-13.57616,2.576617,-0.09217077,-0.08159915,0.9305534,-0.08508331,-0.3466593,-0.02760407,0.00378154,-0.02511284,0.1851959,-0.0115509,0.9826202,0.03024227,0.002686142,-0.02234465,0.03024227,0.002686142,-0.02234465,0.1427917,0.0466156,0.9886475,0.1427917,0.0466156,0.9886475,5.061234,5.061234,True,True,True
1620065,63779589503084,-13.57616,2.576617,-0.09217077,-0.08159915,0.9305534,-0.08508331,-0.3466593,-0.02761786,0.003794846,-0.0250975,0.173584,-0.01391602,0.9847107,0.0302647,0.002778244,-0.02258386,0.0302647,0.002778244,-0.02258386,0.1181946,0.04449463,0.9919891,0.1181946,0.04449463,0.9919891,5.096146,5.096146,True,True,True
1620073,63779589503095,-13.57672,2.576636,-0.09179169,-0.08275322,0.9300211,-0.08449693,-0.3479554,-0.02763022,0.003803513,-0.02509804,0.1655426,-0.005126953,0.9861755,0.03029343,0.002834931,-0.02279283,0.03029343,0.002834931,-0.02279283,0.108963,0.04855347,0.9928436,0.108963,0.04855347,0.9928436,5.090027,5.090027,True,True,True
1620081,63779589503106,-13.57718,2.576632,-0.09144282,-0.08386881,0.9296838,-0.08380585,-0.348756,-0.02760468,0.00380188,-0.02508173,0.156601,-0.007476807,0.9876251,0.0303306,0.002891602,-0.02297763,0.0303306,0.002891602,-0.02297763,0.1042786,0.04620361,0.9934692,0.1042786,0.04620361,0.9934692,5.04512,5.04512,True,True,True
1620090,63779589503117,-13.57755,2.576725,-0.09120893,-0.08471654,0.9297289,-0.08294123,-0.3486373,-0.02740205,0.003818131,-0.02504846,0.1456604,-0.02270508,0.9890594,0.03041727,0.002695053,-0.02232864,0.03041727,0.002695053,-0.02232864,0.1161652,0.05371094,0.9917603,0.1161652,0.05371094,0.9917603,5.087967,5.087967,True,True,True
1620098,63779589503117,-13.57755,2.576725,-0.09120893,-0.08471654,0.9297289,-0.08294123,-0.3486373,-0.02751071,0.003795365,-0.02508525,0.1446533,0.003250122,0.9894714,0.03039084,0.002913757,-0.02300662,0.03039084,0.002913757,-0.02300662,0.1014709,0.03671265,0.9941559,0.1014709,0.03671265,0.9941559,5.080078,5.080078,True,True,True
1620106,63779589503128,-13.57781,2.576828,-0.09101081,-0.08544873,0.9299384,-0.08189947,-0.348146,-0.0275452,0.00378891,-0.02507826,0.1497498,-0.002624512,0.9887085,0.03039623,0.002956833,-0.02314641,0.03039623,0.002956833,-0.02314641,0.09580994,0.03942871,0.9946136,0.09580994,0.03942871,0.9946136,5.06131,5.06131,True,True,True
1620115,63779589503140,-13.57782,2.577067,-0.09094852,-0.08598317,0.9304648,-0.08079298,-0.346864,-0.02754535,0.003785935,-0.02508124,0.1516571,0.0007171631,0.9884186,0.0304227,0.002942398,-0.0230755,0.0304227,0.002942398,-0.0230755,0.09425354,0.02876282,0.9951172,0.09425354,0.02876282,0.9951172,5.029083,5.029083,True,True,True
1620123,63779589503140,-13.57782,2.577067,-0.09094852,-0.08598317,0.9304648,-0.08079298,-0.346864,-0.02751338,0.003777664,-0.02507137,0.1414948,-0.002487183,0.9899292,0.03047717,0.002766754,-0.02256015,0.03047717,0.002766754,-0.02256015,0.1060028,0.03265381,0.9938202,0.1060028,0.03265381,0.9938202,5.049942,5.049942,True,True,True
1620131,63779589503151,-13.57787,2.57725,-0.09088093,-0.08660796,0.9310142,-0.07965579,-0.3454947,-0.02747842,0.00377414,-0.02506906,0.1414642,-0.002593994,0.9899292,0.03047739,0.002765473,-0.02256113,0.03047739,0.002765473,-0.02256113,0.1028595,0.03492737,0.9940796,0.1028595,0.03492737,0.9940796,5.03064,5.03064,True,True,True
1620140,63779589503162,-13.57777,2.577436,-0.09088027,-0.08695035,0.9319482,-0.07854151,-0.3431376,-0.02740103,0.003769821,-0.02506578,0.1414337,-0.002609253,0.9899292,0.03047717,0.002764176,-0.02256015,0.03047717,0.002764176,-0.02256015,0.1060181,0.03504944,0.9937439,0.1060181,0.03504944,0.9937439,5.051407,5.051407,True,True,True
1620148,63779589503173,-13.57756,2.57766,-0.09094751,-0.08731621,0.9328616,-0.07741988,-0.3408099,-0.02748364,0.003767975,-0.0250695,0.1425323,-0.004272461,0.9897766,0.03050051,0.002639954,-0.0223661,0.03050051,0.002639954,-0.0223661,0.1062775,0.04048157,0.9934998,0.1062775,0.04048157,0.9934998,4.985077,4.985077,True,True,True
1620156,63779589503173,-13.57756,2.57766,-0.09094751,-0.08731621,0.9328616,-0.07741988,-0.3408099,-0.02736812,0.003559479,-0.02500344,0.1322479,-0.03108215,0.9907227,0.03072835,0.002352722,-0.02190759,0.03072835,0.002352722,-0.02190759,0.1109467,0.01531982,0.9936981,0.1109467,0.01531982,0.9936981,5.172867,5.172867,True,True,True
1620165,63779589503184,-13.57728,2.577863,-0.09105229,-0.08746056,0.9340484,-0.07630581,-0.3377599,-0.02658492,0.00360025,-0.0258718,0.07113647,-0.0644989,0.9953766,0.03098097,0.002189346,-0.02214137,0.03098097,0.002189346,-0.02214137,0.09776306,-0.02249146,0.9949493,0.09776306,-0.02249146,0.9949493,5.094711,5.094711,True,True,True
1620173,63779589503195,-13.577,2.578176,-0.09113312,-0.08720634,0.9353424,-0.07525717,-0.3344638,-0.02677814,0.003111725,-0.02489636,0.04649353,-0.1033325,0.9935455,0.03116684,0.002194519,-0.02308746,0.03116684,0.002194519,-0.02308746,0.0741272,-0.07832336,0.9941559,0.0741272,-0.07832336,0.9941559,5.0177,5.0177,True,True,True
1620181,63779589503206,-13.57669,2.57841,-0.09119636,-0.08687962,0.9366846,-0.07395327,-0.3310663,-0.02639508,0.002767822,-0.0244616,0.0344696,-0.1424408,0.9891968,0.03126435,0.001933884,-0.02293253,0.03126435,0.001933884,-0.02293253,0.0463562,-0.1010284,0.9937897,0.0463562,-0.1010284,0.9937897,4.954163,4.954163,True,True,True
1620190,63779589503217,-13.57626,2.578687,-0.09137005,-0.08604193,0.9381495,-0.07287072,-0.3273562,0.0267981,0.001823761,-0.02292316,0.03160095,-0.1489105,0.9883423,0.03133579,0.001775986,-0.02287152,0.03133579,0.001775986,-0.02287152,0.03109741,-0.1478729,0.9885101,0.03109741,-0.1478729,0.9885101,4.959808,4.959808,True,True,True
1620198,63779589503217,-13.57626,2.578687,-0.09137005,-0.08604193,0.9381495,-0.07287072,-0.3273562,0.03131598,0.001527283,-0.02220705,-0.0007019043,-0.1668243,0.9859772,0.03132651,0.00152713,-0.0222068,0.03132651,0.00152713,-0.0222068,-0.0007019043,-0.1668243,0.9859772,-0.0007019043,-0.1668243,0.9859772,4.97406,4.97406,True,True,True
1620206,63779589503228,-13.57583,2.578881,-0.09150028,-0.08543602,0.9395856,-0.07173704,-0.3236252,0.03130782,0.001491623,-0.02211374,0.006103516,-0.1593475,0.9871979,0.03130832,0.001491608,-0.02211373,0.03130832,0.001491608,-0.02211373,0.006103516,-0.1593475,0.9871979,0.006103516,-0.1593475,0.9871979,5.102951,5.102951,True,True,True
1620215,63779589503240,-13.57532,2.579124,-0.09168708,-0.08443422,0.9411154,-0.07077108,-0.3196312,0.03129598,0.001690247,-0.02277045,0.0344696,-0.1733704,0.9842377,0.03129604,0.001690247,-0.02277045,0.03129604,0.001690247,-0.02277045,0.0344696,-0.1733704,0.9842377,0.0344696,-0.1733704,0.9842377,4.991547,4.991547,True,True,True
1620223,63779589503240,-13.57481,2.579346,-0.09181792,-0.08353963,0.942587,-0.06981192,-0.3157169,0.03125238,0.00164502,-0.02256778,0.02580261,-0.1640167,0.9861145,0.03125243,0.00164502,-0.02256778,0.03125243,0.00164502,-0.02256778,0.02580261,-0.1640167,0.9861145,0.02580261,-0.1640167,0.9861145,5.062592,5.062592,True,True,True
1620231,63779589503250,-13.57481,2.579346,-0.09181792,-0.08353963,0.942587,-0.06981192,-0.3157169,0.03121628,0.001629318,-0.02245953,0.04524231,-0.1864014,0.9814148,0.03121633,0.001629318,-0.02245953,0.03121633,0.001629318,-0.02245953,0.04524231,-0.1864014,0.9814148,0.04524231,-0.1864014,0.9814148,4.985779,4.985779,True,True,True
1620240,63779589503262,-13.5742,2.579598,-0.09199977,-0.08250416,0.9440442,-0.06910699,-0.3117656,0.03120059,0.001734131,-0.022829,0.05476379,-0.1706848,0.9837952,0.03120078,0.001734131,-0.022829,0.03120078,0.001734131,-0.022829,0.05476379,-0.1706848,0.9837952,0.05476379,-0.1706848,0.9837952,5.047684,5.047684,True,True,True
1620248,63779589503273,-13.57364,2.579789,-0.09217966,-0.08151216,0.9454426,-0.06848821,-0.3079017,0.03053841,0.001724274,-0.02274387,0.05766296,-0.1746368,0.9829407,0.03116692,0.001718018,-0.02273431,0.03116692,0.001718018,-0.02273431,0.05761719,-0.1745148,0.9829559,0.05761719,-0.1745148,0.9829559,5.018951,5.018951,True,True,True
1620256,63779589503284,-13.57308,2.579967,-0.09235358,-0.08041962,0.9468086,-0.06796651,-0.3040832,0.007354081,0.001967926,-0.02313057,0.05757141,-0.1751251,0.9828491,0.03111644,0.001690781,-0.02262474,0.03111644,0.001690781,-0.02262474,0.05935669,-0.1670227,0.9841614,0.05935669,-0.1670227,0.9841614,5.012726,5.012726,True,True,True
1620265,63779589503284,-13.57308,2.579967,-0.09235358,-0.08041962,0.9468086,-0.06796651,-0.3040832,-0.01142996,0.002186676,-0.02353276,0.06129456,-0.1812286,0.9815216,0.03106919,0.001688767,-0.0225871,0.03106919,0.001688767,-0.0225871,0.06318665,-0.1654663,0.9841766,0.06318665,-0.1654663,0.9841766,5.045776,5.045776,True,True,True
1620273,63779589503295,-13.57245,2.580139,-0.09250176,-0.07930882,0.9480748,-0.06759693,-0.3004912,0.01905081,0.00183815,-0.0228546,0.06665039,-0.1747894,0.9823456,0.03102727,0.001680908,-0.02251705,0.03102727,0.001680908,-0.02251705,0.06587219,-0.1704407,0.9831543,0.06587219,-0.1704407,0.9831543,5.017868,5.017868,True,True,True
1620281,63779589503306,-13.57187,2.580251,-0.09253728,-0.07824636,0.9492356,-0.06731455,-0.2971499,0.0304902,0.00184964,-0.02314137,0.0749054,-0.1638031,0.9836426,0.03097957,0.001843735,-0.02312848,0.03097957,0.001843735,-0.02312848,0.07501221,-0.1636505,0.9836578,0.07501221,-0.1636505,0.9836578,4.995468,4.995468,True,True,True
1620290,63779589503306,-13.57187,2.580251,-0.09253728,-0.07824636,0.9492356,-0.06731455,-0.2971499,0.03093327,0.001648636,-0.02233749,0.0788269,-0.1743774,0.9815063,0.03096573,0.001648132,-0.02233618,0.03096573,0.001648132,-0.02233618,0.0788269,-0.1743622,0.9815063,0.0788269,-0.1743622,0.9815063,5.017624,5.017624,True,True,True
1620298,63779589503317,-13.57123,2.580366,-0.09262145,-0.07719254,0.9503091,-0.06729075,-0.2939828,0.03086737,0.001849823,-0.02310251,0.07453918,-0.1730347,0.9820862,0.03089453,0.001849503,-0.02310181,0.03089453,0.001849503,-0.02310181,0.07453918,-0.1730347,0.9820862,0.07453918,-0.1730347,0.9820862,5.016464,5.016464,True,True,True
1620306,63779589503328,-13.57058,2.580449,-0.09267563,-0.07612675,0.9513119,-0.06744047,-0.2909673,0.0308203,0.001862686,-0.02314696,0.07814026,-0.1829681,0.9799957,0.0308495,0.001862351,-0.02314618,0.0308495,0.001862351,-0.02314618,0.07814026,-0.1829681,0.9799957,0.07814026,-0.1829681,0.9799957,4.962723,4.962723,True,True,True
1620315,63779589503339,-13.57003,2.580469,-0.09266597,-0.07518717,0.952207,-0.06781935,-0.2881826,0.030683,0.001840546,-0.02303252,0.0763092,-0.1763916,0.9813538,0.03081949,0.001838928,-0.02302882,0.03081949,0.001838928,-0.02302882,0.07626343,-0.1763763,0.9813538,0.07626343,-0.1763763,0.9813538,4.96991,4.96991,True,True,True
1620323,63779589503339,-13.57003,2.580469,-0.09266597,-0.07518717,0.952207,-0.06781935,-0.2881826,0.02626711,0.001672516,-0.02225409,0.0933075,-0.176239,0.9799042,0.03083113,0.001600418,-0.02205524,0.03083113,0.001600418,-0.02205524,0.09318542,-0.1747131,0.9801941,0.09318542,-0.1747131,0.9801941,5.026566,5.026566,True,True,True
1620331,63779589503350,-13.56942,2.580487,-0.09269959,-0.07427911,0.9530303,-0.068235,-0.2855869,-0.002641235,0.002193894,-0.02381487,0.09111023,-0.1884766,0.977829,0.03077858,0.001770722,-0.02275533,0.03077858,0.001770722,-0.02275533,0.09519958,-0.1737823,0.9801636,0.09519958,-0.1737823,0.9801636,5.011719,5.011719,True,True,True
1620340,63779589503361,-13.56883,2.580493,-0.09266692,-0.07352816,0.9537488,-0.0686829,-0.283266,-0.02432686,0.00246698,-0.02452188,0.1016998,-0.1891937,0.9766541,0.03076549,0.001761307,-0.02264575,0.03076549,0.001761307,-0.02264575,0.09507751,-0.1763458,0.9797211,0.09507751,-0.1763458,0.9797211,5.013229,5.013229,True,True,True
1620348,63779589503372,-13.56829,2.580499,-0.09267902,-0.07270968,0.954387,-0.0691599,-0.2812039,-0.02724434,0.002494324,-0.02461295,0.1048737,-0.194931,0.9751892,0.0307307,0.001762741,-0.02260437,0.0307307,0.001762741,-0.02260437,0.1058197,-0.177002,0.9785004,0.1058197,-0.177002,0.9785004,5.03302,5.03302,True,True,True
1620356,63779589503383,-13.5679,2.58046,-0.09265941,-0.07205646,0.9548933,-0.06981667,-0.2794858,-0.02736931,0.002492279,-0.02460872,0.1076202,-0.1926575,0.9753418,0.03070787,0.001585236,-0.02181432,0.03070787,0.001585236,-0.02181432,0.1044922,-0.179306,0.9782257,0.1044922,-0.179306,0.9782257,5.10878,5.10878,True,True,True
1620365,63779589503383,-13.5679,2.58046,-0.09265941,-0.07205646,0.9548933,-0.06981667,-0.2794858,-0.02739243,0.002489121,-0.02459931,0.1113739,-0.1979523,0.9738464,0.03064058,0.001727905,-0.02238504,0.03064058,0.001727905,-0.02238504,0.09985352,-0.1775818,0.9790192,0.09985352,-0.1775818,0.9790192,5.104782,5.104782,True,True,True
1620373,63779589503395,-13.56751,2.580361,-0.09265465,-0.07137527,0.9553555,-0.07040863,-0.2779282,-0.02740892,0.002482071,-0.02459547,0.1130219,-0.198288,0.9736023,0.03061388,0.001813187,-0.02275826,0.03061388,0.001813187,-0.02275826,0.09721375,-0.1777496,0.979248,0.09721375,-0.1777496,0.979248,5.06459,5.06459,True,True,True
1620381,63779589503405,-13.56707,2.580244,-0.09265727,-0.07074346,0.9556724,-0.07112431,-0.2768158,-0.02741643,0.002475754,-0.02459242,0.1136017,-0.1962128,0.9739532,0.03059129,0.001835358,-0.0228411,0.03059129,0.001835358,-0.0228411,0.09596252,-0.1731262,0.9802094,0.09596252,-0.1731262,0.9802094,5.089996,5.089996,True,True,True
1620390,63779589503417,-13.56674,2.580118,-0.09260935,-0.0701886,0.955954,-0.07200893,-0.2757542,-0.02742026,0.0024711,-0.02459291,0.1181641,-0.1996155,0.9727173,0.03057907,0.001842682,-0.02286215,0.03057907,0.001842682,-0.02286215,0.09797668,-0.1697083,0.9806061,0.09797668,-0.1697083,0.9806061,5.090012,5.090012,True,True,True
1620398,63779589503417,-13.56674,2.580118,-0.09260935,-0.0701886,0.955954,-0.07200893,-0.2757542,-0.02742851,0.002470368,-0.02459866,0.119339,-0.1898804,0.9745178,0.03057442,0.001849411,-0.02287993,0.03057442,0.001849411,-0.02287993,0.09750366,-0.1684875,0.9808655,0.09750366,-0.1684875,0.9808655,5.128677,5.128677,True,True,True
1620406,63779589503428,-13.56637,2.580021,-0.09261215,-0.06956056,0.9562194,-0.07266086,-0.2748203,-0.02720825,0.002461411,-0.02459175,0.1179504,-0.18927,0.9748077,0.03057173,0.001847214,-0.02287818,0.03057173,0.001847214,-0.02287818,0.1049042,-0.165802,0.980545,0.1049042,-0.165802,0.980545,5.097076,5.097076,True,True,True
1620415,63779589503439,-13.56612,2.579994,-0.09263355,-0.06913441,0.9563815,-0.07339276,-0.2741685,-0.02723398,0.002406845,-0.0246057,0.1195068,-0.2067413,0.9710541,0.03065048,0.001767197,-0.02300806,0.03065048,0.001767197,-0.02300806,0.1027832,-0.171936,0.9797211,0.1027832,-0.171936,0.9797211,5.076797,5.076797,True,True,True
1620423,63779589503450,-13.56584,2.57991,-0.09263897,-0.06865966,0.9565439,-0.07396621,-0.2735667,-0.02714385,0.002237885,-0.02451244,0.07745361,-0.2341309,0.969101,0.03084145,0.001443115,-0.02229347,0.03084145,0.001443115,-0.02229347,0.08094788,-0.2029877,0.9758148,0.08094788,-0.2029877,0.9758148,5.067535,5.067535,True,True,True
1620431,63779589503450,-13.56584,2.57991,-0.09263897,-0.06865966,0.9565439,-0.07396621,-0.2735667,-0.02699771,0.002071442,-0.02452792,0.07922363,-0.2362823,0.9684448,0.03097186,0.001307983,-0.02237969,0.03097186,0.001307983,-0.02237969,0.07609558,-0.2273254,0.9708252,0.07609558,-0.2273254,0.9708252,5.135162,5.135162,True,True,True
1620440,63779589503461,-13.56565,2.579855,-0.09260434,-0.06828921,0.9566283,-0.07447878,-0.2732251,-0.0266573,0.001964462,-0.02447901,0.06085205,-0.2657928,0.9620972,0.03104845,0.001195435,-0.02240343,0.03104845,0.001195435,-0.02240343,0.05699158,-0.2504883,0.9664307,0.05699158,-0.2504883,0.9664307,5.028152,5.028152,True,True,True
1620448,63779589503473,-13.56545,2.57973,-0.09247589,-0.06808329,0.9566746,-0.07473245,-0.2730449,-0.02642368,0.001914337,-0.02451955,0.06266785,-0.2883148,0.9554749,0.03104173,0.001182526,-0.02255438,0.03104173,0.001182526,-0.02255438,0.05033875,-0.2792511,0.9588928,0.05033875,-0.2792511,0.9588928,5.040222,5.040222,True,True,True
1620456,63779589503483,-13.56526,2.579615,-0.09247136,-0.06782647,0.9566718,-0.07516501,-0.2729999,-0.02644722,0.00191423,-0.02452472,0.06062317,-0.2837067,0.9569855,0.03102866,0.001226654,-0.02274622,0.03102866,0.001226654,-0.02274622,0.05763245,-0.2578735,0.964447,0.05763245,-0.2578735,0.964447,4.913635,4.913635,True,True,True
1620465,63779589503483,-13.56526,2.579615,-0.09247136,-0.06782647,0.9566718,-0.07516501,-0.2729999,-0.02636093,0.001908035,-0.02452649,0.06365967,-0.282547,0.9571228,0.03103302,0.001203934,-0.02261189,0.03103302,0.001203934,-0.02261189,0.0589447,-0.2540131,0.9653931,0.0589447,-0.2540131,0.9653931,4.981842,4.981842,True,True,True
1620473,63779589503494,-13.56505,2.579466,-0.09241742,-0.06776224,0.956673,-0.07546853,-0.2729278,-0.02621579,0.001902451,-0.02450798,0.06044006,-0.284317,0.9568176,0.03103613,0.001182083,-0.02247759,0.03103613,0.001182083,-0.02247759,0.05995178,-0.2555084,0.9649353,0.05995178,-0.2555084,0.9649353,5.049484,5.049484,True,True,True
1620481,63779589503506,-13.5649,2.579429,-0.09236747,-0.06758911,0.9566544,-0.07574068,-0.2729606,-0.02528345,0.001891876,-0.02446031,0.04936218,-0.2797394,0.9588013,0.0310345,0.001204361,-0.02258096,0.0310345,0.001204361,-0.02258096,0.05966187,-0.2525177,0.965744,0.05966187,-0.2525177,0.965744,5.055481,5.055481,True,True,True
1620490,63779589503516,-13.56481,2.579365,-0.09233665,-0.06750552,0.9566285,-0.07600354,-0.272999,-0.0239697,0.001881928,-0.02441376,0.05238342,-0.2777405,0.9592133,0.03103327,0.001226654,-0.02268434,0.03103327,0.001226654,-0.02268434,0.05937195,-0.2495728,0.9665222,0.05937195,-0.2495728,0.9665222,5.042816,5.042816,True,True,True
1620498,63779589503516,-13.56481,2.579365,-0.09233665,-0.06750552,0.9566285,-0.07600354,-0.272999,-0.02040384,0.001843918,-0.02430051,0.05685425,-0.27034,0.9610748,0.03103305,0.001235916,-0.02268117,0.03103305,0.001235916,-0.02268117,0.05926514,-0.251297,0.9660797,0.05926514,-0.251297,0.9660797,5.02301,5.02301,True,True,True
1620506,63779589503527,-13.56469,2.579266,-0.09231555,-0.06752091,0.9566206,-0.07598597,-0.2730276,-0.01564737,0.001791107,-0.02414908,0.05836487,-0.2719421,0.9605255,0.03103293,0.001245194,-0.02268056,0.03103293,0.001245194,-0.02268056,0.05926514,-0.2528229,0.965683,0.05926514,-0.2528229,0.965683,5.013168,5.013168,True,True,True
1620515,63779589503539,-13.5646,2.579179,-0.09231794,-0.06761305,0.9565576,-0.07616641,-0.2731752,-0.01090616,0.001738159,-0.02399904,0.0602417,-0.2685089,0.96138,0.0310331,0.001248962,-0.02268245,0.0310331,0.001248962,-0.02268245,0.06164551,-0.2524872,0.9656219,0.06164551,-0.2524872,0.9656219,5.017685,5.017685,True,True,True
1620523,63779589503539,-13.5646,2.579179,-0.09231794,-0.06761305,0.9565576,-0.07626091,-0.2732745,-0.004760742,0.001668945,-0.02380679,0.06245422,-0.2680664,0.9613647,0.03103293,0.001252747,-0.02268343,0.03103293,0.001252747,-0.02268343,0.06393433,-0.2522278,0.9655457,0.06393433,-0.2522278,0.9655457,5.022186,5.022186,True,True,True
1620532,63779589503550,-13.56453,2.579091,-0.09229088,-0.06750857,0.9565291,-0.07626091,-0.2732745,-0.001981506,0.001637863,-0.02371854,0.0607605,-0.2677307,0.9615631,0.0310331,0.001253403,-0.02268199,0.0310331,0.001253403,-0.02268199,0.06455994,-0.2523346,0.9654694,0.06455994,-0.2523346,0.9654694,5.017609,5.017609,True,True,True
1620540,63779589503561,-13.56447,2.579027,-0.09226191,-0.0675389,0.9564759,-0.07641176,-0.2734113,-0.00116214,0.001630219,-0.02369203,0.06195068,-0.2666016,0.9618073,0.03103325,0.001254059,-0.02268056,0.03103325,0.001254059,-0.02268056,0.06396484,-0.2524109,0.9654999,0.06396484,-0.2524109,0.9654999,5.013443,5.013443,True,True,True
1620548,63779589503572,-13.56442,2.57895,-0.09219521,-0.06747025,0.9564615,-0.07653517,-0.2734437,-0.0007558899,0.001627609,-0.02367854,0.06349182,-0.2670441,0.9615784,0.03103327,0.001255249,-0.02267926,0.03103327,0.001255249,-0.02267926,0.06459045,-0.2524109,0.9654541,0.06459045,-0.2524109,0.9654541,5.017838,5.017838,True,True,True
1620557,63779589503572,-13.56442,2.57895,-0.09219521,-0.06747025,0.9564615,-0.07653517,-0.2734437,0.006216172,0.001547699,-0.02345754,0.06410217,-0.2636108,0.9624939,0.03103327,0.001256439,-0.02267798,0.03103327,0.001256439,-0.02267798,0.06523132,-0.2523804,0.9654236,0.06523132,-0.2523804,0.9654236,5.022202,5.022202,True,True,True
1620565,63779589503583,-13.56441,2.578839,-0.09193301,-0.06749553,0.9563916,-0.07675102,-0.2736216,0.008832016,0.001519028,-0.02337286,0.06385803,-0.2623749,0.9628448,0.03103333,0.001258179,-0.02267555,0.03103333,0.001258179,-0.02267555,0.06463623,-0.2526093,0.9653931,0.06463623,-0.2526093,0.9653931,5.022766,5.022766,True,True,True
1620573,63779589503594,-13.5643,2.578789,-0.09184778,-0.06754968,0.9563445,-0.07704597,-0.27369,0.008688324,0.001522797,-0.02337584,0.06419373,-0.2631378,0.962616,0.03103337,0.001259903,-0.02267313,0.03103337,0.001259903,-0.02267313,0.06524658,-0.2527618,0.9653168,0.06524658,-0.2527618,0.9653168,5.022568,5.022568,True,True,True
1620582,63779589503605,-13.56426,2.578744,-0.09180027,-0.0676126,0.9563251,-0.07725374,-0.2736837,0.008450073,0.001527527,-0.02338071,0.06428528,-0.264267,0.9622955,0.03103388,0.001261368,-0.02266889,0.03103388,0.001261368,-0.02266889,0.06549072,-0.253418,0.9651184,0.06549072,-0.253418,0.9651184,5.022659,5.022659,True,True,True
1620590,63779589503605,-13.56426,2.578744,-0.09180027,-0.0676126,0.9563251,-0.07725374,-0.2736837,0.008337174,0.001529678,-0.0233842,0.06477356,-0.2629089,0.9626312,0.03103388,0.001261948,-0.02266889,0.03103388,0.001261948,-0.02266889,0.06639099,-0.2515411,0.9655609,0.06639099,-0.2515411,0.9655609,5.022964,5.022964,True,True,True
1620598,63779589503617,-13.56415,2.578691,-0.09171134,-0.06771678,0.9563029,-0.07729548,-0.2737236,0.008296098,0.00153299,-0.02338545,0.06504822,-0.2622681,0.9627991,0.03103388,0.001265778,-0.02266889,0.03103388,0.001265778,-0.02266889,0.06678772,-0.2508698,0.9656982,0.06678772,-0.2508698,0.9656982,5.014771,5.014771,True,True,True
1620607,63779589503628,-13.56413,2.578682,-0.09162092,-0.06769706,0.9563262,-0.07745621,-0.2736016,0.008256455,0.001536438,-0.02338458,0.06556702,-0.2624817,0.9626923,0.0310352,0.001269775,-0.02266608,0.0310352,0.001269775,-0.02266608,0.06712341,-0.2510223,0.9656372,0.06712341,-0.2510223,0.9656372,5.014786,5.014786,True,True,True
1620615,63779589503639,-13.56418,2.578643,-0.09154642,-0.06778387,0.9563396,-0.077402,-0.2735485,0.008056076,0.001541092,-0.02338237,0.06591797,-0.26297,0.9625397,0.03103549,0.001272705,-0.02265265,0.03103549,0.001272705,-0.02265265,0.06726074,-0.2514496,0.9655151,0.06726074,-0.2514496,0.9655151,5.023788,5.023788,True,True,True
1620623,63779589503650,-13.56419,2.57858,-0.09150159,-0.06794575,0.9563345,-0.07742457,-0.2735198,0.00790448,0.001544006,-0.02338551,0.06611633,-0.2630005,0.9625092,0.03103687,0.001273026,-0.02265186,0.03103687,0.001273026,-0.02265186,0.06761169,-0.2509308,0.9656372,0.06761169,-0.2509308,0.9656372,5.023941,5.023941,True,True,True
1620632,63779589503650,-13.56419,2.57858,-0.09150159,-0.06794575,0.9563345,-0.07742457,-0.2735198,0.007758225,0.001549713,-0.0233897,0.06668091,-0.263916,0.9622345,0.03103745,0.001276627,-0.02265158,0.03103745,0.001276627,-0.02265158,0.06777954,-0.2516479,0.9654388,0.06777954,-0.2516479,0.9654388,5.024445,5.024445,True,True,True
1620640,63779589503661,-13.56417,2.578581,-0.09142965,-0.06802821,0.9563761,-0.07733729,-0.2733786,0.007651078,0.001557999,-0.0233909,0.06668091,-0.265686,0.9617462,0.03103821,0.001286667,-0.02264861,0.03103821,0.001286667,-0.02264861,0.06796265,-0.2542267,0.9647369,0.06796265,-0.2542267,0.9647369,5.02449,5.02449,True,True,True
1620648,63779589503672,-13.56407,2.578559,-0.09135705,-0.06828523,0.956404,-0.07732816,-0.2732195,0.007652176,0.001561157,-0.02338861,0.06680298,-0.265686,0.961731,0.03103865,0.001288864,-0.02264554,0.03103865,0.001288864,-0.02264554,0.06797791,-0.2546387,0.9646301,0.06797791,-0.2546387,0.9646301,5.009277,5.009277,True,True,True
1620657,63779589503683,-13.56405,2.578536,-0.09123319,-0.06851611,0.9564347,-0.07736126,-0.2730448,0.007782837,0.001562531,-0.02338237,0.06750488,-0.2653351,0.9617767,0.03103993,0.001291168,-0.02264424,0.03103993,0.001291168,-0.02264424,0.06843567,-0.2546387,0.9645996,0.06843567,-0.2546387,0.9645996,5.02655,5.02655,True,True,True
1620665,63779589503683,-13.56405,2.578536,-0.09123319,-0.06851611,0.9564347,-0.07736126,-0.2730448,0.007963547,0.001565933,-0.02337546,0.06788635,-0.2661743,0.9615173,0.03104047,0.001299332,-0.02264388,0.03104047,0.001299332,-0.02264388,0.06892395,-0.2564545,0.9640808,0.06892395,-0.2564545,0.9640808,5.02626,5.02626,True,True,True
1620673,63779589503694,-13.56393,2.578594,-0.09110433,-0.06881434,0.956479,-0.07737046,-0.2728121,0.008215424,0.001564743,-0.02336595,0.06802368,-0.2666473,0.96138,0.0310409,0.001301987,-0.02264168,0.0310409,0.001301987,-0.02264168,0.06892395,-0.2573395,0.9638519,0.06892395,-0.2573395,0.9638519,5.009155,5.009155,True,True,True
1620682,63779589503705,-13.56382,2.578577,-0.09103376,-0.06905647,0.9565303,-0.07746085,-0.2725452,0.008484039,0.001563843,-0.02335544,0.0682373,-0.2660522,0.9615326,0.0310409,0.001305496,-0.02264145,0.0310409,0.001305496,-0.02264145,0.06910706,-0.2576141,0.9637604,0.06910706,-0.2576141,0.9637604,5.008163,5.008163,True,True,True
1620690,63779589503716,-13.56378,2.57857,-0.09096169,-0.06922729,0.9565966,-0.07741918,-0.2722806,0.00872496,0.001563706,-0.02334752,0.06834412,-0.2665558,0.96138,0.0310409,0.001309601,-0.02264113,0.0310409,0.001309601,-0.02264113,0.06929016,-0.258667,0.9634705,0.06929016,-0.258667,0.9634705,5.007675,5.007675,True,True,True
1620698,63779589503716,-13.56378,2.57857,-0.09096169,-0.06922729,0.9565966,-0.07741918,-0.2722806,0.008797578,0.001564453,-0.02334453,0.06860352,-0.2662811,0.961441,0.0310409,0.001311234,-0.02264113,0.0310409,0.001311234,-0.02264113,0.0692749,-0.2590332,0.9633789,0.0692749,-0.2590332,0.9633789,5.005676,5.005676,True,True,True
1620707,63779589503727,-13.56378,2.578588,-0.09088266,-0.0692947,0.9566569,-0.07742141,-0.2720512,0.008876389,0.001564667,-0.02333922,0.06898499,-0.2664337,0.9613647,0.0310409,0.001313034,-0.02263838,0.0310409,0.001313034,-0.02263838,0.0692749,-0.2592468,0.9633179,0.0692749,-0.2592468,0.9633179,5.005737,5.005737,True,True,True
1620715,63779589503738,-13.56375,2.578574,-0.09074271,-0.06944481,0.9567189,-0.07740614,-0.2717989,0.008950333,0.001564514,-0.02333591,0.06884766,-0.265976,0.9615021,0.0310409,0.001313828,-0.02263716,0.0310409,0.001313828,-0.02263716,0.06925964,-0.2587433,0.9634552,0.06925964,-0.2587433,0.9634552,5.005859,5.005859,True,True,True
1620723,63779589503738,-13.5638,2.578506,-0.09069777,-0.06960194,0.9567422,-0.07740574,-0.271677,0.008946762,0.001566376,-0.02333296,0.06887817,-0.266449,0.96138,0.0310409,0.001314972,-0.0226348,0.0310409,0.001314972,-0.0226348,0.06930542,-0.2592316,0.9633179,0.06930542,-0.2592316,0.9633179,5.002029,5.002029,True,True,True
1620732,63779589503750,-13.5638,2.578506,-0.09069777,-0.06960194,0.9567422,-0.07740574,-0.271677,0.008874054,0.001568192,-0.02333473,0.07017517,-0.2654572,0.9615631,0.03104082,0.001316361,-0.0226348,0.03104082,0.001316361,-0.0226348,0.07020569,-0.2578583,0.963623,0.07020569,-0.2578583,0.963623,4.994217,4.994217,True,True,True
1620740,63779589503761,-13.56376,2.578459,-0.09064084,-0.06969775,0.9568014,-0.07750757,-0.2714146,0.008846696,0.001570389,-0.02333522,0.07121277,-0.2648621,0.9616394,0.03104047,0.001317154,-0.02263422,0.03104047,0.001317154,-0.02263422,0.07176208,-0.257019,0.9637299,0.07176208,-0.257019,0.9637299,4.994812,4.994812,True,True,True
1620748,63779589503772,-13.56374,2.578486,-0.09057522,-0.06987666,0.9568392,-0.07763702,-0.2711985,0.008768449,0.001572693,-0.0233333,0.07168579,-0.2650299,0.9615631,0.03103998,0.001317627,-0.02262869,0.03103998,0.001317627,-0.02262869,0.07229614,-0.257309,0.9636078,0.07229614,-0.257309,0.9636078,4.981232,4.981232,True,True,True
1620757,63779589503772,-13.56374,2.578486,-0.09057522,-0.06987666,0.9568392,-0.07763702,-0.2711985,0.008711793,0.001577377,-0.02333322,0.07185364,-0.2660065,0.9612732,0.03103884,0.001323639,-0.02262756,0.03103884,0.001323639,-0.02262756,0.07279968,-0.2587738,0.9631805,0.07279968,-0.2587738,0.9631805,4.979156,4.979156,True,True,True
1620765,63779589503783,-13.56376,2.578511,-0.09050304,-0.0699257,0.9568948,-0.07761727,-0.2709952,0.008672166,0.001581253,-0.023334,0.07177734,-0.2664948,0.9611511,0.03103655,0.001325653,-0.02262721,0.03103655,0.001325653,-0.02262721,0.07202148,-0.2586823,0.9632568,0.07202148,-0.2586823,0.9632568,4.955597,4.955597,True,True,True
1620773,63779589503794,-13.56377,2.578519,-0.09038502,-0.06997506,0.9569681,-0.07743898,-0.2707745,0.008700211,0.001582642,-0.02333234,0.07287598,-0.266449,0.9610748,0.03103624,0.001326599,-0.02262696,0.03103624,0.001326599,-0.02262696,0.07293701,-0.2585907,0.9632263,0.07293701,-0.2585907,0.9632263,4.954483,4.954483,True,True,True
1620782,63779589503805,-13.56379,2.57855,-0.09033996,-0.06978779,0.9569716,-0.07730404,-0.2708491,0.008558244,0.001585556,-0.02333543,0.07272339,-0.2667084,0.9610138,0.03103351,0.001328232,-0.02262555,0.03103351,0.001328232,-0.02262555,0.07267761,-0.2589722,0.9631348,0.07267761,-0.2589722,0.9631348,4.95462,4.95462,True,True,True
1620790,63779589503816,-13.5638,2.578535,-0.09029096,-0.06956035,0.957032,-0.0771818,-0.2707289,0.00850415,0.001588532,-0.02333594,0.07249451,-0.2672729,0.9608765,0.03103117,0.001331436,-0.0226237,0.03103117,0.001331436,-0.0226237,0.07200623,-0.2596893,0.9629974,0.07200623,-0.2596893,0.9629974,4.949081,4.949081,True,True,True
1620798,63779589503816,-13.5638,2.578535,-0.09029096,-0.06956035,0.957032,-0.0771818,-0.2707289,0.008489304,0.001589249,-0.02333626,0.07170105,-0.2670288,0.9610138,0.03102811,0.001331436,-0.0226237,0.03102811,0.001331436,-0.0226237,0.07130432,-0.2597351,0.963028,0.07130432,-0.2597351,0.963028,4.949463,4.949463,True,True,True
1620807,63779589503827,-13.56384,2.578554,-0.09024525,-0.06940039,0.9570614,-0.07707817,-0.2706954,0.008378678,0.001591049,-0.02333775,0.0710907,-0.2666321,0.9611664,0.03102478,0.001331436,-0.02262215,0.03102478,0.001331436,-0.02262215,0.07069397,-0.2594757,0.96315,0.07069397,-0.2594757,0.96315,4.936142,4.936142,True,True,True
1620815,63779589503839,-13.5638,2.578598,-0.09020752,-0.06904079,0.9570892,-0.07696127,-0.2707223,0.008335572,0.001592743,-0.0233385,0.07159424,-0.2658539,0.9613342,0.031022,0.001331436,-0.02262215,0.031022,0.001331436,-0.02262215,0.07185364,-0.2576447,0.963562,0.07185364,-0.2576447,0.963562,4.936249,4.936249,True,True,True
1620823,63779589503850,-13.56381,2.578615,-0.09014362,-0.06875351,0.957119,-0.07687563,-0.2707145,0.008390183,0.001592819,-0.02333586,0.07185364,-0.2659302,0.9613037,0.03102084,0.001331436,-0.02262103,0.03102084,0.001331436,-0.02262103,0.07164001,-0.2576599,0.963562,0.07164001,-0.2576599,0.963562,4.949677,4.949677,True,True,True
1620832,63779589503850,-13.56381,2.578615,-0.09014362,-0.06875351,0.957119,-0.07687563,-0.2707145,0.008341721,0.001593414,-0.0233328,0.07162476,-0.2663574,0.9611969,0.03101492,0.001331436,-0.0226142,0.03101492,0.001331436,-0.0226142,0.0712738,-0.2581635,0.9634552,0.0712738,-0.2581635,0.9634552,4.948715,4.948715,True,True,True
1620840,63779589503861,-13.5638,2.578659,-0.09011739,-0.06841116,0.9571606,-0.07686256,-0.2706579,0.008369385,0.001593063,-0.02332781,0.0715332,-0.2665253,0.9611511,0.03101163,0.001331436,-0.0226088,0.03101163,0.001331436,-0.0226088,0.07073975,-0.2585449,0.9633942,0.07073975,-0.2585449,0.9633942,4.936615,4.936615,True,True,True
1620848,63779589503872,-13.56384,2.578692,-0.09005421,-0.06804276,0.957214,-0.07692453,-0.2705444,0.008097855,0.001596191,-0.02333322,0.07168579,-0.2664032,0.9611816,0.03100972,0.001331436,-0.0226042,0.03100972,0.001331436,-0.0226042,0.07037354,-0.2581787,0.9635162,0.07037354,-0.2581787,0.9635162,4.921661,4.921661,True,True,True
1620857,63779589503883,-13.56385,2.578675,-0.08999437,-0.06769405,0.9572913,-0.07701029,-0.2703337,0.007607163,0.001600143,-0.023338,0.0713501,-0.2671051,0.9610138,0.03100714,0.001328613,-0.0225866,0.03100714,0.001328613,-0.0225866,0.06968689,-0.2593536,0.9632568,0.06968689,-0.2593536,0.9632568,4.921951,4.921951,True,True,True
1620865,63779589503883,-13.56385,2.578675,-0.08999437,-0.06769405,0.9572913,-0.07701029,-0.2703337,0.007217316,0.001603836,-0.0233488,0.07106018,-0.2677307,0.9608612,0.03100545,0.00132721,-0.02258495,0.03100545,0.00132721,-0.02258495,0.06918335,-0.2601776,0.9630737,0.06918335,-0.2601776,0.9630737,4.910858,4.910858,True,True,True
1620873,63779589503894,-13.56389,2.578696,-0.08996135,-0.06740852,0.9573324,-0.07725821,-0.2701889,0.006643311,0.001608032,-0.02335819,0.07145691,-0.2680969,0.9607239,0.03100485,0.001322983,-0.02256993,0.03100485,0.001322983,-0.02256993,0.06990051,-0.2600555,0.9630432,0.06990051,-0.2600555,0.9630432,4.911865,4.911865,True,True,True
1620882,63779589503905,-13.5639,2.578641,-0.08991015,-0.06713703,0.9574072,-0.07755875,-0.2699051,0.005961151,0.001614304,-0.02337549,0.07307434,-0.2675934,0.9607391,0.03100426,0.001319962,-0.02256165,0.03100426,0.001319962,-0.02256165,0.07194519,-0.2588348,0.9632263,0.07194519,-0.2588348,0.9632263,4.912292,4.912292,True,True,True
1620890,63779589503916,-13.5639,2.578597,-0.08987963,-0.06695045,0.9574965,-0.07788099,-0.2695419,0.005591507,0.001617462,-0.02338596,0.0758667,-0.2681274,0.9603729,0.03100316,0.00131807,-0.02255919,0.03100316,0.00131807,-0.02255919,0.07688904,-0.259201,0.9627533,0.07688904,-0.259201,0.9627533,4.912766,4.912766,True,True,True
1620898,63779589503916,-13.5639,2.578597,-0.08987963,-0.06695045,0.9574965,-0.07788099,-0.2695419,0.005676361,0.001615158,-0.02338204,0.07679749,-0.2679596,0.9603577,0.03100247,0.001316773,-0.02255716,0.03100247,0.001316773,-0.02255716,0.07852173,-0.2589874,0.962677,0.07852173,-0.2589874,0.962677,4.905487,4.905487,True,True,True
1620907,63779589503927,-13.56391,2.578535,-0.08983916,-0.0667901,0.9575907,-0.07823529,-0.2691438,0.005783661,0.001613205,-0.02337785,0.07810974,-0.2680969,0.9602051,0.03100177,0.001316773,-0.02255626,0.03100177,0.001316773,-0.02255626,0.08085632,-0.2590027,0.9624786,0.08085632,-0.2590027,0.9624786,4.905884,4.905884,True,True,True
1620915,63779589503939,-13.56395,2.578494,-0.08982277,-0.06693005,0.9576635,-0.07856508,-0.2687537,0.006023285,0.001610336,-0.02336632,0.07832336,-0.2682495,0.960144,0.03099965,0.001316773,-0.02254984,0.03099965,0.001316773,-0.02254984,0.08076477,-0.2594452,0.9623718,0.08076477,-0.2594452,0.9623718,4.902832,4.902832,True,True,True
1620923,63779589503950,-13.56398,2.578423,-0.08986771,-0.06709299,0.9577116,-0.07888226,-0.2684485,0.006496232,0.001604401,-0.02334981,0.07846069,-0.2674255,0.9603729,0.0309982,0.001316773,-0.0225482,0.0309982,0.001316773,-0.0225482,0.08088684,-0.2590027,0.9624786,0.08088684,-0.2590027,0.9624786,4.906174,4.906174,True,True,True
1620932,63779589503950,-13.56398,2.578423,-0.08986771,-0.06709299,0.9577116,-0.07888226,-0.2684485,0.007056595,0.001596603,-0.02332878,0.07859802,-0.2670898,0.9604492,0.03099767,0.001316773,-0.02254376,0.03099767,0.001316773,-0.02254376,0.08073425,-0.2592773,0.9624176,0.08073425,-0.2592773,0.9624176,4.906372,4.906372,True,True,True
1620940,63779589503961,-13.56399,2.578398,-0.08993268,-0.0673108,0.9577928,-0.07908338,-0.2680448,0.007327622,0.001593048,-0.02331789,0.0789032,-0.2670288,0.9604492,0.03099678,0.001316773,-0.02254117,0.03099678,0.001316773,-0.02254117,0.08049011,-0.2595367,0.9623566,0.08049011,-0.2595367,0.9623566,4.905792,4.905792,True,True,True
1620948,63779589503972,-13.56395,2.578272,-0.08996552,-0.06766537,0.9578587,-0.07915548,-0.2676985,0.007522171,0.001590744,-0.02331041,0.07835388,-0.2667236,0.9605713,0.03099382,0.001316773,-0.02253989,0.03099382,0.001316773,-0.02253989,0.07984924,-0.2590942,0.9625397,0.07984924,-0.2590942,0.9625397,4.903091,4.903091,True,True,True
1620957,63779589503983,-13.56398,2.578217,-0.09003502,-0.06806251,0.9579532,-0.07914563,-0.2672625,0.007657227,0.001589142,-0.0233046,0.0783844,-0.2663422,0.9606781,0.03099202,0.001316773,-0.02253772,0.03099202,0.001316773,-0.02253772,0.08039856,-0.2589264,0.9625397,0.08039856,-0.2589264,0.9625397,4.900253,4.900253,True,True,True
1620965,63779589503983,-13.56398,2.578217,-0.09003502,-0.06806251,0.9579532,-0.07914563,-0.2672625,0.00771373,0.001592865,-0.02330205,0.07835388,-0.2669983,0.960495,0.0309881,0.001324158,-0.02253725,0.0309881,0.001324158,-0.02253725,0.08050537,-0.259964,0.9622498,0.08050537,-0.259964,0.9622498,4.903214,4.903214,True,True,True
1620973,63779589503994,-13.56399,2.578207,-0.09005672,-0.06852044,0.9579916,-0.07936699,-0.2669418,0.007838287,0.001593124,-0.02329708,0.07752991,-0.2665405,0.9606934,0.03098464,0.001327057,-0.02253716,0.03098464,0.001327057,-0.02253716,0.07957458,-0.2592316,0.9625244,0.07957458,-0.2592316,0.9625244,4.903198,4.903198,True,True,True
1620982,63779589504005,-13.56406,2.578195,-0.09001434,-0.06896602,0.9580693,-0.07933017,-0.2665586,0.008005875,0.001592773,-0.02329125,0.07693481,-0.2655792,0.9609985,0.03098039,0.001329742,-0.022537,0.03098039,0.001329742,-0.022537,0.07907104,-0.2576904,0.9629822,0.07907104,-0.2576904,0.9629822,4.904221,4.904221,True,True,True
1620990,63779589504016,-13.56411,2.578177,-0.09002656,-0.06939723,0.9581422,-0.07915603,-0.2662363,0.008222092,0.001590607,-0.02328401,0.0765686,-0.2648621,0.9612274,0.03097661,0.001330322,-0.022537,0.03097661,0.001330322,-0.022537,0.07853699,-0.2571716,0.9631653,0.07853699,-0.2571716,0.9631653,4.906464,4.906464,True,True,True
1620998,63779589504016,-13.56411,2.578177,-0.09002656,-0.06939723,0.9581422,-0.07915603,-0.2662363,0.008359803,0.001589005,-0.02327919,0.07894897,-0.2617645,0.9618835,0.0309745,0.001330322,-0.022537,0.0309745,0.001330322,-0.022537,0.08213806,-0.252182,0.9641724,0.08213806,-0.252182,0.9641724,4.905624,4.905624,True,True,True
1621007,63779589504027,-13.56409,2.578242,-0.09003156,-0.06974345,0.9581941,-0.07900224,-0.2660048,0.008638718,0.001586182,-0.0232679,0.07939148,-0.2611389,0.9620209,0.03097244,0.001330322,-0.02253369,0.03097244,0.001330322,-0.02253369,0.08317566,-0.2520599,0.9641266,0.08317566,-0.2520599,0.9641266,4.905716,4.905716,True,True,True
1621015,63779589504038,-13.56422,2.578298,-0.09002763,-0.07014237,0.9582131,-0.07874968,-0.2659065,0.008730149,0.001585571,-0.02326378,0.07919312,-0.2598724,0.9623871,0.03097075,0.001330322,-0.02253278,0.03097075,0.001330322,-0.02253278,0.08277893,-0.2498779,0.9647217,0.08277893,-0.2498779,0.9647217,4.908539,4.908539,True,True,True
1621023,63779589504049,-13.5643,2.57833,-0.09005314,-0.07031903,0.9582273,-0.07847752,-0.2658888,0.008749756,0.001587296,-0.02325893,0.07893372,-0.2603607,0.962265,0.03096919,0.001330322,-0.02252623,0.03096919,0.001330322,-0.02252623,0.08300781,-0.2499542,0.9646759,0.08300781,-0.2499542,0.9646759,4.908722,4.908722,True,True,True
1621032,63779589504049,-13.5643,2.57833,-0.09005314,-0.07031903,0.9582273,-0.07847752,-0.2658888,0.00814792,0.001596191,-0.02327626,0.07911682,-0.2582245,0.9628296,0.03096861,0.001330322,-0.02252234,0.03096861,0.001330322,-0.02252234,0.08354187,-0.2502289,0.9645691,0.08354187,-0.2502289,0.9645691,4.90863,4.90863,True,True,True
1621040,63779589504061,-13.56441,2.578348,-0.09003311,-0.07052647,0.9582032,-0.07834057,-0.2659611,0.007592377,0.00160434,-0.02328322,0.07807922,-0.2591858,0.9626617,0.03096466,0.001330322,-0.02250359,0.03096466,0.001330322,-0.02250359,0.08258057,-0.2514648,0.964325,0.08258057,-0.2514648,0.964325,4.909134,4.909134,True,True,True
1621048,63779589504072,-13.5645,2.578345,-0.0900389,-0.07077619,0.9581904,-0.07814325,-0.2659992,0.007111527,0.001612015,-0.02329735,0.07803345,-0.2595215,0.9625702,0.03096382,0.001329742,-0.02250054,0.03096382,0.001329742,-0.02250054,0.08233643,-0.2511749,0.9644165,0.08233643,-0.2511749,0.9644165,4.907166,4.907166,True,True,True
1621057,63779589504083,-13.56461,2.578359,-0.09004223,-0.07094833,0.9581573,-0.07809231,-0.2660874,0.006337509,0.001620926,-0.02331256,0.07769775,-0.2592163,0.962677,0.03095978,0.001328003,-0.02248253,0.03095978,0.001328003,-0.02248253,0.0816803,-0.2519226,0.9642792,0.0816803,-0.2519226,0.9642792,4.907562,4.907562,True,True,True
1621065,63779589504083,-13.56461,2.578359,-0.09004223,-0.07094833,0.9581573,-0.07809231,-0.2660874,0.006620819,0.001666748,-0.0233257,0.08007813,-0.2575836,0.9629211,0.03097969,0.001384857,-0.02252991,0.03097969,0.001384857,-0.02252991,0.08837891,-0.252121,0.9636383,0.08837891,-0.252121,0.9636383,4.916519,4.916519,True,True,True
1621073,63779589504094,-13.56468,2.578358,-0.090083,-0.07111793,0.958096,-0.07806767,-0.26627,0.005387955,0.001810593,-0.02342621,0.07505798,-0.2427979,0.9671631,0.03100029,0.001542053,-0.02267241,0.03100029,0.001542053,-0.02267241,0.0799408,-0.2190247,0.9724274,0.0799408,-0.2190247,0.9724274,4.918365,4.918365,True,True,True
1621082,63779589504105,-13.56483,2.578321,-0.09010428,-0.07119598,0.958077,-0.07800434,-0.2663363,-0.005127457,0.002049255,-0.02375223,0.07000732,-0.2474976,0.9663544,0.03102667,0.001706024,-0.02282733,0.03102667,0.001706024,-0.02282733,0.06788635,-0.2211151,0.9728699,0.06788635,-0.2211151,0.9728699,4.881866,4.881866,True,True,True
1621090,63779589504116,-13.56491,2.578329,-0.09004867,-0.07136951,0.9580303,-0.07788788,-0.2664913,0.005098664,0.001967652,-0.02315895,0.0556488,-0.2277069,0.9721222,0.03101819,0.001712387,-0.02244566,0.03101819,0.001712387,-0.02244566,0.04818726,-0.2162476,0.9751434,0.04818726,-0.2162476,0.9751434,4.906754,4.906754,True,True,True
1621098,63779589504116,-13.56491,2.578329,-0.09004867,-0.07136951,0.9580303,-0.07788788,-0.2664913,0.01840788,0.001884049,-0.02247803,0.0433197,-0.2094421,0.9768524,0.03100359,0.001752243,-0.02207717,0.03100359,0.001752243,-0.02207717,0.03813171,-0.2099915,0.976944,0.03813171,-0.2099915,0.976944,4.985352,4.985352,True,True,True
1621107,63779589504128,-13.56501,2.578342,-0.09007877,-0.07151852,0.9579903,-0.07770792,-0.2666481,-0.001,-0.001,-0.001,1,-1,-1,0.03112372,0.001467545,-0.02037686,0.03112372,0.001467545,-0.02037686,0,0,0,0,0,0,-1,-1,False,True,True
1621115,63779589504138,-13.56504,2.578355,-0.09008139,-0.07168477,0.9579293,-0.07769521,-0.2668263,-0.001,-0.001,-0.001,1,-1,-1,0.03072498,0.002215973,-0.02332559,0.03072498,0.002215973,-0.02332559,0,0,0,0,0,0,-1,-1,False,True,True
1621123,63779589504138,-13.56504,2.578355,-0.09008139,-0.07168477,0.9579293,-0.07769521,-0.2668263,-0.001,-0.001,-0.001,1,-1,-1,0.03153444,0.001817612,-0.02246889,0.03153444,0.001817612,-0.02246889,0,0,0,0,0,0,-1,-1,False,True,True
1621132,63779589504150,-13.56512,2.578323,-0.0900414,-0.07201854,0.9578909,-0.07775193,-0.2668579,-0.001,-0.001,-0.001,1,-1,-1,0.03269867,0.00161554,-0.02213234,0.03269867,0.00161554,-0.02213234,0,0,0,0,0,0,-1,-1,False,True,True
1621140,63779589504161,-13.56512,2.578263,-0.09005278,-0.07236689,0.9578441,-0.07796939,-0.266868,-0.001,-0.001,-0.001,1,-1,-1,0.03233852,0.0007183228,-0.02268308,0.03233852,0.0007183228,-0.02268308,0,0,0,0,0,0,-1,-1,False,True,True
1621148,63779589504172,-13.56517,2.578245,-0.09004998,-0.07282358,0.9577739,-0.0781313,-0.2669481,-0.001,-0.001,-0.001,1,-1,-1,0.03220626,0.001712402,-0.02235143,0.03220626,0.001712402,-0.02235143,0,0,0,0,0,0,-1,-1,False,True,True
1621157,63779589504172,-13.56517,2.578245,-0.09004998,-0.07282358,0.9577739,-0.0781313,-0.2669481,-0.001,-0.001,-0.001,1,-1,-1,0.03590793,0.0004591217,-0.02608032,0.03590793,0.0004591217,-0.02608032,0,0,0,0,0,0,-1,-1,False,True,True
1621165,63779589504183,-13.56517,2.578196,-0.0900771,-0.07306918,0.9577146,-0.07845558,-0.2669984,-0.001,-0.001,-0.001,1,-1,-1,0.03590793,0.0004591217,-0.02608032,0.03590793,0.0004591217,-0.02608032,0,0,0,0,0,0,-1,-1,False,False,False
1621173,63779589504194,-13.56524,2.578102,-0.09003687,-0.07336657,0.9576918,-0.07880209,-0.2668969,-0.001,-0.001,-0.001,1,-1,-1,0.03226501,0.001047699,-0.02268247,0.03226501,0.001047699,-0.02268247,0,0,0,0,0,0,-1,-1,False,True,True
1621182,63779589504205,-13.56525,2.578015,-0.0900113,-0.07360472,0.95767,-0.0792185,-0.2667865,-0.001,-0.001,-0.001,1,-1,-1,0.03262778,0.001220978,-0.02260123,0.03262778,0.001220978,-0.02260123,0,0,0,0,0,0,-1,-1,False,True,True
1621190,63779589504216,-13.56521,2.577933,-0.09002846,-0.07364445,0.9576598,-0.07965893,-0.2666811,-0.001,-0.001,-0.001,1,-1,-1,0.03308963,0.0006179963,-0.02237186,0.03308963,0.0006179963,-0.02237186,0,0,0,0,0,0,-1,-1,False,True,True
1621198,63779589504216,-13.56521,2.577933,-0.09002846,-0.07364445,0.9576598,-0.07965893,-0.2666811,-0.001,-0.001,-0.001,1,-1,-1,0.03207697,0.00208374,-0.02229727,0.03207697,0.00208374,-0.02229727,0,0,0,0,0,0,-1,-1,False,True,True
1621207,63779589504227,-13.56516,2.577934,-0.08999288,-0.0734389,0.9576794,-0.0799901,-0.2665679,-0.001,-0.001,-0.001,1,-1,-1,0.03218474,0.0008515473,-0.0228289,0.03218474,0.0008515473,-0.0228289,0,0,0,0,0,0,-1,-1,False,True,True
1621215,63779589504238,-13.56515,2.577882,-0.0900203,-0.07328946,0.9576797,-0.08028983,-0.2665176,-0.001,-0.001,-0.001,1,-1,-1,0.03233366,0.001529861,-0.02260501,0.03233366,0.001529861,-0.02260501,0,0,0,0,0,0,-1,-1,False,True,True
1621223,63779589504249,-13.56517,2.577804,-0.08990133,-0.07297408,0.9576942,-0.08066515,-0.2664388,-0.001,-0.001,-0.001,1,-1,-1,0.03210709,0.0004996643,-0.02271066,0.03210709,0.0004996643,-0.02271066,0,0,0,0,0,0,-1,-1,False,True,True
1621232,63779589504249,-13.56517,2.577804,-0.08990133,-0.07297408,0.9576942,-0.08066515,-0.2664388,-0.001,-0.001,-0.001,1,-1,-1,0.0312672,0.0008059998,-0.01599213,0.0312672,0.0008059998,-0.01599213,0,0,0,0,0,0,-1,-1,False,True,True
1621240,63779589504261,-13.56514,2.577768,-0.08989674,-0.07268468,0.9576915,-0.08096329,-0.2664372,-0.001,-0.001,-0.001,1,-1,-1,0.03128804,-0.0006525574,-0.01096457,0.03128804,-0.0006525574,-0.01096457,0,0,0,0,0,0,-1,-1,False,True,True
1621248,63779589504272,-13.56512,2.577656,-0.08982491,-0.0725084,0.9576916,-0.08111804,-0.2664379,-0.001,-0.001,-0.001,1,-1,-1,0.0308322,0.00250293,-0.0217737,0.0308322,0.00250293,-0.0217737,0,0,0,0,0,0,-1,-1,False,True,True
1621257,63779589504283,-13.56508,2.577614,-0.08982927,-0.07222422,0.9577007,-0.08131249,-0.2664232,-0.001,-0.001,-0.001,1,-1,-1,0.03101476,-0.001601807,-0.008597931,0.03101476,-0.001601807,-0.008597931,0,0,0,0,0,0,-1,-1,False,True,True
1621265,63779589504283,-13.56508,2.577614,-0.08982927,-0.07222422,0.9577007,-0.08131249,-0.2664232,-0.001,-0.001,-0.001,1,-1,-1,0.03026065,0.002492935,-0.02010722,0.03026065,0.002492935,-0.02010722,0,0,0,0,0,0,-1,-1,False,True,True
1621273,63779589504294,-13.56503,2.57757,-0.08983439,-0.07200822,0.9577127,-0.08141548,-0.2664072,-0.001,-0.001,-0.001,1,-1,-1,0.03027503,0.002470398,-0.01980966,0.03027503,0.002470398,-0.01980966,0,0,0,0,0,0,-1,-1,False,True,True
1621282,63779589504306,-13.56501,2.577514,-0.08984727,-0.07167447,0.9577306,-0.08161339,-0.266372,-0.001,-0.001,-0.001,1,-1,-1,0.03048007,0.002956741,-0.02148486,0.03048007,0.002956741,-0.02148486,0,0,0,0,0,0,-1,-1,False,True,True
1621290,63779589504316,-13.56496,2.577492,-0.0898478,-0.07133953,0.957792,-0.08175181,-0.2661987,0.00133847,0.003558289,-0.02285953,0.0763092,-0.02481079,0.9967651,0.03046422,0.002994293,-0.02151927,0.03046422,0.002994293,-0.02151927,-0.06954956,0.08392334,0.9940338,-0.06954956,0.08392334,0.9940338,4.713898,4.713898,True,True,True
1621298,63779589504316,-13.56496,2.577492,-0.0898478,-0.07133953,0.957792,-0.08175181,-0.2661987,-0.01576796,0.003955841,-0.02345233,0.1436462,-0.1832275,0.9725037,0.03040413,0.002814713,-0.02092505,0.03040413,0.002814713,-0.02092505,-0.05964661,-0.1131744,0.9917755,-0.05964661,-0.1131744,0.9917755,4.885345,4.885345,True,True,True
1621307,63779589504327,-13.56491,2.577486,-0.08987761,-0.07115836,0.9578267,-0.08187882,-0.2660834,-0.01649675,0.003842178,-0.02349794,0.1829224,-0.1836395,0.9658203,0.03060115,0.003025315,-0.02103774,0.03060115,0.003025315,-0.02103774,-0.06950378,-0.119751,0.9903564,-0.06950378,-0.119751,0.9903564,5.646149,5.646149,True,True,True
1621315,63779589504338,-13.5648,2.577468,-0.08991069,-0.07085656,0.9578804,-0.08202457,-0.2659258,-0.007648331,0.003244721,-0.0224993,0.1063538,-0.1648712,0.9805603,0.03046335,0.002402817,-0.01939893,0.03046335,0.002402817,-0.01939893,-0.08146667,-0.2492676,0.9649963,-0.08146667,-0.2492676,0.9649963,4.204895,4.204895,True,True,True
1621323,63779589504349,-13.56472,2.577465,-0.08992016,-0.07070653,0.9579413,-0.08226145,-0.2656728,-0.02706126,0.003559464,-0.02357366,0.2035828,-0.2923279,0.9343872,0.03054128,0.001541412,-0.01518848,0.03054128,0.001541412,-0.01518848,-0.1077271,-0.1960144,0.9746552,-0.1077271,-0.1960144,0.9746552,3.867508,3.867508,True,True,True
1621332,63779589504349,-13.56472,2.577465,-0.08992016,-0.07070653,0.9579413,-0.08226145,-0.2656728,-0.0277527,0.003739899,-0.02453981,0.4881439,-0.181488,0.8536682,0.03110318,0.002158661,-0.01907913,0.03110318,0.002158661,-0.01907913,-0.01010132,-0.3049011,0.9523163,-0.01010132,-0.3049011,0.9523163,4.136536,4.136536,True,True,True
1621340,63779589504360,-13.56459,2.577478,-0.08981669,-0.07048383,0.9580083,-0.08232696,-0.2654701,-0.02885652,0.003894196,-0.02441271,0.1824646,-0.2263031,0.9568024,0.03317305,0.002462174,-0.02229117,0.03317305,0.002462174,-0.02229117,-0.03686523,-0.3904419,0.9198761,-0.03686523,-0.3904419,0.9198761,4.815399,4.815399,True,True,True
1621348,63779589504372,-13.56451,2.577465,-0.08982247,-0.07029904,0.9580963,-0.08233579,-0.265199,-0.02924425,0.00283667,-0.02507298,0.4582672,-0.1614685,0.8740082,0.03213077,0.001883743,-0.02232732,0.03213077,0.001883743,-0.02232732,-0.112854,-0.3032837,0.9461823,-0.112854,-0.3032837,0.9461823,4.601898,4.601898,True,True,True
1621356,63779589504383,-13.56438,2.577472,-0.08970064,-0.07017821,0.9581758,-0.08233644,-0.2649431,-0.02930649,0.003326767,-0.02489378,0.4325562,-0.33284,0.8379059,0.03249045,0.0009116364,-0.02255093,0.03249045,0.0009116364,-0.02255093,0.02970886,-0.1758881,0.9839478,0.02970886,-0.1758881,0.9839478,4.887695,4.887695,True,True,True
1621365,63779589504383,-13.56438,2.577472,-0.08970064,-0.07017821,0.9581758,-0.08233644,-0.2649431,-0.02909387,0.002603439,-0.02500389,0.4292297,-0.2010803,0.8805084,0.03255538,0.001791061,-0.02227687,0.03255538,0.001791061,-0.02227687,0.06626892,-0.474823,0.8775787,0.06626892,-0.474823,0.8775787,4.423691,4.423691,True,True,True
1621373,63779589504394,-13.56427,2.577473,-0.0896275,-0.07018176,0.9582452,-0.0822297,-0.2647243,-0.02905178,0.003175613,-0.0248864,0.4449005,-0.4152222,0.7934875,0.03216885,0.001366318,-0.02237934,0.03216885,0.001366318,-0.02237934,-0.04432678,-0.4245911,0.9042816,-0.04432678,-0.4245911,0.9042816,5.073135,5.073135,True,True,True
1621381,63779589504405,-13.56416,2.57746,-0.08960372,-0.07026818,0.9583032,-0.0821774,-0.2645077,-0.02896555,0.003159103,-0.02471543,0.380188,-0.4328156,0.8173676,0.03213634,0.001221802,-0.02246645,0.03213634,0.001221802,-0.02246645,-0.09140015,-0.5187225,0.8500366,-0.09140015,-0.5187225,0.8500366,5.089828,5.089828,True,True,True
1621390,63779589504416,-13.56408,2.577431,-0.08950621,-0.0703572,0.9583284,-0.0822293,-0.2643765,-0.02946175,0.002323563,-0.02481716,0.2207031,-0.3406677,0.9138947,0.03232463,0.001341126,-0.02239446,0.03232463,0.001341126,-0.02239446,-0.04414368,-0.545639,0.8368378,-0.04414368,-0.545639,0.8368378,4.540421,4.540421,True,True,True
1621398,63779589504416,-13.56408,2.577431,-0.08950621,-0.0703572,0.9583284,-0.0822293,-0.2643765,-0.02915001,0.002183655,-0.02483762,0.2649994,-0.339386,0.9025421,0.03206444,0.0007553406,-0.02256729,0.03206444,0.0007553406,-0.02256729,-0.02502441,-0.3965149,0.9176788,-0.02502441,-0.3965149,0.9176788,4.448227,4.448227,True,True,True
1621406,63779589504427,-13.56396,2.57742,-0.08944869,-0.07058094,0.9583743,-0.08214439,-0.2641769,-0.02933219,0.002140198,-0.02473764,0.1567993,-0.3470459,0.9246368,0.03564914,0.0005176545,-0.02570426,0.03564914,0.0005176545,-0.02570426,0,0,0,0,0,0,-1,-1,True,True,True
1621415,63779589504438,-13.56382,2.577412,-0.08933711,-0.07060783,0.9584522,-0.08209781,-0.2639011,-0.02845816,0.003143936,-0.02452792,0.3627472,-0.517868,0.7747192,0.0357336,0.0001803131,-0.02657134,0.0357336,0.0001803131,-0.02657134,0,0,0,0,0,0,-1,-1,True,True,True
1621423,63779589504449,-13.56371,2.577412,-0.08930033,-0.07061341,0.958535,-0.08203842,-0.2636173,-0.02890715,0.002073715,-0.02491177,0.3344574,-0.3140259,0.8885498,0.03231902,0.001429443,-0.02243222,0.03231902,0.001429443,-0.02243222,-0.0572052,-0.6154175,0.7861023,-0.0572052,-0.6154175,0.7861023,4.781616,4.781616,True,True,True
1621431,63779589504449,-13.56371,2.577412,-0.08930033,-0.07061341,0.958535,-0.08203842,-0.2636173,-0.02930443,0.00198172,-0.02511476,0.3805695,-0.2847443,0.8798065,0.03224582,0.0009430085,-0.0225542,0.03224582,0.0009430085,-0.0225542,-0.07258606,-0.4331665,0.8983765,-0.07258606,-0.4331665,0.8983765,4.9086,4.9086,True,True,True
1621440,63779589504461,-13.56366,2.577437,-0.08923775,-0.07061826,0.9586542,-0.08193029,-0.263216,0.03232184,0.001197846,-0.02255997,-0.1634216,-0.5014801,0.8495789,0.03232184,0.001197846,-0.02255997,0.03232184,0.001197846,-0.02255997,-0.1634216,-0.5014801,0.8495789,-0.1634216,-0.5014801,0.8495789,5.175903,5.175903,True,True,True
1621448,63779589504472,-13.56363,2.577464,-0.08912647,-0.07057063,0.9587225,-0.08186399,-0.2630006,0.03224002,0.0008777771,-0.02262669,-0.1632385,-0.3572998,0.9196014,0.03224002,0.0008777771,-0.02262669,0.03224002,0.0008777771,-0.02262669,-0.1632385,-0.3572998,0.9196014,-0.1632385,-0.3572998,0.9196014,4.460846,4.460846,True,True,True
1621456,63779589504483,-13.56353,2.577504,-0.08905655,-0.07051054,0.9588006,-0.08156936,-0.2628233,0.03315637,0.0003789826,-0.0225932,0.1166229,-0.1485138,0.9819946,0.03315637,0.0003789826,-0.0225932,0.03315637,0.0003789826,-0.0225932,0.1166229,-0.1485138,0.9819946,0.1166229,-0.1485138,0.9819946,4.570099,4.570099,True,True,True
1621464,63779589504483,-13.56353,2.577504,-0.08905655,-0.07051054,0.9588006,-0.08156936,-0.2628233,0.03282616,0.001995316,-0.02218099,0.07029724,-0.576828,0.8138123,0.03282616,0.001995316,-0.02218099,0.03282616,0.001995316,-0.02218099,0.07029724,-0.576828,0.8138123,0.07029724,-0.576828,0.8138123,4.521454,4.521454,True,True,True
1621473,63779589504494,-13.56342,2.577527,-0.08888024,-0.07040658,0.9589024,-0.08134677,-0.2625489,0.03271523,0.001409653,-0.02230885,0.1186981,-0.293808,0.9484558,0.03271523,0.001409653,-0.02230885,0.03271523,0.001409653,-0.02230885,0.1186981,-0.293808,0.9484558,0.1186981,-0.293808,0.9484558,4.113022,4.113022,True,True,True
1621481,63779589504505,-13.5633,2.577602,-0.08879071,-0.07041933,0.9589515,-0.08090734,-0.2625017,0.03268732,0.001172699,-0.02244982,-0.01080322,-0.3049622,0.9522858,0.03268732,0.001172699,-0.02244982,0.03268732,0.001172699,-0.02244982,-0.01080322,-0.3049622,0.9522858,-0.01080322,-0.3049622,0.9522858,3.981201,3.981201,True,True,True
1621489,63779589504516,-13.56322,2.577645,-0.08868384,-0.07040421,0.9589948,-0.08060854,-0.2624397,0.03269145,0.001323441,-0.02252234,-0.08540344,-0.1651459,0.9825592,0.03269145,0.001323441,-0.02252234,0.03269145,0.001323441,-0.02252234,-0.08540344,-0.1651459,0.9825592,-0.08540344,-0.1651459,0.9825592,4.112869,4.112869,True,True,True
1621498,63779589504516,-13.56322,2.577645,-0.08868384,-0.07040421,0.9589948,-0.08060854,-0.2624397,0.03167294,0.002609222,-0.02207301,-0.2738647,-0.4364624,0.8570251,0.03167294,0.002609222,-0.02207301,0.03167294,0.002609222,-0.02207301,-0.2738647,-0.4364624,0.8570251,-0.2738647,-0.4364624,0.8570251,3.871826,3.871826,True,True,True
1621506,63779589504527,-13.56311,2.577732,-0.0885787,-0.0704328,0.9590457,-0.08023027,-0.2623616,0.0321146,0.002277878,-0.02233812,-0.2578125,-0.3394165,0.9046021,0.0321146,0.002277878,-0.02233812,0.0321146,0.002277878,-0.02233812,-0.2578125,-0.3394165,0.9046021,-0.2578125,-0.3394165,0.9046021,3.904724,3.904724,True,True,True
1621514,63779589504538,-13.56298,2.577794,-0.08845252,-0.07031091,0.959102,-0.07990055,-0.2622893,0.03287052,0.002877152,-0.02218552,-0.06274414,-0.4064331,0.9115143,0.03287052,0.002877152,-0.02218552,0.03287052,0.002877152,-0.02218552,-0.06274414,-0.4064331,0.9115143,-0.06274414,-0.4064331,0.9115143,4.472,4.472,True,True,True
1621523,63779589504549,-13.56283,2.577851,-0.08826149,-0.07020239,0.9591377,-0.07956813,-0.2622889,0.0307921,0.003173157,-0.02301769,-0.09701538,-0.2603149,0.9606323,0.0307921,0.003173157,-0.02301769,0.0307921,0.003173157,-0.02301769,-0.09701538,-0.2603149,0.9606323,-0.09701538,-0.2603149,0.9606323,4.938736,4.938736,True,True,True
1621531,63779589504549,-13.56283,2.577851,-0.08826149,-0.07020239,0.9591377,-0.07956813,-0.2622889,-0.001,-0.001,-0.001,1,-1,-1,0.03115331,0.001653305,-0.01329169,0.03115331,0.001653305,-0.01329169,0,0,0,0,0,0,-1,-1,False,True,True
1621539,63779589504561,-13.56274,2.577961,-0.08812726,-0.07026801,0.9592006,-0.07923692,-0.2621418,-0.001,-0.001,-0.001,1,-1,-1,0.03077828,0.002830872,-0.02176843,0.03077828,0.002830872,-0.02176843,0,0,0,0,0,0,-1,-1,False,True,True
1621548,63779589504571,-13.56259,2.578003,-0.08794284,-0.07022833,0.9592093,-0.07894506,-0.2622085,-0.001,-0.001,-0.001,1,-1,-1,0.03072615,0.002720963,-0.0206622,0.03072615,0.002720963,-0.0206622,0,0,0,0,0,0,-1,-1,False,True,True
1621556,63779589504583,-13.56247,2.578065,-0.08782917,-0.07022914,0.9592466,-0.07859698,-0.2621763,-0.001,-0.001,-0.001,1,-1,-1,0.03081774,0.003000229,-0.02203075,0.03081774,0.003000229,-0.02203075,0,0,0,0,0,0,-1,-1,False,True,True
1621564,63779589504583,-13.56247,2.578065,-0.08782917,-0.07022914,0.9592466,-0.07859698,-0.2621763,-0.001,-0.001,-0.001,1,-1,-1,0.03069667,0.002340439,-0.01853751,0.03069667,0.002340439,-0.01853751,0,0,0,0,0,0,-1,-1,False,True,True
1621573,63779589504594,-13.5624,2.5781,-0.08768523,-0.07033795,0.9592721,-0.07829177,-0.2621452,-0.02615401,0.003858948,-0.02100293,0.05325317,-0.3447266,0.9371796,0.03072168,0.002411209,-0.01955583,0.03072168,0.002411209,-0.01955583,0.02156067,-0.187851,0.9819489,0.02156067,-0.187851,0.9819489,5.190826,5.190826,True,True,True
1621581,63779589504605,-13.56231,2.578108,-0.08755887,-0.07047583,0.9592865,-0.0780526,-0.2621267,-0.02571916,0.003923035,-0.02585243,0.07084656,-0.1166077,0.9906311,0.03070398,0.00251648,-0.01963898,0.03070398,0.00251648,-0.01963898,0.01586914,-0.1757813,0.9842987,0.01586914,-0.1757813,0.9842987,4.894058,4.894058,True,True,True
1621589,63779589504616,-13.5622,2.578169,-0.08745146,-0.07051493,0.9593251,-0.07780374,-0.2620491,-0.01688501,0.003975662,-0.02614943,0.0957489,-0.1237946,0.9876709,0.03071799,0.003361664,-0.0240329,0.03071799,0.003361664,-0.0240329,0.07513428,-0.1223297,0.9896393,0.07513428,-0.1223297,0.9896393,4.367599,4.367599,True,True,True
1621598,63779589504616,-13.5622,2.578169,-0.08745146,-0.07051493,0.9593251,-0.07780374,-0.2620491,0.03189969,0.001109131,-0.01603101,0.2878265,-0.116745,0.950531,0.03189969,0.001109131,-0.01603101,0.03189969,0.001109131,-0.01603101,0.2878265,-0.116745,0.950531,0.2878265,-0.116745,0.950531,3.912628,3.912628,True,True,True
1621606,63779589504627,-13.56209,2.578171,-0.08729231,-0.07068501,0.9593381,-0.07771588,-0.2619815,0.03206116,0.002421249,-0.02158099,-0.06925964,-0.3412323,0.9374084,0.03206116,0.002421249,-0.02158099,0.03206116,0.002421249,-0.02158099,-0.06925964,-0.3412323,0.9374084,-0.06925964,-0.3412323,0.9374084,3.871246,3.871246,True,True,True
1621614,63779589504638,-13.56198,2.578196,-0.08717644,-0.07080218,0.9593756,-0.07757321,-0.2618548,0.03280908,-0.0002508087,-0.02268483,0.1315918,0.2663269,0.9548492,0.03280908,-0.0002508087,-0.02268483,0.03280908,-0.0002508087,-0.02268483,0.1315918,0.2663269,0.9548492,0.1315918,0.2663269,0.9548492,4.131439,4.131439,True,True,True
1621623,63779589504638,-13.56198,2.578196,-0.08717644,-0.07080218,0.9593756,-0.07757321,-0.2618548,0.03232915,0.001728775,-0.0221945,-0.0594635,-0.4891357,0.870163,0.03232915,0.001728775,-0.0221945,0.03232915,0.001728775,-0.0221945,-0.0594635,-0.4891357,0.870163,-0.0594635,-0.4891357,0.870163,4.568298,4.568298,True,True,True
1621631,63779589504650,-13.56193,2.578198,-0.08702499,-0.07089166,0.9594136,-0.07752088,-0.261707,0.03214677,0.001340836,-0.02233685,-0.1673279,-0.4835968,0.8591309,0.03214677,0.001340836,-0.02233685,0.03214677,0.001340836,-0.02233685,-0.1673279,-0.4835968,0.8591309,-0.1673279,-0.4835968,0.8591309,5.261642,5.261642,True,True,True
1621639,63779589504660,-13.56178,2.578157,-0.08682132,-0.07098466,0.9594296,-0.0774656,-0.2616395,0.03210736,0.0009653626,-0.02242842,-0.1195221,-0.4430237,0.8884888,0.03210736,0.0009653626,-0.02242842,0.03210736,0.0009653626,-0.02242842,-0.1195221,-0.4430237,0.8884888,-0.1195221,-0.4430237,0.8884888,4.441238,4.441238,True,True,True
1621648,63779589504672,-13.56169,2.578199,-0.08672702,-0.07102242,0.9594554,-0.07756043,-0.2615065,0.03174876,0.001124771,-0.02231587,-0.1244965,-0.5010834,0.8563843,0.03174876,0.001124771,-0.02231587,0.03174876,0.001124771,-0.02231587,-0.1244965,-0.5010834,0.8563843,-0.1244965,-0.5010834,0.8563843,4.671097,4.671097,True,True,True
1621656,63779589504683,-13.56158,2.578153,-0.08661193,-0.07094988,0.9594852,-0.07765596,-0.2613885,0.03212814,0.0004845276,-0.02253359,-0.007553101,-0.404892,0.9143219,0.03212814,0.0004845276,-0.02253359,0.03212814,0.0004845276,-0.02253359,-0.007553101,-0.404892,0.9143219,-0.007553101,-0.404892,0.9143219,4.546082,4.546082,True,True,True
1621664,63779589504683,-13.56158,2.578153,-0.08661193,-0.07094988,0.9594852,-0.07765596,-0.2613885,-0.001,-0.001,-0.001,1,-1,-1,0.03181612,0.0008603821,-0.02242181,0.03181612,0.0008603821,-0.02242181,0,0,0,0,0,0,-1,-1,False,True,True
1621673,63779589504694,-13.56149,2.578074,-0.08655453,-0.07089885,0.9594806,-0.07773171,-0.2613962,-0.001,-0.001,-0.001,1,-1,-1,0.03333116,-0.0001734772,-0.02277751,0.03333116,-0.0001734772,-0.02277751,0,0,0,0,0,0,-1,-1,False,True,True
1621681,63779589504704,-13.5615,2.578107,-0.08654773,-0.07066823,0.9595286,-0.07784057,-0.2612503,-0.001,-0.001,-0.001,1,-1,-1,0.03229994,0.001320908,-0.02231854,0.03229994,0.001320908,-0.02231854,0,0,0,0,0,0,-1,-1,False,True,True
1621689,63779589504704,-13.56143,2.578099,-0.08646119,-0.07055231,0.9595712,-0.07789152,-0.2611099,-0.001,-0.001,-0.001,1,-1,-1,0.03261804,0.00176001,-0.02222617,0.03261804,0.00176001,-0.02222617,0,0,0,0,0,0,-1,-1,False,True,True
1621698,63779589504716,-13.56143,2.578099,-0.08646119,-0.07055231,0.9595712,-0.07789152,-0.2611099,-0.001,-0.001,-0.001,1,-1,-1,0.03258428,0.0004307251,-0.0226586,0.03258428,0.0004307251,-0.0226586,0,0,0,0,0,0,-1,-1,False,True,True
1621706,63779589504727,-13.56135,2.578116,-0.08640599,-0.07043459,0.9596257,-0.07786712,-0.2609488,-0.001,-0.001,-0.001,1,-1,-1,0.03268959,0.001133713,-0.02250494,0.03268959,0.001133713,-0.02250494,0,0,0,0,0,0,-1,-1,False,True,True
1621714,63779589504738,-13.56129,2.578108,-0.08634907,-0.07029455,0.959683,-0.07783837,-0.2607841,-0.001,-0.001,-0.001,1,-1,-1,0.0323568,0.001947022,-0.02218492,0.0323568,0.001947022,-0.02218492,0,0,0,0,0,0,-1,-1,False,True,True
1621723,63779589504738,-13.56129,2.578108,-0.08634907,-0.07029455,0.959683,-0.07783837,-0.2607841,-0.001,-0.001,-0.001,1,-1,-1,0.03290173,0.001726456,-0.02202268,0.03290173,0.001726456,-0.02202268,0,0,0,0,0,0,-1,-1,False,True,True
1621731,63779589504754,-13.5612,2.578109,-0.08629781,-0.0702006,0.9597037,-0.0777789,-0.2607509,-0.001,-0.001,-0.001,1,-1,-1,0.03153826,0.001946243,-0.01996869,0.03153826,0.001946243,-0.01996869,0,0,0,0,0,0,-1,-1,False,True,True
1621739,63779589504760,-13.56114,2.578105,-0.08621359,-0.07019077,0.9597673,-0.0776718,-0.2605515,0.03065996,0.003109757,-0.02267584,0.02062988,-0.1335754,0.9908142,0.03065996,0.003109757,-0.02267584,0.03065996,0.003109757,-0.02267584,0.02062988,-0.1335754,0.9908142,0.02062988,-0.1335754,0.9908142,3.762756,3.762756,True,True,True
1621748,63779589504768,-13.56105,2.57812,-0.08612531,-0.07009207,0.9598103,-0.07760994,-0.2604381,0.0309126,0.003469971,-0.02360805,0.1340179,-0.07925415,0.987793,0.0309126,0.003469971,-0.02360805,0.0309126,0.003469971,-0.02360805,0.1340179,-0.07925415,0.987793,0.1340179,-0.07925415,0.987793,4.440094,4.440094,True,True,True
1621756,63779589504779,-13.561,2.578119,-0.08592784,-0.07006382,0.9598456,-0.07758522,-0.2603229,0.03082272,0.003023422,-0.02088683,0.0508728,-0.0864563,0.9949493,0.03082272,0.003023422,-0.02088683,0.03082272,0.003023422,-0.02088683,0.0508728,-0.0864563,0.9949493,0.0508728,-0.0864563,0.9949493,5.142258,5.142258,True,True,True
1621764,63779589504790,-13.56086,2.578113,-0.08583868,-0.06998634,0.9598885,-0.0775238,-0.2602038,0.03138139,0.002439346,-0.02120018,0.2541199,0.09246826,0.962738,0.03138139,0.002439346,-0.02120018,0.03138139,0.002439346,-0.02120018,0.2541199,0.09246826,0.962738,0.2541199,0.09246826,0.962738,5.388809,5.388809,True,True,True
1621773,63779589504790,-13.56086,2.578113,-0.08583868,-0.06998634,0.9598885,-0.0775238,-0.2602038,0.03091739,0.002849319,-0.02194341,0.1188202,0.07609558,0.9899902,0.03091739,0.002849319,-0.02194341,0.03091739,0.002849319,-0.02194341,0.1188202,0.07609558,0.9899902,0.1188202,0.07609558,0.9899902,5.468246,5.468246,True,True,True
1621781,63779589504801,-13.56081,2.578125,-0.08571535,-0.07003111,0.9599553,-0.07736579,-0.2599924,0.03125646,0.002720535,-0.02172173,0.1672821,-0.02992249,0.9854431,0.03125646,0.002720535,-0.02172173,0.03125646,0.002720535,-0.02172173,0.1672821,-0.02992249,0.9854431,0.1672821,-0.02992249,0.9854431,5.199387,5.199387,True,True,True
1621789,63779589504812,-13.56078,2.578149,-0.08563787,-0.07005633,0.959983,-0.07725792,-0.2599152,0.03111842,0.00274588,-0.02046828,0.1048737,-0.07485962,0.9916534,0.03111846,0.00274588,-0.02046828,0.03111846,0.00274588,-0.02046828,0.1048737,-0.07485962,0.9916534,0.1048737,-0.07485962,0.9916534,5.349777,5.349777,True,True,True
1621798,63779589504812,-13.56078,2.578149,-0.08563787,-0.07005633,0.959983,-0.07725792,-0.2599152,0.03117443,0.002801132,-0.0202762,0.09373474,-0.1255951,0.9876404,0.03117471,0.002801117,-0.02027617,0.03117471,0.002801117,-0.02027617,0.09373474,-0.1255951,0.9876404,0.09373474,-0.1255951,0.9876404,5.229858,5.229858,True,True,True
1621806,63779589504812,-13.56076,2.578215,-0.0855813,-0.07001247,0.9600421,-0.07702944,-0.2597765,0.03088944,0.002735916,-0.02136574,0.04545593,-0.08392334,0.9954224,0.0308895,0.002735916,-0.02136572,0.0308895,0.002735916,-0.02136572,0.04545593,-0.08392334,0.9954224,0.04545593,-0.08392334,0.9954224,4.889587,4.889587,True,True,True
1621814,63779589504833,-13.56076,2.578215,-0.0855813,-0.07001247,0.9600421,-0.07702944,-0.2597765,0.03110669,0.003104981,-0.0234296,0.07907104,0.01220703,0.9967804,0.03110713,0.003104965,-0.02342958,0.03110713,0.003104965,-0.02342958,0.07907104,0.01220703,0.9967804,0.07907104,0.01220703,0.9967804,5.039597,5.039597,True,True,True
1621823,63779589504846,-13.56061,2.578306,-0.08541155,-0.07003981,0.9601675,-0.07659913,-0.2594326,0.03113391,0.00301651,-0.02317087,0.06071472,0.04167175,0.9972839,0.03113681,0.003016464,-0.02317072,0.03113681,0.003016464,-0.02317072,0.06071472,0.04167175,0.9972687,0.06071472,0.04167175,0.9972687,5.241943,5.241943,True,True,True
1621831,63779589504857,-13.56057,2.578435,-0.08535129,-0.07007804,0.9602296,-0.07634653,-0.259267,0.03112458,0.003020752,-0.02324205,0.07328796,0.03427124,0.9967194,0.03112529,0.003020737,-0.02324201,0.03112529,0.003020737,-0.02324201,0.07328796,0.03427124,0.9967194,0.07328796,0.03427124,0.9967194,5.168198,5.168198,True,True,True
1621839,63779589504857,-13.56057,2.578435,-0.08535129,-0.07007804,0.9602296,-0.07634653,-0.259267,-0.02731599,0.003893967,-0.02607814,0.05892944,-0.04089355,0.9974213,0.03100333,0.003183243,-0.02383087,0.03100333,0.003183243,-0.02383087,0.07275391,-0.04089355,0.9965057,0.07275391,-0.04089355,0.9965057,4.842697,4.842697,True,True,True
1621848,63779589504869,-13.56064,2.578516,-0.08525646,-0.07004794,0.9602748,-0.07585914,-0.2592508,-0.02739066,0.003907029,-0.02618048,0.06999207,-0.04924011,0.9963226,0.03087761,0.003180115,-0.02371385,0.03087761,0.003180115,-0.02371385,0.07809448,-0.03593445,0.9962921,0.07809448,-0.03593445,0.9962921,4.884506,4.884506,True,True,True
1621856,63779589504880,-13.56061,2.578598,-0.08520329,-0.07018025,0.9603099,-0.07540985,-0.259216,-0.02746488,0.00385759,-0.02585916,0.0670166,-0.03753662,0.9970398,0.03085782,0.003159988,-0.02375522,0.03085782,0.003159988,-0.02375522,0.09944153,0.02944946,0.9945984,0.09944153,0.02944946,0.9945984,5.265182,5.265182,True,True,True
1621864,63779589504891,-13.56062,2.578664,-0.08509707,-0.07030469,0.9603308,-0.07510393,-0.2591936,-0.02740178,0.003751267,-0.02555715,0.08126831,-0.08387756,0.9931488,0.03087776,0.003031693,-0.0234713,0.03087776,0.003031693,-0.0234713,0.09646606,0.002212524,0.9953308,0.09646606,0.002212524,0.9953308,5.046783,5.046783,True,True,True
1621873,63779589504891,-13.56062,2.578664,-0.08509707,-0.07030469,0.9603308,-0.07510393,-0.2591936,-0.02742122,0.003762955,-0.02569695,0.07029724,-0.08729553,0.9936981,0.0308851,0.002985031,-0.02336571,0.0308851,0.002985031,-0.02336571,0.1016541,-0.01370239,0.9947205,0.1016541,-0.01370239,0.9947205,4.971863,4.971863,True,True,True
1621881,63779589504902,-13.56065,2.578729,-0.08501279,-0.07043552,0.9603404,-0.07476746,-0.25922,-0.02739556,0.003816513,-0.02590128,0.07701111,-0.08021545,0.9937897,0.03088188,0.003021042,-0.02349666,0.03088188,0.003021042,-0.02349666,0.0933075,-0.02482605,0.9953156,0.0933075,-0.02482605,0.9953156,5.050034,5.050034,True,True,True
1621889,63779589504913,-13.56065,2.578778,-0.08495444,-0.0705502,0.9603412,-0.0745983,-0.2592346,0.004581589,0.003394287,-0.02463522,0.08460999,-0.03843689,0.9956665,0.03087032,0.003030365,-0.02351984,0.03087032,0.003030365,-0.02351984,0.0949707,-0.007720947,0.9954376,0.0949707,-0.007720947,0.9954376,5.125351,5.125351,True,True,True
1621898,63779589504924,-13.56073,2.578799,-0.08490539,-0.07066938,0.9603293,-0.07442878,-0.259295,-0.01923801,0.003706299,-0.0256167,0.08195496,-0.06787109,0.9943085,0.03094017,0.002828186,-0.02291521,0.03094017,0.002828186,-0.02291521,0.1082611,-0.02206421,0.993866,0.1082611,-0.02206421,0.993866,5.037109,5.037109,True,True,True
1621906,63779589504924,-13.56073,2.578799,-0.08490539,-0.07066938,0.9603293,-0.07442878,-0.259295,-0.02500554,0.003727722,-0.02572505,0.0925293,-0.06532288,0.9935608,0.03093439,0.002810257,-0.02287775,0.03093439,0.002810257,-0.02287775,0.1090698,-0.03431702,0.9934387,0.1090698,-0.03431702,0.9934387,4.960327,4.960327,True,True,True
1621914,63779589504935,-13.56067,2.578847,-0.08482111,-0.07057564,0.9603252,-0.07425225,-0.2593862,-0.02494922,0.00359726,-0.02532303,0.0874176,-0.05575562,0.9945984,0.0309364,0.002814865,-0.02290643,0.0309364,0.002814865,-0.02290643,0.1130981,-0.01368713,0.9934845,0.1130981,-0.01368713,0.9934845,5.082275,5.082275,True,True,True
1621923,63779589504946,-13.56069,2.578908,-0.08470595,-0.07056796,0.9603165,-0.07420856,-0.259433,-0.02452719,0.00362352,-0.02539714,0.0849762,-0.06158447,0.9944763,0.03092981,0.002840332,-0.02293701,0.03092981,0.002840332,-0.02293701,0.1091919,-0.03184509,0.9934998,0.1091919,-0.03184509,0.9934998,5.045868,5.045868,True,True,True
1621931,63779589504958,-13.56078,2.57895,-0.08462703,-0.07046017,0.9603362,-0.0740529,-0.2594337,-0.02280559,0.003575897,-0.02526618,0.08833313,-0.0589447,0.994339,0.03091858,0.002866211,-0.02306111,0.03091858,0.002866211,-0.02306111,0.1064148,-0.03723145,0.9936218,0.1064148,-0.03723145,0.9936218,4.971786,4.971786,True,True,True
1621939,63779589504958,-13.56078,2.57895,-0.08462703,-0.07046017,0.9603362,-0.0740529,-0.2594337,-0.0210385,0.003504715,-0.0250428,0.09281921,-0.05581665,0.9941101,0.03092154,0.002641037,-0.02237785,0.03092154,0.002641037,-0.02237785,0.1122284,-0.01687622,0.9935303,0.1122284,-0.01687622,0.9935303,5.071152,5.071152,True,True,True
1621948,63779589504969,-13.56079,2.578971,-0.08453941,-0.07047953,0.9603264,-0.07398291,-0.2594848,-0.004787949,0.003298081,-0.02442177,0.09313965,-0.05558777,0.9940948,0.03087741,0.002821228,-0.02288556,0.03087741,0.002821228,-0.02288556,0.09266663,-0.04118347,0.9948425,0.09266663,-0.04118347,0.9948425,5.006119,5.006119,True,True,True
1621956,63779589504979,-13.56087,2.578919,-0.08452266,-0.07044116,0.9603459,-0.07390799,-0.2594444,-0.01404578,0.003478928,-0.02503165,0.08966064,-0.05740356,0.9943085,0.03082463,0.003035111,-0.02368033,0.03082463,0.003035111,-0.02368033,0.08215332,-0.04394531,0.995636,0.08215332,-0.04394531,0.995636,4.996658,4.996658,True,True,True
1621964,63779589504991,-13.56087,2.578912,-0.0844655,-0.07048754,0.9603236,-0.07383673,-0.2595348,-0.02725566,0.003599823,-0.02538771,0.08808899,-0.06079102,0.9942474,0.03077434,0.003246277,-0.02446806,0.03077434,0.003246277,-0.02446806,0.06439209,-0.04942322,0.9966888,0.06439209,-0.04942322,0.9966888,4.942947,4.942947,True,True,True
1621973,63779589504991,-13.56087,2.578912,-0.0844655,-0.07048754,0.9603236,-0.07383673,-0.2595348,-0.02736832,0.00360849,-0.02541443,0.0880127,-0.05325317,0.9946899,0.03077635,0.003236954,-0.02443932,0.03077635,0.003236954,-0.02443932,0.06500244,-0.05456543,0.9963837,0.06500244,-0.05456543,0.9963837,4.963272,4.963272,True,True,True
1621981,63779589505003,-13.56089,2.578914,-0.08448303,-0.07057516,0.9603354,-0.07388628,-0.2594531,-0.02737302,0.003613785,-0.02543933,0.08763123,-0.05906677,0.9943848,0.03077835,0.003227615,-0.02441055,0.03077835,0.003227615,-0.02441055,0.06552124,-0.05484009,0.9963379,0.06552124,-0.05484009,0.9963379,4.942459,4.942459,True,True,True
1621989,63779589505013,-13.56086,2.578929,-0.08441341,-0.07061253,0.9603381,-0.07384896,-0.2594437,-0.02737743,0.003619065,-0.02546422,0.08724976,-0.06141663,0.994278,0.03077989,0.003217148,-0.0243765,0.03077989,0.003217148,-0.0243765,0.06591797,-0.05482483,0.9963074,0.06591797,-0.05482483,0.9963074,4.951447,4.951447,True,True,True
1621998,63779589505025,-13.56088,2.578929,-0.0843274,-0.07064376,0.9603578,-0.07394534,-0.2593346,-0.02737848,0.003622742,-0.02547218,0.08679199,-0.06089783,0.9943542,0.03078143,0.003206681,-0.02434244,0.03078143,0.003206681,-0.02434244,0.06640625,-0.0549469,0.9962769,0.06640625,-0.0549469,0.9962769,4.945099,4.945099,True,True,True
1622006,63779589505025,-13.56088,2.578929,-0.0843274,-0.07064376,0.9603578,-0.07394534,-0.2593346,-0.02737953,0.003626404,-0.02548015,0.08631897,-0.06126404,0.9943695,0.03078145,0.003204224,-0.02433811,0.03078145,0.003204224,-0.02433811,0.06654358,-0.05395508,0.9963074,0.06654358,-0.05395508,0.9963074,4.953293,4.953293,True,True,True
1622014,63779589505035,-13.56093,2.578872,-0.08429146,-0.07073592,0.9603792,-0.07393237,-0.2592339,-0.02738118,0.003626831,-0.02548061,0.08615112,-0.06184387,0.9943542,0.03078146,0.003201782,-0.02433379,0.03078146,0.003201782,-0.02433379,0.06651306,-0.05412292,0.9963074,0.06651306,-0.05412292,0.9963074,4.960922,4.960922,True,True,True
1622023,63779589505047,-13.56095,2.578822,-0.08430147,-0.07067452,0.9603689,-0.07412196,-0.2592348,-0.02737308,0.003626358,-0.02548003,0.08677673,-0.06225586,0.994278,0.03078153,0.003199463,-0.02432826,0.03078153,0.003199463,-0.02432826,0.06668091,-0.05415344,0.9962921,0.06668091,-0.05415344,0.9962921,4.968445,4.968445,True,True,True
1622031,63779589505058,-13.56097,2.578799,-0.08427423,-0.07066908,0.9604053,-0.07418044,-0.2590846,-0.02743303,0.003717346,-0.02606497,0.07398987,-0.06439209,0.995163,0.03099249,0.002521881,-0.02229457,0.03099249,0.002521881,-0.02229457,0.1135559,-0.02702332,0.9931488,0.1135559,-0.02702332,0.9931488,5.072098,5.072098,True,True,True
1622039,63779589505058,-13.56097,2.578799,-0.08427423,-0.07066908,0.9604053,-0.07418044,-0.2590846,-0.02724228,0.003217743,-0.02468714,0.06381226,-0.05409241,0.9964905,0.03111289,0.002546509,-0.02277942,0.03111289,0.002546509,-0.02277942,0.09515381,-0.0458374,0.9944,0.09515381,-0.0458374,0.9944,5.100739,5.100739,True,True,True
1622048,63779589505069,-13.561,2.578817,-0.0842241,-0.07069673,0.9604241,-0.07441115,-0.2589414,-0.0271064,0.003043381,-0.02429256,0.05499268,-0.07200623,0.9958801,0.03119184,0.00254065,-0.02305887,0.03119184,0.00254065,-0.02305887,0.07221985,-0.05603027,0.9958038,0.07221985,-0.05603027,0.9958038,5.07486,5.07486,True,True,True
1622056,63779589505079,-13.56102,2.578806,-0.08415532,-0.07076646,0.960418,-0.07456178,-0.2589011,-0.02696489,0.002985901,-0.02429594,0.04223633,-0.09321594,0.9947357,0.03125099,0.002574463,-0.02348912,0.03125099,0.002574463,-0.02348912,0.06642151,-0.06390381,0.9957275,0.06642151,-0.06390381,0.9957275,4.97258,4.97258,True,True,True
1622064,63779589505091,-13.56106,2.578791,-0.08411491,-0.07072653,0.9604448,-0.07464086,-0.2587901,-0.02410643,0.002967102,-0.02442082,0.03141785,-0.1043549,0.9940338,0.03125849,0.0025522,-0.02356877,0.03125849,0.0025522,-0.02356877,0.05210876,-0.07601929,0.9957428,0.05210876,-0.07601929,0.9957428,5.058167,5.058167,True,True,True
1622073,63779589505091,-13.56106,2.578791,-0.08411491,-0.07072653,0.9604448,-0.07464086,-0.2587901,0.005192856,0.002732681,-0.02392155,0.0512085,-0.09164429,0.9944611,0.03125317,0.002534515,-0.02349402,0.03125317,0.002534515,-0.02349402,0.0587616,-0.0790863,0.9951324,0.0587616,-0.0790863,0.9951324,4.900574,4.900574,True,True,True
1622081,63779589505102,-13.56108,2.578832,-0.08408356,-0.0707757,0.960456,-0.07474727,-0.2587045,0.02777532,0.002551224,-0.02350983,0.059021,-0.07658386,0.9953003,0.03125324,0.00252533,-0.02345422,0.03125324,0.00252533,-0.02345422,0.06034851,-0.07478333,0.9953613,0.06034851,-0.07478333,0.9953613,4.951508,4.951508,True,True,True
1622089,63779589505113,-13.56112,2.578828,-0.08397144,-0.07092635,0.9604644,-0.07488429,-0.2585922,0.02987077,0.002530762,-0.02343596,0.061203,-0.08108521,0.994812,0.03125317,0.002520706,-0.02341443,0.03125317,0.002520706,-0.02341443,0.06175232,-0.08045959,0.9948273,0.06175232,-0.08045959,0.9948273,4.969116,4.969116,True,True,True
1622098,63779589505124,-13.56108,2.578858,-0.08392102,-0.07078623,0.9605045,-0.07477701,-0.2585127,0.02726393,0.00255658,-0.02349113,0.06195068,-0.08239746,0.9946594,0.03125267,0.002527603,-0.02342873,0.03125267,0.002527603,-0.02342873,0.06361389,-0.08061218,0.9947052,0.06361389,-0.08061218,0.9947052,4.963455,4.963455,True,True,True
1622106,63779589505124,-13.56108,2.578858,-0.08392102,-0.07078623,0.9605045,-0.07477701,-0.2585127,0.0115334,0.002673279,-0.02373403,0.05584717,-0.09049988,0.9943237,0.03125217,0.002528076,-0.02341443,0.03125217,0.002528076,-0.02341443,0.06387329,-0.0823822,0.9945374,0.06387329,-0.0823822,0.9945374,4.967575,4.967575,True,True,True
1622115,63779589505136,-13.56109,2.578859,-0.08387256,-0.07087804,0.9605143,-0.07478725,-0.2584481,-0.02168366,0.002923111,-0.02428667,0.04429626,-0.1042175,0.9935608,0.03125153,0.002531296,-0.0234162,0.03125153,0.002531296,-0.0234162,0.06452942,-0.0824585,0.9944916,0.06452942,-0.0824585,0.9944916,4.968048,4.968048,True,True,True
1622123,63779589505147,-13.56114,2.578855,-0.08387125,-0.07105325,0.9605295,-0.07476932,-0.2583488,4.28772E-06,0.002766983,-0.02393808,0.05403137,-0.09541321,0.9939575,0.03125089,0.002534515,-0.02341797,0.03125089,0.002534515,-0.02341797,0.06518555,-0.0824585,0.9944458,0.06518555,-0.0824585,0.9944458,4.967636,4.967636,True,True,True
1622131,63779589505158,-13.56118,2.57882,-0.08393347,-0.07111475,0.9605457,-0.0747185,-0.2582867,0.008293168,0.002706299,-0.02379942,0.05709839,-0.0914917,0.9941559,0.03124986,0.002535217,-0.0234162,0.03124986,0.002535217,-0.0234162,0.06593323,-0.08128357,0.9944916,0.06593323,-0.08128357,0.9944916,4.968369,4.968369,True,True,True
1622140,63779589505158,-13.56118,2.57882,-0.08393347,-0.07111475,0.9605457,-0.0747185,-0.2582867,0.007058564,0.002716522,-0.02382027,0.05686951,-0.09129333,0.9941864,0.03124884,0.002535935,-0.02341591,0.03124884,0.002535935,-0.02341591,0.06613159,-0.08003235,0.9945831,0.06613159,-0.08003235,0.9945831,4.969589,4.969589,True,True,True
1622148,63779589505169,-13.56119,2.578839,-0.08392829,-0.07095859,0.9605503,-0.07475573,-0.2583015,0.009790116,0.002696594,-0.02377452,0.05821228,-0.0894928,0.994278,0.03124814,0.002535965,-0.02341518,0.03124814,0.002535965,-0.02341518,0.06626892,-0.07910156,0.9946594,0.06626892,-0.07910156,0.9946594,4.977859,4.977859,True,True,True
1622156,63779589505180,-13.56122,2.578855,-0.08392602,-0.07093761,0.9605656,-0.07467081,-0.2582747,0.01054237,0.002691406,-0.02376181,0.05793762,-0.08987427,0.9942627,0.03124744,0.002535996,-0.02341443,0.03124744,0.002535996,-0.02341443,0.0663147,-0.08013916,0.9945679,0.0663147,-0.08013916,0.9945679,4.969757,4.969757,True,True,True
1622165,63779589505191,-13.56124,2.578865,-0.08388901,-0.0708741,0.9605584,-0.07471479,-0.2583063,0.0114148,0.002685532,-0.02374779,0.05865479,-0.08872986,0.9943237,0.03124707,0.002535965,-0.02341223,0.03124707,0.002535965,-0.02341223,0.0665741,-0.07937622,0.9946136,0.0665741,-0.07937622,0.9946136,4.969482,4.969482,True,True,True
1622173,63779589505191,-13.56124,2.578865,-0.08388901,-0.0708741,0.9605584,-0.07471479,-0.2583063,0.0104422,0.002693619,-0.02376502,0.05815125,-0.08842468,0.9943695,0.03124672,0.002535996,-0.02341002,0.03124672,0.002535996,-0.02341002,0.06610107,-0.0785675,0.9947052,0.06610107,-0.0785675,0.9947052,4.96965,4.96965,True,True,True
1622181,63779589505203,-13.56136,2.57885,-0.08387375,-0.07079444,0.960571,-0.07473606,-0.2582752,0.00977327,0.002700256,-0.02377901,0.05795288,-0.08984375,0.9942627,0.03124463,0.002536774,-0.0234064,0.03124463,0.002536774,-0.0234064,0.06567383,-0.07992554,0.9946289,0.06567383,-0.07992554,0.9946289,4.969543,4.969543,True,True,True
1622190,63779589505214,-13.56146,2.578794,-0.08382219,-0.07079072,0.9605533,-0.07480568,-0.2583218,0.009892212,0.002700913,-0.02377948,0.05804443,-0.08973694,0.9942627,0.03124254,0.002537552,-0.0234028,0.03124254,0.002537552,-0.0234028,0.06523132,-0.07943726,0.9946899,0.06523132,-0.07943726,0.9946899,4.969406,4.969406,True,True,True
1622198,63779589505214,-13.56146,2.578794,-0.08382219,-0.07079072,0.9605533,-0.07480568,-0.2583218,0.00989203,0.002704376,-0.02377121,0.05801392,-0.09030151,0.9942169,0.03124254,0.002537552,-0.02338983,0.03124254,0.002537552,-0.02338983,0.06567383,-0.07901001,0.9947052,0.06567383,-0.07901001,0.9947052,4.970673,4.970673,True,True,True
1622206,63779589505225,-13.5615,2.57878,-0.08379769,-0.07075907,0.9605488,-0.07479979,-0.2583491,0.01071806,0.002699219,-0.02376827,0.05828857,-0.08958435,0.9942627,0.03124254,0.002537552,-0.02338689,0.03124254,0.002537552,-0.02338689,0.0657959,-0.07923889,0.9946747,0.0657959,-0.07923889,0.9946747,4.970245,4.970245,True,True,True
1622215,63779589505236,-13.56153,2.57875,-0.08382505,-0.070839,0.9605241,-0.07483721,-0.2584081,0.01139314,0.002693894,-0.02375618,0.05873108,-0.08850098,0.994339,0.03124254,0.002537552,-0.02338242,0.03124254,0.002537552,-0.02338242,0.06610107,-0.07846069,0.9947205,0.06610107,-0.07846069,0.9947205,4.961395,4.961395,True,True,True
1622223,63779589505248,-13.56155,2.578784,-0.08383954,-0.07093391,0.960512,-0.07492837,-0.2584005,0.01171591,0.002691345,-0.02374835,0.0585022,-0.0884552,0.9943542,0.03124254,0.002537552,-0.02337979,0.03124254,0.002537552,-0.02337979,0.06570435,-0.0786438,0.9947205,0.06570435,-0.0786438,0.9947205,4.959122,4.959122,True,True,True
1622231,63779589505248,-13.56155,2.578784,-0.08383954,-0.07093391,0.960512,-0.07492837,-0.2584005,0.01228688,0.002686844,-0.02373944,0.05871582,-0.08804321,0.9943695,0.03124254,0.002537552,-0.02337976,0.03124254,0.002537552,-0.02337976,0.06570435,-0.0786438,0.9947205,0.06570435,-0.0786438,0.9947205,4.959122,4.959122,True,True,True
1622240,63779589505259,-13.56163,2.578784,-0.08385259,-0.07093342,0.9604987,-0.07494153,-0.2584463,0.01224477,0.002686081,-0.02373102,0.05867004,-0.08840942,0.994339,0.03124254,0.002535935,-0.02336609,0.03124254,0.002535935,-0.02336609,0.06570435,-0.07914734,0.9946899,0.06570435,-0.07914734,0.9946899,4.959412,4.959412,True,True,True
1622248,63779589505271,-13.56165,2.578773,-0.08379972,-0.07088884,0.9605355,-0.07485387,-0.2583473,0.01145306,0.002688706,-0.02373389,0.05839539,-0.08886719,0.9943237,0.03124254,0.002530426,-0.02334738,0.03124254,0.002530426,-0.02334738,0.06575012,-0.07872009,0.9947205,0.06575012,-0.07872009,0.9947205,4.987061,4.987061,True,True,True
1622256,63779589505282,-13.56168,2.578793,-0.08378702,-0.07087579,0.9605467,-0.07485958,-0.2583073,-0.00579718,0.002788513,-0.02393547,0.05662537,-0.09667969,0.9936981,0.0312775,0.002425507,-0.0229756,0.0312775,0.002425507,-0.0229756,0.07530212,-0.07601929,0.9942474,0.07530212,-0.07601929,0.9942474,4.97525,4.97525,True,True,True
1622265,63779589505282,-13.56168,2.578793,-0.08378702,-0.07087579,0.9605467,-0.07485958,-0.2583073,-0.02244863,0.002951126,-0.02436331,0.04832458,-0.1061401,0.9931641,0.03127822,0.002420151,-0.02293454,0.03127822,0.002420151,-0.02293454,0.07615662,-0.07727051,0.9940948,0.07615662,-0.07727051,0.9940948,4.973907,4.973907,True,True,True
1622273,63779589505293,-13.56164,2.578806,-0.08380204,-0.07091688,0.9605442,-0.07487708,-0.2583006,-0.02594952,0.002985657,-0.02445773,0.04627991,-0.1086884,0.9929962,0.03127827,0.002416748,-0.02292873,0.03127827,0.002416748,-0.02292873,0.07617188,-0.0771637,0.9940948,0.07617188,-0.0771637,0.9940948,4.974121,4.974121,True,True,True
1622281,63779589505304,-13.56166,2.578897,-0.08372521,-0.07098682,0.9605488,-0.0748498,-0.2582719,-0.02664455,0.002992539,-0.02447618,0.04577637,-0.1095428,0.9929199,0.03127904,0.002414826,-0.02291623,0.03127904,0.002414826,-0.02291623,0.07637024,-0.07711792,0.9940796,0.07637024,-0.07711792,0.9940796,4.974396,4.974396,True,True,True
1622290,63779589505315,-13.56161,2.578907,-0.08371228,-0.07115184,0.9605227,-0.07473579,-0.2583568,-0.02676665,0.002993759,-0.02447946,0.04568481,-0.1096344,0.9929199,0.03127904,0.00241481,-0.02291347,0.03127904,0.00241481,-0.02291347,0.07662964,-0.07733154,0.9940491,0.07662964,-0.07733154,0.9940491,4.974503,4.974503,True,True,True
1622298,63779589505315,-13.56161,2.578907,-0.08371228,-0.07115184,0.9605227,-0.07473579,-0.2583568,-0.02668201,0.00299292,-0.02447713,0.04568481,-0.110321,0.9928436,0.03127904,0.00241481,-0.02290611,0.03127904,0.00241481,-0.02290611,0.07850647,-0.07777405,0.993866,0.07850647,-0.07777405,0.993866,4.971802,4.971802,True,True,True
1622306,63779589505327,-13.56157,2.578922,-0.08372283,-0.07116622,0.9605191,-0.07469192,-0.2583785,-0.02617574,0.002987854,-0.02446335,0.04411316,-0.1101532,0.9929199,0.03127904,0.002414307,-0.02290286,0.03127904,0.002414307,-0.02290286,0.07885742,-0.07792664,0.9938202,0.07885742,-0.07792664,0.9938202,4.96489,4.96489,True,True,True
1622315,63779589505338,-13.56157,2.578933,-0.08371365,-0.07128807,0.9605297,-0.07452519,-0.2583536,-0.02346068,0.002962296,-0.02439732,0.04562378,-0.1085052,0.993042,0.03127904,0.002414307,-0.02290286,0.03127904,0.002414307,-0.02290286,0.07885742,-0.07821655,0.9938049,0.07885742,-0.07821655,0.9938049,4.964798,4.964798,True,True,True
1622323,63779589505350,-13.56159,2.579021,-0.0837245,-0.0712764,0.960488,-0.07453679,-0.2585089,-0.01089185,0.002836304,-0.02405415,0.05311584,-0.1015778,0.9933929,0.03127904,0.002413712,-0.02290167,0.03127904,0.002413712,-0.02290167,0.07885742,-0.07788086,0.9938354,0.07885742,-0.07788086,0.9938354,4.96492,4.96492,True,True,True
1622331,63779589505350,-13.56159,2.579021,-0.0837245,-0.0712764,0.960488,-0.07453679,-0.2585089,0.007257508,0.002656098,-0.02356964,0.06283569,-0.09111023,0.9938507,0.03127904,0.002413712,-0.02290009,0.03127904,0.002413712,-0.02290009,0.07655334,-0.07798767,0.9940033,0.07655334,-0.07798767,0.9940033,4.964783,4.964783,True,True,True
1622340,63779589505360,-13.56159,2.578993,-0.0837329,-0.07127085,0.9605058,-0.07446271,-0.2584656,0.009207215,0.002637146,-0.02351825,0.06434631,-0.09004211,0.9938507,0.03127904,0.002413712,-0.02289887,0.03127904,0.002413712,-0.02289887,0.0770874,-0.07807922,0.9939575,0.0770874,-0.07807922,0.9939575,4.965012,4.965012,True,True,True
1622348,63779589505372,-13.5616,2.579033,-0.08373523,-0.07116697,0.9605032,-0.074444,-0.2585091,0.01045502,0.002624863,-0.02348407,0.06611633,-0.08943176,0.9937897,0.03127886,0.002413346,-0.02289842,0.03127886,0.002413346,-0.02289842,0.07875061,-0.07803345,0.9938202,0.07875061,-0.07803345,0.9938202,4.957855,4.957855,True,True,True
1622356,63779589505383,-13.56165,2.579051,-0.08369708,-0.07112913,0.9605252,-0.07427439,-0.2584867,0.01142123,0.002614944,-0.02345415,0.06655884,-0.08909607,0.9937897,0.03127802,0.002412811,-0.02289191,0.03127802,0.002412811,-0.02289191,0.07850647,-0.07835388,0.9938202,0.07850647,-0.07835388,0.9938202,4.955093,4.955093,True,True,True
1622365,63779589505383,-13.56165,2.579051,-0.08369708,-0.07112913,0.9605252,-0.07427439,-0.2584867,0.01187671,0.002610993,-0.02344321,0.0665741,-0.08889771,0.9938049,0.03127741,0.002412811,-0.02289165,0.03127741,0.002412811,-0.02289165,0.07830811,-0.07839966,0.9938354,0.07830811,-0.07839966,0.9938354,4.949539,4.949539,True,True,True
1622373,63779589505394,-13.56165,2.579086,-0.08370823,-0.07116731,0.9605107,-0.0741559,-0.2585643,0.01193659,0.002610367,-0.02344357,0.06590271,-0.08886719,0.9938507,0.03127568,0.002412811,-0.02289165,0.03127568,0.002412811,-0.02289165,0.07783508,-0.07867432,0.9938507,0.07783508,-0.07867432,0.9938507,4.949509,4.949509,True,True,True
1622381,63779589505405,-13.56169,2.579065,-0.08375335,-0.07106197,0.9605012,-0.07405207,-0.258658,0.01151537,0.002613632,-0.02345561,0.06565857,-0.0887146,0.9938812,0.03127557,0.002410568,-0.02289046,0.03127557,0.002410568,-0.02289046,0.07785034,-0.07815552,0.9938812,0.07785034,-0.07815552,0.9938812,4.955414,4.955414,True,True,True
1622390,63779589505416,-13.56169,2.579081,-0.08381355,-0.07111692,0.9605076,-0.07397716,-0.2586403,0.01073055,0.002621704,-0.02347498,0.06488037,-0.08934021,0.9938812,0.0312753,0.002410492,-0.02288571,0.0312753,0.002410492,-0.02288571,0.07778931,-0.07847595,0.993866,0.07778931,-0.07847595,0.993866,4.958023,4.958023,True,True,True
1622398,63779589505416,-13.56169,2.579081,-0.08381355,-0.07111692,0.9605076,-0.07397716,-0.2586403,0.0100806,0.002627838,-0.02349036,0.06460571,-0.08984375,0.9938507,0.03127507,0.002409378,-0.02288054,0.03127507,0.002409378,-0.02288054,0.07771301,-0.0786438,0.993866,0.07771301,-0.0786438,0.993866,4.955475,4.955475,True,True,True
1622406,63779589505427,-13.56172,2.579093,-0.08383197,-0.07113206,0.960507,-0.07387221,-0.2586684,0.009397797,0.002634278,-0.02351082,0.0637207,-0.09060669,0.9938354,0.03127327,0.002408035,-0.02288054,0.03127327,0.002408035,-0.02288054,0.07725525,-0.0793457,0.9938354,0.07725525,-0.0793457,0.9938354,4.957733,4.957733,True,True,True
1622415,63779589505439,-13.56171,2.579062,-0.08379817,-0.07119416,0.960521,-0.07392224,-0.2585852,0.009018113,0.002637192,-0.02352078,0.06312561,-0.09127808,0.9938202,0.03127303,0.002406326,-0.02287834,0.03127303,0.002406326,-0.02287834,0.07643127,-0.0801239,0.9938354,0.07643127,-0.0801239,0.9938354,4.954666,4.954666,True,True,True
1622423,63779589505450,-13.5617,2.579054,-0.0838328,-0.07111268,0.9605283,-0.07388846,-0.2585903,0.008793809,0.002638489,-0.02352876,0.0629425,-0.09135437,0.9938202,0.03127269,0.002404312,-0.02287834,0.03127269,0.002404312,-0.02287834,0.07633972,-0.08013916,0.9938507,0.07633972,-0.08013916,0.9938507,4.954956,4.954956,True,True,True
1622431,63779589505450,-13.5617,2.579054,-0.0838328,-0.07111268,0.9605283,-0.07388846,-0.2585903,0.008576676,0.002640106,-0.02353365,0.06248474,-0.09107971,0.993866,0.03127231,0.002402786,-0.02287509,0.03127231,0.002402786,-0.02287509,0.07617188,-0.07945251,0.9939117,0.07617188,-0.07945251,0.9939117,4.94722,4.94722,True,True,True
1622440,63779589505461,-13.56171,2.579042,-0.08385438,-0.07114268,0.9605415,-0.073947,-0.2585162,0.00861998,0.002639481,-0.02353665,0.06262207,-0.09077454,0.9938965,0.03127152,0.002402298,-0.02287131,0.03127152,0.002402298,-0.02287131,0.07595825,-0.07957458,0.993927,0.07595825,-0.07957458,0.993927,4.947083,4.947083,True,True,True
1622448,63779589505472,-13.5617,2.579028,-0.08389789,-0.07114755,0.9605443,-0.07400344,-0.2584881,0.00898755,0.002635224,-0.0235223,0.06181335,-0.09117126,0.9939117,0.03127133,0.002401627,-0.02286356,0.03127133,0.002401627,-0.02286356,0.07476807,-0.08056641,0.993927,0.07476807,-0.08056641,0.993927,4.929581,4.929581,True,True,True
1622456,63779589505483,-13.56175,2.579034,-0.08394265,-0.07120103,0.9605679,-0.07413706,-0.2583476,0.009296387,0.002631973,-0.02351405,0.06193542,-0.09101868,0.9939117,0.03127126,0.002401627,-0.02286356,0.03127126,0.002401627,-0.02286356,0.07475281,-0.08056641,0.993927,0.07475281,-0.08056641,0.993927,4.929581,4.929581,True,True,True
1622465,63779589505483,-13.56175,2.579034,-0.08394265,-0.07120103,0.9605679,-0.07413706,-0.2583476,0.009569459,0.002629898,-0.02350684,0.06271362,-0.09098816,0.993866,0.03127126,0.002401627,-0.02286356,0.03127126,0.002401627,-0.02286356,0.07575989,-0.08055115,0.9938507,0.07575989,-0.08055115,0.9938507,4.929413,4.929413,True,True,True
1622473,63779589505495,-13.56177,2.579025,-0.0839901,-0.07111268,0.9605721,-0.07424438,-0.2583255,0.009671296,0.002628906,-0.02350382,0.06283569,-0.09049988,0.9938965,0.03127126,0.002401627,-0.02286356,0.03127126,0.002401627,-0.02286356,0.07588196,-0.0798645,0.9939117,0.07588196,-0.0798645,0.9939117,4.947418,4.947418,True,True,True
1622481,63779589505505,-13.56177,2.57902,-0.08403188,-0.07112549,0.9606152,-0.07437009,-0.2581257,0.009563904,0.002630387,-0.02350699,0.06266785,-0.09031677,0.993927,0.03127063,0.002401627,-0.02286356,0.03127063,0.002401627,-0.02286356,0.07571411,-0.07936096,0.9939575,0.07571411,-0.07936096,0.9939575,4.947556,4.947556,True,True,True
1622490,63779589505516,-13.56165,2.578977,-0.08407933,-0.07105957,0.9606454,-0.07447442,-0.2580008,0.009406571,0.002632477,-0.0235165,0.06207275,-0.09017944,0.9939728,0.03127035,0.002401627,-0.02287131,0.03127035,0.002401627,-0.02287131,0.0745697,-0.07893372,0.9940796,0.0745697,-0.07893372,0.9940796,4.947266,4.947266,True,True,True
1622498,63779589505516,-13.56165,2.578977,-0.08407933,-0.07105957,0.9606454,-0.07447442,-0.2580008,0.008979371,0.00263739,-0.02353481,0.06132507,-0.08985901,0.9940491,0.03127028,0.002402298,-0.02288054,0.03127028,0.002402298,-0.02288054,0.07389832,-0.0783844,0.9941711,0.07389832,-0.0783844,0.9941711,4.92981,4.92981,True,True,True
1622506,63779589505527,-13.56164,2.57895,-0.08411783,-0.07102743,0.9607005,-0.07460009,-0.2577684,0.00851329,0.002643677,-0.02355032,0.06097412,-0.09031677,0.9940338,0.03127024,0.002403671,-0.02288358,0.03127024,0.002403671,-0.02288358,0.07377625,-0.07867432,0.9941559,0.07377625,-0.07867432,0.9941559,4.913025,4.913025,True,True,True
1622515,63779589505538,-13.56156,2.578944,-0.08414531,-0.07097032,0.9607437,-0.07466323,-0.2576045,0.007981156,0.002649826,-0.02356505,0.06063843,-0.09039307,0.9940491,0.0312701,0.002404312,-0.0228837,0.0312701,0.002404312,-0.0228837,0.07371521,-0.07885742,0.9941406,0.07371521,-0.07885742,0.9941406,4.909531,4.909531,True,True,True
1622523,63779589505550,-13.5615,2.578929,-0.08412212,-0.07093704,0.9607898,-0.07471154,-0.2574282,0.00764383,0.002654389,-0.02357659,0.0602417,-0.09054565,0.9940643,0.03126949,0.002406021,-0.02288811,0.03126949,0.002406021,-0.02288811,0.07359314,-0.07891846,0.9941559,0.07359314,-0.07891846,0.9941559,4.912796,4.912796,True,True,True
1622531,63779589505550,-13.5615,2.578929,-0.08412212,-0.07093704,0.9607898,-0.07471154,-0.2574282,0.007231415,0.002664414,-0.02360056,0.06001282,-0.09121704,0.9940186,0.03126949,0.00241568,-0.02291055,0.03126949,0.00241568,-0.02291055,0.07359314,-0.07957458,0.9940948,0.07359314,-0.07957458,0.9940948,4.911819,4.911819,True,True,True
1622540,63779589505561,-13.56146,2.578914,-0.08417612,-0.0709307,0.9608058,-0.07476012,-0.2573559,0.002619416,0.002737335,-0.02380605,0.05487061,-0.09434509,0.9940186,0.03125044,0.002465363,-0.02305765,0.03125044,0.002465363,-0.02305765,0.06863403,-0.08169556,0.994278,0.06863403,-0.08169556,0.994278,4.893311,4.893311,True,True,True
1622548,63779589505572,-13.56145,2.578905,-0.08425683,-0.07091416,0.9608322,-0.07476819,-0.2572597,0.002051178,0.002726975,-0.02375766,0.05703735,-0.09141541,0.9941711,0.03128319,0.002433487,-0.02293007,0.03128319,0.002433487,-0.02293007,0.07322693,-0.0753479,0.9944611,0.07322693,-0.0753479,0.9944611,4.952026,4.952026,True,True,True
1622556,63779589505583,-13.56143,2.578905,-0.08431697,-0.07093743,0.9608557,-0.07469629,-0.2571862,-0.001695801,0.002778153,-0.02385605,0.04222107,-0.09300232,0.9947662,0.03136939,0.002468491,-0.02315591,0.03136939,0.002468491,-0.02315591,0.05354309,-0.06695557,0.9963074,0.05354309,-0.06695557,0.9963074,4.894165,4.894165,True,True,True
1622565,63779589505583,-13.56143,2.578905,-0.08431697,-0.07093743,0.9608557,-0.07469629,-0.2571862,-0.02262892,0.003094818,-0.02462102,0.01820374,-0.0952301,0.995285,0.03144829,0.002632004,-0.02353116,0.03144829,0.002632004,-0.02353116,0.03215027,-0.06976318,0.9970398,0.03215027,-0.06976318,0.9970398,4.783386,4.783386,True,True,True
1622573,63779589505594,-13.56145,2.578878,-0.08443981,-0.0708392,0.9608882,-0.07458027,-0.2571254,-0.02610143,0.003100769,-0.02443965,0.01689148,-0.09567261,0.9952545,0.03146227,0.00267984,-0.02364517,0.03146227,0.00267984,-0.02364517,0.03410339,-0.0721283,0.9968109,0.03410339,-0.0721283,0.9968109,4.886627,4.886627,True,True,True
1622581,63779589505605,-13.56144,2.578928,-0.08447242,-0.07089525,0.9609058,-0.07438333,-0.2571014,-0.02666934,0.003123734,-0.02450551,0.01547241,-0.09617615,0.9952393,0.03145478,0.00267656,-0.02364147,0.03145478,0.00267656,-0.02364147,0.03318787,-0.07316589,0.9967651,0.03318787,-0.07316589,0.9967651,4.879471,4.879471,True,True,True
1622590,63779589505616,-13.56137,2.578947,-0.08451885,-0.07111967,0.9608921,-0.07422313,-0.2571368,-0.02678464,0.003120728,-0.02452559,0.01425171,-0.09567261,0.9953003,0.03144728,0.00267984,-0.02364517,0.03144728,0.00267984,-0.02364517,0.0322876,-0.07550049,0.9966125,0.0322876,-0.07550049,0.9966125,4.871536,4.871536,True,True,True
1622598,63779589505616,-13.56137,2.578947,-0.08451885,-0.07111967,0.9608921,-0.07422313,-0.2571368,-0.02680486,0.003116974,-0.02454274,0.01274109,-0.09509277,0.9953766,0.03144689,0.002677963,-0.02365286,0.03144689,0.002677963,-0.02365286,0.03260803,-0.07337952,0.9967651,0.03260803,-0.07337952,0.9967651,4.865112,4.865112,True,True,True
1622606,63779589505627,-13.56141,2.578945,-0.08451885,-0.07114488,0.9608827,-0.07407568,-0.2572074,-0.02677533,0.003112305,-0.02454305,0.01255798,-0.09436035,0.9954529,0.03144728,0.002677445,-0.02366057,0.03144728,0.002677445,-0.02366057,0.03315735,-0.07389832,0.9967041,0.03315735,-0.07389832,0.9967041,4.857498,4.857498,True,True,True
1622615,63779589505638,-13.56139,2.578959,-0.08454871,-0.07117423,0.9608852,-0.07408673,-0.2571869,-0.02654094,0.003111877,-0.02454021,0.01246643,-0.09422302,0.9954681,0.03144736,0.002676758,-0.02365286,0.03144736,0.002676758,-0.02365286,0.03530884,-0.07450867,0.996582,0.03530884,-0.07450867,0.996582,4.864517,4.864517,True,True,True
1622623,63779589505650,-13.56142,2.57893,-0.08458972,-0.07113297,0.9608675,-0.07395202,-0.2573034,-0.02521048,0.003103394,-0.02452059,0.01316833,-0.09397888,0.9954834,0.03144742,0.002676071,-0.02366057,0.03144742,0.002676071,-0.02366057,0.03749084,-0.07414246,0.9965363,0.03749084,-0.07414246,0.9965363,4.871521,4.871521,True,True,True
1622631,63779589505650,-13.56142,2.57893,-0.08458972,-0.07113297,0.9608675,-0.07395202,-0.2573034,-0.008616394,0.002976883,-0.02426666,0.02032471,-0.08813477,0.9958954,0.0314483,0.002675171,-0.02365286,0.0314483,0.002675171,-0.02365286,0.03817749,-0.07453918,0.9964752,0.03817749,-0.07453918,0.9964752,4.875107,4.875107,True,True,True
1622640,63779589505661,-13.56139,2.578973,-0.08461326,-0.07103521,0.9608418,-0.07413954,-0.2573721,0.01106114,0.002828659,-0.02396034,0.02891541,-0.08197021,0.9962006,0.03144917,0.002674256,-0.02364517,0.03144917,0.002674256,-0.02364517,0.03794861,-0.07499695,0.99646,0.03794861,-0.07499695,0.99646,4.871948,4.871948,True,True,True
1622648,63779589505671,-13.56141,2.578969,-0.08468729,-0.07091247,0.9608349,-0.07423145,-0.2574056,0.01133441,0.00282608,-0.02395384,0.02929688,-0.08247375,0.9961548,0.0314493,0.002673767,-0.02364147,0.0314493,0.002673767,-0.02364147,0.03837585,-0.0761261,0.9963531,0.03837585,-0.0761261,0.9963531,4.864304,4.864304,True,True,True
1622656,63779589505683,-13.56144,2.579016,-0.08468068,-0.07078025,0.9608279,-0.07440654,-0.2574173,0.009227188,0.002842133,-0.02398529,0.02864075,-0.08360291,0.9960785,0.0314494,0.002673279,-0.02363777,0.0314494,0.002673279,-0.02363777,0.0388031,-0.0766449,0.9962921,0.0388031,-0.0766449,0.9962921,4.857071,4.857071,True,True,True
1622665,63779589505683,-13.56144,2.579016,-0.08468068,-0.07078025,0.9608279,-0.07440654,-0.2574173,0.008483307,0.00284848,-0.02400021,0.02838135,-0.08416748,0.9960327,0.0314493,0.002673767,-0.02364147,0.0314493,0.002673767,-0.02364147,0.03878784,-0.07688904,0.9962769,0.03878784,-0.07688904,0.9962769,4.840057,4.840057,True,True,True
1622673,63779589505695,-13.56143,2.579001,-0.08471626,-0.07072402,0.9608417,-0.07447264,-0.2573622,0.008552674,0.00284726,-0.02400447,0.0287323,-0.08387756,0.996048,0.03144917,0.002673279,-0.02363777,0.03144917,0.002673279,-0.02363777,0.03894043,-0.07727051,0.9962463,0.03894043,-0.07727051,0.9962463,4.853882,4.853882,True,True,True
1622681,63779589505705,-13.56145,2.57892,-0.08471489,-0.07067935,0.9608384,-0.07446431,-0.2573892,0.009314225,0.00283931,-0.02399774,0.0292511,-0.08314514,0.9960938,0.0314493,0.002669159,-0.02363475,0.0314493,0.002669159,-0.02363475,0.03883362,-0.07693481,0.9962769,0.03883362,-0.07693481,0.9962769,4.848267,4.848267,True,True,True
1622690,63779589505716,-13.56142,2.578849,-0.08478123,-0.07071041,0.9608315,-0.07442331,-0.2574181,0.01016776,0.002830185,-0.02398186,0.03005981,-0.08308411,0.9960785,0.0314494,0.002665055,-0.02363175,0.0314494,0.002665055,-0.02363175,0.03878784,-0.07658386,0.9963074,0.03878784,-0.07658386,0.9963074,4.854156,4.854156,True,True,True
1622698,63779589505716,-13.56142,2.578849,-0.08478123,-0.07071041,0.9608315,-0.07442331,-0.2574181,0.0103847,0.002823227,-0.02396268,0.03042603,-0.08329773,0.996048,0.03144917,0.002656723,-0.02360727,0.03144917,0.002656723,-0.02360727,0.03884888,-0.07637024,0.9963074,0.03884888,-0.07637024,0.9963074,4.844101,4.844101,True,True,True
1622706,63779589505727,-13.56142,2.578832,-0.08484107,-0.07066724,0.9608407,-0.07447857,-0.2573797,0.01037172,0.002820892,-0.02396301,0.03071594,-0.08317566,0.996048,0.0314494,0.002652908,-0.02360129,0.0314494,0.002652908,-0.02360129,0.03889465,-0.07652283,0.9963074,0.03889465,-0.07652283,0.9963074,4.843933,4.843933,True,True,True
1622715,63779589505738,-13.56143,2.578815,-0.0848496,-0.07063426,0.9608384,-0.07458257,-0.2573672,0.009324555,0.002829239,-0.02396407,0.03022766,-0.08421326,0.9959869,0.0314495,0.002652558,-0.02357372,0.0314495,0.002652558,-0.02357372,0.03877258,-0.07759094,0.9962158,0.03877258,-0.07759094,0.9962158,4.824966,4.824966,True,True,True
1622723,63779589505749,-13.56142,2.578774,-0.08487833,-0.0705166,0.9608811,-0.07455682,-0.2572476,0.008396301,0.002836548,-0.02398442,0.03050232,-0.08474731,0.9959259,0.0314495,0.002651108,-0.0235726,0.0314495,0.002651108,-0.0235726,0.03904724,-0.07803345,0.99617,0.03904724,-0.07803345,0.99617,4.840103,4.840103,True,True,True
1622731,63779589505749,-13.56142,2.578774,-0.08487833,-0.0705166,0.9608811,-0.07455682,-0.2572476,0.007190476,0.00284227,-0.02400083,0.0300293,-0.0843811,0.9959717,0.03144978,0.002643677,-0.02355625,0.03144978,0.002643677,-0.02355625,0.03895569,-0.07710266,0.9962463,0.03895569,-0.07710266,0.9962463,4.845306,4.845306,True,True,True
1622740,63779589505760,-13.56141,2.578785,-0.08491582,-0.07033489,0.9608942,-0.07471758,-0.2572015,0.006364929,0.002848694,-0.02401415,0.02998352,-0.08558655,0.9958649,0.03145085,0.002643082,-0.02355307,0.03145085,0.002643082,-0.02355307,0.03939819,-0.07717896,0.9962311,0.03939819,-0.07717896,0.9962311,4.840988,4.840988,True,True,True
1622748,63779589505772,-13.56137,2.578789,-0.08493763,-0.07024147,0.9608907,-0.07483651,-0.2572059,0.005764023,0.00284964,-0.02402467,0.0297699,-0.0848999,0.9959412,0.03145085,0.002635987,-0.0235457,0.03145085,0.002635987,-0.0235457,0.03965759,-0.07597351,0.9963074,0.03965759,-0.07597351,0.9963074,4.811691,4.811691,True,True,True
1622756,63779589505783,-13.56135,2.578752,-0.08490491,-0.0701344,0.960949,-0.07492414,-0.2569916,0.00615509,0.002845749,-0.02401758,0.03027344,-0.08528137,0.9958954,0.03145085,0.002634842,-0.02354065,0.03145085,0.002634842,-0.02354065,0.03961182,-0.07719421,0.9962158,0.03961182,-0.07719421,0.9962158,4.804047,4.804047,True,True,True
1622765,63779589505783,-13.56135,2.578752,-0.08490491,-0.0701344,0.960949,-0.07492414,-0.2569916,0.00675322,0.002836289,-0.023994,0.03022766,-0.08505249,0.9959106,0.03145056,0.002627716,-0.02351912,0.03145056,0.002627716,-0.02351912,0.03953552,-0.07669067,0.9962616,0.03953552,-0.07669067,0.9962616,4.807236,4.807236,True,True,True
1622773,63779589505794,-13.5613,2.578719,-0.08495331,-0.07011203,0.9609566,-0.07511686,-0.2569127,0.007222474,0.002832626,-0.02398386,0.03025818,-0.08505249,0.9959106,0.0314495,0.00262764,-0.02351672,0.0314495,0.00262764,-0.02351672,0.03927612,-0.07687378,0.9962616,0.03927612,-0.07687378,0.9962616,4.812256,4.812256,True,True,True
1622781,63779589505805,-13.56128,2.578695,-0.08496028,-0.07016015,0.9609656,-0.0752805,-0.2568182,0.006671997,0.002829331,-0.02397769,0.02992249,-0.08421326,0.9959869,0.03144841,0.0026138,-0.02348725,0.03144841,0.0026138,-0.02348725,0.03903198,-0.07510376,0.9963989,0.03903198,-0.07510376,0.9963989,4.826813,4.826813,True,True,True
1622790,63779589505816,-13.56124,2.57871,-0.08498961,-0.07011089,0.9609919,-0.0753936,-0.2567,0.005721069,0.002835251,-0.02398862,0.02978516,-0.08410645,0.9960022,0.03144841,0.002609589,-0.02347246,0.03144841,0.002609589,-0.02347246,0.03901672,-0.07495117,0.9964142,0.03901672,-0.07495117,0.9964142,4.827393,4.827393,True,True,True
1622798,63779589505816,-13.56124,2.57871,-0.08498961,-0.07011089,0.9609919,-0.0753936,-0.2567,0.004491226,0.002843949,-0.02400678,0.02929688,-0.08447266,0.9959869,0.03144841,0.002605728,-0.02346033,0.03144841,0.002605728,-0.02346033,0.03892517,-0.0748291,0.9964294,0.03892517,-0.0748291,0.9964294,4.815186,4.815186,True,True,True
1622806,63779589505827,-13.56122,2.57867,-0.08500516,-0.07005141,0.9610158,-0.07553038,-0.2565866,0.003774079,0.002851288,-0.024023,0.03022766,-0.08453369,0.9959564,0.03144733,0.002605728,-0.02346033,0.03144733,0.002605728,-0.02346033,0.04051208,-0.07479858,0.9963684,0.04051208,-0.07479858,0.9963684,4.815063,4.815063,True,True,True
1622814,63779589505838,-13.5612,2.578637,-0.08497488,-0.06990901,0.9610622,-0.07558258,-0.2564362,0.003679428,0.002854157,-0.02403127,0.02960205,-0.08500671,0.9959259,0.0314468,0.002609589,-0.02347246,0.0314468,0.002609589,-0.02347246,0.04045105,-0.07501221,0.9963531,0.04045105,-0.07501221,0.9963531,4.809235,4.809235,True,True,True
1622823,63779589505849,-13.56111,2.578665,-0.08499146,-0.06975693,0.9611251,-0.07559732,-0.2562375,0.004321061,0.002848511,-0.02401941,0.03132629,-0.08439636,0.9959259,0.0314468,0.002609589,-0.02347246,0.0314468,0.002609589,-0.02347246,0.04229736,-0.07499695,0.9962769,0.04229736,-0.07499695,0.9962769,4.807114,4.807114,True,True,True
1622831,63779589505849,-13.56111,2.578665,-0.08499146,-0.06975693,0.9611251,-0.07559732,-0.2562375,0.005177903,0.002850861,-0.02402928,0.03245544,-0.08441162,0.9958954,0.03144629,0.00262764,-0.02351672,0.03144629,0.00262764,-0.02351672,0.04312134,-0.07580566,0.9961853,0.04312134,-0.07580566,0.9961853,4.79631,4.79631,True,True,True
1622839,63779589505861,-13.56108,2.578664,-0.08500201,-0.06976729,0.9611463,-0.07557917,-0.2561606,0.005881516,0.00284552,-0.02401627,0.03294373,-0.08357239,0.9959412,0.0314456,0.00262764,-0.02351672,0.0314456,0.00262764,-0.02351672,0.04324341,-0.07572937,0.9961853,0.04324341,-0.07572937,0.9961853,4.805527,4.805527,True,True,True
1622848,63779589505872,-13.56104,2.578706,-0.08497149,-0.06995332,0.9611638,-0.07551403,-0.2560635,0.005996827,0.002844574,-0.02401558,0.03266907,-0.08267212,0.9960327,0.0314431,0.002627716,-0.02351912,0.0314431,0.002627716,-0.02351912,0.04255676,-0.0749054,0.9962769,0.04255676,-0.0749054,0.9962769,4.80574,4.80574,True,True,True
1622856,63779589505883,-13.56101,2.578711,-0.08495343,-0.07006505,0.9611852,-0.07545099,-0.2559711,0.005335663,0.002855393,-0.02404311,0.03240967,-0.08262634,0.996048,0.03144016,0.002635987,-0.0235457,0.03144016,0.002635987,-0.0235457,0.04182434,-0.07472229,0.9963226,0.04182434,-0.07472229,0.9963226,4.804871,4.804871,True,True,True
1622864,63779589505883,-13.56101,2.578711,-0.08495343,-0.07006505,0.9611852,-0.07545099,-0.2559711,0.004493149,0.002870346,-0.02406734,0.03115845,-0.08403015,0.9959717,0.03143227,0.002649551,-0.02354624,0.03143227,0.002649551,-0.02354624,0.03985596,-0.07757568,0.9961853,0.03985596,-0.07757568,0.9961853,4.805984,4.805984,True,True,True
1622873,63779589505894,-13.56095,2.578702,-0.08492965,-0.07005272,0.9611815,-0.07539713,-0.2560041,0.004313843,0.002873108,-0.02407395,0.03128052,-0.08372498,0.9959869,0.0314288,0.002652023,-0.02355219,0.0314288,0.002652023,-0.02355219,0.04008484,-0.07695007,0.9962158,0.04008484,-0.07695007,0.9962158,4.816132,4.816132,True,True,True
1622881,63779589505905,-13.56093,2.578708,-0.08492434,-0.07009975,0.9611888,-0.07529744,-0.2559933,0.005349564,0.002865814,-0.02405631,0.03170776,-0.08340454,0.9960022,0.03142479,0.002653137,-0.02355478,0.03142479,0.002653137,-0.02355478,0.04083252,-0.07673645,0.9962006,0.04083252,-0.07673645,0.9962006,4.816116,4.816116,True,True,True
1622889,63779589505916,-13.56093,2.578687,-0.08491796,-0.07014357,0.9611955,-0.07527279,-0.2559634,0.005975876,0.002865524,-0.02405098,0.03167725,-0.08369446,0.9959717,0.03142264,0.002656708,-0.02356413,0.03142264,0.002656708,-0.02356413,0.04055786,-0.07649231,0.9962311,0.04055786,-0.07649231,0.9962311,4.815964,4.815964,True,True,True
1622898,63779589505916,-13.56093,2.578687,-0.08491796,-0.07014357,0.9611955,-0.07527279,-0.2559634,0.006478577,0.002862076,-0.02404904,0.03121948,-0.08329773,0.9960327,0.03141864,0.002656708,-0.02357765,0.03141864,0.002656708,-0.02357765,0.03944397,-0.07569885,0.9963379,0.03944397,-0.07569885,0.9963379,4.806412,4.806412,True,True,True
1622906,63779589505927,-13.56095,2.578728,-0.08495581,-0.06996955,0.9611802,-0.07532415,-0.2560531,0.007360367,0.002858963,-0.02404157,0.03123474,-0.08335876,0.9960175,0.03141849,0.00266333,-0.0235894,0.03141849,0.00266333,-0.0235894,0.03930664,-0.07643127,0.9962921,0.03930664,-0.07643127,0.9962921,4.78891,4.78891,True,True,True
1622914,63779589505938,-13.56095,2.578699,-0.08494294,-0.06991849,0.9612136,-0.07526518,-0.2559587,0.007165375,0.002861862,-0.02404724,0.03045654,-0.08361816,0.9960175,0.0314141,0.002664398,-0.02358951,0.0314141,0.002664398,-0.02358951,0.03813171,-0.07653809,0.9963226,0.03813171,-0.07653809,0.9963226,4.788925,4.788925,True,True,True
1622923,63779589505949,-13.56093,2.578721,-0.08492219,-0.06982254,0.9612084,-0.07536075,-0.2559767,0.00712381,0.00286409,-0.02406088,0.03018188,-0.08332825,0.9960632,0.03141234,0.002666901,-0.02360033,0.03141234,0.002666901,-0.02360033,0.03765869,-0.07650757,0.9963531,0.03765869,-0.07650757,0.9963531,4.788345,4.788345,True,True,True
1622931,63779589505949,-13.56093,2.578721,-0.08492219,-0.06982254,0.9612084,-0.07536075,-0.2559767,0.00775264,0.002862518,-0.02405719,0.03025818,-0.08349609,0.9960327,0.03141179,0.002668488,-0.02360219,0.03141179,0.002668488,-0.02360219,0.03756714,-0.07681274,0.9963226,0.03756714,-0.07681274,0.9963226,4.788223,4.788223,True,True,True
1622939,63779589505961,-13.56091,2.57871,-0.08491921,-0.06979998,0.9612242,-0.07523149,-0.2559615,0.008145432,0.002861206,-0.02405527,0.03034973,-0.08340454,0.996048,0.03141132,0.002671662,-0.0236116,0.03141132,0.002671662,-0.0236116,0.0375061,-0.07696533,0.9963226,0.0375061,-0.07696533,0.9963226,4.804733,4.804733,True,True,True
1622948,63779589505972,-13.56088,2.578728,-0.08490264,-0.06990027,0.9612039,-0.07515855,-0.2560318,0.008267044,0.002859818,-0.02405353,0.03024292,-0.08296204,0.9960785,0.03141121,0.002675232,-0.02362415,0.03141121,0.002675232,-0.02362415,0.03755188,-0.07661438,0.9963379,0.03755188,-0.07661438,0.9963379,4.808197,4.808197,True,True,True
1622956,63779589505983,-13.56094,2.578687,-0.08475089,-0.0699112,0.9612035,-0.07516346,-0.256029,0.008205155,0.002860459,-0.02405675,0.03005981,-0.08288574,0.9960938,0.03140965,0.002675507,-0.02362761,0.03140965,0.002675507,-0.02362761,0.03713989,-0.07647705,0.9963684,0.03713989,-0.07647705,0.9963684,4.808136,4.808136,True,True,True
1622964,63779589505983,-13.56094,2.578687,-0.08475089,-0.0699112,0.9612035,-0.07516346,-0.256029,0.007938477,0.002865647,-0.02406603,0.02987671,-0.08335876,0.9960632,0.03140865,0.002681336,-0.02364552,0.03140865,0.002681336,-0.02364552,0.03697205,-0.07669067,0.9963684,0.03697205,-0.07669067,0.9963684,4.80368,4.80368,True,True,True
1622973,63779589505994,-13.56095,2.578686,-0.08474594,-0.06995938,0.9612036,-0.07505851,-0.2560459,0.007877472,0.002866135,-0.02406291,0.02970886,-0.08381653,0.9960327,0.03140865,0.002681336,-0.02364552,0.03140865,0.002681336,-0.02364552,0.03692627,-0.07687378,0.9963531,0.03692627,-0.07687378,0.9963531,4.794815,4.794815,True,True,True
1622981,63779589506005,-13.56094,2.578701,-0.08469957,-0.06990703,0.961228,-0.07503862,-0.2559748,0.007809433,0.00286673,-0.02406621,0.02980042,-0.08406067,0.9960022,0.03140642,0.002681458,-0.02364909,0.03140642,0.002681458,-0.02364909,0.03617859,-0.07704163,0.9963684,0.03617859,-0.07704163,0.9963684,4.786713,4.786713,True,True,True
1622989,63779589506016,-13.56089,2.578692,-0.08466727,-0.06992703,0.9612363,-0.07490515,-0.255977,0.008086166,0.002864548,-0.02406131,0.0292511,-0.08392334,0.9960327,0.0314064,0.002681458,-0.02364909,0.0314064,0.002681458,-0.02364909,0.03613281,-0.07673645,0.9963837,0.03613281,-0.07673645,0.9963837,4.77977,4.77977,True,True,True
1622998,63779589506016,-13.56089,2.578692,-0.08466727,-0.06992703,0.9612363,-0.07490515,-0.255977,0.008647949,0.002856079,-0.02405026,0.02915955,-0.08280945,0.9961243,0.03140596,0.002683457,-0.02365291,0.03140596,0.002683457,-0.02365291,0.03601074,-0.07698059,0.9963684,0.03601074,-0.07698059,0.9963684,4.779419,4.779419,True,True,True
1623006,63779589506027,-13.56086,2.578711,-0.08467853,-0.06996717,0.9612393,-0.07493746,-0.2559455,0.009164291,0.002852158,-0.02404047,0.02886963,-0.082901,0.9961243,0.03140448,0.002683457,-0.02365291,0.03140448,0.002683457,-0.02365291,0.03561401,-0.07705688,0.9963837,0.03561401,-0.07705688,0.9963837,4.777771,4.777771,True,True,True
1623014,63779589506039,-13.56085,2.578744,-0.08467275,-0.06990077,0.9612728,-0.07482924,-0.2558692,0.00949054,0.002849518,-0.02403169,0.02919006,-0.08276367,0.9961395,0.03140417,0.002683457,-0.02365291,0.03140417,0.002683457,-0.02365291,0.03564453,-0.07675171,0.9963989,0.03564453,-0.07675171,0.9963989,4.779724,4.779724,True,True,True
1623023,63779589506049,-13.56088,2.578742,-0.08466715,-0.07002592,0.9612895,-0.07469624,-0.2558112,0.009472596,0.002850845,-0.02403627,0.02938843,-0.08268738,0.9961395,0.03140398,0.002685349,-0.02365978,0.03140398,0.002685349,-0.02365978,0.03610229,-0.07659912,0.9963989,0.03610229,-0.07659912,0.9963989,4.777618,4.777618,True,True,True
1623031,63779589506049,-13.56088,2.578742,-0.08466715,-0.07002592,0.9612895,-0.07469624,-0.2558112,0.009698944,0.002847931,-0.02402809,0.02947998,-0.08274841,0.9961243,0.03140398,0.002683457,-0.02365291,0.03140398,0.002683457,-0.02365291,0.03614807,-0.07658386,0.9963989,0.03614807,-0.07658386,0.9963989,4.77951,4.77951,True,True,True
1623039,63779589506061,-13.56086,2.578742,-0.08466798,-0.07010943,0.9612917,-0.07457512,-0.2558154,0.009571992,0.002849884,-0.02403456,0.02935791,-0.08175659,0.9962158,0.0314036,0.002685349,-0.02365978,0.0314036,0.002685349,-0.02365978,0.03634644,-0.07484436,0.996521,0.03634644,-0.07484436,0.996521,4.794983,4.794983,True,True,True
1623048,63779589506071,-13.56084,2.578727,-0.08469188,-0.07008768,0.9612847,-0.07453221,-0.2558603,0.009486604,0.002849335,-0.02403175,0.0302124,-0.08172607,0.9961853,0.0314036,0.002683457,-0.02365291,0.0314036,0.002683457,-0.02365291,0.03775024,-0.07473755,0.9964752,0.03775024,-0.07473755,0.9964752,4.795029,4.795029,True,True,True
1623056,63779589506082,-13.56082,2.578751,-0.08473027,-0.07011062,0.961288,-0.07448019,-0.2558566,0.009412217,0.002848663,-0.02403066,0.03179932,-0.08164978,0.9961395,0.0314036,0.002681458,-0.02364909,0.0314036,0.002681458,-0.02364909,0.04006958,-0.07455444,0.9963989,0.04006958,-0.07455444,0.9963989,4.781708,4.781708,True,True,True
1623064,63779589506082,-13.56082,2.578751,-0.08473027,-0.07011062,0.961288,-0.07448019,-0.2558566,0.009130478,0.002850617,-0.02403221,0.0319519,-0.08303833,0.9960175,0.0314036,0.002681152,-0.02364369,0.0314036,0.002681152,-0.02364369,0.04042053,-0.0765686,0.9962311,0.04042053,-0.0765686,0.9962311,4.781158,4.781158,True,True,True
1623073,63779589506094,-13.5608,2.578724,-0.08474159,-0.07008849,0.9613093,-0.07433687,-0.2558244,0.008374115,0.002852585,-0.02403452,0.0319519,-0.08372498,0.9959717,0.0314036,0.002674912,-0.02362569,0.0314036,0.002674912,-0.02362569,0.04043579,-0.07714844,0.9961853,0.04043579,-0.07714844,0.9961853,4.780365,4.780365,True,True,True
1623081,63779589506104,-13.56077,2.578773,-0.08475864,-0.07005028,0.9613138,-0.07433602,-0.2558181,0.007332657,0.002856949,-0.02404273,0.03163147,-0.08360291,0.9959869,0.0314036,0.00266864,-0.02360678,0.0314036,0.00266864,-0.02360678,0.04055786,-0.07675171,0.9962158,0.04055786,-0.07675171,0.9962158,4.781143,4.781143,True,True,True
1623089,63779589506116,-13.56079,2.57879,-0.08480674,-0.07008202,0.9613404,-0.0741713,-0.2557573,0.006374558,0.00286377,-0.02405904,0.03204346,-0.08415222,0.9959259,0.03140885,0.002667374,-0.02360019,0.03140885,0.002667374,-0.02360019,0.04196167,-0.07730103,0.996109,0.04196167,-0.07730103,0.996109,4.781158,4.781158,True,True,True
1623098,63779589506116,-13.56079,2.57879,-0.08480674,-0.07008202,0.9613404,-0.0741713,-0.2557573,0.005767899,0.00286853,-0.02407013,0.03161621,-0.08473206,0.9958954,0.03140662,0.002667374,-0.02360019,0.03140662,0.002667374,-0.02360019,0.04135132,-0.07800293,0.9960938,0.04135132,-0.07800293,0.9960938,4.779221,4.779221,True,True,True
1623106,63779589506127,-13.56077,2.578774,-0.08484817,-0.06995948,0.9613155,-0.07411247,-0.2559017,0.005540772,0.002868088,-0.02407091,0.03115845,-0.08453369,0.9959259,0.03140662,0.002663391,-0.02359413,0.03140662,0.002663391,-0.02359413,0.04161072,-0.07737732,0.9961243,0.04161072,-0.07737732,0.9961243,4.781235,4.781235,True,True,True
1623114,63779589506138,-13.56076,2.578805,-0.08490193,-0.07002521,0.9613249,-0.0740153,-0.2558764,0.005104492,0.00286937,-0.0240679,0.03147888,-0.0849762,0.9958801,0.03140662,0.002661057,-0.02357861,0.03140662,0.002661057,-0.02357861,0.04187012,-0.07772827,0.9960938,0.04187012,-0.07772827,0.9960938,4.782959,4.782959,True,True,True
1623123,63779589506149,-13.56065,2.578815,-0.08493739,-0.06999166,0.9613346,-0.07386836,-0.2558911,0.00526735,0.002864411,-0.02406247,0.03164673,-0.08457947,0.9959106,0.03140662,0.002654404,-0.02357071,0.03140662,0.002654404,-0.02357071,0.04187012,-0.07701111,0.9961395,0.04187012,-0.07701111,0.9961395,4.783295,4.783295,True,True,True
1623131,63779589506149,-13.56065,2.578815,-0.08493739,-0.06999166,0.9613346,-0.07386836,-0.2558911,0.005262574,0.002858627,-0.02404311,0.03196716,-0.08462524,0.9958954,0.03140662,0.002644196,-0.02353897,0.03140662,0.002644196,-0.02353897,0.04196167,-0.076828,0.9961548,0.04196167,-0.076828,0.9961548,4.784424,4.784424,True,True,True
1623139,63779589506160,-13.56063,2.578824,-0.08495951,-0.0699495,0.9613398,-0.07373504,-0.2559217,0.004681336,0.002860581,-0.02405164,0.0317688,-0.08427429,0.9959259,0.03140691,0.002641235,-0.02353401,0.03140691,0.002641235,-0.02353401,0.04203796,-0.07637024,0.9961853,0.04203796,-0.07637024,0.9961853,4.78476,4.78476,True,True,True
1623148,63779589506171,-13.56064,2.578873,-0.08497882,-0.06999987,0.9613235,-0.0736482,-0.2559947,0.004615036,0.002859482,-0.0240524,0.03225708,-0.08418274,0.9959259,0.03140691,0.002638962,-0.02353355,0.03140691,0.002638962,-0.02353355,0.04309082,-0.07582092,0.9961853,0.04309082,-0.07582092,0.9961853,4.788666,4.788666,True,True,True
1623156,63779589506182,-13.56068,2.578861,-0.08504194,-0.06994223,0.9613352,-0.07359627,-0.2559809,0.004579941,0.002859421,-0.02405307,0.0322113,-0.08470154,0.9958801,0.03140662,0.002638962,-0.02353355,0.03140662,0.002638962,-0.02353355,0.04301453,-0.07685852,0.996109,0.04301453,-0.07685852,0.996109,4.788269,4.788269,True,True,True
1623164,63779589506182,-13.56068,2.578861,-0.08504194,-0.06994223,0.9613352,-0.07359627,-0.2559809,0.004640335,0.002858444,-0.02404923,0.03263855,-0.08496094,0.9958344,0.03140662,0.002638748,-0.02353211,0.03140662,0.002638748,-0.02353211,0.04371643,-0.07699585,0.9960632,0.04371643,-0.07699585,0.9960632,4.788086,4.788086,True,True,True
1623173,63779589506194,-13.56066,2.578866,-0.08506811,-0.06989063,0.9613361,-0.0735155,-0.2560151,0.005052475,0.002854019,-0.02403696,0.03265381,-0.08474731,0.9958649,0.03140563,0.002638611,-0.0235273,0.03140563,0.002638611,-0.0235273,0.04351807,-0.0770874,0.9960632,0.04351807,-0.0770874,0.9960632,4.800217,4.800217,True,True,True
1623181,63779589506205,-13.56063,2.578869,-0.08513618,-0.06986278,0.9613513,-0.07360452,-0.2559396,0.006041077,0.002843811,-0.02401506,0.03282166,-0.08436584,0.9958801,0.03140544,0.002638382,-0.02352239,0.03140544,0.002638382,-0.02352239,0.04347229,-0.07748413,0.9960327,0.04347229,-0.07748413,0.9960327,4.800247,4.800247,True,True,True
1623189,63779589506216,-13.5606,2.578852,-0.08523577,-0.06995203,0.9613501,-0.07356467,-0.2559311,0.007333359,0.002831452,-0.02398903,0.03356934,-0.08364868,0.9959259,0.03140538,0.002636215,-0.02352239,0.03140538,0.002636215,-0.02352239,0.0435791,-0.07701111,0.9960632,0.0435791,-0.07701111,0.9960632,4.788467,4.788467,True,True,True
1623198,63779589506216,-13.5606,2.578852,-0.08523577,-0.06995203,0.9613501,-0.07356467,-0.2559311,0.007344941,0.002819367,-0.02395332,0.03338623,-0.08303833,0.9959717,0.0314047,0.002616669,-0.02346582,0.0314047,0.002616669,-0.02346582,0.04364014,-0.07571411,0.99617,0.04364014,-0.07571411,0.99617,4.790955,4.790955,True,True,True
1623206,63779589506227,-13.5605,2.578872,-0.08531803,-0.06986961,0.9613717,-0.07354639,-0.255878,-0.004003434,0.002878617,-0.02408818,0.02825928,-0.08395386,0.9960632,0.03140457,0.002524017,-0.02322354,0.03140457,0.002524017,-0.02322354,0.04307556,-0.06843567,0.9967194,0.04307556,-0.06843567,0.9967194,4.802505,4.802505,True,True,True
1623214,63779589506238,-13.56044,2.578956,-0.08536768,-0.06996024,0.9613614,-0.07365558,-0.2558605,-0.0151449,0.002989884,-0.02435996,0.022995,-0.08927917,0.9957275,0.03140456,0.002522583,-0.02322209,0.03140456,0.002522583,-0.02322209,0.04295349,-0.06816101,0.9967346,0.04295349,-0.06816101,0.9967346,4.814392,4.814392,True,True,True
1623223,63779589506249,-13.56042,2.578928,-0.08540064,-0.07000662,0.9613973,-0.07366197,-0.2557113,-0.02129283,0.003050827,-0.02451023,0.0202179,-0.0921936,0.9955292,0.03140396,0.002522583,-0.02322209,0.03140396,0.002522583,-0.02322209,0.0428009,-0.06819153,0.9967499,0.0428009,-0.06819153,0.9967499,4.814407,4.814407,True,True,True
1623231,63779589506249,-13.56042,2.578928,-0.08540064,-0.07000662,0.9613973,-0.07366197,-0.2557113,-0.02342552,0.003071213,-0.02456189,0.02024841,-0.09288025,0.9954681,0.03140393,0.002522583,-0.02322209,0.03140393,0.002522583,-0.02322209,0.04278564,-0.06819153,0.9967499,0.04278564,-0.06819153,0.9967499,4.814407,4.814407,True,True,True
1623239,63779589506260,-13.56044,2.578964,-0.08550149,-0.0700573,0.9614024,-0.07382409,-0.2556313,-0.02388289,0.003073273,-0.02456709,0.01994324,-0.09291077,0.9954681,0.03140387,0.002520691,-0.02321808,0.03140387,0.002520691,-0.02321808,0.04269409,-0.0680542,0.9967651,0.04269409,-0.0680542,0.9967651,4.802429,4.802429,True,True,True
1623248,63779589506272,-13.56041,2.578962,-0.08556372,-0.06999443,0.9614281,-0.07393946,-0.2555183,-0.02312358,0.003065598,-0.02454061,0.02012634,-0.09303284,0.9954529,0.03140361,0.002520691,-0.02321808,0.03140361,0.002520691,-0.02321808,0.04273987,-0.0683136,0.9967346,0.04273987,-0.0683136,0.9967346,4.79129,4.79129,True,True,True
1623256,63779589506282,-13.56034,2.578917,-0.08569378,-0.07005817,0.9614352,-0.07404113,-0.2554449,-0.02048627,0.003038971,-0.02448276,0.02093506,-0.09144592,0.995575,0.03140335,0.002518372,-0.0232052,0.03140335,0.002518372,-0.0232052,0.0422821,-0.06864929,0.9967346,0.0422821,-0.06864929,0.9967346,4.788589,4.788589,True,True,True
1623264,63779589506282,-13.56034,2.578917,-0.08569378,-0.07005817,0.9614352,-0.07404113,-0.2554449,-0.01320143,0.002965424,-0.02429689,0.02397156,-0.08894348,0.9957428,0.03140321,0.002518372,-0.0232052,0.03140321,0.002518372,-0.0232052,0.04225159,-0.06834412,0.9967651,0.04225159,-0.06834412,0.9967651,4.788727,4.788727,True,True,True
1623273,63779589506294,-13.56032,2.57895,-0.08583194,-0.07010414,0.9614732,-0.07409979,-0.255272,0.0003793793,0.002828858,-0.02396793,0.02883911,-0.08299255,0.9961243,0.03140166,0.002518372,-0.0232052,0.03140166,0.002518372,-0.0232052,0.04093933,-0.06895447,0.9967651,0.04093933,-0.06895447,0.9967651,4.78595,4.78595,True,True,True
1623281,63779589506305,-13.56029,2.578985,-0.08596551,-0.07016944,0.9614716,-0.07408611,-0.2552643,0.008434082,0.00274823,-0.02376921,0.0324707,-0.07951355,0.9962921,0.03140157,0.002518372,-0.02320407,0.03140157,0.002518372,-0.02320407,0.04179382,-0.06904602,0.9967346,0.04179382,-0.06904602,0.9967346,4.785706,4.785706,True,True,True
1623289,63779589506316,-13.5604,2.579027,-0.08609974,-0.07031968,0.9615207,-0.07388574,-0.255096,0.00831636,0.002750122,-0.02377269,0.0317688,-0.07969666,0.9963074,0.03140105,0.002518997,-0.02320407,0.03140105,0.002518997,-0.02320407,0.04077148,-0.06919861,0.9967651,0.04077148,-0.06919861,0.9967651,4.785492,4.785492,True,True,True
1623298,63779589506316,-13.5604,2.579027,-0.08609974,-0.07031968,0.9615207,-0.07388574,-0.255096,0.008284577,0.002750107,-0.02377167,0.0316925,-0.07974243,0.9963074,0.03140102,0.002518997,-0.02320209,0.03140102,0.002518997,-0.02320209,0.04075623,-0.06930542,0.9967499,0.04075623,-0.06930542,0.9967499,4.785538,4.785538,True,True,True
1623306,63779589506327,-13.56038,2.57906,-0.08620274,-0.07048453,0.9614914,-0.07379192,-0.2551878,0.008330232,0.002750336,-0.02377052,0.03149414,-0.07885742,0.9963837,0.03140002,0.002520142,-0.02320209,0.03140002,0.002520142,-0.02320209,0.04049683,-0.06784058,0.9968719,0.04049683,-0.06784058,0.9968719,4.786484,4.786484,True,True,True
1623314,63779589506338,-13.56046,2.579014,-0.08635485,-0.07065941,0.9615013,-0.07367243,-0.2551369,0.008544694,0.002748184,-0.02376521,0.03143311,-0.07788086,0.99646,0.0313996,0.002520142,-0.02320209,0.0313996,0.002520142,-0.02320209,0.0403595,-0.06616211,0.9969788,0.0403595,-0.06616211,0.9969788,4.788147,4.788147,True,True,True
1623323,63779589506349,-13.56048,2.579019,-0.08648729,-0.07087927,0.9614739,-0.07371259,-0.2551676,0.008728242,0.002746338,-0.02376093,0.03112793,-0.07775879,0.9964752,0.0313996,0.002520142,-0.02320209,0.0313996,0.002520142,-0.02320209,0.03999329,-0.06614685,0.996994,0.03999329,-0.06614685,0.996994,4.788055,4.788055,True,True,True
1623331,63779589506349,-13.56048,2.579019,-0.08648729,-0.07087927,0.9614739,-0.07371259,-0.2551676,0.008738847,0.002745804,-0.02376042,0.03134155,-0.07769775,0.9964752,0.0313996,0.002520142,-0.02320209,0.0313996,0.002520142,-0.02320209,0.04037476,-0.06614685,0.9969788,0.04037476,-0.06614685,0.9969788,4.789871,4.789871,True,True,True
1623339,63779589506360,-13.56049,2.579039,-0.08660012,-0.07094587,0.9614632,-0.07375126,-0.2551782,0.008968171,0.00274321,-0.02375223,0.03210449,-0.0786438,0.9963837,0.0313996,0.002520142,-0.02320209,0.0313996,0.002520142,-0.02320209,0.04122925,-0.06776428,0.9968414,0.04122925,-0.06776428,0.9968414,4.787659,4.787659,True,True,True
1623348,63779589506371,-13.56046,2.579058,-0.08660269,-0.07081313,0.9614626,-0.07384609,-0.2551898,0.008998672,0.002741852,-0.02375057,0.032547,-0.07933044,0.9963074,0.0313996,0.002518997,-0.02320088,0.0313996,0.002518997,-0.02320088,0.04182434,-0.06887817,0.9967346,0.04182434,-0.06887817,0.9967346,4.786819,4.786819,True,True,True
1623356,63779589506383,-13.56047,2.579076,-0.08668691,-0.0707144,0.9614733,-0.07395789,-0.2551444,0.009008591,0.002741364,-0.02374565,0.03312683,-0.07981873,0.9962463,0.0313996,0.002518372,-0.02319331,0.0313996,0.002518372,-0.02319331,0.04180908,-0.06921387,0.9967194,0.04180908,-0.06921387,0.9967194,4.786972,4.786972,True,True,True
1623364,63779589506383,-13.56047,2.579076,-0.08668691,-0.0707144,0.9614733,-0.07395789,-0.2551444,0.008719315,0.002743118,-0.02375276,0.03326416,-0.07962036,0.9962616,0.0313996,0.002516724,-0.02319331,0.0313996,0.002516724,-0.02319331,0.04185486,-0.06874084,0.9967499,0.04185486,-0.06874084,0.9967499,4.788864,4.788864,True,True,True
1623373,63779589506394,-13.56058,2.579106,-0.08678561,-0.07071753,0.9614838,-0.07403816,-0.2550811,0.008766083,0.002742249,-0.02375098,0.03309631,-0.07815552,0.9963837,0.03140088,0.002516083,-0.02319231,0.03140088,0.002516083,-0.02319231,0.04214478,-0.06640625,0.9968872,0.04214478,-0.06640625,0.9968872,4.788544,4.788544,True,True,True
1623381,63779589506405,-13.56059,2.579062,-0.08695138,-0.07051959,0.9614915,-0.07411803,-0.2550837,0.008734559,0.002741776,-0.02375041,0.03323364,-0.0778656,0.9963989,0.03140088,0.002515335,-0.02319173,0.03140088,0.002515335,-0.02319173,0.04244995,-0.06587219,0.9969177,0.04244995,-0.06587219,0.9969177,4.808426,4.808426,True,True,True
1623389,63779589506416,-13.5606,2.579036,-0.08706564,-0.07068276,0.9614982,-0.07411497,-0.2550138,0.008577744,0.002742722,-0.02375253,0.03253174,-0.07823181,0.9963989,0.03140088,0.002514328,-0.02318726,0.03140088,0.002514328,-0.02318726,0.04232788,-0.06628418,0.9968872,0.04232788,-0.06628418,0.9968872,4.788712,4.788712,True,True,True
1623398,63779589506416,-13.5606,2.579036,-0.08706564,-0.07068276,0.9614982,-0.07411497,-0.2550138,0.00844191,0.002744049,-0.02375455,0.03268433,-0.07841492,0.9963837,0.03140172,0.002514282,-0.02318501,0.03140172,0.002514282,-0.02318501,0.04267883,-0.06629944,0.9968719,0.04267883,-0.06629944,0.9968719,4.808411,4.808411,True,True,True
1623406,63779589506427,-13.56058,2.579049,-0.08719128,-0.07065346,0.9614831,-0.07423282,-0.2550449,0.008351044,0.002744583,-0.02375681,0.03279114,-0.07849121,0.9963684,0.03140233,0.002514282,-0.02318501,0.03140233,0.002514282,-0.02318501,0.04232788,-0.06636047,0.9968872,0.04232788,-0.06636047,0.9968872,4.803116,4.803116,True,True,True
1623414,63779589506438,-13.56058,2.579019,-0.08726484,-0.07078973,0.9614714,-0.07438525,-0.2550063,0.008311707,0.002743347,-0.02375643,0.03279114,-0.07957458,0.9962769,0.03140236,0.002512772,-0.02318447,0.03140236,0.002512772,-0.02318447,0.04273987,-0.06832886,0.9967346,0.04273987,-0.06832886,0.9967346,4.787842,4.787842,True,True,True
1623423,63779589506449,-13.56056,2.579023,-0.08734387,-0.07088423,0.9614788,-0.0745062,-0.2549169,0.008389222,0.002742569,-0.02375452,0.03285217,-0.07948303,0.9962921,0.03140283,0.002512772,-0.02318447,0.03140283,0.002512772,-0.02318447,0.04248047,-0.06825256,0.9967499,0.04248047,-0.06825256,0.9967499,4.802521,4.802521,True,True,True
1623431,63779589506449,-13.56056,2.579023,-0.08734387,-0.07088423,0.9614788,-0.0745062,-0.2549169,0.008542206,0.002740906,-0.02375043,0.03289795,-0.07931519,0.9962921,0.03140309,0.002512772,-0.02318447,0.03140309,0.002512772,-0.02318447,0.04257202,-0.06828308,0.9967499,0.04257202,-0.06828308,0.9967499,4.807419,4.807419,True,True,True
1623439,63779589506460,-13.56061,2.578947,-0.0874213,-0.07103162,0.9614657,-0.07470371,-0.2548676,0.008613633,0.002741242,-0.02374895,0.03286743,-0.07992554,0.9962463,0.03140325,0.002514282,-0.02318447,0.03140325,0.002514282,-0.02318447,0.04258728,-0.06915283,0.9966888,0.04258728,-0.06915283,0.9966888,4.802338,4.802338,True,True,True
1623448,63779589506471,-13.56064,2.578888,-0.08753073,-0.07115568,0.9614866,-0.07480073,-0.2547258,0.008694687,0.002740433,-0.02374693,0.03318787,-0.08013916,0.9962158,0.03140334,0.002514282,-0.02318447,0.03140334,0.002514282,-0.02318447,0.04310608,-0.06912231,0.9966736,0.04310608,-0.06912231,0.9966736,4.802216,4.802216,True,True,True
1623456,63779589506483,-13.56067,2.578856,-0.08760738,-0.07118294,0.9614992,-0.07499387,-0.2546139,0.008701615,0.002740372,-0.02374498,0.03285217,-0.079422,0.9962921,0.03140353,0.002514282,-0.02318202,0.03140353,0.002514282,-0.02318202,0.04315186,-0.06787109,0.9967499,0.04315186,-0.06787109,0.9967499,4.802597,4.802597,True,True,True
1623464,63779589506483,-13.56067,2.578856,-0.08760738,-0.07118294,0.9614992,-0.07499387,-0.2546139,0.008894043,0.00273848,-0.02373724,0.03366089,-0.07876587,0.9963226,0.03140357,0.002514328,-0.0231807,0.03140357,0.002514328,-0.0231807,0.04382324,-0.06721497,0.9967651,0.04382324,-0.06721497,0.9967651,4.803009,4.803009,True,True,True
1623473,63779589506493,-13.56071,2.578793,-0.08763105,-0.07114068,0.961492,-0.07513034,-0.2546124,0.008941208,0.002738037,-0.02373458,0.03335571,-0.07876587,0.9963226,0.03140357,0.002514374,-0.02317827,0.03140357,0.002514374,-0.02317827,0.0438385,-0.06723022,0.9967651,0.0438385,-0.06723022,0.9967651,4.808228,4.808228,True,True,True
1623481,63779589506504,-13.56071,2.578753,-0.08771753,-0.07117241,0.9614818,-0.07521072,-0.2546184,0.009059159,0.002736862,-0.02372939,0.03341675,-0.07887268,0.9963226,0.03140353,0.002514603,-0.02317517,0.03140353,0.002514603,-0.02317517,0.0438385,-0.06748962,0.9967499,0.0438385,-0.06748962,0.9967499,4.808228,4.808228,True,True,True
1623489,63779589506516,-13.56074,2.578718,-0.08781022,-0.07107935,0.9614688,-0.07535968,-0.2546493,0.008937211,0.002739044,-0.02373132,0.03334045,-0.0789032,0.9963226,0.03140334,0.002516876,-0.02317343,0.03140334,0.002516876,-0.02317343,0.04380798,-0.06761169,0.9967346,0.04380798,-0.06761169,0.9967346,4.814362,4.814362,True,True,True
1623498,63779589506516,-13.56074,2.578718,-0.08781022,-0.07107935,0.9614688,-0.07535968,-0.2546493,0.008692002,0.002742035,-0.02373531,0.03395081,-0.07936096,0.9962616,0.03140334,0.002516876,-0.02316998,0.03140334,0.002516876,-0.02316998,0.04454041,-0.06787109,0.9966888,0.04454041,-0.06787109,0.9966888,4.814499,4.814499,True,True,True
1623506,63779589506527,-13.56074,2.578681,-0.08786982,-0.07102653,0.9614226,-0.07549028,-0.2547998,0.008578644,0.002743439,-0.02373714,0.03378296,-0.07955933,0.9962463,0.03140334,0.002517014,-0.02316835,0.03140334,0.002517014,-0.02316835,0.04447937,-0.06808472,0.9966736,0.04447937,-0.06808472,0.9966736,4.803024,4.803024,True,True,True
1623514,63779589506538,-13.56079,2.578685,-0.0879122,-0.07103646,0.9613733,-0.07573948,-0.2549089,0.008492661,0.002744293,-0.02373903,0.03421021,-0.07962036,0.9962311,0.03140321,0.002517014,-0.02316835,0.03140321,0.002517014,-0.02316835,0.04490662,-0.06808472,0.9966583,0.04490662,-0.06808472,0.9966583,4.809555,4.809555,True,True,True
1623523,63779589506549,-13.56084,2.578623,-0.08792388,-0.07102603,0.9613452,-0.07576852,-0.2550096,0.008423142,0.002745514,-0.02373787,0.03468323,-0.07954407,0.9962158,0.03140309,0.002517899,-0.023166,0.03140309,0.002517899,-0.023166,0.04548645,-0.06802368,0.9966431,0.04548645,-0.06802368,0.9966431,4.803223,4.803223,True,True,True
1623531,63779589506549,-13.56084,2.578623,-0.08792388,-0.07102603,0.9613452,-0.07576852,-0.2550096,0.008472932,0.002744782,-0.02373079,0.03535461,-0.07965088,0.9961853,0.03140309,0.002517441,-0.02316106,0.03140309,0.002517441,-0.02316106,0.04663086,-0.06816101,0.996582,0.04663086,-0.06816101,0.996582,4.809616,4.809616,True,True,True
1623539,63779589506559,-13.56093,2.578614,-0.0879519,-0.07098687,0.9613234,-0.07586327,-0.2550744,0.008711701,0.002742691,-0.02372104,0.03457642,-0.07925415,0.9962463,0.03140321,0.002517899,-0.02315805,0.03140321,0.002517899,-0.02315805,0.045578,-0.06719971,0.9966888,0.045578,-0.06719971,0.9966888,4.818176,4.818176,True,True,True
1623548,63779589506571,-13.56095,2.578579,-0.0880174,-0.07097035,0.9612744,-0.07606114,-0.2552046,0.008928513,0.002741135,-0.02371536,0.03578186,-0.07913208,0.9962158,0.03140321,0.002518875,-0.02315805,0.03140321,0.002518875,-0.02315805,0.04716492,-0.06745911,0.9965973,0.04716492,-0.06745911,0.9965973,4.817734,4.817734,True,True,True
1623556,63779589506583,-13.56098,2.578541,-0.08806264,-0.07101311,0.9612418,-0.07613021,-0.255295,0.009115983,0.002739288,-0.02370982,0.03594971,-0.07897949,0.9962158,0.03140297,0.002518875,-0.02315805,0.03140297,0.002518875,-0.02315805,0.04704285,-0.06730652,0.9966125,0.04704285,-0.06730652,0.9966125,4.810272,4.810272,True,True,True
1623564,63779589506583,-13.56098,2.578541,-0.08806264,-0.07101311,0.9612418,-0.07613021,-0.255295,0.009223938,0.002738297,-0.02370716,0.0352478,-0.07615662,0.99646,0.03140273,0.002519013,-0.02315805,0.03140273,0.002519013,-0.02315805,0.04550171,-0.06404114,0.9969025,0.04550171,-0.06404114,0.9969025,4.81958,4.81958,True,True,True
1623573,63779589506594,-13.56098,2.578504,-0.08809072,-0.07104976,0.9612123,-0.07612234,-0.2553981,0.009337525,0.002737137,-0.02370253,0.03581238,-0.07591248,0.99646,0.03140235,0.002519013,-0.02315805,0.03140235,0.002519013,-0.02315805,0.04541016,-0.06359863,0.996933,0.04541016,-0.06359863,0.996933,4.821106,4.821106,True,True,True
1623581,63779589506604,-13.56101,2.578479,-0.08814222,-0.07115551,0.9611831,-0.07612185,-0.2554788,0.009396393,0.002736633,-0.02370096,0.03575134,-0.07575989,0.9964752,0.03140216,0.002519409,-0.02315805,0.03140216,0.002519409,-0.02315805,0.04527283,-0.0637207,0.996933,0.04527283,-0.0637207,0.996933,4.819534,4.819534,True,True,True
1623589,63779589506616,-13.56104,2.578475,-0.08814013,-0.07122876,0.9611461,-0.07613437,-0.2555937,0.009324128,0.002736939,-0.02370264,0.03501892,-0.07511902,0.9965515,0.03140149,0.002520111,-0.02315805,0.03140149,0.002520111,-0.02315805,0.04508972,-0.06291199,0.996994,0.04508972,-0.06291199,0.996994,4.821228,4.821228,True,True,True
1623598,63779589506616,-13.56104,2.578475,-0.08814013,-0.07122876,0.9611461,-0.07613437,-0.2555937,0.009296799,0.002738663,-0.02370377,0.03492737,-0.07507324,0.9965515,0.03140141,0.002522461,-0.02315979,0.03140141,0.002522461,-0.02315979,0.04496765,-0.06246948,0.9970245,0.04496765,-0.06246948,0.9970245,4.823929,4.823929,True,True,True
1623606,63779589506627,-13.5611,2.578444,-0.08815813,-0.07126114,0.9611028,-0.07627242,-0.2557067,0.009251771,0.002741638,-0.02370566,0.0348053,-0.07557678,0.996521,0.03140055,0.002525208,-0.02316106,0.03140055,0.002525208,-0.02316106,0.04473877,-0.0629425,0.9970093,0.04473877,-0.0629425,0.9970093,4.825317,4.825317,True,True,True
1623614,63779589506638,-13.56112,2.578421,-0.08819354,-0.0713451,0.9610613,-0.07634018,-0.2558188,0.005209061,0.002810745,-0.02387959,0.03311157,-0.08070374,0.9961853,0.0313987,0.002578583,-0.02329608,0.0313987,0.002578583,-0.02329608,0.04437256,-0.06826782,0.9966736,0.04437256,-0.06826782,0.9966736,4.818405,4.818405,True,True,True
1623623,63779589506649,-13.56121,2.578377,-0.08819282,-0.07134628,0.9610322,-0.07650398,-0.2558789,0.0002187958,0.002855866,-0.02399199,0.03034973,-0.08320618,0.9960632,0.03139743,0.002580368,-0.02329871,0.03139743,0.002580368,-0.02329871,0.04371643,-0.0684967,0.9966888,0.04371643,-0.0684967,0.9966888,4.818207,4.818207,True,True,True
1623631,63779589506649,-13.56121,2.578377,-0.08819282,-0.07134628,0.9610322,-0.07650398,-0.2558789,-0.004144516,0.002894852,-0.02408902,0.02815247,-0.08543396,0.9959412,0.03139729,0.002580368,-0.02329871,0.03139729,0.002580368,-0.02329871,0.04368591,-0.06855774,0.9966888,0.04368591,-0.06855774,0.9966888,4.81839,4.81839,True,True,True
1623639,63779589506660,-13.56123,2.578353,-0.08819735,-0.07146679,0.9609845,-0.07673989,-0.2559539,-0.006913544,0.00291948,-0.02415138,0.02694702,-0.0866394,0.9958649,0.03139693,0.002580368,-0.02329871,0.03139693,0.002580368,-0.02329871,0.04359436,-0.06852722,0.9966888,0.04359436,-0.06852722,0.9966888,4.818588,4.818588,True,True,True
1623648,63779589506671,-13.56133,2.578327,-0.08818972,-0.0715414,0.9609423,-0.07693101,-0.2560339,-0.007779175,0.002920181,-0.02416486,0.02433777,-0.09095764,0.9955444,0.03139676,0.002580368,-0.02329871,0.03139676,0.002580368,-0.02329871,0.04316711,-0.06852722,0.9967041,0.04316711,-0.06852722,0.9967041,4.81868,4.81868,True,True,True
1623656,63779589506682,-13.56137,2.578302,-0.08818716,-0.07156896,0.9609406,-0.07691848,-0.2560363,-0.004216996,0.002783661,-0.02402892,0.03817749,-0.09199524,0.9950256,0.03131482,0.002480438,-0.02325498,0.03131482,0.002480438,-0.02325498,0.05316162,-0.08013916,0.9953613,0.05316162,-0.08013916,0.9953613,4.840393,4.840393,True,True,True
1623664,63779589506682,-13.56137,2.578302,-0.08818716,-0.07156896,0.9609406,-0.07691848,-0.2560363,0.01574997,0.002439591,-0.02360578,0.04191589,-0.1207123,0.9917908,0.0311037,0.002253327,-0.02306436,0.0311037,0.002253327,-0.02306436,0.04101563,-0.1184998,0.9920959,0.04101563,-0.1184998,0.9920959,4.871521,4.871521,True,True,True
1623673,63779589506693,-13.5614,2.578261,-0.08817375,-0.07163391,0.9608814,-0.07704521,-0.2562026,0.01262538,0.002245773,-0.023465,0.06477356,-0.146225,0.9871216,0.03092668,0.002032639,-0.02283885,0.03092668,0.002032639,-0.02283885,0.06362915,-0.1416626,0.987854,0.06362915,-0.1416626,0.987854,4.828644,4.828644,True,True,True
1623681,63779589506704,-13.56143,2.578243,-0.08815706,-0.07174018,0.9608597,-0.07715146,-0.256222,-0.003970459,0.002270203,-0.02382112,0.07992554,-0.186554,0.979187,0.03083749,0.001911957,-0.02280789,0.03083749,0.001911957,-0.02280789,0.08380127,-0.173996,0.9811707,0.08380127,-0.173996,0.9811707,4.911438,4.911438,True,True,True
1623689,63779589506715,-13.56146,2.57823,-0.0881511,-0.07186466,0.9608195,-0.07723963,-0.2563114,-0.01987071,0.002345108,-0.02433145,0.08740234,-0.2051086,0.974823,0.0307704,0.001807556,-0.02274837,0.0307704,0.001807556,-0.02274837,0.08859253,-0.1955566,0.9766693,0.08859253,-0.1955566,0.9766693,4.908829,4.908829,True,True,True
1623698,63779589506715,-13.56146,2.57823,-0.0881511,-0.07186466,0.9608195,-0.07723963,-0.2563114,-0.02605206,0.002396851,-0.02450169,0.08389282,-0.223526,0.9710693,0.03074254,0.001664475,-0.02237941,0.03074254,0.001664475,-0.02237941,0.08538818,-0.2046967,0.9750824,0.08538818,-0.2046967,0.9750824,4.815033,4.815033,True,True,True
1623706,63779589506727,-13.56156,2.578179,-0.08814353,-0.07191297,0.9608002,-0.07714849,-0.2563977,-0.02683151,0.002406433,-0.02452481,0.08799744,-0.212616,0.9731598,0.03075652,0.001662766,-0.02238431,0.03075652,0.001662766,-0.02238431,0.08815002,-0.1940765,0.977005,0.08815002,-0.1940765,0.977005,4.86499,4.86499,True,True,True
1623714,63779589506738,-13.56159,2.57817,-0.0881291,-0.07193685,0.9607636,-0.07720206,-0.2565118,-0.02681204,0.00240686,-0.02451653,0.08883667,-0.2155151,0.9724426,0.0307583,0.00166571,-0.02238509,0.0307583,0.00166571,-0.02238509,0.08992004,-0.196167,0.9764252,0.08992004,-0.196167,0.9764252,4.864944,4.864944,True,True,True
1623723,63779589506749,-13.56161,2.57815,-0.08809781,-0.07195165,0.9607658,-0.07722051,-0.2564939,-0.02664682,0.002405426,-0.02450514,0.08850098,-0.2136536,0.9728851,0.03075652,0.001668655,-0.02238585,0.03075652,0.001668655,-0.02238585,0.08815002,-0.1980743,0.9762115,0.08815002,-0.1980743,0.9762115,4.864044,4.864044,True,True,True
1623731,63779589506749,-13.56161,2.57815,-0.08809781,-0.07195165,0.9607658,-0.07722051,-0.2564939,-0.02521311,0.002392197,-0.02447383,0.08853149,-0.2150879,0.9725647,0.0307479,0.001774551,-0.02283531,0.0307479,0.001774551,-0.02283531,0.08534241,-0.1938019,0.9773102,0.08534241,-0.1938019,0.9773102,4.849014,4.849014,True,True,True
1623739,63779589506760,-13.56168,2.578163,-0.08809394,-0.07205369,0.9607337,-0.07722185,-0.2565848,-0.02329991,0.002365433,-0.02438643,0.08757019,-0.2141266,0.9728699,0.03075652,0.001668655,-0.02238585,0.03075652,0.001668655,-0.02238585,0.08769226,-0.1954651,0.9767761,0.08769226,-0.1954651,0.9767761,4.864944,4.864944,True,True,True
1623748,63779589506771,-13.56171,2.578155,-0.08806962,-0.07222138,0.9606999,-0.07713009,-0.2566918,-0.02613593,0.002404236,-0.0244933,0.08666992,-0.2164459,0.9724274,0.0307583,0.00166571,-0.02238509,0.0307583,0.00166571,-0.02238509,0.08770752,-0.1948242,0.9768982,0.08770752,-0.1948242,0.9768982,4.865112,4.865112,True,True,True
1623756,63779589506782,-13.56171,2.578108,-0.0880242,-0.07229321,0.9607077,-0.07706279,-0.2566626,-0.02584963,0.002402725,-0.02448145,0.08575439,-0.2179718,0.972168,0.03076007,0.001662766,-0.02238431,0.03076007,0.001662766,-0.02238431,0.08770752,-0.194046,0.9770508,0.08770752,-0.194046,0.9770508,4.865082,4.865082,True,True,True
1623764,63779589506782,-13.56171,2.578108,-0.0880242,-0.07229321,0.9607077,-0.07706279,-0.2566626,-0.02379329,0.002373337,-0.02438927,0.08483887,-0.217514,0.9723511,0.03076288,0.001610703,-0.02208873,0.03076288,0.001610703,-0.02208873,0.08787537,-0.2004089,0.9757538,0.08787537,-0.2004089,0.9757538,4.86528,4.86528,True,True,True
1623773,63779589506793,-13.56174,2.578129,-0.08799404,-0.07240317,0.9606904,-0.07707751,-0.2566918,-0.02526724,0.002392746,-0.02444295,0.08483887,-0.2182159,0.9721985,0.03076569,0.00155864,-0.02179315,0.03076569,0.00155864,-0.02179315,0.08802795,-0.2068634,0.9743958,0.08802795,-0.2068634,0.9743958,4.865295,4.865295,True,True,True
1623781,63779589506804,-13.56178,2.578129,-0.0879342,-0.07256588,0.9606826,-0.07692643,-0.2567205,-0.02704825,0.0024207,-0.02452541,0.08462524,-0.2180634,0.9722443,0.03076836,0.001557282,-0.02177661,0.03076836,0.001557282,-0.02177661,0.08821106,-0.2062225,0.9745026,0.08821106,-0.2062225,0.9745026,4.86145,4.86145,True,True,True
1623789,63779589506816,-13.56177,2.578103,-0.0879243,-0.07251623,0.9606777,-0.07685658,-0.2567736,-0.02719295,0.002424301,-0.0245306,0.08442688,-0.2175293,0.9723816,0.03077101,0.00155864,-0.02179315,0.03077101,0.00155864,-0.02179315,0.0884552,-0.203949,0.9749603,0.0884552,-0.203949,0.9749603,4.86586,4.86586,True,True,True
1623798,63779589506816,-13.56177,2.578103,-0.0879243,-0.07251623,0.9606777,-0.07685658,-0.2567736,-0.02720758,0.002425018,-0.02453116,0.08450317,-0.2176056,0.9723663,0.03077277,0.001591217,-0.02187828,0.03077277,0.001591217,-0.02187828,0.08868408,-0.2065887,0.9743958,0.08868408,-0.2065887,0.9743958,4.871246,4.871246,True,True,True
1623806,63779589506826,-13.56179,2.578132,-0.08790696,-0.07250116,0.960666,-0.07676532,-0.2568492,-0.0272031,0.002425461,-0.02453084,0.08401489,-0.2177277,0.9723816,0.03077452,0.001623795,-0.02195551,0.03077452,0.001623795,-0.02195551,0.08889771,-0.209671,0.9737091,0.08889771,-0.209671,0.9737091,4.874481,4.874481,True,True,True
1623814,63779589506838,-13.56176,2.578133,-0.08797127,-0.07253037,0.9606493,-0.07660081,-0.2569525,-0.02693862,0.002422531,-0.02451882,0.08404541,-0.2174072,0.9724426,0.03077547,0.00162587,-0.02195841,0.03077547,0.00162587,-0.02195841,0.08842468,-0.2099762,0.9736938,0.08842468,-0.2099762,0.9736938,4.866882,4.866882,True,True,True
1623823,63779589506849,-13.56178,2.578121,-0.08796257,-0.07253077,0.9606464,-0.07650927,-0.2569906,-0.02595622,0.00240828,-0.02447501,0.08355713,-0.2176208,0.9724426,0.0307764,0.00162796,-0.02196131,0.0307764,0.00162796,-0.02196131,0.08804321,-0.2104034,0.9736328,0.08804321,-0.2104034,0.9736328,4.874207,4.874207,True,True,True
1623831,63779589506849,-13.56178,2.578121,-0.08796257,-0.07253077,0.9606464,-0.07650927,-0.2569906,-0.02040428,0.002331925,-0.02422885,0.08404541,-0.2168884,0.9725647,0.03078023,0.00162796,-0.02196131,0.03078023,0.00162796,-0.02196131,0.08509827,-0.2102509,0.9739227,0.08509827,-0.2102509,0.9739227,4.874069,4.874069,True,True,True
1623839,63779589506860,-13.56184,2.578112,-0.087946,-0.07252672,0.9606376,-0.07635397,-0.2570707,-0.01211185,0.002217865,-0.02386147,0.08407593,-0.215744,0.9728088,0.03078255,0.00162796,-0.02196131,0.03078255,0.00162796,-0.02196131,0.08537292,-0.2099609,0.9739685,0.08537292,-0.2099609,0.9739685,4.859039,4.859039,True,True,True
1623848,63779589506871,-13.56187,2.578094,-0.08792645,-0.07267228,0.9605889,-0.07641668,-0.257193,-0.008954896,0.002174622,-0.02372215,0.08857727,-0.2151184,0.9725494,0.03082202,0.00162796,-0.02196131,0.03082202,0.00162796,-0.02196131,0.09588623,-0.2094727,0.9730988,0.09588623,-0.2094727,0.9730988,4.860062,4.860062,True,True,True
1623856,63779589506882,-13.5619,2.578081,-0.0879119,-0.07273144,0.9605871,-0.07639027,-0.2571907,-0.005366501,0.00212532,-0.02356124,0.08866882,-0.2147217,0.9726257,0.03082492,0.00162796,-0.02196131,0.03082492,0.00162796,-0.02196131,0.0945282,-0.2095032,0.9732208,0.0945282,-0.2095032,0.9732208,4.859863,4.859863,True,True,True
1623864,63779589506882,-13.5619,2.578081,-0.0879119,-0.07273144,0.9605871,-0.07639027,-0.2571907,0.0009037781,0.002039658,-0.02328247,0.0899353,-0.2139282,0.9726868,0.03082964,0.001628937,-0.02196341,0.03082964,0.001628937,-0.02196341,0.09507751,-0.2093811,0.9731903,0.09507751,-0.2093811,0.9731903,4.85997,4.85997,True,True,True
1623873,63779589506893,-13.56184,2.578085,-0.08790094,-0.0727555,0.9605872,-0.07642663,-0.2571727,0.006592148,0.001962708,-0.02303363,0.09091187,-0.2127838,0.9728546,0.03083209,0.001630844,-0.02196773,0.03083209,0.001630844,-0.02196773,0.09506226,-0.2094421,0.973175,0.09506226,-0.2094421,0.973175,4.853149,4.853149,True,True,True
1623881,63779589506904,-13.56184,2.578096,-0.08787304,-0.07278897,0.960576,-0.07643545,-0.2572024,-0.01099243,0.002227356,-0.02392412,0.08981323,-0.2134552,0.9728088,0.03086316,0.001719391,-0.02240442,0.03086316,0.001719391,-0.02240442,0.1018829,-0.2028351,0.9738922,0.1018829,-0.2028351,0.9738922,4.844147,4.844147,True,True,True
1623889,63779589506915,-13.56188,2.578086,-0.08785719,-0.07283758,0.9605668,-0.07646977,-0.2572132,-0.0239704,0.002384354,-0.02439574,0.08641052,-0.2164459,0.9724579,0.03087186,0.001721329,-0.0224182,0.03087186,0.001721329,-0.0224182,0.1034546,-0.200592,0.9741821,0.1034546,-0.200592,0.9741821,4.846695,4.846695,True,True,True
1623898,63779589506915,-13.56188,2.578086,-0.08785719,-0.07283758,0.9605668,-0.07646977,-0.2572132,-0.02642975,0.002410752,-0.02448195,0.08561707,-0.2166901,0.9724731,0.03087319,0.001725464,-0.02242143,0.03087319,0.001725464,-0.02242143,0.1018066,-0.2011566,0.9742432,0.1018066,-0.2011566,0.9742432,4.846512,4.846512,True,True,True
1623906,63779589506926,-13.56188,2.578046,-0.08787227,-0.07289688,0.9605405,-0.07660053,-0.2572555,-0.02690282,0.002416122,-0.02449823,0.08518982,-0.2175446,0.9723206,0.03087729,0.001727203,-0.022426,0.03087729,0.001727203,-0.022426,0.1029358,-0.2012482,0.9741058,0.1029358,-0.2012482,0.9741058,4.849243,4.849243,True,True,True
1623914,63779589506937,-13.56192,2.578025,-0.08782309,-0.07292147,0.960519,-0.0767447,-0.2572859,-0.02699347,0.002417206,-0.02450145,0.08517456,-0.2185059,0.9721069,0.03088127,0.001728058,-0.02242998,0.03088127,0.001728058,-0.02242998,0.1023254,-0.2012482,0.9741669,0.1023254,-0.2012482,0.9741669,4.846222,4.846222,True,True,True
1623923,63779589506949,-13.56196,2.578028,-0.08784246,-0.07300436,0.9605139,-0.07677922,-0.2572713,-0.02692221,0.002414932,-0.02449715,0.08491516,-0.218338,0.972168,0.03088143,0.001728561,-0.02243132,0.03088143,0.001728561,-0.02243132,0.1021576,-0.2010956,0.9742126,0.1021576,-0.2010956,0.9742126,4.846405,4.846405,True,True,True
1623931,63779589506949,-13.56196,2.578028,-0.08784246,-0.07300436,0.9605139,-0.07677922,-0.2572713,-0.02651416,0.002409134,-0.02448187,0.08560181,-0.2179718,0.9721832,0.03088362,0.001730652,-0.0224337,0.03088362,0.001730652,-0.0224337,0.1022949,-0.2006378,0.9743042,0.1022949,-0.2006378,0.9743042,4.84404,4.84404,True,True,True
1623939,63779589506961,-13.56196,2.578015,-0.0878337,-0.07297708,0.9605108,-0.0769029,-0.2572533,-0.0243407,0.002382752,-0.02440337,0.08622742,-0.2173157,0.9722748,0.03088646,0.001730713,-0.02243993,0.03088646,0.001730713,-0.02243993,0.1024323,-0.2000427,0.974411,0.1024323,-0.2000427,0.974411,4.839828,4.839828,True,True,True
1623948,63779589506971,-13.562,2.577994,-0.08778304,-0.07284948,0.9605192,-0.07706411,-0.2572099,-0.01222633,0.002241959,-0.02397824,0.08998108,-0.2137756,0.9727173,0.03088921,0.001741303,-0.0224664,0.03088921,0.001741303,-0.0224664,0.1031494,-0.2010193,0.9741364,0.1031494,-0.2010193,0.9741364,4.838455,4.838455,True,True,True
1623956,63779589506982,-13.56199,2.577942,-0.08779794,-0.0728487,0.9604955,-0.07721649,-0.257253,0.006473038,0.002026535,-0.02332698,0.09585571,-0.207428,0.973526,0.03089118,0.001744248,-0.02247656,0.03089118,0.001744248,-0.02247656,0.1034241,-0.1994324,0.9744263,0.1034241,-0.1994324,0.9744263,4.837875,4.837875,True,True,True
1623964,63779589506982,-13.56199,2.577942,-0.08779794,-0.0728487,0.9604955,-0.07721649,-0.257253,0.005955033,0.002033173,-0.02334525,0.09597778,-0.2076111,0.9734802,0.03089314,0.001745361,-0.0224769,0.03089314,0.001745361,-0.0224769,0.1039124,-0.1989441,0.974472,0.1039124,-0.1989441,0.974472,4.837967,4.837967,True,True,True
1623973,63779589506993,-13.56194,2.577911,-0.08770239,-0.07280855,0.9605164,-0.0773428,-0.2571486,0.005536362,0.002038513,-0.02335959,0.09593201,-0.207901,0.9734192,0.03089371,0.001746246,-0.02247734,0.03089371,0.001746246,-0.02247734,0.1040497,-0.1991425,0.9744263,0.1040497,-0.1991425,0.9744263,4.838226,4.838226,True,True,True
1623981,63779589507004,-13.56194,2.577875,-0.08766711,-0.07275239,0.960511,-0.0774869,-0.2571411,0.005447922,0.002040528,-0.02336406,0.09614563,-0.2081299,0.9733582,0.03089534,0.001748016,-0.02248047,0.03089534,0.001748016,-0.02248047,0.1044464,-0.1994324,0.9743195,0.1044464,-0.1994324,0.9743195,4.832687,4.832687,True,True,True
1623989,63779589507015,-13.56195,2.577847,-0.08767468,-0.07280544,0.9605453,-0.07731774,-0.2570486,0.005655045,0.002040009,-0.02335803,0.09667969,-0.207901,0.9733582,0.03089574,0.001751282,-0.02248264,0.03089574,0.001751282,-0.02248264,0.1045837,-0.200058,0.9741821,0.1045837,-0.200058,0.9741821,4.830338,4.830338,True,True,True
1623998,63779589507015,-13.56195,2.577847,-0.08767468,-0.07280544,0.9605453,-0.07731774,-0.2570486,0.006112473,0.002035782,-0.02334267,0.09690857,-0.2080994,0.9732819,0.03089574,0.001752716,-0.02248351,0.03089574,0.001752716,-0.02248351,0.1047974,-0.1997528,0.9742126,0.1047974,-0.1997528,0.9742126,4.83017,4.83017,True,True,True
1624006,63779589507026,-13.56195,2.577878,-0.08765179,-0.07288652,0.9605301,-0.07722812,-0.2571096,0.006692276,0.002030335,-0.02332407,0.0967865,-0.20784,0.9733582,0.03089574,0.001754669,-0.02248607,0.03089574,0.001754669,-0.02248607,0.1040497,-0.1996155,0.9743195,0.1040497,-0.1996155,0.9743195,4.826843,4.826843,True,True,True
1624014,63779589507037,-13.56195,2.577916,-0.08766615,-0.07287189,0.960542,-0.07693049,-0.2571583,0.007445557,0.00202208,-0.02329756,0.09695435,-0.2072601,0.973465,0.03089574,0.00175528,-0.02248607,0.03089574,0.00175528,-0.02248607,0.1039734,-0.1997986,0.9742889,0.1039734,-0.1997986,0.9742889,4.816849,4.816849,True,True,True
1624023,63779589507049,-13.56197,2.577917,-0.08764231,-0.07300596,0.9605232,-0.07677797,-0.2572361,0.007950165,0.002016983,-0.02328168,0.09629822,-0.207016,0.9735718,0.03089574,0.001756348,-0.02248871,0.03089574,0.001756348,-0.02248871,0.1026306,-0.1998901,0.9744263,0.1026306,-0.1998901,0.9744263,4.814468,4.814468,True,True,True
1624031,63779589507049,-13.56197,2.577917,-0.08764231,-0.07300596,0.9605232,-0.07677797,-0.2572361,0.008000962,0.002017319,-0.0232802,0.09658813,-0.2058868,0.9737854,0.03089574,0.001757828,-0.02248912,0.03089574,0.001757828,-0.02248912,0.1025696,-0.1980133,0.9748077,0.1025696,-0.1980133,0.9748077,4.80603,4.80603,True,True,True
1624039,63779589507060,-13.56196,2.57787,-0.08763987,-0.0729872,0.9605265,-0.0767328,-0.2572427,0.007958741,0.002018891,-0.02328384,0.09651184,-0.2058258,0.9738007,0.03089574,0.001759644,-0.02249274,0.03089574,0.001759644,-0.02249274,0.1025391,-0.1978912,0.9748383,0.1025391,-0.1978912,0.9748383,4.80336,4.80336,True,True,True
1624048,63779589507071,-13.56195,2.577854,-0.08763844,-0.07306205,0.9605113,-0.07671561,-0.2572834,0.007971894,0.002018738,-0.02328342,0.09646606,-0.2055054,0.973877,0.03089574,0.001759644,-0.02249287,0.03089574,0.001759644,-0.02249287,0.1025238,-0.1973724,0.9749451,0.1025238,-0.1973724,0.9749451,4.802032,4.802032,True,True,True
1624056,63779589507082,-13.56198,2.577868,-0.08763188,-0.07319942,0.9604857,-0.07672261,-0.2573379,0.007984421,0.002018585,-0.02328302,0.09664917,-0.2053833,0.9738922,0.03089508,0.001759644,-0.02249304,0.03089508,0.001759644,-0.02249304,0.1022797,-0.1969604,0.9750519,0.1022797,-0.1969604,0.9750519,4.791428,4.791428,True,True,True
1624064,63779589507082,-13.56198,2.577868,-0.08763188,-0.07319942,0.9604857,-0.07672261,-0.2573379,0.008031799,0.002017868,-0.02328107,0.09692383,-0.2053375,0.9738617,0.03089369,0.001759644,-0.02249304,0.03089369,0.001759644,-0.02249304,0.1027222,-0.1970062,0.9749908,0.1027222,-0.1970062,0.9749908,4.770447,4.770447,True,True,True
1624073,63779589507093,-13.56197,2.577873,-0.08763784,-0.07316588,0.9604906,-0.07672001,-0.2573299,0.008056336,0.002017517,-0.02328021,0.09622192,-0.2046204,0.9740906,0.03089327,0.001759644,-0.02249304,0.03089327,0.001759644,-0.02249304,0.1016235,-0.1958618,0.9753418,0.1016235,-0.1958618,0.9753418,4.769165,4.769165,True,True,True
1624081,63779589507104,-13.56194,2.577887,-0.08762896,-0.0729987,0.9604737,-0.07682862,-0.2574082,0.008122544,0.002016739,-0.02327789,0.09611511,-0.2044525,0.9741364,0.03089322,0.001759644,-0.02249304,0.03089322,0.001759644,-0.02249304,0.1015167,-0.1953735,0.9754486,0.1015167,-0.1953735,0.9754486,4.756485,4.756485,True,True,True
1624089,63779589507115,-13.56191,2.577904,-0.08763278,-0.07284336,0.9605088,-0.07684131,-0.257317,0.008190369,0.002014893,-0.02327544,0.09614563,-0.203949,0.9742432,0.03089317,0.001758591,-0.02249287,0.03089317,0.001758591,-0.02249287,0.1014557,-0.1949768,0.9755402,0.1014557,-0.1949768,0.9755402,4.749557,4.749557,True,True,True
1624098,63779589507115,-13.56191,2.577904,-0.08763278,-0.07284336,0.9605088,-0.07684131,-0.257317,0.008297654,0.002013443,-0.02327159,0.09596252,-0.2033386,0.9743805,0.03089307,0.001758591,-0.02249287,0.03089307,0.001758591,-0.02249287,0.1013794,-0.1938477,0.975769,0.1013794,-0.1938477,0.975769,4.743256,4.743256,True,True,True
1624106,63779589507126,-13.56189,2.577892,-0.08766103,-0.07266963,0.9605034,-0.07688803,-0.2573726,0.008310059,0.002013184,-0.02327077,0.09541321,-0.2036591,0.9743652,0.03089282,0.001758591,-0.02249287,0.03089282,0.001758591,-0.02249287,0.1007538,-0.193924,0.9758148,0.1007538,-0.193924,0.9758148,4.732574,4.732574,True,True,True
1624114,63779589507137,-13.56185,2.577887,-0.08762944,-0.07267636,0.9605172,-0.0769863,-0.2572898,0.008452332,0.002011353,-0.02326547,0.09541321,-0.2029114,0.9745331,0.03089273,0.001758286,-0.02249233,0.03089273,0.001758286,-0.02249233,0.1006775,-0.1928406,0.9760437,0.1006775,-0.1928406,0.9760437,4.731522,4.731522,True,True,True
1624123,63779589507148,-13.56181,2.577858,-0.08764321,-0.07263167,0.9605237,-0.07698764,-0.2572779,0.008530716,0.002007492,-0.02326105,0.0953064,-0.2022705,0.9746704,0.03089221,0.001753616,-0.02249233,0.03089221,0.001753616,-0.02249233,0.1004944,-0.1916809,0.9762878,0.1004944,-0.1916809,0.9762878,4.725021,4.725021,True,True,True
1624131,63779589507148,-13.56181,2.577858,-0.08764321,-0.07263167,0.9605237,-0.07698764,-0.2572779,0.00860202,0.002004791,-0.02325668,0.09527588,-0.2018738,0.974762,0.03089215,0.001750824,-0.02249059,0.03089215,0.001750824,-0.02249059,0.1004639,-0.1910858,0.9764099,0.1004639,-0.1910858,0.9764099,4.724182,4.724182,True,True,True
1624139,63779589507160,-13.5618,2.577824,-0.08768409,-0.07259232,0.9605465,-0.07709915,-0.2571703,0.008769974,0.002002426,-0.02325051,0.09515381,-0.2012787,0.9748993,0.03089145,0.001750824,-0.02249233,0.03089145,0.001750824,-0.02249233,0.100235,-0.1902466,0.976593,0.100235,-0.1902466,0.976593,4.713379,4.713379,True,True,True
1624148,63779589507171,-13.56176,2.577832,-0.08769333,-0.07267824,0.9605303,-0.07726164,-0.2571577,0.008898118,0.002000748,-0.02324582,0.09513855,-0.2017975,0.9747925,0.03089137,0.001750824,-0.02249233,0.03089137,0.001750824,-0.02249233,0.1001587,-0.1902618,0.9766083,0.1001587,-0.1902618,0.9766083,4.708771,4.708771,True,True,True
1624156,63779589507182,-13.56172,2.577802,-0.08775562,-0.07268674,0.9605532,-0.07732071,-0.2570521,0.008958939,0.001999909,-0.02324202,0.09515381,-0.2017975,0.9747772,0.03089137,0.001750824,-0.02249059,0.03089137,0.001750824,-0.02249059,0.1001587,-0.1903839,0.9765778,0.1001587,-0.1903839,0.9765778,4.709091,4.709091,True,True,True
1624164,63779589507182,-13.56172,2.577802,-0.08775562,-0.07268674,0.9605532,-0.07732071,-0.2570521,0.00899144,0.001999542,-0.02324039,0.09516907,-0.2018738,0.974762,0.03089131,0.001750824,-0.02249059,0.03089131,0.001750824,-0.02249059,0.100174,-0.1903839,0.9765778,0.100174,-0.1903839,0.9765778,4.708923,4.708923,True,True,True
1624173,63779589507193,-13.56175,2.577776,-0.08774024,-0.07261768,0.9605792,-0.0774235,-0.2569435,0.008977722,0.001999695,-0.02324072,0.0952301,-0.2016296,0.9748077,0.03089082,0.001750824,-0.02249059,0.03089082,0.001750824,-0.02249059,0.100235,-0.1900024,0.9766388,0.100235,-0.1900024,0.9766388,4.7034,4.7034,True,True,True
1624181,63779589507204,-13.56162,2.577732,-0.0877589,-0.07258019,0.9605895,-0.07744054,-0.2569103,0.008932892,0.002000198,-0.02324175,0.09550476,-0.2016602,0.9747772,0.03089046,0.001750824,-0.02249059,0.03089046,0.001750824,-0.02249059,0.1008606,-0.1900024,0.9765778,0.1008606,-0.1900024,0.9765778,4.702957,4.702957,True,True,True
1624189,63779589507215,-13.56161,2.577692,-0.08775085,-0.07252154,0.9606266,-0.07753962,-0.2567582,0.008845764,0.002001175,-0.02324504,0.09539795,-0.2015228,0.974823,0.03089041,0.001750824,-0.02249197,0.03089041,0.001750824,-0.02249197,0.1008301,-0.1896667,0.9766541,0.1008301,-0.1896667,0.9766541,4.698792,4.698792,True,True,True
1624198,63779589507215,-13.56161,2.577692,-0.08775085,-0.07252154,0.9606266,-0.07753962,-0.2567582,0.00873143,0.002002731,-0.02324916,0.09579468,-0.2006226,0.9749603,0.03089026,0.001751236,-0.02249233,0.03089026,0.001751236,-0.02249233,0.1015167,-0.1890869,0.9766846,0.1015167,-0.1890869,0.9766846,4.69899,4.69899,True,True,True
1624206,63779589507226,-13.5616,2.577706,-0.08776021,-0.07248255,0.9606186,-0.07761038,-0.2567778,0.008650315,0.002004456,-0.0232517,0.09536743,-0.2005157,0.9750214,0.03088962,0.001752533,-0.02249233,0.03088962,0.001752533,-0.02249233,0.1013184,-0.1894379,0.9766388,0.1013184,-0.1894379,0.9766388,4.694916,4.694916,True,True,True
1624214,63779589507238,-13.56157,2.577681,-0.08776706,-0.07252076,0.9606333,-0.0777187,-0.2566795,0.008589402,0.002005249,-0.02325353,0.09484863,-0.2010193,0.9749756,0.03088905,0.001752533,-0.02249233,0.03088905,0.001752533,-0.02249233,0.1011047,-0.1894684,0.9766541,0.1011047,-0.1894684,0.9766541,4.68605,4.68605,True,True,True
1624223,63779589507248,-13.5615,2.577634,-0.08773834,-0.07244761,0.9606374,-0.07787563,-0.256637,0.008564911,0.00200676,-0.02325385,0.09475708,-0.2013855,0.9749146,0.03088831,0.001754547,-0.02249197,0.03088831,0.001754547,-0.02249197,0.1010437,-0.1900024,0.9765625,0.1010437,-0.1900024,0.9765625,4.68512,4.68512,True,True,True
1624231,63779589507248,-13.5615,2.577634,-0.08773834,-0.07244761,0.9606374,-0.07787563,-0.256637,0.008572342,0.002006806,-0.02325343,0.09532166,-0.2007751,0.9749756,0.03088783,0.001754791,-0.02249257,0.03088783,0.001754791,-0.02249257,0.1019745,-0.1896362,0.976532,0.1019745,-0.1896362,0.976532,4.671906,4.671906,True,True,True
1624239,63779589507259,-13.56149,2.57763,-0.08775198,-0.07242314,0.9606564,-0.07800944,-0.256532,0.008575958,0.002007218,-0.02325348,0.09539795,-0.20047,0.9750366,0.03088683,0.001755447,-0.02249335,0.03088683,0.001755447,-0.02249335,0.1019135,-0.1891327,0.9766388,0.1019135,-0.1891327,0.9766388,4.672028,4.672028,True,True,True
1624248,63779589507271,-13.56146,2.577614,-0.08773631,-0.07242971,0.9606778,-0.07806187,-0.2564342,0.008601288,0.002007416,-0.02325252,0.09527588,-0.2003021,0.9750824,0.03088667,0.001755493,-0.02249335,0.03088667,0.001755493,-0.02249335,0.101593,-0.1887207,0.9767456,0.101593,-0.1887207,0.9767456,4.663467,4.663467,True,True,True
1624256,63779589507282,-13.56139,2.577605,-0.08775192,-0.07240126,0.9606895,-0.0780817,-0.2563922,0.008591935,0.002010361,-0.02325272,0.09492493,-0.2002258,0.9751282,0.03088664,0.001759552,-0.02249335,0.03088664,0.001759552,-0.02249335,0.1009827,-0.1886902,0.9768219,0.1009827,-0.1886902,0.9768219,4.654556,4.654556,True,True,True
1624264,63779589507282,-13.56139,2.577605,-0.08775192,-0.07240126,0.9606895,-0.0780817,-0.2563922,0.008569458,0.002010819,-0.02325269,0.09468079,-0.1996613,0.9752655,0.03088539,0.001759552,-0.02249257,0.03088539,0.001759552,-0.02249257,0.100647,-0.1884613,0.9768982,0.100647,-0.1884613,0.9768982,4.654587,4.654587,True,True,True
1624273,63779589507293,-13.56137,2.577619,-0.08776313,-0.0722834,0.9607378,-0.07811559,-0.2562343,0.008540314,0.002011215,-0.02325313,0.09475708,-0.1986084,0.9754791,0.03088519,0.001759552,-0.02249197,0.03088519,0.001759552,-0.02249197,0.1005554,-0.1868591,0.9772186,0.1005554,-0.1868591,0.9772186,4.649048,4.649048,True,True,True
1624281,63779589507304,-13.56135,2.577618,-0.08779335,-0.07239894,0.9607565,-0.0780369,-0.2561553,0.008506119,0.002013962,-0.0232551,0.09436035,-0.1985321,0.9755402,0.03088388,0.00176265,-0.02249335,0.03088388,0.00176265,-0.02249335,0.1000671,-0.1868591,0.9772644,0.1000671,-0.1868591,0.9772644,4.631531,4.631531,True,True,True
1624289,63779589507315,-13.56135,2.577604,-0.08779842,-0.07243253,0.960748,-0.07811778,-0.256153,0.008445969,0.002014832,-0.02325835,0.09455872,-0.1984863,0.9755249,0.03088245,0.001762802,-0.02249541,0.03088245,0.001762802,-0.02249541,0.1004333,-0.1867065,0.9772644,0.1004333,-0.1867065,0.9772644,4.631531,4.631531,True,True,True
1624298,63779589507315,-13.56135,2.577604,-0.08779842,-0.07243253,0.960748,-0.07811778,-0.256153,0.008197098,0.002019318,-0.02326755,0.09417725,-0.1988983,0.9754791,0.03088188,0.001764771,-0.02249671,0.03088188,0.001764771,-0.02249671,0.1002808,-0.1871185,0.9771881,0.1002808,-0.1871185,0.9771881,4.631149,4.631149,True,True,True
1624306,63779589507326,-13.56133,2.577586,-0.08777708,-0.07251122,0.9607656,-0.0781339,-0.2560602,0.008184036,0.002019821,-0.02326799,0.09542847,-0.1988525,0.9753571,0.03088179,0.001764771,-0.02249671,0.03088179,0.001764771,-0.02249671,0.1016541,-0.187027,0.977066,0.1016541,-0.187027,0.977066,4.590164,4.590164,True,True,True
1624314,63779589507337,-13.56129,2.577547,-0.08779204,-0.07246545,0.9607675,-0.07815373,-0.2560598,0.008136933,0.002022904,-0.02326952,0.09518433,-0.1985626,0.9754486,0.03087821,0.001768921,-0.02249671,0.03087821,0.001768921,-0.02249671,0.1009369,-0.1867523,0.9772034,0.1009369,-0.1867523,0.9772034,4.578079,4.578079,True,True,True
1624323,63779589507348,-13.56127,2.577545,-0.08777928,-0.07253548,0.9607616,-0.07824454,-0.2560343,0.00815651,0.002024689,-0.02326882,0.09518433,-0.1965179,0.9758606,0.03087793,0.001772202,-0.02249671,0.03087793,0.001772202,-0.02249671,0.1010132,-0.1833649,0.977829,0.1010132,-0.1833649,0.977829,4.566727,4.566727,True,True,True
1624331,63779589507348,-13.56127,2.577545,-0.08777928,-0.07253548,0.9607616,-0.07824454,-0.2560343,0.008125855,0.002025086,-0.02327358,0.09487915,-0.1960297,0.9759827,0.03087721,0.001772308,-0.0225029,0.03087721,0.001772308,-0.0225029,0.1007843,-0.1826782,0.9779816,0.1007843,-0.1826782,0.9779816,4.551498,4.551498,True,True,True
1624339,63779589507360,-13.56126,2.577549,-0.08779049,-0.07256743,0.9607584,-0.07831523,-0.2560153,0.008062775,0.002026154,-0.0232757,0.09506226,-0.1959991,0.9759827,0.03087721,0.001772308,-0.0225029,0.03087721,0.001772308,-0.0225029,0.1010742,-0.1825256,0.9779816,0.1010742,-0.1825256,0.9779816,4.536377,4.536377,True,True,True
1624347,63779589507371,-13.56128,2.577501,-0.087762,-0.07258463,0.9607527,-0.07833228,-0.256027,0.007932923,0.002028305,-0.02328171,0.09516907,-0.1932678,0.9765167,0.03087679,0.001773087,-0.02250554,0.03087679,0.001773087,-0.02250554,0.1013031,-0.1782227,0.9787445,0.1013031,-0.1782227,0.9787445,4.533112,4.533112,True,True,True
1624356,63779589507382,-13.56124,2.577484,-0.08771926,-0.07269634,0.9607239,-0.07848173,-0.2560576,0.007910767,0.002032578,-0.02328316,0.09472656,-0.1941833,0.9763641,0.03087523,0.001779755,-0.02250554,0.03087523,0.001779755,-0.02250554,0.1008759,-0.1793365,0.9785919,0.1008759,-0.1793365,0.9785919,4.532928,4.532928,True,True,True
1624364,63779589507382,-13.56124,2.577484,-0.08771926,-0.07269634,0.9607239,-0.07848173,-0.2560576,0.008001404,0.002031632,-0.02327898,0.09458923,-0.1941833,0.9763794,0.0308747,0.001779755,-0.0225029,0.0308747,0.001779755,-0.0225029,0.1007385,-0.1793823,0.9786072,0.1007385,-0.1793823,0.9786072,4.532944,4.532944,True,True,True
1624372,63779589507393,-13.56122,2.577428,-0.0877198,-0.07260635,0.9607455,-0.07852007,-0.2559906,0.008087769,0.002032028,-0.02327811,0.0952301,-0.1943665,0.9762878,0.03087383,0.001781876,-0.02250554,0.03087383,0.001781876,-0.02250554,0.1016388,-0.1798096,0.9784241,0.1016388,-0.1798096,0.9784241,4.532928,4.532928,True,True,True
1624381,63779589507404,-13.56121,2.577394,-0.08766454,-0.07276291,0.9607406,-0.07859401,-0.2559416,0.008221879,0.00203151,-0.02327457,0.09617615,-0.1943665,0.9761963,0.03087313,0.001781876,-0.02250554,0.03087313,0.001781876,-0.02250554,0.1030273,-0.179718,0.978302,0.1030273,-0.179718,0.978302,4.536163,4.536163,True,True,True
1624389,63779589507415,-13.56127,2.577354,-0.08767653,-0.07288799,0.9607255,-0.0786148,-0.2559562,0.008338227,0.002030228,-0.02327078,0.09638977,-0.1941986,0.9762115,0.03087313,0.001781876,-0.02250554,0.03087313,0.001781876,-0.02250554,0.1033783,-0.179657,0.9782715,0.1033783,-0.179657,0.9782715,4.535965,4.535965,True,True,True
1624397,63779589507415,-13.56127,2.577354,-0.08767653,-0.07288799,0.9607255,-0.0786148,-0.2559562,0.008511261,0.00202832,-0.02326563,0.09684753,-0.1936798,0.9762573,0.03087313,0.001781876,-0.02250554,0.03087313,0.001781876,-0.02250554,0.1042786,-0.1795349,0.9781952,0.1042786,-0.1795349,0.9781952,4.537643,4.537643,True,True,True
1624406,63779589507426,-13.56115,2.577345,-0.08766472,-0.07281911,0.9607152,-0.07867716,-0.2559952,0.008660675,0.00202681,-0.02326054,0.09724426,-0.1935883,0.9762421,0.03087203,0.001781876,-0.02250554,0.03087203,0.001781876,-0.02250554,0.1044312,-0.1795502,0.9781799,0.1044312,-0.1795502,0.9781799,4.546158,4.546158,True,True,True
1624414,63779589507437,-13.56114,2.577334,-0.0876646,-0.07299875,0.9606996,-0.07866979,-0.2560051,0.005352936,0.002060761,-0.0233047,0.09159851,-0.1985626,0.9757843,0.03084099,0.001777435,-0.0223841,0.03084099,0.001777435,-0.0223841,0.09646606,-0.1855164,0.97789,0.09646606,-0.1855164,0.97789,4.549072,4.549072,True,True,True
1624422,63779589507448,-13.56112,2.577379,-0.08763075,-0.07305516,0.9606575,-0.07869443,-0.2561392,0.001383423,0.00210492,-0.0234487,0.09083557,-0.2006073,0.9754486,0.03084099,0.001777435,-0.0223841,0.03084099,0.001777435,-0.0223841,0.09645081,-0.1855774,0.9778748,0.09645081,-0.1855774,0.9778748,4.548752,4.548752,True,True,True
1624431,63779589507448,-13.56112,2.577379,-0.08763075,-0.07305516,0.9606575,-0.07869443,-0.2561392,-0.002096283,0.002144608,-0.02357526,0.0907135,-0.2025146,0.9750671,0.03084177,0.001778412,-0.0223841,0.03084177,0.001778412,-0.0223841,0.09814453,-0.1857452,0.9776764,0.09814453,-0.1857452,0.9776764,4.548218,4.548218,True,True,True
1624439,63779589507459,-13.56111,2.577389,-0.0876199,-0.07311568,0.9606401,-0.07869092,-0.2561882,-0.004331787,0.002169647,-0.02365848,0.09104919,-0.2032318,0.974884,0.03084177,0.001778412,-0.0223841,0.03084177,0.001778412,-0.0223841,0.09822083,-0.1850586,0.9777985,0.09822083,-0.1850586,0.9777985,4.548172,4.548172,True,True,True
1624447,63779589507471,-13.56111,2.577394,-0.08760607,-0.07314128,0.9606341,-0.07854974,-0.2562468,-0.005131165,0.002180115,-0.0236881,0.09082031,-0.2033386,0.974884,0.03084177,0.001778412,-0.0223841,0.03084177,0.001778412,-0.0223841,0.09843445,-0.1839294,0.9779968,0.09843445,-0.1839294,0.9779968,4.54834,4.54834,True,True,True
1624456,63779589507482,-13.56108,2.577404,-0.08764094,-0.07307799,0.9606219,-0.07848241,-0.2563314,-0.004329071,0.002173081,-0.02365929,0.09095764,-0.2032471,0.974884,0.03084172,0.001778412,-0.0223841,0.03084172,0.001778412,-0.0223841,0.09841919,-0.1837006,0.9780273,0.09841919,-0.1837006,0.9780273,4.548584,4.548584,True,True,True
1624464,63779589507482,-13.56108,2.577404,-0.08764094,-0.07307799,0.9606219,-0.07848241,-0.2563314,-0.001872223,0.002146896,-0.02357483,0.09146118,-0.2018738,0.9751129,0.03084172,0.001780792,-0.02239177,0.03084172,0.001780792,-0.02239177,0.09841919,-0.1837006,0.9780273,0.09841919,-0.1837006,0.9780273,4.548279,4.548279,True,True,True
1624472,63779589507493,-13.56108,2.577431,-0.08766687,-0.07305214,0.9606079,-0.07836266,-0.2564277,0.001629135,0.00210788,-0.02344829,0.09210205,-0.199234,0.9756012,0.03084172,0.001780792,-0.02239177,0.03084172,0.001780792,-0.02239177,0.09841919,-0.1833344,0.9781036,0.09841919,-0.1833344,0.9781036,4.548706,4.548706,True,True,True
1624481,63779589507504,-13.56104,2.577484,-0.08763099,-0.07304795,0.9605658,-0.0782752,-0.2566131,0.005504746,0.002064621,-0.02330847,0.09288025,-0.1968689,0.9760132,0.03084172,0.001780792,-0.02239093,0.03084172,0.001780792,-0.02239093,0.09841919,-0.1833954,0.9780884,0.09841919,-0.1833954,0.9780884,4.548309,4.548309,True,True,True
1624489,63779589507515,-13.56102,2.577465,-0.08760816,-0.07304988,0.9605339,-0.07810197,-0.2567845,0.00827472,0.002035904,-0.02320935,0.09385681,-0.1959686,0.9761047,0.03084177,0.001784332,-0.02239177,0.03084177,0.001784332,-0.02239177,0.09933472,-0.1843109,0.977829,0.09933472,-0.1843109,0.977829,4.538544,4.538544,True,True,True
1624497,63779589507515,-13.56102,2.577465,-0.08760816,-0.07304988,0.9605339,-0.07810197,-0.2567845,0.008272446,0.002034653,-0.02321031,0.09390259,-0.1952362,0.9762421,0.03084177,0.001780792,-0.02239093,0.03084177,0.001780792,-0.02239093,0.09941101,-0.1834259,0.9779816,0.09941101,-0.1834259,0.9779816,4.538498,4.538498,True,True,True
1624506,63779589507526,-13.56101,2.577486,-0.08760756,-0.07308361,0.9605228,-0.0780746,-0.2568251,0.00827565,0.002036804,-0.02321105,0.09399414,-0.1953888,0.9761963,0.03084247,0.001784332,-0.02239177,0.03084247,0.001784332,-0.02239177,0.0995636,-0.1838989,0.9778748,0.0995636,-0.1838989,0.9778748,4.533279,4.533279,True,True,True
1624514,63779589507537,-13.56099,2.577489,-0.08768857,-0.0730854,0.960511,-0.07799924,-0.2568918,0.008452728,0.002036118,-0.02320514,0.0940094,-0.1957855,0.97612,0.03084337,0.001786377,-0.02239237,0.03084337,0.001786377,-0.02239237,0.09971619,-0.1844482,0.9777527,0.09971619,-0.1844482,0.9777527,4.53186,4.53186,True,True,True
1624522,63779589507548,-13.5611,2.577525,-0.08769017,-0.073117,0.9605033,-0.07797182,-0.2569198,0.008572007,0.002035217,-0.02320215,0.09410095,-0.1957397,0.97612,0.03084377,0.001787079,-0.02239342,0.03084377,0.001787079,-0.02239342,0.09979248,-0.1845398,0.9777374,0.09979248,-0.1845398,0.9777374,4.527649,4.527649,True,True,True
1624531,63779589507548,-13.5611,2.577525,-0.08769017,-0.073117,0.9605033,-0.07797182,-0.2569198,0.008690979,0.00203389,-0.02319783,0.09411621,-0.1957245,0.97612,0.03084381,0.001787079,-0.02239342,0.03084381,0.001787079,-0.02239342,0.09977722,-0.1846161,0.9777222,0.09977722,-0.1846161,0.9777222,4.524628,4.524628,True,True,True
1624539,63779589507559,-13.56111,2.577522,-0.08771956,-0.07312903,0.960497,-0.07792527,-0.256954,0.008545304,0.002036499,-0.02320975,0.0934906,-0.1956635,0.9761963,0.0308445,0.001788666,-0.02240413,0.0308445,0.001788666,-0.02240413,0.09881592,-0.1846161,0.9778137,0.09881592,-0.1846161,0.9778137,4.519745,4.519745,True,True,True
1624547,63779589507571,-13.56112,2.577541,-0.08774686,-0.0731628,0.9605152,-0.07789046,-0.2568868,0.008228272,0.002040024,-0.02322125,0.09266663,-0.1958771,0.9762268,0.03084511,0.001788666,-0.02240413,0.03084511,0.001788666,-0.02240413,0.09770203,-0.1847076,0.9779205,0.09770203,-0.1847076,0.9779205,4.51268,4.51268,True,True,True
1624556,63779589507582,-13.56106,2.577541,-0.08774942,-0.07313611,0.960525,-0.07776692,-0.2568952,0.007934937,0.002043945,-0.02323343,0.09255981,-0.1962128,0.9761658,0.0308459,0.001789734,-0.02240671,0.0308459,0.001789734,-0.02240671,0.0975647,-0.1848297,0.9779053,0.0975647,-0.1848297,0.9779053,4.497574,4.497574,True,True,True
1624564,63779589507582,-13.56106,2.577541,-0.08774942,-0.07313611,0.960525,-0.07776692,-0.2568952,0.007727707,0.002045609,-0.02324092,0.09169006,-0.1963654,0.9762268,0.0308459,0.001788666,-0.02240671,0.0308459,0.001788666,-0.02240671,0.09611511,-0.1847534,0.9780579,0.09611511,-0.1847534,0.9780579,4.479828,4.479828,True,True,True
1624572,63779589507593,-13.56105,2.577497,-0.08772689,-0.07317112,0.9605086,-0.07781158,-0.2569329,0.007596741,0.002047028,-0.02324565,0.09136963,-0.1975555,0.9760132,0.03084654,0.001788666,-0.02240671,0.03084654,0.001788666,-0.02240671,0.09562683,-0.1852722,0.9780121,0.09562683,-0.1852722,0.9780121,4.479233,4.479233,True,True,True
1624581,63779589507604,-13.56109,2.577523,-0.08770591,-0.07315938,0.9605122,-0.07787866,-0.2569025,0.007636689,0.002045624,-0.02323824,0.09161377,-0.1970215,0.9761047,0.03084731,0.001787079,-0.0223967,0.03084731,0.001787079,-0.0223967,0.09649658,-0.1857605,0.977829,0.09649658,-0.1857605,0.977829,4.479904,4.479904,True,True,True
1624589,63779589507615,-13.56112,2.577528,-0.08765501,-0.07315806,0.9605144,-0.0778954,-0.2568898,0.007667389,0.002044815,-0.02323714,0.09114075,-0.1974487,0.976059,0.03084731,0.001786377,-0.0223967,0.03084731,0.001786377,-0.0223967,0.09642029,-0.1856995,0.9778595,0.09642029,-0.1856995,0.9778595,4.46962,4.46962,True,True,True
1624597,63779589507615,-13.56112,2.577528,-0.08765501,-0.07315806,0.9605144,-0.0778954,-0.2568898,0.007631562,0.002039826,-0.02323451,0.09075928,-0.1963348,0.9763184,0.03084731,0.001777405,-0.02239093,0.03084731,0.001777405,-0.02239093,0.09567261,-0.1837921,0.9782867,0.09567261,-0.1837921,0.9782867,4.456055,4.456055,True,True,True
1624606,63779589507626,-13.56113,2.577499,-0.08762997,-0.07320593,0.9605273,-0.0779001,-0.2568265,0.007709931,0.002038803,-0.02323491,0.09078979,-0.1964111,0.9763031,0.03084744,0.001777405,-0.0223967,0.03084744,0.001777405,-0.0223967,0.09564209,-0.1834412,0.978363,0.09564209,-0.1834412,0.978363,4.44722,4.44722,True,True,True
1624614,63779589507637,-13.5612,2.577432,-0.08764964,-0.07322735,0.9605065,-0.07805444,-0.256851,0.007460633,0.002040604,-0.02323022,0.09083557,-0.1969757,0.976181,0.03084766,0.001775726,-0.0223739,0.03084766,0.001775726,-0.0223739,0.09568787,-0.1845093,0.9781494,0.09568787,-0.1845093,0.9781494,4.444183,4.444183,True,True,True
1624622,63779589507648,-13.56121,2.577384,-0.08760113,-0.07325928,0.9605007,-0.07814547,-0.2568359,0.00724289,0.002043076,-0.02323621,0.09086609,-0.1972504,0.97612,0.03084766,0.001775726,-0.0223739,0.03084766,0.001775726,-0.0223739,0.09568787,-0.1845093,0.9781494,0.09568787,-0.1845093,0.9781494,4.444168,4.444168,True,True,True
1624631,63779589507648,-13.56121,2.577384,-0.08760113,-0.07325928,0.9605007,-0.07814547,-0.2568359,0.007016282,0.002045654,-0.02324381,0.09078979,-0.197464,0.9760895,0.03084766,0.001775726,-0.02237286,0.03084766,0.001775726,-0.02237286,0.09544373,-0.1845703,0.9781647,0.09544373,-0.1845703,0.9781647,4.444046,4.444046,True,True,True
1624639,63779589507659,-13.56119,2.577354,-0.08758926,-0.07330065,0.9604967,-0.07822146,-0.2568163,0.00690091,0.002045853,-0.02324611,0.09098816,-0.197403,0.9760742,0.03084844,0.00177385,-0.02236993,0.03084844,0.00177385,-0.02236993,0.09591675,-0.1843414,0.9781647,0.09591675,-0.1843414,0.9781647,4.447449,4.447449,True,True,True
1624647,63779589507671,-13.56114,2.577338,-0.08752364,-0.07341278,0.9604828,-0.07829978,-0.2568122,0.007034195,0.002044342,-0.02323903,0.09104919,-0.1974487,0.9760742,0.03084844,0.00177385,-0.02236993,0.03084844,0.00177385,-0.02236993,0.09591675,-0.1842804,0.9781799,0.09591675,-0.1842804,0.9781799,4.447571,4.447571,True,True,True
1624656,63779589507682,-13.56114,2.577312,-0.08752674,-0.07339611,0.9604853,-0.07831889,-0.2568018,0.007345002,0.002041946,-0.02322743,0.09118652,-0.1975861,0.9760284,0.03084888,0.001775726,-0.02236993,0.03084888,0.001775726,-0.02236993,0.0960083,-0.1847992,0.9780731,0.0960083,-0.1847992,0.9780731,4.444199,4.444199,True,True,True
1624664,63779589507682,-13.56114,2.577312,-0.08752674,-0.07339611,0.9604853,-0.07831889,-0.2568018,0.007587342,0.002039352,-0.02321846,0.09173584,-0.197113,0.9760742,0.03084888,0.001775726,-0.02236993,0.03084888,0.001775726,-0.02236993,0.0967865,-0.1841583,0.9781036,0.0967865,-0.1841583,0.9781036,4.442245,4.442245,True,True,True
1624672,63779589507693,-13.56116,2.57729,-0.08749551,-0.07333822,0.9604869,-0.07840439,-0.2567862,0.007998978,0.002035797,-0.02320587,0.09207153,-0.196991,0.976059,0.03084982,0.001777405,-0.0223739,0.03084982,0.001777405,-0.0223739,0.09703064,-0.1842804,0.9780579,0.09703064,-0.1842804,0.9780579,4.442062,4.442062,True,True,True
1624681,63779589507704,-13.56117,2.577263,-0.08746344,-0.07335618,0.9604753,-0.07835777,-0.2568386,0.008503479,0.002030304,-0.02318466,0.09211731,-0.1967316,0.9761047,0.03084888,0.001777405,-0.02236993,0.03084888,0.001777405,-0.02236993,0.09677124,-0.1842957,0.9780884,0.09677124,-0.1842957,0.9780884,4.439575,4.439575,True,True,True
1624689,63779589507715,-13.56116,2.577302,-0.08743179,-0.07323042,0.9604776,-0.07849612,-0.2568238,0.008630524,0.002032425,-0.0231825,0.09230042,-0.1973114,0.9759827,0.03084982,0.001782517,-0.0223739,0.03084982,0.001782517,-0.0223739,0.09700012,-0.1852112,0.97789,0.09700012,-0.1852112,0.97789,4.43895,4.43895,True,True,True
1624697,63779589507715,-13.56116,2.577302,-0.08743179,-0.07323042,0.9604776,-0.07849612,-0.2568238,0.00850351,0.002035492,-0.02318712,0.09225464,-0.1977234,0.9758911,0.03084982,0.00178447,-0.0223739,0.03084982,0.00178447,-0.0223739,0.09700012,-0.1856232,0.9778137,0.09700012,-0.1856232,0.9778137,4.438416,4.438416,True,True,True
1624706,63779589507726,-13.56119,2.577295,-0.08738345,-0.07308051,0.9604837,-0.07852352,-0.2568353,0.008500214,0.002036118,-0.02318724,0.09170532,-0.197052,0.9760895,0.03084982,0.00178447,-0.0223739,0.03084982,0.00178447,-0.0223739,0.09597778,-0.1842041,0.9781799,0.09597778,-0.1842041,0.9781799,4.439484,4.439484,True,True,True
1624714,63779589507737,-13.56118,2.577299,-0.08740354,-0.07300905,0.9604787,-0.07846677,-0.2568916,0.008282257,0.002038574,-0.02319528,0.09236145,-0.1971893,0.9759979,0.03084982,0.00178447,-0.0223739,0.03084982,0.00178447,-0.0223739,0.09701538,-0.1840973,0.9781036,0.09701538,-0.1840973,0.9781036,4.44191,4.44191,True,True,True
1624722,63779589507748,-13.56121,2.577291,-0.08739632,-0.07292063,0.9604874,-0.07840119,-0.2569045,0.008185685,0.002039658,-0.02319614,0.09324646,-0.1976318,0.9758148,0.03084888,0.00178447,-0.02236975,0.03084888,0.00178447,-0.02236975,0.09677124,-0.1843414,0.9780731,0.09677124,-0.1843414,0.9780731,4.442139,4.442139,True,True,True
1624731,63779589507748,-13.56121,2.577291,-0.08739632,-0.07292063,0.9604874,-0.07840119,-0.2569045,0.008119583,0.002039215,-0.0231965,0.09292603,-0.1972351,0.9759369,0.0308506,0.001782517,-0.02236632,0.0308506,0.001782517,-0.02236632,0.09623718,-0.1841125,0.9781799,0.09623718,-0.1841125,0.9781799,4.439697,4.439697,True,True,True
1624739,63779589507760,-13.5612,2.577296,-0.08747423,-0.07300871,0.9604835,-0.07824256,-0.2569424,0.008102387,0.002040604,-0.02319916,0.09291077,-0.1976624,0.9758453,0.0308506,0.00178447,-0.02236975,0.0308506,0.00178447,-0.02236975,0.09617615,-0.1843109,0.9781342,0.09617615,-0.1843109,0.9781342,4.439545,4.439545,True,True,True
1624747,63779589507770,-13.56124,2.577326,-0.08748692,-0.07297565,0.960507,-0.07798973,-0.2569407,0.008086732,0.002043427,-0.02319975,0.09301758,-0.1982727,0.975708,0.03085135,0.001788803,-0.02236975,0.03085135,0.001788803,-0.02236975,0.09634399,-0.1853027,0.9779358,0.09634399,-0.1853027,0.9779358,4.438599,4.438599,True,True,True
1624756,63779589507781,-13.56125,2.577367,-0.08757311,-0.0730585,0.9605017,-0.07780269,-0.2569935,0.008048951,0.002043854,-0.02319879,0.09284973,-0.1983795,0.975708,0.03085135,0.001788803,-0.02236592,0.03085135,0.001788803,-0.02236592,0.09606934,-0.185257,0.9779663,0.09606934,-0.185257,0.9779663,4.428848,4.428848,True,True,True
1624764,63779589507781,-13.56125,2.577367,-0.08757311,-0.0730585,0.9605017,-0.07780269,-0.2569935,0.008014679,0.002044235,-0.02319989,0.09281921,-0.1981506,0.9757538,0.03085135,0.001788803,-0.02236592,0.03085135,0.001788803,-0.02236592,0.09602356,-0.1848297,0.9780579,0.09602356,-0.1848297,0.9780579,4.42067,4.42067,True,True,True
1624772,63779589507793,-13.56128,2.577371,-0.08758634,-0.07318717,0.9605227,-0.07763415,-0.2569296,0.007965088,0.002040863,-0.02319742,0.09280396,-0.1975098,0.9758911,0.03085135,0.001782517,-0.02235988,0.03085135,0.001782517,-0.02235988,0.09596252,-0.1836853,0.9782867,0.09596252,-0.1836853,0.9782867,4.411819,4.411819,True,True,True
1624781,63779589507804,-13.56127,2.577381,-0.08759975,-0.07331924,0.9605111,-0.07756569,-0.2569555,0.00787471,0.002041641,-0.02319777,0.0927887,-0.1975861,0.9758759,0.03085135,0.001782517,-0.02235498,0.03085135,0.001782517,-0.02235498,0.09596252,-0.1840057,0.9782257,0.09596252,-0.1840057,0.9782257,4.412033,4.412033,True,True,True
1624789,63779589507815,-13.56128,2.577368,-0.08760059,-0.07346679,0.9604853,-0.07750569,-0.2570281,0.007514542,0.002044663,-0.02320171,0.09280396,-0.1982422,0.9757385,0.03085135,0.00178157,-0.02233992,0.03085135,0.00178157,-0.02233992,0.09603882,-0.1847076,0.9780731,0.09603882,-0.1847076,0.9780731,4.421387,4.421387,True,True,True
1624797,63779589507815,-13.56128,2.577368,-0.08760059,-0.07346679,0.9604853,-0.07750569,-0.2570281,0.00725586,0.002047318,-0.02321066,0.09274292,-0.198288,0.9757385,0.0308516,0.00178157,-0.02233992,0.0308516,0.00178157,-0.02233992,0.09603882,-0.1847687,0.9780731,0.09603882,-0.1847687,0.9780731,4.412506,4.412506,True,True,True
1624806,63779589507827,-13.56129,2.577418,-0.08757669,-0.07357115,0.9604677,-0.07758682,-0.2570396,0.007066513,0.002049393,-0.02321651,0.09275818,-0.1984406,0.975708,0.0308521,0.00178157,-0.02233992,0.0308521,0.00178157,-0.02233992,0.09617615,-0.1847382,0.9780579,0.09617615,-0.1847382,0.9780579,4.412323,4.412323,True,True,True
1624814,63779589507837,-13.56129,2.577473,-0.08755422,-0.0734992,0.9604391,-0.07769533,-0.257134,0.006975327,0.002049561,-0.02321982,0.09291077,-0.1982269,0.9757385,0.0308521,0.00178157,-0.02233992,0.0308521,0.00178157,-0.02233992,0.0965271,-0.1846924,0.9780273,0.0965271,-0.1846924,0.9780273,4.426514,4.426514,True,True,True
1624822,63779589507848,-13.56131,2.577474,-0.0875569,-0.073571,0.9604154,-0.07773528,-0.25719,0.007043961,0.00204805,-0.02321681,0.09280396,-0.1979828,0.9757843,0.0308521,0.00178157,-0.02233992,0.0308521,0.00178157,-0.02233992,0.09648132,-0.1847229,0.9780273,0.09648132,-0.1847229,0.9780273,4.418884,4.418884,True,True,True
1624831,63779589507848,-13.56131,2.577474,-0.0875569,-0.073571,0.9604154,-0.07773528,-0.25719,0.007306519,0.002045044,-0.02321596,0.09294128,-0.1984863,0.9756775,0.03085291,0.00178157,-0.02235498,0.03085291,0.00178157,-0.02235498,0.09664917,-0.1858063,0.9778137,0.09664917,-0.1858063,0.9778137,4.411407,4.411407,True,True,True
1624839,63779589507859,-13.56129,2.577511,-0.08747554,-0.07336649,0.9604018,-0.07779406,-0.2572814,0.00751445,0.002042603,-0.02320732,0.09312439,-0.1983643,0.9756775,0.03085507,0.00178157,-0.02235498,0.03085507,0.00178157,-0.02235498,0.09695435,-0.1861267,0.9777222,0.09695435,-0.1861267,0.9777222,4.410553,4.410553,True,True,True
1624847,63779589507870,-13.56131,2.577509,-0.08747137,-0.073327,0.9604124,-0.07786049,-0.2572331,0.007676331,0.002040268,-0.02320096,0.09298706,-0.1979828,0.975769,0.03085611,0.00178157,-0.02235498,0.03085611,0.00178157,-0.02235498,0.097229,-0.1861267,0.9776917,0.097229,-0.1861267,0.9776917,4.410019,4.410019,True,True,True
1624856,63779589507881,-13.56133,2.577458,-0.08743596,-0.07331365,0.9604173,-0.07780862,-0.2572347,0.007605942,0.002041626,-0.02320946,0.09356689,-0.1977844,0.9757538,0.03085988,0.001782562,-0.02236592,0.03085988,0.001782562,-0.02236592,0.09822083,-0.1856689,0.9776764,0.09822083,-0.1856689,0.9776764,4.410004,4.410004,True,True,True
1624864,63779589507881,-13.56133,2.577458,-0.08743596,-0.07331365,0.9604173,-0.07780862,-0.2572347,0.007483338,0.002042664,-0.02321301,0.09379578,-0.1977997,0.9757385,0.03085988,0.001782562,-0.02236592,0.03085988,0.001782562,-0.02236592,0.09822083,-0.1856689,0.9776764,0.09822083,-0.1856689,0.9776764,4.410004,4.410004,True,True,True
1624872,63779589507892,-13.56136,2.577439,-0.08743346,-0.07331748,0.960429,-0.07782133,-0.2571858,0.007633027,0.002040253,-0.02320018,0.09425354,-0.1980438,0.975647,0.03085988,0.00178157,-0.02235498,0.03085988,0.00178157,-0.02235498,0.09881592,-0.1861725,0.9775238,0.09881592,-0.1861725,0.9775238,4.41037,4.41037,True,True,True
1624881,63779589507903,-13.56138,2.57741,-0.08742446,-0.07338404,0.9604259,-0.07783478,-0.2571742,0.007622513,0.002040848,-0.02321466,0.09477234,-0.1972809,0.9757385,0.03086115,0.001782562,-0.0223786,0.03086115,0.001782562,-0.0223786,0.09944153,-0.1855011,0.9775848,0.09944153,-0.1855011,0.9775848,4.409531,4.409531,True,True,True
1624889,63779589507915,-13.56142,2.577321,-0.08744496,-0.07349359,0.9604083,-0.07785903,-0.2572015,0.007410614,0.002043137,-0.02322147,0.09458923,-0.1977692,0.9756622,0.03086115,0.001782562,-0.0223786,0.03086115,0.001782562,-0.0223786,0.09915161,-0.1855316,0.9776154,0.09915161,-0.1855316,0.9776154,4.409912,4.409912,True,True,True
1624897,63779589507915,-13.56142,2.577321,-0.08744496,-0.07349359,0.9604083,-0.07785903,-0.2572015,0.007399201,0.002041474,-0.02322163,0.09422302,-0.1973877,0.975769,0.03086115,0.001782562,-0.0223786,0.03086115,0.001782562,-0.0223786,0.09860229,-0.1855164,0.9776764,0.09860229,-0.1855164,0.9776764,4.417511,4.417511,True,True,True
1624906,63779589507926,-13.56142,2.577283,-0.08743978,-0.0734928,0.9603774,-0.07793304,-0.2572945,0.007593171,0.002038452,-0.02321309,0.09466553,-0.1973724,0.9757385,0.03086115,0.00178157,-0.0223786,0.03086115,0.00178157,-0.0223786,0.09919739,-0.1852264,0.9776611,0.09919739,-0.1852264,0.9776611,4.417725,4.417725,True,True,True
1624914,63779589507937,-13.56137,2.577273,-0.08741564,-0.07345007,0.9603819,-0.07800537,-0.2572682,0.007553818,0.002034958,-0.02321427,0.09411621,-0.1962128,0.9760284,0.03086115,0.001777207,-0.0223786,0.03086115,0.001777207,-0.0223786,0.0982666,-0.1841125,0.9779663,0.0982666,-0.1841125,0.9779663,4.417725,4.417725,True,True,True
1624922,63779589507948,-13.56138,2.577255,-0.08738351,-0.07339561,0.9603751,-0.07808245,-0.2572857,0.007510178,0.002033905,-0.02319975,0.09413147,-0.1969147,0.9758759,0.03085988,0.001774963,-0.02235208,0.03085988,0.001774963,-0.02235208,0.09794617,-0.1852875,0.9777832,0.09794617,-0.1852875,0.9777832,4.423691,4.423691,True,True,True
1624931,63779589507948,-13.56138,2.577255,-0.08738351,-0.07339561,0.9603751,-0.07808245,-0.2572857,0.006441819,0.002038574,-0.02320978,0.09361267,-0.1971741,0.9758759,0.03085739,0.001762619,-0.0223026,0.03085739,0.001762619,-0.0223026,0.09732056,-0.1854553,0.9778137,0.09732056,-0.1854553,0.9778137,4.425247,4.425247,True,True,True
1624939,63779589507959,-13.56139,2.577239,-0.08736581,-0.07338243,0.9603642,-0.07812497,-0.257317,0.005064148,0.002053436,-0.02326045,0.09320068,-0.1978607,0.9757843,0.03085611,0.001761353,-0.02230246,0.03085611,0.001761353,-0.02230246,0.09687805,-0.1854706,0.9778442,0.09687805,-0.1854706,0.9778442,4.425095,4.425095,True,True,True
1624947,63779589507970,-13.56134,2.577252,-0.08725488,-0.07326625,0.9603962,-0.07809068,-0.2572415,0.003787659,0.002067887,-0.02330756,0.09313965,-0.1989441,0.9755707,0.03085611,0.001761353,-0.02230246,0.03085611,0.001761353,-0.02230246,0.09698486,-0.1851807,0.97789,0.09698486,-0.1851807,0.97789,4.425369,4.425369,True,True,True
1624956,63779589507982,-13.56132,2.577269,-0.08723128,-0.07325701,0.9603481,-0.07814594,-0.2574065,0.002390824,0.002082825,-0.02335849,0.09286499,-0.1994476,0.9754944,0.03085524,0.001759903,-0.02230136,0.03085524,0.001759903,-0.02230136,0.0967865,-0.1847839,0.9779968,0.0967865,-0.1847839,0.9779968,4.428253,4.428253,True,True,True
1624964,63779589507982,-13.56132,2.577269,-0.08723128,-0.07325701,0.9603481,-0.07814594,-0.2574065,0.002026306,0.002086456,-0.02337103,0.09220886,-0.1993103,0.9755859,0.03085311,0.00175911,-0.02230097,0.03085311,0.00175911,-0.02230097,0.09620667,-0.184021,0.9781952,0.09620667,-0.184021,0.9781952,4.428314,4.428314,True,True,True
1624972,63779589507993,-13.56132,2.577293,-0.08705461,-0.07328479,0.9603605,-0.07809278,-0.2573684,0.002151932,0.002084824,-0.0233571,0.09228516,-0.1997528,0.9754791,0.03085311,0.001759049,-0.02228342,0.03085311,0.001759049,-0.02228342,0.09611511,-0.1850586,0.9780121,0.09611511,-0.1850586,0.9780121,4.42868,4.42868,True,True,True
1624981,63779589508004,-13.56139,2.577299,-0.08701062,-0.07338367,0.9603528,-0.07795919,-0.2574096,0.003191971,0.002072968,-0.02331807,0.09266663,-0.1996307,0.9754639,0.03085233,0.001759049,-0.02228342,0.03085233,0.001759049,-0.02228342,0.09597778,-0.1850586,0.9780121,0.09597778,-0.1850586,0.9780121,4.425797,4.425797,True,True,True
1624989,63779589508015,-13.5614,2.57731,-0.08697969,-0.073427,0.960373,-0.07785564,-0.2573532,0.004999954,0.002052307,-0.02324997,0.09251404,-0.1982727,0.9757538,0.03085127,0.00175882,-0.02228333,0.03085127,0.00175882,-0.02228333,0.09570313,-0.1850128,0.9780579,0.09570313,-0.1850128,0.9780579,4.426025,4.426025,True,True,True
1624997,63779589508015,-13.5614,2.57731,-0.08697969,-0.073427,0.960373,-0.07785564,-0.2573532,0.006775849,0.002032089,-0.02318328,0.09246826,-0.1973419,0.9759521,0.03085127,0.00175882,-0.02228333,0.03085127,0.00175882,-0.02228333,0.09562683,-0.1849976,0.9780579,0.09562683,-0.1849976,0.9780579,4.428497,4.428497,True,True,True
1625006,63779589508026,-13.56136,2.577362,-0.0869571,-0.07332725,0.9603628,-0.07782311,-0.2574297,0.007341172,0.002025665,-0.02316214,0.09237671,-0.1968536,0.976059,0.03085121,0.00175882,-0.02228333,0.03085121,0.00175882,-0.02228333,0.09565735,-0.1846008,0.9781342,0.09565735,-0.1846008,0.9781342,4.435516,4.435516,True,True,True
1625014,63779589508037,-13.56136,2.577384,-0.08693004,-0.07343777,0.9603649,-0.07767914,-0.2574338,0.007377564,0.002025391,-0.02316074,0.09236145,-0.1960907,0.9762115,0.03085121,0.001759049,-0.02228333,0.03085121,0.001759049,-0.02228333,0.09561157,-0.1833801,0.9783783,0.09561157,-0.1833801,0.9783783,4.428879,4.428879,True,True,True
1625022,63779589508048,-13.56145,2.577435,-0.08689606,-0.07360095,0.9603606,-0.07744261,-0.2574744,0.007530732,0.002023697,-0.02315474,0.09223938,-0.1955566,0.9763336,0.03085111,0.00175911,-0.02228342,0.03085111,0.00175911,-0.02228342,0.09558105,-0.1834259,0.978363,0.09558105,-0.1834259,0.978363,4.429199,4.429199,True,True,True
1625031,63779589508048,-13.56145,2.577435,-0.08689606,-0.07360095,0.9603606,-0.07744261,-0.2574744,0.007796234,0.002021485,-0.02314525,0.09013367,-0.1963501,0.9763794,0.03085111,0.001760452,-0.02228446,0.03085111,0.001760452,-0.02228446,0.09251404,-0.1849365,0.9783783,0.09251404,-0.1849365,0.9783783,4.435272,4.435272,True,True,True
1625039,63779589508059,-13.56146,2.577433,-0.08688909,-0.07374516,0.9603437,-0.07721887,-0.2575635,0.008116684,0.002016785,-0.02313223,0.09014893,-0.1965332,0.9763336,0.030851,0.00175911,-0.02228342,0.030851,0.00175911,-0.02228342,0.09248352,-0.1846924,0.9784241,0.09248352,-0.1846924,0.9784241,4.435471,4.435471,True,True,True
1625047,63779589508070,-13.56144,2.577441,-0.0868445,-0.07390603,0.9603146,-0.07693432,-0.2577108,0.008486924,0.00201239,-0.02311784,0.09025574,-0.1965637,0.9763184,0.030851,0.001759049,-0.0222825,0.030851,0.001759049,-0.0222825,0.09249878,-0.1851501,0.9783325,0.09249878,-0.1851501,0.9783325,4.437515,4.437515,True,True,True
1625056,63779589508081,-13.56149,2.577454,-0.08675575,-0.07424473,0.9602818,-0.07665034,-0.2578202,0.008278488,0.00201442,-0.02311943,0.08926392,-0.196991,0.9763184,0.03085033,0.001758774,-0.02227266,0.03085033,0.001758774,-0.02227266,0.09214783,-0.1856995,0.9782715,0.09214783,-0.1856995,0.9782715,4.43898,4.43898,True,True,True
1625064,63779589508081,-13.56149,2.577454,-0.08675575,-0.07424473,0.9602818,-0.07665034,-0.2578202,0.008102127,0.002016113,-0.02312529,0.09013367,-0.1970825,0.9762268,0.030851,0.001758774,-0.02227266,0.030851,0.001758774,-0.02227266,0.09231567,-0.1856995,0.9782562,0.09231567,-0.1856995,0.9782562,4.438812,4.438812,True,True,True
1625072,63779589508092,-13.56152,2.57749,-0.08671325,-0.07427103,0.960276,-0.07645141,-0.2578933,0.007919571,0.002013031,-0.02313001,0.09022522,-0.1959686,0.9764404,0.03085033,0.001751511,-0.02226949,0.03085033,0.001751511,-0.02226949,0.09228516,-0.1839905,0.9785767,0.09228516,-0.1839905,0.9785767,4.458649,4.458649,True,True,True
1625081,63779589508104,-13.56157,2.577445,-0.08672172,-0.07431463,0.9602761,-0.07621853,-0.2579495,0.007887802,0.002014969,-0.0231321,0.08990479,-0.1965485,0.9763489,0.030851,0.001755264,-0.02227266,0.030851,0.001755264,-0.02227266,0.09292603,-0.1850891,0.9783173,0.09292603,-0.1850891,0.9783173,4.473938,4.473938,True,True,True
1625089,63779589508115,-13.56158,2.57742,-0.08669615,-0.07438897,0.9602586,-0.07592864,-0.2580787,0.007928391,0.002011246,-0.02312718,0.08981323,-0.1961365,0.9764404,0.03085033,0.001751511,-0.02226949,0.03085033,0.001751511,-0.02226949,0.09277344,-0.1844177,0.9784546,0.09277344,-0.1844177,0.9784546,4.476883,4.476883,True,True,True
1625097,63779589508115,-13.56158,2.57742,-0.08669615,-0.07438897,0.9602586,-0.07592864,-0.2580787,0.007785507,0.002010483,-0.02312134,0.09016418,-0.1971741,0.9761963,0.03085008,0.001748108,-0.02225092,0.03085008,0.001748108,-0.02225092,0.09362793,-0.1850891,0.978241,0.09362793,-0.1850891,0.978241,4.485291,4.485291,True,True,True
1625106,63779589508126,-13.56163,2.577456,-0.08665735,-0.07437842,0.9602386,-0.075786,-0.258198,0.007738663,0.002008789,-0.02311978,0.09022522,-0.1968842,0.9762573,0.03085008,0.001746918,-0.02224933,0.03085008,0.001746918,-0.02224933,0.09365845,-0.184906,0.9782715,0.09365845,-0.184906,0.9782715,4.490189,4.490189,True,True,True
1625114,63779589508137,-13.56161,2.577491,-0.0865978,-0.07441711,0.9602298,-0.07573255,-0.2582352,0.007592881,0.002009979,-0.0231248,0.09056091,-0.1968842,0.9762268,0.03084996,0.001746918,-0.02224933,0.03084996,0.001746918,-0.02224933,0.09387207,-0.184906,0.9782562,0.09387207,-0.184906,0.9782562,4.498123,4.498123,True,True,True
1625122,63779589508148,-13.56161,2.577498,-0.0865317,-0.07432038,0.960225,-0.0756204,-0.2583139,0.007529312,0.002010666,-0.02312685,0.0921936,-0.1975403,0.9759369,0.03084996,0.001746918,-0.02224933,0.03084996,0.001746918,-0.02224933,0.09648132,-0.1851959,0.977951,0.09648132,-0.1851959,0.977951,4.502106,4.502106,True,True,True
1625131,63779589508148,-13.56161,2.577498,-0.0865317,-0.07432038,0.960225,-0.0756204,-0.2583139,0.007605026,0.002009598,-0.02312367,0.09262085,-0.1976318,0.9758759,0.03085008,0.001746918,-0.02224933,0.03085008,0.001746918,-0.02224933,0.0965271,-0.1852264,0.9779358,0.0965271,-0.1852264,0.9779358,4.50444,4.50444,True,True,True
1625139,63779589508159,-13.56159,2.577531,-0.08645302,-0.07429835,0.9602137,-0.07556547,-0.2583784,0.007765519,0.002006699,-0.02311536,0.09152222,-0.1975555,0.9759979,0.03085008,0.001746735,-0.02224933,0.03085008,0.001746735,-0.02224933,0.09455872,-0.1853943,0.9780884,0.09455872,-0.1853943,0.9780884,4.510452,4.510452,True,True,True
1625147,63779589508170,-13.5616,2.577549,-0.08638984,-0.07433471,0.9601918,-0.07550737,-0.2584658,0.007956086,0.002000992,-0.02310509,0.0917511,-0.1977081,0.9759521,0.03085008,0.001741928,-0.02224559,0.03085008,0.001741928,-0.02224559,0.09521484,-0.1858368,0.977951,0.09521484,-0.1858368,0.977951,4.522232,4.522232,True,True,True
1625156,63779589508181,-13.5616,2.577552,-0.08630896,-0.07426933,0.9601572,-0.07538709,-0.2586483,0.008274628,0.001995056,-0.02308841,0.09312439,-0.2002716,0.975296,0.03085008,0.001741486,-0.02224343,0.03085008,0.001741486,-0.02224343,0.09690857,-0.1905518,0.9768677,0.09690857,-0.1905518,0.9768677,4.561401,4.561401,True,True,True
1625164,63779589508181,-13.5616,2.577552,-0.08630896,-0.07426933,0.9601572,-0.07538709,-0.2586483,0.008903214,0.001987351,-0.02306565,0.09370422,-0.1998444,0.9753265,0.03085114,0.001741928,-0.02224559,0.03085114,0.001741928,-0.02224559,0.09719849,-0.1905212,0.9768524,0.09719849,-0.1905212,0.9768524,4.562607,4.562607,True,True,True
1625172,63779589508192,-13.5616,2.577552,-0.08623725,-0.0743223,0.9601545,-0.07522304,-0.258691,0.009296814,0.001981155,-0.02304665,0.09371948,-0.1997375,0.9753418,0.03085129,0.001741486,-0.02224343,0.03085129,0.001741486,-0.02224343,0.09724426,-0.1909027,0.9767761,0.09724426,-0.1909027,0.9767761,4.562439,4.562439,True,True,True
1625181,63779589508203,-13.56167,2.577579,-0.0861668,-0.07438325,0.9601583,-0.07517769,-0.2586722,0.009447663,0.001977219,-0.02304471,0.09408569,-0.199585,0.9753418,0.03085341,0.001741486,-0.02224933,0.03085341,0.001741486,-0.02224933,0.09788513,-0.1914673,0.976593,0.09788513,-0.1914673,0.976593,4.565109,4.565109,True,True,True
1625189,63779589508214,-13.56163,2.577588,-0.08612132,-0.07434428,0.9601226,-0.07509392,-0.2588407,0.009701096,0.001972305,-0.02303095,0.09387207,-0.1994171,0.9754028,0.03085341,0.001741486,-0.02224933,0.03085341,0.001741486,-0.02224933,0.09791565,-0.1914215,0.9766083,0.09791565,-0.1914215,0.9766083,4.569336,4.569336,True,True,True
1625197,63779589508214,-13.56163,2.577588,-0.08612132,-0.07434428,0.9601226,-0.07509392,-0.2588407,0.01009459,0.001963867,-0.02300542,0.09442139,-0.1996307,0.975296,0.03085364,0.001738678,-0.02224343,0.03085364,0.001738678,-0.02224343,0.09809875,-0.1921997,0.9764252,0.09809875,-0.1921997,0.9764252,4.585342,4.585342,True,True,True
1625206,63779589508226,-13.56163,2.577622,-0.08606136,-0.07447788,0.9601382,-0.07489103,-0.258803,0.01076256,0.001953186,-0.02297441,0.09489441,-0.1997986,0.9752197,0.03085449,0.001737091,-0.02224271,0.03085449,0.001737091,-0.02224271,0.09828186,-0.1921539,0.9764252,0.09828186,-0.1921539,0.9764252,4.58783,4.58783,True,True,True
1625214,63779589508237,-13.56156,2.577632,-0.08604151,-0.07449241,0.9601302,-0.07477746,-0.2588612,0.01151024,0.001944016,-0.02294432,0.09442139,-0.1989594,0.9754333,0.0308553,0.001737015,-0.02224066,0.0308553,0.001737015,-0.02224066,0.09712219,-0.1924591,0.9764709,0.09712219,-0.1924591,0.9764709,4.589676,4.589676,True,True,True
1625222,63779589508248,-13.56154,2.577704,-0.08599263,-0.0745058,0.9601386,-0.07463799,-0.2588666,0.01218245,0.001935715,-0.02291705,0.09503174,-0.2003479,0.9750977,0.03085715,0.001737015,-0.02224066,0.03085715,0.001737015,-0.02224066,0.09762573,-0.1941071,0.9761047,0.09762573,-0.1941071,0.9761047,4.591324,4.591324,True,True,True
1625231,63779589508248,-13.56154,2.577704,-0.08599263,-0.0745058,0.9601386,-0.07463799,-0.2588666,0.0127321,0.001924668,-0.0228913,0.09474182,-0.1994781,0.975296,0.03085814,0.001732239,-0.02224066,0.03085814,0.001732239,-0.02224066,0.09770203,-0.1932068,0.9762726,0.09770203,-0.1932068,0.9762726,4.591644,4.591644,True,True,True
1625239,63779589508259,-13.5615,2.577746,-0.0859338,-0.07437204,0.9601543,-0.07445619,-0.2588992,0.01298744,0.001924545,-0.02288194,0.09472656,-0.2007751,0.9750366,0.03085845,0.001737015,-0.02224271,0.03085845,0.001737015,-0.02224271,0.09741211,-0.1951752,0.9759064,0.09741211,-0.1951752,0.9759064,4.591019,4.591019,True,True,True
1625247,63779589508270,-13.56148,2.57775,-0.08583087,-0.07445449,0.9601751,-0.07437967,-0.2588204,0.01276904,0.001922821,-0.02289386,0.09420776,-0.1999054,0.9752655,0.03085845,0.001733444,-0.02225507,0.03085845,0.001733444,-0.02225507,0.09648132,-0.193985,0.9762421,0.09648132,-0.193985,0.9762421,4.59613,4.59613,True,True,True
1625256,63779589508281,-13.56144,2.577805,-0.08581173,-0.07442835,0.9601814,-0.0743497,-0.2588132,0.01255043,0.001923828,-0.0228996,0.09352112,-0.2003326,0.9752502,0.0308587,0.001732239,-0.02225507,0.0308587,0.001732239,-0.02225507,0.09597778,-0.194458,0.9761963,0.09597778,-0.194458,0.9761963,4.595688,4.595688,True,True,True
1625264,63779589508281,-13.56144,2.577805,-0.08581173,-0.07442835,0.9601814,-0.0743497,-0.2588132,0.01215167,0.001927277,-0.02291271,0.09375,-0.2003632,0.9752197,0.03085919,0.001732239,-0.02225507,0.03085919,0.001732239,-0.02225507,0.09619141,-0.1944885,0.9761658,0.09619141,-0.1944885,0.9761658,4.605896,4.605896,True,True,True
1625272,63779589508292,-13.56138,2.5778,-0.08585393,-0.07445381,0.9601951,-0.07425875,-0.2587808,0.01157802,0.00193277,-0.02292783,0.09376526,-0.2011566,0.9750519,0.03085938,0.001733444,-0.0222553,0.03085938,0.001733444,-0.0222553,0.09623718,-0.1951752,0.9760284,0.09623718,-0.1951752,0.9760284,4.606003,4.606003,True,True,True
1625281,63779589508303,-13.56135,2.577775,-0.08586419,-0.07433084,0.9602196,-0.07424396,-0.2587299,0.01136757,0.00193187,-0.02293198,0.09405518,-0.2018738,0.9748688,0.03085938,0.001730774,-0.0222553,0.03085938,0.001730774,-0.0222553,0.09623718,-0.1963043,0.9757996,0.09623718,-0.1963043,0.9757996,4.605743,4.605743,True,True,True
1625289,63779589508314,-13.56136,2.577759,-0.08586305,-0.07432102,0.9602537,-0.07424278,-0.2586063,0.01112665,0.001933365,-0.02293947,0.09402466,-0.2021484,0.974823,0.03085919,0.001730682,-0.0222553,0.03085919,0.001730682,-0.0222553,0.09622192,-0.1967926,0.975708,0.09622192,-0.1967926,0.975708,4.609299,4.609299,True,True,True
1625297,63779589508314,-13.56136,2.577759,-0.08586305,-0.07432102,0.9602537,-0.07424278,-0.2586063,0.01085274,0.0019357,-0.02294876,0.09368896,-0.2041016,0.9744415,0.03085919,0.001730682,-0.02225702,0.03085919,0.001730682,-0.02225702,0.09629822,-0.1995544,0.9751282,0.09629822,-0.1995544,0.9751282,4.616821,4.616821,True,True,True
1625306,63779589508326,-13.56131,2.577792,-0.08587921,-0.07425539,0.9602574,-0.07429101,-0.2585979,0.01075278,0.001935974,-0.0229522,0.09355164,-0.2041473,0.9744568,0.03085845,0.001730682,-0.02225702,0.03085845,0.001730682,-0.02225702,0.09609985,-0.1998444,0.9750977,0.09609985,-0.1998444,0.9750977,4.61676,4.61676,True,True,True
1625314,63779589508336,-13.56127,2.577828,-0.0858689,-0.07419118,0.9602965,-0.07434984,-0.2584538,0.01063028,0.001937058,-0.02295531,0.09352112,-0.2044067,0.9743958,0.03085823,0.001730667,-0.0222553,0.03085823,0.001730667,-0.0222553,0.09603882,-0.2000732,0.9750519,0.09603882,-0.2000732,0.9750519,4.617889,4.617889,True,True,True
1625322,63779589508348,-13.5612,2.57784,-0.08587438,-0.07399593,0.9603307,-0.07436897,-0.2583772,0.01025644,0.001940842,-0.02296936,0.09361267,-0.2050629,0.9742584,0.0308582,0.001730667,-0.02225702,0.0308582,0.001730667,-0.02225702,0.09628296,-0.2006073,0.9749146,0.09628296,-0.2006073,0.9749146,4.632004,4.632004,True,True,True
1625331,63779589508348,-13.5612,2.57784,-0.08587438,-0.07399593,0.9603307,-0.07436897,-0.2583772,0.009769348,0.001945633,-0.02298621,0.09355164,-0.2053528,0.9741974,0.0308582,0.001730667,-0.02225702,0.0308582,0.001730667,-0.02225702,0.09628296,-0.2007751,0.974884,0.09628296,-0.2007751,0.974884,4.632065,4.632065,True,True,True
1625339,63779589508359,-13.56115,2.577858,-0.08589554,-0.07387343,0.9603733,-0.07444398,-0.2582324,0.009217881,0.001952393,-0.02300662,0.09365845,-0.2065735,0.9739227,0.0308582,0.001732529,-0.0222592,0.0308582,0.001732529,-0.0222592,0.09672546,-0.2023621,0.9745178,0.09672546,-0.2023621,0.9745178,4.631805,4.631805,True,True,True
1625347,63779589508359,-13.56115,2.577858,-0.08589554,-0.07387343,0.9603733,-0.07444398,-0.2582324,0.008463699,0.001959946,-0.02304068,0.09333801,-0.2063751,0.973999,0.03085765,0.001732529,-0.02227246,0.03085765,0.001732529,-0.02227246,0.09761047,-0.2015381,0.9745941,0.09761047,-0.2015381,0.9745941,4.631516,4.631516,True,True,True
1625356,63779589508379,-13.5611,2.577852,-0.0859015,-0.0737822,0.9604182,-0.07443915,-0.2580928,0.007908829,0.001965622,-0.02306047,0.09396362,-0.206665,0.973877,0.03085617,0.001732697,-0.02227362,0.03085617,0.001732697,-0.02227362,0.09806824,-0.2014923,0.9745636,0.09806824,-0.2014923,0.9745636,4.631653,4.631653,True,True,True
1625364,63779589508390,-13.56111,2.577796,-0.08597255,-0.07367455,0.9604997,-0.07460362,-0.2577724,0.007556138,0.001969132,-0.02307256,0.09429932,-0.2076416,0.9736328,0.03085576,0.001732697,-0.02227362,0.03085576,0.001732697,-0.02227362,0.0987854,-0.2030334,0.9741669,0.0987854,-0.2030334,0.9741669,4.636978,4.636978,True,True,True
1625372,63779589508398,-13.56105,2.577756,-0.08598405,-0.07366687,0.9605387,-0.07464661,-0.2576168,0.007187989,0.001972824,-0.02309021,0.09512329,-0.2073364,0.9736176,0.03085428,0.001732697,-0.02228214,0.03085428,0.001732697,-0.02228214,0.1003265,-0.2024078,0.9741364,0.1003265,-0.2024078,0.9741364,4.642654,4.642654,True,True,True
1625381,63779589508398,-13.56105,2.577756,-0.08598405,-0.07366687,0.9605387,-0.07464661,-0.2576168,0.007028488,0.001974991,-0.0230956,0.09468079,-0.2074585,0.9736481,0.0308504,0.001733765,-0.02228217,0.0308504,0.001733765,-0.02228217,0.09965515,-0.2026215,0.9741669,0.09965515,-0.2026215,0.9741669,4.642792,4.642792,True,True,True
1625389,63779589508409,-13.56102,2.577744,-0.08596015,-0.07351466,0.9606023,-0.07470098,-0.2574075,0.007025864,0.001975006,-0.02309566,0.09463501,-0.2075043,0.9736328,0.03085011,0.001733765,-0.02228217,0.03085011,0.001733765,-0.02228217,0.09994507,-0.2026825,0.9741211,0.09994507,-0.2026825,0.9741211,4.642715,4.642715,True,True,True
1625397,63779589508420,-13.56092,2.577707,-0.08592665,-0.07327668,0.960648,-0.07475325,-0.2572896,0.007213257,0.001972946,-0.02308923,0.09437561,-0.2070007,0.9737701,0.03084975,0.001733765,-0.02228217,0.03084975,0.001733765,-0.02228217,0.09983826,-0.2012177,0.9744415,0.09983826,-0.2012177,0.9744415,4.642807,4.642807,True,True,True
1625406,63779589508431,-13.56086,2.577715,-0.08594823,-0.07328154,0.9606789,-0.07479349,-0.2571613,0.007351594,0.001971542,-0.02308585,0.09443665,-0.2075043,0.9736481,0.03084911,0.001733795,-0.02228447,0.03084911,0.001733795,-0.02228447,0.1007385,-0.202774,0.9740143,0.1007385,-0.202774,0.9740143,4.642761,4.642761,True,True,True
1625414,63779589508431,-13.56086,2.577715,-0.08594823,-0.07328154,0.9606789,-0.07479349,-0.2571613,0.007517258,0.001970825,-0.02308192,0.09457397,-0.2075806,0.9736176,0.03084883,0.001735413,-0.0222874,0.03084883,0.001735413,-0.0222874,0.1012726,-0.2029724,0.9739227,0.1012726,-0.2029724,0.9739227,4.636429,4.636429,True,True,True
1625422,63779589508444,-13.56084,2.577707,-0.08592772,-0.07312801,0.9607395,-0.07471051,-0.2570026,0.007730911,0.001970566,-0.02307982,0.09474182,-0.2069397,0.9737396,0.03084526,0.001738602,-0.0222961,0.03084526,0.001738602,-0.0222961,0.1009064,-0.2019806,0.9741669,0.1009064,-0.2019806,0.9741669,4.636292,4.636292,True,True,True
1625431,63779589508454,-13.56077,2.577737,-0.08591884,-0.07308501,0.9607819,-0.07469033,-0.256862,0.007642319,0.001971649,-0.02308275,0.09429932,-0.2078857,0.973587,0.03084221,0.001738968,-0.0222961,0.03084221,0.001738968,-0.0222961,0.1002045,-0.2035065,0.9739227,0.1002045,-0.2035065,0.9739227,4.635971,4.635971,True,True,True
1625439,63779589508465,-13.56072,2.577773,-0.085971,-0.07296925,0.9608184,-0.07465177,-0.2567696,0.007399109,0.001975357,-0.02309921,0.09428406,-0.20784,0.9736023,0.03084184,0.001741119,-0.0223084,0.03084184,0.001741119,-0.0223084,0.1004791,-0.2032776,0.973938,0.1004791,-0.2032776,0.973938,4.63562,4.63562,True,True,True
1625447,63779589508465,-13.56072,2.577773,-0.085971,-0.07296925,0.9608184,-0.07465177,-0.2567696,0.007167389,0.001977982,-0.02310889,0.09381104,-0.2077026,0.9736786,0.03083942,0.001741669,-0.02231168,0.03083942,0.001741669,-0.02231168,0.099823,-0.2031403,0.9740448,0.099823,-0.2031403,0.9740448,4.634918,4.634918,True,True,True
1625456,63779589508476,-13.56057,2.577812,-0.08609813,-0.072764,0.9608581,-0.07462884,-0.2566859,0.00699942,0.001980591,-0.0231153,0.09414673,-0.2070465,0.9737854,0.03083856,0.001743256,-0.02231302,0.03083856,0.001743256,-0.02231302,0.100174,-0.2020111,0.9742432,0.100174,-0.2020111,0.9742432,4.64064,4.64064,True,True,True
1625464,63779589508487,-13.56049,2.577866,-0.08610475,-0.07273632,0.9608689,-0.07453242,-0.2566816,0.00691124,0.0019832,-0.02311885,0.09365845,-0.2074127,0.9737549,0.03083418,0.001746185,-0.02231395,0.03083418,0.001746185,-0.02231395,0.09928894,-0.2027435,0.9741821,0.09928894,-0.2027435,0.9741821,4.640732,4.640732,True,True,True
1625472,63779589508498,-13.56045,2.577896,-0.08607829,-0.07257278,0.9609346,-0.0743528,-0.2565337,0.006637162,0.001987732,-0.02313936,0.09379578,-0.2067566,0.973877,0.03083327,0.001749039,-0.02233188,0.03083327,0.001749039,-0.02233188,0.09933472,-0.202301,0.9742584,0.09933472,-0.202301,0.9742584,4.64119,4.64119,True,True,True
1625481,63779589508498,-13.56045,2.577896,-0.08607829,-0.07257278,0.9609346,-0.0743528,-0.2565337,0.006525711,0.001991196,-0.02314957,0.09381104,-0.2069397,0.9738312,0.03083275,0.001752716,-0.02234247,0.03083275,0.001752716,-0.02234247,0.09950256,-0.2025299,0.9741974,0.09950256,-0.2025299,0.9741974,4.643188,4.643188,True,True,True
1625489,63779589508509,-13.56039,2.57792,-0.08609623,-0.07250763,0.9609636,-0.07421084,-0.2564847,0.006312653,0.00199495,-0.0231602,0.09353638,-0.2075195,0.9737396,0.03083267,0.001755615,-0.02234767,0.03083267,0.001755615,-0.02234767,0.09989929,-0.2027588,0.9741058,0.09989929,-0.2027588,0.9741058,4.643005,4.643005,True,True,True
1625497,63779589508520,-13.56037,2.577965,-0.08606607,-0.07252711,0.9610034,-0.07391561,-0.2564153,0.00579097,0.002002014,-0.02318422,0.0927887,-0.207962,0.9737091,0.03082659,0.001759125,-0.02235925,0.03082659,0.001759125,-0.02235925,0.09884644,-0.2030334,0.9741669,0.09884644,-0.2030334,0.9741669,4.63884,4.63884,True,True,True
1625506,63779589508531,-13.56032,2.577974,-0.08606434,-0.07250464,0.9610121,-0.07359811,-0.2564805,0.004704697,0.002020645,-0.02324587,0.0927887,-0.2084198,0.9736176,0.03082656,0.00177385,-0.02240364,0.03082656,0.00177385,-0.02240364,0.09915161,-0.2039948,0.9739227,0.09915161,-0.2039948,0.9739227,4.640976,4.640976,True,True,True
1625514,63779589508531,-13.56032,2.577974,-0.08606434,-0.07250464,0.9610121,-0.07359811,-0.2564805,0.0036651,0.002030548,-0.02328648,0.09249878,-0.2084198,0.9736481,0.03082538,0.001774429,-0.02241499,0.03082538,0.001774429,-0.02241499,0.09951782,-0.2038574,0.9739227,0.09951782,-0.2038574,0.9739227,4.640625,4.640625,True,True,True
1625522,63779589508542,-13.56031,2.578035,-0.08610529,-0.07258952,0.9609964,-0.07334491,-0.2565877,0.002254349,0.002044739,-0.02333748,0.09185791,-0.2085419,0.9736786,0.03082472,0.001776199,-0.02242514,0.03082472,0.001776199,-0.02242514,0.09933472,-0.2036743,0.9739838,0.09933472,-0.2036743,0.9739838,4.640198,4.640198,True,True,True
1625531,63779589508554,-13.5603,2.578063,-0.086155,-0.07261074,0.9610459,-0.07305455,-0.256479,0.0007937775,0.002060959,-0.02339072,0.09103394,-0.209137,0.9736328,0.03082335,0.001781403,-0.02243895,0.03082335,0.001781403,-0.02243895,0.09896851,-0.2039337,0.9739532,0.09896851,-0.2039337,0.9739532,4.63623,4.63623,True,True,True
1625539,63779589508565,-13.56023,2.578062,-0.08617002,-0.07260874,0.9610394,-0.07289712,-0.256549,-0.0001738892,0.002071518,-0.02343114,0.09077454,-0.2090454,0.9736786,0.03082298,0.001784729,-0.0224599,0.03082298,0.001784729,-0.0224599,0.09886169,-0.2033539,0.9740906,0.09886169,-0.2033539,0.9740906,4.635727,4.635727,True,True,True
1625547,63779589508565,-13.56023,2.578062,-0.08617002,-0.07260874,0.9610394,-0.07289712,-0.256549,-3.04718E-05,0.002070145,-0.02343588,0.09265137,-0.208374,0.9736328,0.03082295,0.001785233,-0.02247962,0.03082295,0.001785233,-0.02247962,0.1010284,-0.2021332,0.9741211,0.1010284,-0.2021332,0.9741211,4.638824,4.638824,True,True,True
1625556,63779589508576,-13.5602,2.578097,-0.08622348,-0.07260643,0.9610232,-0.07274624,-0.2566532,0.0001834717,0.002067169,-0.02343645,0.09289551,-0.2076263,0.9737854,0.03082295,0.001785233,-0.0224949,0.03082295,0.001785233,-0.0224949,0.1010284,-0.2011108,0.9743347,0.1010284,-0.2011108,0.9743347,4.638474,4.638474,True,True,True
1625564,63779589508587,-13.56008,2.578192,-0.08620292,-0.07246041,0.9609917,-0.07277396,-0.2568043,0.000448349,0.002064255,-0.0234283,0.09281921,-0.2086487,0.9735718,0.03082295,0.001785233,-0.0224949,0.03082295,0.001785233,-0.0224949,0.1010437,-0.2010803,0.9743347,0.1010437,-0.2010803,0.9743347,4.634857,4.634857,True,True,True
1625572,63779589508598,-13.56007,2.578223,-0.08621448,-0.0724403,0.9609944,-0.07260349,-0.2568479,0.001289871,0.002055649,-0.02340242,0.09362793,-0.208374,0.9735413,0.03082295,0.001785233,-0.0224949,0.03082295,0.001785233,-0.0224949,0.1018677,-0.2012177,0.9742279,0.1018677,-0.2012177,0.9742279,4.640549,4.640549,True,True,True
1625581,63779589508598,-13.56007,2.578223,-0.08621448,-0.0724403,0.9609944,-0.07260349,-0.2568479,0.002872666,0.002040329,-0.02335204,0.09468079,-0.2083282,0.9734497,0.03082295,0.001785233,-0.0224949,0.03082295,0.001785233,-0.0224949,0.102829,-0.2012634,0.9741211,0.102829,-0.2012634,0.9741211,4.634811,4.634811,True,True,True
1625589,63779589508609,-13.56004,2.578269,-0.08626479,-0.07235811,0.9610048,-0.07269321,-0.2568071,0.003800217,0.002029984,-0.02332349,0.09544373,-0.2083435,0.9733734,0.03082295,0.001785233,-0.0224949,0.03082295,0.001785233,-0.0224949,0.1040955,-0.2015991,0.9739075,0.1040955,-0.2015991,0.9739075,4.635269,4.635269,True,True,True
1625597,63779589508620,-13.55999,2.57828,-0.08628511,-0.07233764,0.9610031,-0.07260448,-0.2568443,0.005136505,0.002017166,-0.02328217,0.09593201,-0.2085114,0.9732971,0.03082295,0.001785233,-0.0224949,0.03082295,0.001785233,-0.0224949,0.1046295,-0.201828,0.9738007,0.1046295,-0.201828,0.9738007,4.631531,4.631531,True,True,True
1625606,63779589508631,-13.55996,2.57826,-0.08627796,-0.07236727,0.9610254,-0.07254192,-0.25677,0.006441971,0.002005097,-0.02324161,0.09660339,-0.2090454,0.973114,0.03082335,0.001785233,-0.0224949,0.03082335,0.001785233,-0.0224949,0.1048737,-0.2033234,0.973465,0.1048737,-0.2033234,0.973465,4.63118,4.63118,True,True,True
1625614,63779589508631,-13.55996,2.57826,-0.08627796,-0.07236727,0.9610254,-0.07254192,-0.25677,0.007567673,0.00198729,-0.02320709,0.09727478,-0.2088165,0.9730988,0.03082517,0.001773575,-0.0224949,0.03082517,0.001773575,-0.0224949,0.1054077,-0.2034607,0.9733887,0.1054077,-0.2034607,0.9733887,4.630981,4.630981,True,True,True
1625622,63779589508643,-13.55998,2.578247,-0.08631128,-0.07240427,0.9610211,-0.07266177,-0.256742,0.008202256,0.001976029,-0.02318102,0.09751892,-0.2082214,0.9732056,0.03082529,0.0017659,-0.0224881,0.03082529,0.0017659,-0.0224881,0.1054535,-0.2024994,0.9735718,0.1054535,-0.2024994,0.9735718,4.631622,4.631622,True,True,True
1625631,63779589508654,-13.55995,2.578184,-0.08637416,-0.07248877,0.961018,-0.07278605,-0.2566944,0.008224991,0.001971039,-0.02317655,0.0974884,-0.208374,0.973175,0.03082529,0.001760651,-0.02248267,0.03082529,0.001760651,-0.02248267,0.105423,-0.2017975,0.9737244,0.105423,-0.2017975,0.9737244,4.62677,4.62677,True,True,True
1625639,63779589508665,-13.55992,2.578168,-0.08640975,-0.07237039,0.961036,-0.07290385,-0.256627,0.008215882,0.001967514,-0.02317624,0.09765625,-0.2083588,0.9731598,0.03082529,0.001756104,-0.02248227,0.03082529,0.001756104,-0.02248227,0.1057129,-0.2020111,0.9736481,0.1057129,-0.2020111,0.9736481,4.62645,4.62645,True,True,True
1625647,63779589508665,-13.55992,2.578168,-0.08640975,-0.07237039,0.961036,-0.07290385,-0.256627,0.008207566,0.001965515,-0.02317586,0.09776306,-0.207962,0.9732208,0.03082529,0.001754746,-0.02248227,0.03082529,0.001754746,-0.02248227,0.1057892,-0.2016907,0.9737091,0.1057892,-0.2016907,0.9737091,4.626556,4.626556,True,True,True
1625656,63779589508676,-13.55989,2.578155,-0.08641058,-0.07232045,0.961059,-0.0729493,-0.2565417,0.008218628,0.001960632,-0.02316954,0.09820557,-0.207428,0.9732971,0.03082529,0.001749054,-0.02247875,0.03082529,0.001749054,-0.02247875,0.1061249,-0.200943,0.9738312,0.1061249,-0.200943,0.9738312,4.627533,4.627533,True,True,True
1625664,63779589508687,-13.55988,2.578094,-0.08633435,-0.07230701,0.9610718,-0.0730258,-0.256476,0.008203233,0.001959778,-0.02316869,0.09837341,-0.2073822,0.9732971,0.03082529,0.00174791,-0.02247678,0.03082529,0.00174791,-0.02247678,0.1061554,-0.2007294,0.9738617,0.1061554,-0.2007294,0.9738617,4.632126,4.632126,True,True,True
1625672,63779589508698,-13.55989,2.578076,-0.08633494,-0.07220586,0.9610993,-0.07321316,-0.2563483,0.008147629,0.001960144,-0.02316841,0.0983429,-0.208725,0.9730072,0.03082529,0.001747665,-0.02247418,0.03082529,0.001747665,-0.02247418,0.1061249,-0.202713,0.973465,0.1061249,-0.202713,0.973465,4.627243,4.627243,True,True,True
1625681,63779589508698,-13.55989,2.578076,-0.08633494,-0.07220586,0.9610993,-0.07321316,-0.2563483,0.00858873,0.001955597,-0.02315421,0.09901428,-0.208847,0.9729156,0.03082517,0.001747665,-0.02247418,0.03082517,0.001747665,-0.02247418,0.1070099,-0.2026978,0.9733582,0.1070099,-0.2026978,0.9733582,4.627457,4.627457,True,True,True
1625689,63779589508709,-13.55988,2.578054,-0.08634585,-0.07213992,0.9611098,-0.07331152,-0.2562994,0.008696396,0.00195459,-0.02315015,0.09909058,-0.2092133,0.9728241,0.03082491,0.001747665,-0.02247418,0.03082491,0.001747665,-0.02247418,0.1070251,-0.2026978,0.9733582,0.1070251,-0.2026978,0.9733582,4.629272,4.629272,True,True,True
1625697,63779589508720,-13.5598,2.578039,-0.08634943,-0.07203122,0.9611235,-0.07353251,-0.2562152,0.008736771,0.001954208,-0.02314878,0.09896851,-0.2092285,0.9728394,0.03082465,0.001747665,-0.02247418,0.03082465,0.001747665,-0.02247418,0.1068878,-0.2027435,0.9733734,0.1068878,-0.2027435,0.9733734,4.627396,4.627396,True,True,True
1625706,63779589508731,-13.55973,2.578034,-0.08636504,-0.07192416,0.9611662,-0.07357529,-0.2560728,0.008746598,0.001954086,-0.02314942,0.09887695,-0.2098083,0.9727173,0.03082265,0.001747665,-0.02247678,0.03082265,0.001747665,-0.02247678,0.1063538,-0.2036285,0.9732361,0.1063538,-0.2036285,0.9732361,4.626938,4.626938,True,True,True
1625714,63779589508731,-13.55973,2.578034,-0.08636504,-0.07192416,0.9611662,-0.07357529,-0.2560728,0.008665665,0.001954636,-0.02315184,0.09861755,-0.2081604,0.9730988,0.03082178,0.001747665,-0.02247678,0.03082178,0.001747665,-0.02247678,0.1061859,-0.200943,0.9738159,0.1061859,-0.200943,0.9738159,4.627487,4.627487,True,True,True
1625722,63779589508742,-13.55969,2.578058,-0.0864231,-0.07190558,0.9611582,-0.07376125,-0.2560542,0.008130372,0.001959732,-0.02317014,0.09828186,-0.2081909,0.9731293,0.03082042,0.00174791,-0.02248267,0.03082042,0.00174791,-0.02248267,0.1057587,-0.2006531,0.9739227,0.1057587,-0.2006531,0.9739227,4.627472,4.627472,True,True,True
1625731,63779589508754,-13.55967,2.578101,-0.08640367,-0.07181017,0.9611834,-0.073892,-0.2559491,0.008158997,0.001959458,-0.02316921,0.09761047,-0.207962,0.9732361,0.03081915,0.00174791,-0.02248268,0.03081915,0.00174791,-0.02248268,0.1044922,-0.2002716,0.9741364,0.1044922,-0.2002716,0.9741364,4.627319,4.627319,True,True,True
1625739,63779589508765,-13.55965,2.57815,-0.08643568,-0.071779,0.9612148,-0.07386321,-0.255848,0.008140152,0.001961121,-0.02317006,0.09814453,-0.2084045,0.9730988,0.03081911,0.001750351,-0.02248465,0.03081911,0.001750351,-0.02248465,0.1054077,-0.2007599,0.973938,0.1054077,-0.2007599,0.973938,4.628799,4.628799,True,True,True
1625747,63779589508765,-13.55965,2.57815,-0.08643568,-0.071779,0.9612148,-0.07386321,-0.255848,0.008081528,0.001964203,-0.0231722,0.09803772,-0.2090912,0.9729614,0.03081848,0.001754471,-0.02248555,0.03081848,0.001754471,-0.02248555,0.1052399,-0.2017975,0.9737549,0.1052399,-0.2017975,0.9737549,4.62883,4.62883,True,True,True
1625756,63779589508776,-13.55966,2.578175,-0.08644933,-0.07164409,0.9612379,-0.07382157,-0.255811,0.008167054,0.001963959,-0.02317148,0.09793091,-0.2089386,0.9730072,0.03081842,0.00175499,-0.02248883,0.03081842,0.00175499,-0.02248883,0.1052399,-0.2015991,0.9737854,0.1052399,-0.2015991,0.9737854,4.62973,4.62973,True,True,True
1625764,63779589508788,-13.55964,2.578112,-0.08643144,-0.07157221,0.9612771,-0.07371501,-0.2557147,0.007998841,0.001966782,-0.02318413,0.09750366,-0.2083893,0.9731598,0.03081816,0.00175708,-0.02250139,0.03081816,0.00175708,-0.02250139,0.1046753,-0.2006226,0.9740448,0.1046753,-0.2006226,0.9740448,4.62973,4.62973,True,True,True
1625772,63779589508798,-13.55963,2.578121,-0.08643889,-0.0715154,0.9612869,-0.07366418,-0.2557082,0.007754059,0.001969162,-0.023192,0.09695435,-0.2088776,0.973114,0.03081772,0.001757309,-0.02250292,0.03081772,0.001757309,-0.02250292,0.1038818,-0.2012634,0.973999,0.1038818,-0.2012634,0.973999,4.629471,4.629471,True,True,True
1625781,63779589508798,-13.55963,2.578121,-0.08643889,-0.0715154,0.9612869,-0.07366418,-0.2557082,0.007529907,0.001973877,-0.02319875,0.09687805,-0.2096405,0.9729614,0.03081767,0.001761734,-0.02250328,0.03081767,0.001761734,-0.02250328,0.1038971,-0.2023926,0.9737701,0.1038971,-0.2023926,0.9737701,4.634598,4.634598,True,True,True
1625789,63779589508810,-13.55957,2.578124,-0.08641547,-0.07155608,0.9612857,-0.07359806,-0.2557205,0.007319443,0.001975907,-0.02320563,0.09671021,-0.2097168,0.9729614,0.03081494,0.001761933,-0.0225047,0.03081494,0.001761933,-0.0225047,0.1038055,-0.2023773,0.9737854,0.1038055,-0.2023773,0.9737854,4.629349,4.629349,True,True,True
1625797,63779589508821,-13.55955,2.578133,-0.08643997,-0.07159814,0.9612984,-0.07339592,-0.2557189,0.007274155,0.001976303,-0.023206,0.09645081,-0.2091064,0.973114,0.0308138,0.001761933,-0.0225047,0.0308138,0.001761933,-0.0225047,0.1038361,-0.2012939,0.973999,0.1038361,-0.2012939,0.973999,4.634705,4.634705,True,True,True
1625806,63779589508821,-13.55955,2.578133,-0.08643997,-0.07159814,0.9612984,-0.07339592,-0.2557189,0.007367371,0.00197551,-0.02320311,0.09642029,-0.2088165,0.973175,0.03081362,0.001761933,-0.0225047,0.03081362,0.001761933,-0.0225047,0.1035614,-0.2008362,0.9741211,0.1035614,-0.2008362,0.9741211,4.644592,4.644592,True,True,True
1625814,63779589508833,-13.55954,2.578145,-0.08640999,-0.07164495,0.9612974,-0.07337343,-0.2557162,0.007586502,0.00197345,-0.02319626,0.09638977,-0.2085724,0.9732361,0.03081336,0.001761933,-0.0225047,0.03081336,0.001761933,-0.0225047,0.1035004,-0.2008667,0.9741211,0.1035004,-0.2008667,0.9741211,4.645477,4.645477,True,True,True
1625822,63779589508844,-13.55957,2.578175,-0.08642012,-0.0715978,0.9613099,-0.07338872,-0.2556778,0.007908966,0.001970551,-0.02318546,0.09597778,-0.2085724,0.9732819,0.03081098,0.001761933,-0.02250328,0.03081098,0.001761933,-0.02250328,0.1028748,-0.2009735,0.9741669,0.1028748,-0.2009735,0.9741669,4.645279,4.645279,True,True,True
1625831,63779589508856,-13.55955,2.578187,-0.08644056,-0.07154153,0.9613168,-0.07340543,-0.2556628,0.008259705,0.001967423,-0.0231747,0.09608459,-0.2083435,0.9733124,0.03081061,0.001761933,-0.02250328,0.03081061,0.001761933,-0.02250328,0.1030731,-0.2009735,0.9741516,0.1030731,-0.2009735,0.9741516,4.645309,4.645309,True,True,True
1625839,63779589508856,-13.55955,2.578187,-0.08644056,-0.07154153,0.9613168,-0.07340543,-0.2556628,0.0085233,0.001965042,-0.0231655,0.09580994,-0.208252,0.9733582,0.03080913,0.001761734,-0.02250292,0.03080913,0.001761734,-0.02250292,0.1026764,-0.2008209,0.9742279,0.1026764,-0.2008209,0.9742279,4.645416,4.645416,True,True,True
1625847,63779589508867,-13.55954,2.578193,-0.08640701,-0.0716012,0.9613236,-0.07343798,-0.2556115,0.008556031,0.001964752,-0.02316406,0.09606934,-0.2082214,0.9733429,0.0308073,0.001761734,-0.02250292,0.0308073,0.001761734,-0.02250292,0.1030121,-0.2007141,0.9742126,0.1030121,-0.2007141,0.9742126,4.645386,4.645386,True,True,True
1625856,63779589508878,-13.5595,2.578173,-0.08640087,-0.07165193,0.9612964,-0.07350186,-0.2556809,0.008547409,0.001963852,-0.02316097,0.09576416,-0.2073669,0.9735565,0.03080568,0.001760147,-0.02249837,0.03080568,0.001760147,-0.02249837,0.1025848,-0.199295,0.9745483,0.1025848,-0.199295,0.9745483,4.645996,4.645996,True,True,True
1625864,63779589508890,-13.5595,2.57817,-0.08636242,-0.07158679,0.961327,-0.07351935,-0.2555791,0.008475602,0.00196315,-0.02316159,0.09576416,-0.2078552,0.9734497,0.03080567,0.001757965,-0.02249663,0.03080567,0.001757965,-0.02249663,0.1025848,-0.2001343,0.9743652,0.1025848,-0.2001343,0.9743652,4.646606,4.646606,True,True,True
1625872,63779589508890,-13.5595,2.57817,-0.08636242,-0.07158679,0.961327,-0.07351935,-0.2555791,0.00811525,0.001962952,-0.02316335,0.09532166,-0.2077942,0.9735107,0.03080389,0.001752228,-0.02248204,0.03080389,0.001752228,-0.02248204,0.1021576,-0.1999054,0.974472,0.1021576,-0.1999054,0.974472,4.64975,4.64975,True,True,True
1625881,63779589508901,-13.55954,2.578168,-0.086285,-0.07176808,0.961318,-0.07351749,-0.2555629,0.007721634,0.001964981,-0.02317162,0.09516907,-0.2077942,0.973526,0.03080364,0.001749512,-0.02247644,0.03080364,0.001749512,-0.02247644,0.1020966,-0.1996155,0.9745331,0.1020966,-0.1996155,0.9745331,4.649933,4.649933,True,True,True
1625889,63779589508913,-13.55953,2.578177,-0.08624965,-0.07178804,0.9613202,-0.07349261,-0.2555559,0.007281464,0.001967789,-0.02318283,0.09440613,-0.2080536,0.9735413,0.03079962,0.001746887,-0.02247376,0.03079962,0.001746887,-0.02247376,0.1010284,-0.199646,0.9746399,0.1010284,-0.199646,0.9746399,4.649689,4.649689,True,True,True
1625897,63779589508913,-13.5595,2.578148,-0.08623022,-0.0717686,0.9613339,-0.07340817,-0.2555341,0.006794114,0.001972183,-0.02319155,0.09465027,-0.2085266,0.9734192,0.03079927,0.001746491,-0.02246416,0.03079927,0.001746491,-0.02246416,0.1011505,-0.200119,0.9745331,0.1011505,-0.200119,0.9745331,4.649872,4.649872,True,True,True
1625905,63779589508924,-13.5595,2.578148,-0.08623022,-0.0717686,0.9613339,-0.07340817,-0.2555341,0.006461319,0.001974381,-0.02319992,0.09446716,-0.2082062,0.9735107,0.0307992,0.001743698,-0.02246129,0.0307992,0.001743698,-0.02246129,0.1011353,-0.1991119,0.9747314,0.1011353,-0.1991119,0.9747314,4.650146,4.650146,True,True,True
1625914,63779589508935,-13.55949,2.5782,-0.08621007,-0.07169195,0.9613655,-0.07336054,-0.2554502,0.006238114,0.00197467,-0.02320149,0.09468079,-0.2080841,0.9735107,0.03079778,0.001740051,-0.02245235,0.03079778,0.001740051,-0.02245235,0.1014252,-0.1987762,0.9747772,0.1014252,-0.1987762,0.9747772,4.650558,4.650558,True,True,True
1625922,63779589508946,-13.55948,2.578232,-0.08619559,-0.07174743,0.9613526,-0.07333858,-0.2554893,0.006002488,0.00197493,-0.0232005,0.09436035,-0.2085419,0.9734497,0.03079601,0.001736404,-0.02243831,0.03079601,0.001736404,-0.02243831,0.1009674,-0.1993713,0.9747009,0.1009674,-0.1993713,0.9747009,4.650894,4.650894,True,True,True
1625930,63779589508946,-13.55948,2.578232,-0.08619559,-0.07174743,0.9613526,-0.07333858,-0.2554893,0.005849137,0.001976776,-0.0232049,0.09413147,-0.2089233,0.9733887,0.03079378,0.001735687,-0.02243793,0.03079378,0.001735687,-0.02243793,0.100769,-0.1996002,0.9746704,0.100769,-0.1996002,0.9746704,4.650543,4.650543,True,True,True
1625939,63779589508958,-13.55952,2.578236,-0.08618826,-0.07173634,0.9613561,-0.07320829,-0.2555168,0.005927017,0.001976212,-0.02320073,0.09344482,-0.2090912,0.9734039,0.03079115,0.001735565,-0.02243544,0.03079115,0.001735565,-0.02243544,0.09968567,-0.1999054,0.9747162,0.09968567,-0.1999054,0.9747162,4.650787,4.650787,True,True,True
1625947,63779589508969,-13.55953,2.578222,-0.08615977,-0.07175649,0.9613799,-0.07303616,-0.2554707,0.005846619,0.001974655,-0.02319565,0.09352112,-0.2089539,0.9734344,0.030791,0.001731293,-0.02242244,0.030791,0.001731293,-0.02242244,0.1000519,-0.199646,0.9747314,0.1000519,-0.199646,0.9747314,4.65123,4.65123,True,True,True
1625955,63779589508980,-13.55959,2.578265,-0.08611351,-0.07174744,0.9614049,-0.07295433,-0.2554029,0.005470566,0.001976303,-0.02319388,0.09289551,-0.2106781,0.9731293,0.03078906,0.001724518,-0.02240099,0.03078906,0.001724518,-0.02240099,0.09918213,-0.2015533,0.9744415,0.09918213,-0.2015533,0.9744415,4.653458,4.653458,True,True,True
1625964,63779589508980,-13.55959,2.578265,-0.08611351,-0.07174744,0.9614049,-0.07295433,-0.2554029,0.005493866,0.001976349,-0.0231926,0.0929718,-0.2109375,0.973053,0.03078729,0.001723358,-0.02240013,0.03078729,0.001723358,-0.02240013,0.09924316,-0.2017822,0.9743805,0.09924316,-0.2017822,0.9743805,4.671387,4.671387,True,True,True
1625972,63779589508992,-13.55958,2.578306,-0.08608043,-0.07170717,0.9614232,-0.07284923,-0.2553754,0.00534877,0.001977203,-0.02319705,0.09289551,-0.2107239,0.973114,0.03078713,0.001721909,-0.02240006,0.03078713,0.001721909,-0.02240006,0.09927368,-0.2013855,0.9744568,0.09927368,-0.2013855,0.9744568,4.682175,4.682175,True,True,True
1625980,63779589509003,-13.55958,2.578347,-0.08605504,-0.07172699,0.9614469,-0.0727257,-0.2553157,0.005093125,0.001977768,-0.02319595,0.09275818,-0.2108765,0.9730988,0.03078557,0.001718338,-0.02238393,0.03078557,0.001718338,-0.02238393,0.09909058,-0.2021027,0.9743347,0.09909058,-0.2021027,0.9743347,4.682571,4.682571,True,True,True
1625989,63779589509014,-13.5596,2.578395,-0.08607656,-0.07178769,0.9614507,-0.07267618,-0.2552983,0.004875412,0.001977814,-0.02319562,0.09347534,-0.2112885,0.9729309,0.03078365,0.001714462,-0.02237183,0.03078365,0.001714462,-0.02237183,0.1004639,-0.2020569,0.9741974,0.1004639,-0.2020569,0.9741974,4.685623,4.685623,True,True,True
1625997,63779589509014,-13.5596,2.578395,-0.08607656,-0.07178769,0.9614507,-0.07267618,-0.2552983,0.005010605,0.001976029,-0.02318755,0.0933075,-0.2121887,0.9727478,0.03078151,0.00171373,-0.0223658,0.03078151,0.00171373,-0.0223658,0.09989929,-0.2037506,0.9739075,0.09989929,-0.2037506,0.9739075,4.685501,4.685501,True,True,True
1626005,63779589509025,-13.5596,2.578445,-0.08613569,-0.07172255,0.9615044,-0.07250934,-0.2551618,0.004687622,0.001975052,-0.02318471,0.09295654,-0.2128143,0.9726563,0.03078029,0.001706024,-0.02234459,0.03078029,0.001706024,-0.02234459,0.09960938,-0.2045441,0.9737701,0.09960938,-0.2045441,0.9737701,4.687485,4.687485,True,True,True
1626014,63779589509036,-13.55955,2.578474,-0.08611894,-0.07179503,0.9615068,-0.07240753,-0.2551612,0.004289368,0.001976944,-0.02319017,0.0927887,-0.2125092,0.9727325,0.03077963,0.001701965,-0.02233298,0.03077963,0.001701965,-0.02233298,0.09950256,-0.2042999,0.9738312,0.09950256,-0.2042999,0.9738312,4.696014,4.696014,True,True,True
1626022,63779589509047,-13.55961,2.57853,-0.08608085,-0.07183222,0.9615135,-0.07235878,-0.2551393,0.003942383,0.001976715,-0.02319005,0.09188843,-0.2124176,0.9728394,0.03077632,0.001694885,-0.02231319,0.03077632,0.001694885,-0.02231319,0.09767151,-0.2038574,0.9741058,0.09767151,-0.2038574,0.9741058,4.699173,4.699173,True,True,True
1626030,63779589509047,-13.55961,2.57853,-0.08608085,-0.07183222,0.9615135,-0.07235878,-0.2551393,0.003598663,0.001978348,-0.02319716,0.09225464,-0.212265,0.9728394,0.03077583,0.001691635,-0.02230847,0.03077583,0.001691635,-0.02230847,0.09863281,-0.2032928,0.9741211,0.09863281,-0.2032928,0.9741211,4.699188,4.699188,True,True,True
1626039,63779589509059,-13.55963,2.578549,-0.08607936,-0.07183082,0.9615306,-0.07232006,-0.2550862,0.003198166,0.001982376,-0.02320752,0.0921936,-0.2123413,0.9728241,0.03077504,0.001691376,-0.02230345,0.03077504,0.001691376,-0.02230345,0.09849548,-0.203598,0.9740753,0.09849548,-0.203598,0.9740753,4.709412,4.709412,True,True,True
1626047,63779589509070,-13.55969,2.578517,-0.08609611,-0.07194676,0.9615219,-0.07233106,-0.2550833,0.003473572,0.001977997,-0.02319617,0.09184265,-0.2121582,0.9729004,0.0307722,0.001689346,-0.02229939,0.0307722,0.001689346,-0.02229939,0.0977478,-0.2033539,0.9741974,0.0977478,-0.2033539,0.9741974,4.709579,4.709579,True,True,True
1626055,63779589509081,-13.55972,2.578519,-0.08611071,-0.07206858,0.9615166,-0.07230309,-0.2550771,0.004021622,0.001968643,-0.02317217,0.0916748,-0.2113647,0.9730835,0.03077165,0.001683106,-0.02229001,0.03077165,0.001683106,-0.02229001,0.09761047,-0.2023773,0.9744263,0.09761047,-0.2023773,0.9744263,4.70993,4.70993,True,True,True
1626064,63779589509081,-13.55972,2.578519,-0.08611071,-0.07206858,0.9615166,-0.07230309,-0.2550771,0.004623917,0.001961502,-0.0231518,0.09202576,-0.2105865,0.9732208,0.03077019,0.001682327,-0.02228918,0.03077019,0.001682327,-0.02228918,0.09791565,-0.20224,0.9744263,0.09791565,-0.20224,0.9744263,4.709778,4.709778,True,True,True
1626072,63779589509092,-13.55972,2.578525,-0.08612186,-0.07203507,0.961511,-0.07229774,-0.2551092,0.005566559,0.001950485,-0.02311994,0.0920105,-0.2101593,0.9733124,0.03076966,0.001680832,-0.02228806,0.03076966,0.001680832,-0.02228806,0.09751892,-0.2019958,0.9745026,0.09751892,-0.2019958,0.9745026,4.710144,4.710144,True,True,True
1626080,63779589509103,-13.55974,2.578502,-0.08614326,-0.07214157,0.9614789,-0.0723195,-0.2551937,0.003566193,0.001943237,-0.02311499,0.09083557,-0.2112274,0.9731903,0.03075995,0.001627045,-0.02215558,0.03075995,0.001627045,-0.02215558,0.09594727,-0.2028809,0.9744873,0.09594727,-0.2028809,0.9744873,4.744781,4.744781,True,True,True
1626089,63779589509114,-13.55978,2.578501,-0.08617055,-0.072312,0.9614363,-0.07245103,-0.2552688,-0.0007767182,0.001983688,-0.02319331,0.09738159,-0.2114716,0.9725189,0.03075113,0.001636124,-0.02210954,0.03075113,0.001636124,-0.02210954,0.1108704,-0.2057648,0.97229,0.1108704,-0.2057648,0.97229,4.785812,4.785812,True,True,True
1626097,63779589509114,-13.55978,2.578501,-0.08617055,-0.072312,0.9614363,-0.07245103,-0.2552688,0.001122971,0.001958191,-0.02306157,0.09628296,-0.2146454,0.9719238,0.03072809,0.001646378,-0.02210205,0.03072809,0.001646378,-0.02210205,0.1088104,-0.2109375,0.9714203,0.1088104,-0.2109375,0.9714203,4.637421,4.637421,True,True,True
1626105,63779589509125,-13.55987,2.578439,-0.08618951,-0.07241841,0.9614187,-0.07256147,-0.2552731,-0.02004131,0.002244049,-0.0239794,0.07545471,-0.2133331,0.9740601,0.03060248,0.001896149,-0.02304276,0.03060248,0.001896149,-0.02304276,0.08177185,-0.1927185,0.977829,0.08177185,-0.1927185,0.977829,4.860428,4.860428,True,True,True
1626114,63779589509137,-13.5599,2.578401,-0.08621258,-0.07255526,0.9613582,-0.07268991,-0.2554259,-0.02707097,0.002363037,-0.02428034,0.07362366,-0.2234955,0.9719086,0.03058725,0.001839844,-0.02234038,0.03058725,0.001839844,-0.02234038,0,0,0,0,0,0,-1,-1,True,True,True
1626122,63779589509147,-13.55999,2.578312,-0.08629256,-0.07266181,0.9613108,-0.07290422,-0.2555129,-0.001,-0.001,-0.001,1,-1,-1,0.03076293,0.001286346,-0.01895837,0.03076293,0.001286346,-0.01895837,0,0,0,0,0,0,-1,-1,False,True,True
1626130,63779589509147,-13.55999,2.578312,-0.08629256,-0.07266181,0.9613108,-0.07290422,-0.2555129,-0.001,-0.001,-0.001,1,-1,-1,0.03135652,0.001258209,-0.02243828,0.03135652,0.001258209,-0.02243828,0,0,0,0,0,0,-1,-1,False,True,True
1626139,63779589509158,-13.56012,2.578235,-0.08632928,-0.072788,0.9612504,-0.07309649,-0.2556495,-0.001,-0.001,-0.001,1,-1,-1,0.03135652,0.001258209,-0.02243828,0.03135652,0.001258209,-0.02243828,0,0,0,0,0,0,-1,-1,False,False,False
1626147,63779589509170,-13.56018,2.578197,-0.08634335,-0.0728246,0.9612011,-0.07331729,-0.2557611,-0.001,-0.001,-0.001,1,-1,-1,0.03135652,0.001258209,-0.02243828,0.03135652,0.001258209,-0.02243828,0,0,0,0,0,0,-1,-1,False,False,False
1626155,63779589509181,-13.56031,2.578118,-0.08637327,-0.07288547,0.9611536,-0.07345439,-0.255883,-0.001,-0.001,-0.001,1,-1,-1,0.03398776,-0.0009057618,-0.02459888,0.03398776,-0.0009057618,-0.02459888,0,0,0,0,0,0,-1,-1,False,True,True
1626164,63779589509181,-13.56031,2.578118,-0.08637327,-0.07288547,0.9611536,-0.07345439,-0.255883,-0.001,-0.001,-0.001,1,-1,-1,0.03328221,-0.000445633,-0.02370068,0.03328221,-0.000445633,-0.02370068,0,0,0,0,0,0,-1,-1,False,True,True
1626172,63779589509192,-13.56036,2.578097,-0.08640212,-0.07286045,0.9610797,-0.07371668,-0.2560921,-0.001,-0.001,-0.001,1,-1,-1,0.03321376,-0.001417359,-0.02400908,0.03321376,-0.001417359,-0.02400908,0,0,0,0,0,0,-1,-1,False,True,True
1626180,63779589509203,-13.56036,2.578048,-0.08653897,-0.07300048,0.9610171,-0.07396279,-0.2562161,-0.001,-0.001,-0.001,1,-1,-1,0.03258847,6.193543E-05,-0.02370033,0.03258847,6.193543E-05,-0.02370033,0,0,0,0,0,0,-1,-1,False,True,True
1626189,63779589509214,-13.56037,2.578048,-0.08660591,-0.07305189,0.9610038,-0.07418928,-0.2561856,-0.001,-0.001,-0.001,1,-1,-1,0.03443149,0.0007649537,-0.02488692,0.03443149,0.0007649537,-0.02488692,0,0,0,0,0,0,-1,-1,False,True,True
1626197,63779589509214,-13.56037,2.578048,-0.08660591,-0.07305189,0.9610038,-0.07418928,-0.2561856,-0.001,-0.001,-0.001,1,-1,-1,0.03582059,0.0001594391,-0.02634717,0.03582059,0.0001594391,-0.02634717,0,0,0,0,0,0,-1,-1,False,True,True
1626205,63779589509225,-13.56041,2.578027,-0.08663881,-0.07305281,0.9609716,-0.07436183,-0.2562561,-0.001,-0.001,-0.001,1,-1,-1,0.03215685,4.110718E-05,-0.02288652,0.03215685,4.110718E-05,-0.02288652,0,0,0,0,0,0,-1,-1,False,True,True
1626214,63779589509236,-13.56042,2.577992,-0.08665693,-0.07311402,0.9609293,-0.07442126,-0.25638,-0.001,-0.001,-0.001,1,-1,-1,0.03215256,-0.0002417603,-0.02305463,0.03215256,-0.0002417603,-0.02305463,0,0,0,0,0,0,-1,-1,False,True,True
1626222,63779589509248,-13.56047,2.577992,-0.08671576,-0.07296383,0.9609469,-0.07442492,-0.2563559,-0.001,-0.001,-0.001,1,-1,-1,0.03248299,0.0006923523,-0.02276883,0.03248299,0.0006923523,-0.02276883,0,0,0,0,0,0,-1,-1,False,True,True
1626230,63779589509248,-13.56047,2.577992,-0.08671576,-0.07296383,0.9609469,-0.07442492,-0.2563559,-0.001,-0.001,-0.001,1,-1,-1,0.03255213,0.0008660431,-0.02265848,0.03255213,0.0008660431,-0.02265848,0,0,0,0,0,0,-1,-1,False,True,True
1626239,63779589509258,-13.56055,2.577991,-0.08674276,-0.07303979,0.9609268,-0.07441776,-0.2564118,-0.001,-0.001,-0.001,1,-1,-1,0.03108928,0.0003785858,-0.01599155,0.03108928,0.0003785858,-0.01599155,0,0,0,0,0,0,-1,-1,False,True,True
1626247,63779589509270,-13.56056,2.577971,-0.08678818,-0.07299728,0.9609582,-0.07419771,-0.25637,-0.001,-0.001,-0.001,1,-1,-1,0.03100861,-0.000156189,-0.01459502,0.03100861,-0.000156189,-0.01459502,0,0,0,0,0,0,-1,-1,False,True,True
1626255,63779589509280,-13.56059,2.578007,-0.08685935,-0.07311411,0.9609177,-0.07409523,-0.256518,-0.001,-0.001,-0.001,1,-1,-1,0.0305583,0.001371643,-0.01935628,0.0305583,0.001371643,-0.01935628,0,0,0,0,0,0,-1,-1,False,True,True
1626264,63779589509280,-13.56059,2.578007,-0.08685935,-0.07311411,0.9609177,-0.07409523,-0.256518,-0.001,-0.001,-0.001,1,-1,-1,0.0304404,0.001979614,-0.02210077,0.0304404,0.001979614,-0.02210077,0,0,0,0,0,0,-1,-1,False,True,True
1626272,63779589509292,-13.56053,2.578049,-0.08687943,-0.07324485,0.9608738,-0.07392951,-0.2566928,-0.001,-0.001,-0.001,1,-1,-1,0.03064838,0.002027634,-0.01534964,0.03064838,0.002027634,-0.01534964,0,0,0,0,0,0,-1,-1,False,True,True
1626280,63779589509304,-13.56054,2.578056,-0.08693129,-0.07337952,0.9608247,-0.07395776,-0.2568302,-0.001,-0.001,-0.001,1,-1,-1,0.03084824,0.001291229,-0.01945201,0.03084824,0.001291229,-0.01945201,0,0,0,0,0,0,-1,-1,False,True,True
1626289,63779589509315,-13.56064,2.578073,-0.08689493,-0.07348137,0.9608034,-0.07402328,-0.2568615,-0.001,-0.001,-0.001,1,-1,-1,0.03057573,0.001411346,-0.02014761,0.03057573,0.001411346,-0.02014761,0,0,0,0,0,0,-1,-1,False,True,True
1626297,63779589509315,-13.56064,2.578073,-0.08689493,-0.07348137,0.9608034,-0.07402328,-0.2568615,-0.001,-0.001,-0.001,1,-1,-1,0.03059798,0.001618973,-0.02087636,0.03059798,0.001618973,-0.02087636,0,0,0,0,0,0,-1,-1,False,True,True
1626305,63779589509326,-13.56066,2.578014,-0.08695537,-0.07344276,0.960784,-0.07414862,-0.2569092,-0.001,-0.001,-0.001,1,-1,-1,0.03058725,0.001521332,-0.02064673,0.03058725,0.001521332,-0.02064673,0,0,0,0,0,0,-1,-1,False,True,True
1626314,63779589509337,-13.56074,2.578007,-0.08698273,-0.0733728,0.9607734,-0.07423888,-0.2569426,-0.001,-0.001,-0.001,1,-1,-1,0.03074967,0.001767227,-0.02183663,0.03074967,0.001767227,-0.02183663,0,0,0,0,0,0,-1,-1,False,True,True
1626322,63779589509348,-13.56081,2.577944,-0.08703703,-0.07313477,0.9607765,-0.07443529,-0.2569419,-0.001,-0.001,-0.001,1,-1,-1,0.03074078,0.001776032,-0.02190647,0.03074078,0.001776032,-0.02190647,0,0,0,0,0,0,-1,-1,False,True,True
1626330,63779589509348,-13.56081,2.577944,-0.08703703,-0.07313477,0.9607765,-0.07443529,-0.2569419,-0.001,-0.001,-0.001,1,-1,-1,0.03074625,0.001771912,-0.0216665,0.03074625,0.001771912,-0.0216665,0,0,0,0,0,0,-1,-1,False,True,True
1626339,63779589509359,-13.56081,2.577925,-0.0870772,-0.07310087,0.9607579,-0.07465136,-0.2569587,-0.02737134,0.002568894,-0.02454143,0.1107635,-0.180481,0.9773102,0.03073378,0.001704117,-0.0212431,0.03073378,0.001704117,-0.0212431,0.09057617,-0.2271729,0.9696198,0.09057617,-0.2271729,0.9696198,4.758377,4.758377,True,True,True
1626347,63779589509371,-13.56077,2.577872,-0.08716702,-0.07310068,0.9607792,-0.07474919,-0.2568508,-0.02734795,0.002541367,-0.02447749,0.08465576,-0.2254486,0.9705658,0.03075665,0.001743942,-0.02126404,0.03075665,0.001743942,-0.02126404,0.08607483,-0.2292175,0.9695435,0.08607483,-0.2292175,0.9695435,4.860519,4.860519,True,True,True
1626355,63779589509382,-13.56077,2.577847,-0.08721417,-0.07316279,0.9607867,-0.07482335,-0.2567833,-0.02733872,0.002508148,-0.02438509,0.08825684,-0.2437897,0.9657898,0.03084758,0.001701874,-0.02248412,0.03084758,0.001701874,-0.02248412,0.09785461,-0.1060486,0.9895325,0.09785461,-0.1060486,0.9895325,4.964355,4.964355,True,True,True
1626364,63779589509382,-13.56077,2.577847,-0.08721417,-0.07316279,0.9607867,-0.07482335,-0.2567833,-0.02710696,0.002501282,-0.02440166,0.09254456,-0.2277222,0.9693146,0.03078011,0.001848404,-0.02249146,0.03078011,0.001848404,-0.02249146,0.09346008,-0.1436768,0.985199,0.09346008,-0.1436768,0.985199,4.960938,4.960938,True,True,True
1626372,63779589509392,-13.5607,2.577821,-0.08725238,-0.0731868,0.9608029,-0.07499193,-0.2566666,-0.02734688,0.002518997,-0.0244931,0.09396362,-0.2086639,0.9734497,0.0307816,0.001825714,-0.02241113,0.0307816,0.001825714,-0.02241113,0.1056061,-0.1891327,0.9762421,0.1056061,-0.1891327,0.9762421,4.796127,4.796127,True,True,True
1626380,63779589509404,-13.56076,2.577805,-0.08729357,-0.07329732,0.9608115,-0.07517872,-0.2565483,-0.02734821,0.002512055,-0.02445296,0.08122253,-0.2213135,0.9718018,0.03077979,0.001826874,-0.02244031,0.03077979,0.001826874,-0.02244031,0.1091614,-0.1925659,0.9751892,0.1091614,-0.1925659,0.9751892,4.754425,4.754425,True,True,True
1626389,63779589509415,-13.56076,2.577775,-0.08734012,-0.07313521,0.9608511,-0.07512024,-0.256463,-0.02735178,0.002494782,-0.02440299,0.08729553,-0.231781,0.9688416,0.03078232,0.00178331,-0.02237584,0.03078232,0.00178331,-0.02237584,0.1161957,-0.2076111,0.9712677,0.1161957,-0.2076111,0.9712677,4.582382,4.582382,True,True,True
1626397,63779589509415,-13.56076,2.577775,-0.08734012,-0.07313521,0.9608511,-0.07512024,-0.256463,-0.02735288,0.002487152,-0.02439656,0.08953857,-0.229187,0.9692383,0.03078237,0.001785263,-0.02238933,0.03078237,0.001785263,-0.02238933,0.1074677,-0.1973114,0.9744263,0.1074677,-0.1973114,0.9744263,4.672333,4.672333,True,True,True
1626405,63779589509426,-13.56073,2.577697,-0.08740556,-0.07311624,0.9608654,-0.0752086,-0.2563893,-0.02734749,0.002481964,-0.02439862,0.08682251,-0.2341309,0.9683075,0.03078203,0.001787048,-0.02242932,0.03078203,0.001787048,-0.02242932,0.1157684,-0.1985016,0.9732361,0.1157684,-0.1985016,0.9732361,4.687546,4.687546,True,True,True
1626414,63779589509437,-13.56072,2.577714,-0.08741546,-0.07298623,0.9608684,-0.07546155,-0.2563407,-0.02734032,0.002460831,-0.02440447,0.09274292,-0.2312317,0.9684601,0.03076668,0.001798874,-0.02240108,0.03076668,0.001798874,-0.02240108,0.1122589,-0.189682,0.9754028,0.1122589,-0.189682,0.9754028,4.725357,4.725357,True,True,True
1626422,63779589509448,-13.56069,2.577662,-0.08745146,-0.07288233,0.9608864,-0.07560385,-0.2562607,-0.02671523,0.00245578,-0.02439983,0.09506226,-0.2205048,0.9707336,0.03077545,0.001756622,-0.02230318,0.03077545,0.001756622,-0.02230318,0.1078339,-0.1893158,0.9759674,0.1078339,-0.1893158,0.9759674,4.615295,4.615295,True,True,True
1626430,63779589509448,-13.56069,2.577662,-0.08745146,-0.07288233,0.9608864,-0.07560385,-0.2562607,0.003357834,0.002093537,-0.02332758,0.1025238,-0.2020721,0.9739838,0.03076973,0.001767807,-0.02234114,0.03076973,0.001767807,-0.02234114,0.1103821,-0.1876678,0.9759979,0.1103821,-0.1876678,0.9759979,4.696289,4.696289,True,True,True
1626439,63779589509459,-13.56068,2.57763,-0.08747488,-0.07293554,0.9608938,-0.0757123,-0.256186,0.005424668,0.002077149,-0.02328958,0.1018982,-0.2015686,0.9741516,0.03077138,0.001778473,-0.02239156,0.03077138,0.001778473,-0.02239156,0.1109467,-0.1876373,0.9759369,0.1109467,-0.1876373,0.9759369,4.671814,4.671814,True,True,True
1626447,63779589509470,-13.56073,2.577628,-0.08749413,-0.07287304,0.9609051,-0.07587215,-0.2561139,0.007921494,0.002046204,-0.02321123,0.1033325,-0.198822,0.9745636,0.03077301,0.001775711,-0.02239757,0.03077301,0.001775711,-0.02239757,0.1118774,-0.1858673,0.976181,0.1118774,-0.1858673,0.976181,4.694992,4.694992,True,True,True
1626455,63779589509482,-13.5608,2.577595,-0.08755016,-0.07286777,0.9608934,-0.07593855,-0.2561396,0.007420075,0.002051514,-0.02323805,0.1040497,-0.2018127,0.973877,0.03077251,0.00177652,-0.02241123,0.03077251,0.00177652,-0.02241123,0.111969,-0.18573,0.9761963,0.111969,-0.18573,0.9761963,4.683624,4.683624,True,True,True
1626464,63779589509482,-13.5608,2.577595,-0.08755016,-0.07286777,0.9608934,-0.07593855,-0.2561396,0.007889451,0.002045883,-0.02321712,0.1035004,-0.2006531,0.9741669,0.03077301,0.001775711,-0.02239757,0.03077301,0.001775711,-0.02239757,0.1117249,-0.1869965,0.9759827,0.1117249,-0.1869965,0.9759827,4.673111,4.673111,True,True,True
1626472,63779589509493,-13.56081,2.577568,-0.08758569,-0.07277151,0.9609192,-0.07601439,-0.2560479,0.009940507,0.00202237,-0.02316054,0.1044769,-0.1983337,0.9745331,0.03077251,0.001772995,-0.02239984,0.03077251,0.001772995,-0.02239984,0.1118164,-0.189209,0.9755402,0.1118164,-0.189209,0.9755402,4.661789,4.661789,True,True,True
1626480,63779589509503,-13.56083,2.577552,-0.08759785,-0.07260679,0.9609297,-0.0760171,-0.2560543,0.01016608,0.002016251,-0.02314935,0.1045532,-0.2011871,0.9739532,0.030772,0.001770279,-0.02239757,0.030772,0.001770279,-0.02239757,0.1119385,-0.1916809,0.9750519,0.1119385,-0.1916809,0.9750519,4.650558,4.650558,True,True,True
1626489,63779589509515,-13.56084,2.577547,-0.0876044,-0.07257446,0.9609571,-0.07598279,-0.255971,0.01070467,0.002010391,-0.02312936,0.1047058,-0.1998138,0.9742126,0.03077086,0.001769043,-0.02238489,0.03077086,0.001769043,-0.02238489,0.1126404,-0.1936035,0.9745789,0.1126404,-0.1936035,0.9745789,4.649246,4.649246,True,True,True
1626497,63779589509515,-13.56084,2.577547,-0.0876044,-0.07257446,0.9609571,-0.07598279,-0.255971,0.01139601,0.002000549,-0.02310015,0.1062469,-0.2005157,0.9739075,0.03076973,0.001767807,-0.02237219,0.03076973,0.001767807,-0.02237219,0.1133881,-0.1955261,0.9741058,0.1133881,-0.1955261,0.9741058,4.650375,4.650375,True,True,True
1626505,63779589509526,-13.56084,2.577559,-0.08763635,-0.07257307,0.9609476,-0.0760678,-0.2559814,0.01279894,0.001981568,-0.02303597,0.1054688,-0.1993561,0.9742279,0.03076895,0.001766281,-0.02235668,0.03076895,0.001766281,-0.02235668,0.1122284,-0.1947327,0.974411,0.1122284,-0.1947327,0.974411,4.659424,4.659424,True,True,True
1626514,63779589509537,-13.56072,2.577539,-0.0876165,-0.07253957,0.9609614,-0.07601579,-0.255955,0.01203665,0.001988541,-0.02305499,0.1062927,-0.200531,0.9738922,0.03076817,0.001764755,-0.02234114,0.03076817,0.001764755,-0.02234114,0.1131134,-0.1967773,0.9738922,0.1131134,-0.1967773,0.9738922,4.668182,4.668182,True,True,True
1626522,63779589509548,-13.56073,2.577568,-0.08760363,-0.07267089,0.9609667,-0.07601069,-0.2558991,0.01008371,0.002008347,-0.02312789,0.1057434,-0.1995544,0.9741516,0.03076564,0.001759522,-0.02233832,0.03076564,0.001759522,-0.02233832,0.1127777,-0.1946411,0.9743652,0.1127777,-0.1946411,0.9743652,4.660004,4.660004,True,True,True
1626530,63779589509548,-13.56073,2.577568,-0.08760363,-0.07267089,0.9609667,-0.07601069,-0.2558991,0.008783463,0.002020584,-0.02317612,0.1045837,-0.1985779,0.974472,0.03076311,0.001754288,-0.02233551,0.03076311,0.001754288,-0.02233551,0.1116638,-0.1925049,0.9749146,0.1116638,-0.1925049,0.9749146,4.65242,4.65242,True,True,True
1626539,63779589509559,-13.56072,2.577563,-0.08760667,-0.07269505,0.9609354,-0.07606295,-0.255994,0.007413559,0.002036133,-0.02322803,0.1041718,-0.1992035,0.9743958,0.03076254,0.001752304,-0.02233424,0.03076254,0.001752304,-0.02233424,0.111969,-0.1916351,0.9750519,0.111969,-0.1916351,0.9750519,4.660843,4.660843,True,True,True
1626547,63779589509570,-13.56072,2.577552,-0.0876078,-0.07284713,0.9609088,-0.07605844,-0.2560524,0.006696488,0.002050644,-0.02327045,0.1042328,-0.2010651,0.973999,0.03076199,0.001750305,-0.02233299,0.03076199,0.001750305,-0.02233299,0.1122742,-0.1916046,0.9750214,0.1122742,-0.1916046,0.9750214,4.669128,4.669128,True,True,True
1626555,63779589509581,-13.56078,2.577533,-0.0876016,-0.07291234,0.9608663,-0.07606353,-0.2561913,0.007515183,0.002040863,-0.02323589,0.1040649,-0.2019958,0.9738312,0.03076047,0.001748917,-0.02231976,0.03076047,0.001748917,-0.02231976,0.1117706,-0.1942291,0.9745636,0.1117706,-0.1942291,0.9745636,4.654037,4.654037,True,True,True
1626564,63779589509581,-13.56078,2.577533,-0.0876016,-0.07291234,0.9608663,-0.07606353,-0.2561913,0.008866792,0.00202179,-0.02317543,0.1055145,-0.2030792,0.9734497,0.03075914,0.001747559,-0.02231287,0.03075914,0.001747559,-0.02231287,0.113327,-0.1947632,0.9742737,0.113327,-0.1947632,0.9742737,4.669418,4.669418,True,True,True
1626572,63779589509592,-13.5608,2.577481,-0.08761126,-0.07294483,0.9608363,-0.07608356,-0.256289,0.00949144,0.002012558,-0.02314015,0.1060486,-0.2035217,0.9732971,0.0307585,0.001747238,-0.02229958,0.0307585,0.001747238,-0.02229958,0.113739,-0.1969147,0.9737854,0.113739,-0.1969147,0.9737854,4.654221,4.654221,True,True,True
1626580,63779589509603,-13.56083,2.577469,-0.08759755,-0.07295372,0.9607958,-0.0761781,-0.25641,0.009393082,0.002012146,-0.02314363,0.1055756,-0.2036743,0.9733276,0.03075276,0.001745758,-0.02229958,0.03075276,0.001745758,-0.02229958,0.1122131,-0.1971741,0.9739227,0.1122131,-0.1971741,0.9739227,4.653885,4.653885,True,True,True
1626589,63779589509615,-13.56082,2.5775,-0.08758098,-0.07294068,0.9607496,-0.07625906,-0.2565627,0.006385987,0.002031204,-0.02319525,0.1029663,-0.2044678,0.9734344,0.03074031,0.001715439,-0.02218488,0.03074031,0.001715439,-0.02218488,0.1096954,-0.1970367,0.9742279,0.1096954,-0.1970367,0.9742279,4.672623,4.672623,True,True,True
1626597,63779589509615,-13.56082,2.5775,-0.08758098,-0.07294068,0.9607496,-0.07625906,-0.2565627,0.002103943,0.002085892,-0.02337222,0.1021576,-0.2055664,0.9732819,0.03074031,0.001715439,-0.02218488,0.03074031,0.001715439,-0.02218488,0.109726,-0.1963806,0.9743652,0.109726,-0.1963806,0.9743652,4.678558,4.678558,True,True,True
1626605,63779589509626,-13.56086,2.577464,-0.08755785,-0.07302795,0.9607015,-0.07630809,-0.2567034,-0.002877274,0.002149216,-0.02357442,0.1002655,-0.2063751,0.9733124,0.03073895,0.001715164,-0.02217648,0.03073895,0.001715164,-0.02217648,0.109375,-0.195694,0.9745331,0.109375,-0.195694,0.9745331,4.679962,4.679962,True,True,True
1626614,63779589509637,-13.56087,2.577444,-0.08749741,-0.07299984,0.9606736,-0.07631592,-0.2568137,-0.003016129,0.00216185,-0.02363265,0.1015625,-0.2049408,0.9734802,0.03075276,0.001743363,-0.02229958,0.03075276,0.001743363,-0.02229958,0.1129913,-0.1920013,0.9748535,0.1129913,-0.1920013,0.9748535,4.68457,4.68457,True,True,True
1626622,63779589509648,-13.56084,2.577406,-0.08748341,-0.07300808,0.9606103,-0.07634377,-0.2570396,-0.002856171,0.002159622,-0.023627,0.101181,-0.2051239,0.9734802,0.03075276,0.001743363,-0.02229958,0.03075276,0.001743363,-0.02229958,0.1124268,-0.1919861,0.9749298,0.1124268,-0.1919861,0.9749298,4.68483,4.68483,True,True,True
1626630,63779589509648,-13.56084,2.577406,-0.08748341,-0.07300808,0.9606103,-0.07634377,-0.2570396,-0.002231552,0.002152023,-0.02360245,0.1016541,-0.2056732,0.9733124,0.03075276,0.001743363,-0.02229958,0.03075276,0.001743363,-0.02229958,0.1132202,-0.1945496,0.9743347,0.1132202,-0.1945496,0.9743347,4.694061,4.694061,True,True,True
1626639,63779589509659,-13.56084,2.577371,-0.08745861,-0.07303729,0.960582,-0.07637108,-0.257129,-0.002381119,0.002154297,-0.0236142,0.1016235,-0.204071,0.9736633,0.03075354,0.001744644,-0.02231287,0.03075354,0.001744644,-0.02231287,0.1134186,-0.1914063,0.9749298,0.1134186,-0.1914063,0.9749298,4.694275,4.694275,True,True,True
1626647,63779589509670,-13.56084,2.577377,-0.08743393,-0.07308386,0.9605768,-0.07634152,-0.2571437,-0.002609131,0.002156815,-0.02362654,0.1012421,-0.2038727,0.9737396,0.0307545,0.001744644,-0.02231976,0.0307545,0.001744644,-0.02231976,0.1129608,-0.1906586,0.9751282,0.1129608,-0.1906586,0.9751282,4.694061,4.694061,True,True,True
1626655,63779589509681,-13.56079,2.577346,-0.08741707,-0.07304139,0.960579,-0.07624252,-0.2571772,-0.003104019,0.002162094,-0.02364926,0.1010132,-0.2046814,0.973587,0.0307545,0.001743363,-0.02232674,0.0307545,0.001743363,-0.02232674,0.1130219,-0.1927032,0.9747162,0.1130219,-0.1927032,0.9747162,4.701355,4.701355,True,True,True
1626664,63779589509681,-13.56079,2.577346,-0.08741707,-0.07304139,0.960579,-0.07624252,-0.2571772,-0.003537415,0.002166474,-0.02366864,0.1007538,-0.205246,0.9734955,0.0307545,0.001741211,-0.02232674,0.0307545,0.001741211,-0.02232674,0.1127625,-0.1940308,0.9744873,0.1127625,-0.1940308,0.9744873,4.693207,4.693207,True,True,True
1626672,63779589509693,-13.56077,2.577359,-0.08751452,-0.07304358,0.9605793,-0.07615884,-0.2571999,0.0001556854,0.002120026,-0.02352631,0.1017761,-0.2037048,0.9737244,0.0307545,0.00173999,-0.02232674,0.0307545,0.00173999,-0.02232674,0.1121521,-0.1937561,0.9746094,0.1121521,-0.1937561,0.9746094,4.693176,4.693176,True,True,True
1626680,63779589509704,-13.56072,2.577389,-0.08748841,-0.07315162,0.960551,-0.07604181,-0.2573098,0.004314316,0.002067596,-0.0233656,0.1034851,-0.2020416,0.973877,0.03075531,0.001741211,-0.02233092,0.03075531,0.001741211,-0.02233092,0.1127472,-0.1937866,0.9745331,0.1127472,-0.1937866,0.9745331,4.692886,4.692886,True,True,True
1626689,63779589509715,-13.5607,2.577422,-0.08754963,-0.07318168,0.9605463,-0.07594679,-0.2573468,0.007247925,0.002032639,-0.0232522,0.1046295,-0.2013245,0.9739075,0.03075603,0.001743363,-0.02233092,0.03075603,0.001743363,-0.02233092,0.1125488,-0.1943054,0.9744568,0.1125488,-0.1943054,0.9744568,4.693008,4.693008,True,True,True
1626697,63779589509715,-13.5607,2.577422,-0.08754963,-0.07318168,0.9605463,-0.07594679,-0.2573468,0.00761171,0.002027725,-0.02324005,0.1043854,-0.2010498,0.973999,0.03075641,0.001743576,-0.02233112,0.03075641,0.001743576,-0.02233112,0.1125336,-0.1943359,0.9744415,0.1125336,-0.1943359,0.9744415,4.699234,4.699234,True,True,True
1626705,63779589509726,-13.56068,2.577435,-0.08755046,-0.0732038,0.9605322,-0.07577546,-0.2574435,0.00807988,0.002021698,-0.02322281,0.1043854,-0.1981354,0.9745941,0.03075696,0.001743576,-0.02233112,0.03075696,0.001743576,-0.02233112,0.1126709,-0.1896667,0.9753571,0.1126709,-0.1896667,0.9753571,4.700195,4.700195,True,True,True
1626714,63779589509737,-13.5607,2.5775,-0.08751523,-0.0733308,0.9605324,-0.0756579,-0.257441,0.008690994,0.002014221,-0.02320097,0.1045685,-0.2015533,0.973877,0.0307571,0.001743576,-0.02233112,0.0307571,0.001743576,-0.02233112,0.1123962,-0.1957855,0.9741669,0.1123962,-0.1957855,0.9741669,4.675339,4.675339,True,True,True
1626722,63779589509748,-13.56067,2.577516,-0.08758652,-0.07335539,0.9605324,-0.07545516,-0.2574936,0.009019287,0.002010483,-0.02318958,0.1049042,-0.2022705,0.9736786,0.03075717,0.001743576,-0.02233112,0.03075717,0.001743576,-0.02233112,0.1125641,-0.1971283,0.973877,0.1125641,-0.1971283,0.973877,4.675125,4.675125,True,True,True
1626730,63779589509748,-13.56067,2.577516,-0.08758652,-0.07335539,0.9605324,-0.07545516,-0.2574936,0.009194657,0.002008484,-0.02318692,0.1049347,-0.2021332,0.9737091,0.03075728,0.001743576,-0.02233699,0.03075728,0.001743576,-0.02233699,0.112442,-0.196701,0.9739838,0.112442,-0.196701,0.9739838,4.674423,4.674423,True,True,True
1626739,63779589509759,-13.56068,2.577556,-0.08756071,-0.07344365,0.9605251,-0.07533573,-0.2575309,0.009212433,0.002007034,-0.02318561,0.1046448,-0.2021179,0.9737396,0.03075728,0.001741593,-0.02233505,0.03075728,0.001741593,-0.02233505,0.1120758,-0.1967468,0.9740143,0.1120758,-0.1967468,0.9740143,4.672409,4.672409,True,True,True
1626747,63779589509770,-13.56064,2.57759,-0.08756751,-0.07345834,0.9605648,-0.07521104,-0.2574148,0.009145753,0.002007599,-0.02318834,0.1044922,-0.2021027,0.9737701,0.03075728,0.001741211,-0.02233505,0.03075728,0.001741211,-0.02233505,0.1120758,-0.1966858,0.9740295,0.1120758,-0.1966858,0.9740295,4.672531,4.672531,True,True,True
1626755,63779589509781,-13.56063,2.577606,-0.08750802,-0.07346987,0.9605744,-0.07510027,-0.2574082,0.009173142,0.002007202,-0.02319106,0.1044159,-0.2019806,0.9738007,0.03075728,0.001741119,-0.02233505,0.03075728,0.001741119,-0.02233505,0.111618,-0.1961823,0.9741821,0.111618,-0.1961823,0.9741821,4.668915,4.668915,True,True,True
1626764,63779589509781,-13.56063,2.577606,-0.08750802,-0.07346987,0.9605744,-0.07510027,-0.2574082,0.009116242,0.002007202,-0.02319443,0.1045837,-0.2028351,0.9736023,0.03075717,0.00173999,-0.02233505,0.03075717,0.00173999,-0.02233505,0.111557,-0.1963654,0.9741516,0.111557,-0.1963654,0.9741516,4.665192,4.665192,True,True,True
1626772,63779589509792,-13.56065,2.577627,-0.08751011,-0.07362537,0.9605965,-0.07493385,-0.2573299,0.009153931,0.002006531,-0.02319666,0.1049042,-0.2025604,0.9736176,0.03075717,0.00173967,-0.02233699,0.03075717,0.00173967,-0.02233699,0.111969,-0.1961823,0.9741364,0.111969,-0.1961823,0.9741364,4.661499,4.661499,True,True,True
1626780,63779589509803,-13.56063,2.577656,-0.08751023,-0.073631,0.9606169,-0.07488928,-0.2572651,0.009331848,0.002003693,-0.02319252,0.1052399,-0.2022552,0.9736481,0.03075696,0.001738083,-0.0223409,0.03075696,0.001738083,-0.0223409,0.1122284,-0.195694,0.9742126,0.1122284,-0.195694,0.9742126,4.656387,4.656387,True,True,True
1626789,63779589509814,-13.56062,2.577682,-0.0875057,-0.07362763,0.9606336,-0.07470508,-0.2572569,0.009372498,0.002003067,-0.0231929,0.1052551,-0.2020111,0.9736938,0.03075641,0.001737381,-0.02234123,0.03075641,0.001737381,-0.02234123,0.1123657,-0.1953735,0.9742584,0.1123657,-0.1953735,0.9742584,4.652695,4.652695,True,True,True
1626797,63779589509814,-13.56062,2.577682,-0.0875057,-0.07362763,0.9606336,-0.07470508,-0.2572569,0.009437164,0.002002411,-0.02319299,0.1054535,-0.2019653,0.9736938,0.03075624,0.001737183,-0.02234155,0.03075624,0.001737183,-0.02234155,0.1125031,-0.1954651,0.9742279,0.1125031,-0.1954651,0.9742279,4.62764,4.62764,True,True,True
1626805,63779589509826,-13.56059,2.577727,-0.08751059,-0.0736921,0.9606474,-0.07470716,-0.2571865,0.009503204,0.002002503,-0.02319927,0.1057587,-0.2018585,0.9736786,0.03075575,0.00173703,-0.02234981,0.03075575,0.00173703,-0.02234981,0.1128235,-0.19487,0.9743042,0.1128235,-0.19487,0.9743042,4.624847,4.624847,True,True,True
1626814,63779589509837,-13.56057,2.577707,-0.08753544,-0.07364872,0.9606901,-0.0746882,-0.2570449,0.009385758,0.002004059,-0.02320474,0.1056061,-0.2016602,0.9737396,0.03075499,0.00173703,-0.02235097,0.03075499,0.00173703,-0.02235097,0.112381,-0.1943054,0.974472,0.112381,-0.1943054,0.974472,4.592041,4.592041,True,True,True
1626822,63779589509848,-13.56056,2.577698,-0.08753246,-0.07366706,0.9606944,-0.07472844,-0.2570119,0.009373337,0.002004486,-0.02320685,0.1056519,-0.2020111,0.9736633,0.03075398,0.001736755,-0.02235118,0.03075398,0.001736755,-0.02235118,0.1122742,-0.1948242,0.9743805,0.1122742,-0.1948242,0.9743805,4.591965,4.591965,True,True,True
1626830,63779589509848,-13.56056,2.577698,-0.08753246,-0.07366706,0.9606944,-0.07472844,-0.2570119,0.009151123,0.00200885,-0.02322054,0.105423,-0.2025452,0.9735718,0.03075353,0.001736755,-0.02235729,0.03075353,0.001736755,-0.02235729,0.1121521,-0.194397,0.9744873,0.1121521,-0.194397,0.9744873,4.591919,4.591919,True,True,True
1626839,63779589509859,-13.56054,2.577719,-0.08758545,-0.07366117,0.9607167,-0.07473565,-0.2569281,0.0090215,0.002010254,-0.02322835,0.1058807,-0.2019653,0.9736481,0.03075243,0.001736389,-0.02235948,0.03075243,0.001736389,-0.02235948,0.112793,-0.1941986,0.9744415,0.112793,-0.1941986,0.9744415,4.558365,4.558365,True,True,True
1626847,63779589509870,-13.56045,2.577686,-0.08759397,-0.07356627,0.9607351,-0.0747415,-0.2568847,0.00885466,0.002013397,-0.0232432,0.1057892,-0.2001648,0.9740295,0.03075148,0.001736389,-0.02236897,0.03075148,0.001736389,-0.02236897,0.1125183,-0.19133,0.9750366,0.1125183,-0.19133,0.9750366,4.556885,4.556885,True,True,True
1626855,63779589509881,-13.56043,2.577676,-0.08759308,-0.07355765,0.9607688,-0.07475317,-0.2567578,0.008577958,0.002017685,-0.02326154,0.1064301,-0.2008667,0.9738159,0.03075022,0.001736389,-0.02237483,0.03075022,0.001736389,-0.02237483,0.1136932,-0.1923981,0.9747009,0.1136932,-0.1923981,0.9747009,4.541855,4.541855,True,True,True
1626864,63779589509881,-13.56043,2.577676,-0.08759308,-0.07355765,0.9607688,-0.07475317,-0.2567578,0.008100586,0.002024094,-0.02328128,0.1067352,-0.2002258,0.9739075,0.0307497,0.001736755,-0.02237485,0.0307497,0.001736755,-0.02237485,0.1144257,-0.1910248,0.974884,0.1144257,-0.1910248,0.974884,4.538544,4.538544,True,True,True
1626872,63779589509892,-13.56043,2.577703,-0.0875833,-0.07358794,0.9607825,-0.07476135,-0.2566952,0.007991547,0.002026276,-0.02329157,0.1065369,-0.1991577,0.9741516,0.03074881,0.00173703,-0.02238002,0.03074881,0.00173703,-0.02238002,0.1141357,-0.1892395,0.9752655,0.1141357,-0.1892395,0.9752655,4.533798,4.533798,True,True,True
1626880,63779589509903,-13.56045,2.577699,-0.08751643,-0.07349776,0.9608125,-0.07479756,-0.2565985,0.008031754,0.002027146,-0.02329504,0.1066742,-0.1991577,0.9741364,0.03074764,0.00173703,-0.02238532,0.03074764,0.00173703,-0.02238532,0.1137848,-0.1889496,0.9753571,0.1137848,-0.1889496,0.9753571,4.528687,4.528687,True,True,True
1626889,63779589509914,-13.56042,2.577714,-0.0874818,-0.07351046,0.9608571,-0.07480574,-0.2564255,0.008570405,0.002020386,-0.02327383,0.1073151,-0.1986542,0.9741669,0.03074764,0.00173703,-0.02238532,0.03074764,0.00173703,-0.02238532,0.114563,-0.1888733,0.9752808,0.114563,-0.1888733,0.9752808,4.538742,4.538742,True,True,True
1626897,63779589509914,-13.56042,2.577714,-0.0874818,-0.07351046,0.9608571,-0.07480574,-0.2564255,0.008631211,0.002020325,-0.02327341,0.1072388,-0.1986694,0.9741669,0.03074626,0.00173703,-0.02238532,0.03074626,0.00173703,-0.02238532,0.1152954,-0.1888275,0.9752045,0.1152954,-0.1888275,0.9752045,4.542755,4.542755,True,True,True
1626905,63779589509926,-13.56038,2.577731,-0.08746606,-0.07334991,0.9608676,-0.07486638,-0.2564145,0.008855576,0.002017517,-0.0232657,0.1073608,-0.1981812,0.9742584,0.03074503,0.00173703,-0.02238532,0.03074503,0.00173703,-0.02238532,0.1155548,-0.1883698,0.9752655,0.1155548,-0.1883698,0.9752655,4.538712,4.538712,True,True,True
1626914,63779589509937,-13.56036,2.577742,-0.08743608,-0.07336933,0.9608825,-0.0748484,-0.2563578,0.008982956,0.002016602,-0.02326364,0.1071625,-0.1979065,0.9743347,0.03074339,0.001736038,-0.02238532,0.03074339,0.001736038,-0.02238532,0.1151276,-0.1874084,0.9755096,0.1151276,-0.1874084,0.9755096,4.539078,4.539078,True,True,True
1626922,63779589509948,-13.56031,2.577758,-0.08740646,-0.07320413,0.9609099,-0.07483217,-0.2563074,0.009100083,0.00201503,-0.02325908,0.1069946,-0.1976471,0.974411,0.03074178,0.001735916,-0.02238532,0.03074178,0.001735916,-0.02238532,0.1149597,-0.187088,0.9755859,0.1149597,-0.187088,0.9755859,4.529358,4.529358,True,True,True
1626930,63779589509948,-13.56031,2.577758,-0.08740646,-0.07320413,0.9609099,-0.07483217,-0.2563074,0.009314835,0.002013962,-0.02325336,0.1072998,-0.1963196,0.9746399,0.03073999,0.001735916,-0.02238532,0.03073999,0.001735916,-0.02238532,0.115387,-0.1852875,0.9758759,0.115387,-0.1852875,0.9758759,4.529663,4.529663,True,True,True
1626939,63779589509959,-13.5603,2.577799,-0.08749026,-0.07314863,0.9609414,-0.07477666,-0.2562214,0.009448807,0.00201239,-0.02324535,0.1072998,-0.1963196,0.9746399,0.03073979,0.001735916,-0.02238002,0.03073979,0.001735916,-0.02238002,0.1154633,-0.1856232,0.9757996,0.1154633,-0.1856232,0.9757996,4.539505,4.539505,True,True,True
1626947,63779589509971,-13.56028,2.577826,-0.08753574,-0.07306196,0.9609764,-0.07464071,-0.2561544,0.008676942,0.00202417,-0.02325064,0.1046295,-0.1987915,0.9744263,0.03072588,0.001737259,-0.02233571,0.03072588,0.001737259,-0.02233571,0.1116791,-0.1885834,0.9756775,0.1116791,-0.1885834,0.9756775,4.530258,4.530258,True,True,True
1626955,63779589509981,-13.56021,2.577842,-0.08753949,-0.07290538,0.9610213,-0.07450156,-0.2560714,0.007483857,0.002040299,-0.02330078,0.1036835,-0.1994476,0.9743958,0.03072588,0.001737259,-0.02233571,0.03072588,0.001737259,-0.02233571,0.1107635,-0.1885986,0.9757843,0.1107635,-0.1885986,0.9757843,4.527618,4.527618,True,True,True
1626964,63779589509981,-13.56021,2.577842,-0.08753949,-0.07290538,0.9610213,-0.07450156,-0.2560714,0.006506073,0.002054871,-0.02334076,0.1032867,-0.1996765,0.9743958,0.03072531,0.001738632,-0.02233073,0.03072531,0.001738632,-0.02233073,0.1106262,-0.1880188,0.9759064,0.1106262,-0.1880188,0.9759064,4.530258,4.530258,True,True,True
1626972,63779589509992,-13.5602,2.577876,-0.08752197,-0.07286991,0.9610389,-0.07431488,-0.2560693,0.005721039,0.002066178,-0.02337537,0.1031494,-0.2009277,0.9741516,0.03072502,0.001739166,-0.02233073,0.03072502,0.001739166,-0.02233073,0.1108704,-0.1894226,0.9756012,0.1108704,-0.1894226,0.9756012,4.527527,4.527527,True,True,True
1626980,63779589510004,-13.56025,2.577939,-0.08755988,-0.07288958,0.9610818,-0.07408208,-0.2559702,0.005354477,0.002071732,-0.02339078,0.1024017,-0.2012329,0.9741669,0.03072502,0.001740479,-0.02233073,0.03072502,0.001740479,-0.02233073,0.1104889,-0.189743,0.9755859,0.1104889,-0.189743,0.9755859,4.521133,4.521133,True,True,True
1626989,63779589510014,-13.56022,2.577919,-0.08760124,-0.07298674,0.9610863,-0.07388406,-0.2559827,0.00544896,0.002070496,-0.02338886,0.1026154,-0.2011108,0.9741669,0.03072502,0.001740479,-0.02233073,0.03072502,0.001740479,-0.02233073,0.1107483,-0.1898041,0.9755402,0.1107483,-0.1898041,0.9755402,4.510742,4.510742,True,True,True
1626997,63779589510014,-13.56022,2.577919,-0.08760124,-0.07298674,0.9610863,-0.07388406,-0.2559827,0.006071152,0.002062363,-0.02336317,0.1047821,-0.2007751,0.9740143,0.03072502,0.001740479,-0.02233073,0.03072502,0.001740479,-0.02233073,0.1135559,-0.1897125,0.975235,0.1135559,-0.1897125,0.975235,4.518188,4.518188,True,True,True
1627005,63779589510025,-13.5602,2.577929,-0.08761537,-0.07299873,0.9610869,-0.07377084,-0.2560098,0.006936249,0.002051071,-0.02332817,0.1051941,-0.2003174,0.9740601,0.03072502,0.001740479,-0.02233073,0.03072502,0.001740479,-0.02233073,0.1139069,-0.189743,0.9751892,0.1139069,-0.189743,0.9751892,4.518509,4.518509,True,True,True
1627014,63779589510037,-13.56017,2.577954,-0.08761519,-0.07314678,0.961096,-0.07369674,-0.2559547,0.008044846,0.00203923,-0.02328545,0.105545,-0.2002563,0.9740295,0.03072475,0.001744797,-0.02233571,0.03072475,0.001744797,-0.02233571,0.1138,-0.190506,0.9750519,0.1138,-0.190506,0.9750519,4.515457,4.515457,True,True,True
1627022,63779589510047,-13.56017,2.577944,-0.08753532,-0.07310252,0.9610783,-0.07368358,-0.2560374,0.008639679,0.002033249,-0.02326996,0.1053619,-0.200119,0.9740753,0.03072446,0.001747604,-0.0223497,0.03072446,0.001747604,-0.0223497,0.113678,-0.1903076,0.9751129,0.113678,-0.1903076,0.9751129,4.510422,4.510422,True,True,True
1627030,63779589510047,-13.56017,2.577944,-0.08753532,-0.07310252,0.9610783,-0.07368358,-0.2560374,0.008079667,0.002042023,-0.02329488,0.1048584,-0.201004,0.9739532,0.03072446,0.001750137,-0.0223505,0.03072446,0.001750137,-0.0223505,0.113266,-0.1912537,0.9749756,0.113266,-0.1912537,0.9749756,4.501617,4.501617,True,True,True
1627039,63779589510059,-13.56015,2.577981,-0.08753967,-0.07314667,0.9610737,-0.07370704,-0.2560358,0.007119065,0.002055084,-0.02336215,0.1047058,-0.2001038,0.9741516,0.03072424,0.001751312,-0.02239211,0.03072424,0.001751312,-0.02239211,0.1135864,-0.1890259,0.9753723,0.1135864,-0.1890259,0.9753723,4.508881,4.508881,True,True,True
1627047,63779589510070,-13.56016,2.577957,-0.08755481,-0.07301129,0.9610761,-0.07377203,-0.2560463,0.006222641,0.002065781,-0.02340012,0.1047974,-0.202301,0.9736938,0.03072424,0.001751312,-0.02239211,0.03072424,0.001751312,-0.02239211,0.1136017,-0.1922455,0.9747467,0.1136017,-0.1922455,0.9747467,4.508209,4.508209,True,True,True
1627055,63779589510081,-13.56017,2.577964,-0.08756059,-0.07285756,0.9610881,-0.07387414,-0.2560156,0.005340073,0.002075958,-0.0234406,0.1044769,-0.2022858,0.9737244,0.03072417,0.001751312,-0.02239774,0.03072417,0.001751312,-0.02239774,0.1135101,-0.1921234,0.9747772,0.1135101,-0.1921234,0.9747772,4.499481,4.499481,True,True,True
1627064,63779589510081,-13.56017,2.577964,-0.08756059,-0.07285756,0.9610881,-0.07387414,-0.2560156,0.004657181,0.002084488,-0.02346903,0.1038666,-0.2029877,0.9736481,0.03072209,0.001751312,-0.02239774,0.03072209,0.001751312,-0.02239774,0.1129303,-0.1929169,0.9746857,0.1129303,-0.1929169,0.9746857,4.495438,4.495438,True,True,True
1627072,63779589510092,-13.56019,2.577949,-0.08758533,-0.07277013,0.9610879,-0.07385153,-0.2560481,0.004682404,0.002083496,-0.02347283,0.1036224,-0.2025757,0.9737549,0.03072028,0.001751312,-0.02239774,0.03072028,0.001751312,-0.02239774,0.1124573,-0.1929474,0.9747314,0.1124573,-0.1929474,0.9747314,4.495468,4.495468,True,True,True
1627080,63779589510103,-13.56019,2.577909,-0.08752722,-0.07277781,0.9610748,-0.07391646,-0.2560762,0.005139328,0.002076935,-0.02345415,0.1036987,-0.2020874,0.9738464,0.03072002,0.001751312,-0.02239774,0.03072002,0.001751312,-0.02239774,0.112381,-0.1928864,0.9747467,0.112381,-0.1928864,0.9747467,4.495392,4.495392,True,True,True
1627089,63779589510114,-13.56021,2.57784,-0.08751619,-0.07279539,0.9610752,-0.07395147,-0.2560593,0.006242325,0.002062256,-0.02341297,0.1038666,-0.2013855,0.9739838,0.03072002,0.001751312,-0.02239774,0.03072002,0.001751312,-0.02239774,0.1119995,-0.1929474,0.9747925,0.1119995,-0.1929474,0.9747925,4.489426,4.489426,True,True,True
1627097,63779589510114,-13.56021,2.57784,-0.08751619,-0.07279539,0.9610752,-0.07395147,-0.2560593,0.007663193,0.002044403,-0.02335481,0.1043549,-0.2004395,0.9741211,0.03072002,0.001751862,-0.02239774,0.03072002,0.001751862,-0.02239774,0.11203,-0.1922913,0.9749146,0.11203,-0.1922913,0.9749146,4.495651,4.495651,True,True,True
1627105,63779589510125,-13.56019,2.577797,-0.08746803,-0.07274224,0.9610614,-0.07404312,-0.2561001,0.008741593,0.00202887,-0.02330801,0.1053925,-0.2002716,0.9740448,0.03072002,0.001750137,-0.02239432,0.03072002,0.001750137,-0.02239432,0.1131439,-0.1928558,0.9746704,0.1131439,-0.1928558,0.9746704,4.489578,4.489578,True,True,True
1627114,63779589510136,-13.56018,2.57775,-0.08745879,-0.07275777,0.9610496,-0.07404134,-0.2561404,0.009399246,0.002019257,-0.02327979,0.1047516,-0.1999054,0.9741974,0.03072002,0.001748673,-0.02239211,0.03072002,0.001748673,-0.02239211,0.1117554,-0.1927948,0.9748383,0.1117554,-0.1927948,0.9748383,4.456711,4.456711,True,True,True
1627122,63779589510148,-13.56014,2.577794,-0.08743292,-0.07278395,0.9610518,-0.07423718,-0.256068,0.009312744,0.002020325,-0.02328223,0.102829,-0.2003326,0.9743042,0.03072002,0.001748627,-0.02239005,0.03072002,0.001748627,-0.02239005,0.1088867,-0.1934814,0.9750366,0.1088867,-0.1934814,0.9750366,4.432037,4.432037,True,True,True
1627130,63779589510148,-13.56014,2.577794,-0.08743292,-0.07278395,0.9610518,-0.07423718,-0.256068,0.009099152,0.002022537,-0.02329028,0.1020966,-0.2008667,0.9742737,0.03072002,0.001748123,-0.02238761,0.03072002,0.001748123,-0.02238761,0.1085052,-0.1935577,0.9750671,0.1085052,-0.1935577,0.9750671,4.416107,4.416107,True,True,True
1627139,63779589510159,-13.56014,2.577777,-0.08743817,-0.07280138,0.9610422,-0.07440341,-0.2560507,0.008706604,0.002026855,-0.02330473,0.1010437,-0.2010193,0.97435,0.03072028,0.001747437,-0.02238351,0.03072028,0.001747437,-0.02238351,0.1069794,-0.1937408,0.9751892,0.1069794,-0.1937408,0.9751892,4.415695,4.415695,True,True,True
1627147,63779589510170,-13.56016,2.577766,-0.087403,-0.07270897,0.9610587,-0.07442886,-0.2560076,0.008153687,0.0020327,-0.02332382,0.1013794,-0.2011566,0.9742889,0.03072099,0.001745499,-0.02237631,0.03072099,0.001745499,-0.02237631,0.1077576,-0.1936798,0.9751129,0.1077576,-0.1936798,0.9751129,4.415939,4.415939,True,True,True
1627155,63779589510181,-13.56019,2.577769,-0.08738399,-0.07276326,0.9610497,-0.07452056,-0.2559994,0.007897904,0.002035477,-0.02333641,0.1018982,-0.2009735,0.9742737,0.03072122,0.001744721,-0.02237465,0.03072122,0.001744721,-0.02237465,0.1077881,-0.193573,0.9751434,0.1077881,-0.193573,0.9751434,4.413712,4.413712,True,True,True
1627164,63779589510181,-13.56019,2.577769,-0.08738399,-0.07276326,0.9610497,-0.07452056,-0.2559994,0.007545044,0.002039719,-0.02334326,0.1017456,-0.2017822,0.9741211,0.03072151,0.001744293,-0.02235899,0.03072151,0.001744293,-0.02235899,0.1076355,-0.1945648,0.9749603,0.1076355,-0.1945648,0.9749603,4.403061,4.403061,True,True,True
1627172,63779589510192,-13.56019,2.577765,-0.08736825,-0.07271555,0.9610447,-0.07462102,-0.2560024,0.00737587,0.002041855,-0.0233494,0.1013489,-0.2019958,0.9741211,0.03072229,0.001744232,-0.02235486,0.03072229,0.001744232,-0.02235486,0.1078491,-0.1948242,0.974884,0.1078491,-0.1948242,0.974884,4.403,4.403,True,True,True
1627180,63779589510203,-13.56015,2.577717,-0.087363,-0.07272112,0.9610606,-0.07465677,-0.255931,0.007314362,0.002042648,-0.02334956,0.1012115,-0.2021179,0.9741058,0.03072255,0.001744232,-0.02234915,0.03072255,0.001744232,-0.02234915,0.1073761,-0.1950989,0.974884,0.1073761,-0.1950989,0.974884,4.386383,4.386383,True,True,True
1627189,63779589510214,-13.56015,2.577724,-0.08733821,-0.07272873,0.9610433,-0.07463895,-0.2559988,0.007144211,0.002044983,-0.0233573,0.1015167,-0.2014313,0.9742126,0.03072396,0.001744232,-0.02234869,0.03072396,0.001744232,-0.02234869,0.1075745,-0.1938782,0.9750977,0.1075745,-0.1938782,0.9750977,4.380615,4.380615,True,True,True
1627197,63779589510214,-13.56015,2.577724,-0.08733821,-0.07272873,0.9610433,-0.07463895,-0.2559988,0.007055039,0.002046219,-0.02335994,0.1018066,-0.2015686,0.9741516,0.03072513,0.001744293,-0.02234603,0.03072513,0.001744293,-0.02234603,0.1078796,-0.1940765,0.9750214,0.1078796,-0.1940765,0.9750214,4.378693,4.378693,True,True,True
1627205,63779589510226,-13.56018,2.577783,-0.08729792,-0.07280038,0.9610279,-0.07469455,-0.2560202,0.006974884,0.002047562,-0.02335527,0.101532,-0.2022552,0.9740448,0.03072531,0.001744721,-0.02233127,0.03072531,0.001744721,-0.02233127,0.1075897,-0.1952057,0.9748383,0.1075897,-0.1952057,0.9748383,4.378784,4.378784,True,True,True
1627214,63779589510236,-13.56016,2.577708,-0.08728486,-0.072776,0.9610438,-0.07461958,-0.255989,0.007077515,0.002046478,-0.02335092,0.1017761,-0.2021942,0.9740295,0.03072617,0.001744721,-0.02232842,0.03072617,0.001744721,-0.02232842,0.1076508,-0.1954193,0.9747772,0.1076508,-0.1954193,0.9747772,4.378036,4.378036,True,True,True
1627222,63779589510247,-13.56017,2.577717,-0.08726704,-0.07272092,0.961044,-0.07449822,-0.2560394,0.007121597,0.002045959,-0.02334699,0.1020508,-0.2018127,0.9740753,0.03072751,0.001744721,-0.0223224,0.03072751,0.001744721,-0.0223224,0.1079865,-0.1957855,0.9746704,0.1079865,-0.1957855,0.9746704,4.378311,4.378311,True,True,True
1627230,63779589510247,-13.56017,2.577717,-0.08726704,-0.07272092,0.961044,-0.07449822,-0.2560394,0.006938446,0.002048676,-0.02335492,0.1011353,-0.2019501,0.9741516,0.03072806,0.001745148,-0.02232092,0.03072806,0.001745148,-0.02232092,0.1064148,-0.1959991,0.9748077,0.1064148,-0.1959991,0.9748077,4.368607,4.368607,True,True,True
1627239,63779589510259,-13.56017,2.577774,-0.08726668,-0.07268798,0.9610552,-0.07438556,-0.2560394,0.006981919,0.002048309,-0.0233488,0.1017914,-0.2021942,0.9740295,0.03072862,0.001745331,-0.02231362,0.03072862,0.001745331,-0.02231362,0.1082001,-0.1963196,0.9745331,0.1082001,-0.1963196,0.9745331,4.368484,4.368484,True,True,True
1627247,63779589510270,-13.56019,2.577791,-0.08724278,-0.07272612,0.9610649,-0.07430038,-0.2560167,0.007124283,0.002046509,-0.02334358,0.1025085,-0.2019653,0.973999,0.0307293,0.001745331,-0.02231192,0.0307293,0.001745331,-0.02231192,0.1083832,-0.1962433,0.9745331,0.1083832,-0.1962433,0.9745331,4.368408,4.368408,True,True,True
1627255,63779589510281,-13.5602,2.577735,-0.0872072,-0.07276916,0.9610606,-0.07408827,-0.2560824,0.007362091,0.002044037,-0.02333377,0.1021881,-0.2021637,0.973999,0.03072937,0.001746277,-0.02231133,0.03072937,0.001746277,-0.02231133,0.1084137,-0.1967163,0.9744415,0.1084137,-0.1967163,0.9744415,4.368347,4.368347,True,True,True
1627264,63779589510281,-13.5602,2.577735,-0.0872072,-0.07276916,0.9610606,-0.07408827,-0.2560824,0.007529496,0.002042526,-0.02332709,0.1022339,-0.20224,0.9739838,0.03072943,0.001747299,-0.02231133,0.03072943,0.001747299,-0.02231133,0.1084137,-0.1969757,0.9743805,0.1084137,-0.1969757,0.9743805,4.368256,4.368256,True,True,True
1627272,63779589510292,-13.5602,2.577748,-0.08714724,-0.07285625,0.9610449,-0.07406241,-0.256124,0.007927567,0.002037796,-0.02331174,0.1019287,-0.2020111,0.9740601,0.03073081,0.001747833,-0.02231027,0.03073081,0.001747833,-0.02231027,0.1077118,-0.1970215,0.9744568,0.1077118,-0.1970215,0.9744568,4.362793,4.362793,True,True,True
1627280,63779589510303,-13.5602,2.577757,-0.08712232,-0.07294849,0.961015,-0.07399064,-0.2562305,0.008230271,0.002034546,-0.02329837,0.1020508,-0.2021332,0.9740143,0.03073093,0.00174881,-0.02230995,0.03073093,0.00174881,-0.02230995,0.1077728,-0.1973114,0.9743958,0.1077728,-0.1973114,0.9743958,4.36824,4.36824,True,True,True
1627289,63779589510314,-13.56022,2.577765,-0.08710402,-0.07306605,0.9610045,-0.07392648,-0.2562552,0.008449677,0.002031571,-0.02328844,0.1016388,-0.2020416,0.9740753,0.03073097,0.00174881,-0.02230916,0.03073097,0.00174881,-0.02230916,0.1075287,-0.1973419,0.974411,0.1075287,-0.1973419,0.974411,4.362747,4.362747,True,True,True
1627297,63779589510314,-13.56022,2.577765,-0.08710402,-0.07306605,0.9610045,-0.07392648,-0.2562552,0.008650452,0.002028748,-0.02327884,0.1020966,-0.2016296,0.9741211,0.03073125,0.00174881,-0.02230649,0.03073125,0.00174881,-0.02230649,0.1075745,-0.1969452,0.9744873,0.1075745,-0.1969452,0.9744873,4.360703,4.360703,True,True,True
1627305,63779589510325,-13.56023,2.57777,-0.08708501,-0.07302731,0.9609969,-0.0738605,-0.2563138,0.008763153,0.002026947,-0.02327303,0.1019745,-0.199707,0.9745178,0.03073128,0.00174881,-0.0223046,0.03073128,0.00174881,-0.0223046,0.1077576,-0.194046,0.9750519,0.1077576,-0.194046,0.9750519,4.35611,4.35611,True,True,True
1627314,63779589510336,-13.56025,2.577804,-0.08708686,-0.07303685,0.9609748,-0.07376032,-0.2564225,0.00871109,0.002026749,-0.0232746,0.102005,-0.1996002,0.9745483,0.03073128,0.00174881,-0.02230331,0.03073128,0.00174881,-0.02230331,0.1077423,-0.1941681,0.9750214,0.1077423,-0.1941681,0.9750214,4.352768,4.352768,True,True,True
1627322,63779589510348,-13.56027,2.577724,-0.08709818,-0.07305846,0.9609734,-0.07380295,-0.2564092,0.008468781,0.002029327,-0.02328478,0.1019745,-0.2001648,0.9744263,0.03073128,0.00174881,-0.02230206,0.03073128,0.00174881,-0.02230206,0.1077728,-0.1942444,0.9750061,0.1077728,-0.1942444,0.9750061,4.356216,4.356216,True,True,True
1627330,63779589510348,-13.56027,2.577724,-0.08709818,-0.07305846,0.9609734,-0.07380295,-0.2564092,0.008241806,0.002031967,-0.02329492,0.1022491,-0.2005005,0.9743347,0.03073128,0.00174881,-0.0223017,0.03073128,0.00174881,-0.0223017,0.1077423,-0.1938019,0.9750977,0.1077423,-0.1938019,0.9750977,4.352722,4.352722,True,True,True
1627339,63779589510359,-13.56033,2.577697,-0.08697051,-0.07302528,0.9609526,-0.07374032,-0.2565149,0.008198365,0.002032105,-0.02329685,0.1022644,-0.200531,0.9743195,0.03073128,0.00174881,-0.0223017,0.03073128,0.00174881,-0.0223017,0.1077728,-0.1937866,0.9750977,0.1077728,-0.1937866,0.9750977,4.356339,4.356339,True,True,True
1627347,63779589510370,-13.56032,2.577659,-0.08700639,-0.07307363,0.9609494,-0.07369568,-0.256526,0.008116547,0.002032486,-0.02330066,0.1020966,-0.2008362,0.9742737,0.03073128,0.001747757,-0.02230127,0.03073128,0.001747757,-0.02230127,0.1080475,-0.193985,0.9750214,0.1080475,-0.193985,0.9750214,4.35611,4.35611,True,True,True
1627355,63779589510381,-13.56033,2.577641,-0.08698535,-0.07324819,0.9609349,-0.07363071,-0.256549,0.00814978,0.00203122,-0.02329939,0.1021881,-0.2007141,0.9742889,0.03073128,0.001746353,-0.02230127,0.03073128,0.001746353,-0.02230127,0.1080475,-0.1936646,0.9750824,0.1080475,-0.1936646,0.9750824,4.356369,4.356369,True,True,True
1627364,63779589510381,-13.56033,2.577641,-0.08698535,-0.07324819,0.9609349,-0.07363071,-0.256549,0.008171189,0.002029785,-0.02329795,0.1021423,-0.2014008,0.9741669,0.03073085,0.001744476,-0.02230045,0.03073085,0.001744476,-0.02230045,0.1079407,-0.1932831,0.975174,0.1079407,-0.1932831,0.975174,4.356369,4.356369,True,True,True
1627372,63779589510392,-13.56033,2.577682,-0.08704895,-0.07326735,0.9609435,-0.07360046,-0.2565199,0.008166047,0.002029556,-0.0232982,0.1021881,-0.2013092,0.9741669,0.03073085,0.001743973,-0.02230045,0.03073085,0.001743973,-0.02230045,0.108078,-0.1931305,0.9751892,0.108078,-0.1931305,0.9751892,4.353012,4.353012,True,True,True
1627380,63779589510403,-13.56032,2.577681,-0.08706391,-0.07343177,0.96092,-0.07361069,-0.2565579,0.00816037,0.002029297,-0.02329767,0.1020203,-0.2013092,0.9741974,0.0307307,0.001743439,-0.0222991,0.0307307,0.001743439,-0.0222991,0.1080017,-0.1931305,0.9752045,0.1080017,-0.1931305,0.9752045,4.347702,4.347702,True,True,True
1627389,63779589510414,-13.56028,2.577664,-0.08707583,-0.07343039,0.9609067,-0.07358938,-0.2566142,0.008237198,0.002027969,-0.02329439,0.1020203,-0.2012024,0.9742126,0.03073056,0.001742859,-0.0222991,0.03073056,0.001742859,-0.0222991,0.1079254,-0.1929932,0.975235,0.1079254,-0.1929932,0.975235,4.342682,4.342682,True,True,True
1627397,63779589510414,-13.56028,2.577664,-0.08707583,-0.07343039,0.9609067,-0.07358938,-0.2566142,0.008288468,0.002027329,-0.02329219,0.1019135,-0.2012177,0.9742279,0.03072968,0.001742859,-0.0222991,0.03072968,0.001742859,-0.0222991,0.1076202,-0.1929779,0.9752655,0.1076202,-0.1929779,0.9752655,4.333893,4.333893,True,True,True
1627405,63779589510425,-13.56033,2.577692,-0.08707058,-0.07349674,0.9609126,-0.07360314,-0.2565694,0.008294662,0.002026596,-0.02329291,0.1013794,-0.2012177,0.9742737,0.03072876,0.001741272,-0.02230045,0.03072876,0.001741272,-0.02230045,0.1072235,-0.1928864,0.9753418,0.1072235,-0.1928864,0.9753418,4.333725,4.333725,True,True,True
1627414,63779589510436,-13.56035,2.577681,-0.08706677,-0.0734871,0.960942,-0.07357106,-0.256471,0.008311936,0.00202626,-0.02329176,0.1014099,-0.2012482,0.9742584,0.03072855,0.001741089,-0.0222991,0.03072855,0.001741089,-0.0222991,0.1072388,-0.1929932,0.9753113,0.1072388,-0.1929932,0.9753113,4.322556,4.322556,True,True,True
1627422,63779589510447,-13.56039,2.577669,-0.08705699,-0.07347229,0.9609401,-0.07356323,-0.256485,0.008240463,0.002027008,-0.02329579,0.1011963,-0.2011414,0.9743042,0.03072753,0.001741089,-0.02230127,0.03072753,0.001741089,-0.02230127,0.1070709,-0.1927795,0.9753723,0.1070709,-0.1927795,0.9753723,4.336121,4.336121,True,True,True
1627430,63779589510447,-13.56039,2.577669,-0.08705699,-0.07347229,0.9609401,-0.07356323,-0.256485,0.008301148,0.002026031,-0.023293,0.1009674,-0.2010956,0.97435,0.03072737,0.001741028,-0.0223011,0.03072737,0.001741028,-0.0223011,0.1066589,-0.1927948,0.9754181,0.1066589,-0.1927948,0.9754181,4.343033,4.343033,True,True,True
1627439,63779589510459,-13.56041,2.577657,-0.08705842,-0.07351065,0.9609514,-0.07355703,-0.256433,0.008312607,0.002025879,-0.02329248,0.1011353,-0.2013702,0.9742737,0.03072702,0.001741028,-0.0223011,0.03072702,0.001741028,-0.0223011,0.1069489,-0.1927795,0.9753876,0.1069489,-0.1927795,0.9753876,4.336197,4.336197,True,True,True
1627447,63779589510470,-13.56041,2.577668,-0.08711153,-0.07352524,0.9609233,-0.07353785,-0.2565397,0.008239274,0.00202681,-0.02329643,0.1009064,-0.2010193,0.9743652,0.03072673,0.001741028,-0.0223011,0.03072673,0.001741028,-0.0223011,0.1068726,-0.1927795,0.9754028,0.1068726,-0.1927795,0.9754028,4.336075,4.336075,True,True,True
1627455,63779589510481,-13.56044,2.577678,-0.08711851,-0.07348016,0.9609708,-0.07345337,-0.256399,0.008278992,0.002026245,-0.02329524,0.1006317,-0.2022095,0.9741516,0.03072617,0.001740936,-0.0223011,0.03072617,0.001740936,-0.0223011,0.106308,-0.1957855,0.9748535,0.106308,-0.1957855,0.9748535,4.335297,4.335297,True,True,True
1627464,63779589510481,-13.56044,2.577678,-0.08711851,-0.07348016,0.9609708,-0.07345337,-0.256399,0.008322999,0.002025696,-0.02329332,0.1003876,-0.201889,0.9742432,0.03072609,0.001740936,-0.0223011,0.03072609,0.001740936,-0.0223011,0.1060333,-0.1958008,0.974884,0.1060333,-0.1958008,0.974884,4.335464,4.335464,True,True,True
1627472,63779589510492,-13.56036,2.577688,-0.08715987,-0.07348045,0.9609576,-0.07336143,-0.2564747,0.008362168,0.002023895,-0.02329173,0.1001434,-0.2015381,0.9743347,0.03072606,0.001738831,-0.0223011,0.03072606,0.001738831,-0.0223011,0.1057434,-0.1952972,0.9750214,0.1057434,-0.1952972,0.9750214,4.319672,4.319672,True,True,True
1627480,63779589510503,-13.56035,2.577707,-0.08706951,-0.07340838,0.9609841,-0.07324367,-0.25643,0.008373764,0.002023087,-0.02329007,0.09924316,-0.2014313,0.9744568,0.03072579,0.001738464,-0.02229884,0.03072579,0.001738464,-0.02229884,0.1043243,-0.1953735,0.9751587,0.1043243,-0.1953735,0.9751587,4.31955,4.31955,True,True,True
1627489,63779589510515,-13.56035,2.577716,-0.08708203,-0.07345304,0.960971,-0.07321065,-0.2564752,0.008368912,0.002023148,-0.02329071,0.09877014,-0.2017059,0.9744415,0.0307255,0.001738464,-0.02229884,0.0307255,0.001738464,-0.02229884,0.1043549,-0.1958466,0.9750519,0.1043549,-0.1958466,0.9750519,4.335236,4.335236,True,True,True
1627497,63779589510515,-13.56035,2.577716,-0.08708203,-0.07345304,0.960971,-0.07321065,-0.2564752,0.008280823,0.002023544,-0.02329122,0.09846497,-0.2014618,0.9745178,0.03072478,0.001737289,-0.0222932,0.03072478,0.001737289,-0.0222932,0.1038208,-0.1958466,0.9751129,0.1038208,-0.1958466,0.9751129,4.343246,4.343246,True,True,True
1627505,63779589510525,-13.56033,2.577768,-0.08708173,-0.07343592,0.9609817,-0.07316746,-0.2564523,0.008065507,0.002024628,-0.02329759,0.09837341,-0.200882,0.9746552,0.0307246,0.001734543,-0.02228671,0.0307246,0.001734543,-0.02228671,0.1037292,-0.1944733,0.9754028,0.1037292,-0.1944733,0.9754028,4.344788,4.344788,True,True,True
1627514,63779589510536,-13.56032,2.577763,-0.08710545,-0.07346025,0.9609469,-0.07318182,-0.256572,0.007745255,0.002025864,-0.02330792,0.09811401,-0.2005768,0.9747467,0.0307244,0.001729813,-0.02227861,0.0307244,0.001729813,-0.02227861,0.1034241,-0.1938019,0.9755707,0.1034241,-0.1938019,0.9755707,4.348282,4.348282,True,True,True
1627522,63779589510547,-13.56035,2.577775,-0.08713627,-0.07338154,0.9609798,-0.07312663,-0.2564871,0.007511887,0.002028793,-0.02331812,0.09802246,-0.2013245,0.9745941,0.0307244,0.001729691,-0.02227701,0.0307244,0.001729691,-0.02227701,0.1033173,-0.1950073,0.9753265,0.1033173,-0.1950073,0.9753265,4.358658,4.358658,True,True,True
1627530,63779589510547,-13.56035,2.577775,-0.08713627,-0.07338154,0.9609798,-0.07312663,-0.2564871,0.007357804,0.00203067,-0.02332457,0.09838867,-0.2006531,0.9747009,0.0307244,0.001729508,-0.022276,0.0307244,0.001729508,-0.022276,0.1033325,-0.1938629,0.9755554,0.1033325,-0.1938629,0.9755554,4.359604,4.359604,True,True,True
1627539,63779589510558,-13.56037,2.577787,-0.08709079,-0.07338839,0.9609818,-0.07308649,-0.2564888,0.007244064,0.002029984,-0.02332703,0.09841919,-0.2007599,0.9746704,0.0307244,0.001725891,-0.02227011,0.0307244,0.001725891,-0.02227011,0.1034088,-0.1945953,0.9754028,0.1034088,-0.1945953,0.9754028,4.368713,4.368713,True,True,True
1627547,63779589510570,-13.56039,2.5778,-0.08711523,-0.07335697,0.9610017,-0.07310686,-0.2564175,0.007285401,0.002029022,-0.02332668,0.09843445,-0.201004,0.9746246,0.03072441,0.001724945,-0.02227011,0.03072441,0.001724945,-0.02227011,0.1034088,-0.1943665,0.9754486,0.1034088,-0.1943665,0.9754486,4.368652,4.368652,True,True,True
1627555,63779589510580,-13.5604,2.577843,-0.08715653,-0.07335918,0.9609858,-0.07298224,-0.2565116,0.007432328,0.002024887,-0.02332039,0.09857178,-0.2006378,0.9746857,0.03072438,0.001720902,-0.02227011,0.03072438,0.001720902,-0.02227011,0.1035919,-0.1937408,0.9755554,0.1035919,-0.1937408,0.9755554,4.369034,4.369034,True,True,True
1627564,63779589510580,-13.5604,2.577843,-0.08715653,-0.07335918,0.9609858,-0.07298224,-0.2565116,0.007694794,0.002021149,-0.02330888,0.09855652,-0.201004,0.9746094,0.03072438,0.00172023,-0.02227011,0.03072438,0.00172023,-0.02227011,0.1035004,-0.194519,0.9754181,0.1035004,-0.194519,0.9754181,4.380051,4.380051,True,True,True
1627572,63779589510592,-13.5604,2.57781,-0.08720785,-0.07330345,0.9609951,-0.07301547,-0.2564833,0.008028672,0.002017426,-0.02329427,0.09861755,-0.2001343,0.9747772,0.03072438,0.00172023,-0.02227011,0.03072438,0.00172023,-0.02227011,0.1035004,-0.1931915,0.9756775,0.1035004,-0.1931915,0.9756775,4.38028,4.38028,True,True,True
1627580,63779589510603,-13.56046,2.577788,-0.08722842,-0.07336969,0.9609804,-0.07303026,-0.2565154,0.008283311,0.002014145,-0.0232838,0.09855652,-0.1998291,0.9748535,0.03072441,0.00172023,-0.02227011,0.03072441,0.00172023,-0.02227011,0.1035004,-0.1929321,0.9757233,0.1035004,-0.1929321,0.9757233,4.380264,4.380264,True,True,True
1627589,63779589510614,-13.56055,2.577734,-0.08721995,-0.07343905,0.9610035,-0.07309029,-0.2563922,0.008446366,0.002013077,-0.02327741,0.09866333,-0.1999664,0.9748077,0.03072441,0.00172023,-0.02227011,0.03072441,0.00172023,-0.02227011,0.1035004,-0.1929321,0.9757233,0.1035004,-0.1929321,0.9757233,4.380264,4.380264,True,True,True
1627597,63779589510614,-13.56055,2.577734,-0.08721995,-0.07343905,0.9610035,-0.07309029,-0.2563922,0.008584183,0.00201207,-0.02327266,0.09869385,-0.2000122,0.9747925,0.03072453,0.00172023,-0.02227011,0.03072453,0.00172023,-0.02227011,0.1035309,-0.1928864,0.9757385,0.1035309,-0.1928864,0.9757385,4.380661,4.380661,True,True,True
1627605,63779589510626,-13.56056,2.577735,-0.08723801,-0.07347244,0.9609789,-0.0731919,-0.2564454,0.008779404,0.002009735,-0.02326497,0.09848022,-0.1998749,0.9748535,0.03072453,0.00172023,-0.02227092,0.03072453,0.00172023,-0.02227092,0.1030121,-0.1927643,0.9758148,0.1030121,-0.1927643,0.9758148,4.398468,4.398468,True,True,True
1627614,63779589510636,-13.56059,2.577718,-0.0873096,-0.07352741,0.9609661,-0.07333281,-0.2564377,0.008928299,0.002008591,-0.02326029,0.09883118,-0.1998291,0.974823,0.03072464,0.00172023,-0.022272,0.03072464,0.00172023,-0.022272,0.1030884,-0.1927032,0.9758148,0.1030884,-0.1927032,0.9758148,4.404755,4.404755,True,True,True
1627622,63779589510647,-13.56062,2.577709,-0.08732724,-0.07351302,0.9609634,-0.07344823,-0.2564185,0.008953187,0.002008286,-0.02326117,0.09918213,-0.2007446,0.9745941,0.03072484,0.00172023,-0.02227341,0.03072484,0.00172023,-0.02227341,0.1037903,-0.1942902,0.9754333,0.1037903,-0.1942902,0.9754333,4.404236,4.404236,True,True,True
1627630,63779589510647,-13.56062,2.577709,-0.08732724,-0.07351302,0.9609634,-0.07344823,-0.2564185,0.008961502,0.002009308,-0.02326352,0.09909058,-0.2008667,0.9745789,0.03072484,0.001721863,-0.02227615,0.03072484,0.001721863,-0.02227615,0.1040802,-0.194519,0.9753571,0.1040802,-0.194519,0.9753571,4.404282,4.404282,True,True,True
1627639,63779589510658,-13.56053,2.577666,-0.08731616,-0.07347072,0.9609679,-0.07356472,-0.2563805,0.008855484,0.002012283,-0.02327231,0.09951782,-0.2006836,0.9745789,0.03072487,0.001723251,-0.02228096,0.03072487,0.001723251,-0.02228096,0.1044617,-0.1945038,0.9753113,0.1044617,-0.1945038,0.9753113,4.408936,4.408936,True,True,True
1627647,63779589510669,-13.56053,2.577683,-0.08733553,-0.07349432,0.9609396,-0.07376039,-0.2564238,0.008752564,0.00201387,-0.02327716,0.09945679,-0.2003937,0.9746399,0.03072487,0.001723282,-0.02228096,0.03072487,0.001723282,-0.02228096,0.1045074,-0.1939545,0.9754181,0.1045074,-0.1939545,0.9754181,4.413742,4.413742,True,True,True
1627655,63779589510681,-13.56053,2.577613,-0.08729345,-0.07346216,0.9609551,-0.07373606,-0.2563818,0.008640595,0.002015549,-0.02328357,0.09938049,-0.2007446,0.9745789,0.03072484,0.001723343,-0.02228096,0.03072484,0.001723343,-0.02228096,0.1044922,-0.194519,0.9753113,0.1044922,-0.194519,0.9753113,4.413376,4.413376,True,True,True
1627663,63779589510681,-13.56053,2.577613,-0.08729345,-0.07346216,0.9609551,-0.07373606,-0.2563818,0.00855072,0.002018234,-0.02328799,0.09927368,-0.2007751,0.9745941,0.03072464,0.001724747,-0.02228096,0.03072464,0.001724747,-0.02228096,0.1044769,-0.1943054,0.9753571,0.1044769,-0.1943054,0.9753571,4.419113,4.419113,True,True,True
1627672,63779589510692,-13.56048,2.577586,-0.08730853,-0.0735578,0.9609231,-0.07389196,-0.2564296,0.008552796,0.002019318,-0.02329038,0.09939575,-0.2011871,0.9744873,0.03072464,0.001724747,-0.02228096,0.03072464,0.001724747,-0.02228096,0.1045227,-0.1948242,0.9752502,0.1045227,-0.1948242,0.9752502,4.423828,4.423828,True,True,True
1627680,63779589510703,-13.56049,2.577559,-0.08731705,-0.07352104,0.9609283,-0.07389662,-0.2564192,0.008630585,0.002019104,-0.02328801,0.09959412,-0.2007141,0.9745636,0.03072487,0.001724869,-0.02228096,0.03072487,0.001724869,-0.02228096,0.1046295,-0.1943817,0.9753265,0.1046295,-0.1943817,0.9753265,4.431854,4.431854,True,True,True
1627688,63779589510714,-13.56055,2.577574,-0.08729643,-0.07348308,0.960937,-0.07397209,-0.2563757,0.00877298,0.002017944,-0.02328221,0.09947205,-0.2007599,0.9745636,0.03072487,0.001725983,-0.02228096,0.03072487,0.001725983,-0.02228096,0.1046295,-0.1945343,0.975296,0.1046295,-0.1945343,0.975296,4.4319,4.4319,True,True,True
1627697,63779589510714,-13.56055,2.577574,-0.08729643,-0.07348308,0.960937,-0.07397209,-0.2563757,0.008913331,0.002016785,-0.02327365,0.09953308,-0.2009277,0.9745331,0.03072492,0.001726288,-0.02227615,0.03072492,0.001726288,-0.02227615,0.1047058,-0.1949005,0.9752045,0.1047058,-0.1949005,0.9752045,4.439331,4.439331,True,True,True
1627705,63779589510725,-13.56056,2.577557,-0.08732426,-0.07347915,0.9609256,-0.07396145,-0.2564226,0.008843201,0.002017792,-0.02327226,0.09938049,-0.2012482,0.974472,0.03072492,0.001726288,-0.0222683,0.03072492,0.001726288,-0.0222683,0.1044922,-0.1953888,0.9751282,0.1044922,-0.1953888,0.9751282,4.457718,4.457718,True,True,True
1627713,63779589510736,-13.56053,2.577526,-0.08728719,-0.07336955,0.9609413,-0.07384529,-0.256429,0.008528076,0.002022034,-0.02328351,0.1003571,-0.2003021,0.9745636,0.03072492,0.001726288,-0.02226286,0.03072492,0.001726288,-0.02226286,0.106308,-0.1937103,0.9752655,0.106308,-0.1937103,0.9752655,4.461746,4.461746,True,True,True
1627722,63779589510747,-13.56058,2.577622,-0.08728606,-0.07342163,0.9609087,-0.0737211,-0.2565715,0.00799646,0.002030151,-0.02330678,0.1004028,-0.2006378,0.9745026,0.03072492,0.001726349,-0.02226053,0.03072492,0.001726349,-0.02226053,0.1064301,-0.1937714,0.9752502,0.1064301,-0.1937714,0.9752502,4.47757,4.47757,True,True,True
1627730,63779589510747,-13.56058,2.577622,-0.08728606,-0.07342163,0.9609087,-0.0737211,-0.2565715,0.007783249,0.002033585,-0.02331578,0.1003418,-0.200882,0.9744568,0.03072498,0.001726883,-0.02225804,0.03072498,0.001726883,-0.02225804,0.1064453,-0.194046,0.9751892,0.1064453,-0.194046,0.9751892,4.477478,4.477478,True,True,True
1627738,63779589510758,-13.56062,2.577611,-0.08734244,-0.07351169,0.9609318,-0.07340917,-0.2565487,0.007264634,0.002041061,-0.02332918,0.1000214,-0.2019958,0.9742584,0.03072498,0.001727631,-0.02223929,0.03072498,0.001727631,-0.02223929,0.1062317,-0.1955566,0.9749146,0.1062317,-0.1955566,0.9749146,4.477722,4.477722,True,True,True
1627747,63779589510770,-13.56065,2.577646,-0.08737737,-0.07355884,0.9609275,-0.07315716,-0.2566233,0.006831299,0.002047867,-0.02334911,0.09947205,-0.202301,0.9742432,0.03072498,0.001727737,-0.02223897,0.03072498,0.001727737,-0.02223897,0.1055298,-0.1956177,0.9749756,0.1055298,-0.1956177,0.9749756,4.475174,4.475174,True,True,True
1627755,63779589510781,-13.56069,2.577653,-0.08740145,-0.07367543,0.960932,-0.07303507,-0.2566077,0.006623078,0.002050644,-0.02335748,0.09947205,-0.2024231,0.9742279,0.03072498,0.001727737,-0.02223677,0.03072498,0.001727737,-0.02223677,0.1056976,-0.1957397,0.9749298,0.1056976,-0.1957397,0.9749298,4.497818,4.497818,True,True,True
1627763,63779589510781,-13.56069,2.577653,-0.08740145,-0.07367543,0.960932,-0.07303507,-0.2566077,0.006468506,0.002052658,-0.02336467,0.09938049,-0.2025146,0.9742126,0.03072492,0.001727631,-0.02223677,0.03072492,0.001727631,-0.02223677,0.1056824,-0.1957092,0.9749451,0.1056824,-0.1957092,0.9749451,4.49794,4.49794,True,True,True
1627772,63779589510792,-13.56074,2.577666,-0.08739966,-0.07373919,0.9609013,-0.07295225,-0.2567278,0.006521988,0.002052078,-0.0233622,0.0997467,-0.2024384,0.9741974,0.03072492,0.001727631,-0.02223677,0.03072492,0.001727631,-0.02223677,0.106369,-0.1956635,0.9748688,0.106369,-0.1956635,0.9748688,4.498062,4.498062,True,True,True
1627780,63779589510803,-13.56069,2.577724,-0.08745265,-0.07385871,0.9608566,-0.07298813,-0.2568509,0.006778657,0.002048645,-0.02335027,0.1000366,-0.2023621,0.9741821,0.03072492,0.001727631,-0.02223677,0.03072492,0.001727631,-0.02223677,0.1068115,-0.1956635,0.974823,0.1068115,-0.1956635,0.974823,4.509567,4.509567,True,True,True
1627788,63779589510814,-13.56066,2.577743,-0.08745033,-0.07381433,0.9608565,-0.07293633,-0.2568785,0.007090897,0.002043656,-0.02333573,0.1000824,-0.2022858,0.9741821,0.03072492,0.001726257,-0.02223677,0.03072492,0.001726257,-0.02223677,0.1068115,-0.1956635,0.974823,0.1068115,-0.1956635,0.974823,4.509735,4.509735,True,True,True
1627797,63779589510814,-13.56066,2.577743,-0.08745033,-0.07381433,0.9608565,-0.07293633,-0.2568785,0.007427613,0.002039139,-0.02332005,0.1000977,-0.2021942,0.9742126,0.03072476,0.001725983,-0.02223677,0.03072476,0.001725983,-0.02223677,0.1067657,-0.1956024,0.9748383,0.1067657,-0.1956024,0.9748383,4.509705,4.509705,True,True,True
1627805,63779589510825,-13.56067,2.577765,-0.08750463,-0.0737028,0.9608552,-0.072999,-0.2568976,0.007818986,0.0020336,-0.02330182,0.09971619,-0.2021179,0.9742584,0.03072463,0.001725556,-0.02223677,0.03072463,0.001725556,-0.02223677,0.1063843,-0.1955261,0.9748993,0.1063843,-0.1955261,0.9748993,4.509705,4.509705,True,True,True
1627813,63779589510836,-13.56067,2.577747,-0.08750623,-0.07365628,0.9608619,-0.07305346,-0.2568703,0.008170746,0.002026474,-0.02328543,0.09967041,-0.2024841,0.9741821,0.03072423,0.001721665,-0.02223677,0.03072423,0.001721665,-0.02223677,0.1062927,-0.1963196,0.9747467,0.1062927,-0.1963196,0.9747467,4.509613,4.509613,True,True,True
1627822,63779589510847,-13.56068,2.577727,-0.08748853,-0.07357419,0.9608564,-0.07311375,-0.2568974,0.008154648,0.002025635,-0.02328806,0.09960938,-0.2040863,0.9738617,0.03072394,0.0017202,-0.02224004,0.03072394,0.0017202,-0.02224004,0.1061401,-0.1988678,0.9742584,0.1061401,-0.1988678,0.9742584,4.497208,4.497208,True,True,True
1627830,63779589510847,-13.56068,2.577727,-0.08748853,-0.07357419,0.9608564,-0.07311375,-0.2568974,0.00804445,0.002026932,-0.02329581,0.09976196,-0.2047119,0.9737091,0.03072391,0.001719971,-0.02224483,0.03072391,0.001719971,-0.02224483,0.1062164,-0.1993561,0.9741364,0.1062164,-0.1993561,0.9741364,4.508347,4.508347,True,True,True
1627838,63779589510859,-13.56064,2.577674,-0.08748573,-0.07356674,0.9608635,-0.07316761,-0.2568575,0.007940216,0.002026001,-0.02330063,0.09985352,-0.2048798,0.9736633,0.03072391,0.001716324,-0.02224483,0.03072391,0.001716324,-0.02224483,0.1062164,-0.1984863,0.9743195,0.1062164,-0.1984863,0.9743195,4.508682,4.508682,True,True,True
1627847,63779589510870,-13.56062,2.577643,-0.08748156,-0.07358799,0.9608656,-0.07318399,-0.2568391,0.007880311,0.00202562,-0.02330322,0.09976196,-0.2047577,0.9737091,0.03072391,0.001714493,-0.02224483,0.03072391,0.001714493,-0.02224483,0.1060181,-0.198288,0.9743805,0.1060181,-0.198288,0.9743805,4.480118,4.480118,True,True,True
1627855,63779589510880,-13.56062,2.577604,-0.08749038,-0.07369766,0.9608874,-0.07321457,-0.2567174,0.007848801,0.002022842,-0.02330467,0.09989929,-0.204895,0.9736633,0.03072389,0.001709213,-0.02224483,0.03072389,0.001709213,-0.02224483,0.1060181,-0.1985168,0.9743347,0.1060181,-0.1985168,0.9743347,4.480087,4.480087,True,True,True
1627863,63779589510880,-13.56062,2.577604,-0.08749038,-0.07369766,0.9608874,-0.07321457,-0.2567174,0.007840943,0.00202211,-0.02330502,0.09915161,-0.204895,0.9737396,0.03072389,0.001708054,-0.02224483,0.03072389,0.001708054,-0.02224483,0.1048279,-0.1982117,0.9745331,0.1048279,-0.1982117,0.9745331,4.479904,4.479904,True,True,True
1627872,63779589510892,-13.56058,2.577586,-0.08749437,-0.07384044,0.9608808,-0.07323903,-0.256694,0.007870286,0.002019409,-0.02330367,0.09893799,-0.2045746,0.9738312,0.03072389,0.001704254,-0.02224483,0.03072389,0.001704254,-0.02224483,0.1048431,-0.1972656,0.9747162,0.1048431,-0.1972656,0.9747162,4.480194,4.480194,True,True,True
1627880,63779589510903,-13.56054,2.57756,-0.08749831,-0.07381662,0.9608539,-0.07335587,-0.256768,0.007937409,0.002017212,-0.02330054,0.09851074,-0.2042236,0.973938,0.03072389,0.001702164,-0.02224483,0.03072389,0.001702164,-0.02224483,0.1041565,-0.1967316,0.9748993,0.1041565,-0.1967316,0.9748993,4.459076,4.459076,True,True,True
1627888,63779589510914,-13.56052,2.577596,-0.0875271,-0.07383723,0.9608592,-0.07347754,-0.2567075,0.008043808,0.002015091,-0.02329561,0.09875488,-0.2040253,0.9739685,0.03072389,0.001701111,-0.02224483,0.03072389,0.001701111,-0.02224483,0.1037445,-0.1965027,0.9749908,0.1037445,-0.1965027,0.9749908,4.455551,4.455551,True,True,True
1627897,63779589510914,-13.56052,2.577596,-0.0875271,-0.07383723,0.9608592,-0.07347754,-0.2567075,0.008116929,0.002013794,-0.02329221,0.09843445,-0.2042236,0.9739532,0.03072389,0.001700653,-0.0222448,0.03072389,0.001700653,-0.0222448,0.1028748,-0.1968994,0.9750061,0.1028748,-0.1968994,0.9750061,4.449631,4.449631,True,True,True
1627905,63779589510925,-13.56054,2.57759,-0.08752441,-0.07379971,0.9608831,-0.07360029,-0.2565936,0.008084122,0.002014176,-0.02328862,0.09840393,-0.2046204,0.973877,0.03072391,0.001700531,-0.02223615,0.03072391,0.001700531,-0.02223615,0.1028595,-0.1973877,0.9748993,0.1028595,-0.1973877,0.9748993,4.44606,4.44606,True,True,True
1627913,63779589510936,-13.56051,2.577585,-0.08759451,-0.07382866,0.9608896,-0.07372488,-0.2565253,0.007816238,0.002017838,-0.02329788,0.0983429,-0.2048798,0.9738312,0.03072394,0.001700455,-0.02223087,0.03072394,0.001700455,-0.02223087,0.1028595,-0.1976929,0.9748383,0.1028595,-0.1976929,0.9748383,4.446274,4.446274,True,True,True
1627922,63779589510947,-13.56059,2.577566,-0.08762276,-0.07386589,0.9609092,-0.07376968,-0.2564284,0.007591599,0.00202095,-0.02330763,0.0978241,-0.2049561,0.9738617,0.03072394,0.001700455,-0.0222294,0.03072394,0.001700455,-0.0222294,0.1020508,-0.197876,0.974884,0.1020508,-0.197876,0.974884,4.441269,4.441269,True,True,True
1627930,63779589510947,-13.56059,2.577566,-0.08762276,-0.07386589,0.9609092,-0.07376968,-0.2564284,0.007437516,0.002023087,-0.02331444,0.09831238,-0.2049103,0.9738159,0.03072434,0.001700455,-0.02222855,0.03072434,0.001700455,-0.02222855,0.1029663,-0.197876,0.9747925,0.1029663,-0.197876,0.9747925,4.446075,4.446075,True,True,True
1627938,63779589510958,-13.56058,2.577554,-0.08757514,-0.07391569,0.9609061,-0.07390133,-0.2563873,0.007289154,0.002025147,-0.02331801,0.09814453,-0.2050476,0.9738007,0.03072437,0.001700455,-0.02222244,0.03072437,0.001700455,-0.02222244,0.1029816,-0.198288,0.9747162,0.1029816,-0.198288,0.9747162,4.446304,4.446304,True,True,True
1627947,63779589510970,-13.56068,2.577479,-0.08758402,-0.07391606,0.9609147,-0.07394854,-0.2563418,0.00720485,0.002026642,-0.02332059,0.09811401,-0.2052612,0.9737701,0.0307244,0.001700455,-0.02221912,0.0307244,0.001700455,-0.02221912,0.102951,-0.1985016,0.9746704,0.102951,-0.1985016,0.9746704,4.440598,4.440598,True,True,True
1627955,63779589510980,-13.56067,2.577438,-0.087484,-0.07392092,0.9609203,-0.07391039,-0.25633,0.0072081,0.002026871,-0.02331902,0.09796143,-0.2051697,0.9738007,0.03072475,0.001700455,-0.02221649,0.03072475,0.001700455,-0.02221649,0.1027679,-0.198288,0.9747314,0.1027679,-0.198288,0.9747314,4.439194,4.439194,True,True,True
1627963,63779589510980,-13.56067,2.577438,-0.087484,-0.07392092,0.9609203,-0.07391039,-0.25633,0.007266938,0.002026108,-0.02331491,0.09765625,-0.2052307,0.9738159,0.03072484,0.001700455,-0.022214,0.03072484,0.001700455,-0.022214,0.1022491,-0.1984711,0.9747467,0.1022491,-0.1984711,0.9747467,4.434387,4.434387,True,True,True
1627972,63779589510992,-13.56069,2.577441,-0.08748305,-0.07381061,0.960936,-0.07382274,-0.2563286,0.007265687,0.002025894,-0.02331328,0.09698486,-0.204895,0.9739532,0.03072475,0.001699905,-0.02221095,0.03072475,0.001699905,-0.02221095,0.1022186,-0.1982422,0.9747925,0.1022186,-0.1982422,0.9747925,4.433334,4.433334,True,True,True
1627980,63779589511002,-13.56068,2.577461,-0.08745909,-0.07373222,0.9609393,-0.07374912,-0.2563595,0.007430985,0.002023926,-0.02330548,0.09698486,-0.2049103,0.9739532,0.03072475,0.001700455,-0.02221079,0.03072475,0.001700455,-0.02221079,0.1022034,-0.1983643,0.9747772,0.1022034,-0.1983643,0.9747772,4.43277,4.43277,True,True,True
1627988,63779589511014,-13.56069,2.577494,-0.08742756,-0.07356835,0.9609711,-0.0736758,-0.2563087,0.007507187,0.002023255,-0.02330023,0.0969696,-0.2047882,0.9739838,0.03072475,0.00170108,-0.02220789,0.03072475,0.00170108,-0.02220789,0.1021576,-0.1981964,0.9748077,0.1021576,-0.1981964,0.9748077,4.433563,4.433563,True,True,True
1627997,63779589511014,-13.56069,2.577494,-0.08742756,-0.07356835,0.9609711,-0.0736758,-0.2563087,0.007523926,0.002023026,-0.02329796,0.09754944,-0.2046967,0.973938,0.03072475,0.00170108,-0.02220502,0.03072475,0.00170108,-0.02220502,0.1022186,-0.1989441,0.9746552,0.1022186,-0.1989441,0.9746552,4.433075,4.433075,True,True,True
1628005,63779589511025,-13.56056,2.577481,-0.08738792,-0.07346534,0.9609486,-0.07362544,-0.2564369,0.00756511,0.002022446,-0.02329506,0.09751892,-0.2047424,0.973938,0.03072475,0.00170108,-0.02220343,0.03072475,0.00170108,-0.02220343,0.1021576,-0.1990204,0.9746399,0.1021576,-0.1990204,0.9746399,4.433014,4.433014,True,True,True
1628013,63779589511036,-13.56055,2.577498,-0.08734876,-0.07353709,0.9609553,-0.07353749,-0.2564165,0.007662598,0.002021088,-0.02329038,0.09683228,-0.2046661,0.9740143,0.03072475,0.00170108,-0.02220328,0.03072475,0.00170108,-0.02220328,0.1016998,-0.1990356,0.9746857,0.1016998,-0.1990356,0.9746857,4.432892,4.432892,True,True,True
1628022,63779589511047,-13.56055,2.577488,-0.08733851,-0.07347222,0.9609606,-0.07355002,-0.2564117,0.007671799,0.002020859,-0.02328856,0.09681702,-0.2047729,0.973999,0.03072475,0.00170108,-0.02220101,0.03072475,0.00170108,-0.02220101,0.1017151,-0.1992493,0.9746399,0.1017151,-0.1992493,0.9746399,4.433426,4.433426,True,True,True
1628030,63779589511047,-13.56055,2.577488,-0.08733851,-0.07347222,0.9609606,-0.07355002,-0.2564117,0.007724716,0.002020081,-0.02328624,0.09721375,-0.2046967,0.9739685,0.03072463,0.00170108,-0.02220142,0.03072463,0.00170108,-0.02220142,0.1016998,-0.199173,0.9746552,0.1016998,-0.199173,0.9746552,4.43602,4.43602,True,True,True
1628038,63779589511058,-13.56058,2.577416,-0.08732396,-0.07354017,0.9609536,-0.07347294,-0.2564405,0.007789002,0.00201918,-0.02328293,0.09661865,-0.2042694,0.9741211,0.0307236,0.00170108,-0.02220101,0.0307236,0.00170108,-0.02220101,0.1013641,-0.1986847,0.9747925,0.1013641,-0.1986847,0.9747925,4.428391,4.428391,True,True,True
1628047,63779589511070,-13.56057,2.577426,-0.08736593,-0.0734624,0.9609588,-0.0735063,-0.2564341,0.007874177,0.002017593,-0.02327861,0.09667969,-0.2038574,0.9742126,0.03072286,0.001700562,-0.02220076,0.03072286,0.001700562,-0.02220076,0.1015778,-0.1985321,0.9748077,0.1015778,-0.1985321,0.9748077,4.428162,4.428162,True,True,True
1628055,63779589511080,-13.56062,2.577417,-0.08735114,-0.07351555,0.9609514,-0.07351854,-0.2564427,0.007917954,0.002015747,-0.02327441,0.09628296,-0.2039337,0.9742279,0.03072138,0.001699951,-0.02219733,0.03072138,0.001699951,-0.02219733,0.1007843,-0.1986084,0.9748688,0.1007843,-0.1986084,0.9748688,4.428314,4.428314,True,True,True
1628063,63779589511080,-13.56062,2.577417,-0.08735114,-0.07351555,0.9609514,-0.07351854,-0.2564427,0.007958222,0.002014816,-0.02327211,0.09695435,-0.2038879,0.9741669,0.03072109,0.001699905,-0.02219647,0.03072109,0.001699905,-0.02219647,0.10112,-0.1986542,0.974823,0.10112,-0.1986542,0.974823,4.42836,4.42836,True,True,True
1628072,63779589511092,-13.56063,2.577446,-0.08732802,-0.07345223,0.9609562,-0.07363279,-0.2564104,0.007940887,0.002013199,-0.02327142,0.09643555,-0.2034912,0.9743042,0.03072073,0.00169725,-0.02219421,0.03072073,0.00169725,-0.02219421,0.1010284,-0.1980896,0.9749603,0.1010284,-0.1980896,0.9749603,4.428635,4.428635,True,True,True
1628080,63779589511103,-13.56059,2.577418,-0.08726209,-0.07340169,0.960972,-0.0736552,-0.256359,0.007881577,0.002013184,-0.02327373,0.09683228,-0.2033539,0.9742889,0.03072031,0.001695847,-0.02219341,0.03072031,0.001695847,-0.02219341,0.1009369,-0.1978149,0.9750214,0.1009369,-0.1978149,0.9750214,4.431442,4.431442,True,True,True
1628088,63779589511114,-13.56057,2.57742,-0.0871976,-0.07341191,0.9609677,-0.07371049,-0.2563567,0.007860016,0.002012634,-0.02327475,0.09680176,-0.2031403,0.9743347,0.03072008,0.001695175,-0.02219341,0.03072008,0.001695175,-0.02219341,0.1008759,-0.1976471,0.9750671,0.1008759,-0.1976471,0.9750671,4.431458,4.431458,True,True,True
1628097,63779589511114,-13.56057,2.57742,-0.0871976,-0.07341191,0.9609677,-0.07371049,-0.2563567,0.007887452,0.002011124,-0.02327333,0.09701538,-0.2033081,0.9742889,0.03071993,0.001693375,-0.02219341,0.03071993,0.001693375,-0.02219341,0.1011505,-0.197937,0.9749756,0.1011505,-0.197937,0.9749756,4.436295,4.436295,True,True,True
1628105,63779589511125,-13.56055,2.577427,-0.08717757,-0.07332622,0.9609567,-0.07380155,-0.256396,0.007900589,0.002010941,-0.02327281,0.09693909,-0.2027435,0.974411,0.03071933,0.001693375,-0.02219341,0.03071933,0.001693375,-0.02219341,0.1010742,-0.1970673,0.9751587,0.1010742,-0.1970673,0.9751587,4.448715,4.448715,True,True,True
1628113,63779589511136,-13.56054,2.577397,-0.08714938,-0.07344062,0.9609486,-0.07380437,-0.2563929,0.007929856,0.002009659,-0.02327075,0.09700012,-0.2029572,0.9743652,0.03071855,0.001691956,-0.02219234,0.03071855,0.001691956,-0.02219234,0.1010895,-0.1976166,0.9750366,0.1010895,-0.1976166,0.9750366,4.448853,4.448853,True,True,True
1628122,63779589511147,-13.56058,2.577394,-0.08711714,-0.0734705,0.9609492,-0.07370858,-0.2564093,0.007995789,0.002008743,-0.02326756,0.09700012,-0.2024536,0.974472,0.03071854,0.001691956,-0.02219222,0.03071854,0.001691956,-0.02219222,0.1010895,-0.1967773,0.9752197,0.1010895,-0.1967773,0.9752197,4.449768,4.449768,True,True,True
1628130,63779589511147,-13.56058,2.577394,-0.08711714,-0.0734705,0.9609492,-0.07370858,-0.2564093,0.008104218,0.002007263,-0.02326262,0.09751892,-0.202774,0.97435,0.03071817,0.001691956,-0.02219234,0.03071817,0.001691956,-0.02219234,0.1017761,-0.1976166,0.9749756,0.1017761,-0.1976166,0.9749756,4.448486,4.448486,True,True,True
1628138,63779589511158,-13.56057,2.577389,-0.08706051,-0.07347442,0.9609351,-0.07373418,-0.256454,0.008164857,0.002006729,-0.02325972,0.09831238,-0.2021942,0.9743805,0.03071689,0.001691956,-0.02219234,0.03071689,0.001691956,-0.02219234,0.1028442,-0.197525,0.974884,0.1028442,-0.197525,0.974884,4.449814,4.449814,True,True,True
1628147,63779589511169,-13.5606,2.577383,-0.08702856,-0.07356245,0.9609268,-0.07362927,-0.2564897,0.008273361,0.002005325,-0.0232562,0.09835815,-0.2020111,0.9744263,0.03071684,0.001691956,-0.02219222,0.03071684,0.001691956,-0.02219222,0.1029205,-0.1975708,0.9748688,0.1029205,-0.1975708,0.9748688,4.452621,4.452621,True,True,True
1628155,63779589511180,-13.56061,2.577389,-0.08700305,-0.07353716,0.9609229,-0.07360299,-0.2565193,0.008384781,0.002003906,-0.02325127,0.0983429,-0.2014618,0.9745331,0.0307166,0.001691956,-0.02219222,0.0307166,0.001691956,-0.02219222,0.1028442,-0.1966858,0.9750519,0.1028442,-0.1966858,0.9750519,4.452789,4.452789,True,True,True
1628163,63779589511180,-13.56061,2.577389,-0.08700305,-0.07353716,0.9609229,-0.07360299,-0.2565193,0.008475846,0.002002411,-0.02324613,0.09753418,-0.2014771,0.9746094,0.03071649,0.001691483,-0.02218988,0.03071649,0.001691483,-0.02218988,0.1013641,-0.1968079,0.975174,0.1013641,-0.1968079,0.975174,4.452789,4.452789,True,True,True
1628172,63779589511191,-13.56057,2.577382,-0.08696312,-0.07354008,0.9609179,-0.07353589,-0.2565562,0.008563538,0.002001526,-0.02324362,0.09840393,-0.2015076,0.9745178,0.03071614,0.001691956,-0.02219222,0.03071614,0.001691956,-0.02219222,0.1027374,-0.1966858,0.9750519,0.1027374,-0.1966858,0.9750519,4.453201,4.453201,True,True,True
1628180,63779589511204,-13.5606,2.577414,-0.08698291,-0.0736508,0.9609144,-0.07341721,-0.2565717,0.008600952,0.002000946,-0.02324185,0.09837341,-0.2012787,0.9745789,0.03071567,0.001691956,-0.02219222,0.03071567,0.001691956,-0.02219222,0.1026001,-0.1963654,0.9751434,0.1026001,-0.1963654,0.9751434,4.453491,4.453491,True,True,True
1628188,63779589511213,-13.56061,2.577431,-0.08695388,-0.07370426,0.9608974,-0.07334216,-0.2566414,0.008603272,0.002001068,-0.02324197,0.09890747,-0.2012634,0.9745178,0.03071526,0.001692184,-0.02219222,0.03071526,0.001692184,-0.02219222,0.1031342,-0.1963959,0.9750824,0.1031342,-0.1963959,0.9750824,4.453415,4.453415,True,True,True
1628197,63779589511213,-13.56061,2.577431,-0.08695388,-0.07370426,0.9608974,-0.07334216,-0.2566414,0.008556351,0.002001709,-0.02324726,0.09869385,-0.2010956,0.9745789,0.03071364,0.001692184,-0.02219588,0.03071364,0.001692184,-0.02219588,0.1027069,-0.1961823,0.9751587,0.1027069,-0.1961823,0.9751587,4.45343,4.45343,True,True,True
1628205,63779589511225,-13.56065,2.577412,-0.0869996,-0.07369001,0.9608814,-0.07324605,-0.256733,0.008464234,0.002002991,-0.02325209,0.097229,-0.2011566,0.9747162,0.03071294,0.001692184,-0.02219588,0.03071294,0.001692184,-0.02219588,0.1004181,-0.1962738,0.9753876,0.1004181,-0.1962738,0.9753876,4.452713,4.452713,True,True,True
1628213,63779589511236,-13.56067,2.577418,-0.08697337,-0.07372277,0.9608704,-0.07323063,-0.2567687,0.008353455,0.002004532,-0.02325732,0.09713745,-0.2018433,0.9745789,0.03071221,0.001692184,-0.02219588,0.03071221,0.001692184,-0.02219588,0.100235,-0.1962433,0.9754028,0.100235,-0.1962433,0.9754028,4.452744,4.452744,True,True,True
1628222,63779589511247,-13.56061,2.577447,-0.08691978,-0.07380727,0.9608935,-0.07312533,-0.2566883,0.008206544,0.002006592,-0.02326445,0.0982666,-0.2021179,0.974411,0.03071204,0.001692184,-0.02219608,0.03071204,0.001692184,-0.02219608,0.1019135,-0.1962433,0.975235,0.1019135,-0.1962433,0.975235,4.453064,4.453064,True,True,True
1628230,63779589511247,-13.56061,2.577447,-0.08691978,-0.07380727,0.9608935,-0.07312533,-0.2566883,0.008156219,0.002007095,-0.02326682,0.09819031,-0.2032623,0.9741821,0.03071127,0.001691956,-0.02219608,0.03071127,0.001691956,-0.02219608,0.1017151,-0.1980591,0.974884,0.1017151,-0.1980591,0.974884,4.45282,4.45282,True,True,True
1628238,63779589511258,-13.56062,2.577504,-0.08680445,-0.07379042,0.9608722,-0.073057,-0.2567926,0.008109451,0.002007614,-0.02326906,0.09822083,-0.2035065,0.9741211,0.03071086,0.001691895,-0.02219608,0.03071086,0.001691895,-0.02219608,0.1016083,-0.1980743,0.9748993,0.1016083,-0.1980743,0.9748993,4.452805,4.452805,True,True,True
1628247,63779589511269,-13.56067,2.577537,-0.08679652,-0.07379585,0.960856,-0.07301005,-0.256865,0.008139024,0.002006668,-0.02326762,0.09806824,-0.2037354,0.9740906,0.03070931,0.00169104,-0.02219608,0.03070931,0.00169104,-0.02219608,0.1011963,-0.1984863,0.9748535,0.1011963,-0.1984863,0.9748535,4.45224,4.45224,True,True,True
1628255,63779589511280,-13.56067,2.577442,-0.08675742,-0.07389347,0.9608614,-0.07279788,-0.2568768,0.008233796,0.002004959,-0.02326448,0.09817505,-0.203537,0.9741211,0.03070853,0.001690582,-0.02219858,0.03070853,0.001690582,-0.02219858,0.1014099,-0.1982117,0.974884,0.1014099,-0.1982117,0.974884,4.460327,4.460327,True,True,True
1628263,63779589511280,-13.56067,2.577442,-0.08675742,-0.07389347,0.9608614,-0.07279788,-0.2568768,0.008254304,0.002003891,-0.02326247,0.09751892,-0.2037506,0.9741516,0.03070813,0.001690125,-0.02219745,0.03070813,0.001690125,-0.02219745,0.1009369,-0.1987152,0.9748383,0.1009369,-0.1987152,0.9748383,4.459763,4.459763,True,True,True
1628272,63779589511291,-13.56071,2.577455,-0.08675724,-0.07393236,0.9608561,-0.07278913,-0.2568877,0.008197434,0.002003952,-0.02326581,0.09745789,-0.2037506,0.9741516,0.03070775,0.001689346,-0.02219858,0.03070775,0.001689346,-0.02219858,0.1008453,-0.1988068,0.974823,0.1008453,-0.1988068,0.974823,4.459564,4.459564,True,True,True
1628280,63779589511303,-13.56063,2.577491,-0.08676028,-0.0739398,0.9608533,-0.07270474,-0.2569202,0.008174088,0.002004013,-0.02326621,0.09715271,-0.2037964,0.9741669,0.0307066,0.001688919,-0.02219745,0.0307066,0.001688919,-0.02219745,0.1004791,-0.1992493,0.9747772,0.1004791,-0.1992493,0.9747772,4.451706,4.451706,True,True,True
1628288,63779589511313,-13.56065,2.5775,-0.08677942,-0.07396686,0.9608527,-0.07271367,-0.2569118,0.008084137,0.002004791,-0.02327046,0.09706116,-0.2036743,0.9742126,0.03070656,0.001688126,-0.02219745,0.03070656,0.001688126,-0.02219745,0.1004791,-0.1990051,0.974823,0.1004791,-0.1990051,0.974823,4.451996,4.451996,True,True,True
1628297,63779589511313,-13.56065,2.5775,-0.08677942,-0.07396686,0.9608527,-0.07271367,-0.2569118,0.008150574,0.002001923,-0.02326732,0.09655762,-0.2033691,0.9743195,0.03070625,0.001684952,-0.02219745,0.03070625,0.001684952,-0.02219745,0.1002502,-0.1984863,0.9749603,0.1002502,-0.1984863,0.9749603,4.432098,4.432098,True,True,True
1628305,63779589511325,-13.56072,2.577522,-0.08678997,-0.07404529,0.9608179,-0.07264285,-0.2570393,0.008104584,0.002002243,-0.02326987,0.09686279,-0.2034454,0.9742737,0.03070561,0.001684433,-0.02219745,0.03070561,0.001684433,-0.02219745,0.100769,-0.1987762,0.9748383,0.100769,-0.1987762,0.9748383,4.45192,4.45192,True,True,True
1628313,63779589511336,-13.56073,2.577472,-0.08674675,-0.07393797,0.9608278,-0.07262691,-0.2570381,0.008141206,0.002000733,-0.02326695,0.09637451,-0.2033539,0.9743347,0.03070461,0.001682816,-0.02219557,0.03070461,0.001682816,-0.02219557,0.1000214,-0.1986084,0.9749451,0.1000214,-0.1986084,0.9749451,4.459976,4.459976,True,True,True
1628322,63779589511347,-13.56074,2.577459,-0.08674347,-0.07399271,0.9608109,-0.07258341,-0.2570978,0.008133682,0.002000137,-0.02326479,0.09635925,-0.2045593,0.9740906,0.03070435,0.001681671,-0.02219145,0.03070435,0.001681671,-0.02219145,0.09997559,-0.200592,0.9745483,0.09997559,-0.200592,0.9745483,4.459335,4.459335,True,True,True
1628330,63779589511347,-13.56074,2.577459,-0.08674347,-0.07399271,0.9608109,-0.07258341,-0.2570978,0.007980545,0.002001587,-0.02326985,0.09675598,-0.2049408,0.9739685,0.03070384,0.001680496,-0.02218782,0.03070384,0.001680496,-0.02218782,0.1005859,-0.2011719,0.9743652,0.1005859,-0.2011719,0.9743652,4.459457,4.459457,True,True,True
1628338,63779589511358,-13.56077,2.577444,-0.0867365,-0.07402725,0.9607828,-0.07256727,-0.257197,0.007826279,0.002000809,-0.02327605,0.09663391,-0.2044525,0.9740906,0.03070365,0.001675186,-0.02218529,0.03070365,0.001675186,-0.02218529,0.1005249,-0.2002411,0.9745636,0.1005249,-0.2002411,0.9745636,4.459717,4.459717,True,True,True
1628347,63779589511370,-13.56081,2.577453,-0.08674729,-0.07395441,0.9607768,-0.07263567,-0.2572213,0.007665757,0.002002625,-0.02328203,0.09672546,-0.2046051,0.9740448,0.03070332,0.001674316,-0.02218199,0.03070332,0.001674316,-0.02218199,0.1010742,-0.2004242,0.974472,0.1010742,-0.2004242,0.974472,4.459732,4.459732,True,True,True
1628355,63779589511380,-13.56087,2.577457,-0.08676088,-0.07393298,0.9607522,-0.07261077,-0.2573261,0.007651917,0.00200235,-0.02328375,0.09507751,-0.2049408,0.9741364,0.03070322,0.001673019,-0.02218173,0.03070322,0.001673019,-0.02218173,0.09939575,-0.2007446,0.9745789,0.09939575,-0.2007446,0.9745789,4.447708,4.447708,True,True,True
1628363,63779589511380,-13.56087,2.577457,-0.08676088,-0.07393298,0.9607522,-0.07261077,-0.2573261,0.007661713,0.002001679,-0.02328291,0.09507751,-0.204834,0.9741516,0.03070322,0.001671829,-0.02218007,0.03070322,0.001671829,-0.02218007,0.09939575,-0.2005615,0.9746094,0.09939575,-0.2005615,0.9746094,4.447708,4.447708,True,True,True
1628372,63779589511391,-13.56082,2.577439,-0.08673573,-0.07392597,0.9607263,-0.07265891,-0.2574116,0.007769745,0.001998795,-0.02327821,0.09617615,-0.2053375,0.973938,0.03070322,0.001668732,-0.02218007,0.03070322,0.001668732,-0.02218007,0.101059,-0.2004852,0.9744568,0.101059,-0.2004852,0.9744568,4.459869,4.459869,True,True,True
1628380,63779589511403,-13.56083,2.577429,-0.08674055,-0.07392932,0.9607095,-0.07272524,-0.2574548,0.007913331,0.001996414,-0.02327112,0.09516907,-0.2062836,0.9738464,0.03070322,0.001668121,-0.0221783,0.03070322,0.001668121,-0.0221783,0.09941101,-0.200882,0.9745483,0.09941101,-0.200882,0.9745483,4.447693,4.447693,True,True,True
1628388,63779589511413,-13.56075,2.577494,-0.08676821,-0.07396468,0.9606584,-0.07289073,-0.2575881,0.008088272,0.001993591,-0.02326286,0.09606934,-0.206192,0.9737701,0.03070322,0.001667374,-0.02217821,0.03070322,0.001667374,-0.02217821,0.1008606,-0.2007599,0.9744263,0.1008606,-0.2007599,0.9744263,4.431839,4.431839,True,True,True
1628397,63779589511413,-13.56075,2.577494,-0.08676821,-0.07396468,0.9606584,-0.07289073,-0.2575881,0.008328919,0.001989884,-0.02325134,0.09573364,-0.2058868,0.973877,0.03070322,0.001666977,-0.02217819,0.03070322,0.001666977,-0.02217819,0.1008301,-0.2002411,0.9745331,0.1008301,-0.2002411,0.9745331,4.432129,4.432129,True,True,True
1628405,63779589511425,-13.56075,2.577491,-0.08687299,-0.07393045,0.9606583,-0.0728647,-0.2576057,0.008359772,0.001989441,-0.02324988,0.09561157,-0.205658,0.973938,0.03070322,0.001666977,-0.02217818,0.03070322,0.001666977,-0.02217818,0.1007843,-0.1997375,0.9746399,0.1007843,-0.1997375,0.9746399,4.426697,4.426697,True,True,True
1628413,63779589511436,-13.56077,2.577469,-0.08687699,-0.07390681,0.9606653,-0.07293055,-0.2575678,0.008397324,0.001988922,-0.02324812,0.09579468,-0.2056885,0.9739075,0.03070332,0.001666977,-0.02217818,0.03070332,0.001666977,-0.02217818,0.1008148,-0.199707,0.9746399,0.1008148,-0.199707,0.9746399,4.426682,4.426682,True,True,True
1628422,63779589511447,-13.56079,2.577404,-0.08696443,-0.07393508,0.960622,-0.0729419,-0.2577179,0.008383545,0.001989136,-0.02324883,0.09501648,-0.20578,0.9739685,0.03070435,0.001666977,-0.02217818,0.03070435,0.001666977,-0.02217818,0.09965515,-0.1998596,0.9747314,0.09965515,-0.1998596,0.9747314,4.448074,4.448074,True,True,True
1628430,63779589511447,-13.56079,2.577404,-0.08696443,-0.07393508,0.960622,-0.0729419,-0.2577179,0.008325822,0.001990112,-0.02325165,0.0953064,-0.2058258,0.9739227,0.03070459,0.001666977,-0.02217818,0.03070459,0.001666977,-0.02217818,0.09971619,-0.1998291,0.9747314,0.09971619,-0.1998291,0.9747314,4.448105,4.448105,True,True,True
1628438,63779589511458,-13.5608,2.577403,-0.08700264,-0.07386252,0.9606393,-0.07299928,-0.2576579,0.008299256,0.001990372,-0.02325276,0.09536743,-0.2063293,0.9738159,0.03070471,0.001666977,-0.02217819,0.03070471,0.001666977,-0.02217819,0.09976196,-0.2006989,0.9745483,0.09976196,-0.2006989,0.9745483,4.447952,4.447952,True,True,True
1628447,63779589511469,-13.5608,2.577431,-0.0870114,-0.07389291,0.9606349,-0.073048,-0.257652,0.008396073,0.001988999,-0.02324759,0.09559631,-0.2062683,0.9738007,0.03070566,0.001666977,-0.02217819,0.03070566,0.001666977,-0.02217819,0.1000824,-0.2005615,0.9745483,0.1000824,-0.2005615,0.9745483,4.458313,4.458313,True,True,True
1628455,63779589511480,-13.56079,2.577412,-0.08704299,-0.07392131,0.9606417,-0.07298143,-0.2576373,0.008470337,0.00198793,-0.02324407,0.09577942,-0.2063904,0.9737701,0.03070566,0.001666977,-0.02217821,0.03070566,0.001666977,-0.02217821,0.1001892,-0.1999359,0.9746552,0.1001892,-0.1999359,0.9746552,4.473633,4.473633,True,True,True
1628463,63779589511480,-13.56079,2.577412,-0.08704299,-0.07392131,0.9606417,-0.07298143,-0.2576373,0.008369629,0.001990677,-0.02325136,0.09587097,-0.2069702,0.9736328,0.03070566,0.001669052,-0.02218248,0.03070566,0.001669052,-0.02218248,0.09986877,-0.2008362,0.9745178,0.09986877,-0.2008362,0.9745178,4.473206,4.473206,True,True,True
1628472,63779589511491,-13.56078,2.577406,-0.08702368,-0.07388026,0.9606263,-0.07309743,-0.2576734,0.008338181,0.001991272,-0.02325337,0.09613037,-0.2066956,0.9736633,0.0307059,0.001669266,-0.02218388,0.0307059,0.001669266,-0.02218388,0.09992981,-0.2007599,0.9745178,0.09992981,-0.2007599,0.9745178,4.473007,4.473007,True,True,True
1628480,63779589511502,-13.56085,2.577443,-0.08701551,-0.07386176,0.9606371,-0.07308958,-0.2576406,0.008152832,0.001994553,-0.02326221,0.09658813,-0.2071075,0.973526,0.0307059,0.001670273,-0.02218396,0.0307059,0.001670273,-0.02218396,0.1006317,-0.2008514,0.9744263,0.1006317,-0.2008514,0.9744263,4.473221,4.473221,True,True,True
1628488,63779589511513,-13.56085,2.577437,-0.08706307,-0.07383969,0.9606548,-0.07293891,-0.2576239,0.00808815,0.00199559,-0.02326608,0.09645081,-0.2071991,0.973526,0.0307059,0.001670487,-0.02218564,0.0307059,0.001670487,-0.02218564,0.1006165,-0.2009583,0.974411,0.1006165,-0.2009583,0.974411,4.471512,4.471512,True,True,True
1628497,63779589511513,-13.56085,2.577437,-0.08706307,-0.07383969,0.9606548,-0.07293891,-0.2576239,0.00797255,0.00199765,-0.02327548,0.09611511,-0.2071533,0.9735718,0.0307059,0.001671127,-0.022192,0.0307059,0.001671127,-0.022192,0.099823,-0.2008667,0.9745178,0.099823,-0.2008667,0.9745178,4.457703,4.457703,True,True,True
1628505,63779589511524,-13.56085,2.577453,-0.08712882,-0.07380053,0.9606603,-0.07276167,-0.2576644,0.007887878,0.002000595,-0.02327992,0.09614563,-0.2073822,0.9735107,0.0307059,0.001674118,-0.02219263,0.0307059,0.001674118,-0.02219263,0.09980774,-0.2012634,0.9744263,0.09980774,-0.2012634,0.9744263,4.457809,4.457809,True,True,True
1628513,63779589511536,-13.56087,2.577485,-0.08720559,-0.07373541,0.9606877,-0.07259624,-0.2576277,0.007686707,0.002005158,-0.0232936,0.09567261,-0.2073669,0.9735718,0.03070566,0.001676941,-0.02219951,0.03070566,0.001676941,-0.02219951,0.0997467,-0.2011108,0.974472,0.0997467,-0.2011108,0.974472,4.457962,4.457962,True,True,True
1628522,63779589511548,-13.56078,2.577532,-0.08726877,-0.07375592,0.9606909,-0.07236659,-0.2576749,0.007511994,0.002007935,-0.02330148,0.09541321,-0.20784,0.9734955,0.03070566,0.001677414,-0.02219966,0.03070566,0.001677414,-0.02219966,0.09916687,-0.201767,0.9743958,0.09916687,-0.201767,0.9743958,4.448151,4.448151,True,True,True
1628530,63779589511548,-13.56078,2.577532,-0.08726877,-0.07375592,0.9606909,-0.07236659,-0.2576749,0.007405777,0.002009445,-0.02330911,0.09553528,-0.2079468,0.9734497,0.03070516,0.001677414,-0.02220409,0.03070516,0.001677414,-0.02220409,0.09953308,-0.201889,0.9743195,0.09953308,-0.201889,0.9743195,4.447647,4.447647,True,True,True
1628538,63779589511558,-13.56079,2.577623,-0.08731836,-0.07377667,0.9606764,-0.07221783,-0.2577642,0.007391816,0.002009659,-0.02331044,0.09567261,-0.2084656,0.9733276,0.03070494,0.001677414,-0.02220517,0.03070494,0.001677414,-0.02220517,0.0994873,-0.2024384,0.9742126,0.0994873,-0.2024384,0.9742126,4.447464,4.447464,True,True,True
1628547,63779589511569,-13.5608,2.577627,-0.08737457,-0.07383333,0.9606824,-0.07210869,-0.2577561,0.007364136,0.00201004,-0.02331175,0.0953064,-0.2092133,0.9732056,0.03070468,0.001677414,-0.02220517,0.03070468,0.001677414,-0.02220517,0.09887695,-0.2036896,0.9740143,0.09887695,-0.2036896,0.9740143,4.441452,4.441452,True,True,True
1628555,63779589511580,-13.56084,2.577651,-0.08741957,-0.07390093,0.96066,-0.07211545,-0.2578184,0.007461319,0.002008438,-0.02330646,0.09512329,-0.20961,0.9731445,0.03070394,0.001677414,-0.02220517,0.03070394,0.001677414,-0.02220517,0.098526,-0.2036438,0.9740601,0.098526,-0.2036438,0.9740601,4.440994,4.440994,True,True,True
1628563,63779589511580,-13.56084,2.577651,-0.08741957,-0.07390093,0.96066,-0.07211545,-0.2578184,0.007661164,0.002005508,-0.0232968,0.09518433,-0.209549,0.9731445,0.0307029,0.001677414,-0.02220517,0.0307029,0.001677414,-0.02220517,0.09840393,-0.2036438,0.9740753,0.09840393,-0.2036438,0.9740753,4.440964,4.440964,True,True,True
1628572,63779589511591,-13.56083,2.577651,-0.08747625,-0.07398041,0.9606215,-0.07210272,-0.2579429,0.007847886,0.002002731,-0.02328774,0.09642029,-0.2102509,0.9728699,0.0307029,0.001677414,-0.02220517,0.0307029,0.001677414,-0.02220517,0.09960938,-0.2049408,0.9736786,0.09960938,-0.2049408,0.9736786,4.44101,4.44101,True,True,True
1628580,63779589511602,-13.56082,2.577646,-0.08742356,-0.07386117,0.9606153,-0.07220834,-0.2579702,0.008047486,0.001999268,-0.02327693,0.09571838,-0.2104492,0.9729004,0.0307029,0.001676941,-0.02220409,0.0307029,0.001676941,-0.02220409,0.09840393,-0.2053833,0.9737091,0.09840393,-0.2053833,0.9737091,4.440811,4.440811,True,True,True
1628588,63779589511602,-13.56082,2.577646,-0.08742356,-0.07386117,0.9606153,-0.07220834,-0.2579702,0.008071198,0.001997131,-0.02327286,0.09710693,-0.2101593,0.9728241,0.0307029,0.00167514,-0.02219966,0.0307029,0.00167514,-0.02219966,0.1006927,-0.2051544,0.973526,0.1006927,-0.2051544,0.973526,4.447266,4.447266,True,True,True
1628597,63779589511620,-13.56078,2.577665,-0.08739805,-0.07373393,0.9606242,-0.07231735,-0.2579435,0.008113389,0.001994156,-0.02327007,0.09536743,-0.2107086,0.9728699,0.0307029,0.00167273,-0.02219951,0.0307029,0.00167273,-0.02219951,0.09846497,-0.2055054,0.9736786,0.09846497,-0.2055054,0.9736786,4.446747,4.446747,True,True,True
1628605,63779589511630,-13.56078,2.577678,-0.08744836,-0.07349902,0.960667,-0.07254086,-0.2577878,0.008061539,0.001989685,-0.02326532,0.09498596,-0.2105255,0.9729462,0.0307029,0.001664261,-0.02218808,0.0307029,0.001664261,-0.02218808,0.09815979,-0.2059631,0.9736176,0.09815979,-0.2059631,0.9736176,4.452759,4.452759,True,True,True
1628613,63779589511630,-13.56078,2.577678,-0.08744836,-0.07349902,0.960667,-0.07254086,-0.2577878,0.007862473,0.001988632,-0.02327351,0.0949707,-0.2107544,0.9729004,0.0307029,0.001657974,-0.02218668,0.0307029,0.001657974,-0.02218668,0.09817505,-0.2054749,0.9737091,0.09817505,-0.2054749,0.9737091,4.452728,4.452728,True,True,True
1628622,63779589511642,-13.56085,2.577651,-0.08753538,-0.073427,0.9606815,-0.07259709,-0.2577388,0.007456543,0.001994049,-0.02328592,0.09480286,-0.2111816,0.9728241,0.0307029,0.001657211,-0.02217565,0.0307029,0.001657211,-0.02217565,0.0980072,-0.2060242,0.9736176,0.0980072,-0.2060242,0.9736176,4.453079,4.453079,True,True,True
1628630,63779589511653,-13.56073,2.57761,-0.08763099,-0.0734677,0.9606664,-0.07280002,-0.2577263,0.007075165,0.00199469,-0.02330184,0.09486389,-0.2103424,0.9730072,0.03070389,0.001649323,-0.02217192,0.03070389,0.001649323,-0.02217192,0.09828186,-0.2042236,0.9739685,0.09828186,-0.2042236,0.9739685,4.453629,4.453629,True,True,True
1628638,63779589511664,-13.56073,2.577542,-0.0876683,-0.07345894,0.9607086,-0.07270043,-0.2575993,0.006790146,0.001997452,-0.02331227,0.09487915,-0.2102966,0.9730225,0.03070464,0.001647018,-0.02216661,0.03070464,0.001647018,-0.02216661,0.09848022,-0.2039795,0.973999,0.09848022,-0.2039795,0.973999,4.453705,4.453705,True,True,True
1628647,63779589511664,-13.56073,2.577542,-0.0876683,-0.07345894,0.9607086,-0.07270043,-0.2575993,0.006664338,0.001999283,-0.02331828,0.09466553,-0.2103729,0.9730225,0.03070464,0.001647018,-0.02216661,0.03070464,0.001647018,-0.02216661,0.09848022,-0.2040558,0.9739838,0.09848022,-0.2040558,0.9739838,4.453552,4.453552,True,True,True
1628655,63779589511675,-13.5607,2.577522,-0.08764964,-0.07342988,0.9607404,-0.07279079,-0.2574637,0.006598099,0.002000198,-0.02332146,0.09465027,-0.2103882,0.9730225,0.03070464,0.001647018,-0.02216661,0.03070464,0.001647018,-0.02216661,0.09848022,-0.2040558,0.9739838,0.09848022,-0.2040558,0.9739838,4.453552,4.453552,True,True,True
1628663,63779589511686,-13.56067,2.57751,-0.08768052,-0.07346505,0.9607404,-0.07298021,-0.2573996,0.006759644,0.001997543,-0.02331381,0.09463501,-0.2104187,0.9730072,0.03070464,0.001647018,-0.02216661,0.03070464,0.001647018,-0.02216661,0.09851074,-0.20401,0.9739838,0.09851074,-0.20401,0.9739838,4.45723,4.45723,True,True,True
1628672,63779589511697,-13.56064,2.577441,-0.08771968,-0.07348163,0.9607698,-0.07299338,-0.2572817,0.007044586,0.001993149,-0.02330014,0.09461975,-0.2103424,0.9730225,0.03070464,0.001647018,-0.02216661,0.03070464,0.001647018,-0.02216661,0.09909058,-0.2040405,0.9739227,0.09909058,-0.2040405,0.9739227,4.457382,4.457382,True,True,True
1628680,63779589511697,-13.56064,2.577441,-0.08771968,-0.07348163,0.9607698,-0.07299338,-0.2572817,0.007425003,0.001987488,-0.02328189,0.09460449,-0.2102051,0.973053,0.03070464,0.001647018,-0.02216661,0.03070464,0.001647018,-0.02216661,0.09909058,-0.2040405,0.9739227,0.09909058,-0.2040405,0.9739227,4.457382,4.457382,True,True,True
1628688,63779589511709,-13.56065,2.577491,-0.08774382,-0.07346138,0.9607514,-0.07313004,-0.2573174,0.007643021,0.001984299,-0.02326994,0.09455872,-0.2102661,0.973053,0.03070464,0.001647018,-0.02216397,0.03070464,0.001647018,-0.02216397,0.09909058,-0.2042084,0.9738922,0.09909058,-0.2042084,0.9738922,4.457535,4.457535,True,True,True
1628697,63779589511720,-13.56066,2.577495,-0.08774543,-0.07326373,0.9608038,-0.07332505,-0.2571223,0.007966584,0.001979553,-0.02325398,0.09429932,-0.2103271,0.9730682,0.03070464,0.001647018,-0.02216277,0.03070464,0.001647018,-0.02216277,0.09913635,-0.2042084,0.973877,0.09913635,-0.2042084,0.973877,4.463623,4.463623,True,True,True
1628705,63779589511730,-13.56064,2.577444,-0.08768487,-0.07316967,0.9608117,-0.07335435,-0.2571116,0.008127076,0.001977616,-0.02324751,0.09477234,-0.2102356,0.9730377,0.03070374,0.00164769,-0.02216397,0.03070374,0.00164769,-0.02216397,0.09986877,-0.2042084,0.9738159,0.09986877,-0.2042084,0.9738159,4.463577,4.463577,True,True,True
1628713,63779589511730,-13.56064,2.577444,-0.08768487,-0.07316967,0.9608117,-0.07335435,-0.2571116,0.008327072,0.001975739,-0.02323936,0.09465027,-0.2089539,0.9733276,0.03070371,0.001650299,-0.02216606,0.03070371,0.001650299,-0.02216606,0.09973145,-0.2024231,0.9741974,0.09973145,-0.2024231,0.9741974,4.445724,4.445724,True,True,True
1628722,63779589511741,-13.56063,2.577397,-0.08769608,-0.07309964,0.9608374,-0.07343791,-0.2570113,0.00827208,0.001977081,-0.02324268,0.09507751,-0.209137,0.9732513,0.03070366,0.001651199,-0.02216606,0.03070366,0.001651199,-0.02216606,0.1002655,-0.2027435,0.9740753,0.1002655,-0.2027435,0.9740753,4.445557,4.445557,True,True,True
1628730,63779589511753,-13.56077,2.577459,-0.0876295,-0.07304924,0.960845,-0.07351774,-0.2569746,0.008188599,0.001978638,-0.0232471,0.09527588,-0.2091217,0.9732208,0.03070342,0.001651886,-0.02216661,0.03070342,0.001651886,-0.02216661,0.100174,-0.2023926,0.9741516,0.100174,-0.2023926,0.9741516,4.444107,4.444107,True,True,True
1628738,63779589511763,-13.56076,2.577423,-0.08763367,-0.0729901,0.9608456,-0.07348876,-0.2569973,0.008127183,0.001979752,-0.02325028,0.09521484,-0.2090149,0.9732513,0.03070317,0.001652344,-0.02216661,0.03070317,0.001652344,-0.02216661,0.1001129,-0.2025452,0.9741364,0.1001129,-0.2025452,0.9741364,4.444,4.444,True,True,True
1628747,63779589511763,-13.56076,2.577423,-0.08763367,-0.0729901,0.9608456,-0.07348876,-0.2569973,0.009959961,0.00193277,-0.02316948,0.09849548,-0.2073059,0.9732971,0.03072934,0.001638138,-0.02220218,0.03072934,0.001638138,-0.02220218,0.1041565,-0.2028656,0.9736481,0.1041565,-0.2028656,0.9736481,4.421356,4.421356,True,True,True
1628755,63779589511775,-13.56076,2.577432,-0.08764023,-0.07287889,0.9608632,-0.07343871,-0.2569771,0.003206513,0.002050064,-0.02358887,0.07783508,-0.2107239,0.9744263,0.03078705,0.001690018,-0.02241888,0.03078705,0.001690018,-0.02241888,0.08175659,-0.2029724,0.9757538,0.08175659,-0.2029724,0.9757538,4.414276,4.414276,True,True,True
1628763,63779589511786,-13.5607,2.577442,-0.08767474,-0.07279893,0.9608987,-0.0733399,-0.2568956,-0.01483316,0.002295624,-0.02435741,0.07151794,-0.2145691,0.9740753,0.03082062,0.001726685,-0.02260118,0.03082062,0.001726685,-0.02260118,0.08708191,-0.2100372,0.9738007,0.08708191,-0.2100372,0.9738007,4.478058,4.478058,True,True,True
1628772,63779589511797,-13.56071,2.577472,-0.08766395,-0.07260913,0.9609561,-0.07324124,-0.2567627,-0.0234818,0.002414566,-0.02471191,0.07226563,-0.2238464,0.9719391,0.03082813,0.001724503,-0.02261662,0.03082813,0.001724503,-0.02261662,0.08439636,-0.2128448,0.9734192,0.08439636,-0.2128448,0.9734192,4.429718,4.429718,True,True,True
1628780,63779589511797,-13.56071,2.577472,-0.08766395,-0.07260913,0.9609561,-0.07324124,-0.2567627,-0.02560294,0.002441711,-0.02479321,0.06886292,-0.2222443,0.9725494,0.03082835,0.001723114,-0.02261171,0.03082835,0.001723114,-0.02261171,0.08573914,-0.2151184,0.9728088,0.08573914,-0.2151184,0.9728088,4.433609,4.433609,True,True,True
1628788,63779589511808,-13.56069,2.577528,-0.08769882,-0.0726341,0.9609368,-0.07333337,-0.2568014,-0.02610487,0.002447922,-0.02481229,0.06700134,-0.2200623,0.973175,0.03082858,0.001724503,-0.02261662,0.03082858,0.001724503,-0.02261662,0.08613586,-0.2127991,0.9732819,0.08613586,-0.2127991,0.9732819,4.429764,4.429764,True,True,True
1628797,63779589511819,-13.56069,2.577515,-0.08769721,-0.07262987,0.9609628,-0.07314549,-0.2567588,-0.02594713,0.002443344,-0.02480003,0.06686401,-0.2194061,0.9733276,0.03082924,0.001723297,-0.02261502,0.03082924,0.001723297,-0.02261502,0.08639526,-0.2118835,0.9734497,0.08639526,-0.2118835,0.9734497,4.434143,4.434143,True,True,True
1628805,63779589511831,-13.56065,2.577493,-0.08767682,-0.07268205,0.9609522,-0.07298876,-0.2568287,-0.02560582,0.002436447,-0.02479295,0.06690979,-0.2187805,0.973465,0.03082858,0.001722107,-0.0226134,0.03082858,0.001722107,-0.0226134,0.08612061,-0.210907,0.9736938,0.08612061,-0.210907,0.9736938,4.430222,4.430222,True,True,True
1628813,63779589511831,-13.56065,2.577493,-0.08767682,-0.07268205,0.9609522,-0.07298876,-0.2568287,-0.02304093,0.002401764,-0.02468785,0.06729126,-0.2186737,0.973465,0.03082835,0.001721924,-0.02261032,0.03082835,0.001721924,-0.02261032,0.08615112,-0.2118225,0.9734955,0.08615112,-0.2118225,0.9734955,4.432327,4.432327,True,True,True
1628822,63779589511842,-13.56059,2.577516,-0.08770502,-0.07270928,0.9609563,-0.07297824,-0.2568085,-0.01375577,0.00228273,-0.02432422,0.0708313,-0.2178802,0.9733887,0.03082834,0.001721741,-0.02260726,0.03082834,0.001721741,-0.02260726,0.08610535,-0.2127228,0.9732971,0.08610535,-0.2127228,0.9732971,4.434494,4.434494,True,True,True
1628830,63779589511852,-13.56057,2.577593,-0.08767784,-0.07269488,0.9609492,-0.07298707,-0.2568367,0.004909851,0.002047196,-0.02360274,0.07681274,-0.2151642,0.9735413,0.03082846,0.00172139,-0.02260701,0.03082846,0.00172139,-0.02260701,0.08555603,-0.2119446,0.973526,0.08555603,-0.2119446,0.973526,4.436356,4.436356,True,True,True
1628838,63779589511864,-13.56053,2.577595,-0.0876224,-0.072741,0.9609426,-0.07301926,-0.2568389,0.01040839,0.001977555,-0.02338936,0.07899475,-0.2141113,0.9736023,0.03082858,0.001721054,-0.02260678,0.03082858,0.001721054,-0.02260678,0.0861969,-0.2111206,0.9736481,0.0861969,-0.2111206,0.9736481,4.438599,4.438599,True,True,True
1628847,63779589511864,-13.56053,2.577595,-0.0876224,-0.072741,0.9609426,-0.07301926,-0.2568389,0.01054453,0.001976044,-0.02337967,0.07951355,-0.2146149,0.9734497,0.03082924,0.001721054,-0.02260225,0.03082924,0.001721054,-0.02260225,0.08642578,-0.2111664,0.9736176,0.08642578,-0.2111664,0.9736176,4.438797,4.438797,True,True,True
1628855,63779589511875,-13.56051,2.577605,-0.08761579,-0.07262836,0.9609298,-0.07303763,-0.2569135,0.01065537,0.001974457,-0.02337094,0.0799408,-0.215332,0.9732513,0.0308299,0.001721039,-0.02259772,0.0308299,0.001721039,-0.02259772,0.08654785,-0.2116852,0.9734955,0.08654785,-0.2116852,0.9734955,4.439178,4.439178,True,True,True
1628863,63779589511886,-13.56052,2.577603,-0.08756053,-0.0725574,0.9609369,-0.07316057,-0.2568722,0.01068799,0.00197377,-0.02336806,0.08004761,-0.2151337,0.9732819,0.03083002,0.001720337,-0.02259604,0.03083002,0.001720337,-0.02259604,0.08665466,-0.2114258,0.9735413,0.08665466,-0.2114258,0.9735413,4.442261,4.442261,True,True,True
1628872,63779589511897,-13.5605,2.5776,-0.08756036,-0.0726824,0.960922,-0.07320292,-0.2568806,0.01059122,0.001974335,-0.02337012,0.08000183,-0.2148743,0.9733429,0.03083016,0.001719635,-0.02259435,0.03083016,0.001719635,-0.02259435,0.08677673,-0.2111206,0.973587,0.08677673,-0.2111206,0.973587,4.445648,4.445648,True,True,True
1628880,63779589511897,-13.5605,2.5776,-0.08756036,-0.0726824,0.960922,-0.07320292,-0.2568806,0.01051856,0.001975205,-0.02337212,0.08007813,-0.2148895,0.9733429,0.03083022,0.001719589,-0.02259325,0.03083022,0.001719589,-0.02259325,0.08686829,-0.2110596,0.9736023,0.08686829,-0.2110596,0.9736023,4.442474,4.442474,True,True,True
1628888,63779589511908,-13.56048,2.577592,-0.08754838,-0.07270701,0.9609014,-0.07327354,-0.2569304,0.01026009,0.001978455,-0.02338126,0.08010864,-0.2150879,0.9732971,0.03083028,0.001719635,-0.02259213,0.03083028,0.001719635,-0.02259213,0.08694458,-0.2112427,0.9735413,0.08694458,-0.2112427,0.9735413,4.439484,4.439484,True,True,True
1628897,63779589511919,-13.56047,2.577634,-0.08759564,-0.07273539,0.9608866,-0.07328155,-0.2569754,0.01003125,0.001981323,-0.02338896,0.07992554,-0.2149658,0.9733276,0.0308304,0.001719635,-0.02259072,0.0308304,0.001719635,-0.02259072,0.08705139,-0.2110901,0.9735718,0.08705139,-0.2110901,0.9735718,4.439423,4.439423,True,True,True
1628905,63779589511930,-13.56046,2.577637,-0.08758521,-0.07265623,0.9608821,-0.07336603,-0.2569905,0.009800019,0.001983994,-0.02339391,0.07980347,-0.2141724,0.973526,0.03083045,0.001719635,-0.0225853,0.03083045,0.001719635,-0.0225853,0.08705139,-0.2097168,0.973877,0.08705139,-0.2097168,0.973877,4.440079,4.440079,True,True,True
1628913,63779589511930,-13.56046,2.577637,-0.08758521,-0.07265623,0.9608821,-0.07336603,-0.2569905,0.009643647,0.001985748,-0.02339968,0.08021545,-0.2140961,0.9735107,0.03083179,0.001719635,-0.0225853,0.03083179,0.001719635,-0.0225853,0.08750916,-0.2094116,0.9738922,0.08750916,-0.2094116,0.9738922,4.441605,4.441605,True,True,True
1628922,63779589511941,-13.5604,2.577636,-0.08757949,-0.07259712,0.9609137,-0.07317158,-0.2569448,0.009581879,0.001986496,-0.02340111,0.08065796,-0.2142029,0.9734497,0.03083212,0.001719635,-0.02258514,0.03083212,0.001719635,-0.02258514,0.08781433,-0.2094269,0.9738617,0.08781433,-0.2094269,0.9738617,4.441513,4.441513,True,True,True
1628930,63779589511952,-13.56036,2.57768,-0.08756733,-0.07255211,0.9608833,-0.07317603,-0.2570695,0.009594345,0.001986343,-0.02339961,0.08085632,-0.2141876,0.9734344,0.03083232,0.001719635,-0.02258454,0.03083232,0.001719635,-0.02258454,0.08816528,-0.2094116,0.9738312,0.08816528,-0.2094116,0.9738312,4.446533,4.446533,True,True,True
1628938,63779589511964,-13.56041,2.577689,-0.08747381,-0.07261096,0.9609018,-0.07306248,-0.2570162,0.001783127,0.002055878,-0.02356619,0.08914185,-0.2134399,0.9728699,0.03078557,0.001678024,-0.02236583,0.03078557,0.001678024,-0.02236583,0.08976746,-0.2140961,0.9726715,0.08976746,-0.2140961,0.9726715,4.442825,4.442825,True,True,True
1628947,63779589511964,-13.56041,2.577689,-0.08747381,-0.07261096,0.9609018,-0.07306248,-0.2570162,-0.0176676,0.002330567,-0.02438138,0.0896759,-0.2105865,0.9734344,0.03073,0.001627457,-0.02215529,0.03073,0.001627457,-0.02215529,0.1042023,-0.1950836,0.9752197,0.1042023,-0.1950836,0.9752197,4.425552,4.425552,True,True,True
1628955,63779589511975,-13.56042,2.577695,-0.08745205,-0.07251521,0.9609045,-0.07294093,-0.2570677,-0.02531181,0.002456009,-0.02478084,0.08259583,-0.207901,0.9746399,0.03070184,0.001639389,-0.02208504,0.03070184,0.001639389,-0.02208504,0.09979248,-0.2018433,0.9743042,0.09979248,-0.2018433,0.9743042,4.42984,4.42984,True,True,True
1628963,63779589511986,-13.56037,2.577702,-0.08740801,-0.07250593,0.9609268,-0.07284313,-0.2570145,-0.02653568,0.002512268,-0.02488753,0.09056091,-0.2126007,0.9729309,0.03068387,0.001675354,-0.02209012,0.03068387,0.001675354,-0.02209012,0.09992981,-0.2017365,0.9743195,0.09992981,-0.2017365,0.9743195,4.356247,4.356247,True,True,True
1628972,63779589511998,-13.56035,2.577764,-0.08734107,-0.07253616,0.9609249,-0.07277806,-0.2570317,-0.02648458,0.002543457,-0.0249073,0.0899353,-0.2042542,0.974762,0.03066838,0.001720856,-0.02218532,0.03066838,0.001720856,-0.02218532,0.1117401,-0.2018738,0.9730072,0.1117401,-0.2018738,0.9730072,4.462051,4.462051,True,True,True
1628980,63779589511998,-13.56035,2.577764,-0.08734107,-0.07253616,0.9609249,-0.07277806,-0.2570317,-0.02634441,0.002562485,-0.02491022,0.09991455,-0.2047119,0.9736938,0.03065268,0.001721466,-0.02211107,0.03065268,0.001721466,-0.02211107,0.1130676,-0.194931,0.9742737,0.1130676,-0.194931,0.9742737,4.486206,4.486206,True,True,True
1628988,63779589512009,-13.56036,2.577796,-0.08729684,-0.07249702,0.9609231,-0.07246312,-0.2571384,-0.02561667,0.002560532,-0.02487848,0.1039429,-0.2037354,0.9734802,0.03064299,0.001724121,-0.02210515,0.03064299,0.001724121,-0.02210515,0.1138458,-0.1876526,0.9756012,0.1138458,-0.1876526,0.9756012,4.426361,4.426361,True,True,True
1628997,63779589512021,-13.56037,2.577836,-0.08727568,-0.07234056,0.9609677,-0.0722829,-0.2570666,-0.02258541,0.002516235,-0.02473573,0.09967041,-0.1996307,0.9747772,0.03064523,0.001721527,-0.02209258,0.03064523,0.001721527,-0.02209258,0.1125641,-0.1911926,0.9750671,0.1125641,-0.1911926,0.9750671,4.416885,4.416885,True,True,True
1629005,63779589512031,-13.56042,2.577868,-0.08719122,-0.0723598,0.9609857,-0.07209448,-0.2570466,-0.01055911,0.002335541,-0.02414075,0.103714,-0.1998291,0.9743195,0.03064681,0.001718948,-0.02208002,0.03064681,0.001718948,-0.02208002,0.1147614,-0.1947327,0.9741058,0.1147614,-0.1947327,0.9741058,4.407593,4.407593,True,True,True
1629013,63779589512031,-13.56042,2.577868,-0.08719122,-0.0723598,0.9609857,-0.07209448,-0.2570466,0.007587113,0.002061035,-0.02322762,0.1074219,-0.1977234,0.97435,0.03064714,0.001714172,-0.02207063,0.03064714,0.001714172,-0.02207063,0.1139069,-0.1952515,0.9741058,0.1139069,-0.1952515,0.9741058,4.376816,4.376816,True,True,True
1629022,63779589512043,-13.56042,2.577874,-0.08719063,-0.07229318,0.9609897,-0.07186113,-0.2571158,0.01079939,0.002009491,-0.02306032,0.1076813,-0.1977234,0.9743195,0.03064746,0.001709412,-0.02206125,0.03064746,0.001709412,-0.02206125,0.1135101,-0.1955261,0.9740906,0.1135101,-0.1955261,0.9740906,4.408249,4.408249,True,True,True
1629030,63779589512054,-13.56041,2.57793,-0.08716971,-0.07220642,0.9609817,-0.07184739,-0.2571742,0.008414765,0.002045029,-0.02318089,0.1078339,-0.196991,0.9744415,0.03064926,0.001708557,-0.02206018,0.03064926,0.001708557,-0.02206018,0.1141968,-0.1943817,0.9742432,0.1141968,-0.1943817,0.9742432,4.417068,4.417068,True,True,True
1629038,63779589512054,-13.56041,2.57793,-0.08716971,-0.07220642,0.9609817,-0.07184739,-0.2571742,0.00627388,0.002076935,-0.02329071,0.1076202,-0.1966553,0.9745331,0.03065105,0.001707703,-0.02206125,0.03065105,0.001707703,-0.02206125,0.1148834,-0.1938629,0.9742737,0.1148834,-0.1938629,0.9742737,4.426163,4.426163,True,True,True
1629047,63779589512065,-13.56042,2.577965,-0.08714229,-0.07234743,0.9609901,-0.07169097,-0.2571466,0.005081421,0.002094086,-0.02335275,0.1075134,-0.1964569,0.9745941,0.0306517,0.001706925,-0.0220621,0.0306517,0.001706925,-0.0220621,0.1149139,-0.1932068,0.9743958,0.1149139,-0.1932068,0.9743958,4.428436,4.428436,True,True,True
1629055,63779589512077,-13.56044,2.577963,-0.08712709,-0.07222424,0.9610018,-0.07167055,-0.2571434,0.006893876,0.002065735,-0.02326309,0.1078339,-0.1958466,0.9746857,0.03065235,0.001706162,-0.02206296,0.03065235,0.001706162,-0.02206296,0.1149292,-0.1925354,0.9745331,0.1149292,-0.1925354,0.9745331,4.426605,4.426605,True,True,True
1629063,63779589512088,-13.56043,2.577983,-0.08715087,-0.07219957,0.9610158,-0.07162899,-0.2571093,0.007354294,0.002057541,-0.02323984,0.1075897,-0.1958923,0.9747009,0.0306536,0.001704117,-0.0220621,0.0306536,0.001704117,-0.0220621,0.1144104,-0.1924286,0.9746094,0.1144104,-0.1924286,0.9746094,4.417664,4.417664,True,True,True
1629072,63779589512088,-13.56043,2.577983,-0.08715087,-0.07219957,0.9610158,-0.07162899,-0.2571093,0.007913819,0.002047959,-0.02321257,0.1079102,-0.1954041,0.974762,0.03065483,0.001702332,-0.02206296,0.03065483,0.001702332,-0.02206296,0.1146698,-0.1921844,0.9746246,0.1146698,-0.1921844,0.9746246,4.426941,4.426941,True,True,True
1629080,63779589512100,-13.5604,2.577952,-0.08712888,-0.07228418,0.9610001,-0.07163315,-0.2571429,0.008375611,0.002040802,-0.02319366,0.1082153,-0.1952972,0.9747467,0.03065589,0.00170221,-0.02206781,0.03065589,0.00170221,-0.02206781,0.1146393,-0.191925,0.9746857,0.1146393,-0.191925,0.9746857,4.428619,4.428619,True,True,True
1629088,63779589512111,-13.5604,2.577941,-0.08711571,-0.07225809,0.9609957,-0.07164959,-0.257162,0.008563523,0.002037979,-0.02318862,0.1086121,-0.1951141,0.9747314,0.03065694,0.001702332,-0.02207265,0.03065694,0.001702332,-0.02207265,0.1149292,-0.1915131,0.9747314,0.1149292,-0.1915131,0.9747314,4.430542,4.430542,True,True,True
1629097,63779589512122,-13.56046,2.577935,-0.08709985,-0.0724071,0.9609964,-0.07171318,-0.2571,0.008474473,0.002039917,-0.02319469,0.1085663,-0.1951752,0.9747314,0.03065762,0.001703171,-0.02207445,0.03065762,0.001703171,-0.02207445,0.1149292,-0.1914215,0.9747467,0.1149292,-0.1914215,0.9747467,4.428635,4.428635,True,True,True
1629105,63779589512122,-13.56046,2.577935,-0.08709985,-0.0724071,0.9609964,-0.07171318,-0.2571,0.008288865,0.00204332,-0.02320563,0.1085052,-0.1952972,0.9747162,0.03065833,0.00170401,-0.02207625,0.03065833,0.00170401,-0.02207625,0.1149139,-0.1914215,0.9747467,0.1149139,-0.1914215,0.9747467,4.426529,4.426529,True,True,True
1629113,63779589512134,-13.56051,2.577895,-0.0871098,-0.07247045,0.9609938,-0.07180948,-0.2570653,0.008099106,0.002046112,-0.02321567,0.1083679,-0.1955719,0.9746704,0.03066075,0.00170401,-0.02207625,0.03066075,0.00170401,-0.02207625,0.1147919,-0.1918335,0.9746857,0.1147919,-0.1918335,0.9746857,4.408401,4.408401,True,True,True
1629122,63779589512145,-13.56051,2.577906,-0.08712626,-0.0725304,0.9609721,-0.07192725,-0.2570963,0.008086395,0.002046311,-0.02321755,0.1083527,-0.1956329,0.9746704,0.03066223,0.00170401,-0.02207625,0.03066223,0.00170401,-0.02207625,0.1148682,-0.1920319,0.9746399,0.1148682,-0.1920319,0.9746399,4.409821,4.409821,True,True,True
1629130,63779589512156,-13.5605,2.577892,-0.0870896,-0.07267842,0.9609848,-0.07196497,-0.2569963,0.008162904,0.002045166,-0.02321752,0.1070557,-0.1959991,0.9747314,0.03066394,0.00170401,-0.02207922,0.03066394,0.00170401,-0.02207922,0.1128082,-0.191803,0.9749146,0.1128082,-0.191803,0.9749146,4.430023,4.430023,True,True,True
1629138,63779589512156,-13.5605,2.577892,-0.0870896,-0.07267842,0.9609848,-0.07196497,-0.2569963,0.008590424,0.002048294,-0.02319388,0.1027374,-0.1986542,0.9746552,0.03069631,0.001712647,-0.02205524,0.03069631,0.001712647,-0.02205524,0.1082153,-0.1985931,0.9740753,0.1082153,-0.1985931,0.9740753,4.463882,4.463882,True,True,True
1629147,63779589512168,-13.56052,2.577886,-0.08703238,-0.07274812,0.9609593,-0.07206405,-0.2570442,0.008834458,0.002067596,-0.0232043,0.09954834,-0.2006683,0.9745789,0.0307341,0.001741425,-0.02209808,0.0307341,0.001741425,-0.02209808,0.1051025,-0.1993561,0.9742584,0.1051025,-0.1993561,0.9742584,4.430786,4.430786,True,True,True
1629155,63779589512180,-13.56055,2.577904,-0.08703011,-0.07275325,0.9609244,-0.07205017,-0.257177,0.008019181,0.00210022,-0.02326682,0.09869385,-0.1900482,0.9767914,0.03074541,0.001764236,-0.02213254,0.03074541,0.001764236,-0.02213254,0.1032867,-0.1864929,0.977005,0.1032867,-0.1864929,0.977005,4.373138,4.373138,True,True,True
1629163,63779589512180,-13.56055,2.577904,-0.08703011,-0.07275325,0.9609244,-0.07205017,-0.257177,0.007496643,0.002119431,-0.02328755,0.09918213,-0.1977081,0.9752197,0.03074446,0.001768616,-0.02211841,0.03074446,0.001768616,-0.02211841,0.1050568,-0.197525,0.9746399,0.1050568,-0.197525,0.9746399,4.467331,4.467331,True,True,True
1629172,63779589512190,-13.56051,2.577861,-0.08700836,-0.07277604,0.9609147,-0.07209665,-0.257194,0.007147125,0.002131561,-0.02331438,0.09783936,-0.1929016,0.9763184,0.03074222,0.001773193,-0.02212393,0.03074222,0.001773193,-0.02212393,0.1047058,-0.1915283,0.9758759,0.1047058,-0.1915283,0.9758759,4.454132,4.454132,True,True,True
1629180,63779589512202,-13.56053,2.577872,-0.08696002,-0.07275797,0.9608766,-0.07209469,-0.2573418,0.006751007,0.00213884,-0.02332877,0.09916687,-0.1936493,0.9760437,0.03074112,0.001777481,-0.02212105,0.03074112,0.001777481,-0.02212105,0.1048889,-0.1922607,0.975708,0.1048889,-0.1922607,0.975708,4.468277,4.468277,True,True,True
1629188,63779589512213,-13.5606,2.577924,-0.08693933,-0.07268364,0.9608425,-0.07219933,-0.2574606,0.006267228,0.002144959,-0.02335353,0.1011963,-0.1923981,0.9760742,0.03074182,0.001777634,-0.02212526,0.03074182,0.001777634,-0.02212526,0.106308,-0.1897888,0.9760437,0.106308,-0.1897888,0.9760437,4.481628,4.481628,True,True,True
1629196,63779589512213,-13.5606,2.577924,-0.08693933,-0.07268364,0.9608425,-0.07219933,-0.2574606,0.006022324,0.002148194,-0.02336861,0.09928894,-0.1937714,0.9759979,0.03074254,0.001777786,-0.02212947,0.03074254,0.001777786,-0.02212947,0.1053772,-0.1916962,0.975769,0.1053772,-0.1916962,0.975769,4.483246,4.483246,True,True,True
1629205,63779589512224,-13.56065,2.577919,-0.08689761,-0.07271756,0.9608086,-0.07222807,-0.2575697,0.006066788,0.002147965,-0.02336795,0.09991455,-0.1943207,0.9758301,0.03074265,0.001777634,-0.02213155,0.03074265,0.001777634,-0.02213155,0.1065674,-0.1930542,0.9753723,0.1065674,-0.1930542,0.9753723,4.483948,4.483948,True,True,True
1629213,63779589512236,-13.56071,2.577881,-0.08690184,-0.07267571,0.9607803,-0.07220101,-0.2576945,0.006511612,0.002140854,-0.02334778,0.09875488,-0.1935272,0.9761047,0.03074275,0.001777481,-0.02213304,0.03074275,0.001777481,-0.02213304,0.105423,-0.1914063,0.9758148,0.105423,-0.1914063,0.9758148,4.483154,4.483154,True,True,True
1629221,63779589512246,-13.56071,2.577855,-0.08689266,-0.07260098,0.9607642,-0.07223672,-0.2577656,0.007928986,0.002119232,-0.02327713,0.09837341,-0.193985,0.9760437,0.03074284,0.00177739,-0.02213178,0.03074284,0.00177739,-0.02213178,0.1050873,-0.1930389,0.9755402,0.1050873,-0.1930389,0.9755402,4.484146,4.484146,True,True,True
1629230,63779589512246,-13.56071,2.577855,-0.08689266,-0.07260098,0.9607642,-0.07223672,-0.2577656,0.008300797,0.002113617,-0.02325819,0.09829712,-0.1933289,0.976181,0.03074292,0.001777374,-0.02213049,0.03074292,0.001777374,-0.02213049,0.1047363,-0.1921082,0.9757538,0.1047363,-0.1921082,0.9757538,4.4832,4.4832,True,True,True
1629238,63779589512257,-13.56072,2.577872,-0.08693552,-0.0726287,0.9607286,-0.07216965,-0.2579093,0.008174119,0.002115509,-0.02326486,0.09815979,-0.1931458,0.9762421,0.03074343,0.001777435,-0.02213178,0.03074343,0.001777435,-0.02213178,0.1045227,-0.1918335,0.9758301,0.1045227,-0.1918335,0.9758301,4.475677,4.475677,True,True,True
1629246,63779589512269,-13.56076,2.57789,-0.08693719,-0.07263252,0.9606963,-0.07211448,-0.258044,0.008223328,0.002114792,-0.02326213,0.09814453,-0.1929932,0.9762726,0.03074391,0.001777374,-0.02213049,0.03074391,0.001777374,-0.02213049,0.1044159,-0.1915588,0.9759064,0.1044159,-0.1915588,0.9759064,4.482925,4.482925,True,True,True
1629255,63779589512280,-13.56081,2.577914,-0.08692461,-0.07253038,0.9606901,-0.07195717,-0.2581399,0.008197129,0.002115173,-0.02326373,0.09796143,-0.1920013,0.9764862,0.03074419,0.001777435,-0.02213178,0.03074419,0.001777435,-0.02213178,0.104126,-0.1898346,0.9762726,0.104126,-0.1898346,0.9762726,4.476074,4.476074,True,True,True
1629263,63779589512280,-13.56081,2.577914,-0.08692461,-0.07253038,0.9606901,-0.07195717,-0.2581399,0.008463471,0.002111038,-0.02324845,0.09786987,-0.1912689,0.9766388,0.03074446,0.001777374,-0.02213049,0.03074446,0.001777374,-0.02213049,0.1038361,-0.1886902,0.9765167,0.1038361,-0.1886902,0.9765167,4.468719,4.468719,True,True,True
1629271,63779589512291,-13.56081,2.577945,-0.08692926,-0.07260556,0.9606562,-0.07180432,-0.2582872,0.008509628,0.002110214,-0.02324577,0.09757996,-0.1911621,0.9766846,0.0307446,0.001777344,-0.02213178,0.0307446,0.001777344,-0.02213178,0.1033478,-0.1884003,0.9766235,0.1033478,-0.1884003,0.9766235,4.45575,4.45575,True,True,True
1629280,63779589512302,-13.56084,2.578022,-0.08686745,-0.0725299,0.9606327,-0.07153289,-0.2584709,0.008518402,0.002110001,-0.02324594,0.09745789,-0.1915894,0.9766083,0.03074474,0.001777313,-0.02213277,0.03074474,0.001777313,-0.02213277,0.1030884,-0.1886292,0.9766083,0.1030884,-0.1886292,0.9766083,4.454361,4.454361,True,True,True
1629288,63779589512313,-13.56091,2.578059,-0.08681881,-0.07257288,0.9606255,-0.07132326,-0.2585437,0.008510682,0.002110077,-0.02324649,0.09747314,-0.1914825,0.9766388,0.03074523,0.001777313,-0.02213304,0.03074523,0.001777313,-0.02213304,0.1030579,-0.1880341,0.9767303,0.1030579,-0.1880341,0.9767303,4.454407,4.454407,True,True,True
1629296,63779589512313,-13.56091,2.578059,-0.08681881,-0.07257288,0.9606255,-0.07132326,-0.2585437,0.008565613,0.002109131,-0.02324353,0.09671021,-0.1916199,0.9766846,0.03074603,0.001777191,-0.02213364,0.03074603,0.001777191,-0.02213364,0.1016846,-0.1879425,0.9768982,0.1016846,-0.1879425,0.9768982,4.4543,4.4543,True,True,True
1629305,63779589512324,-13.56092,2.578091,-0.08680713,-0.07258599,0.9606163,-0.07108803,-0.2586389,0.008541947,0.002108688,-0.02324553,0.09661865,-0.1915588,0.9766998,0.03074617,0.001777145,-0.02213493,0.03074617,0.001777145,-0.02213493,0.1016388,-0.1878357,0.9769135,0.1016388,-0.1878357,0.9769135,4.454361,4.454361,True,True,True
1629313,63779589512335,-13.56098,2.578139,-0.08682102,-0.07246821,0.9605935,-0.07075253,-0.2588488,0.00852031,0.002108383,-0.02324561,0.09632874,-0.1919098,0.9766693,0.03074622,0.001776886,-0.02213364,0.03074622,0.001776886,-0.02213364,0.1011658,-0.1885223,0.9768372,0.1011658,-0.1885223,0.9768372,4.442581,4.442581,True,True,True
1629321,63779589512346,-13.56105,2.57824,-0.08682114,-0.0726473,0.9605474,-0.07051824,-0.2590332,0.008759018,0.002123215,-0.02326019,0.09837341,-0.1923065,0.9763794,0.0307422,0.001797562,-0.02215251,0.0307422,0.001797562,-0.02215251,0.09968567,-0.1883698,0.9770203,0.09968567,-0.1883698,0.9770203,4.439484,4.439484,True,True,True
1629330,63779589512346,-13.56105,2.57824,-0.08682114,-0.0726473,0.9605474,-0.07051824,-0.2590332,0.01162053,0.002084915,-0.02307892,0.1087341,-0.1900787,0.9757233,0.03072153,0.001824722,-0.02217169,0.03072153,0.001824722,-0.02217169,0.1104736,-0.1875458,0.9760132,0.1104736,-0.1875458,0.9760132,4.520721,4.520721,True,True,True
1629338,63779589512357,-13.56121,2.578307,-0.0868209,-0.07258884,0.9604538,-0.07027315,-0.259463,-0.01063202,0.002434158,-0.02427262,0.102951,-0.1827545,0.9777527,0.03065532,0.001959778,-0.02269509,0.03065532,0.001959778,-0.02269509,0.1038971,-0.1720428,0.9795837,0.1038971,-0.1720428,0.9795837,4.454941,4.454941,True,True,True
1629346,63779589512369,-13.56136,2.578385,-0.08680671,-0.07236232,0.9603989,-0.06984372,-0.2598452,-0.02467516,0.002597214,-0.02481006,0.1017609,-0.18396,0.9776459,0.03065558,0.001963547,-0.02269701,0.03065558,0.001963547,-0.02269701,0.1035004,-0.1725616,0.979538,0.1035004,-0.1725616,0.979538,4.436539,4.436539,True,True,True
1629355,63779589512380,-13.56158,2.578464,-0.08680105,-0.07203555,0.9602423,-0.06947111,-0.2606132,-0.02679534,0.002620911,-0.02490015,0.1041565,-0.1836548,0.9774475,0.03065584,0.001959778,-0.02269509,0.03065584,0.001959778,-0.02269509,0.1030884,-0.171524,0.9797668,0.1030884,-0.171524,0.9797668,4.417786,4.417786,True,True,True
1629363,63779589512380,-13.56158,2.578464,-0.08680105,-0.07203555,0.9602423,-0.06947111,-0.2606132,-0.02714644,0.00262439,-0.02492276,0.1039124,-0.1830597,0.9775848,0.03065682,0.001957871,-0.02268178,0.03065682,0.001957871,-0.02268178,0.1031952,-0.1722107,0.9796295,0.1031952,-0.1722107,0.9796295,4.429474,4.429474,True,True,True
1629371,63779589512391,-13.56179,2.578551,-0.08672243,-0.07170738,0.9600585,-0.06904522,-0.2614928,-0.02720772,0.002624237,-0.0249333,0.1031036,-0.1859894,0.9771118,0.03065779,0.001955979,-0.02266847,0.03065779,0.001955979,-0.02266847,0.1031342,-0.1728668,0.9795227,0.1031342,-0.1728668,0.9795227,4.418106,4.418106,True,True,True
1629380,63779589512402,-13.56198,2.578654,-0.0866279,-0.0712456,0.959846,-0.06854106,-0.2625299,-0.02714972,0.002622696,-0.02493919,0.1022949,-0.1889496,0.9766388,0.03065798,0.001948578,-0.02265721,0.03065798,0.001948578,-0.02265721,0.1032867,-0.1730804,0.9794617,0.1032867,-0.1730804,0.9794617,4.429886,4.429886,True,True,True
1629388,63779589512413,-13.56225,2.578825,-0.08646387,-0.07065605,0.9594983,-0.06778507,-0.2641513,-0.0268649,0.002618912,-0.02491982,0.1027985,-0.1911926,0.9761505,0.03065814,0.001941162,-0.02264594,0.03065814,0.001941162,-0.02264594,0.1032715,-0.1732941,0.9794312,0.1032715,-0.1732941,0.9794312,4.418991,4.418991,True,True,True
1629396,63779589512413,-13.56225,2.578825,-0.08646387,-0.07065605,0.9594983,-0.06778507,-0.2641513,-0.02501183,0.002597458,-0.02485381,0.1022339,-0.1913452,0.976181,0.03065961,0.001941162,-0.02263248,0.03065961,0.001941162,-0.02263248,0.1037445,-0.1750183,0.9790802,0.1037445,-0.1750183,0.9790802,4.430527,4.430527,True,True,True
1629405,63779589512424,-13.56256,2.578935,-0.08631605,-0.07016706,0.959107,-0.06694483,-0.2659114,-0.0272989,0.002642578,-0.02505988,0.1039886,-0.1965485,0.9749603,0.0306723,0.001731323,-0.02153797,0.0306723,0.001731323,-0.02153797,0.1108704,-0.2014618,0.9731903,0.1108704,-0.2014618,0.9731903,4.413773,4.413773,True,True,True
1629413,63779589512435,-13.56288,2.579004,-0.08606184,-0.06954444,0.958579,-0.06610225,-0.26818,-0.02744331,0.002665116,-0.02505068,0.1095428,-0.1918945,0.9752655,0.03059769,0.001821838,-0.02189655,0.03059769,0.001821838,-0.02189655,0.1248474,-0.1864929,0.9744873,0.1248474,-0.1864929,0.9744873,4.486908,4.486908,True,True,True
1629421,63779589512446,-13.56329,2.57917,-0.08591604,-0.06920097,0.9580061,-0.06513106,-0.270543,-0.02754132,0.002773071,-0.02506804,0.1229095,-0.195755,0.9729156,0.0304238,0.002136261,-0.02278375,0.0304238,0.002136261,-0.02278375,0.1120453,-0.1854095,0.9762421,0.1120453,-0.1854095,0.9762421,4.403534,4.403534,True,True,True
1629430,63779589512446,-13.56329,2.57917,-0.08591604,-0.06920097,0.9580061,-0.06513106,-0.270543,-0.02761899,0.002866623,-0.02506918,0.1392365,-0.1835938,0.9730835,0.03026462,0.002301361,-0.02289784,0.03026462,0.002301361,-0.02289784,0.1040192,-0.1384735,0.9848785,0.1040192,-0.1384735,0.9848785,4.590683,4.590683,True,True,True
1629438,63779589512457,-13.56394,2.579454,-0.08569252,-0.06888664,0.9573798,-0.06332381,-0.2732558,-0.02775685,0.002961701,-0.02507965,0.1526794,-0.1674805,0.9739685,0.03016005,0.002544998,-0.0231655,0.03016005,0.002544998,-0.0231655,0,0,0,0,0,0,-1,-1,True,True,True
1629446,63779589512469,-13.56457,2.579813,-0.08550751,-0.06843049,0.9566433,-0.0608184,-0.2764993,-0.0278387,0.003101608,-0.02510187,0.200119,-0.1206818,0.9723053,0.02999259,0.002803055,-0.02373067,0.02999259,0.002803055,-0.02373067,0,0,0,0,0,0,-1,-1,True,True,True
1629455,63779589512479,-13.56521,2.580181,-0.08527738,-0.0681468,0.955703,-0.05792947,-0.2804142,-0.02793681,0.003164932,-0.02508962,0.2171021,-0.1558685,0.9636078,0.02984331,0.002824875,-0.02333148,0.02984331,0.002824875,-0.02333148,0,0,0,0,0,0,-1,-1,True,True,True
1629463,63779589512479,-13.56521,2.580181,-0.08527738,-0.0681468,0.955703,-0.05792947,-0.2804142,-0.001,-0.001,-0.001,1,-1,-1,0.02972022,0.002807724,-0.02290161,0.02972022,0.002807724,-0.02290161,0,0,0,0,0,0,-1,-1,False,True,True
1629471,63779589512491,-13.56597,2.580607,-0.08500051,-0.0680486,0.9545123,-0.05484216,-0.2850753,-0.001,-0.001,-0.001,1,-1,-1,0.02958013,0.002754257,-0.02238181,0.02958013,0.002754257,-0.02238181,0,0,0,0,0,0,-1,-1,False,True,True
1629480,63779589512502,-13.56676,2.581007,-0.08469963,-0.06798801,0.9532655,-0.05141639,-0.2898602,-0.001,-0.001,-0.001,1,-1,-1,0.03033371,0.002036957,-0.02251685,0.03033371,0.002036957,-0.02251685,0,0,0,0,0,0,-1,-1,False,True,True
1629488,63779589512513,-13.56769,2.581486,-0.08433515,-0.06824753,0.951763,-0.04766974,-0.2953255,-0.001,-0.001,-0.001,1,-1,-1,0.02994595,0.001728439,-0.01963457,0.02994595,0.001728439,-0.01963457,0,0,0,0,0,0,-1,-1,False,True,True
1629496,63779589512513,-13.56769,2.581486,-0.08433515,-0.06824753,0.951763,-0.04766974,-0.2953255,-0.001,-0.001,-0.001,1,-1,-1,0.03026285,0.0011978,-0.02096944,0.03026285,0.0011978,-0.02096944,0,0,0,0,0,0,-1,-1,False,True,True
1629505,63779589512524,-13.56851,2.581932,-0.08387858,-0.06842553,0.9501757,-0.04392029,-0.3009237,-0.001,-0.001,-0.001,1,-1,-1,0.03032855,0.0008120118,-0.01982716,0.03032855,0.0008120118,-0.01982716,0,0,0,0,0,0,-1,-1,False,True,True
1629513,63779589512536,-13.56946,2.582389,-0.08335769,-0.06893468,0.9483818,-0.04008253,-0.3069422,-0.001,-0.001,-0.001,1,-1,-1,0.02957424,0.002566513,-0.02231401,0.02957424,0.002566513,-0.02231401,0,0,0,0,0,0,-1,-1,False,True,True
1629521,63779589512546,-13.57048,2.582925,-0.08273292,-0.06911828,0.9465039,-0.03604592,-0.3131356,-0.001,-0.001,-0.001,1,-1,-1,0.02865407,0.002912323,-0.02268726,0.02865407,0.002912323,-0.02268726,0,0,0,0,0,0,-1,-1,False,True,True
1629530,63779589512546,-13.57048,2.582925,-0.08273292,-0.06911828,0.9465039,-0.03604592,-0.3131356,-0.001,-0.001,-0.001,1,-1,-1,0.02847608,0.003149826,-0.02266202,0.02847608,0.003149826,-0.02266202,0,0,0,0,0,0,-1,-1,False,True,True
1629538,63779589512558,-13.57157,2.583467,-0.08208525,-0.06928775,0.9444512,-0.03126321,-0.3197401,-0.001,-0.001,-0.001,1,-1,-1,0.02866722,0.003213822,-0.02249338,0.02866722,0.003213822,-0.02249338,0,0,0,0,0,0,-1,-1,False,True,True
1629546,63779589512569,-13.57268,2.58402,-0.08130914,-0.06925751,0.9422466,-0.0263242,-0.3266219,-0.001,-0.001,-0.001,1,-1,-1,0.02853449,0.003370163,-0.0224928,0.02853449,0.003370163,-0.0224928,0,0,0,0,0,0,-1,-1,False,True,True
1629555,63779589512581,-13.57386,2.584559,-0.0804888,-0.06936257,0.9397168,-0.02126967,-0.3341688,-0.001,-0.001,-0.001,1,-1,-1,0.02923242,0.001710281,-0.02329511,0.02923242,0.001710281,-0.02329511,0,0,0,0,0,0,-1,-1,False,True,True
1629563,63779589512581,-13.57386,2.584559,-0.0804888,-0.06936257,0.9397168,-0.02126967,-0.3341688,0.02822141,0.003228424,-0.02295525,0.4909363,-0.03094482,0.870636,0.02822141,0.003228424,-0.02295525,0.02822141,0.003228424,-0.02295525,0.4909363,-0.03094482,0.870636,0.4909363,-0.03094482,0.870636,4.241333,4.241333,True,True,True
1629571,63779589512591,-13.57506,2.585114,-0.07957852,-0.0693163,0.93701,-0.01612914,-0.3419756,0.02812174,0.003249451,-0.02295151,0.4836273,-0.06835938,0.8725891,0.02812174,0.003249451,-0.02295151,0.02812174,0.003249451,-0.02295151,0.4836273,-0.06835938,0.8725891,0.4836273,-0.06835938,0.8725891,3.948837,3.948837,True,True,True
1629580,63779589512602,-13.57633,2.585734,-0.07869482,-0.0694187,0.9341714,-0.01096993,-0.3498347,0.02795787,0.003302124,-0.02312323,0.5246277,0.01460266,0.8511963,0.02795787,0.003302124,-0.02312323,0.02795787,0.003302124,-0.02312323,0.5246277,0.01460266,0.8511963,0.5246277,0.01460266,0.8511963,4.524414,4.524414,True,True,True
1629588,63779589512614,-13.57761,2.586361,-0.07761276,-0.06905517,0.9310918,-0.005469786,-0.3581472,0.02775754,0.00330365,-0.02320705,0.5236206,0.02549744,0.8515472,0.02775754,0.00330365,-0.02320705,0.02775754,0.00330365,-0.02320705,0.5236206,0.02549744,0.8515472,0.5236206,0.02549744,0.8515472,4.480865,4.480865,True,True,True
1629596,63779589512614,-13.57761,2.586361,-0.07761276,-0.06905517,0.9310918,-0.005469786,-0.3581472,0.02759793,0.003326126,-0.02327716,0.5251465,0.02368164,0.8506622,0.02759793,0.003326126,-0.02327716,0.02759793,0.003326126,-0.02327716,0.5251465,0.02368164,0.8506622,0.5251465,0.02368164,0.8506622,4.288605,4.288605,True,True,True
1629605,63779589512624,-13.57897,2.586984,-0.07641226,-0.06835108,0.9279028,5.762605E-05,-0.3665034,-0.02587583,0.003894638,-0.02601167,0.611618,-0.0209198,0.790863,0.02744373,0.003375641,-0.02339629,0.02744373,0.003375641,-0.02339629,0.5556183,0.02540588,0.8310394,0.5556183,0.02540588,0.8310394,4.463425,4.463425,True,True,True
1629613,63779589512635,-13.58031,2.587598,-0.07503432,-0.06714448,0.924418,0.005780737,-0.3753794,-0.02801006,0.003906204,-0.02605505,0.5931244,-0.07427979,0.8016663,0.02736839,0.003396546,-0.02350082,0.02736839,0.003396546,-0.02350082,0.5713654,0.07099915,0.8175964,0.5713654,0.07099915,0.8175964,4.652908,4.652908,True,True,True
1629621,63779589512647,-13.58159,2.588313,-0.07370573,-0.06549202,0.9208075,0.01113099,-0.3843182,-0.02664289,0.003897781,-0.02603687,0.6009674,-0.05993652,0.7970123,0.02731683,0.003369644,-0.02355142,0.02731683,0.003369644,-0.02355142,0.5804291,0.07852173,0.8105011,0.5804291,0.07852173,0.8105011,4.615799,4.615799,True,True,True
1629630,63779589512647,-13.58159,2.588313,-0.07370573,-0.06549202,0.9208075,0.01113099,-0.3843182,-0.02221794,0.003832504,-0.0259194,0.6159515,-0.01043701,0.7877045,0.02726791,0.003360977,-0.02357439,0.02726791,0.003360977,-0.02357439,0.5940094,0.05259705,0.8027191,0.5940094,0.05259705,0.8027191,4.554199,4.554199,True,True,True
1629638,63779589512657,-13.58281,2.589027,-0.07226306,-0.06355926,0.9169629,0.01644474,-0.3935339,-0.02783376,0.003844895,-0.02625815,0.6367188,-0.003036499,0.7710724,0.02721784,0.003372208,-0.02363074,0.02721784,0.003372208,-0.02363074,0.6191711,0.03489685,0.7844543,0.6191711,0.03489685,0.7844543,4.517471,4.517471,True,True,True
1629646,63779589512669,-13.58406,2.589678,-0.0708552,-0.06166986,0.9130217,0.02153315,-0.4026468,-0.02672222,0.003876938,-0.0262128,0.631897,0.007354736,0.7750092,0.02721172,0.003338867,-0.02364867,0.02721172,0.003338867,-0.02364867,0.6230621,0.04423523,0.7809143,0.6230621,0.04423523,0.7809143,4.624634,4.624634,True,True,True
1629655,63779589512680,-13.58526,2.590291,-0.06939238,-0.05982987,0.9089132,0.02651425,-0.4118182,-0.02137328,0.003746002,-0.02593881,0.6236725,0.005050659,0.781662,0.02721771,0.003276581,-0.02363844,0.02721771,0.003276581,-0.02363844,0.614563,0.05325317,0.7870483,0.614563,0.05325317,0.7870483,4.529373,4.529373,True,True,True
1629663,63779589512680,-13.58526,2.590291,-0.06939238,-0.05982987,0.9089132,0.02651425,-0.4118182,-0.01189029,0.003628327,-0.02552709,0.6352692,0.01307678,0.7721558,0.02719846,0.003281372,-0.02368689,0.02719846,0.003281372,-0.02368689,0.6333313,0.05975342,0.7715607,0.6333313,0.05975342,0.7715607,4.577103,4.577103,True,True,True
1629671,63779589512691,-13.58634,2.590848,-0.06790602,-0.05840717,0.9047402,0.03110486,-0.4207924,-0.001723892,0.003499405,-0.0250461,0.6357727,0.03488159,0.7710724,0.02724135,0.003248871,-0.02368358,0.02724135,0.003248871,-0.02368358,0.6365204,0.07867432,0.7672272,0.6365204,0.07867432,0.7672272,4.788818,4.788818,True,True,True
1629680,63779589512702,-13.5873,2.591295,-0.0664193,-0.05729877,0.9005376,0.0353245,-0.4295359,0.007517335,0.003357315,-0.02452715,0.6137085,0.0512085,0.7878571,0.02736382,0.003160462,-0.0235529,0.02736382,0.003160462,-0.0235529,0.6019592,0.07479858,0.7949982,0.6019592,0.07479858,0.7949982,4.617676,4.617676,True,True,True
1629688,63779589512713,-13.58826,2.591743,-0.06495702,-0.05649027,0.8964624,0.03900416,-0.4377701,0.006635758,0.003284836,-0.02451617,0.5924072,0.05386353,0.803833,0.02741907,0.003046829,-0.02351599,0.02741907,0.003046829,-0.02351599,0.5858765,0.08306885,0.8061218,0.5858765,0.08306885,0.8061218,4.636948,4.636948,True,True,True
1629696,63779589512713,-13.58826,2.591743,-0.06495702,-0.05649027,0.8964624,0.03900416,-0.4377701,0.00394162,0.003266922,-0.02457486,0.5827484,0.03335571,0.8119659,0.02751021,0.002991898,-0.0234162,0.02751021,0.002991898,-0.0234162,0.5745697,0.05674744,0.8164673,0.5745697,0.05674744,0.8164673,4.651871,4.651871,True,True,True
1629705,63779589512725,-13.5892,2.592163,-0.06355149,-0.05538844,0.8924775,0.04282928,-0.4456252,-0.002334488,0.003303253,-0.02482099,0.5677795,0.02261353,0.8228607,0.02759293,0.002937439,-0.02336198,0.02759293,0.002937439,-0.02336198,0.5635681,0.05169678,0.8244324,0.5635681,0.05169678,0.8244324,4.604752,4.604752,True,True,True
1629713,63779589512736,-13.59001,2.592517,-0.06216013,-0.05412413,0.8886209,0.04629829,-0.4530783,-0.008908036,0.003334747,-0.02509329,0.5608978,0.01942444,0.827652,0.02769399,0.002891693,-0.02331494,0.02769399,0.002891693,-0.02331494,0.554306,0.05944824,0.8301849,0.554306,0.05944824,0.8301849,4.615784,4.615784,True,True,True
1629721,63779589512747,-13.59077,2.592863,-0.06085157,-0.05334034,0.884751,0.0496787,-0.4603286,-0.01234937,0.003347595,-0.02522176,0.5469208,0.02438354,0.8368225,0.02777173,0.002838989,-0.02323599,0.02777173,0.002838989,-0.02323599,0.5263824,0.05192566,0.8486481,0.5263824,0.05192566,0.8486481,4.549072,4.549072,True,True,True
1629730,63779589512747,-13.59077,2.592863,-0.06085157,-0.05334034,0.884751,0.0496787,-0.4603286,-0.01354981,0.00331369,-0.02523166,0.5344238,0.01527405,0.8450623,0.0278869,0.002789734,-0.0231871,0.0278869,0.002789734,-0.0231871,0.5254974,0.045578,0.8495636,0.5254974,0.045578,0.8495636,4.623825,4.623825,True,True,True
1629738,63779589512758,-13.59138,2.593141,-0.05952466,-0.05253984,0.8812354,0.05260897,-0.4667932,-0.008795823,0.003209549,-0.02494129,0.5218353,-0.001296997,0.8530273,0.02796576,0.002744293,-0.0231266,0.02796576,0.002744293,-0.0231266,0.5166473,0.02345276,0.8558655,0.5166473,0.02345276,0.8558655,4.582047,4.582047,True,True,True
1629746,63779589512769,-13.59203,2.593429,-0.05828935,-0.05216068,0.8776779,0.05566766,-0.4731406,-0.006385636,0.003145294,-0.02479437,0.5079498,0.01220703,0.8612823,0.02803012,0.002697388,-0.02308984,0.02803012,0.002697388,-0.02308984,0.4974518,0.03744507,0.8666687,0.4974518,0.03744507,0.8666687,4.533752,4.533752,True,True,True
1629755,63779589512780,-13.59263,2.593636,-0.05713409,-0.05215889,0.8744322,0.05821832,-0.4788094,-0.004038498,0.003088867,-0.02464424,0.4967957,0.007858276,0.8678131,0.02807627,0.002669068,-0.02306049,0.02807627,0.002669068,-0.02306049,0.4820709,0.04199219,0.8751221,0.4820709,0.04199219,0.8751221,4.52597,4.52597,True,True,True
1629763,63779589512780,-13.59263,2.593636,-0.05713409,-0.05215889,0.8744322,0.05821832,-0.4788094,-0.003323105,0.003037872,-0.0245679,0.4828796,0.0005493164,0.8756714,0.02815993,0.002617661,-0.02300475,0.02815993,0.002617661,-0.02300475,0.4670868,0.01617432,0.8840485,0.4670868,0.01617432,0.8840485,4.380188,4.380188,True,True,True
1629771,63779589512791,-13.59305,2.593814,-0.05605888,-0.05250248,0.8714139,0.06035457,-0.4839822,-4.248047E-05,0.002950134,-0.02437395,0.4668121,0.0001525879,0.8843384,0.02820084,0.002569428,-0.02297852,0.02820084,0.002569428,-0.02297852,0.4529877,0.02026367,0.8912811,0.4529877,0.02026367,0.8912811,4.497818,4.497818,True,True,True
1629780,63779589512802,-13.59351,2.593938,-0.05509603,-0.05313895,0.8686202,0.06230444,-0.488665,0.0002839661,0.002946015,-0.0243672,0.4645996,0.004882813,0.885498,0.02815755,0.002562409,-0.02299014,0.02815755,0.002562409,-0.02299014,0.4472656,0.02937317,0.8939056,0.4472656,0.02937317,0.8939056,4.423904,4.423904,True,True,True
1629788,63779589512814,-13.59397,2.593993,-0.054151,-0.05378102,0.8662189,0.06411135,-0.4926075,0.003016999,0.002920395,-0.02429587,0.4952087,0.009017944,0.8687134,0.02806883,0.002574234,-0.02306598,0.02806883,0.002574234,-0.02306598,0.4869232,0.0395813,0.8725281,0.4869232,0.0395813,0.8725281,4.387527,4.387527,True,True,True
1629796,63779589512814,-13.59397,2.593993,-0.054151,-0.05378102,0.8662189,0.06411135,-0.4926075,0.003836624,0.002919464,-0.02424944,0.501709,-0.01133728,0.8649445,0.02806284,0.002578064,-0.02304465,0.02806284,0.002578064,-0.02304465,0.4967041,-0.001449585,0.8679047,0.4967041,-0.001449585,0.8679047,4.532471,4.532471,True,True,True
1629805,63779589512825,-13.59439,2.594035,-0.05337065,-0.05419574,0.8640037,0.06587136,-0.4962072,0.004101395,0.002909348,-0.02421826,0.4837189,0.01109314,0.8751373,0.02809259,0.002562073,-0.02303644,0.02809259,0.002562073,-0.02303644,0.4741516,0.03848267,0.8795929,0.4741516,0.03848267,0.8795929,4.460419,4.460419,True,True,True
1629813,63779589512835,-13.59477,2.594233,-0.05267709,-0.0556518,0.8622357,0.06677371,-0.4989927,0.004469376,0.002885651,-0.02416728,0.476532,-0.0004882813,0.8791504,0.02815332,0.002538666,-0.02300023,0.02815332,0.002538666,-0.02300023,0.4649658,0.02220154,0.8850403,0.4649658,0.02220154,0.8850403,4.434906,4.434906,True,True,True
1629821,63779589512847,-13.59509,2.594276,-0.05199474,-0.05648367,0.8603962,0.06925096,-0.5017293,0.004617386,0.002862045,-0.02414731,0.4697723,0.005615234,0.8827515,0.02819917,0.002505737,-0.02298172,0.02819917,0.002505737,-0.02298172,0.4581299,0.0255127,0.888504,0.4581299,0.0255127,0.888504,4.309952,4.309952,True,True,True
1629830,63779589512847,-13.59509,2.594276,-0.05199474,-0.05648367,0.8603962,0.06925096,-0.5017293,0.004557587,0.002855545,-0.02412732,0.460968,-0.002059937,0.8874054,0.02822707,0.002486649,-0.02295201,0.02822707,0.002486649,-0.02295201,0.4452667,0.01535034,0.8952484,0.4452667,0.01535034,0.8952484,4.427979,4.427979,True,True,True
1629838,63779589512858,-13.59546,2.594325,-0.05151558,-0.05559666,0.8593604,0.07129539,-0.5033147,0.004631272,0.002849594,-0.02410758,0.4560242,-0.004714966,0.8899384,0.02827368,0.002475647,-0.02294179,0.02827368,0.002475647,-0.02294179,0.4434509,0.01374817,0.8961792,0.4434509,0.01374817,0.8961792,4.4142,4.4142,True,True,True
1629846,63779589512869,-13.59573,2.594434,-0.05104572,-0.05603186,0.8583474,0.07274392,-0.5047857,0.004339585,0.002835938,-0.02411617,0.4584961,-0.0007171631,0.8886871,0.02830477,0.002449783,-0.02293384,0.02830477,0.002449783,-0.02293384,0.4503174,0.008041382,0.8928223,0.4503174,0.008041382,0.8928223,4.479767,4.479767,True,True,True
1629855,63779589512880,-13.5959,2.594529,-0.05070978,-0.05648222,0.8575589,0.07430963,-0.5058464,0.004034684,0.002826508,-0.02410764,0.4526367,-0.01419067,0.891571,0.02833583,0.002429016,-0.02291051,0.02833583,0.002429016,-0.02291051,0.443634,-0.003555298,0.8961792,0.443634,-0.003555298,0.8961792,4.419861,4.419861,True,True,True
1629863,63779589512880,-13.5959,2.594529,-0.05070978,-0.05648222,0.8575589,0.07430963,-0.5058464,0.004150208,0.002817566,-0.02408774,0.4459076,-0.01452637,0.8949432,0.0283573,0.002423218,-0.02289543,0.0283573,0.002423218,-0.02289543,0.4358063,-0.003860474,0.9000244,0.4358063,-0.003860474,0.9000244,4.413269,4.413269,True,True,True
1629871,63779589512891,-13.5961,2.594558,-0.0503847,-0.05645607,0.8571195,0.07552516,-0.5064136,0.004765778,0.002797287,-0.02404328,0.4471283,-0.01686096,0.8943024,0.02841876,0.002414612,-0.02287763,0.02841876,0.002414612,-0.02287763,0.4414673,-0.006347656,0.8972473,0.4414673,-0.006347656,0.8972473,4.389069,4.389069,True,True,True
1629880,63779589512902,-13.59619,2.594609,-0.05022299,-0.05691674,0.8565965,0.07671438,-0.5070679,0.006839539,0.002763382,-0.02394017,0.4450073,-0.01066589,0.8954468,0.02843585,0.002414612,-0.02287964,0.02843585,0.002414612,-0.02287964,0.4385223,0.006118774,0.8986969,0.4385223,0.006118774,0.8986969,4.372849,4.372849,True,True,True
1629888,63779589512913,-13.59629,2.594693,-0.05002505,-0.05713463,0.8564171,0.07768267,-0.5071991,0.007100327,0.002754868,-0.02391927,0.4412689,-0.01210022,0.8972778,0.02845816,0.002410111,-0.02286842,0.02845816,0.002410111,-0.02286842,0.4361877,-0.001174927,0.8998413,0.4361877,-0.001174927,0.8998413,4.254303,4.254303,True,True,True
1629896,63779589512913,-13.59629,2.594693,-0.05002505,-0.05713463,0.8564171,0.07768267,-0.5071991,0.007265457,0.002742233,-0.02390485,0.4416962,-0.01438904,0.8970337,0.02847124,0.002397797,-0.02286145,0.02847124,0.002397797,-0.02286145,0.4389496,-0.006729126,0.898468,0.4389496,-0.006729126,0.898468,4.385681,4.385681,True,True,True
1629905,63779589512925,-13.59644,2.594759,-0.04983389,-0.05757976,0.8563132,0.07865346,-0.5071746,0.007144165,0.00273703,-0.02390712,0.4405212,-0.01324463,0.8976288,0.02848157,0.002387909,-0.0228604,0.02848157,0.002387909,-0.0228604,0.4393768,-0.003799438,0.8982849,0.4393768,-0.003799438,0.8982849,4.371582,4.371582,True,True,True
1629913,63779589512936,-13.59649,2.594813,-0.04973936,-0.0578912,0.8564649,0.07952499,-0.5067467,0.006872254,0.002744812,-0.02391341,0.4396667,-0.01548767,0.8980103,0.02849036,0.002384003,-0.02285777,0.02849036,0.002384003,-0.02285777,0.4385223,-0.001495361,0.8987122,0.4385223,-0.001495361,0.8987122,4.354248,4.354248,True,True,True
1629921,63779589512947,-13.5965,2.594845,-0.04956925,-0.0580438,0.8566124,0.08033527,-0.5063521,0.00726764,0.002738495,-0.0238855,0.4375305,-0.02030945,0.8989563,0.0284966,0.002380798,-0.02285201,0.0284966,0.002380798,-0.02285201,0.4345245,-0.006103516,0.9006195,0.4345245,-0.006103516,0.9006195,4.388763,4.388763,True,True,True
1629930,63779589512947,-13.5965,2.594845,-0.04956925,-0.0580438,0.8566124,0.08033527,-0.5063521,0.007657776,0.002729752,-0.02386894,0.4424896,-0.0153656,0.8966217,0.02850284,0.002377579,-0.02285579,0.02850284,0.002377579,-0.02285579,0.4425812,0.0009002686,0.8967133,0.4425812,0.0009002686,0.8967133,4.435501,4.435501,True,True,True
1629938,63779589512958,-13.59653,2.594936,-0.0495047,-0.05838126,0.8568249,0.08108748,-0.5058336,0.008071152,0.002722031,-0.02384648,0.4412079,-0.01821899,0.8972168,0.02850549,0.002376694,-0.02285222,0.02850549,0.002376694,-0.02285222,0.4408569,-0.004318237,0.8975525,0.4408569,-0.004318237,0.8975525,4.414261,4.414261,True,True,True
1629946,63779589512969,-13.59655,2.594995,-0.04946899,-0.05836498,0.8571933,0.08181947,-0.5050929,0.008283311,0.00271724,-0.02383402,0.4431152,-0.02096558,0.8962097,0.02850816,0.002375794,-0.02284865,0.02850816,0.002375794,-0.02284865,0.4432068,-0.009033203,0.8963623,0.4432068,-0.009033203,0.8963623,4.395264,4.395264,True,True,True
1629955,63779589512980,-13.59652,2.595062,-0.04959309,-0.05842004,0.8576135,0.08231554,-0.5042918,0.008029251,0.002719376,-0.02384552,0.4425201,-0.02084351,0.8964996,0.02850755,0.002373535,-0.02284744,0.02850755,0.002373535,-0.02284744,0.4421844,-0.008789063,0.8968658,0.4421844,-0.008789063,0.8968658,4.412827,4.412827,True,True,True
1629963,63779589512980,-13.59652,2.595062,-0.04959309,-0.05842004,0.8576135,0.08231554,-0.5042918,0.007700211,0.002723343,-0.02386069,0.4428253,-0.02055359,0.8963623,0.02850696,0.002371277,-0.02284624,0.02850696,0.002371277,-0.02284624,0.4429626,-0.008102417,0.8964844,0.4429626,-0.008102417,0.8964844,4.396027,4.396027,True,True,True
1629971,63779589512991,-13.59652,2.595144,-0.04962426,-0.05831721,0.8581156,0.08279505,-0.5033704,0.007190232,0.002730179,-0.02388535,0.4420929,-0.01974487,0.8967438,0.0285049,0.002368683,-0.02284589,0.0285049,0.002368683,-0.02284589,0.4415283,-0.006362915,0.8972168,0.4415283,-0.006362915,0.8972168,4.386597,4.386597,True,True,True
1629980,63779589513002,-13.59658,2.59526,-0.04963517,-0.0580327,0.8585963,0.08311173,-0.5025307,0.006551041,0.002739365,-0.02391626,0.4423676,-0.020401,0.8965912,0.02850284,0.002366104,-0.02284554,0.02850284,0.002366104,-0.02284554,0.4417419,-0.006881714,0.89711,0.4417419,-0.006881714,0.89711,4.377472,4.377472,True,True,True
1629988,63779589513013,-13.59661,2.595288,-0.04963034,-0.05781423,0.8591023,0.0833829,-0.5016453,0.0057417,0.002746735,-0.02395421,0.4411316,-0.02067566,0.8971863,0.02850183,0.002364792,-0.0228439,0.02850183,0.002364792,-0.0228439,0.4417419,-0.005386353,0.89711,0.4417419,-0.005386353,0.89711,4.387512,4.387512,True,True,True
1629996,63779589513013,-13.59661,2.595288,-0.04963034,-0.05781423,0.8591023,0.0833829,-0.5016453,0.005897598,0.002733093,-0.02394444,0.4382782,-0.02191162,0.8985596,0.02846533,0.002351151,-0.02283159,0.02846533,0.002351151,-0.02283159,0.4306183,-0.007522583,0.9024963,0.4306183,-0.007522583,0.9024963,4.385986,4.385986,True,True,True
1630005,63779589513025,-13.5966,2.59538,-0.04966736,-0.05756487,0.8595845,0.08357807,-0.5008147,0.00657692,0.002726242,-0.02392909,0.4482422,-0.01329041,0.8937988,0.02844931,0.002359634,-0.02285217,0.02844931,0.002359634,-0.02285217,0.4457703,-0.003494263,0.8951263,0.4457703,-0.003494263,0.8951263,4.409317,4.409317,True,True,True
1630013,63779589513035,-13.59663,2.595445,-0.04961973,-0.05731164,0.8600037,0.08388916,-0.5000716,0.007168823,0.002714737,-0.02389607,0.4459534,-0.01574707,0.8949127,0.02843939,0.002359589,-0.02284732,0.02843939,0.002359589,-0.02284732,0.4421539,-0.004928589,0.8969116,0.4421539,-0.004928589,0.8969116,4.445038,4.445038,True,True,True
1630021,63779589513046,-13.59662,2.59551,-0.04967213,-0.05710874,0.8603685,0.08420127,-0.4994144,0.007502182,0.002707016,-0.0238794,0.4476624,-0.02018738,0.8939667,0.02843326,0.002358536,-0.02284801,0.02843326,0.002358536,-0.02284801,0.4454956,-0.009307861,0.8952179,0.4454956,-0.009307861,0.8952179,4.347885,4.347885,True,True,True
1630029,63779589513046,-13.59662,2.59551,-0.04967213,-0.05710874,0.8603685,0.08420127,-0.4994144,0.007591446,0.002705582,-0.02387445,0.4481506,-0.0177002,0.8937683,0.02842711,0.002359589,-0.02284871,0.02842711,0.002359589,-0.02284871,0.4464264,-0.004760742,0.8947906,0.4464264,-0.004760742,0.8947906,4.373749,4.373749,True,True,True
1630038,63779589513058,-13.59665,2.595603,-0.04967099,-0.05684439,0.8606561,0.08465738,-0.4988716,0.00747818,0.002706116,-0.02387851,0.4444275,-0.01998901,0.8955841,0.0284153,0.002358536,-0.02284801,0.0284153,0.002358536,-0.02284801,0.4407501,-0.007568359,0.897583,0.4407501,-0.007568359,0.897583,4.332199,4.332199,True,True,True
1630046,63779589513069,-13.59669,2.595675,-0.04964066,-0.05663042,0.8608866,0.0851652,-0.4984117,0.007284424,0.002709381,-0.02388867,0.4450836,-0.01953125,0.8952637,0.02840349,0.002359589,-0.02284871,0.02840349,0.002359589,-0.02284871,0.4405365,-0.005371094,0.8977051,0.4405365,-0.005371094,0.8977051,4.369629,4.369629,True,True,True
1630054,63779589513080,-13.59671,2.595757,-0.04970789,-0.05627138,0.8610134,0.08588372,-0.4981099,0.006955582,0.002715103,-0.02390512,0.4454041,-0.0202179,0.8950806,0.02839418,0.002360977,-0.02284873,0.02839418,0.002360977,-0.02284873,0.4397583,-0.008163452,0.8980713,0.4397583,-0.008163452,0.8980713,4.334442,4.334442,True,True,True
1630063,63779589513080,-13.59671,2.595757,-0.04970789,-0.05627138,0.8610134,0.08588372,-0.4981099,0.006629746,0.002716385,-0.02392796,0.4459991,-0.02163696,0.8947601,0.02838487,0.002362381,-0.02284871,0.02838487,0.002362381,-0.02284871,0.4389801,-0.01109314,0.8984222,0.4389801,-0.01109314,0.8984222,4.299545,4.299545,True,True,True
1630071,63779589513091,-13.59678,2.595889,-0.04971224,-0.05600617,0.861083,0.08663412,-0.4978895,0.007075379,0.002704544,-0.02391383,0.4476318,-0.01992798,0.8939819,0.02837386,0.002362824,-0.02284873,0.02837386,0.002362824,-0.02284873,0.4384613,-0.0120697,0.8986511,0.4384613,-0.0120697,0.8986511,4.307556,4.307556,True,True,True
1630079,63779589513102,-13.5968,2.595982,-0.04973942,-0.05574875,0.8610846,0.08742879,-0.4977767,0.007463028,0.002731354,-0.02390379,0.4538574,-0.01506042,0.8909302,0.02835369,0.00239946,-0.02286833,0.02835369,0.00239946,-0.02286833,0.446991,-0.005905151,0.8945007,0.446991,-0.005905151,0.8945007,4.368393,4.368393,True,True,True
1630088,63779589513114,-13.59681,2.596025,-0.0496341,-0.05559808,0.8610201,0.08812923,-0.4977817,0.007792145,0.002756165,-0.02387296,0.4490662,-0.02632141,0.8930969,0.02838565,0.002429657,-0.02284792,0.02838565,0.002429657,-0.02284792,0.4408417,-0.02041626,0.8973389,0.4408417,-0.02041626,0.8973389,4.15361,4.15361,True,True,True
1630096,63779589513114,-13.59681,2.596025,-0.0496341,-0.05559808,0.8610201,0.08812923,-0.4977817,0.007797821,0.002791351,-0.02387228,0.4575653,-0.02490234,0.8888092,0.02841287,0.002467194,-0.02284944,0.02841287,0.002467194,-0.02284944,0.4539032,-0.01817322,0.8908539,0.4539032,-0.01817322,0.8908539,4.249176,4.249176,True,True,True
1630104,63779589513124,-13.59683,2.59607,-0.04967403,-0.05536621,0.8609474,0.08856121,-0.4978564,0.00755925,0.002823212,-0.02388826,0.4616852,-0.03189087,0.8864594,0.02843556,0.002493927,-0.02287016,0.02843556,0.002493927,-0.02287016,0.4603577,-0.01705933,0.887558,0.4603577,-0.01705933,0.887558,4.258423,4.258423,True,True,True
1630113,63779589513136,-13.59683,2.59613,-0.04964715,-0.05528823,0.8608629,0.08867247,-0.4979915,-0.02922621,0.003411896,-0.02566884,0.4458313,-0.03775024,0.8943176,0.02846292,0.002554138,-0.02287335,0.02846292,0.002554138,-0.02287335,0,0,0,0,0,0,-1,-1,True,True,True
1630121,63779589513147,-13.59688,2.59613,-0.04962409,-0.05532762,0.8607855,0.08883492,-0.4980919,-0.02915415,0.003472809,-0.02560793,0.4528046,-0.1137238,0.8843079,0.02851311,0.002699341,-0.02285253,0.02851311,0.002699341,-0.02285253,0,0,0,0,0,0,-1,-1,True,True,True
1630129,63779589513147,-13.59688,2.59613,-0.04962409,-0.05532762,0.8607855,0.08883492,-0.4980919,-0.001,-0.001,-0.001,1,-1,-1,0.02861392,0.002457001,-0.0226843,0.02861392,0.002457001,-0.0226843,0,0,0,0,0,0,-1,-1,False,True,True
1630138,63779589513158,-13.59688,2.596112,-0.04963583,-0.05574675,0.8607376,0.08864179,-0.4981624,-0.001,-0.001,-0.001,1,-1,-1,0.03400517,-8.535767E-05,-0.02419008,0.03400517,-8.535767E-05,-0.02419008,0,0,0,0,0,0,-1,-1,False,True,True
1630146,63779589513169,-13.59694,2.596062,-0.04956549,-0.05606129,0.8607712,0.08858128,-0.4980799,-0.02803501,0.001521912,-0.02542047,0.2235565,-0.3699188,0.9017487,0.03378629,-0.0007066498,-0.02415883,0.03378629,-0.0007066498,-0.02415883,0,0,0,0,0,0,-1,-1,True,True,True
1630154,63779589513180,-13.59696,2.59602,-0.0495978,-0.05658108,0.8607863,0.08830792,-0.4980434,-0.001,-0.001,-0.001,1,-1,-1,0.0332244,-0.000762146,-0.02433917,0.0332244,-0.000762146,-0.02433917,0,0,0,0,0,0,-1,-1,False,True,True
1630163,63779589513180,-13.59696,2.59602,-0.0495978,-0.05658108,0.8607863,0.08830792,-0.4980434,-0.001,-0.001,-0.001,1,-1,-1,0.03344002,-0.0007971344,-0.02420522,0.03344002,-0.0007971344,-0.02420522,0,0,0,0,0,0,-1,-1,False,True,True
1630171,63779589513191,-13.59701,2.595977,-0.0496605,-0.05690995,0.86079,0.08812204,-0.4980324,-0.001,-0.001,-0.001,1,-1,-1,0.03375717,-0.0006539307,-0.02435552,0.03375717,-0.0006539307,-0.02435552,0,0,0,0,0,0,-1,-1,False,True,True
1630179,63779589513202,-13.5971,2.595964,-0.04962385,-0.05730796,0.8608465,0.08786713,-0.4979343,-0.001,-0.001,-0.001,1,-1,-1,0.03400182,0.0002310944,-0.02420697,0.03400182,0.0002310944,-0.02420697,0,0,0,0,0,0,-1,-1,False,True,True
1630188,63779589513213,-13.59713,2.595881,-0.04965317,-0.05760583,0.8608626,0.08757774,-0.497923,-0.001,-0.001,-0.001,1,-1,-1,0.03318994,0.000277359,-0.02476897,0.03318994,0.000277359,-0.02476897,0,0,0,0,0,0,-1,-1,False,True,True
1630196,63779589513213,-13.59713,2.595881,-0.04965317,-0.05760583,0.8608626,0.08757774,-0.497923,-0.001,-0.001,-0.001,1,-1,-1,0.0334511,0.0004473267,-0.02488646,0.0334511,0.0004473267,-0.02488646,0,0,0,0,0,0,-1,-1,False,True,True
1630204,63779589513225,-13.59721,2.595778,-0.04961061,-0.05807172,0.8608526,0.08731476,-0.4979324,-0.001,-0.001,-0.001,1,-1,-1,0.03513263,0.000482666,-0.02560356,0.03513263,0.000482666,-0.02560356,0,0,0,0,0,0,-1,-1,False,True,True
1630213,63779589513236,-13.59727,2.595721,-0.04964668,-0.05881235,0.8608299,0.08703449,-0.4979338,-0.001,-0.001,-0.001,1,-1,-1,0.0359722,0.0006367646,-0.02588693,0.0359722,0.0006367646,-0.02588693,0,0,0,0,0,0,-1,-1,False,True,True
1630221,63779589513247,-13.59736,2.595602,-0.04964697,-0.05934414,0.8608212,0.08689724,-0.4979096,-0.001,-0.001,-0.001,1,-1,-1,0.03142766,0.001335358,-0.02249506,0.03142766,0.001335358,-0.02249506,0,0,0,0,0,0,-1,-1,False,True,True
1630229,63779589513247,-13.59736,2.595602,-0.04964697,-0.05934414,0.8608212,0.08689724,-0.4979096,-0.001,-0.001,-0.001,1,-1,-1,0.03120438,0.00198169,-0.02238341,0.03120438,0.00198169,-0.02238341,0,0,0,0,0,0,-1,-1,False,True,True
1630238,63779589513258,-13.59747,2.595506,-0.04971898,-0.06002844,0.8607428,0.08676662,-0.4979859,-0.03064124,0.002890625,-0.02583946,0.3192291,-0.4604187,0.8283081,0.03174695,0.001895828,-0.02239043,0.03174695,0.001895828,-0.02239043,0,0,0,0,0,0,-1,-1,True,True,True
1630246,63779589513270,-13.59761,2.595373,-0.049779,-0.06051514,0.8606662,0.08664428,-0.4980808,-0.03044876,0.003924225,-0.02554647,0.3255615,-0.5288391,0.783783,0.03312477,0.001264771,-0.02264897,0.03312477,0.001264771,-0.02264897,0,0,0,0,0,0,-1,-1,True,True,True
1630254,63779589513279,-13.5977,2.595336,-0.04983914,-0.06082283,0.8606358,0.08653667,-0.4981146,-0.03078034,0.004387146,-0.02574185,0.391449,-0.5042725,0.7697144,0.02831204,0.002677979,-0.02293697,0.02831204,0.002677979,-0.02293697,0,0,0,0,0,0,-1,-1,True,True,True
1630263,63779589513279,-13.5977,2.595336,-0.04983914,-0.06082283,0.8606358,0.08653667,-0.4981146,-0.001,-0.001,-0.001,1,-1,-1,0.02829672,0.00257959,-0.02302132,0.02829672,0.00257959,-0.02302132,0,0,0,0,0,0,-1,-1,False,True,True
1630271,63779589513290,-13.59783,2.595242,-0.04988927,-0.06091414,0.8606457,0.08639123,-0.4981115,-0.001,-0.001,-0.001,1,-1,-1,0.02848947,0.002764176,-0.02289232,0.02848947,0.002764176,-0.02289232,0,0,0,0,0,0,-1,-1,False,True,True
1630279,63779589513302,-13.59789,2.595227,-0.04992414,-0.06101478,0.8605875,0.08614962,-0.4982415,-0.02941515,0.00371109,-0.0257914,0.4760284,0.008911133,0.879364,0.02846393,0.002739975,-0.02294295,0.02846393,0.002739975,-0.02294295,0,0,0,0,0,0,-1,-1,True,True,True
1630288,63779589513313,-13.598,2.595175,-0.04994226,-0.06100323,0.8606185,0.08570113,-0.4982668,-0.02948548,0.003694763,-0.02582397,0.5026855,-0.04333496,0.8633728,0.02847084,0.002701416,-0.02288921,0.02847084,0.002701416,-0.02288921,0,0,0,0,0,0,-1,-1,True,True,True
1630296,63779589513313,-13.598,2.595175,-0.04994226,-0.06100323,0.8606185,0.08570113,-0.4982668,-0.02946129,0.003715698,-0.02586725,0.4956818,0.03913879,0.8675995,0.02842204,0.00268367,-0.02290094,0.02842204,0.00268367,-0.02290094,0,0,0,0,0,0,-1,-1,True,True,True
1630304,63779589513324,-13.59811,2.595128,-0.04994744,-0.0609297,0.8605706,0.08549174,-0.4983944,-0.02944605,0.003667282,-0.02589587,0.5178375,0.03395081,0.8547974,0.02839848,0.002657868,-0.02289195,0.02839848,0.002657868,-0.02289195,0,0,0,0,0,0,-1,-1,True,True,True
1630313,63779589513336,-13.59821,2.595141,-0.04996824,-0.0608981,0.8605682,0.08539603,-0.4984188,0.02840671,0.002619324,-0.02283118,0.4524841,-0.05563354,0.8900299,0.02840671,0.002619324,-0.02283118,0.02840671,0.002619324,-0.02283118,0.4524841,-0.05563354,0.8900299,0.4524841,-0.05563354,0.8900299,4.126053,4.126053,True,True,True
1630321,63779589513346,-13.59823,2.595107,-0.04998589,-0.06077512,0.8605515,0.08529171,-0.4984805,0.02840264,0.002608795,-0.02286766,0.4579773,-0.01480103,0.8888245,0.02840264,0.002608795,-0.02286766,0.02840264,0.002608795,-0.02286766,0.4579773,-0.01480103,0.8888245,0.4579773,-0.01480103,0.8888245,4.385254,4.385254,True,True,True
1630329,63779589513346,-13.59823,2.595107,-0.04998589,-0.06077512,0.8605515,0.08529171,-0.4984805,0.0284104,0.002595963,-0.0228651,0.460495,-0.0202179,0.8874207,0.0284104,0.002595963,-0.0228651,0.0284104,0.002595963,-0.0228651,0.460495,-0.0202179,0.8874207,0.460495,-0.0202179,0.8874207,4.369492,4.369492,True,True,True
1630338,63779589513357,-13.59831,2.595104,-0.05005991,-0.06069103,0.8605444,0.08515438,-0.4985265,0.02841045,0.002574448,-0.02287314,0.4590912,-0.009918213,0.8883209,0.02841045,0.002574448,-0.02287314,0.02841045,0.002574448,-0.02287314,0.4590759,-0.009918213,0.8883209,0.4590759,-0.009918213,0.8883209,4.385834,4.385834,True,True,True
1630346,63779589513369,-13.59836,2.595103,-0.05010504,-0.06069865,0.8605905,0.08498104,-0.4984757,0.0284064,0.002537033,-0.02288819,0.4604645,-0.002624512,0.8876648,0.0284064,0.002537033,-0.02288819,0.0284064,0.002537033,-0.02288819,0.4604645,-0.002624512,0.8876648,0.4604645,-0.002624512,0.8876648,4.380295,4.380295,True,True,True
1630354,63779589513380,-13.59846,2.595037,-0.05019706,-0.06065245,0.860702,0.08482882,-0.4983147,0.01366501,0.002773911,-0.02361351,0.4529266,-0.001464844,0.8915253,0.02840004,0.002528397,-0.02288104,0.02840004,0.002528397,-0.02288104,0.4494629,0.007232666,0.8932495,0.4494629,0.007232666,0.8932495,4.397293,4.397293,True,True,True
1630363,63779589513380,-13.59846,2.595037,-0.05019706,-0.06065245,0.860702,0.08482882,-0.4983147,0.01318857,0.002794647,-0.02362174,0.4525452,-0.01338196,0.8916321,0.02837511,0.00255542,-0.02285349,0.02837511,0.00255542,-0.02285349,0.4487457,-0.0120697,0.8935699,0.4487457,-0.0120697,0.8935699,4.392609,4.392609,True,True,True
1630371,63779589513391,-13.59855,2.595009,-0.05024153,-0.06055833,0.8608111,0.08464383,-0.498169,0.01370279,0.002772568,-0.02359143,0.4514313,-0.01722717,0.8921356,0.02836961,0.002545044,-0.02285358,0.02836961,0.002545044,-0.02285358,0.4476318,-0.007720947,0.894165,0.4476318,-0.007720947,0.894165,4.411072,4.411072,True,True,True
1630379,63779589513402,-13.59865,2.595001,-0.05030859,-0.06047602,0.8609343,0.08434391,-0.498017,0.01006218,0.002820389,-0.0237755,0.4518585,-0.01516724,0.8919525,0.02836078,0.002536133,-0.02285695,0.02836078,0.002536133,-0.02285695,0.4465637,-0.001647949,0.8947296,0.4465637,-0.001647949,0.8947296,4.388153,4.388153,True,True,True
1630388,63779589513413,-13.59873,2.595006,-0.05033797,-0.06044503,0.8610299,0.08414647,-0.4978889,0.008290146,0.002845139,-0.02386307,0.4537506,-0.01693726,0.8909607,0.02836322,0.002524933,-0.02285753,0.02836322,0.002524933,-0.02285753,0.4518433,-0.005310059,0.8920746,0.4518433,-0.005310059,0.8920746,4.41539,4.41539,True,True,True
1630396,63779589513413,-13.59873,2.595006,-0.05033797,-0.06044503,0.8610299,0.08414647,-0.4978889,0.007525147,0.002853791,-0.02390241,0.4521942,-0.01193237,0.8918304,0.02835652,0.00251889,-0.02285201,0.02835652,0.00251889,-0.02285201,0.4489746,-0.007339478,0.8935089,0.4489746,-0.007339478,0.8935089,4.395096,4.395096,True,True,True
1630404,63779589513424,-13.59883,2.595007,-0.05040377,-0.06052971,0.8611189,0.0839947,-0.4977504,0.007459168,0.002849182,-0.02390547,0.4515076,-0.009384155,0.8921967,0.02835407,0.002517181,-0.02285446,0.02835407,0.002517181,-0.02285446,0.4458771,0.004180908,0.8950806,0.4458771,0.004180908,0.8950806,4.424728,4.424728,True,True,True
1630413,63779589513435,-13.59891,2.595023,-0.05047733,-0.06064461,0.8611798,0.08396126,-0.4976364,0.007449204,0.002845719,-0.02391364,0.4580383,-0.008346558,0.8888855,0.02835596,0.002513245,-0.02285095,0.02835596,0.002513245,-0.02285095,0.4514618,-0.004425049,0.8922729,0.4514618,-0.004425049,0.8922729,4.423889,4.423889,True,True,True
1630421,63779589513447,-13.59896,2.595066,-0.05054522,-0.0608562,0.8612733,0.08389071,-0.4974608,0.007133957,0.002841049,-0.02392217,0.4526367,-0.01213074,0.8916016,0.02835011,0.002505417,-0.02284535,0.02835011,0.002505417,-0.02284535,0.4442444,-0.00352478,0.8958893,0.4442444,-0.00352478,0.8958893,4.396835,4.396835,True,True,True
1630429,63779589513447,-13.59896,2.595066,-0.05054522,-0.0608562,0.8612733,0.08389071,-0.4974608,0.006696442,0.002840439,-0.02395316,0.4553375,-0.008239746,0.890274,0.02833647,0.002501724,-0.02286118,0.02833647,0.002501724,-0.02286118,0.4509583,-0.0005645752,0.8925323,0.4509583,-0.0005645752,0.8925323,4.429688,4.429688,True,True,True
1630438,63779589513457,-13.59906,2.595064,-0.05061609,-0.06104548,0.8614148,0.08382909,-0.4972028,0.006988648,0.002834625,-0.0239404,0.4537964,-0.004486084,0.8910828,0.02833132,0.002501084,-0.02285974,0.02833132,0.002501084,-0.02285974,0.4488373,0.0001525879,0.8936005,0.4488373,0.0001525879,0.8936005,4.416306,4.416306,True,True,True
1630446,63779589513468,-13.59914,2.595071,-0.05070239,-0.06115055,0.8615755,0.08373822,-0.4969267,0.006969727,0.002834839,-0.02393799,0.4533997,-0.007171631,0.8912659,0.02833269,0.002499527,-0.02285794,0.02833269,0.002499527,-0.02285794,0.4486847,-0.001068115,0.8936768,0.4486847,-0.001068115,0.8936768,4.436111,4.436111,True,True,True
1630454,63779589513479,-13.59911,2.594995,-0.05075181,-0.06110699,0.8617375,0.08363245,-0.496669,0.006820236,0.002836548,-0.02394406,0.4540558,-0.00743103,0.8909302,0.02833132,0.002497955,-0.02285886,0.02833132,0.002497955,-0.02285886,0.4493408,0.001174927,0.8933563,0.4493408,0.001174927,0.8933563,4.457733,4.457733,True,True,True
1630463,63779589513479,-13.59911,2.594995,-0.05075181,-0.06110699,0.8617375,0.08363245,-0.496669,0.006589493,0.002837662,-0.02395804,0.4556732,-0.005096436,0.8901215,0.02833096,0.002496063,-0.02285912,0.02833096,0.002496063,-0.02285912,0.4502258,0.003097534,0.8928986,0.4502258,0.003097534,0.8928986,4.469528,4.469528,True,True,True
1630471,63779589513490,-13.59915,2.594989,-0.0508576,-0.06119586,0.8618435,0.08347825,-0.4964999,0.006308503,0.002838394,-0.02397185,0.4526672,-0.004455566,0.8916626,0.02832114,0.002492462,-0.02285544,0.02832114,0.002492462,-0.02285544,0.4458771,0.002426147,0.8950806,0.4458771,0.002426147,0.8950806,4.434814,4.434814,True,True,True
1630479,63779589513502,-13.59921,2.594958,-0.05090553,-0.06117322,0.8619587,0.08331832,-0.4963297,0.006165467,0.00284082,-0.02397579,0.4534912,-0.00894165,0.8912048,0.0283167,0.002493057,-0.02284975,0.0283167,0.002493057,-0.02284975,0.4470062,-0.005264282,0.8945007,0.4470062,-0.005264282,0.8945007,4.384216,4.384216,True,True,True
1630488,63779589513513,-13.59923,2.594875,-0.05096829,-0.06142015,0.8619924,0.08316233,-0.4962667,0.00590892,0.002844635,-0.02398759,0.4516296,-0.006744385,0.8921661,0.02831546,0.002492966,-0.02284728,0.02831546,0.002492966,-0.02284728,0.443634,-0.001403809,0.8961945,0.443634,-0.001403809,0.8961945,4.420975,4.420975,True,True,True
1630496,63779589513513,-13.59923,2.594875,-0.05096829,-0.06142015,0.8619924,0.08316233,-0.4962667,0.005835861,0.002845749,-0.02399172,0.453949,-0.005615234,0.8910065,0.02831423,0.002493057,-0.02284738,0.02831423,0.002493057,-0.02284738,0.4473114,0.0007476807,0.8943634,0.4473114,0.0007476807,0.8943634,4.460938,4.460938,True,True,True
1630504,63779589513524,-13.59925,2.594847,-0.05101448,-0.06167898,0.8620416,0.08307734,-0.4961635,0.005884339,0.002845017,-0.02399031,0.4551849,-0.00592041,0.8903656,0.02831369,0.002493225,-0.02284857,0.02831369,0.002493225,-0.02284857,0.4495087,0.0004577637,0.8932648,0.4495087,0.0004577637,0.8932648,4.472534,4.472534,True,True,True
1630513,63779589513535,-13.59924,2.594807,-0.05102438,-0.06176715,0.8620677,0.08292893,-0.496132,0.005852158,0.002845215,-0.02399214,0.4537811,-0.005691528,0.8910828,0.02831317,0.002493057,-0.02284871,0.02831317,0.002493057,-0.02284871,0.447052,0.0008087158,0.8945007,0.447052,0.0008087158,0.8945007,4.461197,4.461197,True,True,True
1630521,63779589513547,-13.59924,2.594796,-0.05107558,-0.06204864,0.8620362,0.0829348,-0.4961506,0.005929962,0.002850021,-0.02398845,0.4556274,-0.004760742,0.890152,0.0283234,0.002494644,-0.02284215,0.0283234,0.002494644,-0.02284215,0.4467926,-0.001968384,0.8946228,0.4467926,-0.001968384,0.8946228,4.461075,4.461075,True,True,True
1630529,63779589513547,-13.59924,2.594796,-0.05107558,-0.06204864,0.8620362,0.0829348,-0.4961506,0.006438355,0.002867142,-0.02394217,0.4528046,0.00177002,0.8916016,0.02843367,0.002522583,-0.02282912,0.02843367,0.002522583,-0.02282912,0.4479828,0.01263428,0.8939362,0.4479828,0.01263428,0.8939362,4.459442,4.459442,True,True,True
1630538,63779589513557,-13.59934,2.594767,-0.05109763,-0.062168,0.8620369,0.08290793,-0.4961388,0.00835379,0.002854065,-0.02381297,0.4413147,0.003448486,0.8973389,0.02850356,0.002536652,-0.02279477,0.02850356,0.002536652,-0.02279477,0.4373932,0.015625,0.8991241,0.4373932,0.015625,0.8991241,4.48938,4.48938,True,True,True
1630546,63779589513568,-13.59937,2.59471,-0.05115515,-0.06217128,0.8619962,0.08288375,-0.4962133,0.007208802,0.002884354,-0.0238755,0.4499207,0.001495361,0.8930511,0.02850063,0.002550903,-0.02279509,0.02850063,0.002550903,-0.02279509,0.4488525,0.005813599,0.8935852,0.4488525,0.005813599,0.8935852,4.60437,4.60437,True,True,True
1630554,63779589513579,-13.59937,2.594755,-0.05121964,-0.06227448,0.8619892,0.0829536,-0.4962008,0.00774318,0.002871475,-0.02384662,0.4460297,0.0007324219,0.8950043,0.02847887,0.002544525,-0.02279863,0.02847887,0.002544525,-0.02279863,0.446991,0.004989624,0.894516,0.446991,0.004989624,0.894516,4.55748,4.55748,True,True,True
1630563,63779589513579,-13.59937,2.594755,-0.05121964,-0.06227448,0.8619892,0.0829536,-0.4962008,0.007745789,0.002866058,-0.02384198,0.4394226,0.00227356,0.8982697,0.02847636,0.002536774,-0.02279143,0.02847636,0.002536774,-0.02279143,0.4360962,0.007995605,0.8998566,0.4360962,0.007995605,0.8998566,4.522522,4.522522,True,True,True
1630571,63779589513590,-13.59944,2.594757,-0.0512464,-0.06228198,0.8619813,0.08300227,-0.4962054,0.007600708,0.002868714,-0.0238499,0.440918,0.003967285,0.897522,0.02847946,0.002537201,-0.02279184,0.02847946,0.002537201,-0.02279184,0.4376984,0.01098633,0.8990479,0.4376984,0.01098633,0.8990479,4.573685,4.573685,True,True,True
1630579,63779589513602,-13.59942,2.594806,-0.05130857,-0.06231012,0.8619263,0.08309717,-0.4962816,0.007480118,0.00287027,-0.02385652,0.4409943,0.00617981,0.8974762,0.02848171,0.002536774,-0.02279227,0.02848171,0.002536774,-0.02279227,0.4382477,0.01396179,0.8987274,0.4382477,0.01396179,0.8987274,4.554626,4.554626,True,True,True
1630588,63779589513614,-13.59943,2.594805,-0.05135614,-0.06227924,0.8619274,0.08324925,-0.496258,0.007238511,0.002874237,-0.0238692,0.4420166,0.005737305,0.8969727,0.02848001,0.002537201,-0.02279324,0.02848001,0.002537201,-0.02279324,0.4403534,0.01402283,0.8977051,0.4403534,0.01402283,0.8977051,4.590622,4.590622,True,True,True
1630596,63779589513614,-13.59943,2.594805,-0.05135614,-0.06227924,0.8619274,0.08324925,-0.496258,0.006896408,0.002879532,-0.02388701,0.440506,0.005661011,0.8977203,0.02847954,0.002536774,-0.02279422,0.02847954,0.002536774,-0.02279422,0.437851,0.01358032,0.8989258,0.437851,0.01358032,0.8989258,4.565598,4.565598,True,True,True
1630604,63779589513624,-13.59941,2.594804,-0.05132437,-0.06220711,0.8619467,0.08335621,-0.4962155,0.006341645,0.002888413,-0.02391562,0.4408875,0.004943848,0.8975372,0.02848062,0.002536652,-0.02279524,0.02848062,0.002536652,-0.02279524,0.4380493,0.01339722,0.8988495,0.4380493,0.01339722,0.8988495,4.559814,4.559814,True,True,True
1630613,63779589513635,-13.59939,2.594831,-0.05134845,-0.06208373,0.8619645,0.08342154,-0.4961891,0.006027878,0.002893356,-0.0239323,0.4415131,0.005126953,0.8972321,0.02848171,0.002536545,-0.02279627,0.02848171,0.002536545,-0.02279627,0.4383545,0.01322937,0.8986969,0.4383545,0.01322937,0.8986969,4.565643,4.565643,True,True,True
1630621,63779589513647,-13.5993,2.594829,-0.05139571,-0.06195161,0.8619742,0.08352,-0.4961722,0.005911621,0.002895203,-0.02393828,0.4419556,0.004516602,0.8970184,0.02848213,0.002536499,-0.02279614,0.02848213,0.002536499,-0.02279614,0.4383392,0.01275635,0.8986969,0.4383392,0.01275635,0.8986969,4.57579,4.57579,True,True,True
1630629,63779589513647,-13.5993,2.594829,-0.05139571,-0.06195161,0.8619742,0.08352,-0.4961722,0.005907624,0.002895264,-0.02393859,0.4419403,0.004516602,0.8970184,0.02848256,0.002536453,-0.02279602,0.02848256,0.002536453,-0.02279602,0.4382477,0.01219177,0.8987579,0.4382477,0.01219177,0.8987579,4.564865,4.564865,True,True,True
1630638,63779589513657,-13.59925,2.594822,-0.05143666,-0.06189872,0.8619357,0.08357616,-0.4962363,0.005975769,0.002894012,-0.02393476,0.4422455,0.003707886,0.8968811,0.02848316,0.002536194,-0.02279512,0.02848316,0.002536194,-0.02279512,0.4386902,0.0113678,0.8985596,0.4386902,0.0113678,0.8985596,4.575409,4.575409,True,True,True
1630646,63779589513669,-13.59923,2.594822,-0.0514546,-0.06178097,0.8620177,0.08353919,-0.4961146,0.006020035,0.002893128,-0.02393207,0.4421844,0.003128052,0.8969116,0.02848256,0.00253595,-0.02279422,0.02848256,0.00253595,-0.02279422,0.4388123,0.01052856,0.8984985,0.4388123,0.01052856,0.8984985,4.585464,4.585464,True,True,True
1630654,63779589513680,-13.59921,2.594784,-0.05154479,-0.06175828,0.862044,0.08347755,-0.4960822,0.006063873,0.002892319,-0.02392989,0.4421539,0.003097534,0.8969269,0.02848213,0.002535828,-0.02279413,0.02848213,0.002535828,-0.02279413,0.4387512,0.01060486,0.8985443,0.4387512,0.01060486,0.8985443,4.58934,4.58934,True,True,True
1630663,63779589513680,-13.59921,2.594784,-0.05154479,-0.06175828,0.862044,0.08347755,-0.4960822,0.006099991,0.002891541,-0.02392801,0.4423065,0.003112793,0.8968506,0.02848171,0.002535721,-0.02279402,0.02848171,0.002535721,-0.02279402,0.4386902,0.01062012,0.8985596,0.4386902,0.01062012,0.8985596,4.592896,4.592896,True,True,True
1630671,63779589513691,-13.59917,2.594788,-0.05157804,-0.06170254,0.8621429,0.08332669,-0.4959426,0.006108567,0.002890656,-0.02392705,0.4423676,0.003250122,0.8968201,0.02848062,0.002534729,-0.02279318,0.02848062,0.002534729,-0.02279318,0.4384613,0.01081848,0.8986816,0.4384613,0.01081848,0.8986816,4.594345,4.594345,True,True,True
1630679,63779589513702,-13.59913,2.59475,-0.05163175,-0.06172391,0.8622313,0.08313949,-0.4958178,0.005995163,0.002891632,-0.02393268,0.4424744,0.003433228,0.896759,0.02847954,0.002533737,-0.02279234,0.02847954,0.002533737,-0.02279234,0.4382172,0.01100159,0.8987885,0.4382172,0.01100159,0.8987885,4.595444,4.595444,True,True,True
1630688,63779589513713,-13.59907,2.594746,-0.05170691,-0.06162621,0.8623741,0.0830272,-0.4956004,0.006038697,0.002890152,-0.0239308,0.442627,0.003662109,0.8966827,0.02847954,0.002532105,-0.02279234,0.02847954,0.002532105,-0.02279234,0.438324,0.01147461,0.8987274,0.438324,0.01147461,0.8987274,4.599686,4.599686,True,True,True
1630696,63779589513713,-13.59907,2.594746,-0.05170691,-0.06162621,0.8623741,0.0830272,-0.4956004,0.006063187,0.002889603,-0.02392958,0.4423218,0.00352478,0.8968353,0.02847832,0.002532028,-0.02279234,0.02847832,0.002532028,-0.02279234,0.4380188,0.01142883,0.89888,0.4380188,0.01142883,0.89888,4.599503,4.599503,True,True,True
1630704,63779589513724,-13.59906,2.594744,-0.05177051,-0.06154455,0.8625099,0.08278207,-0.4954152,0.006058945,0.002889343,-0.02392902,0.4411926,0.00201416,0.8973999,0.02847168,0.002532028,-0.02279135,0.02847168,0.002532028,-0.02279135,0.4364624,0.009460449,0.8996582,0.4364624,0.009460449,0.8996582,4.606369,4.606369,True,True,True
1630713,63779589513737,-13.59896,2.594689,-0.05189359,-0.0615129,0.8626664,0.08259769,-0.4951774,0.006031281,0.002889954,-0.02393009,0.4412689,0.001983643,0.8973541,0.02847104,0.002532028,-0.02279083,0.02847104,0.002532028,-0.02279083,0.4363098,0.00944519,0.8997345,0.4363098,0.00944519,0.8997345,4.6064,4.6064,True,True,True
1630721,63779589513747,-13.59887,2.59469,-0.05193835,-0.06148007,0.8628863,0.08217853,-0.494868,0.005933365,0.00289148,-0.02393501,0.4407959,0.001342773,0.8975983,0.02846745,0.002532028,-0.02279021,0.02846745,0.002532028,-0.02279021,0.4355164,0.008514404,0.9001312,0.4355164,0.008514404,0.9001312,4.614059,4.614059,True,True,True
1630729,63779589513747,-13.59887,2.59469,-0.05193835,-0.06148007,0.8628863,0.08217853,-0.494868,0.005891129,0.002892136,-0.02393694,0.4413147,-0.0004730225,0.8973389,0.02846671,0.002532028,-0.02278943,0.02846671,0.002532028,-0.02278943,0.4361115,0.006256104,0.8998566,0.4361115,0.006256104,0.8998566,4.620743,4.620743,True,True,True
1630738,63779589513759,-13.59875,2.594705,-0.05206817,-0.06152398,0.8630595,0.08190976,-0.4946047,0.005793228,0.002893692,-0.023942,0.4414673,0.0001373291,0.8972626,0.02846613,0.002532028,-0.02278887,0.02846613,0.002532028,-0.02278887,0.4363403,0.008575439,0.8997345,0.4363403,0.008575439,0.8997345,4.62207,4.62207,True,True,True
1630746,63779589513770,-13.59864,2.5947,-0.05214715,-0.06149181,0.863238,0.081562,-0.4943546,0.00589064,0.002892136,-0.02393709,0.4428253,0.000793457,0.8966064,0.02846611,0.002532028,-0.0227888,0.02846611,0.002532028,-0.0227888,0.4386902,0.009597778,0.8985748,0.4386902,0.009597778,0.8985748,4.627274,4.627274,True,True,True
1630754,63779589513780,-13.59854,2.594689,-0.05216455,-0.06142498,0.8635077,0.08124933,-0.4939434,0.005996979,0.002890488,-0.02393149,0.442749,0.0009765625,0.896637,0.02846568,0.002532105,-0.02278848,0.02846568,0.002532105,-0.02278848,0.4386139,0.009780884,0.8986206,0.4386139,0.009780884,0.8986206,4.627396,4.627396,True,True,True
1630762,63779589513780,-13.59854,2.594689,-0.05216455,-0.06142498,0.8635077,0.08124933,-0.4939434,0.006055573,0.002890564,-0.02392766,0.4429016,0.0007019043,0.8965607,0.02846538,0.002533676,-0.0227871,0.02846538,0.002533676,-0.0227871,0.4390564,0.00932312,0.8983917,0.4390564,0.00932312,0.8983917,4.627518,4.627518,True,True,True
1630771,63779589513792,-13.59849,2.594657,-0.05221057,-0.06147036,0.8636699,0.08091915,-0.4937082,0.006045731,0.002891449,-0.02392815,0.4432068,0.001220703,0.8964081,0.02846538,0.002534744,-0.02278703,0.02846538,0.002534744,-0.02278703,0.4394989,0.01020813,0.8981781,0.4394989,0.01020813,0.8981781,4.633759,4.633759,True,True,True
1630779,63779589513803,-13.59838,2.594663,-0.05223763,-0.06153445,0.8638819,0.08066444,-0.4933709,0.006189118,0.002891251,-0.02392032,0.4434357,0.0003509521,0.8963013,0.02846538,0.002538147,-0.02278601,0.02846538,0.002538147,-0.02278601,0.4396362,0.008636475,0.8981171,0.4396362,0.008636475,0.8981171,4.633072,4.633072,True,True,True
1630787,63779589513814,-13.59834,2.594611,-0.05232763,-0.06156429,0.8640707,0.08057521,-0.493051,0.006276123,0.002890701,-0.02391599,0.4434204,0.001327515,0.8963013,0.02846538,0.002539429,-0.02278594,0.02846538,0.002539429,-0.02278594,0.4396362,0.00894165,0.8981171,0.4396362,0.00894165,0.8981171,4.63298,4.63298,True,True,True
1630796,63779589513814,-13.59834,2.594611,-0.05232763,-0.06156429,0.8640707,0.08057521,-0.493051,0.006018158,0.002896256,-0.02392873,0.4437561,0.001312256,0.8961334,0.02846511,0.002541733,-0.02278531,0.02846511,0.002541733,-0.02278531,0.4398193,0.008255005,0.8980408,0.4398193,0.008255005,0.8980408,4.63588,4.63588,True,True,True
1630804,63779589513825,-13.59822,2.594638,-0.05240136,-0.06168876,0.8642426,0.08052477,-0.4927424,0.00621756,0.002894211,-0.02391817,0.4434814,0.00100708,0.8962708,0.02846416,0.002543549,-0.02278456,0.02846416,0.002543549,-0.02278456,0.4395447,0.007675171,0.8981781,0.4395447,0.007675171,0.8981781,4.63237,4.63237,True,True,True
1630812,63779589513836,-13.59812,2.594614,-0.05244815,-0.06169026,0.8644608,0.08046675,-0.4923688,0.005994187,0.002897873,-0.02392943,0.4437714,0.0007324219,0.8961334,0.02846156,0.002543854,-0.0227845,0.02846156,0.002543854,-0.0227845,0.4401093,0.008163452,0.8978882,0.4401093,0.008163452,0.8978882,4.636002,4.636002,True,True,True
1630821,63779589513847,-13.59801,2.594653,-0.05255419,-0.06171225,0.8646234,0.08059476,-0.4920595,0.005898499,0.002899445,-0.02393378,0.4461517,0.001953125,0.8949432,0.02846083,0.0025439,-0.02278363,0.02846083,0.0025439,-0.02278363,0.4431915,0.008987427,0.8963776,0.4431915,0.008987427,0.8963776,4.647552,4.647552,True,True,True
1630829,63779589513847,-13.59801,2.594653,-0.05255419,-0.06171225,0.8646234,0.08059476,-0.4920595,0.00578949,0.002902908,-0.02393707,0.447876,0.001922607,0.8940887,0.02845979,0.002546692,-0.02277953,0.02845979,0.002546692,-0.02277953,0.4449158,0.008834839,0.8955078,0.4449158,0.008834839,0.8955078,4.650284,4.650284,True,True,True
1630837,63779589513859,-13.598,2.594728,-0.05260259,-0.06180982,0.8648437,0.08077233,-0.4916306,0.005902985,0.002901139,-0.02393082,0.4481506,0.002059937,0.8939514,0.02845903,0.002546753,-0.02277814,0.02845903,0.002546753,-0.02277814,0.4458618,0.008834839,0.89505,0.4458618,0.008834839,0.89505,4.649155,4.649155,True,True,True
1630846,63779589513870,-13.59784,2.594692,-0.0526638,-0.06191495,0.864996,0.08089714,-0.4913288,0.005864914,0.002903458,-0.0239327,0.4483795,0.002502441,0.8938293,0.02845751,0.002549622,-0.02277677,0.02845751,0.002549622,-0.02277677,0.4460144,0.009185791,0.8949738,0.4460144,0.009185791,0.8949738,4.640381,4.640381,True,True,True
1630854,63779589513880,-13.59774,2.594701,-0.05270499,-0.06190259,0.8652219,0.08097358,-0.4909201,0.005873841,0.002903397,-0.02393257,0.4484711,0.003143311,0.8937836,0.02845455,0.002549805,-0.02277618,0.02845455,0.002549805,-0.02277618,0.4462433,0.01013184,0.8948364,0.4462433,0.01013184,0.8948364,4.641037,4.641037,True,True,True
1630862,63779589513880,-13.59774,2.594701,-0.05270499,-0.06190259,0.8652219,0.08097358,-0.4909201,0.005910294,0.002902802,-0.0239308,0.4498291,0.003662109,0.8930969,0.02845264,0.002549805,-0.02277618,0.02845264,0.002549805,-0.02277618,0.4475555,0.01083374,0.8941803,0.4475555,0.01083374,0.8941803,4.651306,4.651306,True,True,True
1630871,63779589513891,-13.59762,2.594768,-0.05275488,-0.06198745,0.8654119,0.08103286,-0.4905644,0.005985504,0.002901703,-0.02392703,0.4516449,0.004333496,0.8921814,0.02845181,0.002549805,-0.02277618,0.02845181,0.002549805,-0.02277618,0.4500885,0.01217651,0.8928833,0.4500885,0.01217651,0.8928833,4.650681,4.650681,True,True,True
1630879,63779589513902,-13.59751,2.594767,-0.05279988,-0.06187614,0.8656136,0.08102611,-0.4902236,0.00614296,0.002899262,-0.02391979,0.4508362,0.005355835,0.8925781,0.02844554,0.002549805,-0.02277618,0.02844554,0.002549805,-0.02277618,0.4490051,0.01371765,0.8934021,0.4490051,0.01371765,0.8934021,4.653839,4.653839,True,True,True
1630887,63779589513914,-13.59737,2.594805,-0.05281717,-0.06182813,0.8657792,0.08100899,-0.4899401,0.006284165,0.002896897,-0.02391383,0.4516754,0.006088257,0.8921509,0.02844354,0.002549622,-0.02277618,0.02844354,0.002549622,-0.02277618,0.450531,0.0146637,0.8926239,0.450531,0.0146637,0.8926239,4.667938,4.667938,True,True,True
1630896,63779589513914,-13.59737,2.594805,-0.05281717,-0.06182813,0.8657792,0.08100899,-0.4899401,0.006345597,0.002895981,-0.02391071,0.4506836,0.006134033,0.8926544,0.02843524,0.002549622,-0.02277618,0.02843524,0.002549622,-0.02277618,0.4485016,0.01448059,0.8936615,0.4485016,0.01448059,0.8936615,4.666611,4.666611,True,True,True
1630904,63779589513925,-13.59724,2.59484,-0.05288088,-0.06164552,0.8659173,0.08096894,-0.4897254,0.006513779,0.002893326,-0.02390225,0.4505463,0.006225586,0.8927155,0.02842995,0.002549622,-0.02277618,0.02842995,0.002549622,-0.02277618,0.4485626,0.01455688,0.8936157,0.4485626,0.01455688,0.8936157,4.666641,4.666641,True,True,True
1630912,63779589513936,-13.5971,2.594869,-0.05288994,-0.06156059,0.8660789,0.08089055,-0.4894633,0.006568299,0.002892578,-0.02389923,0.4509583,0.006240845,0.8925171,0.02842471,0.002549622,-0.02277618,0.02842471,0.002549622,-0.02277618,0.4501953,0.01469421,0.8927917,0.4501953,0.01469421,0.8927917,4.677109,4.677109,True,True,True
1630921,63779589513947,-13.59706,2.594832,-0.0528155,-0.06135583,0.8662784,0.08084512,-0.4891435,0.006572434,0.002890167,-0.02390062,0.4497833,0.006622314,0.8930969,0.02841789,0.002545227,-0.022778,0.02841789,0.002545227,-0.022778,0.4484253,0.01509094,0.8936768,0.4484253,0.01509094,0.8936768,4.667267,4.667267,True,True,True
1630929,63779589513947,-13.59706,2.594832,-0.0528155,-0.06135583,0.8662784,0.08084512,-0.4891435,0.006517777,0.002891464,-0.02390366,0.4505615,0.006591797,0.8927155,0.02841312,0.002544632,-0.02277805,0.02841312,0.002544632,-0.02277805,0.449173,0.01539612,0.8932953,0.449173,0.01539612,0.8932953,4.667679,4.667679,True,True,True
1630937,63779589513959,-13.59692,2.594815,-0.05282271,-0.061198,0.8663921,0.08079652,-0.4889697,0.006437012,0.002891968,-0.02390756,0.4514771,0.006881714,0.8922424,0.02840712,0.002543335,-0.02277805,0.02840712,0.002543335,-0.02277805,0.4482269,0.01564026,0.8937683,0.4482269,0.01564026,0.8937683,4.666321,4.666321,True,True,True
1630946,63779589513970,-13.59678,2.594793,-0.0527398,-0.06107224,0.8665307,0.08075485,-0.4887469,0.006356873,0.00289299,-0.02391173,0.4509735,0.006881714,0.8925018,0.02839992,0.002542206,-0.02277805,0.02839992,0.002542206,-0.02277805,0.447525,0.01583862,0.8941193,0.447525,0.01583862,0.8941193,4.665955,4.665955,True,True,True
1630954,63779589513980,-13.59663,2.594775,-0.05272782,-0.06102505,0.8665775,0.0807936,-0.4886633,0.006316712,0.002893341,-0.02391457,0.4513855,0.007064819,0.8922882,0.02839557,0.002541351,-0.02277805,0.02839557,0.002541351,-0.02277805,0.4482117,0.01620483,0.8937683,0.4482117,0.01620483,0.8937683,4.666336,4.666336,True,True,True
1630962,63779589513980,-13.59663,2.594775,-0.05272782,-0.06102505,0.8665775,0.0807936,-0.4886633,0.00629657,0.002893631,-0.02391605,0.4511414,0.007156372,0.8924103,0.02839212,0.002541321,-0.02277805,0.02839212,0.002541321,-0.02277805,0.4476929,0.01635742,0.8940277,0.4476929,0.01635742,0.8940277,4.666122,4.666122,True,True,True
1630971,63779589513992,-13.5965,2.594774,-0.0526703,-0.06090573,0.8667049,0.08070888,-0.4884662,0.006303437,0.002891586,-0.02391547,0.4502716,0.007583618,0.8928528,0.02838568,0.002537781,-0.02277805,0.02838568,0.002537781,-0.02277805,0.4460907,0.01705933,0.8948212,0.4460907,0.01705933,0.8948212,4.66539,4.66539,True,True,True
1630979,63779589514003,-13.59636,2.594785,-0.05270398,-0.0608652,0.8667728,0.08067223,-0.4883569,0.006362305,0.002890869,-0.02391307,0.4496765,0.007614136,0.8931427,0.02838028,0.002537781,-0.02277805,0.02838028,0.002537781,-0.02277805,0.4448395,0.01698303,0.8954315,0.4448395,0.01698303,0.8954315,4.6642,4.6642,True,True,True
1630987,63779589514014,-13.59622,2.594771,-0.05262697,-0.0608874,0.8668924,0.08067545,-0.4881412,0.00644516,0.002889969,-0.02390981,0.4509125,0.007781982,0.8925171,0.02837541,0.002537781,-0.02277805,0.02837541,0.002537781,-0.02277805,0.4468384,0.01719666,0.8944397,0.4468384,0.01719666,0.8944397,4.665649,4.665649,True,True,True
1630996,63779589514014,-13.59622,2.594771,-0.05262697,-0.0608874,0.8668924,0.08067545,-0.4881412,0.006598771,0.002888306,-0.023905,0.4508514,0.009063721,0.8925476,0.02837096,0.002537781,-0.02277805,0.02837096,0.002537781,-0.02277805,0.445816,0.01907349,0.8949127,0.445816,0.01907349,0.8949127,4.666122,4.666122,True,True,True
1631004,63779589514025,-13.59605,2.594726,-0.05254197,-0.06091391,0.8669907,0.08065221,-0.487967,0.006781372,0.002885681,-0.023896,0.4522552,0.007995605,0.8918304,0.02837044,0.002537781,-0.02277805,0.02837044,0.002537781,-0.02277805,0.4480438,0.01730347,0.8938293,0.4480438,0.01730347,0.8938293,4.666458,4.666458,True,True,True
1631012,63779589514036,-13.59594,2.594727,-0.05246973,-0.06089943,0.8670955,0.08069406,-0.4877757,0.006952454,0.002883042,-0.0238878,0.45224,0.008026123,0.8918457,0.02836997,0.002537781,-0.022778,0.02836997,0.002537781,-0.022778,0.4479218,0.01730347,0.8938904,0.4479218,0.01730347,0.8938904,4.666351,4.666351,True,True,True
1631021,63779589514047,-13.5958,2.594717,-0.05237561,-0.06106419,0.8672076,0.08081599,-0.4875355,0.007058869,0.002881302,-0.02388261,0.4526062,0.009887695,0.8916473,0.02836977,0.002537781,-0.02277751,0.02836977,0.002537781,-0.02277751,0.4481201,0.02006531,0.8937378,0.4481201,0.02006531,0.8937378,4.668945,4.668945,True,True,True
1631029,63779589514047,-13.5958,2.594717,-0.05237561,-0.06106419,0.8672076,0.08081599,-0.4875355,0.007088288,0.002880936,-0.0238815,0.4532318,0.008834839,0.8913422,0.02836835,0.002537781,-0.02277751,0.02836835,0.002537781,-0.02277751,0.4490356,0.02172852,0.8932343,0.4490356,0.02172852,0.8932343,4.670395,4.670395,True,True,True
1631037,63779589514058,-13.59566,2.594692,-0.05225122,-0.06124667,0.8672361,0.08095701,-0.4874386,0.007046463,0.00288237,-0.02388442,0.4524078,0.008331299,0.8917542,0.02836807,0.00253862,-0.02277748,0.02836807,0.00253862,-0.02277748,0.4476929,0.02133179,0.8939209,0.4476929,0.02133179,0.8939209,4.668472,4.668472,True,True,True
1631046,63779589514069,-13.59554,2.594708,-0.05215603,-0.06150952,0.8673415,0.08121935,-0.4871742,0.006742233,0.002897736,-0.02392217,0.453598,-0.0005645752,0.8912048,0.02825807,0.002556183,-0.02280071,0.02825807,0.002556183,-0.02280071,0.4453583,0.01135254,0.8952637,0.4453583,0.01135254,0.8952637,4.536728,4.536728,True,True,True
1631054,63779589514080,-13.59544,2.594761,-0.05201548,-0.06180584,0.8673991,0.08150473,-0.4869865,0.006403336,0.002921234,-0.0239635,0.4707794,0.004959106,0.8822174,0.02823843,0.002581223,-0.02283124,0.02823843,0.002581223,-0.02283124,0.4696198,0.01618958,0.8827057,0.4696198,0.01618958,0.8827057,4.724854,4.724854,True,True,True
1631062,63779589514080,-13.59544,2.594761,-0.05201548,-0.06180584,0.8673991,0.08150473,-0.4869865,0.006765015,0.002921265,-0.02392244,0.4548035,0.005661011,0.890564,0.0282619,0.002588364,-0.02280049,0.0282619,0.002588364,-0.02280049,0.4486542,0.01602173,0.8935547,0.4486542,0.01602173,0.8935547,4.632004,4.632004,True,True,True
1631071,63779589514092,-13.59534,2.594775,-0.05189687,-0.0619775,0.8674666,0.08181647,-0.486792,0.006993012,0.002921356,-0.02392244,0.4559937,0.01791382,0.8897858,0.02825517,0.002588348,-0.02281155,0.02825517,0.002588348,-0.02281155,0.4480896,0.02810669,0.8935394,0.4480896,0.02810669,0.8935394,4.616867,4.616867,True,True,True
1631079,63779589514103,-13.5952,2.594861,-0.05178696,-0.06213263,0.867523,0.08227344,-0.4865947,0.007121613,0.00291597,-0.0239178,0.4593201,0.01473999,0.8881378,0.02824449,0.002583115,-0.02281397,0.02824449,0.002583115,-0.02281397,0.4526215,0.02194214,0.8914185,0.4526215,0.02194214,0.8914185,4.587296,4.587296,True,True,True
1631087,63779589514114,-13.59514,2.594947,-0.05168468,-0.06220958,0.8675962,0.08274952,-0.4863736,0.007097977,0.00291359,-0.0239158,0.4659424,0.001724243,0.8847961,0.02824513,0.002578873,-0.02280989,0.02824513,0.002578873,-0.02280989,0.4646759,0.0025177,0.8854675,0.4646759,0.0025177,0.8854675,4.614639,4.614639,True,True,True
1631096,63779589514114,-13.59514,2.594947,-0.05168468,-0.06220958,0.8675962,0.08274952,-0.4863736,0.006890275,0.002916702,-0.023927,0.461792,0.00894165,0.8869324,0.02824428,0.00257901,-0.02280997,0.02824428,0.00257901,-0.02280997,0.456955,0.01509094,0.8893585,0.456955,0.01509094,0.8893585,4.611267,4.611267,True,True,True
1631104,63779589514125,-13.59502,2.595026,-0.05156296,-0.06229236,0.8676958,0.0832388,-0.4861019,0.005236206,0.002942688,-0.02401364,0.4632721,0.01580811,0.8860626,0.02824342,0.002579147,-0.02281006,0.02824342,0.002579147,-0.02281006,0.4586029,0.02868652,0.8881683,0.4586029,0.02868652,0.8881683,4.62532,4.62532,True,True,True
1631112,63779589514136,-13.59485,2.595019,-0.05151373,-0.06237899,0.867771,0.0838073,-0.4858587,0.005418106,0.002939636,-0.02400586,0.4606781,0.01449585,0.8874359,0.02824168,0.00257901,-0.02281284,0.02824168,0.00257901,-0.02281284,0.4539032,0.02656555,0.8906403,0.4539032,0.02656555,0.8906403,4.615814,4.615814,True,True,True
1631121,63779589514147,-13.59472,2.595095,-0.05140418,-0.06235453,0.8678497,0.08449229,-0.4856027,0.00561818,0.00293631,-0.02399378,0.4580536,0.01293945,0.8888245,0.02823994,0.002578873,-0.02281006,0.02823994,0.002578873,-0.02281006,0.449234,0.02401733,0.8930817,0.449234,0.02401733,0.8930817,4.605911,4.605911,True,True,True
1631129,63779589514147,-13.59472,2.595095,-0.05140418,-0.06235453,0.8678497,0.08449229,-0.4856027,0.005519059,0.002936829,-0.02399907,0.4603729,0.008789063,0.8876648,0.02823879,0.002577515,-0.02280997,0.02823879,0.002577515,-0.02280997,0.4530792,0.01785278,0.8912811,0.4530792,0.01785278,0.8912811,4.602402,4.602402,True,True,True
1631137,63779589514158,-13.59457,2.595212,-0.05132687,-0.06251087,0.8679062,0.08501252,-0.4853906,0.005393433,0.00293776,-0.02400575,0.462738,0.004745483,0.8864746,0.02823763,0.002576157,-0.02280989,0.02823763,0.002576157,-0.02280989,0.4569702,0.0118103,0.889389,0.4569702,0.0118103,0.889389,4.603973,4.603973,True,True,True
1631146,63779589514169,-13.59455,2.595268,-0.05114567,-0.06247327,0.8679975,0.08549436,-0.4851477,0.005411484,0.002935501,-0.02400441,0.4612732,0.0052948,0.8872375,0.02823718,0.002573258,-0.02280922,0.02823718,0.002573258,-0.02280922,0.4547272,0.01391602,0.8905029,0.4547272,0.01391602,0.8905029,4.601318,4.601318,True,True,True
1631154,63779589514181,-13.59445,2.595352,-0.05103749,-0.06239061,0.8680888,0.08612949,-0.4848826,0.005513306,0.002931915,-0.02399939,0.4623718,0.006286621,0.8866577,0.02823674,0.002570343,-0.02280989,0.02823674,0.002570343,-0.02280989,0.4567719,0.0166626,0.8894196,0.4567719,0.0166626,0.8894196,4.606598,4.606598,True,True,True
1631162,63779589514181,-13.59445,2.595352,-0.05103749,-0.06239061,0.8680888,0.08612949,-0.4848826,0.005321503,0.00293335,-0.02400891,0.4613647,0.005157471,0.8871765,0.02823451,0.002567764,-0.02280922,0.02823451,0.002567764,-0.02280922,0.4550476,0.01547241,0.8903198,0.4550476,0.01547241,0.8903198,4.602463,4.602463,True,True,True
1631171,63779589514191,-13.59434,2.595408,-0.05092543,-0.06231837,0.8681888,0.08666641,-0.484617,0.005233444,0.002933151,-0.02401306,0.4617767,0.004821777,0.8869781,0.0282323,0.00256517,-0.02280855,0.0282323,0.00256517,-0.02280855,0.4556274,0.01441956,0.8900452,0.4556274,0.01441956,0.8900452,4.599487,4.599487,True,True,True
1631179,63779589514203,-13.59424,2.595509,-0.05080765,-0.06228537,0.8682781,0.08714997,-0.4843743,0.005281052,0.002930374,-0.02401038,0.4626312,0.005081177,0.8865204,0.02823084,0.002562485,-0.02280827,0.02823084,0.002562485,-0.02280827,0.4563599,0.01506042,0.8896484,0.4563599,0.01506042,0.8896484,4.603104,4.603104,True,True,True
1631187,63779589514213,-13.5941,2.595534,-0.05068207,-0.0622406,0.868365,0.08770802,-0.4841236,0.005406998,0.002926346,-0.0240036,0.4632416,0.005325317,0.8862,0.02822939,0.002559815,-0.022808,0.02822939,0.002559815,-0.022808,0.4566956,0.01559448,0.8894806,0.4566956,0.01559448,0.8894806,4.605972,4.605972,True,True,True
1631196,63779589514213,-13.5941,2.595534,-0.05068207,-0.0622406,0.868365,0.08770802,-0.4841236,0.005461533,0.002923447,-0.02400092,0.4633942,0.00567627,0.8861237,0.02822727,0.002556839,-0.02280789,0.02822727,0.002556839,-0.02280789,0.4563446,0.01618958,0.8896484,0.4563446,0.01618958,0.8896484,4.603516,4.603516,True,True,True
1631204,63779589514224,-13.59401,2.595598,-0.05055076,-0.06204836,0.8685065,0.08795402,-0.4838498,0.005595887,0.002919129,-0.02399373,0.4631042,0.006103516,0.8862762,0.02822514,0.002553864,-0.02280779,0.02822514,0.002553864,-0.02280779,0.4559937,0.01673889,0.8898163,0.4559937,0.01673889,0.8898163,4.601059,4.601059,True,True,True
1631212,63779589514235,-13.59392,2.595643,-0.05044395,-0.06201707,0.868623,0.08828709,-0.4835839,0.007126679,0.002890778,-0.02391328,0.4618225,0.006958008,0.8869324,0.02821889,0.002548218,-0.02280769,0.02821889,0.002548218,-0.02280769,0.4544373,0.01803589,0.8905792,0.4544373,0.01803589,0.8905792,4.600632,4.600632,True,True,True
1631221,63779589514247,-13.59386,2.595682,-0.05045629,-0.06193743,0.8687792,0.08854674,-0.4832659,0.007107316,0.002885559,-0.02391382,0.4615936,0.007339478,0.8870544,0.02821689,0.002539765,-0.02280708,0.02821689,0.002539765,-0.02280708,0.4540253,0.01945496,0.8907623,0.4540253,0.01945496,0.8907623,4.591354,4.591354,True,True,True
1631229,63779589514247,-13.59386,2.595682,-0.05045629,-0.06193743,0.8687792,0.08854674,-0.4832659,0.007181641,0.002879273,-0.02390949,0.46138,0.003128052,0.8871765,0.02820931,0.002531937,-0.02280684,0.02820931,0.002531937,-0.02280684,0.4532928,0.01268005,0.8912659,0.4532928,0.01268005,0.8912659,4.587051,4.587051,True,True,True
1631237,63779589514258,-13.59377,2.59569,-0.05037385,-0.0618159,0.8689008,0.0889089,-0.4829963,0.005785981,0.002898453,-0.0239828,0.4631958,0.003646851,0.8862305,0.02820305,0.002525849,-0.02280631,0.02820305,0.002525849,-0.02280631,0.4554138,0.01446533,0.890152,0.4554138,0.01446533,0.890152,4.595428,4.595428,True,True,True
1631246,63779589514270,-13.59369,2.595759,-0.05033511,-0.06181666,0.8690103,0.08909087,-0.4827656,0.005800522,0.002896362,-0.02398259,0.4645538,0.003936768,0.8855286,0.02820128,0.002522964,-0.02280608,0.02820128,0.002522964,-0.02280608,0.4574585,0.01486206,0.8890991,0.4574585,0.01486206,0.8890991,4.600464,4.600464,True,True,True
1631254,63779589514280,-13.5936,2.595779,-0.05029398,-0.06169127,0.8691037,0.08932068,-0.4825709,0.006033402,0.002891266,-0.02397136,0.4653015,0.004455566,0.8851318,0.02820024,0.002521484,-0.0228056,0.02820024,0.002521484,-0.0228056,0.4578705,0.0151062,0.8888702,0.4578705,0.0151062,0.8888702,4.59726,4.59726,True,True,True
1631262,63779589514280,-13.5936,2.595779,-0.05029398,-0.06169127,0.8691037,0.08932068,-0.4825709,0.00610083,0.002887192,-0.02396756,0.4650879,0.0050354,0.8852386,0.02819834,0.002516876,-0.02280525,0.02819834,0.002516876,-0.02280525,0.4574127,0.01618958,0.8890991,0.4574127,0.01618958,0.8890991,4.597534,4.597534,True,True,True
1631271,63779589514291,-13.5935,2.595806,-0.05019629,-0.06167265,0.86914,0.08969785,-0.4824382,0.006137299,0.002886414,-0.02396494,0.4656372,0.004501343,0.8849487,0.02819667,0.002516663,-0.02280405,0.02819667,0.002516663,-0.02280405,0.4579163,0.01564026,0.888855,0.4579163,0.01564026,0.888855,4.602829,4.602829,True,True,True
1631279,63779589514303,-13.59345,2.595824,-0.05006188,-0.06167924,0.869243,0.09000942,-0.4821934,0.006131424,0.002885819,-0.02396428,0.4660339,0.004562378,0.8847504,0.02819367,0.002515717,-0.02280261,0.02819367,0.002515717,-0.02280261,0.4578247,0.015625,0.8889008,0.4578247,0.015625,0.8889008,4.602859,4.602859,True,True,True
1631287,63779589514313,-13.59337,2.595827,-0.04996914,-0.06158841,0.8693305,0.09043281,-0.481968,0.006087936,0.002885391,-0.02396552,0.4671631,0.003692627,0.8841553,0.02819206,0.002513855,-0.02279941,0.02819206,0.002513855,-0.02279941,0.4590607,0.01547241,0.8882599,0.4590607,0.01547241,0.8882599,4.607452,4.607452,True,True,True
1631296,63779589514313,-13.59337,2.595827,-0.04996914,-0.06158841,0.8693305,0.09043281,-0.481968,0.006021485,0.002886414,-0.02396919,0.4692535,0.003952026,0.8830414,0.02818848,0.002513779,-0.02279941,0.02818848,0.002513779,-0.02279941,0.4618835,0.01586914,0.886795,0.4618835,0.01586914,0.886795,4.609299,4.609299,True,True,True
1631304,63779589514324,-13.59331,2.595915,-0.04983777,-0.06153106,0.8693858,0.09082096,-0.4818026,0.005931412,0.002887436,-0.02397452,0.4695892,0.003631592,0.8828583,0.02818662,0.00251326,-0.02279933,0.02818662,0.00251326,-0.02279933,0.462265,0.01527405,0.8865967,0.462265,0.01527405,0.8865967,4.609146,4.609146,True,True,True
1631312,63779589514336,-13.59315,2.59595,-0.04970914,-0.06143836,0.8694758,0.09132548,-0.4815568,0.005938935,0.002887268,-0.0239754,0.4708862,0.003707886,0.8821716,0.02818489,0.002513229,-0.02279933,0.02818489,0.002513229,-0.02279933,0.4631348,0.01512146,0.8861389,0.4631348,0.01512146,0.8861389,4.609543,4.609543,True,True,True
1631321,63779589514347,-13.59307,2.596037,-0.04959613,-0.06119645,0.8695695,0.09178332,-0.4813312,0.005964264,0.002886353,-0.02397428,0.4719238,0.003646851,0.8816223,0.02818329,0.002512833,-0.02279933,0.02818329,0.002512833,-0.02279933,0.4645691,0.01527405,0.8853912,0.4645691,0.01527405,0.8853912,4.610626,4.610626,True,True,True
1631329,63779589514347,-13.59307,2.596037,-0.04959613,-0.06119645,0.8695695,0.09178332,-0.4813312,0.006034791,0.002884796,-0.02397098,0.4717865,0.002227783,0.8816986,0.02817957,0.002512467,-0.02279933,0.02817957,0.002512467,-0.02279933,0.4643402,0.01477051,0.8855286,0.4643402,0.01477051,0.8855286,4.620499,4.620499,True,True,True
1631337,63779589514358,-13.59288,2.596134,-0.04948401,-0.0610564,0.869672,0.09239747,-0.4810463,0.00616478,0.002882248,-0.02396497,0.472702,0.002212524,0.8812103,0.02817876,0.002512116,-0.02279933,0.02817876,0.002512116,-0.02279933,0.4658356,0.01254272,0.8847656,0.4658356,0.01254272,0.8847656,4.633957,4.633957,True,True,True
1631346,63779589514369,-13.59278,2.596224,-0.04937607,-0.06090817,0.8697771,0.092889,-0.4807803,0.006287461,0.002878906,-0.0239586,0.4729156,0.0006561279,0.8810883,0.0281787,0.002510437,-0.02279918,0.0281787,0.002510437,-0.02279918,0.4659119,0.009353638,0.8847656,0.4659119,0.009353638,0.8847656,4.633881,4.633881,True,True,True
1631354,63779589514380,-13.59267,2.596316,-0.04928499,-0.06069548,0.8698433,0.09340797,-0.4805869,0.007820969,0.002852539,-0.02387804,0.4732056,-0.000213623,0.8809509,0.02817633,0.002509674,-0.02279918,0.02817633,0.002509674,-0.02279918,0.4671021,0.009094238,0.88414,0.4671021,0.009094238,0.88414,4.632599,4.632599,True,True,True
1631362,63779589514380,-13.59267,2.596316,-0.04928499,-0.06069548,0.8698433,0.09340797,-0.4805869,0.007848557,0.002850754,-0.0238768,0.4732513,-0.001541138,0.8809204,0.02817516,0.002507813,-0.02279918,0.02817516,0.002507813,-0.02279918,0.4674988,0.007736206,0.8839569,0.4674988,0.007736206,0.8839569,4.633987,4.633987,True,True,True
1631371,63779589514391,-13.59262,2.596365,-0.04920328,-0.06052765,0.8699355,0.0939439,-0.4803367,0.007843399,0.002848908,-0.02387738,0.4736938,-0.001586914,0.8806763,0.02817183,0.002505051,-0.02279755,0.02817183,0.002505051,-0.02279755,0.4681549,0.007553101,0.883606,0.4681549,0.007553101,0.883606,4.644562,4.644562,True,True,True
1631379,63779589514402,-13.59255,2.596446,-0.04910719,-0.0602924,0.8700349,0.09447452,-0.480082,0.007774491,0.002847489,-0.02388042,0.4742279,-0.002853394,0.8803864,0.02816841,0.002501419,-0.02279662,0.02816841,0.002501419,-0.02279662,0.4690552,0.007781982,0.8831177,0.4690552,0.007781982,0.8831177,4.648407,4.648407,True,True,True
1631387,63779589514413,-13.59243,2.596512,-0.04901814,-0.06027463,0.8701342,0.09501696,-0.4797972,0.007736512,0.002845886,-0.02388271,0.4761047,-0.002075195,0.8793793,0.02816629,0.002498657,-0.02279662,0.02816629,0.002498657,-0.02279662,0.4721375,0.008850098,0.8814697,0.4721375,0.008850098,0.8814697,4.650894,4.650894,True,True,True
1631396,63779589514413,-13.59243,2.596512,-0.04901814,-0.06027463,0.8701342,0.09501696,-0.4797972,0.007760666,0.002843994,-0.0238839,0.4774933,-0.001831055,0.8786163,0.02816414,0.00249649,-0.02279916,0.02816414,0.00249649,-0.02279916,0.4743805,0.009124756,0.8802643,0.4743805,0.009124756,0.8802643,4.660629,4.660629,True,True,True
1631404,63779589514425,-13.59242,2.596643,-0.04894239,-0.06013815,0.8702357,0.09549443,-0.4795352,0.00777652,0.002840042,-0.02388344,0.4778748,-0.001251221,0.878418,0.02816361,0.002491959,-0.02279933,0.02816361,0.002491959,-0.02279933,0.4751434,0.00994873,0.879837,0.4751434,0.00994873,0.879837,4.680542,4.680542,True,True,True
1631412,63779589514436,-13.59229,2.596788,-0.04911911,-0.06007983,0.8703053,0.0959513,-0.4793251,0.006267563,0.002863464,-0.02396378,0.477951,-0.001602173,0.8783722,0.02816052,0.002489456,-0.02279955,0.02816052,0.002489456,-0.02279955,0.4753113,0.01051331,0.8797455,0.4753113,0.01051331,0.8797455,4.681564,4.681564,True,True,True
1631421,63779589514447,-13.59232,2.596829,-0.04908305,-0.05997412,0.8703893,0.09629709,-0.4791161,0.007662674,0.002835907,-0.02388976,0.4779663,-0.0003662109,0.8783722,0.02815805,0.00248552,-0.02279976,0.02815805,0.00248552,-0.02279976,0.4758759,0.01118469,0.8794403,0.4758759,0.01118469,0.8794403,4.700821,4.700821,True,True,True
1631429,63779589514447,-13.59232,2.596829,-0.04908305,-0.05997412,0.8703893,0.09629709,-0.4791161,0.006135666,0.002858292,-0.02397093,0.4787903,-0.001815796,0.8779144,0.02815364,0.002481033,-0.0227999,0.02815364,0.002481033,-0.0227999,0.4763184,0.01071167,0.8791962,0.4763184,0.01071167,0.8791962,4.711288,4.711288,True,True,True
1631437,63779589514458,-13.59229,2.596828,-0.04898655,-0.06003383,0.8704448,0.09682253,-0.478902,0.006067047,0.002856201,-0.02397531,0.4794617,-0.001754761,0.8775482,0.02815087,0.002478439,-0.02280063,0.02815087,0.002478439,-0.02280063,0.4772186,0.01062012,0.8787079,0.4772186,0.01062012,0.8787079,4.701157,4.701157,True,True,True
1631446,63779589514469,-13.59225,2.596855,-0.04886216,-0.05993531,0.8705189,0.09732495,-0.4786778,0.005956833,0.002854874,-0.02398106,0.4796753,-0.001373291,0.8774414,0.02814748,0.002474518,-0.02280063,0.02814748,0.002474518,-0.02280063,0.4773254,0.0110321,0.8786469,0.4773254,0.0110321,0.8786469,4.711868,4.711868,True,True,True
1631454,63779589514480,-13.59214,2.596879,-0.04881048,-0.059933,0.8705972,0.09768668,-0.4784619,0.005933258,0.002852173,-0.02398201,0.4799347,-0.004165649,0.8772888,0.02814652,0.002471985,-0.02279976,0.02814652,0.002471985,-0.02279976,0.4775848,0.006790161,0.87854,0.4775848,0.006790161,0.87854,4.722305,4.722305,True,True,True
1631462,63779589514480,-13.59214,2.596879,-0.04881048,-0.059933,0.8705972,0.09768668,-0.4784619,0.005927369,0.002849701,-0.0239821,0.4807892,-0.005050659,0.8768005,0.02814516,0.002469437,-0.02279916,0.02814516,0.002469437,-0.02279916,0.4785919,0.006530762,0.878006,0.4785919,0.006530762,0.878006,4.728775,4.728775,True,True,True
1631471,63779589514491,-13.59211,2.596876,-0.04877281,-0.05989449,0.8707017,0.09807537,-0.4781972,0.007434342,0.002820465,-0.02390311,0.4817047,-0.004348755,0.8763123,0.02814491,0.002466873,-0.02279999,0.02814491,0.002466873,-0.02279999,0.4802246,0.006820679,0.8771057,0.4802246,0.006820679,0.8771057,4.741913,4.741913,True,True,True
1631479,63779589514502,-13.59201,2.596911,-0.04872352,-0.05994873,0.8707753,0.09831255,-0.4780076,0.007114686,0.002823883,-0.02392099,0.4835815,-0.005081177,0.8752747,0.02814403,0.002464188,-0.02280116,0.02814403,0.002464188,-0.02280116,0.4829712,0.005996704,0.8755951,0.4829712,0.005996704,0.8755951,4.74559,4.74559,True,True,True
1631487,63779589514514,-13.59196,2.596934,-0.04867005,-0.05989204,0.8708925,0.09850611,-0.4777613,0.00708223,0.002821854,-0.02392336,0.4832306,-0.006118774,0.8754578,0.02814198,0.002461807,-0.02280142,0.02814198,0.002461807,-0.02280142,0.4825134,0.006271362,0.8758545,0.4825134,0.006271362,0.8758545,4.745239,4.745239,True,True,True
1631496,63779589514514,-13.59196,2.596934,-0.04867005,-0.05989204,0.8708925,0.09850611,-0.4777613,0.007032547,0.00282135,-0.02392674,0.4832764,-0.006256104,0.8754272,0.02814163,0.002461167,-0.02280142,0.02814163,0.002461167,-0.02280142,0.4826508,0.005783081,0.8757782,0.4826508,0.005783081,0.8757782,4.744812,4.744812,True,True,True
1631504,63779589514524,-13.5919,2.596941,-0.04860336,-0.05992996,0.8709717,0.09864599,-0.4775831,0.006989212,0.002819931,-0.02392928,0.4835968,-0.008132935,0.8752441,0.02813846,0.002458237,-0.02280142,0.02813846,0.002458237,-0.02280142,0.4824066,0.002838135,0.8759308,0.4824066,0.002838135,0.8759308,4.751389,4.751389,True,True,True
1631512,63779589514536,-13.59176,2.596955,-0.04853845,-0.05989171,0.8710735,0.09871756,-0.4773875,0.00758606,0.002805496,-0.02389763,0.4844513,-0.008926392,0.8747559,0.02813761,0.002452912,-0.02280142,0.02813761,0.002452912,-0.02280142,0.4839325,0.001098633,0.8750916,0.4839325,0.001098633,0.8750916,4.751312,4.751312,True,True,True
1631521,63779589514546,-13.5917,2.596946,-0.04851466,-0.05990914,0.8711602,0.0988711,-0.4771953,0.007592056,0.002802826,-0.02389714,0.4836884,-0.01121521,0.8751526,0.02813265,0.002449478,-0.02280142,0.02813265,0.002449478,-0.02280142,0.4828949,-0.002532959,0.8756561,0.4828949,-0.002532959,0.8756561,4.748978,4.748978,True,True,True
1631529,63779589514546,-13.5917,2.596946,-0.04851466,-0.05990914,0.8711602,0.0988711,-0.4771953,0.007575531,0.002800797,-0.02389754,0.4838409,-0.01153564,0.875061,0.02813149,0.002445953,-0.02280032,0.02813149,0.002445953,-0.02280032,0.4833527,-0.002746582,0.875412,0.4833527,-0.002746582,0.875412,4.749268,4.749268,True,True,True
1631537,63779589514557,-13.59162,2.596999,-0.04844576,-0.05990014,0.8712464,0.09892116,-0.4770285,0.007542313,0.002799454,-0.02389906,0.4846039,-0.01220703,0.8746338,0.02812918,0.002443207,-0.02279999,0.02812918,0.002443207,-0.02279999,0.4844971,-0.003356934,0.8747711,0.4844971,-0.003356934,0.8747711,4.751678,4.751678,True,True,True
1631546,63779589514569,-13.59155,2.596994,-0.048482,-0.05994067,0.8713171,0.09893191,-0.4768921,0.007471466,0.002798554,-0.02390207,0.4848785,-0.0120697,0.8744812,0.02812543,0.002440552,-0.0227988,0.02812543,0.002440552,-0.0227988,0.4842682,-0.003311157,0.8748932,0.4842682,-0.003311157,0.8748932,4.751511,4.751511,True,True,True
1631554,63779589514580,-13.59152,2.596997,-0.04846591,-0.05999659,0.8714111,0.09895654,-0.4767081,0.007133728,0.002802506,-0.02392023,0.4846497,-0.01309204,0.8746033,0.02812195,0.002437714,-0.02279878,0.02812195,0.002437714,-0.02279878,0.4839325,-0.004760742,0.8750763,0.4839325,-0.004760742,0.8750763,4.750687,4.750687,True,True,True
1631562,63779589514580,-13.59152,2.596997,-0.04846591,-0.05999659,0.8714111,0.09895654,-0.4767081,0.007334885,0.002797211,-0.02390935,0.485199,-0.01257324,0.8742981,0.02812024,0.002435318,-0.02279755,0.02812024,0.002435318,-0.02279755,0.4848022,-0.003738403,0.8746033,0.4848022,-0.003738403,0.8746033,4.75592,4.75592,True,True,True
1631571,63779589514591,-13.59152,2.596974,-0.04844284,-0.06009443,0.8715097,0.09897624,-0.4765115,0.007154297,0.002798264,-0.02391832,0.4868927,-0.01187134,0.8733673,0.0281198,0.002432053,-0.02279617,0.0281198,0.002432053,-0.02279617,0.4870453,-0.003082275,0.8733521,0.4870453,-0.003082275,0.8733521,4.756393,4.756393,True,True,True
1631579,63779589514602,-13.59149,2.596982,-0.04840362,-0.06008254,0.8715535,0.09897827,-0.4764324,0.007143646,0.002796524,-0.02391631,0.4869232,-0.01234436,0.8733368,0.028116,0.002429108,-0.02279201,0.028116,0.002429108,-0.02279201,0.4870911,-0.003845215,0.8733215,0.4870911,-0.003845215,0.8733215,4.753387,4.753387,True,True,True
1631587,63779589514613,-13.59148,2.596972,-0.04838252,-0.06023593,0.8716236,0.099015,-0.4762772,0.007169739,0.002795425,-0.02391429,0.4862671,-0.0125885,0.873703,0.02811177,0.002428162,-0.02279117,0.02811177,0.002428162,-0.02279117,0.4860687,-0.00378418,0.8739014,0.4860687,-0.00378418,0.8739014,4.752487,4.752487,True,True,True
1631596,63779589514613,-13.59148,2.596972,-0.04838252,-0.06023593,0.8716236,0.099015,-0.4762772,0.007120331,0.002794678,-0.02391696,0.4868622,-0.0138092,0.8733521,0.02810954,0.002425675,-0.02279114,0.02810954,0.002425675,-0.02279114,0.4871826,-0.00567627,0.8732605,0.4871826,-0.00567627,0.8732605,4.752258,4.752258,True,True,True
1631604,63779589514624,-13.59147,2.596982,-0.04839391,-0.06012227,0.8717139,0.09904227,-0.4761206,0.007089753,0.002794113,-0.02391889,0.486496,-0.01408386,0.8735657,0.02810742,0.002423996,-0.02279012,0.02810742,0.002423996,-0.02279012,0.4868164,-0.0052948,0.8734741,0.4868164,-0.0052948,0.8734741,4.755051,4.755051,True,True,True
1631612,63779589514635,-13.59146,2.597039,-0.0483734,-0.06020198,0.8717372,0.09910842,-0.4760542,0.007078202,0.00279335,-0.02391944,0.486084,-0.01422119,0.8737946,0.02810472,0.002422531,-0.02278987,0.02810472,0.002422531,-0.02278987,0.4862518,-0.004974365,0.8737946,0.4862518,-0.004974365,0.8737946,4.756348,4.756348,True,True,True
1631621,63779589514648,-13.59146,2.59707,-0.04835951,-0.06027389,0.871753,0.09922422,-0.475992,0.007100785,0.002792755,-0.02391748,0.4859314,-0.01426697,0.8738708,0.0281042,0.002422272,-0.02278874,0.0281042,0.002422272,-0.02278874,0.4861603,-0.005004883,0.8738403,0.4861603,-0.005004883,0.8738403,4.759705,4.759705,True,True,True
1631629,63779589514648,-13.59146,2.59707,-0.04835951,-0.06027389,0.871753,0.09922422,-0.475992,0.007460908,0.002786301,-0.02389877,0.486496,-0.01322937,0.8735809,0.02810309,0.002422272,-0.02278856,0.02810309,0.002422272,-0.02278856,0.4869385,-0.003341675,0.8734131,0.4869385,-0.003341675,0.8734131,4.767807,4.767807,True,True,True
1631637,63779589514658,-13.59149,2.597077,-0.04825073,-0.06053837,0.8717721,0.09945966,-0.4758744,0.007448914,0.002786377,-0.0238988,0.4869843,-0.01382446,0.873291,0.02810031,0.002422272,-0.02278777,0.02810031,0.002422272,-0.02278777,0.4871063,-0.004760742,0.8733215,0.4871063,-0.004760742,0.8733215,4.784424,4.784424,True,True,True
1631646,63779589514669,-13.5915,2.597074,-0.04825771,-0.06090515,0.871725,0.09970798,-0.4758618,0.007499146,0.002785568,-0.02389569,0.4869537,-0.01387024,0.8733063,0.02809851,0.002422272,-0.02278714,0.02809851,0.002422272,-0.02278714,0.4866638,-0.00491333,0.8735657,0.4866638,-0.00491333,0.8735657,4.784088,4.784088,True,True,True
1631654,63779589514680,-13.59149,2.597079,-0.04823214,-0.06123848,0.8717407,0.09986078,-0.4757583,0.007527451,0.002784836,-0.02389334,0.4886322,-0.01361084,0.8723755,0.02809812,0.002421753,-0.02278574,0.02809812,0.002421753,-0.02278574,0.4888306,-0.00453186,0.8723602,0.4888306,-0.00453186,0.8723602,4.794296,4.794296,True,True,True
1631662,63779589514680,-13.59149,2.597079,-0.04823214,-0.06123848,0.8717407,0.09986078,-0.4757583,0.007497559,0.002785233,-0.02389417,0.4885254,-0.01293945,0.8724518,0.02809755,0.002421433,-0.02278449,0.02809755,0.002421433,-0.02278449,0.488739,-0.003036499,0.8724213,0.488739,-0.003036499,0.8724213,4.797318,4.797318,True,True,True
1631671,63779589514692,-13.59151,2.597028,-0.04824591,-0.06142968,0.8717605,0.09993193,-0.4756823,0.00742778,0.002786621,-0.0238963,0.4872742,-0.01322937,0.8731384,0.02809497,0.002421326,-0.02278212,0.02809497,0.002421326,-0.02278212,0.4868317,-0.003326416,0.8734741,0.4868317,-0.003326416,0.8734741,4.795929,4.795929,True,True,True
1631679,63779589514702,-13.59151,2.596974,-0.04826128,-0.06167479,0.8717654,0.0999263,-0.4756428,0.007092713,0.002791565,-0.02391323,0.4863892,-0.01333618,0.8736267,0.02809261,0.002419708,-0.02278044,0.02809261,0.002419708,-0.02278044,0.4854126,-0.003234863,0.8742676,0.4854126,-0.003234863,0.8742676,4.795273,4.795273,True,True,True
1631687,63779589514713,-13.59145,2.59698,-0.04823941,-0.06171259,0.8718372,0.09986643,-0.4755189,0.00701709,0.002793121,-0.02391742,0.4863739,-0.01338196,0.8736267,0.02808867,0.002419647,-0.02278041,0.02808867,0.002419647,-0.02278041,0.4844208,-0.003265381,0.8748169,0.4844208,-0.003265381,0.8748169,4.791687,4.791687,True,True,True
1631696,63779589514713,-13.59145,2.59698,-0.04823941,-0.06171259,0.8718372,0.09986643,-0.4755189,0.007008988,0.002793274,-0.02391849,0.4861908,-0.01339722,0.8737335,0.02808807,0.002419495,-0.02277971,0.02808807,0.002419495,-0.02277971,0.4842987,-0.003295898,0.8748779,0.4842987,-0.003295898,0.8748779,4.79422,4.79422,True,True,True
1631704,63779589514724,-13.59132,2.596983,-0.04821253,-0.06159506,0.8719857,0.09977721,-0.4752806,0.00706041,0.002792008,-0.023916,0.4857483,-0.01245117,0.8739929,0.02808722,0.002418884,-0.0227796,0.02808722,0.002418884,-0.0227796,0.4839325,-0.002456665,0.8750916,0.4839325,-0.002456665,0.8750916,4.794556,4.794556,True,True,True
1631712,63779589514736,-13.59129,2.597008,-0.04820091,-0.06155316,0.8720862,0.09962235,-0.4751339,0.007141693,0.002790802,-0.02391058,0.4860382,-0.01296997,0.8738251,0.02808528,0.002418686,-0.02277808,0.02808528,0.002418686,-0.02277808,0.4844513,-0.003189087,0.8748016,0.4844513,-0.003189087,0.8748016,4.791885,4.791885,True,True,True
1631721,63779589514747,-13.59122,2.597053,-0.04816645,-0.06143046,0.8721966,0.09948488,-0.4749761,0.007198517,0.002788818,-0.02390749,0.4870911,-0.01252747,0.8732452,0.02808518,0.002415482,-0.02277806,0.02808518,0.002415482,-0.02277806,0.4862976,-0.002120972,0.8737793,0.4862976,-0.002120972,0.8737793,4.793701,4.793701,True,True,True
1631729,63779589514747,-13.59122,2.597053,-0.04816645,-0.06143046,0.8721966,0.09948488,-0.4749761,0.007218918,0.002787323,-0.0239056,0.4871979,-0.01199341,0.8731995,0.02808408,0.002411057,-0.02277673,0.02808408,0.002411057,-0.02277673,0.486084,-0.001052856,0.8739014,0.486084,-0.001052856,0.8739014,4.796738,4.796738,True,True,True
1631737,63779589514758,-13.59118,2.597021,-0.048186,-0.06146995,0.8722885,0.0993413,-0.4748322,0.007326538,0.002783737,-0.02389967,0.487381,-0.01083374,0.8731079,0.02808345,0.002407272,-0.02277612,0.02808345,0.002407272,-0.02277612,0.4862976,0.000579834,0.8737793,0.4862976,0.000579834,0.8737793,4.797836,4.797836,True,True,True
1631746,63779589514769,-13.59119,2.597019,-0.0481751,-0.06144667,0.8723794,0.09920129,-0.4746972,0.007065445,0.002776718,-0.02390485,0.4859161,-0.004653931,0.8739929,0.0281328,0.002385697,-0.02275401,0.0281328,0.002385697,-0.02275401,0.4830627,0.007369995,0.8755493,0.4830627,0.007369995,0.8755493,4.876953,4.876953,True,True,True
1631754,63779589514780,-13.59123,2.596934,-0.04819477,-0.06135717,0.8725312,0.09900271,-0.4744713,0.008241395,0.002739822,-0.02381549,0.4752502,-0.0050354,0.8798218,0.0281703,0.002381806,-0.02272939,0.0281703,0.002381806,-0.02272939,0.4703217,0.004806519,0.8824615,0.4703217,0.004806519,0.8824615,4.853607,4.853607,True,True,True
1631762,63779589514780,-13.59123,2.596934,-0.04819477,-0.06135717,0.8725312,0.09900271,-0.4744713,0.007802979,0.00273822,-0.02382997,0.47229,-0.01115417,0.8813629,0.02817949,0.002374253,-0.02272051,0.02817949,0.002374253,-0.02272051,0.4660492,0.0002593994,0.8847504,0.4660492,0.0002593994,0.8847504,4.634338,4.634338,True,True,True
1631771,63779589514791,-13.59119,2.596924,-0.04821837,-0.06137385,0.872677,0.09888547,-0.4742255,0.006182221,0.002775604,-0.02391243,0.4675598,-0.008392334,0.8839111,0.02817948,0.002376038,-0.02272119,0.02817948,0.002376038,-0.02272119,0.4666901,0.006317139,0.8843842,0.4666901,0.006317139,0.8843842,4.755768,4.755768,True,True,True
1631779,63779589514802,-13.59115,2.596835,-0.04825622,-0.06132235,0.8728176,0.09858844,-0.4740351,0.006548386,0.002769425,-0.02389354,0.4703674,-0.005737305,0.882431,0.02817946,0.00237619,-0.02272188,0.02817946,0.00237619,-0.02272188,0.46875,0.01300049,0.8832245,0.46875,0.01300049,0.8832245,4.874939,4.874939,True,True,True
1631787,63779589514813,-13.59111,2.596839,-0.0483315,-0.06123851,0.8729648,0.09846388,-0.4738008,0.006788651,0.002764786,-0.02388115,0.4711304,-0.008300781,0.882019,0.02817745,0.002375229,-0.02272218,0.02817745,0.002375229,-0.02272218,0.4683533,0.007324219,0.8834991,0.4683533,0.007324219,0.8834991,4.801285,4.801285,True,True,True
1631796,63779589514813,-13.59111,2.596839,-0.0483315,-0.06123851,0.8729648,0.09846388,-0.4738008,0.00706749,0.002759628,-0.02386687,0.4706879,-0.007476807,0.8822479,0.02817545,0.002374451,-0.02272188,0.02817545,0.002374451,-0.02272188,0.4674988,0.008071899,0.8839417,0.4674988,0.008071899,0.8839417,4.829529,4.829529,True,True,True
1631804,63779589514825,-13.59109,2.596814,-0.04834366,-0.06122647,0.87319,0.09826653,-0.4734282,0.007494461,0.002752823,-0.02384453,0.4711761,-0.006317139,0.8820038,0.0281751,0.002375321,-0.0227215,0.0281751,0.002375321,-0.0227215,0.4681396,0.009353638,0.8835907,0.4681396,0.009353638,0.8835907,4.823608,4.823608,True,True,True
1631812,63779589514835,-13.59108,2.596792,-0.04833734,-0.0611092,0.8733656,0.09798285,-0.4731782,0.007900558,0.002744919,-0.02382248,0.4703674,-0.007003784,0.882431,0.02817474,0.002374497,-0.02272112,0.02817474,0.002374497,-0.02272112,0.4673309,0.007995605,0.8840332,0.4673309,0.007995605,0.8840332,4.82933,4.82933,True,True,True
1631821,63779589514847,-13.59106,2.5968,-0.04835528,-0.06095672,0.8735684,0.09785904,-0.4728492,0.008174652,0.00274028,-0.02380772,0.470993,-0.007400513,0.8820953,0.02817392,0.002375,-0.02272096,0.02817392,0.002375,-0.02272096,0.4680634,0.00718689,0.8836517,0.4680634,0.00718689,0.8836517,4.84137,4.84137,True,True,True
1631829,63779589514847,-13.59106,2.5968,-0.04835528,-0.06095672,0.8735684,0.09785904,-0.4728492,0.007858551,0.00274646,-0.0238248,0.4714661,-0.007125854,0.8818512,0.0281731,0.002375504,-0.02272083,0.0281731,0.002375504,-0.02272083,0.4685211,0.007827759,0.8834076,0.4685211,0.007827759,0.8834076,4.830109,4.830109,True,True,True
1631837,63779589514857,-13.59103,2.596807,-0.04836416,-0.06090089,0.8737773,0.09765627,-0.4725121,0.007782715,0.002747955,-0.02382878,0.4716339,-0.007553101,0.8817596,0.02817201,0.002375839,-0.02272066,0.02817201,0.002375839,-0.02272066,0.4686127,0.007080078,0.8833618,0.4686127,0.007080078,0.8833618,4.827362,4.827362,True,True,True
1631846,63779589514868,-13.59101,2.596826,-0.04837477,-0.06078148,0.8739883,0.0975418,-0.4721607,0.007729416,0.002749084,-0.02383162,0.4717102,-0.007263184,0.8817139,0.02817095,0.00237619,-0.02272051,0.02817095,0.00237619,-0.02272051,0.4687042,0.007583618,0.8833008,0.4687042,0.007583618,0.8833008,4.825714,4.825714,True,True,True
1631854,63779589514880,-13.59095,2.596822,-0.04836726,-0.06063691,0.8741516,0.09745033,-0.4718956,0.007613358,0.002751297,-0.02383708,0.4717712,-0.007827759,0.8816681,0.02817079,0.002376419,-0.02271906,0.02817079,0.002376419,-0.02271906,0.4687805,0.006835938,0.8832703,0.4687805,0.006835938,0.8832703,4.827591,4.827591,True,True,True
1631862,63779589514880,-13.59095,2.596822,-0.04836726,-0.06063691,0.8741516,0.09745033,-0.4718956,0.0076073,0.002751526,-0.02383653,0.4719238,-0.007492065,0.8815918,0.02817062,0.002376663,-0.02271762,0.02817062,0.002376663,-0.02271762,0.4688568,0.007324219,0.8832245,0.4688568,0.007324219,0.8832245,4.830231,4.830231,True,True,True
1631871,63779589514891,-13.59092,2.596802,-0.04836577,-0.06052464,0.8743134,0.09743713,-0.4716129,0.006357392,0.002791077,-0.02389101,0.4736023,-0.01382446,0.8806152,0.02816779,0.002403748,-0.02269586,0.02816779,0.002403748,-0.02269586,0.4711456,-0.001495361,0.8820343,0.4711456,-0.001495361,0.8820343,4.923096,4.923096,True,True,True
1631879,63779589514902,-13.59091,2.596826,-0.04832745,-0.06051456,0.8744658,0.09748737,-0.4713213,0.005251374,0.00280127,-0.02396102,0.4751587,-0.01062012,0.8798218,0.0281642,0.002388519,-0.02271123,0.0281642,0.002388519,-0.02271123,0.4731598,0.004608154,0.8809509,0.4731598,0.004608154,0.8809509,4.882339,4.882339,True,True,True
1631887,63779589514913,-13.59089,2.596842,-0.04826826,-0.06049325,0.8746043,0.09748386,-0.4710676,0.005365158,0.002810929,-0.02395934,0.4761505,-0.008987427,0.879303,0.02817087,0.002402512,-0.02271323,0.02817087,0.002402512,-0.02271323,0.4741058,0.008102417,0.8804169,0.4741058,0.008102417,0.8804169,4.850143,4.850143,True,True,True
1631896,63779589514913,-13.59089,2.596842,-0.04826826,-0.06049325,0.8746043,0.09748386,-0.4710676,0.00673172,0.002810394,-0.02387662,0.4728699,-0.01268005,0.8810272,0.02819716,0.00243602,-0.02270264,0.02819716,0.00243602,-0.02270264,0.4695435,0.006774902,0.8828735,0.4695435,0.006774902,0.8828735,4.719009,4.719009,True,True,True
1631904,63779589514924,-13.59086,2.596859,-0.04826969,-0.06057967,0.874636,0.09760786,-0.470972,0.006447297,0.002854111,-0.02388593,0.4774628,-0.01345825,0.87854,0.02826056,0.002477493,-0.02268948,0.02826056,0.002477493,-0.02268948,0.4743652,0.004364014,0.8803101,0.4743652,0.004364014,0.8803101,4.747086,4.747086,True,True,True
1631912,63779589514935,-13.59085,2.596858,-0.04821205,-0.06062101,0.8747523,0.09764647,-0.4707426,0.005074692,0.002915207,-0.02397356,0.4881287,-0.01699829,0.8725891,0.02830132,0.002511353,-0.0227005,0.02830132,0.002511353,-0.0227005,0.490387,-0.01300049,0.8713989,0.490387,-0.01300049,0.8713989,4.924545,4.924545,True,True,True
1631921,63779589514946,-13.59083,2.596854,-0.0482071,-0.06065727,0.8747712,0.09768248,-0.4706953,0.005349671,0.002976013,-0.02394922,0.4850464,-0.01226807,0.8743896,0.02832739,0.002591583,-0.02270328,0.02832739,0.002591583,-0.02270328,0.4879913,0.01036072,0.8727722,0.4879913,0.01036072,0.8727722,4.80777,4.80777,True,True,True
1631929,63779589514946,-13.59083,2.596854,-0.0482071,-0.06065727,0.8747712,0.09768248,-0.4706953,-0.02944046,0.00365683,-0.02586531,0.4964905,-0.03582764,0.8672943,0.02819847,0.00283281,-0.02257509,0.02819847,0.00283281,-0.02257509,0,0,0,0,0,0,-1,-1,True,True,True
1631937,63779589514957,-13.59084,2.59686,-0.04815358,-0.06061305,0.8748218,0.09786695,-0.4705687,-0.001,-0.001,-0.001,1,-1,-1,0.02829463,0.002824967,-0.02273787,0.02829463,0.002824967,-0.02273787,0,0,0,0,0,0,-1,-1,False,True,True
1631946,63779589514968,-13.5908,2.596833,-0.04811287,-0.06059463,0.8748719,0.09792732,-0.4704655,-0.001,-0.001,-0.001,1,-1,-1,0.02845122,0.002727631,-0.0226315,0.02845122,0.002727631,-0.0226315,0,0,0,0,0,0,-1,-1,False,True,True
1631954,63779589514980,-13.5908,2.596878,-0.04809117,-0.06049285,0.8749301,0.09796276,-0.4703628,-0.001,-0.001,-0.001,1,-1,-1,0.02804845,0.002647232,-0.02256775,0.02804845,0.002647232,-0.02256775,0,0,0,0,0,0,-1,-1,False,True,True
1631962,63779589514980,-13.5908,2.596878,-0.04809117,-0.06049285,0.8749301,0.09796276,-0.4703628,-0.001,-0.001,-0.001,1,-1,-1,0.02973805,0.001160996,-0.02213594,0.02973805,0.001160996,-0.02213594,0,0,0,0,0,0,-1,-1,False,True,True
1631971,63779589514992,-13.59073,2.596866,-0.04801583,-0.0604124,0.8749465,0.09803943,-0.4703268,-0.001,-0.001,-0.001,1,-1,-1,0.03185825,0.001761322,-0.02194571,0.03185825,0.001761322,-0.02194571,0,0,0,0,0,0,-1,-1,False,True,True
1631979,63779589515002,-13.59066,2.596881,-0.04795784,-0.06038931,0.8749183,0.09798606,-0.4703933,-0.001,-0.001,-0.001,1,-1,-1,0.03118865,0.0007388764,-0.02238793,0.03118865,0.0007388764,-0.02238793,0,0,0,0,0,0,-1,-1,False,True,True
1631987,63779589515013,-13.59064,2.596893,-0.0478738,-0.06044452,0.874898,0.09796952,-0.4704275,-0.001,-0.001,-0.001,1,-1,-1,0.0306349,0.0006686554,-0.0223467,0.0306349,0.0006686554,-0.0223467,0,0,0,0,0,0,-1,-1,False,True,True
1631996,63779589515013,-13.59064,2.596893,-0.0478738,-0.06044452,0.874898,0.09796952,-0.4704275,-0.001,-0.001,-0.001,1,-1,-1,0.0314872,-0.001783753,-0.02269817,0.0314872,-0.001783753,-0.02269817,0,0,0,0,0,0,-1,-1,False,True,True
1632004,63779589515024,-13.59061,2.596857,-0.0478642,-0.06054621,0.8748745,0.09799847,-0.4704521,-0.001,-0.001,-0.001,1,-1,-1,0.03130722,0.0009834138,-0.02234998,0.03130722,0.0009834138,-0.02234998,0,0,0,0,0,0,-1,-1,False,True,True
1632012,63779589515035,-13.59061,2.596835,-0.04780823,-0.06058761,0.8748026,0.09814339,-0.4705501,-0.001,-0.001,-0.001,1,-1,-1,0.03308406,0.001329575,-0.02237207,0.03308406,0.001329575,-0.02237207,0,0,0,0,0,0,-1,-1,False,True,True
1632021,63779589515046,-13.59059,2.59685,-0.04776418,-0.06069334,0.8748137,0.09805904,-0.4705335,-0.001,-0.001,-0.001,1,-1,-1,0.0315867,0.001227341,-0.02235571,0.0315867,0.001227341,-0.02235571,0,0,0,0,0,0,-1,-1,False,True,True
1632029,63779589515046,-13.59059,2.59685,-0.04776418,-0.06069334,0.8748137,0.09805904,-0.4705335,-0.001,-0.001,-0.001,1,-1,-1,0.03126949,0.001385025,-0.02228078,0.03126949,0.001385025,-0.02228078,0,0,0,0,0,0,-1,-1,False,True,True
1632037,63779589515057,-13.59062,2.596839,-0.04767251,-0.06071522,0.8747869,0.09807995,-0.4705762,-0.001,-0.001,-0.001,1,-1,-1,0.02853203,0.002337433,-0.02279932,0.02853203,0.002337433,-0.02279932,0,0,0,0,0,0,-1,-1,False,True,True
1632046,63779589515069,-13.59062,2.596835,-0.04759938,-0.06076446,0.8747596,0.09815054,-0.4706059,-0.001,-0.001,-0.001,1,-1,-1,0.02802162,0.002790543,-0.02260312,0.02802162,0.002790543,-0.02260312,0,0,0,0,0,0,-1,-1,False,True,True
1632054,63779589515080,-13.59066,2.596802,-0.04752982,-0.06091664,0.8747699,0.09824417,-0.4705476,-0.001,-0.001,-0.001,1,-1,-1,0.02797777,0.002763657,-0.0227206,0.02797777,0.002763657,-0.0227206,0,0,0,0,0,0,-1,-1,False,True,True
1632062,63779589515080,-13.59066,2.596802,-0.04752982,-0.06091664,0.8747699,0.09824417,-0.4705476,-0.001,-0.001,-0.001,1,-1,-1,0.02836476,0.002700226,-0.02272521,0.02836476,0.002700226,-0.02272521,0,0,0,0,0,0,-1,-1,False,True,True
1632071,63779589515091,-13.59067,2.596819,-0.04746294,-0.06099722,0.8747686,0.09827511,-0.470533,-0.001,-0.001,-0.001,1,-1,-1,0.02798496,0.002692368,-0.02276073,0.02798496,0.002692368,-0.02276073,0,0,0,0,0,0,-1,-1,False,True,True
1632079,63779589515102,-13.59071,2.596807,-0.04740548,-0.0611095,0.8747344,0.09852261,-0.4705302,-0.001,-0.001,-0.001,1,-1,-1,0.02807456,0.002786972,-0.02264559,0.02807456,0.002786972,-0.02264559,0,0,0,0,0,0,-1,-1,False,True,True
1632087,63779589515113,-13.59078,2.596826,-0.04738313,-0.06126814,0.8747143,0.0986571,-0.4705189,-0.001,-0.001,-0.001,1,-1,-1,0.02811174,0.002900986,-0.0225517,0.02811174,0.002900986,-0.0225517,0,0,0,0,0,0,-1,-1,False,True,True
1632096,63779589515113,-13.59078,2.596826,-0.04738313,-0.06126814,0.8747143,0.0986571,-0.4705189,-0.001,-0.001,-0.001,1,-1,-1,0.02815866,0.002569382,-0.02276022,0.02815866,0.002569382,-0.02276022,0,0,0,0,0,0,-1,-1,False,True,True
1632104,63779589515124,-13.59081,2.596831,-0.0473029,-0.06139228,0.874717,0.09890534,-0.4704454,-0.001,-0.001,-0.001,1,-1,-1,0.02810361,0.0025504,-0.02274277,0.02810361,0.0025504,-0.02274277,0,0,0,0,0,0,-1,-1,False,True,True
1632112,63779589515135,-13.59084,2.59686,-0.04722011,-0.06160862,0.8747033,0.0990352,-0.4704154,0.02168921,0.002646317,-0.02310619,0.5004272,-0.03630066,0.8650055,0.02809967,0.002530411,-0.02275107,0.02809967,0.002530411,-0.02275107,0.4982147,-0.03039551,0.8665009,0.4982147,-0.03039551,0.8665009,4.773773,4.773773,True,True,True
1632121,63779589515146,-13.59086,2.596865,-0.04713988,-0.06178948,0.8746863,0.09927868,-0.4703718,0.02107919,0.002640549,-0.02315343,0.4982147,-0.01219177,0.8669586,0.0281042,0.002510025,-0.02275908,0.0281042,0.002510025,-0.02275908,0.4953156,-0.01071167,0.8686371,0.4953156,-0.01071167,0.8686371,4.764481,4.764481,True,True,True
1632129,63779589515146,-13.59086,2.596865,-0.04713988,-0.06178948,0.8746863,0.09927868,-0.4703718,0.01256278,0.002754273,-0.0236172,0.495163,-0.02258301,0.8684845,0.02810165,0.00247084,-0.02276424,0.02810165,0.00247084,-0.02276424,0.4949036,-0.005706787,0.868927,0.4949036,-0.005706787,0.868927,4.843857,4.843857,True,True,True
1632137,63779589515157,-13.59089,2.596949,-0.04704851,-0.06202846,0.8746678,0.09944846,-0.4703389,0.00850377,0.002943207,-0.023763,0.5258789,-0.05154419,0.8489838,0.02829242,0.002646622,-0.02264151,0.02829242,0.002646622,-0.02264151,0.5418243,-0.04139709,0.8394623,0.5418243,-0.04139709,0.8394623,4.919327,4.919327,True,True,True
1632146,63779589515168,-13.59095,2.596939,-0.047019,-0.06228657,0.8746303,0.09962284,-0.4703376,-0.001619995,0.002997421,-0.02440221,0.4932556,-0.02430725,0.8695374,0.0280835,0.002445175,-0.02276758,0.0280835,0.002445175,-0.02276758,0.4832764,0.01316833,0.875351,0.4832764,0.01316833,0.875351,4.891357,4.891357,True,True,True
1632154,63779589515180,-13.59098,2.596946,-0.04694241,-0.06247707,0.8746132,0.09982267,-0.4703018,-0.00456012,0.003061661,-0.02456107,0.4986267,-0.02613831,0.8664093,0.02810463,0.002475952,-0.02275742,0.02810463,0.002475952,-0.02275742,0.4898987,0.02772522,0.8713226,0.4898987,0.02772522,0.8713226,4.922852,4.922852,True,True,True
1632162,63779589515180,-13.59098,2.596946,-0.04694241,-0.06247707,0.8746132,0.09982267,-0.4703018,-0.002044373,0.00300708,-0.02441963,0.4988708,-0.02507019,0.8663025,0.02810549,0.0024702,-0.02274428,0.02810549,0.0024702,-0.02274428,0.4996796,0.002624512,0.8661957,0.4996796,0.002624512,0.8661957,4.97171,4.97171,True,True,True
1632171,63779589515190,-13.59091,2.596977,-0.04692918,-0.06260254,0.8745881,0.1000496,-0.4702836,0.007162583,0.002833939,-0.0239052,0.4986115,-0.02482605,0.8664551,0.02810059,0.002461243,-0.02273531,0.02810059,0.002461243,-0.02273531,0.4957428,-0.005905151,0.8684387,0.4957428,-0.005905151,0.8684387,4.84256,4.84256,True,True,True
1632179,63779589515202,-13.59093,2.597005,-0.04685175,-0.06272253,0.8746088,0.1001787,-0.4702017,0.006784134,0.002842682,-0.02392661,0.4994507,-0.01922607,0.8661194,0.02810031,0.002460831,-0.02274672,0.02810031,0.002460831,-0.02274672,0.5007629,0.004150391,0.8655701,0.5007629,0.004150391,0.8655701,4.951569,4.951569,True,True,True
1632187,63779589515213,-13.59091,2.597066,-0.04683447,-0.06273637,0.8746213,0.1003446,-0.4701411,0.004333084,0.002882507,-0.02406168,0.4961548,-0.01829529,0.8680267,0.02809738,0.00245546,-0.0227406,0.02809738,0.00245546,-0.0227406,0.4919891,0.00982666,0.8705292,0.4919891,0.00982666,0.8705292,4.935822,4.935822,True,True,True
1632196,63779589515213,-13.59091,2.597066,-0.04683447,-0.06273637,0.8746213,0.1003446,-0.4701411,0.004522019,0.002873337,-0.02404929,0.4992981,-0.02496338,0.8660583,0.02809273,0.002451584,-0.02274777,0.02809273,0.002451584,-0.02274777,0.5014954,0.003723145,0.8651428,0.5014954,0.003723145,0.8651428,4.953949,4.953949,True,True,True
1632204,63779589515225,-13.59088,2.597071,-0.04682654,-0.0628333,0.8746253,0.100445,-0.4700994,0.003363571,0.002883286,-0.02410329,0.4930115,-0.03050232,0.8694763,0.02809009,0.002437531,-0.02272583,0.02809009,0.002437531,-0.02272583,0.4902344,-0.007141113,0.8715515,0.4902344,-0.007141113,0.8715515,4.845093,4.845093,True,True,True
1632212,63779589515235,-13.59089,2.59711,-0.04675686,-0.06288221,0.8746563,0.1004408,-0.470036,0.003521347,0.002877762,-0.02410861,0.5013123,-0.0262146,0.8648529,0.02808795,0.002435196,-0.02274498,0.02808795,0.002435196,-0.02274498,0.5001373,0.002746582,0.8659363,0.5001373,0.002746582,0.8659363,4.858383,4.858383,True,True,True
1632221,63779589515246,-13.59092,2.597139,-0.04671407,-0.06292838,0.8746566,0.1004789,-0.4700211,0.005374817,0.002845291,-0.02401749,0.503891,-0.01422119,0.8636322,0.02807331,0.002441559,-0.02275618,0.02807331,0.002441559,-0.02275618,0.50383,0.01107788,0.8637238,0.50383,0.01107788,0.8637238,4.960922,4.960922,True,True,True
1632229,63779589515246,-13.59092,2.597139,-0.04671407,-0.06292838,0.8746566,0.1004789,-0.4700211,0.007032197,0.002807068,-0.02392053,0.4967041,-0.007415771,0.8678741,0.02806633,0.002431976,-0.02275043,0.02806633,0.002431976,-0.02275043,0.4967194,0.01098633,0.8678284,0.4967194,0.01098633,0.8678284,4.922302,4.922302,True,True,True
1632237,63779589515258,-13.59092,2.597148,-0.04664558,-0.06296255,0.8746754,0.1005458,-0.4699672,0.007495026,0.00278508,-0.0238873,0.4945984,-0.01376343,0.8690033,0.02807498,0.00241388,-0.02275072,0.02807498,0.00241388,-0.02275072,0.4964905,0.01152039,0.8679504,0.4964905,0.01152039,0.8679504,4.84816,4.84816,True,True,True
1632246,63779589515269,-13.59099,2.597101,-0.0465222,-0.06299774,0.8746783,0.1005994,-0.4699457,0.007722428,0.002783524,-0.02388355,0.4996796,-0.008392334,0.8661499,0.02807886,0.002412689,-0.0227475,0.02807886,0.002412689,-0.0227475,0.4997864,0.009735107,0.8660889,0.4997864,0.009735107,0.8660889,4.934174,4.934174,True,True,True
1632254,63779589515280,-13.59098,2.59711,-0.04652548,-0.06303504,0.8747203,0.1006128,-0.4698598,0.00803386,0.002774002,-0.02386369,0.4993286,-0.01274109,0.8663025,0.02807388,0.002407471,-0.02274121,0.02807388,0.002407471,-0.02274121,0.4976959,0.002609253,0.8673401,0.4976959,0.002609253,0.8673401,4.876572,4.876572,True,True,True
1632262,63779589515280,-13.59098,2.59711,-0.04652548,-0.06303504,0.8747203,0.1006128,-0.4698598,0.00819426,0.002772873,-0.02385622,0.4975128,-0.005020142,0.8674316,0.02807427,0.002407776,-0.02274434,0.02807427,0.002407776,-0.02274434,0.4947662,0.01374817,0.8689117,0.4947662,0.01374817,0.8689117,4.829407,4.829407,True,True,True
1632271,63779589515291,-13.59089,2.597058,-0.04646724,-0.06300174,0.8746911,0.1007198,-0.4698957,0.008341172,0.002761215,-0.02384747,0.4994659,-0.009811401,0.8662567,0.02807369,0.002406571,-0.02274393,0.02807369,0.002406571,-0.02274393,0.4976196,0.01025391,0.8673248,0.4976196,0.01025391,0.8673248,4.868149,4.868149,True,True,True
1632279,63779589515301,-13.59085,2.597141,-0.04647249,-0.06305673,0.8747358,0.1006102,-0.4698285,0.008075638,0.002760971,-0.02386337,0.4991913,-0.003082275,0.8664703,0.02807311,0.002406479,-0.02274434,0.02807311,0.002406479,-0.02274434,0.4989014,0.01486206,0.8665161,0.4989014,0.01486206,0.8665161,4.89183,4.89183,True,True,True
1632287,63779589515313,-13.59084,2.597127,-0.04641241,-0.0630436,0.8747493,0.1006604,-0.4697944,0.008242127,0.002758454,-0.02386086,0.5033112,-0.002960205,0.86409,0.02807355,0.00240593,-0.02274442,0.02807355,0.00240593,-0.02274442,0.4997864,0.01271057,0.8660431,0.4997864,0.01271057,0.8660431,4.900467,4.900467,True,True,True
1632296,63779589515313,-13.59084,2.597127,-0.04641241,-0.0630436,0.8747493,0.1006604,-0.4697944,0.008118698,0.00275975,-0.02386615,0.5016022,-0.005508423,0.8650665,0.02807399,0.00240538,-0.02274434,0.02807399,0.00240538,-0.02274434,0.4998627,0.01039124,0.8660278,0.4998627,0.01039124,0.8660278,4.893021,4.893021,True,True,True
1632304,63779589515324,-13.59085,2.597134,-0.04639661,-0.06316774,0.8747186,0.1006101,-0.4698456,0.008272156,0.002757034,-0.02385562,0.5011597,-0.00491333,0.8653259,0.02807413,0.002405121,-0.02274393,0.02807413,0.002405121,-0.02274393,0.5002136,0.01039124,0.8658295,0.5002136,0.01039124,0.8658295,4.891724,4.891724,True,True,True
1632312,63779589515336,-13.59084,2.597113,-0.04635113,-0.06326099,0.8747692,0.1006437,-0.4697315,0.008350693,0.002755661,-0.02385123,0.501709,-0.004516602,0.8650208,0.02807427,0.002404877,-0.02274352,0.02807427,0.002404877,-0.02274352,0.5005951,0.01054382,0.8656006,0.5005951,0.01054382,0.8656006,4.893723,4.893723,True,True,True
1632321,63779589515346,-13.59081,2.597099,-0.04619372,-0.06326313,0.8747843,0.1007335,-0.4696839,0.006592988,0.002786041,-0.02394878,0.5019989,-0.004379272,0.8648529,0.02807468,0.002403153,-0.02274213,0.02807468,0.002403153,-0.02274213,0.5003662,0.01254272,0.8657074,0.5003662,0.01254272,0.8657074,4.893173,4.893173,True,True,True
1632329,63779589515346,-13.59081,2.597099,-0.04619372,-0.06326313,0.8747843,0.1007335,-0.4696839,0.007910599,0.002761933,-0.02387416,0.5016632,-0.004562378,0.865036,0.02807509,0.002401444,-0.02274074,0.02807509,0.002401444,-0.02274074,0.5001678,0.01119995,0.8658447,0.5001678,0.01119995,0.8658447,4.893982,4.893982,True,True,True
1632337,63779589515358,-13.5908,2.597116,-0.04605395,-0.06333139,0.8747829,0.1008476,-0.4696527,0.007929978,0.002762024,-0.02387425,0.5056152,-0.006011963,0.8627319,0.02808498,0.002393418,-0.02272214,0.02808498,0.002393418,-0.02272214,0.4971008,0.005264282,0.8676605,0.4971008,0.005264282,0.8676605,4.813339,4.813339,True,True,True
1632346,63779589515369,-13.59078,2.597146,-0.04597497,-0.06343794,0.8748245,0.1008703,-0.469556,0.007411103,0.002756439,-0.02385921,0.4904785,-0.004333496,0.8714294,0.02817552,0.002398224,-0.02268723,0.02817552,0.002398224,-0.02268723,0.483902,0.01089478,0.8750458,0.483902,0.01089478,0.8750458,4.930496,4.930496,True,True,True
1632354,63779589515380,-13.59077,2.59706,-0.04591227,-0.06331118,0.8748435,0.1009534,-0.46952,0.005186646,0.002805039,-0.0239243,0.4601288,-0.003890991,0.8878326,0.02831618,0.002401993,-0.02262785,0.02831618,0.002401993,-0.02262785,0.4518433,0.01843262,0.8918915,0.4518433,0.01843262,0.8918915,4.752197,4.752197,True,True,True
1632362,63779589515380,-13.59077,2.59706,-0.04591227,-0.06331118,0.8748435,0.1009534,-0.46952,0.004452637,0.002816544,-0.02395265,0.4520416,-0.001876831,0.891983,0.02833005,0.002399017,-0.0226176,0.02833005,0.002399017,-0.0226176,0.4402771,0.02514648,0.8974915,0.4402771,0.02514648,0.8974915,4.900223,4.900223,True,True,True
1632371,63779589515391,-13.59073,2.597109,-0.04583818,-0.063298,0.8748332,0.1011393,-0.469501,0.007706528,0.002767853,-0.02378729,0.4653931,-0.001159668,0.8850861,0.02830127,0.002408752,-0.02263519,0.02830127,0.002408752,-0.02263519,0.4594116,0.01812744,0.888031,0.4594116,0.01812744,0.888031,4.853149,4.853149,True,True,True
1632379,63779589515402,-13.59063,2.597137,-0.04575646,-0.06320679,0.8748788,0.1012987,-0.4693939,0.01046216,0.002711472,-0.02362419,0.4588318,-0.001815796,0.888504,0.02829544,0.002400742,-0.02262753,0.02829544,0.002400742,-0.02262753,0.4535217,0.01625061,0.8910828,0.4535217,0.01625061,0.8910828,4.898056,4.898056,True,True,True
1632387,63779589515413,-13.59061,2.597176,-0.04564595,-0.06316404,0.8748811,0.1015424,-0.4693426,0.01154434,0.002693314,-0.02357317,0.4620361,0.00453186,0.8868408,0.02829184,0.002402466,-0.0226409,0.02829184,0.002402466,-0.0226409,0.4586334,0.02296448,0.8883209,0.4586334,0.02296448,0.8883209,4.850128,4.850128,True,True,True
1632396,63779589515413,-13.59061,2.597176,-0.04564595,-0.06316404,0.8748811,0.1015424,-0.4693426,0.01194772,0.002684006,-0.02354839,0.4580231,0.004241943,0.888916,0.02829263,0.002399872,-0.02263748,0.02829263,0.002399872,-0.02263748,0.4528503,0.02186584,0.8913116,0.4528503,0.02186584,0.8913116,4.803986,4.803986,True,True,True
1632404,63779589515424,-13.59055,2.597231,-0.04556417,-0.06313771,0.8748322,0.1019021,-0.4693593,0.01177751,0.002687546,-0.02355614,0.4606171,0.003372192,0.8875885,0.02829215,0.00240152,-0.02263474,0.02829215,0.00240152,-0.02263474,0.4566193,0.0209198,0.8894043,0.4566193,0.0209198,0.8894043,4.837112,4.837112,True,True,True
1632412,63779589515435,-13.59051,2.597286,-0.04548401,-0.06313559,0.8747971,0.1023236,-0.4693333,0.01103806,0.002698929,-0.02359744,0.4588013,-0.0003967285,0.8885193,0.0282928,0.00240036,-0.0226344,0.0282928,0.00240036,-0.0226344,0.453537,0.01661682,0.8910675,0.453537,0.01661682,0.8910675,4.83786,4.83786,True,True,True
1632421,63779589515435,-13.59051,2.597286,-0.04548401,-0.06313559,0.8747971,0.1023236,-0.4693333,0.008284668,0.002746033,-0.02375107,0.4607239,0.0001220703,0.8875275,0.02829344,0.002399826,-0.02263406,0.02829344,0.002399826,-0.02263406,0.454834,0.0211792,0.8903198,0.454834,0.0211792,0.8903198,4.846939,4.846939,True,True,True
1632429,63779589515455,-13.59045,2.597389,-0.04540706,-0.06321488,0.8747123,0.1029101,-0.4693524,0.00718425,0.002764664,-0.0238118,0.4609375,-0.003585815,0.8874207,0.02829355,0.002399506,-0.02263271,0.02829355,0.002399506,-0.02263271,0.4551544,0.01681519,0.8902435,0.4551544,0.01681519,0.8902435,4.83905,4.83905,True,True,True
1632437,63779589515461,-13.59035,2.597444,-0.04529876,-0.06328085,0.8746474,0.1034538,-0.4693451,0.007073441,0.002766403,-0.02381728,0.4606934,-0.006225586,0.8875275,0.02829366,0.002399185,-0.02263133,0.02829366,0.002399185,-0.02263133,0.4551086,0.0124054,0.8903351,0.4551086,0.0124054,0.8903351,4.831284,4.831284,True,True,True
1632446,63779589515466,-13.5903,2.597484,-0.04523855,-0.06325479,0.8746136,0.1037711,-0.4693415,0.007200974,0.002763626,-0.02380927,0.4604797,-0.007461548,0.887619,0.02829446,0.002398239,-0.02262981,0.02829446,0.002398239,-0.02262981,0.4551849,0.01065063,0.8903198,0.4551849,0.01065063,0.8903198,4.835617,4.835617,True,True,True
1632454,63779589515474,-13.59027,2.59756,-0.0451923,-0.06316172,0.8745753,0.1041434,-0.4693431,0.007048142,0.002765869,-0.02381691,0.4607239,-0.008773804,0.8874969,0.02829527,0.002397278,-0.02262828,0.02829527,0.002397278,-0.02262828,0.4552765,0.008850098,0.8902893,0.4552765,0.008850098,0.8902893,4.839859,4.839859,True,True,True
1632462,63779589515486,-13.59021,2.597667,-0.0451104,-0.06296789,0.874606,0.104548,-0.4692218,0.007160752,0.002762741,-0.02381046,0.4607239,-0.009307861,0.8874817,0.028297,0.002395722,-0.02262787,0.028297,0.002395722,-0.02262787,0.4554596,0.007873535,0.890213,0.4554596,0.007873535,0.890213,4.863892,4.863892,True,True,True
1632471,63779589515497,-13.59013,2.597813,-0.04511827,-0.06277197,0.8746441,0.1047578,-0.4691303,0.007194504,0.002761185,-0.02380852,0.4608917,-0.01011658,0.8873901,0.02829872,0.002394165,-0.02262747,0.02829872,0.002394165,-0.02262747,0.4556274,0.006835938,0.8901367,0.4556274,0.006835938,0.8901367,4.887863,4.887863,True,True,True
1632479,63779589515497,-13.59013,2.597813,-0.04511827,-0.06277197,0.8746441,0.1047578,-0.4691303,0.007200059,0.002757858,-0.02380824,0.4614258,-0.01004028,0.8871002,0.02829933,0.002389069,-0.02262726,0.02829933,0.002389069,-0.02262726,0.4563293,0.007202148,0.8897705,0.4563293,0.007202148,0.8897705,4.889099,4.889099,True,True,True
1632487,63779589515508,-13.59007,2.597856,-0.04503858,-0.06259803,0.8746936,0.1051485,-0.4689737,0.007653992,0.002720642,-0.02378674,0.459137,-0.004013062,0.8883514,0.02826795,0.002354553,-0.02262125,0.02826795,0.002354553,-0.02262125,0.4506226,0.01283264,0.8926086,0.4506226,0.01283264,0.8926086,4.827621,4.827621,True,True,True
1632496,63779589515519,-13.58996,2.597957,-0.04492694,-0.06248422,0.8747939,0.1053883,-0.468748,0.007513077,0.002730316,-0.0238306,0.4720154,0.004867554,0.8815613,0.02817581,0.002365082,-0.02265746,0.02817581,0.002365082,-0.02265746,0.466095,0.02096558,0.8844757,0.466095,0.02096558,0.8844757,4.967972,4.967972,True,True,True
1632504,63779589515530,-13.58991,2.59798,-0.0448519,-0.06251319,0.8748325,0.1056865,-0.4686051,0.008351089,0.002748215,-0.02380022,0.4862823,-0.008956909,0.8737488,0.02813341,0.002405365,-0.02268031,0.02813341,0.002405365,-0.02268031,0.4853516,0.005645752,0.8742828,0.4853516,0.005645752,0.8742828,4.917221,4.917221,True,True,True
1632512,63779589515530,-13.58991,2.59798,-0.0448519,-0.06251319,0.8748325,0.1056865,-0.4686051,0.009337647,0.002768051,-0.02376821,0.4973145,0.0009765625,0.8675537,0.02810669,0.002436585,-0.02270201,0.02810669,0.002436585,-0.02270201,0.495285,0.01664734,0.8685608,0.495285,0.01664734,0.8685608,5.032501,5.032501,True,True,True
1632521,63779589515541,-13.58984,2.597986,-0.04481828,-0.06251158,0.8748856,0.1059135,-0.4684548,0.009498444,0.002775574,-0.02375148,0.4944153,-6.103516E-05,0.8692169,0.02811023,0.0024487,-0.02270194,0.02811023,0.0024487,-0.02270194,0.4926147,0.02333069,0.8699188,0.4926147,0.02333069,0.8699188,4.99884,4.99884,True,True,True
1632529,63779589515552,-13.58982,2.598027,-0.044788,-0.06266115,0.8749499,0.1062416,-0.4682404,0.009366288,0.002772797,-0.02375252,0.4870148,0.005493164,0.8733673,0.02810951,0.002442902,-0.02269338,0.02810951,0.002442902,-0.02269338,0.4838409,0.02766418,0.8747101,0.4838409,0.02766418,0.8747101,5.028107,5.028107,True,True,True
1632537,63779589515563,-13.58977,2.598048,-0.04474813,-0.06266963,0.875026,0.1064729,-0.4680444,0.008559235,0.002783234,-0.02380296,0.4913483,0.003707886,0.8709412,0.02810407,0.002437348,-0.02269873,0.02810407,0.002437348,-0.02269873,0.4897003,0.0226593,0.871582,0.4897003,0.0226593,0.871582,4.945724,4.945724,True,True,True
1632546,63779589515563,-13.58977,2.598048,-0.04474813,-0.06266963,0.875026,0.1064729,-0.4680444,0.007472977,0.002802277,-0.0238644,0.4884491,0.006484985,0.8725586,0.02810381,0.002437119,-0.02269638,0.02810381,0.002437119,-0.02269638,0.484436,0.03025818,0.8742981,0.484436,0.03025818,0.8742981,5.015457,5.015457,True,True,True
1632554,63779589515574,-13.58969,2.598053,-0.0446521,-0.06275953,0.8751298,0.1067375,-0.4677781,0.004715027,0.002851212,-0.02402263,0.493515,0.003921509,0.8697205,0.02810378,0.00243779,-0.02269904,0.02810378,0.00243779,-0.02269904,0.4909821,0.02757263,0.8707275,0.4909821,0.02757263,0.8707275,4.983673,4.983673,True,True,True
1632562,63779589515585,-13.58962,2.598078,-0.04460043,-0.06288022,0.8752334,0.106796,-0.4675544,0.005096222,0.002843796,-0.02399996,0.4911652,0.0002746582,0.8710632,0.02810375,0.002437119,-0.02269638,0.02810375,0.002437119,-0.02269638,0.4879456,0.0242157,0.8725281,0.4879456,0.0242157,0.8725281,5.014191,5.014191,True,True,True
1632571,63779589515597,-13.58957,2.598064,-0.0445652,-0.06293827,0.8753292,0.1069988,-0.4673209,0.005568924,0.00283458,-0.02397359,0.4930573,6.103516E-05,0.8699799,0.02810239,0.002436325,-0.02269623,0.02810239,0.002436325,-0.02269623,0.4911499,0.02360535,0.8707428,0.4911499,0.02360535,0.8707428,5.017578,5.017578,True,True,True
1632579,63779589515597,-13.58957,2.598064,-0.0445652,-0.06293827,0.8753292,0.1069988,-0.4673209,0.006198517,0.002822571,-0.02393828,0.4920197,0,0.870575,0.02810105,0.002435547,-0.02269608,0.02810105,0.002435547,-0.02269608,0.4895172,0.02297974,0.8716736,0.4895172,0.02297974,0.8716736,5.017273,5.017273,True,True,True
1632587,63779589515608,-13.58951,2.598036,-0.04448634,-0.0631499,0.8754457,0.1071695,-0.4670351,0.006181336,0.002822708,-0.02393848,0.4928131,0.0005187988,0.8701172,0.02810083,0.002435547,-0.02269461,0.02810083,0.002435547,-0.02269461,0.490387,0.02391052,0.87117,0.490387,0.02391052,0.87117,5.01918,5.01918,True,True,True
1632596,63779589515619,-13.58949,2.598001,-0.04442865,-0.06321367,0.8755708,0.1073024,-0.4667612,0.006112732,0.002823761,-0.02394159,0.4936066,9.155273E-05,0.8696747,0.02810063,0.002435547,-0.02269315,0.02810063,0.002435547,-0.02269315,0.4912109,0.022995,0.8707275,0.4912109,0.022995,0.8707275,5.018463,5.018463,True,True,True
1632604,63779589515630,-13.58944,2.598038,-0.04448056,-0.0633058,0.8757302,0.1073605,-0.4664362,0.00604599,0.002824448,-0.02394495,0.4928284,0.00100708,0.8701172,0.02809853,0.002435059,-0.02269243,0.02809853,0.002435059,-0.02269243,0.4898071,0.02378845,0.8714905,0.4898071,0.02378845,0.8714905,5.016724,5.016724,True,True,True
1632612,63779589515630,-13.58944,2.598038,-0.04448056,-0.0633058,0.8757302,0.1073605,-0.4664362,0.005986313,0.002825333,-0.02394792,0.4931183,0.001281738,0.8699493,0.02809642,0.002434586,-0.02269171,0.02809642,0.002434586,-0.02269171,0.4901733,0.02363586,0.8712921,0.4901733,0.02363586,0.8712921,5.015564,5.015564,True,True,True
1632621,63779589515641,-13.58938,2.59803,-0.04444242,-0.06342036,0.8758052,0.1074855,-0.466251,0.005896118,0.002826615,-0.02395308,0.4940491,0.001647949,0.8694153,0.02809642,0.002434052,-0.0226913,0.02809642,0.002434052,-0.0226913,0.4917145,0.02455139,0.8703918,0.4917145,0.02455139,0.8703918,5.018814,5.018814,True,True,True
1632629,63779589515652,-13.5893,2.598053,-0.0444026,-0.06365582,0.8758937,0.1076197,-0.4660217,0.005981873,0.002824722,-0.02394876,0.4949341,0.001693726,0.868927,0.02809642,0.002433502,-0.02269171,0.02809642,0.002433502,-0.02269171,0.4932404,0.0242157,0.8695374,0.4932404,0.0242157,0.8695374,5.021011,5.021011,True,True,True
1632637,63779589515663,-13.58928,2.598074,-0.04436713,-0.06381933,0.8760152,0.1077216,-0.4657472,0.00738208,0.002799866,-0.02386981,0.4947205,0.003570557,0.8690338,0.02809578,0.00243335,-0.02269243,0.02809578,0.00243335,-0.02269243,0.4930878,0.02403259,0.8696442,0.4930878,0.02403259,0.8696442,5.021103,5.021103,True,True,True
1632645,63779589515663,-13.58928,2.598074,-0.04436713,-0.06381933,0.8760152,0.1077216,-0.4657472,0.007308014,0.002801102,-0.02387466,0.4946136,0.003173828,0.8690948,0.02809516,0.002433197,-0.02269315,0.02809516,0.002433197,-0.02269315,0.4929199,0.02383423,0.8697357,0.4929199,0.02383423,0.8697357,5.020187,5.020187,True,True,True
1632654,63779589515675,-13.58925,2.598114,-0.04434431,-0.06403761,0.8760818,0.1079685,-0.4655349,0.00582457,0.002827164,-0.02395923,0.4944611,0.002410889,0.8691864,0.02809346,0.002432907,-0.02269284,0.02809346,0.002432907,-0.02269284,0.4925079,0.02360535,0.8699799,0.4925079,0.02360535,0.8699799,5.020386,5.020386,True,True,True
1632662,63779589515685,-13.58922,2.598124,-0.04434967,-0.06419054,0.8761232,0.1082795,-0.4653637,0.005909928,0.002825455,-0.023955,0.4950104,0.002334595,0.868866,0.02809177,0.002432617,-0.02269252,0.02809177,0.002432617,-0.02269252,0.4920807,0.02384949,0.8702087,0.4920807,0.02384949,0.8702087,5.019684,5.019684,True,True,True
1632670,63779589515696,-13.58925,2.598125,-0.04431117,-0.06425477,0.8761824,0.1084842,-0.4651955,0.005967926,0.002822952,-0.02395149,0.4949036,0.002914429,0.868927,0.02808955,0.002430283,-0.02269171,0.02808955,0.002430283,-0.02269171,0.4920654,0.02392578,0.870224,0.4920654,0.02392578,0.870224,5.020752,5.020752,True,True,True
1632679,63779589515696,-13.58925,2.598125,-0.04431117,-0.06425477,0.8761824,0.1084842,-0.4651955,0.006018662,0.002822006,-0.02394885,0.4946594,0.002975464,0.8690643,0.02808806,0.002430237,-0.02269158,0.02808806,0.002430237,-0.02269158,0.491684,0.02391052,0.8704376,0.491684,0.02391052,0.8704376,5.020386,5.020386,True,True,True
1632687,63779589515707,-13.58918,2.598069,-0.04429531,-0.06441705,0.8762342,0.108824,-0.4649961,0.006074814,0.002861954,-0.0239444,0.4943542,0.005142212,0.8692322,0.0280894,0.002457825,-0.02268257,0.0280894,0.002457825,-0.02268257,0.4898987,0.02870178,0.8712921,0.4898987,0.02870178,0.8712921,4.994186,4.994186,True,True,True
1632695,63779589515719,-13.58914,2.5981,-0.0442968,-0.06459252,0.8762342,0.1091134,-0.464904,0.0077491,0.002878403,-0.02385053,0.4839783,0.02301025,0.8747711,0.02807115,0.002504105,-0.02267738,0.02807115,0.002504105,-0.02267738,0.4757385,0.03909302,0.8787079,0.4757385,0.03909302,0.8787079,4.987457,4.987457,True,True,True
1632704,63779589515730,-13.58914,2.598161,-0.04424888,-0.06465016,0.8762345,0.1094589,-0.4648142,0.008463883,0.00295253,-0.02382068,0.4893951,0.0292511,0.8715668,0.02806267,0.002601395,-0.02268984,0.02806267,0.002601395,-0.02268984,0.4843903,0.04000854,0.8739166,0.4843903,0.04000854,0.8739166,4.94162,4.94162,True,True,True
1632712,63779589515730,-13.58914,2.598161,-0.04424888,-0.06465016,0.8762345,0.1094589,-0.4648142,0.00554068,0.00306398,-0.02399111,0.4879761,0.039505,0.8719482,0.02806546,0.002653183,-0.02270569,0.02806546,0.002653183,-0.02270569,0.4801788,0.06904602,0.8744354,0.4801788,0.06904602,0.8744354,4.955765,4.955765,True,True,True
1632720,63779589515741,-13.58912,2.598193,-0.04416496,-0.06458894,0.8761684,0.1098645,-0.4648515,0.006942917,0.003046662,-0.02390009,0.4824371,0.03674316,0.8751526,0.02806697,0.00265564,-0.02268779,0.02806697,0.00265564,-0.02268779,0.4747772,0.05880737,0.8781281,0.4747772,0.05880737,0.8781281,4.927261,4.927261,True,True,True
1632729,63779589515752,-13.58913,2.598231,-0.04410499,-0.06473448,0.8761023,0.1103595,-0.4648388,0.005556519,0.003076615,-0.02399481,0.4903717,0.04135132,0.8705139,0.02806328,0.00265863,-0.02269997,0.02806328,0.00265863,-0.02269997,0.4861755,0.05738831,0.8719635,0.4861755,0.05738831,0.8719635,4.962967,4.962967,True,True,True
1632737,63779589515763,-13.58914,2.598317,-0.04404581,-0.06463599,0.8759982,0.1108732,-0.4649262,0.005369187,0.003077454,-0.02400617,0.4916229,0.04057312,0.8698578,0.02806211,0.002655792,-0.02270242,0.02806211,0.002655792,-0.02270242,0.4883423,0.06031799,0.8705444,0.4883423,0.06031799,0.8705444,5.002991,5.002991,True,True,True
1632745,63779589515763,-13.58914,2.598317,-0.04404581,-0.06463599,0.8759982,0.1108732,-0.4649262,0.005114518,0.003079559,-0.02402043,0.4901428,0.04170227,0.870636,0.02806104,0.002652954,-0.02270285,0.02806104,0.002652954,-0.02270285,0.4860382,0.06246948,0.8716888,0.4860382,0.06246948,0.8716888,5.006668,5.006668,True,True,True
1632754,63779589515774,-13.58914,2.598466,-0.04403144,-0.06432472,0.8759057,0.1115468,-0.4649827,0.004678635,0.003085938,-0.02404591,0.4913177,0.04330444,0.8698883,0.02806099,0.002650864,-0.02270386,0.02806099,0.002650864,-0.02270386,0.4878845,0.06729126,0.8703003,0.4878845,0.06729126,0.8703003,4.991272,4.991272,True,True,True
1632762,63779589515785,-13.5892,2.598629,-0.04397279,-0.0638491,0.8756934,0.1124651,-0.4652268,0.003708542,0.00310228,-0.02410202,0.4924927,0.04043579,0.8693695,0.02806094,0.002648758,-0.02270488,0.02806094,0.002648758,-0.02270488,0.4897308,0.06556702,0.8694,0.4897308,0.06556702,0.8694,4.971191,4.971191,True,True,True
1632770,63779589515796,-13.58927,2.598873,-0.04387343,-0.06325258,0.8754639,0.1136481,-0.4654527,0.003637863,0.003102982,-0.02410736,0.490921,0.04174805,0.8701935,0.0280602,0.002648331,-0.02270726,0.0280602,0.002648331,-0.02270726,0.4873962,0.06843567,0.8704834,0.4873962,0.06843567,0.8704834,4.966995,4.966995,True,True,True
1632779,63779589515796,-13.58927,2.598873,-0.04387343,-0.06325258,0.8754639,0.1136481,-0.4654527,0.003907669,0.003097336,-0.0240932,0.4921875,0.04048157,0.8695374,0.02805945,0.002647888,-0.02270944,0.02805945,0.002647888,-0.02270944,0.4893188,0.06610107,0.8695831,0.4893188,0.06610107,0.8695831,4.970932,4.970932,True,True,True
1632787,63779589515807,-13.58943,2.59925,-0.04389566,-0.06237219,0.8750261,0.1156476,-0.4659021,0.005960251,0.003056976,-0.02397495,0.4906006,0.04249573,0.8703308,0.02805921,0.002646027,-0.02270819,0.02805921,0.002646027,-0.02270819,0.4871368,0.06617737,0.8708038,0.4871368,0.06617737,0.8708038,4.964966,4.964966,True,True,True
1632795,63779589515819,-13.5895,2.599641,-0.0438261,-0.0613246,0.8745747,0.1179366,-0.4663148,0.005359436,0.003050995,-0.02399681,0.499527,0.01905823,0.8660736,0.0280578,0.002619507,-0.02268733,0.0280578,0.002619507,-0.02268733,0.502121,0.02903748,0.8643036,0.502121,0.02903748,0.8643036,4.996643,4.996643,True,True,True
1632804,63779589515830,-13.58962,2.60005,-0.04382569,-0.06020619,0.8738846,0.1208767,-0.4670011,0.003705826,0.003080383,-0.02410744,0.4933777,0.04176331,0.8688049,0.02805269,0.002618057,-0.02271396,0.02805269,0.002618057,-0.02271396,0.4915466,0.06936646,0.8680725,0.4915466,0.06936646,0.8680725,4.954056,4.954056,True,True,True
1632812,63779589515830,-13.58962,2.60005,-0.04382569,-0.06020619,0.8738846,0.1208767,-0.4670011,0.005311798,0.003014267,-0.02401308,0.4969482,0.03562927,0.8670349,0.0280501,0.002594696,-0.02270384,0.0280501,0.002594696,-0.02270384,0.4953156,0.05647278,0.8668671,0.4953156,0.05647278,0.8668671,5.071503,5.071503,True,True,True
1632820,63779589515841,-13.58974,2.600534,-0.0438025,-0.05886063,0.8732648,0.1238902,-0.4675418,0.006335007,0.002973328,-0.02395197,0.4990997,0.03045654,0.8659973,0.02805417,0.002562348,-0.02269914,0.02805417,0.002562348,-0.02269914,0.4982758,0.04743958,0.8657074,0.4982758,0.04743958,0.8657074,5.004776,5.004776,True,True,True
1632829,63779589515852,-13.58989,2.601099,-0.04377574,-0.05650292,0.8725238,0.1276081,-0.4682157,0.00592186,0.002954788,-0.02397196,0.4964905,0.03288269,0.8674164,0.02806461,0.002520355,-0.02269188,0.02806461,0.002520355,-0.02269188,0.4940948,0.05114746,0.8678894,0.4940948,0.05114746,0.8678894,5.019791,5.019791,True,True,True
1632837,63779589515863,-13.59008,2.601633,-0.04370093,-0.05389174,0.8718367,0.1311238,-0.4688317,0.003938614,0.002968872,-0.02407851,0.4953003,0.02810669,0.8682556,0.0280828,0.002478455,-0.02267644,0.0280828,0.002478455,-0.02267644,0.4918365,0.04493713,0.8695221,0.4918365,0.04493713,0.8695221,4.952789,4.952789,True,True,True
1632845,63779589515863,-13.59008,2.601633,-0.04370093,-0.05389174,0.8718367,0.1311238,-0.4688317,0.001795746,0.003015946,-0.02419138,0.493927,0.009094238,0.8694458,0.02807161,0.002475327,-0.02265267,0.02807161,0.002475327,-0.02265267,0.4852295,0.02064514,0.8741302,0.4852295,0.02064514,0.8741302,4.869202,4.869202,True,True,True
1632854,63779589515874,-13.59023,2.602093,-0.04362482,-0.05047518,0.871112,0.1343289,-0.4696509,0.002202164,0.00308252,-0.02424114,0.5184937,0.03164673,0.8544769,0.02795796,0.002543991,-0.02274394,0.02795796,0.002543991,-0.02274394,0.5123596,0.04969788,0.8573151,0.5123596,0.04969788,0.8573151,4.939819,4.939819,True,True,True
1632862,63779589515885,-13.59018,2.60252,-0.04344738,-0.04672374,0.8702707,0.1369297,-0.4708461,0.002740799,0.003160675,-0.0242634,0.5326843,0.04658508,0.8450165,0.02787258,0.002632691,-0.02281096,0.02787258,0.002632691,-0.02281096,0.5320282,0.07084656,0.84375,0.5320282,0.07084656,0.84375,5.023682,5.023682,True,True,True
1632870,63779589515897,-13.59018,2.602973,-0.04327726,-0.04300524,0.8693691,0.1391606,-0.4722101,0.003257904,0.003207153,-0.02427161,0.5388336,0.05288696,0.8407288,0.0277697,0.002677155,-0.02288049,0.0277697,0.002677155,-0.02288049,0.5432434,0.08274841,0.8354645,0.5432434,0.08274841,0.8354645,4.946503,4.946503,True,True,True
1632879,63779589515897,-13.59018,2.602973,-0.04327726,-0.04300524,0.8693691,0.1391606,-0.4722101,-0.002783005,0.003378632,-0.0246727,0.5589752,0.05519104,0.8273315,0.02770766,0.002730759,-0.02296787,0.02770766,0.002730759,-0.02296787,0.5698242,0.1032257,0.8152466,0.5698242,0.1032257,0.8152466,5.05986,5.05986,True,True,True
1632887,63779589515908,-13.5901,2.603418,-0.04298806,-0.03909223,0.8683385,0.1411709,-0.473847,-0.008219773,0.00349765,-0.02497916,0.5555878,0.04776001,0.8300781,0.02770418,0.002740753,-0.02294686,0.02770418,0.002740753,-0.02294686,0.5560303,0.1006622,0.8250275,0.5560303,0.1006622,0.8250275,5.048569,5.048569,True,True,True
1632895,63779589515920,-13.59002,2.603799,-0.0426591,-0.03545534,0.8672126,0.1430492,-0.4756282,-0.01106426,0.003536377,-0.02514006,0.5541687,0.04779053,0.8310242,0.0277049,0.002726669,-0.02295256,0.0277049,0.002726669,-0.02295256,0.5642242,0.09472656,0.8201599,0.5642242,0.09472656,0.8201599,5.004395,5.004395,True,True,True
1632904,63779589515920,-13.59002,2.603799,-0.0426591,-0.03545534,0.8672126,0.1430492,-0.4756282,-0.01246475,0.003511475,-0.02522765,0.5546875,0.05108643,0.8304749,0.02770497,0.002703781,-0.0229487,0.02770497,0.002703781,-0.0229487,0.5667877,0.08961487,0.8189697,0.5667877,0.08961487,0.8189697,5.029373,5.029373,True,True,True
1632912,63779589515931,-13.58989,2.604176,-0.04234403,-0.0322109,0.8659219,0.1448563,-0.4776593,-0.01305562,0.003483307,-0.0252495,0.5513611,0.04093933,0.833252,0.0277273,0.002675034,-0.02292067,0.0277273,0.002675034,-0.02292067,0.5554504,0.08651733,0.8270264,0.5554504,0.08651733,0.8270264,4.863129,4.863129,True,True,True
1632920,63779589515943,-13.58981,2.604483,-0.04195088,-0.02949452,0.8643743,0.1465655,-0.4801101,-0.007679047,0.003334992,-0.02492356,0.5461273,0.04414368,0.8365326,0.02773804,0.002653763,-0.02292157,0.02773804,0.002653763,-0.02292157,0.5606995,0.08731079,0.8233948,0.5606995,0.08731079,0.8233948,4.923752,4.923752,True,True,True
1632929,63779589515954,-13.5897,2.604781,-0.04154605,-0.02711014,0.8628356,0.148079,-0.4825478,-0.003285751,0.003200943,-0.0246631,0.546463,0.04251099,0.8363953,0.0277656,0.002611176,-0.02287921,0.0277656,0.002611176,-0.02287921,0.5552216,0.06710815,0.8289795,0.5552216,0.06710815,0.8289795,4.909149,4.909149,True,True,True
1632937,63779589515954,-13.5897,2.604781,-0.04154605,-0.02711014,0.8628356,0.148079,-0.4825478,-0.002606644,0.003116364,-0.02462195,0.5401611,0.04354858,0.8404236,0.02777664,0.002520691,-0.02288109,0.02777664,0.002520691,-0.02288109,0.542511,0.07650757,0.8365479,0.542511,0.07650757,0.8365479,4.873535,4.873535,True,True,True
1632945,63779589515965,-13.58963,2.605002,-0.04117954,-0.02517809,0.861281,0.1497429,-0.4849103,0.001116989,0.003017426,-0.02441333,0.5454559,0.04833984,0.836731,0.02778607,0.0024953,-0.02290105,0.02778607,0.0024953,-0.02290105,0.5563049,0.08094788,0.8270111,0.5563049,0.08094788,0.8270111,4.953979,4.953979,True,True,True
1632954,63779589515977,-13.58962,2.605223,-0.04080939,-0.02342433,0.8597692,0.1513313,-0.4871828,-0.0003667908,0.003019898,-0.0244807,0.5469666,0.03491211,0.8364105,0.02781912,0.002471481,-0.02288266,0.02781912,0.002471481,-0.02288266,0.5531921,0.07843018,0.8293457,0.5531921,0.07843018,0.8293457,4.972809,4.972809,True,True,True
1632962,63779589515988,-13.58949,2.605325,-0.04043269,-0.02207907,0.8582016,0.1529063,-0.4895122,0.0005610657,0.00295517,-0.02439777,0.5329742,0.03358459,0.8454437,0.02783621,0.002432709,-0.02285304,0.02783621,0.002432709,-0.02285304,0.5420227,0.07290649,0.8371887,0.5420227,0.07290649,0.8371887,5.028229,5.028229,True,True,True
1632970,63779589515988,-13.58949,2.605325,-0.04043269,-0.02207907,0.8582016,0.1529063,-0.4895122,0.003813965,0.002864151,-0.02419746,0.5285492,0.02920532,0.8483887,0.02785079,0.002403076,-0.02282896,0.02785079,0.002403076,-0.02282896,0.5324097,0.06414795,0.8440399,0.5324097,0.06414795,0.8440399,4.925446,4.925446,True,True,True
1632979,63779589516000,-13.5894,2.605477,-0.04010904,-0.02123152,0.8566414,0.1543646,-0.4918193,0.003831497,0.002838791,-0.02419011,0.5297089,0.02510071,0.8477936,0.0278868,0.002383865,-0.02281775,0.0278868,0.002383865,-0.02281775,0.5354004,0.05613708,0.8427277,0.5354004,0.05613708,0.8427277,4.892838,4.892838,True,True,True
1632987,63779589516011,-13.58933,2.605628,-0.0397678,-0.0203929,0.8552316,0.1556344,-0.4939039,0.003777649,0.002822968,-0.02417818,0.5250397,0.0184021,0.8508606,0.02790317,0.002373016,-0.02280477,0.02790317,0.002373016,-0.02280477,0.5333099,0.04698181,0.8446045,0.5333099,0.04698181,0.8446045,4.852951,4.852951,True,True,True
1632995,63779589516011,-13.58933,2.605628,-0.0397678,-0.0203929,0.8552316,0.1556344,-0.4939039,0.003186615,0.002815933,-0.02420014,0.5221252,0.01174927,0.8527679,0.02792282,0.002351898,-0.02278287,0.02792282,0.002351898,-0.02278287,0.5254822,0.04046631,0.8498383,0.5254822,0.04046631,0.8498383,4.854523,4.854523,True,True,True
1633004,63779589516023,-13.58924,2.605721,-0.03946823,-0.02009953,0.8540454,0.1566696,-0.4956381,0.0006937714,0.002844284,-0.02433399,0.5204468,0.002883911,0.8538818,0.02794286,0.002319687,-0.02276027,0.02794286,0.002319687,-0.02276027,0.5190125,0.02880859,0.8542633,0.5190125,0.02880859,0.8542633,4.778931,4.778931,True,True,True
1633012,63779589516035,-13.58916,2.605745,-0.03921968,-0.020085,0.8529861,0.1576405,-0.4971527,0.001337967,0.002812805,-0.02428832,0.5171661,0.004592896,0.8558502,0.02795616,0.002299759,-0.02276656,0.02795616,0.002299759,-0.02276656,0.5194702,0.04069519,0.8535004,0.5194702,0.04069519,0.8535004,4.846497,4.846497,True,True,True
1633020,63779589516045,-13.5891,2.605748,-0.03897041,-0.02004232,0.8520511,0.1586778,-0.4984261,0.0003406067,0.002816956,-0.02433026,0.5114594,0.0003356934,0.8592987,0.02797624,0.00227652,-0.02274509,0.02797624,0.00227652,-0.02274509,0.512558,0.03056335,0.8580933,0.512558,0.03056335,0.8580933,4.749557,4.749557,True,True,True
1633029,63779589516045,-13.5891,2.605748,-0.03897041,-0.02004232,0.8520511,0.1586778,-0.4984261,0.0002473297,0.002873489,-0.02432425,0.5069733,0.01220703,0.8618622,0.02801154,0.002324173,-0.02272705,0.02801154,0.002324173,-0.02272705,0.5049133,0.0405426,0.8621979,0.5049133,0.0405426,0.8621979,4.859131,4.859131,True,True,True
1633037,63779589516056,-13.58904,2.605778,-0.03873879,-0.02006459,0.8512617,0.1595232,-0.499503,-0.0009583893,0.002983719,-0.02437119,0.4906464,0.02651978,0.8709412,0.02805591,0.002396835,-0.02269788,0.02805591,0.002396835,-0.02269788,0.4841003,0.05865479,0.8730316,0.4841003,0.05865479,0.8730316,4.899887,4.899887,True,True,True
1633045,63779589516068,-13.58895,2.605813,-0.03852379,-0.01994408,0.8505625,0.1604891,-0.5003887,0.002432846,0.003020798,-0.02417084,0.4832306,0.05513,0.8737488,0.02810614,0.002493118,-0.02270772,0.02810614,0.002493118,-0.02270772,0.4783325,0.08572388,0.8739777,0.4783325,0.08572388,0.8739777,4.661072,4.661072,True,True,True
1633054,63779589516079,-13.58882,2.605861,-0.03827488,-0.01971037,0.8498721,0.1614173,-0.5012719,0.006371582,0.003072724,-0.02390341,0.4702606,0.06694031,0.8799744,0.02818071,0.00264267,-0.0226582,0.02818071,0.00264267,-0.0226582,0.4671173,0.08970642,0.8796234,0.4671173,0.08970642,0.8796234,4.754303,4.754303,True,True,True
1633062,63779589516079,-13.58882,2.605861,-0.03827488,-0.01971037,0.8498721,0.1614173,-0.5012719,0.007762848,0.003144104,-0.02381201,0.4646759,0.08410645,0.8814697,0.02828716,0.002732391,-0.02264737,0.02828716,0.002732391,-0.02264737,0.4635468,0.1057739,0.879715,0.4635468,0.1057739,0.879715,4.794189,4.794189,True,True,True
1633070,63779589516090,-13.58872,2.605913,-0.03809553,-0.01950086,0.8493937,0.1624485,-0.5017574,0.01044095,0.003187897,-0.02364562,0.4465637,0.1071167,0.8883057,0.02836208,0.002829834,-0.02263523,0.02836208,0.002829834,-0.02263523,0.4470978,0.1280212,0.8852539,0.4470978,0.1280212,0.8852539,4.680923,4.680923,True,True,True
1633079,63779589516102,-13.58859,2.606083,-0.03792346,-0.0194341,0.8489078,0.1636392,-0.5021953,0.01170755,0.003209122,-0.02356413,0.4389343,0.1168365,0.8908691,0.02842613,0.002869797,-0.02262856,0.02842613,0.002869797,-0.02262856,0.4387512,0.1348267,0.8884277,0.4387512,0.1348267,0.8884277,4.775208,4.775208,True,True,True
1633087,63779589516112,-13.58846,2.606206,-0.03777713,-0.01935827,0.8484582,0.1650874,-0.502484,0.01336882,0.003238266,-0.02344173,0.4145203,0.1281738,0.9009552,0.02849304,0.002934616,-0.02258986,0.02849304,0.002934616,-0.02258986,0.410553,0.142746,0.900589,0.410553,0.142746,0.900589,4.687241,4.687241,True,True,True
1633095,63779589516112,-13.58846,2.606206,-0.03777713,-0.01935827,0.8484582,0.1650874,-0.502484,0.01430536,0.003208923,-0.02340405,0.4282379,0.1447296,0.891983,0.02854357,0.002917847,-0.02260683,0.02854357,0.002917847,-0.02260683,0.4291229,0.1618195,0.8886261,0.4291229,0.1618195,0.8886261,4.745087,4.745087,True,True,True
1633104,63779589516124,-13.58834,2.606358,-0.03764361,-0.01899905,0.8480229,0.1665641,-0.502745,0.01435887,0.003193588,-0.02338417,0.4233704,0.1373596,0.8954773,0.02854935,0.002905838,-0.0225898,0.02854935,0.002905838,-0.0225898,0.4242554,0.154892,0.8921814,0.4242554,0.154892,0.8921814,4.706573,4.706573,True,True,True
1633112,63779589516135,-13.58812,2.606463,-0.03749543,-0.01866941,0.8474782,0.1681905,-0.5031343,0.01266464,0.003207505,-0.02346929,0.4176636,0.1340485,0.8986511,0.02856836,0.002884354,-0.02257043,0.02856836,0.002884354,-0.02257043,0.414856,0.151474,0.8971863,0.414856,0.151474,0.8971863,4.672821,4.672821,True,True,True
1633120,63779589516146,-13.58794,2.606635,-0.0373199,-0.01798226,0.8469338,0.1697921,-0.503538,0.009962464,0.003242569,-0.02361673,0.417572,0.1305542,0.8992004,0.0285829,0.002863663,-0.02256896,0.0285829,0.002863663,-0.02256896,0.4180756,0.1522064,0.8955536,0.4180756,0.1522064,0.8955536,4.666595,4.666595,True,True,True
1633129,63779589516146,-13.58794,2.606635,-0.0373199,-0.01798226,0.8469338,0.1697921,-0.503538,0.007906495,0.003265259,-0.02372225,0.4191742,0.1196594,0.8999786,0.02859174,0.002837891,-0.0225573,0.02859174,0.002837891,-0.0225573,0.4210968,0.1441193,0.8954773,0.4210968,0.1441193,0.8954773,4.688034,4.688034,True,True,True
1633137,63779589516157,-13.58765,2.60686,-0.03724533,-0.01730159,0.846376,0.1712574,-0.5040033,0.005792572,0.003294617,-0.02383553,0.4166565,0.1129913,0.9020081,0.02859438,0.002813644,-0.02254318,0.02859438,0.002813644,-0.02254318,0.4129333,0.1389771,0.9000854,0.4129333,0.1389771,0.9000854,4.608063,4.608063,True,True,True
1633145,63779589516168,-13.58742,2.607074,-0.03709334,-0.0165727,0.8458694,0.1727718,-0.5043613,0.004517853,0.003296158,-0.02389636,0.4132233,0.10672,0.9043427,0.02859705,0.002791412,-0.02253472,0.02859705,0.002791412,-0.02253472,0.4163208,0.1308899,0.8997345,0.4163208,0.1308899,0.8997345,4.652756,4.652756,True,True,True
1633154,63779589516179,-13.58724,2.607276,-0.0369457,-0.01583136,0.845339,0.1744419,-0.5046992,0.004027802,0.003288315,-0.02391901,0.4044647,0.1073303,0.9082184,0.02859712,0.002778168,-0.02252252,0.02859712,0.002778168,-0.02252252,0.4002686,0.1334381,0.9066162,0.4002686,0.1334381,0.9066162,4.591339,4.591339,True,True,True
1633162,63779589516179,-13.58724,2.607276,-0.0369457,-0.01583136,0.845339,0.1744419,-0.5046992,0.004356308,0.003262421,-0.02389746,0.4077148,0.1054688,0.9069824,0.02860578,0.002762512,-0.02253192,0.02860578,0.002762512,-0.02253192,0.412262,0.1352081,0.9009705,0.412262,0.1352081,0.9009705,4.64592,4.64592,True,True,True
1633170,63779589516190,-13.58699,2.607398,-0.03678477,-0.01515884,0.844789,0.17618,-0.505037,0.004084702,0.003248306,-0.02390618,0.4034119,0.1033936,0.9091492,0.02861513,0.002741486,-0.0225123,0.02861513,0.002741486,-0.0225123,0.4035339,0.1266327,0.9061432,0.4035339,0.1266327,0.9061432,4.592972,4.592972,True,True,True
1633179,63779589516201,-13.58671,2.607576,-0.03667557,-0.01440686,0.8442888,0.1780199,-0.5052503,0.004413025,0.003226395,-0.02387906,0.4014587,0.09802246,0.9105988,0.02861952,0.002729355,-0.02250228,0.02861952,0.002729355,-0.02250228,0.4001007,0.1211243,0.9084167,0.4001007,0.1211243,0.9084167,4.580917,4.580917,True,True,True
1633187,63779589516212,-13.58648,2.607734,-0.03658998,-0.0137592,0.8437985,0.1796474,-0.5055111,0.004967896,0.003202042,-0.02384548,0.4068604,0.09407043,0.9086304,0.02862555,0.002714798,-0.0225018,0.02862555,0.002714798,-0.0225018,0.4085541,0.1165466,0.9052429,0.4085541,0.1165466,0.9052429,4.599335,4.599335,True,True,True
1633195,63779589516212,-13.58648,2.607734,-0.03658998,-0.0137592,0.8437985,0.1796474,-0.5055111,0.004793595,0.003187302,-0.02384296,0.4002075,0.09144592,0.9118347,0.02863617,0.002692749,-0.02248741,0.02863617,0.002692749,-0.02248741,0.4008942,0.1142731,0.9089661,0.4008942,0.1142731,0.9089661,4.601318,4.601318,True,True,True
1633204,63779589516223,-13.58619,2.607959,-0.03651625,-0.01262395,0.8434522,0.1812871,-0.5055335,0.004996643,0.00317804,-0.02383197,0.4022522,0.09181213,0.9109039,0.02865002,0.002680771,-0.02248702,0.02865002,0.002680771,-0.02248702,0.4042511,0.1130371,0.9076233,0.4042511,0.1130371,0.9076233,4.515945,4.515945,True,True,True
1633212,63779589516235,-13.58588,2.608164,-0.03649187,-0.0114674,0.8430946,0.1828686,-0.5055879,0.004972763,0.003247238,-0.02381033,0.3951416,0.09608459,0.9135742,0.02875546,0.002731384,-0.02245131,0.02875546,0.002731384,-0.02245131,0.3982086,0.1153412,0.9100037,0.3982086,0.1153412,0.9100037,4.610718,4.610718,True,True,True
1633220,63779589516245,-13.58554,2.608367,-0.03645176,-0.009938369,0.8428855,0.1844641,-0.5053893,0.005626725,0.003315277,-0.02376125,0.3683319,0.124176,0.9213562,0.02886546,0.002804825,-0.02245026,0.02886546,0.002804825,-0.02245026,0.3673401,0.1523438,0.917511,0.3673401,0.1523438,0.917511,4.502487,4.502487,True,True,True
1633229,63779589516245,-13.58554,2.608367,-0.03645176,-0.009938369,0.8428855,0.1844641,-0.5053893,0.006174851,0.003357376,-0.02370599,0.3516235,0.1267242,0.9275055,0.02896605,0.002861435,-0.02242096,0.02896605,0.002861435,-0.02242096,0.3481445,0.1475983,0.9257355,0.3481445,0.1475983,0.9257355,4.552368,4.552368,True,True,True
1633237,63779589516257,-13.58519,2.608623,-0.03642148,-0.008284917,0.8426707,0.1859027,-0.5052501,0.009228135,0.003332627,-0.02349823,0.3283691,0.1289215,0.9356995,0.0290992,0.002902405,-0.02239066,0.0290992,0.002902405,-0.02239066,0.3286133,0.1501312,0.9324493,0.3286133,0.1501312,0.9324493,4.574768,4.574768,True,True,True
1633245,63779589516268,-13.58479,2.608865,-0.036421,-0.006533931,0.8425301,0.1873505,-0.5049754,0.01256534,0.003289993,-0.02328226,0.3058777,0.139267,0.9418182,0.02927318,0.00293309,-0.0223505,0.02927318,0.00293309,-0.0223505,0.3038025,0.1571655,0.9396667,0.3038025,0.1571655,0.9396667,4.503647,4.503647,True,True,True
1633254,63779589516279,-13.58436,2.609076,-0.03644609,-0.004915009,0.8423821,0.1888318,-0.5046889,0.01487631,0.003245773,-0.02313869,0.2884674,0.1421204,0.9468689,0.02937062,0.002935257,-0.02233583,0.02937062,0.002935257,-0.02233583,0.2880249,0.1573486,0.9445953,0.2880249,0.1573486,0.9445953,4.448029,4.448029,True,True,True
1633262,63779589516279,-13.58436,2.609076,-0.03644609,-0.004915009,0.8423821,0.1888318,-0.5046889,0.01685284,0.003172989,-0.02300676,0.2727509,0.138031,0.9521179,0.02941638,0.002902817,-0.02231323,0.02941638,0.002902817,-0.02231323,0.2724304,0.1539307,0.9497681,0.2724304,0.1539307,0.9497681,4.380951,4.380951,True,True,True
1633270,63779589516290,-13.5838,2.609255,-0.03650331,-0.003492341,0.842442,0.190102,-0.5041234,0.01726326,0.003141831,-0.02298068,0.2726135,0.1383667,0.9521179,0.0294236,0.002881424,-0.02230537,0.0294236,0.002881424,-0.02230537,0.2714539,0.1522217,0.9503174,0.2714539,0.1522217,0.9503174,4.436432,4.436432,True,True,True
1633279,63779589516301,-13.58335,2.609461,-0.03656054,-0.002196883,0.8424879,0.1915101,-0.5035208,0.01617671,0.003139175,-0.02303998,0.2704163,0.1387177,0.9526825,0.02941277,0.002858063,-0.0223062,0.02941277,0.002858063,-0.0223062,0.2711487,0.1542816,0.9500732,0.2711487,0.1542816,0.9500732,4.501602,4.501602,True,True,True
1633287,63779589516312,-13.58291,2.609692,-0.03658432,-0.0008612247,0.8427263,0.1927239,-0.5026622,0.01417539,0.003157822,-0.02314153,0.2664032,0.1311646,0.9548798,0.02941687,0.002837708,-0.022293,0.02941687,0.002837708,-0.022293,0.2667999,0.1467438,0.9524994,0.2667999,0.1467438,0.9524994,4.494949,4.494949,True,True,True
1633295,63779589516312,-13.58291,2.609692,-0.03658432,-0.0008612247,0.8427263,0.1927239,-0.5026622,0.01136482,0.003201996,-0.02329562,0.2696381,0.1225891,0.9551086,0.02941597,0.002828308,-0.02229343,0.02941597,0.002828308,-0.02229343,0.2697601,0.1434021,0.952179,0.2697601,0.1434021,0.952179,4.446091,4.446091,True,True,True
1633304,63779589516323,-13.5825,2.609871,-0.03674716,0.0004910516,0.8428549,0.1941352,-0.5019035,0.009429093,0.003214951,-0.0233983,0.2691193,0.1178131,0.9558563,0.02940254,0.002798828,-0.02229265,0.02940254,0.002798828,-0.02229265,0.2729645,0.141037,0.9516144,0.2729645,0.141037,0.9516144,4.378036,4.378036,True,True,True
1633312,63779589516334,-13.58205,2.610077,-0.03682512,0.001974444,0.8429892,0.1955194,-0.5011362,0.007469971,0.003238678,-0.02350528,0.2675018,0.113266,0.9568634,0.02939768,0.002781784,-0.02228676,0.02939768,0.002781784,-0.02228676,0.2672577,0.1381836,0.9536591,0.2672577,0.1381836,0.9536591,4.363907,4.363907,True,True,True
1633320,63779589516346,-13.58157,2.610258,-0.03689265,0.003282919,0.8431233,0.1969756,-0.5003329,0.007673874,0.003213577,-0.02349397,0.272049,0.1112061,0.9558258,0.02939333,0.00276445,-0.0222858,0.02939333,0.00276445,-0.0222858,0.273056,0.1361542,0.952301,0.273056,0.1361542,0.952301,4.433151,4.433151,True,True,True
1633329,63779589516346,-13.58157,2.610258,-0.03689265,0.003282919,0.8431233,0.1969756,-0.5003329,0.006171021,0.00322049,-0.02357251,0.2681274,0.1060791,0.9575195,0.02938918,0.002738754,-0.0222686,0.02938918,0.002738754,-0.0222686,0.2654114,0.1263123,0.9558105,0.2654114,0.1263123,0.9558105,4.273026,4.273026,True,True,True
1633337,63779589516357,-13.5811,2.610474,-0.03695488,0.004587756,0.8432449,0.1984106,-0.4995502,0.006179184,0.003205124,-0.02356792,0.269928,0.1034393,0.9573059,0.02938292,0.002729004,-0.02226811,0.02938292,0.002729004,-0.02226811,0.2728729,0.1246796,0.9539337,0.2728729,0.1246796,0.9539337,4.384918,4.384918,True,True,True
1633345,63779589516368,-13.58059,2.610669,-0.03706735,0.005711365,0.8433491,0.2001653,-0.4986617,0.006069031,0.003196015,-0.02357304,0.2686768,0.1009216,0.9579163,0.0293759,0.002716019,-0.02226241,0.0293759,0.002716019,-0.02226241,0.2665863,0.1217651,0.9560852,0.2665863,0.1217651,0.9560852,4.308777,4.308777,True,True,True
1633354,63779589516379,-13.58006,2.610873,-0.03711939,0.006778307,0.8435205,0.2015814,-0.4977873,0.005959091,0.00318158,-0.02358196,0.2742615,0.09877014,0.9565582,0.02936638,0.002695084,-0.02226387,0.02936638,0.002695084,-0.02226387,0.2719727,0.1193848,0.9548645,0.2719727,0.1193848,0.9548645,4.335846,4.335846,True,True,True
1633362,63779589516379,-13.58006,2.610873,-0.03711939,0.006778307,0.8435205,0.2015814,-0.4977873,0.006166092,0.003149628,-0.02356832,0.2719574,0.0997467,0.9571228,0.02935338,0.002660752,-0.02226029,0.02935338,0.002660752,-0.02226029,0.2689514,0.1187744,0.9557953,0.2689514,0.1187744,0.9557953,4.362579,4.362579,True,True,True
1633370,63779589516390,-13.57958,2.611115,-0.0372172,0.007856778,0.8438004,0.2027791,-0.4968097,0.006343872,0.003121155,-0.02355586,0.271286,0.09796143,0.957489,0.0293479,0.002631912,-0.02225842,0.0293479,0.002631912,-0.02225842,0.2694397,0.1158752,0.9560089,0.2694397,0.1158752,0.9560089,4.266891,4.266891,True,True,True
1633379,63779589516401,-13.57908,2.611385,-0.03734255,0.009022884,0.8441212,0.2037301,-0.4958549,0.006537705,0.003097,-0.02354955,0.2747803,0.1007233,0.9562073,0.02934305,0.002610642,-0.02226581,0.02934305,0.002610642,-0.02226581,0.2753906,0.1211243,0.9536591,0.2753906,0.1211243,0.9536591,4.327698,4.327698,True,True,True
1633387,63779589516412,-13.57862,2.611576,-0.03745425,0.01027996,0.8444883,0.2042567,-0.494988,0.006456574,0.003101059,-0.02354625,0.2793274,0.09376526,0.9555969,0.02939925,0.002610092,-0.02225598,0.02939925,0.002610092,-0.02225598,0.2793427,0.1146851,0.9533081,0.2793427,0.1146851,0.9533081,4.365631,4.365631,True,True,True
1633395,63779589516412,-13.57862,2.611576,-0.03745425,0.01027996,0.8444883,0.2042567,-0.494988,0.006487503,0.00313884,-0.02351889,0.2509918,0.09370422,0.9634399,0.02959853,0.002632416,-0.02222124,0.02959853,0.002632416,-0.02222124,0.2504578,0.111557,0.9616699,0.2504578,0.111557,0.9616699,4.311356,4.311356,True,True,True
1633404,63779589516423,-13.57823,2.611679,-0.03762007,0.01151068,0.8449019,0.2047524,-0.4940492,0.006094711,0.003181488,-0.02348718,0.2134399,0.09590149,0.972229,0.0298994,0.002677307,-0.02215306,0.0298994,0.002677307,-0.02215306,0.2080841,0.1196289,0.9707489,0.2080841,0.1196289,0.9707489,4.390839,4.390839,True,True,True
1633412,63779589516434,-13.57774,2.611756,-0.0377863,0.01262099,0.8451982,0.2053979,-0.4932468,0.005575531,0.003212403,-0.02345372,0.1905365,0.09210205,0.9773407,0.03019992,0.002678482,-0.02205676,0.03019992,0.002678482,-0.02205676,0.1949463,0.1164246,0.973877,0.1949463,0.1164246,0.973877,4.374847,4.374847,True,True,True
1633421,63779589516446,-13.57735,2.611881,-0.03792238,0.01349951,0.8455227,0.2057469,-0.4925214,0.001066956,0.003278336,-0.02362265,0.1573944,0.09619141,0.9828339,0.0304195,0.002656998,-0.02192287,0.0304195,0.002656998,-0.02192287,0.1605377,0.1162262,0.9801483,0.1605377,0.1162262,0.9801483,4.386917,4.386917,True,True,True
1633429,63779589516446,-13.57735,2.611881,-0.03792238,0.01349951,0.8455227,0.2057469,-0.4925214,-0.003098175,0.003366989,-0.0238384,0.1373444,0.09208679,0.9862213,0.03049477,0.002656861,-0.02189871,0.03049477,0.002656861,-0.02189871,0.1370087,0.1149445,0.9838715,0.1370087,0.1149445,0.9838715,4.227158,4.227158,True,True,True
1633437,63779589516457,-13.57702,2.612059,-0.0381428,0.01423813,0.8458314,0.2059726,-0.4918758,-0.01179329,0.0035961,-0.02453797,0.132309,0.07408142,0.9884338,0.0303736,0.002859772,-0.02266454,0.0303736,0.002859772,-0.02266454,0.116806,0.09454346,0.9886322,0.116806,0.09454346,0.9886322,4.302094,4.302094,True,True,True
1633446,63779589516468,-13.57672,2.612157,-0.03834027,0.01474652,0.8462802,0.2058824,-0.4911261,-0.01882965,0.003701386,-0.02484915,0.1385651,0.07199097,0.9877319,0.03036562,0.00282695,-0.02256862,0.03036562,0.00282695,-0.02256862,0.1173553,0.1015625,0.9878693,0.1173553,0.1015625,0.9878693,4.28598,4.28598,True,True,True
1633454,63779589516478,-13.57655,2.612109,-0.03860056,0.0151812,0.8466698,0.2055718,-0.4905711,-0.02373843,0.003770126,-0.02506365,0.1320801,0.06697083,0.9889679,0.03035762,0.002794129,-0.02248325,0.03035762,0.002794129,-0.02248325,0.1179352,0.1001129,0.9879456,0.1179352,0.1001129,0.9879456,4.264435,4.264435,True,True,True
1633462,63779589516478,-13.57655,2.612109,-0.03860056,0.0151812,0.8466698,0.2055718,-0.4905711,-0.0263932,0.003812485,-0.02519576,0.137146,0.06594849,0.9883423,0.03035381,0.002791809,-0.02247797,0.03035381,0.002791809,-0.02247797,0.119873,0.09695435,0.9880371,0.119873,0.09695435,0.9880371,4.266678,4.266678,True,True,True
1633471,63779589516490,-13.57633,2.612061,-0.03888083,0.01554771,0.8471245,0.2049032,-0.490054,-0.02732428,0.003821732,-0.02523489,0.1392212,0.0607605,0.9883881,0.03034999,0.00278949,-0.02248325,0.03034999,0.00278949,-0.02248325,0.1217346,0.09446716,0.9880524,0.1217346,0.09446716,0.9880524,4.261322,4.261322,True,True,True
1633479,63779589516501,-13.57615,2.612042,-0.03908265,0.01585045,0.8475516,0.204205,-0.489597,-0.02756776,0.003819702,-0.02525191,0.1418304,0.06533813,0.9877167,0.03034764,0.002791809,-0.02250867,0.03034764,0.002791809,-0.02250867,0.1211395,0.09608459,0.9879608,0.1211395,0.09608459,0.9879608,4.237625,4.237625,True,True,True
1633487,63779589516512,-13.576,2.611933,-0.03937441,0.01614822,0.8480186,0.2032621,-0.4891709,-0.02756796,0.003807434,-0.02524217,0.1396484,0.06051636,0.9883423,0.03034529,0.002794129,-0.02253409,0.03034529,0.002794129,-0.02253409,0.120697,0.09631348,0.9879913,0.120697,0.09631348,0.9879913,4.232376,4.232376,True,True,True
1633496,63779589516512,-13.576,2.611933,-0.03937441,0.01614822,0.8480186,0.2032621,-0.4891709,-0.02720783,0.003798966,-0.02523926,0.1409149,0.07019043,0.9875183,0.03033769,0.002818344,-0.02259932,0.03033769,0.002818344,-0.02259932,0.122757,0.09059143,0.9882813,0.122757,0.09059143,0.9882813,4.217316,4.217316,True,True,True
1633504,63779589516523,-13.57588,2.611861,-0.03963017,0.01625905,0.8484533,0.2023838,-0.4887775,-0.02177223,0.003707138,-0.02499515,0.1406097,0.06768799,0.9877319,0.0303301,0.00284256,-0.02266454,0.0303301,0.00284256,-0.02266454,0.1249542,0.08500671,0.9885101,0.1249542,0.08500671,0.9885101,4.222336,4.222336,True,True,True
1633512,63779589516535,-13.57571,2.611748,-0.03993416,0.01619016,0.8488165,0.2014437,-0.4885374,-0.007942567,0.003476166,-0.02438194,0.1374054,0.07366943,0.9877625,0.03032355,0.002840164,-0.02267868,0.03032355,0.002840164,-0.02267868,0.1252136,0.08688354,0.9883118,0.1252136,0.08688354,0.9883118,4.212967,4.212967,True,True,True
1633521,63779589516546,-13.57562,2.611659,-0.04020381,0.01598106,0.8491418,0.2005193,-0.4883594,-0.008138687,0.00347876,-0.02438582,0.1367645,0.07435608,0.987793,0.030317,0.002837784,-0.02266454,0.030317,0.002837784,-0.02266454,0.1255341,0.08692932,0.988266,0.1255341,0.08692932,0.988266,4.203613,4.203613,True,True,True
1633529,63779589516546,-13.57562,2.611659,-0.04020381,0.01598106,0.8491418,0.2005193,-0.4883594,-0.01060051,0.003518387,-0.0244903,0.1365662,0.07325745,0.987915,0.03031317,0.002832504,-0.02264665,0.03031317,0.002832504,-0.02264665,0.1254272,0.0894165,0.9880524,0.1254272,0.0894165,0.9880524,4.197769,4.197769,True,True,True
1633537,63779589516557,-13.57552,2.611546,-0.04035753,0.01598013,0.8494223,0.1997178,-0.4881999,-0.008591477,0.003486923,-0.02439388,0.1361847,0.07476807,0.987854,0.03030933,0.002837464,-0.02262875,0.03030933,0.002837464,-0.02262875,0.1254272,0.08934021,0.9880676,0.1254272,0.08934021,0.9880676,4.206268,4.206268,True,True,True
1633546,63779589516568,-13.5755,2.611365,-0.04056919,0.01577313,0.8495388,0.1989884,-0.4883018,-0.005096878,0.003429184,-0.0242417,0.1371307,0.07730103,0.9875183,0.0303083,0.002837616,-0.02264501,0.0303083,0.002837616,-0.02264501,0.1299591,0.09068298,0.9873505,0.1299591,0.09068298,0.9873505,4.21669,4.21669,True,True,True
1633554,63779589516579,-13.57544,2.611278,-0.04073375,0.01565731,0.8496562,0.1982852,-0.4883874,-0.0007287598,0.003356354,-0.02404338,0.1395264,0.07949829,0.9870148,0.03030727,0.002837784,-0.02264182,0.03030727,0.002837784,-0.02264182,0.1345215,0.09082031,0.9867249,0.1345215,0.09082031,0.9867249,4.227066,4.227066,True,True,True
1633562,63779589516579,-13.57544,2.611278,-0.04073375,0.01565731,0.8496562,0.1982852,-0.4883874,0.00330481,0.003288971,-0.02386127,0.1421051,0.0814209,0.9864807,0.03030246,0.002837784,-0.02264182,0.03030246,0.002837784,-0.02264182,0.1387329,0.09088135,0.986145,0.1387329,0.09088135,0.986145,4.218704,4.218704,True,True,True
1633571,63779589516590,-13.57533,2.611135,-0.04086941,0.01559817,0.8496684,0.1977871,-0.48857,0.005660706,0.003253144,-0.02376166,0.1414948,0.08180237,0.9865417,0.0303004,0.00284256,-0.02265375,0.0303004,0.00284256,-0.02265375,0.1383362,0.09040833,0.9862366,0.1383362,0.09040833,0.9862366,4.217957,4.217957,True,True,True
1633579,63779589516601,-13.57528,2.611107,-0.04097074,0.01545362,0.8496886,0.1974034,-0.4886945,0.006212952,0.003245346,-0.02374088,0.1417694,0.08197021,0.986496,0.03028732,0.002843811,-0.02266126,0.03028732,0.002843811,-0.02266126,0.1390839,0.09065247,0.9861145,0.1390839,0.09065247,0.9861145,4.226837,4.226837,True,True,True
1633587,63779589516612,-13.57527,2.611113,-0.04104316,0.01539501,0.8496025,0.1970799,-0.4889766,0.005998886,0.003249924,-0.02375925,0.1425629,0.08358765,0.9862366,0.03028098,0.002844421,-0.02267653,0.03028098,0.002844421,-0.02267653,0.140152,0.09364319,0.9856873,0.140152,0.09364319,0.9856873,4.228394,4.228394,True,True,True
1633596,63779589516612,-13.57527,2.611113,-0.04104316,0.01539501,0.8496025,0.1970799,-0.4889766,0.005775208,0.003255753,-0.02377669,0.1425781,0.08401489,0.9862061,0.03027789,0.002846832,-0.02268953,0.03027789,0.002846832,-0.02268953,0.1398621,0.09458923,0.9856262,0.1398621,0.09458923,0.9856262,4.228943,4.228943,True,True,True
1633604,63779589516623,-13.5752,2.611054,-0.04112267,0.01540127,0.8496172,0.1968281,-0.4890522,0.00574942,0.003276459,-0.02377063,0.1484222,0.08305359,0.9854279,0.03027213,0.002873276,-0.02267145,0.03027213,0.002873276,-0.02267145,0.1465149,0.09266663,0.984848,0.1465149,0.09266663,0.984848,4.308472,4.308472,True,True,True
1633612,63779589516635,-13.57515,2.611071,-0.04120427,0.01542349,0.8496728,0.1965852,-0.4890526,-0.02374866,0.003682953,-0.02502286,0.1457825,0.05654907,0.9876862,0.03051351,0.002576172,-0.02189609,0.03051351,0.002576172,-0.02189609,0.1524963,0.09390259,0.9838257,0.1524963,0.09390259,0.9838257,4.405136,4.405136,True,True,True
1633621,63779589516646,-13.5751,2.611148,-0.04137546,0.01538811,0.8497537,0.196444,-0.4889699,0.0308374,0.002494766,-0.02247914,0.1556702,0.05787659,0.9860992,0.03086911,0.002494507,-0.02247876,0.03086911,0.002494507,-0.02247876,0.1556702,0.05787659,0.9860992,0.1556702,0.05787659,0.9860992,4.365448,4.365448,True,True,True
1633629,63779589516646,-13.5751,2.611148,-0.04137546,0.01538811,0.8497537,0.196444,-0.4889699,0.03114032,0.002400849,-0.02297794,0.1227417,0.02252197,0.9921722,0.03114032,0.002400849,-0.02297794,0.03114032,0.002400849,-0.02297794,0.1227417,0.02252197,0.9921722,0.1227417,0.02252197,0.9921722,4.289978,4.289978,True,True,True
1633637,63779589516656,-13.57504,2.611073,-0.04151493,0.01538214,0.8498164,0.196337,-0.488904,0.03125504,0.002304886,-0.0233875,0.0607605,-0.03933716,0.9973755,0.03125504,0.002304886,-0.0233875,0.03125504,0.002304886,-0.0233875,0.0607605,-0.03933716,0.9973755,0.0607605,-0.03933716,0.9973755,4.27478,4.27478,True,True,True
1633646,63779589516668,-13.57506,2.611102,-0.04162955,0.01529957,0.8500289,0.1962273,-0.4885813,0.03139621,0.002168701,-0.02340759,0.05265808,-0.06216431,0.9966736,0.03139621,0.002168701,-0.02340759,0.03139621,0.002168701,-0.02340759,0.05265808,-0.06216431,0.9966736,0.05265808,-0.06216431,0.9966736,4.291992,4.291992,True,True,True
1633654,63779589516679,-13.575,2.611077,-0.04173404,0.01520999,0.8501739,0.1962198,-0.4883347,0.03142973,0.002176331,-0.02357248,0.0401001,-0.07006836,0.9967194,0.03142973,0.002176331,-0.02357248,0.03142973,0.002176331,-0.02357248,0.0401001,-0.07006836,0.9967194,0.0401001,-0.07006836,0.9967194,4.370911,4.370911,True,True,True
1633662,63779589516679,-13.575,2.611077,-0.04173404,0.01520999,0.8501739,0.1962198,-0.4883347,0.03143321,0.002186493,-0.02357337,0.04020691,-0.05923462,0.9974213,0.03143331,0.002186493,-0.02357337,0.03143331,0.002186493,-0.02357337,0.04020691,-0.05923462,0.9974213,0.04020691,-0.05923462,0.9974213,4.224716,4.224716,True,True,True
1633671,63779589516690,-13.5749,2.611098,-0.04185349,0.015003,0.8502998,0.1963872,-0.4880547,0.03143494,0.002183823,-0.02342423,0.04794312,-0.07237244,0.9962158,0.03144142,0.002183777,-0.0234242,0.03144142,0.002183777,-0.0234242,0.04795837,-0.07237244,0.9962158,0.04795837,-0.07237244,0.9962158,4.285461,4.285461,True,True,True
1633679,63779589516702,-13.57488,2.611101,-0.04192257,0.01480122,0.8504106,0.1966323,-0.4877689,0.02908028,0.002222473,-0.02350809,0.04989624,-0.07211304,0.9961395,0.03145261,0.002204941,-0.02349826,0.03145261,0.002204941,-0.02349826,0.05085754,-0.07180786,0.996109,0.05085754,-0.07180786,0.996109,4.29364,4.29364,True,True,True
1633687,63779589516712,-13.57483,2.611091,-0.0420289,0.01460169,0.8504943,0.1969485,-0.4875014,-0.02508296,0.002624878,-0.02373021,0.02207947,-0.08003235,0.9965363,0.03144538,0.002208954,-0.0234942,0.03144538,0.002208954,-0.0234942,0.04905701,-0.07209778,0.9961853,0.04905701,-0.07209778,0.9961853,4.28331,4.28331,True,True,True
1633696,63779589516712,-13.57483,2.611091,-0.0420289,0.01460169,0.8504943,0.1969485,-0.4875014,-0.02242891,0.002608109,-0.0237207,0.03074646,-0.08670044,0.9957581,0.03144623,0.002207581,-0.02348961,0.03144623,0.002207581,-0.02348961,0.0501709,-0.07011414,0.9962616,0.0501709,-0.07011414,0.9962616,4.294662,4.294662,True,True,True
1633704,63779589516723,-13.57475,2.611114,-0.0420984,0.014408,0.8506569,0.1972701,-0.4870932,0.01247875,0.002362717,-0.02361505,0.03942871,-0.07618713,0.9963074,0.03144708,0.002206223,-0.02348502,0.03144708,0.002206223,-0.02348502,0.04963684,-0.07185364,0.99617,0.04963684,-0.07185364,0.99617,4.304794,4.304794,True,True,True
1633712,63779589516734,-13.57472,2.611156,-0.04218686,0.0142664,0.8508128,0.1973909,-0.4867761,0.02476216,0.002267807,-0.02354906,0.04469299,-0.07223511,0.9963837,0.03144667,0.00220752,-0.02348683,0.03144667,0.00220752,-0.02348683,0.04930115,-0.07028198,0.9963074,0.04930115,-0.07028198,0.9963074,4.301987,4.301987,True,True,True
1633721,63779589516745,-13.57465,2.611172,-0.04228789,0.01406797,0.8509431,0.1976321,-0.4864559,0.02840657,0.002233871,-0.02351366,0.04727173,-0.06915283,0.9964752,0.03144624,0.002206223,-0.02348502,0.03144624,0.002206223,-0.02348502,0.04937744,-0.06819153,0.9964447,0.04937744,-0.06819153,0.9964447,4.305923,4.305923,True,True,True
1633729,63779589516745,-13.57465,2.611172,-0.04228789,0.01406797,0.8509431,0.1976321,-0.4864559,0.02997812,0.002219177,-0.02349376,0.04910278,-0.06739807,0.9965057,0.03144582,0.002205734,-0.02347968,0.03144582,0.002205734,-0.02347968,0.05014038,-0.06689453,0.9964905,0.05014038,-0.06689453,0.9964905,4.313629,4.313629,True,True,True
1633737,63779589516757,-13.57462,2.611141,-0.04229492,0.01396456,0.8511364,0.1976566,-0.4861108,0.03036995,0.00221582,-0.02348692,0.05010986,-0.06600952,0.9965515,0.03144538,0.002205246,-0.02347434,0.03144538,0.002205246,-0.02347434,0.05088806,-0.06556702,0.9965363,0.05088806,-0.06556702,0.9965363,4.320877,4.320877,True,True,True
1633746,63779589516768,-13.5746,2.611142,-0.04239607,0.01381181,0.8513796,0.1976883,-0.4856762,0.03097838,0.002204666,-0.02346654,0.05064392,-0.06614685,0.996521,0.03144341,0.002199555,-0.02345928,0.03144341,0.002199555,-0.02345928,0.05101013,-0.06596375,0.9965057,0.05101013,-0.06596375,0.9965057,4.322021,4.322021,True,True,True
1633754,63779589516779,-13.5746,2.611143,-0.04246998,0.0137671,0.8515731,0.1976401,-0.4853579,0.03092064,0.00219928,-0.0234512,0.05075073,-0.06665039,0.9964752,0.03144142,0.002193863,-0.02344421,0.03144142,0.002193863,-0.02344421,0.05111694,-0.0664978,0.9964752,0.05111694,-0.0664978,0.9964752,4.323547,4.323547,True,True,True
1633762,63779589516779,-13.5746,2.611143,-0.04246998,0.0137671,0.8515731,0.1976401,-0.4853579,0.03055301,0.002200485,-0.0234464,0.05090332,-0.06582642,0.996521,0.03144126,0.002191178,-0.0234343,0.03144126,0.002191178,-0.0234343,0.05152893,-0.06549072,0.996521,0.05152893,-0.06549072,0.996521,4.325974,4.325974,True,True,True
1633771,63779589516790,-13.57459,2.611146,-0.04258072,0.01370271,0.8518142,0.1976545,-0.4849305,0.03044255,0.002199707,-0.02343991,0.05122375,-0.06488037,0.9965668,0.0314411,0.002188492,-0.02342439,0.0314411,0.002188492,-0.02342439,0.05194092,-0.06451416,0.9965515,0.05194092,-0.06451416,0.9965515,4.32843,4.32843,True,True,True
1633779,63779589516801,-13.57456,2.611167,-0.04266536,0.01367944,0.8520595,0.1975463,-0.4845442,0.03086083,0.002190628,-0.02342561,0.05136108,-0.06381226,0.9966278,0.03143956,0.002186127,-0.0234243,0.03143956,0.002186127,-0.0234243,0.05152893,-0.06364441,0.9966278,0.05152893,-0.06364441,0.9966278,4.326996,4.326996,True,True,True
1633787,63779589516812,-13.57449,2.611176,-0.04275775,0.01363293,0.8522477,0.1974322,-0.4842608,0.03123545,0.002185333,-0.02342462,0.05107117,-0.06286621,0.9967041,0.03143802,0.002183777,-0.0234242,0.03143802,0.002183777,-0.0234242,0.0511322,-0.06282043,0.9967041,0.0511322,-0.06282043,0.9967041,4.328888,4.328888,True,True,True
1633795,63779589516812,-13.57449,2.611176,-0.04275775,0.01363293,0.8522477,0.1974322,-0.4842608,0.03140559,0.002178604,-0.02339118,0.0526123,-0.06349182,0.996582,0.03143674,0.00217836,-0.02339108,0.03143674,0.00217836,-0.02339108,0.0526123,-0.06347656,0.996582,0.0526123,-0.06347656,0.996582,4.334869,4.334869,True,True,True
1633804,63779589516823,-13.57443,2.611088,-0.04288483,0.01364117,0.8524593,0.1974135,-0.4838956,0.03142923,0.0021604,-0.02332932,0.05335999,-0.06060791,0.9967194,0.03143576,0.002160339,-0.02332929,0.03143576,0.002160339,-0.02332929,0.05335999,-0.06060791,0.9967194,0.05335999,-0.06060791,0.9967194,4.338531,4.338531,True,True,True
1633812,63779589516834,-13.57442,2.611109,-0.04300332,0.01378137,0.8526769,0.1971796,-0.4836035,0.03143118,0.002140656,-0.02326914,0.05476379,-0.05938721,0.9967194,0.03143433,0.002140625,-0.02326912,0.03143433,0.002140625,-0.02326912,0.05476379,-0.05938721,0.9967194,0.05476379,-0.05938721,0.9967194,4.352356,4.352356,True,True,True
1633820,63779589516846,-13.57448,2.61115,-0.04311973,0.01384429,0.8528731,0.1969634,-0.4833437,0.03142911,0.002127914,-0.02322778,0.05509949,-0.05705261,0.9968414,0.03143375,0.002127869,-0.02322775,0.03143375,0.002127869,-0.02322775,0.05509949,-0.05705261,0.9968414,0.05509949,-0.05705261,0.9968414,4.359695,4.359695,True,True,True
1633829,63779589516846,-13.57448,2.61115,-0.04311973,0.01384429,0.8528731,0.1969634,-0.4833437,0.0313909,0.002120056,-0.0232018,0.05535889,-0.05667114,0.9968414,0.03142908,0.00211972,-0.0232016,0.03142908,0.00211972,-0.0232016,0.05537415,-0.05665588,0.9968414,0.05537415,-0.05665588,0.9968414,4.360519,4.360519,True,True,True
1633837,63779589516857,-13.57449,2.611186,-0.04317874,0.01387605,0.8530616,0.1967448,-0.4830993,0.03100601,0.002105393,-0.02314528,0.05615234,-0.05473328,0.9969177,0.03142699,0.002101654,-0.02314272,0.03142699,0.002101654,-0.02314272,0.05632019,-0.05456543,0.9969177,0.05632019,-0.05456543,0.9969177,4.368698,4.368698,True,True,True
1633845,63779589516868,-13.57455,2.611111,-0.04329342,0.01400399,0.8531934,0.196645,-0.4829034,0.02067403,0.002174225,-0.02313109,0.0526886,-0.05807495,0.9969177,0.03142217,0.002074829,-0.02305211,0.03142217,0.002074829,-0.02305211,0.0562439,-0.05334473,0.9969788,0.0562439,-0.05334473,0.9969788,4.388901,4.388901,True,True,True
1633854,63779589516878,-13.57453,2.611063,-0.0433957,0.01414244,0.8533137,0.1965532,-0.482724,-0.01884894,0.00253598,-0.02340047,0.04103088,-0.07623291,0.9962311,0.03141748,0.002060165,-0.02299439,0.03141748,0.002060165,-0.02299439,0.05509949,-0.05326843,0.9970551,0.05509949,-0.05326843,0.9970551,4.410583,4.410583,True,True,True
1633862,63779589516878,-13.57453,2.611063,-0.0433957,0.01414244,0.8533137,0.1965532,-0.482724,-0.01985584,0.002542801,-0.02339096,0.04226685,-0.07667542,0.9961548,0.03141248,0.00205217,-0.02295944,0.03141248,0.00205217,-0.02295944,0.05522156,-0.05351257,0.9970245,0.05522156,-0.05351257,0.9970245,4.411423,4.411423,True,True,True
1633870,63779589516889,-13.57457,2.611034,-0.04342657,0.0142685,0.8534154,0.1963879,-0.4826079,-0.02108031,0.002554413,-0.02340846,0.04187012,-0.07695007,0.9961395,0.03141109,0.002033219,-0.02289287,0.03141109,0.002033219,-0.02289287,0.05638123,-0.05137634,0.9970856,0.05638123,-0.05137634,0.9970856,4.415649,4.415649,True,True,True
1633879,63779589516900,-13.57466,2.611036,-0.04351312,0.01430532,0.8534979,0.1963025,-0.4824955,-0.02171738,0.002562485,-0.02342708,0.0415802,-0.07731628,0.9961243,0.0314063,0.002032837,-0.02287526,0.0314063,0.002032837,-0.02287526,0.05743408,-0.0524292,0.9969635,0.05743408,-0.0524292,0.9969635,4.417419,4.417419,True,True,True
1633887,63779589516912,-13.57474,2.611051,-0.04354811,0.01444053,0.8535035,0.1964704,-0.4824133,-0.02382456,0.002586639,-0.0234531,0.04139709,-0.07861328,0.9960327,0.03138571,0.001990311,-0.02262415,0.03138571,0.001990311,-0.02262415,0.06002808,-0.04745483,0.9970551,0.06002808,-0.04745483,0.9970551,4.488403,4.488403,True,True,True
1633895,63779589516912,-13.57474,2.611051,-0.04354811,0.01444053,0.8535035,0.1964704,-0.4824133,-0.02490013,0.00260463,-0.0234857,0.04142761,-0.07949829,0.9959717,0.03139571,0.002018311,-0.02259572,0.03139571,0.002018311,-0.02259572,0.06263733,-0.05992126,0.9962311,0.06263733,-0.05992126,0.9962311,4.475906,4.475906,True,True,True
1633904,63779589516923,-13.5749,2.611024,-0.04364258,0.01447872,0.8535081,0.1965125,-0.482387,-0.009967896,0.002571732,-0.0237518,0.02940369,-0.06846619,0.9972076,0.03138823,0.002004929,-0.02260165,0.03138823,0.002004929,-0.02260165,0.06060791,-0.05067444,0.9968719,0.06060791,-0.05067444,0.9968719,4.475342,4.475342,True,True,True
1633912,63779589516934,-13.57493,2.611,-0.04368979,0.01443259,0.8534547,0.1967114,-0.4824018,0.02706305,0.002069763,-0.02274338,0.05552673,-0.04989624,0.9972076,0.03138533,0.002005783,-0.02262129,0.03138533,0.002005783,-0.02262129,0.05834961,-0.04647827,0.9972076,0.05834961,-0.04647827,0.9972076,4.426514,4.426514,True,True,True
1633920,63779589516945,-13.57501,2.611009,-0.04369545,0.01441757,0.8535037,0.1966058,-0.4823585,0.03134099,0.002013474,-0.02263828,0.0531311,-0.05645752,0.9969788,0.03136594,0.002013031,-0.02263734,0.03136594,0.002013031,-0.02263734,0.05314636,-0.05644226,0.9969788,0.05314636,-0.05644226,0.9969788,4.490356,4.490356,True,True,True
1633929,63779589516945,-13.57501,2.611009,-0.04369545,0.01441757,0.8535037,0.1966058,-0.4823585,0.03133772,0.00204274,-0.0226841,0.05970764,-0.05006409,0.9969482,0.03133875,0.002042725,-0.02268407,0.03133875,0.002042725,-0.02268407,0.05970764,-0.05006409,0.9969482,0.05970764,-0.05006409,0.9969482,4.526474,4.526474,True,True,True
1633937,63779589516956,-13.57506,2.611009,-0.04373842,0.01450926,0.8536392,0.196372,-0.4822113,0.03136249,0.002127777,-0.02277977,0.05917358,-0.06062317,0.9963989,0.03136278,0.002127762,-0.02277977,0.03136278,0.002127762,-0.02277977,0.05917358,-0.06062317,0.9963989,0.05917358,-0.06062317,0.9963989,4.569199,4.569199,True,True,True
1633945,63779589516968,-13.57514,2.610998,-0.04383612,0.01469457,0.8537669,0.1960244,-0.482121,0.03140112,0.002592453,-0.02384836,0.04104614,-0.0539856,0.9976959,0.03141315,0.002592316,-0.02384818,0.03141315,0.002592316,-0.02384818,0.04104614,-0.0539856,0.9976959,0.04104614,-0.0539856,0.9976959,4.62442,4.62442,True,True,True
1633954,63779589516979,-13.5752,2.611016,-0.04388106,0.01481814,0.8539082,0.1956615,-0.4820144,0.03105586,0.002728134,-0.02364888,0.03027344,-0.05056763,0.9982605,0.03149724,0.002721146,-0.02363619,0.03149724,0.002721146,-0.02363619,0.03053284,-0.05046082,0.9982452,0.03053284,-0.05046082,0.9982452,4.449646,4.449646,True,True,True
1633962,63779589516979,-13.5752,2.611016,-0.04388106,0.01481814,0.8539082,0.1956615,-0.4820144,-0.001,-0.001,-0.001,1,-1,-1,0.03171497,0.002499008,-0.02083389,0.03171497,0.002499008,-0.02083389,0,0,0,0,0,0,-1,-1,False,True,True
1633970,63779589516990,-13.57528,2.611033,-0.04403281,0.01506075,0.8540842,0.1954032,-0.4817998,-0.001,-0.001,-0.001,1,-1,-1,0.03172505,0.003108643,-0.02374437,0.03172505,0.003108643,-0.02374437,0,0,0,0,0,0,-1,-1,False,True,True
1633979,63779589517001,-13.57533,2.611025,-0.04413795,0.01524718,0.8541468,0.1952221,-0.481756,-0.001,-0.001,-0.001,1,-1,-1,0.03192635,0.00310817,-0.02363118,0.03192635,0.00310817,-0.02363118,0,0,0,0,0,0,-1,-1,False,True,True
1633987,63779589517012,-13.57539,2.610996,-0.04417354,0.01537939,0.8542926,0.1950065,-0.4815809,-0.001,-0.001,-0.001,1,-1,-1,0.03199767,0.003024719,-0.0230392,0.03199767,0.003024719,-0.0230392,0,0,0,0,0,0,-1,-1,False,True,True
1633995,63779589517012,-13.57539,2.610996,-0.04417354,0.01537939,0.8542926,0.1950065,-0.4815809,-0.001,-0.001,-0.001,1,-1,-1,0.03191661,0.003090927,-0.02308017,0.03191661,0.003090927,-0.02308017,0,0,0,0,0,0,-1,-1,False,True,True
1634004,63779589517023,-13.57546,2.611004,-0.04424769,0.01550446,0.8543522,0.1948435,-0.4815371,-0.001,-0.001,-0.001,1,-1,-1,0.03259161,0.00302562,-0.0235345,0.03259161,0.00302562,-0.0235345,0,0,0,0,0,0,-1,-1,False,True,True
1634012,63779589517034,-13.57555,2.610997,-0.04429632,0.01553846,0.8544542,0.194619,-0.4814457,-0.001,-0.001,-0.001,1,-1,-1,0.03213428,0.003326447,-0.02300456,0.03213428,0.003326447,-0.02300456,0,0,0,0,0,0,-1,-1,False,True,True
1634020,63779589517045,-13.57561,2.611004,-0.04432565,0.01547713,0.8545709,0.1944034,-0.4813277,-0.001,-0.001,-0.001,1,-1,-1,0.03215022,0.003352371,-0.02299405,0.03215022,0.003352371,-0.02299405,0,0,0,0,0,0,-1,-1,False,True,True
1634029,63779589517045,-13.57561,2.611004,-0.04432565,0.01547713,0.8545709,0.1944034,-0.4813277,-0.001,-0.001,-0.001,1,-1,-1,0.03211992,0.003561417,-0.02310095,0.03211992,0.003561417,-0.02310095,0,0,0,0,0,0,-1,-1,False,True,True
1634037,63779589517057,-13.57567,2.610907,-0.04435259,0.01557054,0.8547504,0.1941374,-0.4811133,-0.001,-0.001,-0.001,1,-1,-1,0.03215531,0.003385651,-0.02313348,0.03215531,0.003385651,-0.02313348,0,0,0,0,0,0,-1,-1,False,True,True
1634045,63779589517067,-13.57576,2.610885,-0.04440027,0.01547889,0.8549074,0.1939412,-0.4809164,-0.001,-0.001,-0.001,1,-1,-1,0.03220867,0.003388367,-0.02319014,0.03220867,0.003388367,-0.02319014,0,0,0,0,0,0,-1,-1,False,True,True
1634054,63779589517078,-13.57583,2.610862,-0.0444442,0.01532969,0.8550442,0.193792,-0.4807379,0.03221729,0.003366135,-0.02317565,-0.114212,0.1816101,0.9767151,0.03221729,0.003366135,-0.02317565,0.03221729,0.003366135,-0.02317565,-0.114212,0.1816101,0.9766998,-0.114212,0.1816101,0.9766998,5.040512,5.040512,True,True,True
1634062,63779589517078,-13.57583,2.610862,-0.0444442,0.01532969,0.8550442,0.193792,-0.4807379,0.03219608,0.003332031,-0.02315334,-0.1028748,0.167511,0.980484,0.03219608,0.003332031,-0.02315334,0.03219608,0.003332031,-0.02315334,-0.1028748,0.167511,0.980484,-0.1028748,0.167511,0.980484,4.987289,4.987289,True,True,True
1634070,63779589517090,-13.57592,2.610832,-0.04451734,0.01525442,0.8552079,0.193554,-0.4805452,0.03224123,0.003217682,-0.02310953,-0.08830261,0.1254883,0.9881439,0.03224124,0.003217682,-0.02310953,0.03224124,0.003217682,-0.02310953,-0.08830261,0.1254883,0.9881439,-0.08830261,0.1254883,0.9881439,4.606415,4.606415,True,True,True
1634079,63779589517101,-13.57603,2.61081,-0.04453892,0.01504238,0.8553895,0.1933695,-0.4803029,0.03216115,0.003198593,-0.02314826,-0.09443665,0.162674,0.9821472,0.03222958,0.003197632,-0.02314688,0.03222958,0.003197632,-0.02314688,-0.09446716,0.1627808,0.9821167,-0.09446716,0.1627808,0.9821167,4.7742,4.7742,True,True,True
1634087,63779589517112,-13.57621,2.610782,-0.04460704,0.01478713,0.8555567,0.1931973,-0.4800823,0.02103021,0.003317825,-0.02335628,-0.09931946,0.1335449,0.9860382,0.03220992,0.003155365,-0.02313599,0.03220992,0.003155365,-0.02313599,-0.106369,0.143158,0.983963,-0.106369,0.143158,0.983963,4.625153,4.625153,True,True,True
1634095,63779589517112,-13.57621,2.610782,-0.04460704,0.01478713,0.8555567,0.1931973,-0.4800823,0.02363257,0.003259766,-0.02328948,-0.09109497,0.1250763,0.9879456,0.03221155,0.0031353,-0.02311809,0.03221155,0.0031353,-0.02311809,-0.09550476,0.1307526,0.9868011,-0.09550476,0.1307526,0.9868011,4.522568,4.522568,True,True,True
1634104,63779589517123,-13.57642,2.610797,-0.04458612,0.01447915,0.8557586,0.1929422,-0.4798343,0.02584407,0.003213364,-0.02325197,-0.08485413,0.1360168,0.9870605,0.0322159,0.003119629,-0.02312589,0.0322159,0.003119629,-0.02312589,-0.08795166,0.1411743,0.9860535,-0.08795166,0.1411743,0.9860535,4.558533,4.558533,True,True,True
1634112,63779589517134,-13.57652,2.610773,-0.04458839,0.01424332,0.8559911,0.1927821,-0.4794908,0.02913399,0.003127579,-0.02321404,-0.08399963,0.15242,0.984726,0.03224339,0.003073334,-0.02313275,0.03224339,0.003073334,-0.02313275,-0.08566284,0.1557465,0.9840698,-0.08566284,0.1557465,0.9840698,4.651047,4.651047,True,True,True
1634120,63779589517145,-13.57665,2.6107,-0.0446437,0.01385186,0.8562429,0.1925167,-0.4791593,0.03045166,0.003096756,-0.02317114,-0.08612061,0.1586609,0.9835663,0.03221491,0.003064179,-0.02312648,0.03221491,0.003064179,-0.02312648,-0.08706665,0.1613464,0.9830322,-0.08706665,0.1613464,0.9830322,4.720581,4.720581,True,True,True
1634129,63779589517145,-13.57665,2.6107,-0.0446437,0.01385186,0.8562429,0.1925167,-0.4791593,0.03197553,0.003053391,-0.02314092,-0.07589722,0.1645355,0.9834442,0.03222197,0.003048584,-0.02313263,0.03222197,0.003048584,-0.02313263,-0.07603455,0.1648865,0.9833679,-0.07603455,0.1648865,0.9833679,4.709732,4.709732,True,True,True
1634137,63779589517156,-13.57673,2.610689,-0.04468149,0.0136721,0.8565168,0.1923291,-0.47875,0.03218695,0.003045517,-0.02313149,-0.08122253,0.160614,0.9836578,0.03221852,0.003044876,-0.02313034,0.03221852,0.003044876,-0.02313034,-0.08125305,0.1606598,0.9836578,-0.08125305,0.1606598,0.9836578,4.646317,4.646317,True,True,True
1634145,63779589517168,-13.57686,2.610609,-0.04475546,0.01349121,0.8568009,0.192215,-0.4782924,0.03216582,0.003046005,-0.02313561,-0.08158875,0.1653595,0.9828491,0.03221063,0.003045258,-0.02313451,0.03221063,0.003045258,-0.02313451,-0.081604,0.1654205,0.9828339,-0.081604,0.1654205,0.9828339,4.682724,4.682724,True,True,True
1634154,63779589517178,-13.57694,2.610603,-0.04479241,0.01326551,0.8570527,0.1921452,-0.4778755,0.03218933,0.003041321,-0.02313066,-0.09057617,0.1589508,0.9831085,0.03219765,0.003041214,-0.02313055,0.03219765,0.003041214,-0.02313055,-0.09057617,0.1589661,0.9831085,-0.09057617,0.1589661,0.9831085,4.671249,4.671249,True,True,True
1634162,63779589517178,-13.57694,2.610603,-0.04479241,0.01326551,0.8570527,0.1921452,-0.4778755,0.03218744,0.003041138,-0.02313098,-0.08514404,0.1604004,0.9833679,0.0321891,0.003041123,-0.02313097,0.0321891,0.003041123,-0.02313097,-0.08514404,0.1604004,0.9833679,-0.08514404,0.1604004,0.9833679,4.630096,4.630096,True,True,True
1634170,63779589517189,-13.57701,2.610572,-0.04479516,0.01298205,0.85724,0.1921895,-0.4775293,0.03218365,0.003040512,-0.02312909,-0.08045959,0.1585388,0.9840546,0.03218404,0.003040512,-0.02312909,0.03218404,0.003040512,-0.02312909,-0.08045959,0.1585388,0.9840546,-0.08045959,0.1585388,0.9840546,4.639023,4.639023,True,True,True
1634179,63779589517201,-13.57707,2.610564,-0.04484057,0.01287761,0.8575009,0.1921673,-0.4770725,0.03217888,0.003039902,-0.02313005,-0.08267212,0.160141,0.9836121,0.03217897,0.003039902,-0.02313005,0.03217897,0.003039902,-0.02313005,-0.08267212,0.160141,0.9836121,-0.08267212,0.160141,0.9836121,4.651382,4.651382,True,True,True
1634187,63779589517211,-13.5771,2.610561,-0.04485905,0.0126912,0.8577803,0.1922721,-0.4765324,0.03216849,0.003043244,-0.0231257,-0.08540344,0.1576843,0.9837799,0.03216852,0.003043244,-0.0231257,0.03216852,0.003043244,-0.0231257,-0.08540344,0.1576843,0.9837799,-0.08540344,0.1576843,0.9837799,4.669373,4.669373,True,True,True
1634195,63779589517211,-13.5771,2.610561,-0.04485905,0.0126912,0.8577803,0.1922721,-0.4765324,0.03215392,0.003065109,-0.02312729,-0.08049011,0.1471558,0.9858246,0.03215393,0.003065109,-0.02312729,0.03215393,0.003065109,-0.02312729,-0.08049011,0.1471558,0.9858246,-0.08049011,0.1471558,0.9858246,4.72731,4.72731,True,True,True
1634204,63779589517222,-13.57704,2.61056,-0.04493505,0.01270671,0.857979,0.1923862,-0.4761283,0.03215349,0.003067383,-0.02312874,-0.0834198,0.1496887,0.985199,0.03215352,0.003067383,-0.02312874,0.03215352,0.003067383,-0.02312874,-0.0834198,0.1496887,0.985199,-0.0834198,0.1496887,0.985199,4.656815,4.656815,True,True,True
1634212,63779589517234,-13.57699,2.61062,-0.04503691,0.01282039,0.8583276,0.1923513,-0.4755105,0.03215047,0.00306546,-0.02313022,-0.08096313,0.1477814,0.9856873,0.03215311,0.003065414,-0.02313019,0.03215311,0.003065414,-0.02313019,-0.08096313,0.1477814,0.9856873,-0.08096313,0.1477814,0.9856873,4.666138,4.666138,True,True,True
1634220,63779589517245,-13.57698,2.610678,-0.0451659,0.01297025,0.8586183,0.1924129,-0.4749565,0.0305051,0.003089432,-0.02314833,-0.07948303,0.1451874,0.9861908,0.03215241,0.003066864,-0.02312874,0.03215241,0.003066864,-0.02312874,-0.07945251,0.1467438,0.9859619,-0.07945251,0.1467438,0.9859619,4.666733,4.666733,True,True,True
1634229,63779589517245,-13.57698,2.610678,-0.0451659,0.01297025,0.8586183,0.1924129,-0.4749565,0.01239009,0.003335602,-0.02336336,-0.07868958,0.128067,0.9886322,0.0321517,0.003065414,-0.02313019,0.0321517,0.003065414,-0.02313019,-0.07794189,0.1466827,0.9860992,-0.07794189,0.1466827,0.9860992,4.665161,4.665161,True,True,True
1634237,63779589517256,-13.57693,2.610767,-0.04525697,0.01340095,0.8589693,0.1922887,-0.4743599,0.01006427,0.00336702,-0.0233896,-0.07835388,0.1260223,0.9889221,0.03215241,0.003065262,-0.02313086,0.03215241,0.003065262,-0.02313086,-0.07746887,0.1467133,0.9861298,-0.07746887,0.1467133,0.9861298,4.663834,4.663834,True,True,True
1634245,63779589517267,-13.57692,2.610823,-0.04533517,0.01378053,0.8593208,0.1922174,-0.4737408,0.01740059,0.0032332,-0.02324104,-0.07403564,0.1359711,0.9879303,0.0321517,0.003065109,-0.02313019,0.0321517,0.003065109,-0.02313019,-0.07736206,0.1466522,0.986145,-0.07736206,0.1466522,0.986145,4.664993,4.664993,True,True,True
1634254,63779589517279,-13.57688,2.610867,-0.04540998,0.01419507,0.859626,0.1921054,-0.4732198,0.02515737,0.003130997,-0.02317896,-0.07264709,0.1447296,0.9867859,0.0321472,0.003049378,-0.0231295,0.0321472,0.003049378,-0.0231295,-0.07600403,0.1501312,0.985733,-0.07600403,0.1501312,0.985733,4.668793,4.668793,True,True,True
1634262,63779589517279,-13.57688,2.610867,-0.04540998,0.01419507,0.859626,0.1921054,-0.4732198,0.02899631,0.003070832,-0.02315022,-0.07313538,0.1509705,0.9858246,0.03214269,0.003033646,-0.0231288,0.03214269,0.003033646,-0.0231288,-0.07466125,0.1535797,0.9853058,-0.07466125,0.1535797,0.9853058,4.670029,4.670029,True,True,True
1634270,63779589517289,-13.57697,2.610877,-0.04548079,0.01458149,0.8598738,0.1919944,-0.4728029,0.03039411,0.003046845,-0.02313953,-0.07365417,0.1539459,0.985321,0.03213951,0.00302623,-0.02312805,0.03213951,0.00302623,-0.02312805,-0.0743866,0.155426,0.9850311,-0.0743866,0.155426,0.9850311,4.672882,4.672882,True,True,True
1634279,63779589517300,-13.57695,2.61091,-0.04554522,0.01494898,0.8600707,0.1919824,-0.472438,0.03074233,0.003039276,-0.02313678,-0.07354736,0.1550293,0.9851532,0.03213632,0.003022629,-0.02312729,0.03213632,0.003022629,-0.02312729,-0.07414246,0.1562347,0.9849243,-0.07414246,0.1562347,0.9849243,4.672119,4.672119,True,True,True
1634287,63779589517311,-13.57693,2.610883,-0.0455516,0.01516865,0.8602895,0.1917908,-0.4721103,0.03073799,0.003098938,-0.02315424,-0.06906128,0.1655273,0.9837799,0.03216791,0.003080368,-0.02313779,0.03216791,0.003080368,-0.02313779,-0.06912231,0.1669617,0.9835205,-0.06912231,0.1669617,0.9835205,4.697906,4.697906,True,True,True
1634295,63779589517311,-13.57693,2.610883,-0.0455516,0.01516865,0.8602895,0.1917908,-0.4721103,0.03129569,0.00321994,-0.023189,-0.09013367,0.186264,0.9783478,0.03223073,0.003207505,-0.02317609,0.03223073,0.003207505,-0.02317609,-0.09046936,0.1872864,0.9781189,-0.09046936,0.1872864,0.9781189,4.788193,4.788193,True,True,True
1634304,63779589517322,-13.57689,2.610919,-0.04562968,0.01534267,0.8604774,0.1918149,-0.4717525,0.03175063,0.003336624,-0.0232332,-0.1084442,0.2106628,0.9715118,0.03228241,0.003329254,-0.0232256,0.03228241,0.003329254,-0.0232256,-0.108902,0.2111511,0.9713593,-0.108902,0.2111511,0.9713593,4.874603,4.874603,True,True,True
1634312,63779589517334,-13.57687,2.610882,-0.04569846,0.01549175,0.8606385,0.1918404,-0.4714431,0.03212006,0.003465058,-0.02328711,-0.1115417,0.2337036,0.9658813,0.03240102,0.003461258,-0.02328308,0.03240102,0.003461258,-0.02328308,-0.1116333,0.2339478,0.9658051,-0.1116333,0.2339478,0.9658051,4.688095,4.688095,True,True,True
1634320,63779589517345,-13.57682,2.610873,-0.04573286,0.01560854,0.8608323,0.191672,-0.4711538,0.03231238,0.003511658,-0.02333083,-0.140274,0.2494049,0.9581757,0.03245931,0.003509583,-0.02332877,0.03245931,0.003509583,-0.02332877,-0.1403503,0.2495575,0.9581299,-0.1403503,0.2495575,0.9581299,4.774338,4.774338,True,True,True
1634329,63779589517345,-13.57682,2.610873,-0.04573286,0.01560854,0.8608323,0.191672,-0.4711538,0.03231049,0.003527771,-0.0233481,-0.1430969,0.2576752,0.9555664,0.03246776,0.003525543,-0.02334592,0.03246776,0.003525543,-0.02334592,-0.1431732,0.257843,0.9555054,-0.1431732,0.257843,0.9555054,4.843887,4.843887,True,True,True
1634337,63779589517356,-13.57679,2.610897,-0.04578793,0.0156059,0.8610112,0.1918312,-0.4707622,0.03221854,0.003515244,-0.02333472,-0.1331787,0.2502747,0.9589539,0.03247315,0.003511612,-0.02333115,0.03247315,0.003511612,-0.02333115,-0.1332703,0.2505188,0.9588776,-0.1332703,0.2505188,0.9588776,4.812805,4.812805,True,True,True
1634345,63779589517368,-13.57673,2.610895,-0.04578221,0.01581363,0.8612317,0.1918534,-0.4703426,0.03163394,0.00351558,-0.02334429,-0.1316376,0.2519684,0.958725,0.03246303,0.003503815,-0.02333261,0.03246303,0.003503815,-0.02333261,-0.132019,0.2527161,0.9584808,-0.132019,0.2527161,0.9584808,4.893158,4.893158,True,True,True
1634354,63779589517379,-13.57669,2.610908,-0.04578739,0.01587645,0.8614554,0.1918907,-0.4699154,0.02851566,0.003565491,-0.02340492,-0.1396484,0.2558289,0.9565735,0.03246221,0.003510132,-0.02335056,0.03246221,0.003510132,-0.02335056,-0.1421204,0.2598267,0.9551239,-0.1421204,0.2598267,0.9551239,4.734848,4.734848,True,True,True
1634362,63779589517379,-13.57669,2.610908,-0.04578739,0.01587645,0.8614554,0.1918907,-0.4699154,0.01586667,0.003741287,-0.02357735,-0.1277008,0.2420502,0.9618073,0.03246237,0.003508789,-0.02334798,0.03246237,0.003508789,-0.02334798,-0.1364746,0.2583618,0.9563446,-0.1364746,0.2583618,0.9563446,4.782974,4.782974,True,True,True
1634370,63779589517390,-13.57665,2.610898,-0.04583091,0.01592116,0.8617049,0.1919291,-0.4694406,0.01300966,0.003775666,-0.0236091,-0.1235504,0.2365112,0.9637299,0.03245548,0.00350203,-0.02333652,0.03245548,0.00350203,-0.02333652,-0.1319733,0.2543182,0.9580688,-0.1319733,0.2543182,0.9580688,4.799225,4.799225,True,True,True
1634379,63779589517402,-13.57655,2.610872,-0.04587376,0.01597245,0.8619462,0.191983,-0.4689735,0.008743683,0.00383783,-0.02366345,-0.1166229,0.2319489,0.9656982,0.03245519,0.003507889,-0.02332726,0.03245519,0.003507889,-0.02332726,-0.1226196,0.2521057,0.9598846,-0.1226196,0.2521057,0.9598846,4.837402,4.837402,True,True,True
1634387,63779589517411,-13.57648,2.610888,-0.04592347,0.01601005,0.8622019,0.1920327,-0.4684817,0.009393235,0.003828568,-0.02365535,-0.1189728,0.23349,0.9650421,0.03245281,0.003509613,-0.02332916,0.03245281,0.003509613,-0.02332916,-0.1259918,0.2536926,0.9590302,-0.1259918,0.2536926,0.9590302,4.851608,4.851608,True,True,True
1634395,63779589517411,-13.57648,2.610888,-0.04592347,0.01601005,0.8622019,0.1920327,-0.4684817,0.009350739,0.003828339,-0.02365503,-0.1178284,0.2322998,0.9654694,0.03245041,0.003510346,-0.02332776,0.03245041,0.003510346,-0.02332776,-0.1238251,0.2517395,0.9598236,-0.1238251,0.2517395,0.9598236,4.860764,4.860764,True,True,True
1634404,63779589517423,-13.57634,2.610941,-0.04595685,0.01591372,0.8625022,0.1921123,-0.4678991,0.009181458,0.003829987,-0.0236572,-0.1183167,0.2315216,0.9655914,0.03244976,0.003510834,-0.0233275,0.03244976,0.003510834,-0.0233275,-0.1251373,0.2502594,0.9600525,-0.1251373,0.2502594,0.9600525,4.852264,4.852264,True,True,True
1634412,63779589517434,-13.57623,2.610981,-0.04604298,0.01581485,0.8627788,0.1922334,-0.4673425,0.009293778,0.003827194,-0.02365567,-0.1183167,0.2311401,0.965683,0.03244908,0.003510346,-0.02332776,0.03244908,0.003510346,-0.02332776,-0.1255646,0.249115,0.9602966,-0.1255646,0.249115,0.9602966,4.843643,4.843643,True,True,True
1634420,63779589517445,-13.57617,2.611015,-0.04611927,0.01584642,0.8630611,0.1923636,-0.4667664,0.009190705,0.003826843,-0.02365707,-0.1186829,0.2301941,0.9658661,0.03244837,0.003509125,-0.0233279,0.03244837,0.003509125,-0.0233279,-0.1258545,0.2484894,0.9604187,-0.1258545,0.2484894,0.9604187,4.838837,4.838837,True,True,True
1634429,63779589517445,-13.57617,2.611015,-0.04611927,0.01584642,0.8630611,0.1923636,-0.4667664,0.009156937,0.003825546,-0.0236575,-0.118927,0.229187,0.9660797,0.03244765,0.003507889,-0.02332802,0.03244765,0.003507889,-0.02332802,-0.1259766,0.2478333,0.9605713,-0.1259766,0.2478333,0.9605713,4.834152,4.834152,True,True,True
1634437,63779589517456,-13.57611,2.61099,-0.04618073,0.01581104,0.8633838,0.1925718,-0.4660842,0.009534546,0.003819687,-0.02365196,-0.1186066,0.2297211,0.9659882,0.0324447,0.003507599,-0.02332807,0.0324447,0.003507599,-0.02332807,-0.1260834,0.2489319,0.9602661,-0.1260834,0.2489319,0.9602661,4.839493,4.839493,True,True,True
1634445,63779589517468,-13.57604,2.611011,-0.04628068,0.01584343,0.8637909,0.1928201,-0.4652255,0.01041626,0.003806992,-0.0236393,-0.1185303,0.2294769,0.9660645,0.03244176,0.003507294,-0.02332811,0.03244176,0.003507294,-0.02332811,-0.126236,0.2480316,0.9604797,-0.126236,0.2480316,0.9604797,4.834503,4.834503,True,True,True
1634454,63779589517478,-13.57591,2.611031,-0.04639524,0.01579919,0.8642043,0.1929248,-0.4644149,0.0103692,0.003805878,-0.02363985,-0.1180115,0.2296906,0.9660645,0.03244101,0.00350586,-0.02332823,0.03244101,0.00350586,-0.02332823,-0.1255035,0.247879,0.9606171,-0.1255035,0.247879,0.9606171,4.83844,4.83844,True,True,True
1634462,63779589517478,-13.57591,2.611031,-0.04639524,0.01579919,0.8642043,0.1929248,-0.4644149,0.01021841,0.003806168,-0.02364185,-0.1174774,0.2294769,0.9661865,0.03244025,0.003504425,-0.02332835,0.03244025,0.003504425,-0.02332835,-0.1248016,0.2476196,0.9607697,-0.1248016,0.2476196,0.9607697,4.833664,4.833664,True,True,True
1634470,63779589517489,-13.5758,2.611065,-0.0465157,0.01596925,0.8646766,0.1930277,-0.4634864,0.01013988,0.003804734,-0.02364351,-0.1163177,0.2295837,0.9663086,0.03243868,0.003501358,-0.02332971,0.03243868,0.003501358,-0.02332971,-0.1234436,0.2482605,0.9607849,-0.1234436,0.2482605,0.9607849,4.832779,4.832779,True,True,True
1634479,63779589517500,-13.57563,2.611108,-0.04662013,0.01618475,0.865126,0.1930906,-0.4626134,0.01013263,0.003801666,-0.0236434,-0.1156769,0.2297516,0.9663391,0.0324371,0.003498291,-0.02333107,0.0324371,0.003498291,-0.02333107,-0.1220703,0.2489319,0.9607849,-0.1220703,0.2489319,0.9607849,4.831573,4.831573,True,True,True
1634487,63779589517511,-13.57544,2.611183,-0.04672462,0.01632691,0.8655484,0.1931821,-0.4617793,0.0101507,0.003799225,-0.0236424,-0.1156311,0.2299805,0.9662933,0.0324348,0.003495743,-0.02333083,0.0324348,0.003495743,-0.02333083,-0.1216888,0.2490845,0.9608002,-0.1216888,0.2490845,0.9608002,4.824997,4.824997,True,True,True
1634495,63779589517511,-13.57544,2.611183,-0.04672462,0.01632691,0.8655484,0.1931821,-0.4617793,0.01021698,0.003796417,-0.02364041,-0.1161194,0.2294769,0.9663544,0.0324325,0.00349321,-0.0233306,0.0324325,0.00349321,-0.0233306,-0.1212921,0.2493134,0.9607849,-0.1212921,0.2493134,0.9607849,4.818405,4.818405,True,True,True
1634504,63779589517523,-13.57529,2.611238,-0.04684246,0.01647096,0.8659928,0.1933571,-0.4608668,0.01042021,0.003791413,-0.02363617,-0.113739,0.2292633,0.9666901,0.03242938,0.003490677,-0.0233306,0.03242938,0.003490677,-0.0233306,-0.1219482,0.248703,0.9608612,-0.1219482,0.248703,0.9608612,4.817917,4.817917,True,True,True
1634512,63779589517534,-13.57516,2.611294,-0.04697019,0.01663393,0.8664146,0.1935797,-0.4599738,0.01048956,0.003790161,-0.02363451,-0.1087952,0.2281036,0.9675293,0.03242818,0.003490631,-0.02333046,0.03242818,0.003490631,-0.02333046,-0.1150208,0.2472229,0.9620972,-0.1150208,0.2472229,0.9620972,4.81105,4.81105,True,True,True
1634520,63779589517545,-13.575,2.61135,-0.04709166,0.01686851,0.8667856,0.1937527,-0.459193,0.01071642,0.003769425,-0.02361475,-0.1159821,0.224762,0.9674835,0.03234262,0.003463867,-0.02330591,0.03234262,0.003463867,-0.02330591,-0.1257629,0.2423401,0.9619904,-0.1257629,0.2423401,0.9619904,4.829483,4.829483,True,True,True
1634529,63779589517545,-13.575,2.61135,-0.04709166,0.01686851,0.8667856,0.1937527,-0.459193,0.0107299,0.003768311,-0.02361939,-0.1159515,0.2305908,0.9661102,0.0323251,0.003463318,-0.02331522,0.0323251,0.003463318,-0.02331522,-0.1245575,0.2515106,0.9597931,-0.1245575,0.2515106,0.9597931,4.798187,4.798187,True,True,True
1634537,63779589517556,-13.57487,2.611407,-0.04720867,0.01720645,0.8671631,0.1939675,-0.4583761,0.01073631,0.003766464,-0.02360767,-0.110199,0.2228088,0.9685974,0.03232887,0.003460663,-0.02329906,0.03232887,0.003460663,-0.02329906,-0.1162262,0.2396088,0.9638824,-0.1162262,0.2396088,0.9638824,4.817612,4.817612,True,True,True
1634545,63779589517567,-13.57476,2.611382,-0.0473668,0.01758134,0.8675579,0.194131,-0.4575449,0.008975067,0.003791763,-0.02363301,-0.1083069,0.2228394,0.968811,0.03232437,0.003462174,-0.02330052,0.03232437,0.003462174,-0.02330052,-0.114624,0.2419586,0.9634857,-0.114624,0.2419586,0.9634857,4.779953,4.779953,True,True,True
1634554,63779589517578,-13.57462,2.611439,-0.04748094,0.01793583,0.8678802,0.1942186,-0.4568824,0.008725952,0.003787018,-0.02363063,-0.109314,0.2191315,0.9695435,0.03232878,0.003448807,-0.02329398,0.03232878,0.003448807,-0.02329398,-0.1181488,0.236084,0.9645081,-0.1181488,0.236084,0.9645081,4.683792,4.683792,True,True,True
1634562,63779589517578,-13.57462,2.611439,-0.04748094,0.01793583,0.8678802,0.1942186,-0.4568824,0.01097691,0.003755936,-0.0236129,-0.1230011,0.2252655,0.9664917,0.03241953,0.003459427,-0.02332405,0.03241953,0.003459427,-0.02332405,-0.1300049,0.2486267,0.9598236,-0.1300049,0.2486267,0.9598236,4.798203,4.798203,True,True,True
1634570,63779589517589,-13.5744,2.611394,-0.04753077,0.01817316,0.8682339,0.1943727,-0.456135,0.01153299,0.003738083,-0.02362326,-0.1386108,0.2240295,0.9646606,0.03250222,0.003439301,-0.02333975,0.03250222,0.003439301,-0.02333975,-0.1483917,0.2441864,0.9582977,-0.1483917,0.2441864,0.9582977,4.722443,4.722443,True,True,True
1634579,63779589517601,-13.57427,2.611446,-0.04760385,0.01850017,0.8686143,0.1943569,-0.4554034,0.008579087,0.003781937,-0.02367477,-0.1433258,0.2189789,0.9651337,0.03256621,0.003442352,-0.02336226,0.03256621,0.003442352,-0.02336226,-0.1630096,0.2459106,0.9554749,-0.1630096,0.2459106,0.9554749,4.776596,4.776596,True,True,True
1634587,63779589517612,-13.57413,2.611467,-0.04768407,0.01871628,0.868899,0.1945109,-0.4547853,0.008009888,0.003785996,-0.0236814,-0.1463623,0.2138367,0.9658356,0.03258312,0.003438812,-0.02336344,0.03258312,0.003438812,-0.02336344,-0.1687622,0.2411194,0.9557037,-0.1687622,0.2411194,0.9557037,4.717758,4.717758,True,True,True
1634595,63779589517612,-13.57413,2.611467,-0.04768407,0.01871628,0.868899,0.1945109,-0.4547853,0.007052353,0.003793976,-0.02369803,-0.1451416,0.2177429,0.9651489,0.03257704,0.003430313,-0.02336519,0.03257704,0.003430313,-0.02336519,-0.1604614,0.2463837,0.95578,-0.1604614,0.2463837,0.95578,4.697876,4.697876,True,True,True
1634604,63779589517623,-13.57399,2.611492,-0.04781461,0.01880568,0.8691727,0.1945751,-0.454231,0.006630143,0.003794418,-0.02370043,-0.1401825,0.2160645,0.9662476,0.03257338,0.003425751,-0.02336397,0.03257338,0.003425751,-0.02336397,-0.1582489,0.2451782,0.9564667,-0.1582489,0.2451782,0.9564667,4.720062,4.720062,True,True,True
1634612,63779589517634,-13.57391,2.61153,-0.04787195,0.01892342,0.8694916,0.1944997,-0.4536476,0.00647081,0.003794418,-0.02370168,-0.1413727,0.2156982,0.966156,0.03256973,0.003421631,-0.02336275,0.03256973,0.003421631,-0.02336275,-0.1597748,0.2447357,0.9563293,-0.1597748,0.2447357,0.9563293,4.744324,4.744324,True,True,True
1634620,63779589517645,-13.57367,2.611524,-0.04796553,0.01909852,0.8697789,0.1942911,-0.4531786,0.007036072,0.003786255,-0.02369264,-0.1433868,0.2161102,0.9657745,0.03255591,0.003421585,-0.02335973,0.03255591,0.003421585,-0.02335973,-0.1616669,0.2440033,0.956192,-0.1616669,0.2440033,0.956192,4.720444,4.720444,True,True,True
1634629,63779589517645,-13.57367,2.611524,-0.04796553,0.01909852,0.8697789,0.1942911,-0.4531786,0.007903031,0.003773819,-0.02367957,-0.1460571,0.2176208,0.9650269,0.0325421,0.003421555,-0.02335672,0.0325421,0.003421555,-0.02335672,-0.1647644,0.2441864,0.9556122,-0.1647644,0.2441864,0.9556122,4.69809,4.69809,True,True,True
1634637,63779589517656,-13.57355,2.611516,-0.04803574,0.01910797,0.8700603,0.1941492,-0.4526987,0.009366699,0.003752243,-0.02366313,-0.1479645,0.221283,0.963913,0.03254085,0.003421372,-0.02335658,0.03254085,0.003421372,-0.02335658,-0.1644745,0.2438507,0.9557495,-0.1644745,0.2438507,0.9557495,4.708572,4.708572,True,True,True
1634645,63779589517668,-13.57342,2.611555,-0.04809809,0.0191288,0.8703238,0.1939122,-0.4522927,0.009960023,0.003743485,-0.02365502,-0.1492157,0.2218628,0.9635773,0.03253961,0.003421555,-0.02335645,0.03253961,0.003421555,-0.02335645,-0.1649475,0.2441406,0.9555969,-0.1649475,0.2441406,0.9555969,4.697952,4.697952,True,True,True
1634654,63779589517678,-13.57335,2.611572,-0.04817474,0.01910542,0.8706142,0.1937696,-0.4517957,0.01021358,0.003739487,-0.02365157,-0.1498108,0.2227783,0.9632874,0.03253789,0.003421585,-0.02335658,0.03253789,0.003421585,-0.02335658,-0.1650696,0.2454681,0.9552307,-0.1650696,0.2454681,0.9552307,4.692139,4.692139,True,True,True
1634662,63779589517678,-13.57335,2.611572,-0.04817474,0.01910542,0.8706142,0.1937696,-0.4517957,0.01023349,0.003738663,-0.02365128,-0.1502686,0.2221527,0.9633484,0.03253616,0.003421631,-0.02335645,0.03253616,0.003421631,-0.02335645,-0.1651611,0.2441406,0.9555664,-0.1651611,0.2441406,0.9555664,4.692413,4.692413,True,True,True
1634670,63779589517689,-13.57325,2.611549,-0.04814732,0.01898526,0.8708068,0.1937354,-0.4514439,0.01020549,0.003739563,-0.0236516,-0.1507416,0.2226257,0.9631653,0.03253474,0.003423401,-0.02335658,0.03253474,0.003423401,-0.02335658,-0.1654816,0.2449799,0.9552917,-0.1654816,0.2449799,0.9552917,4.689728,4.689728,True,True,True
1634679,63779589517701,-13.57322,2.611531,-0.04821074,0.01881804,0.8710037,0.1936267,-0.4511176,0.009993149,0.003743317,-0.0236543,-0.1509247,0.2229614,0.9630585,0.03253333,0.003425171,-0.02335672,0.03253333,0.003425171,-0.02335672,-0.165802,0.2458344,0.9550171,-0.165802,0.2458344,0.9550171,4.686035,4.686035,True,True,True
1634687,63779589517712,-13.57317,2.611524,-0.04825497,0.01849128,0.8711789,0.1933355,-0.4509178,0.009888017,0.003745865,-0.02365578,-0.1508484,0.2225342,0.9631805,0.03253102,0.003426819,-0.02335718,0.03253102,0.003426819,-0.02335718,-0.1655579,0.2453156,0.9552002,-0.1655579,0.2453156,0.9552002,4.677872,4.677872,True,True,True
1634695,63779589517712,-13.57317,2.611524,-0.04825497,0.01849128,0.8711789,0.1933355,-0.4509178,0.009800583,0.003748154,-0.02365717,-0.1502228,0.2222595,0.9633331,0.03252872,0.003428467,-0.02335764,0.03252872,0.003428467,-0.02335764,-0.1653137,0.2449036,0.9553375,-0.1653137,0.2449036,0.9553375,4.669815,4.669815,True,True,True
1634704,63779589517723,-13.57323,2.611413,-0.04834795,0.01817363,0.8713791,0.1931354,-0.4506295,0.009798523,0.00374881,-0.0236572,-0.1490936,0.2223358,0.9634857,0.03252738,0.003429398,-0.02335768,0.03252738,0.003429398,-0.02335768,-0.1641541,0.2449646,0.9555206,-0.1641541,0.2449646,0.9555206,4.657181,4.657181,True,True,True
1634712,63779589517733,-13.57322,2.611391,-0.04838759,0.01778402,0.8715651,0.1929806,-0.4503516,0.009915116,0.003747727,-0.02365556,-0.1481476,0.2225189,0.9635925,0.03252605,0.003430313,-0.02335771,0.03252605,0.003430313,-0.02335771,-0.1630096,0.2449799,0.955719,-0.1630096,0.2449799,0.955719,4.644669,4.644669,True,True,True
1634720,63779589517745,-13.57329,2.611294,-0.04843014,0.01731642,0.8717389,0.1928337,-0.4500962,0.01004129,0.003745957,-0.02365372,-0.1450348,0.2225647,0.9640656,0.03252336,0.003430329,-0.02335764,0.03252336,0.003430329,-0.02335764,-0.156723,0.2446747,0.9568481,-0.156723,0.2446747,0.9568481,4.625443,4.625443,True,True,True
1634729,63779589517745,-13.57329,2.611294,-0.04843014,0.01731642,0.8717389,0.1928337,-0.4500962,0.010257,0.003743302,-0.02364999,-0.1441803,0.2227173,0.9641571,0.03252017,0.003430542,-0.02335672,0.03252017,0.003430542,-0.02335672,-0.1556549,0.2447815,0.9569855,-0.1556549,0.2447815,0.9569855,4.614273,4.614273,True,True,True
1634737,63779589517756,-13.57327,2.611249,-0.04849076,0.01687387,0.8718907,0.1927442,-0.4498572,0.01042644,0.003741684,-0.02364728,-0.1437073,0.2229004,0.9641876,0.03251683,0.003431366,-0.02335645,0.03251683,0.003431366,-0.02335645,-0.1552582,0.2449799,0.9570007,-0.1552582,0.2449799,0.9570007,4.614548,4.614548,True,True,True
1634745,63779589517767,-13.57327,2.611236,-0.04847902,0.01662581,0.8720713,0.1927063,-0.4495326,0.01047044,0.003741303,-0.02364733,-0.1418152,0.2229919,0.9644318,0.03251683,0.003431366,-0.02335764,0.03251683,0.003431366,-0.02335764,-0.1522522,0.2450104,0.9574738,-0.1522522,0.2450104,0.9574738,4.613541,4.613541,True,True,True
1634754,63779589517778,-13.5732,2.611224,-0.04853773,0.01645137,0.8721588,0.1926256,-0.4494039,0.01060219,0.003739685,-0.02364552,-0.1404724,0.2231598,0.9645996,0.03251683,0.003431366,-0.02335771,0.03251683,0.003431366,-0.02335771,-0.1500702,0.2450867,0.9578094,-0.1500702,0.2450867,0.9578094,4.610275,4.610275,True,True,True
1634762,63779589517778,-13.5732,2.611224,-0.04853773,0.01645137,0.8721588,0.1926256,-0.4494039,0.0104751,0.003741455,-0.02364703,-0.1399994,0.2246704,0.9643097,0.03251619,0.003431366,-0.02335803,0.03251619,0.003431366,-0.02335803,-0.1496582,0.2456665,0.9577179,-0.1496582,0.2456665,0.9577179,4.610397,4.610397,True,True,True
1634770,63779589517789,-13.57317,2.611264,-0.04853636,0.01632088,0.8722733,0.1927053,-0.4491519,0.010491,0.003741974,-0.02364734,-0.1400299,0.2249298,0.9642487,0.03251425,0.003432648,-0.02335921,0.03251425,0.003432648,-0.02335921,-0.1497803,0.2458344,0.9576569,-0.1497803,0.2458344,0.9576569,4.61348,4.61348,True,True,True
1634779,63779589517800,-13.57315,2.611259,-0.04855645,0.0164026,0.8723474,0.1928616,-0.448938,0.01037047,0.003744827,-0.02364894,-0.1369476,0.2254791,0.9645691,0.03251276,0.003432648,-0.02335953,0.03251276,0.003432648,-0.02335953,-0.1465302,0.246582,0.9579773,-0.1465302,0.246582,0.9579773,4.616211,4.616211,True,True,True
1634787,63779589517811,-13.57311,2.611319,-0.04852659,0.01647683,0.8723939,0.1929454,-0.4488088,0.01039804,0.003745606,-0.02364798,-0.136261,0.2252502,0.9647217,0.03251261,0.003432785,-0.02335953,0.03251261,0.003432785,-0.02335953,-0.1452637,0.2467346,0.9581299,-0.1452637,0.2467346,0.9581299,4.615875,4.615875,True,True,True
1634795,63779589517811,-13.57311,2.611319,-0.04852659,0.01647683,0.8723939,0.1929454,-0.4488088,0.01041902,0.003747788,-0.02364766,-0.1365356,0.2250061,0.9647369,0.03251146,0.00343396,-0.02335953,0.03251146,0.00343396,-0.02335953,-0.1450043,0.2463684,0.958252,-0.1450043,0.2463684,0.958252,4.615692,4.615692,True,True,True
1634804,63779589517823,-13.573,2.611288,-0.04848313,0.01660492,0.8724166,0.193216,-0.4486437,0.01032047,0.003752655,-0.02364873,-0.1364441,0.224411,0.9648895,0.03251001,0.003436127,-0.02335921,0.03251001,0.003436127,-0.02335921,-0.1454315,0.245697,0.9583588,-0.1454315,0.245697,0.9583588,4.609344,4.609344,True,True,True
1634812,63779589517834,-13.573,2.611313,-0.04849124,0.01664767,0.8724854,0.1933786,-0.4484382,0.01032239,0.003752915,-0.02364855,-0.1366882,0.2247772,0.9647675,0.03250958,0.003436173,-0.023359,0.03250958,0.003436173,-0.023359,-0.1452942,0.2454224,0.9584503,-0.1452942,0.2454224,0.9584503,4.585526,4.585526,True,True,True
1634820,63779589517845,-13.57293,2.611282,-0.0485121,0.01674488,0.8724442,0.1937616,-0.4483492,0.01034506,0.003754532,-0.02364822,-0.1365509,0.2244415,0.964859,0.03250899,0.003438004,-0.023359,0.03250899,0.003438004,-0.023359,-0.1451111,0.2451477,0.9585571,-0.1451111,0.2451477,0.9585571,4.598328,4.598328,True,True,True
1634829,63779589517845,-13.57293,2.611282,-0.0485121,0.01674488,0.8724442,0.1937616,-0.4483492,0.01032256,0.003755997,-0.0236485,-0.135498,0.2245483,0.9649811,0.03250862,0.003439911,-0.023359,0.03250862,0.003439911,-0.023359,-0.1445618,0.2445374,0.958786,-0.1445618,0.2445374,0.958786,4.597549,4.597549,True,True,True
1634837,63779589517856,-13.57297,2.611334,-0.04848027,0.01697532,0.8724342,0.1941524,-0.448191,0.01035996,0.003754776,-0.02364852,-0.135849,0.2248077,0.9648743,0.03250847,0.003438843,-0.02335985,0.03250847,0.003438843,-0.02335985,-0.1442719,0.2448883,0.9587555,-0.1442719,0.2448883,0.9587555,4.597778,4.597778,True,True,True
1634845,63779589517867,-13.57292,2.61137,-0.04847634,0.01714255,0.872385,0.1946621,-0.4480595,0.01034483,0.00375444,-0.02364868,-0.1333771,0.224884,0.96521,0.03250847,0.003438004,-0.02335985,0.03250847,0.003438004,-0.02335985,-0.1397247,0.2450409,0.9593811,-0.1397247,0.2450409,0.9593811,4.601685,4.601685,True,True,True
1634854,63779589517878,-13.57282,2.61146,-0.04844034,0.01726205,0.8723271,0.195152,-0.4479544,0.01033217,0.003753571,-0.02364884,-0.1320648,0.2246399,0.9654388,0.03250847,0.003436325,-0.02335985,0.03250847,0.003436325,-0.02335985,-0.1383514,0.2454834,0.9594727,-0.1383514,0.2454834,0.9594727,4.612808,4.612808,True,True,True
1634862,63779589517878,-13.57282,2.61146,-0.04844034,0.01726205,0.8723271,0.195152,-0.4479544,0.01030928,0.003753754,-0.02364951,-0.1313782,0.2246399,0.9655304,0.03250847,0.003436127,-0.02336012,0.03250847,0.003436127,-0.02336012,-0.1378174,0.2454834,0.959549,-0.1378174,0.2454834,0.959549,4.606171,4.606171,True,True,True
1634870,63779589517889,-13.57282,2.61151,-0.04845369,0.01755826,0.8722734,0.1959491,-0.4476994,0.0103192,0.003753571,-0.02364952,-0.1309662,0.2238617,0.9657745,0.03250847,0.003436127,-0.02336012,0.03250847,0.003436127,-0.02336012,-0.1378326,0.2447205,0.9597321,-0.1378326,0.2447205,0.9597321,4.600632,4.600632,True,True,True
1634879,63779589517900,-13.57273,2.611641,-0.04845059,0.01778371,0.872189,0.196767,-0.4474962,0.01063269,0.003685181,-0.02365146,-0.1455841,0.221756,0.9641571,0.03256763,0.003361221,-0.02336849,0.03256763,0.003361221,-0.02336849,-0.1551514,0.245224,0.956955,-0.1551514,0.245224,0.956955,4.431747,4.431747,True,True,True
1634887,63779589517911,-13.57259,2.611765,-0.04847658,0.01814251,0.8721873,0.1976464,-0.4470975,0.01082517,0.003622101,-0.02365697,-0.1526031,0.2132111,0.9649963,0.03270531,0.003299378,-0.02337691,0.03270531,0.003299378,-0.02337691,-0.1659393,0.236908,0.9572449,-0.1659393,0.236908,0.9572449,4.581619,4.581619,True,True,True
1634895,63779589517911,-13.57259,2.611765,-0.04847658,0.01814251,0.8721873,0.1976464,-0.4470975,0.01101001,0.003570801,-0.0236568,-0.1741943,0.1962128,0.9649506,0.03279364,0.003257553,-0.02336656,0.03279364,0.003257553,-0.02336656,-0.1895599,0.2111511,0.9588928,-0.1895599,0.2111511,0.9588928,4.48436,4.48436,True,True,True
1634904,63779589517922,-13.57249,2.611931,-0.04846907,0.01845841,0.8722033,0.1986307,-0.446617,0.0109613,0.003523499,-0.0236584,-0.1827087,0.1921387,0.9642029,0.03278641,0.003195114,-0.0233741,0.03278641,0.003195114,-0.0233741,-0.2038574,0.2127838,0.9555817,-0.2038574,0.2127838,0.9555817,4.437637,4.437637,True,True,True
1634912,63779589517934,-13.57241,2.612071,-0.0484935,0.01890635,0.8722205,0.199626,-0.4461204,0.01102898,0.003503891,-0.02365694,-0.1881714,0.190918,0.9633942,0.0327912,0.003173126,-0.02337261,0.0327912,0.003173126,-0.02337261,-0.204834,0.21138,0.9556885,-0.204834,0.21138,0.9556885,4.521683,4.521683,True,True,True
1634920,63779589517945,-13.57229,2.612137,-0.04849404,0.01938501,0.8722798,0.2008146,-0.44545,0.01099492,0.003499069,-0.02365532,-0.1863251,0.1916962,0.9635925,0.03279135,0.003167999,-0.02337392,0.03279135,0.003167999,-0.02337392,-0.2063599,0.2129822,0.9550018,-0.2063599,0.2129822,0.9550018,4.63176,4.63176,True,True,True
1634929,63779589517945,-13.57229,2.612137,-0.04849404,0.01938501,0.8722798,0.2008146,-0.44545,0.01078893,0.003498429,-0.02365862,-0.1861725,0.1924896,0.9634705,0.03279013,0.003162491,-0.0233756,0.03279013,0.003162491,-0.0233756,-0.2060852,0.2147675,0.9546661,-0.2060852,0.2147675,0.9546661,4.629379,4.629379,True,True,True
1634937,63779589517956,-13.57218,2.612262,-0.04846805,0.01983345,0.8723612,0.2017402,-0.4448521,0.01069769,0.003496079,-0.02366042,-0.1861267,0.1931458,0.9633484,0.0327889,0.003156983,-0.02337729,0.0327889,0.003156983,-0.02337729,-0.2058105,0.2162018,0.9543915,-0.2058105,0.2162018,0.9543915,4.627029,4.627029,True,True,True
1634945,63779589517967,-13.57208,2.61243,-0.04842645,0.02018349,0.872436,0.2027373,-0.4442359,0.01063348,0.003490418,-0.02365785,-0.1831665,0.1899567,0.9645538,0.0327874,0.003152954,-0.0233756,0.0327874,0.003152954,-0.0233756,-0.2028198,0.2127686,0.9558105,-0.2028198,0.2127686,0.9558105,4.604111,4.604111,True,True,True
1634954,63779589517978,-13.57196,2.612511,-0.0484212,0.02064159,0.8725251,0.2038619,-0.4435248,0.01083495,0.003482422,-0.02365598,-0.1846008,0.1885376,0.9645538,0.0327859,0.003148926,-0.02337392,0.0327859,0.003148926,-0.02337392,-0.1998291,0.2092896,0.9572144,-0.1998291,0.2092896,0.9572144,4.581772,4.581772,True,True,True
1634962,63779589517978,-13.57196,2.612511,-0.0484212,0.02064159,0.8725251,0.2038619,-0.4435248,0.01104587,0.003472961,-0.02364717,-0.1757965,0.1834869,0.9671631,0.03278412,0.003146439,-0.0233739,0.03278412,0.003146439,-0.0233739,-0.199585,0.20784,0.9575806,-0.199585,0.20784,0.9575806,4.554352,4.554352,True,True,True
1634970,63779589517989,-13.57179,2.612646,-0.04835016,0.02097707,0.8726351,0.2048557,-0.4428342,0.01121065,0.003466828,-0.02364687,-0.1770325,0.1847839,0.9666901,0.03278232,0.003143936,-0.02337387,0.03278232,0.003143936,-0.02337387,-0.1993103,0.2064819,0.9579315,-0.1993103,0.2064819,0.9579315,4.544052,4.544052,True,True,True
1634979,63779589518001,-13.57167,2.612757,-0.04836172,0.02136702,0.8728371,0.2059595,-0.4419044,0.01121315,0.003462952,-0.02364504,-0.1756287,0.1835175,0.9671936,0.03278197,0.003141571,-0.02337087,0.03278197,0.003141571,-0.02337087,-0.1979065,0.2049255,0.9585571,-0.1979065,0.2049255,0.9585571,4.533936,4.533936,True,True,True
1634987,63779589518011,-13.57152,2.612887,-0.0483554,0.02173109,0.873071,0.2069407,-0.4409653,0.01129106,0.003457962,-0.023642,-0.1742706,0.1824493,0.9676361,0.0327816,0.003139206,-0.02336786,0.0327816,0.003139206,-0.02336786,-0.1964569,0.2036133,0.9591217,-0.1964569,0.2036133,0.9591217,4.540543,4.540543,True,True,True
1634995,63779589518011,-13.57152,2.612887,-0.0483554,0.02173109,0.873071,0.2069407,-0.4409653,0.01124487,0.003447663,-0.02364153,-0.1754913,0.1824951,0.9674072,0.03278043,0.003136017,-0.02336714,0.03278043,0.003136017,-0.02336714,-0.1963501,0.2020569,0.9594727,-0.1963501,0.2020569,0.9594727,4.531082,4.531082,True,True,True
1635004,63779589518022,-13.57133,2.612933,-0.04836029,0.02206578,0.8733509,0.2078691,-0.4399567,0.01126003,0.003439056,-0.02363942,-0.1738739,0.1816254,0.967865,0.03277925,0.003132843,-0.02336644,0.03277925,0.003132843,-0.02336644,-0.1962585,0.2004852,0.9598236,-0.1962585,0.2004852,0.9598236,4.521271,4.521271,True,True,True
1635012,63779589518034,-13.57116,2.612962,-0.04838318,0.02239027,0.8736944,0.2085961,-0.4389129,0.0109855,0.003436127,-0.02364223,-0.1739502,0.1813812,0.9678955,0.03277776,0.003130615,-0.0233658,0.03277776,0.003130615,-0.0233658,-0.1957397,0.197998,0.9604492,-0.1957397,0.197998,0.9604492,4.527603,4.527603,True,True,True
1635020,63779589518044,-13.57098,2.613037,-0.04839242,0.02270512,0.8740607,0.2090317,-0.437959,0.01070796,0.003434189,-0.02363892,-0.1746521,0.1752319,0.9689026,0.03277626,0.003128387,-0.02336516,0.03277626,0.003128387,-0.02336516,-0.1952362,0.1954041,0.9610748,-0.1952362,0.1954041,0.9610748,4.533447,4.533447,True,True,True
1635029,63779589518044,-13.57098,2.613037,-0.04839242,0.02270512,0.8740607,0.2090317,-0.437959,0.01098756,0.00342746,-0.02363286,-0.1745605,0.1743927,0.9690704,0.03277515,0.003126313,-0.02336401,0.03277515,0.003126313,-0.02336401,-0.195343,0.1941071,0.961319,-0.195343,0.1941071,0.961319,4.545944,4.545944,True,True,True
1635037,63779589518056,-13.57086,2.613095,-0.04841793,0.02283506,0.8744659,0.2094855,-0.4369254,0.01143308,0.003417664,-0.02362454,-0.1746521,0.1718903,0.9694977,0.03277403,0.003124222,-0.02336287,0.03277403,0.003124222,-0.02336287,-0.1954498,0.1928558,0.9615631,-0.1954498,0.1928558,0.9615631,4.559021,4.559021,True,True,True
1635045,63779589518067,-13.57069,2.61311,-0.04845738,0.02288396,0.8748597,0.2096513,-0.436054,0.01187778,0.003405167,-0.02361755,-0.173233,0.168457,0.9703522,0.03277298,0.00311705,-0.02336171,0.03277298,0.00311705,-0.02336171,-0.1946564,0.1888733,0.9625092,-0.1946564,0.1888733,0.9625092,4.555496,4.555496,True,True,True
1635054,63779589518078,-13.57052,2.613127,-0.04852831,0.0228994,0.8753343,0.2097599,-0.4350474,0.01209238,0.003396057,-0.02361351,-0.1713104,0.1681213,0.9707489,0.03277294,0.003110275,-0.0233607,0.03277294,0.003110275,-0.0233607,-0.1917267,0.189743,0.9629211,-0.1917267,0.189743,0.9629211,4.527588,4.527588,True,True,True
1635062,63779589518078,-13.57052,2.613127,-0.04852831,0.0228994,0.8753343,0.2097599,-0.4350474,0.0108461,0.003384766,-0.02358882,-0.1678314,0.1522369,0.9739838,0.03272742,0.003068329,-0.02329579,0.03272742,0.003068329,-0.02329579,-0.1861572,0.1646271,0.9686127,-0.1861572,0.1646271,0.9686127,4.532242,4.532242,True,True,True
1635070,63779589518090,-13.57036,2.613112,-0.04857481,0.0227296,0.8758115,0.2097915,-0.4340798,0.008298783,0.003416947,-0.02361896,-0.1601715,0.1502838,0.9755707,0.03271722,0.003064408,-0.02328761,0.03271722,0.003064408,-0.02328761,-0.1771393,0.1637268,0.970459,-0.1771393,0.1637268,0.970459,4.547165,4.547165,True,True,True
1635079,63779589518101,-13.57025,2.613128,-0.04864359,0.02258461,0.876236,0.2097716,-0.4332392,0.006271576,0.003444977,-0.02364743,-0.1565704,0.1520233,0.9758911,0.03270937,0.00306424,-0.02328913,0.03270937,0.00306424,-0.02328913,-0.1729126,0.1688385,0.9703522,-0.1729126,0.1688385,0.9703522,4.56723,4.56723,True,True,True
1635087,63779589518111,-13.57014,2.613136,-0.04865676,0.02242945,0.8766848,0.2096272,-0.4324085,0.00477887,0.003462174,-0.02366318,-0.1527557,0.1448059,0.9775848,0.03270151,0.003064087,-0.02328761,0.03270151,0.003064087,-0.02328761,-0.1686707,0.1643982,0.9718475,-0.1686707,0.1643982,0.9718475,4.580307,4.580307,True,True,True
1635095,63779589518111,-13.57014,2.613136,-0.04865676,0.02242945,0.8766848,0.2096272,-0.4324085,0.003884201,0.003475266,-0.02367931,-0.1594238,0.145752,0.9763794,0.03269358,0.003063233,-0.02328546,0.03269358,0.003063233,-0.02328546,-0.1696014,0.1643829,0.9716949,-0.1696014,0.1643829,0.9716949,4.5867,4.5867,True,True,True
1635104,63779589518122,-13.57007,2.613116,-0.04869294,0.0221446,0.8770639,0.2094338,-0.4317478,0.004079743,0.003471787,-0.02367464,-0.1555786,0.1446075,0.9771729,0.03268563,0.003064087,-0.0232833,0.03268563,0.003064087,-0.0232833,-0.1705475,0.1642914,0.9715424,-0.1705475,0.1642914,0.9715424,4.581314,4.581314,True,True,True
1635112,63779589518134,-13.57003,2.613107,-0.04880661,0.02191363,0.8773762,0.2092659,-0.431206,0.00512793,0.00345575,-0.02366069,-0.1575623,0.1475983,0.9764099,0.03268092,0.00306424,-0.02328325,0.03268092,0.00306424,-0.02328325,-0.1706848,0.1649017,0.9714203,-0.1706848,0.1649017,0.9714203,4.587708,4.587708,True,True,True
1635120,63779589518144,-13.56999,2.613045,-0.0488348,0.0214824,0.8777318,0.2090337,-0.4306163,0.006822663,0.003430649,-0.02363785,-0.159729,0.1507721,0.9755707,0.03267622,0.003064408,-0.02328322,0.03267622,0.003064408,-0.02328322,-0.1708527,0.165451,0.9712982,-0.1708527,0.165451,0.9712982,4.582535,4.582535,True,True,True
1635129,63779589518144,-13.56999,2.613045,-0.0488348,0.0214824,0.8777318,0.2090337,-0.4306163,0.00870723,0.003403534,-0.02361162,-0.1609802,0.1512451,0.975296,0.03267062,0.003064545,-0.02328296,0.03267062,0.003064545,-0.02328296,-0.1717834,0.1652222,0.9711761,-0.1717834,0.1652222,0.9711761,4.588593,4.588593,True,True,True
1635137,63779589518156,-13.56996,2.613045,-0.04883552,0.02107574,0.8779954,0.2087958,-0.4302141,0.01022456,0.003381668,-0.02359044,-0.1622009,0.1519623,0.9749756,0.03266501,0.003064667,-0.02328272,0.03266501,0.003064667,-0.02328272,-0.1727448,0.1654816,0.9709473,-0.1727448,0.1654816,0.9709473,4.586014,4.586014,True,True,True
1635145,63779589518168,-13.57002,2.613017,-0.04885364,0.02070631,0.8782393,0.2086731,-0.4297935,0.01041849,0.003379425,-0.02358748,-0.1625061,0.151947,0.9749298,0.03266072,0.00306546,-0.02328272,0.03266072,0.00306546,-0.02328272,-0.1730042,0.164978,0.970993,-0.1730042,0.164978,0.970993,4.59021,4.59021,True,True,True
1635154,63779589518179,-13.5701,2.612903,-0.04887336,0.02029253,0.8783728,0.2085864,-0.4295824,0.01059799,0.003377396,-0.02358473,-0.162735,0.1519775,0.974884,0.03265643,0.003066254,-0.0232827,0.03265643,0.003066254,-0.0232827,-0.1732941,0.1650696,0.970932,-0.1732941,0.1650696,0.970932,4.585922,4.585922,True,True,True
1635162,63779589518179,-13.5701,2.612903,-0.04887336,0.02029253,0.8783728,0.2085864,-0.4295824,0.01059789,0.003378342,-0.02358421,-0.1618347,0.1516113,0.9750977,0.03265251,0.003067673,-0.0232825,0.03265251,0.003067673,-0.0232825,-0.1735992,0.1650391,0.9708862,-0.1735992,0.1650391,0.9708862,4.590439,4.590439,True,True,True
1635170,63779589518190,-13.57018,2.612863,-0.04886895,0.01995046,0.878544,0.2083745,-0.4293512,0.01069351,0.003377716,-0.0235824,-0.1609802,0.1513519,0.9752655,0.03264861,0.003069092,-0.0232823,0.03264861,0.003069092,-0.0232823,-0.1739349,0.1649475,0.9708405,-0.1739349,0.1649475,0.9708405,4.585922,4.585922,True,True,True
1635179,63779589518201,-13.57022,2.612763,-0.04891002,0.0195641,0.8787466,0.2080117,-0.4291303,0.01059877,0.003379257,-0.02358365,-0.1607971,0.1519623,0.9752045,0.03264592,0.00306929,-0.02328229,0.03264592,0.00306929,-0.02328229,-0.173584,0.1656189,0.9707794,-0.173584,0.1656189,0.9707794,4.590851,4.590851,True,True,True
1635187,63779589518212,-13.57027,2.612724,-0.04893172,0.01910215,0.878862,0.2075484,-0.4291391,0.01049332,0.003380936,-0.02358505,-0.1606903,0.1523285,0.975174,0.03264324,0.003069489,-0.02328229,0.03264324,0.003069489,-0.02328229,-0.1732635,0.166214,0.9707336,-0.1732635,0.166214,0.9707336,4.589508,4.589508,True,True,True
1635195,63779589518212,-13.57027,2.612724,-0.04893172,0.01910215,0.878862,0.2075484,-0.4291391,0.01041983,0.003382111,-0.02358571,-0.1590881,0.1529236,0.9753418,0.03263741,0.003069565,-0.02328201,0.03263741,0.003069565,-0.02328201,-0.171524,0.1670685,0.9709015,-0.171524,0.1670685,0.9709015,4.5961,4.5961,True,True,True
1635204,63779589518223,-13.57038,2.612608,-0.04896444,0.01856915,0.8789849,0.2071566,-0.4291002,0.01035806,0.003383148,-0.02358594,-0.1602936,0.1529694,0.9751282,0.03263381,0.003069672,-0.02328125,0.03263381,0.003069672,-0.02328125,-0.1722565,0.1670227,0.9707794,-0.1722565,0.1670227,0.9707794,4.59639,4.59639,True,True,True
1635212,63779589518234,-13.57044,2.612548,-0.04897702,0.01797534,0.879105,0.2066782,-0.42911,0.01005463,0.003387467,-0.02358949,-0.1598816,0.153244,0.9751587,0.03263149,0.003069687,-0.02328105,0.03263149,0.003069687,-0.02328105,-0.1724548,0.1676483,0.9706421,-0.1724548,0.1676483,0.9706421,4.595337,4.595337,True,True,True
1635220,63779589518246,-13.57055,2.612428,-0.04900652,0.01733417,0.879214,0.2062183,-0.4291344,0.01010992,0.00338681,-0.02358817,-0.1593018,0.1540375,0.9751282,0.03262824,0.003069855,-0.02328089,0.03262824,0.003069855,-0.02328089,-0.1720276,0.1687469,0.97052,-0.1720276,0.1687469,0.97052,4.595779,4.595779,True,True,True
1635229,63779589518246,-13.57055,2.612428,-0.04900652,0.01733417,0.879214,0.2062183,-0.4291344,0.01029959,0.003384552,-0.02358533,-0.1598663,0.1543884,0.9749756,0.03262718,0.003070587,-0.02328072,0.03262718,0.003070587,-0.02328072,-0.1721649,0.1686096,0.97052,-0.1721649,0.1686096,0.97052,4.595825,4.595825,True,True,True
1635237,63779589518257,-13.57061,2.612316,-0.04901868,0.01683891,0.8792911,0.2057911,-0.4292011,0.01042346,0.003383408,-0.02358336,-0.160141,0.1551361,0.974823,0.03262505,0.003071411,-0.02328072,0.03262505,0.003071411,-0.02328072,-0.1723328,0.1697235,0.9702911,-0.1723328,0.1697235,0.9702911,4.592163,4.592163,True,True,True
1635245,63779589518268,-13.57069,2.612256,-0.04905415,0.01633421,0.8793146,0.2054293,-0.4293459,0.01036743,0.003386246,-0.02358397,-0.1598206,0.1545715,0.9749603,0.03262459,0.003071503,-0.02328058,0.03262459,0.003071503,-0.02328058,-0.1717987,0.1696777,0.9703979,-0.1717987,0.1696777,0.9703979,4.596664,4.596664,True,True,True
1635254,63779589518279,-13.57081,2.612193,-0.04903585,0.0158216,0.8794098,0.2050261,-0.4293626,0.01048212,0.003388001,-0.02358232,-0.1600494,0.1560669,0.9746857,0.03262325,0.003075058,-0.02328058,0.03262325,0.003075058,-0.02328058,-0.1721649,0.1716766,0.969986,-0.1721649,0.1716766,0.969986,4.598694,4.598694,True,True,True
1635262,63779589518279,-13.57081,2.612193,-0.04903585,0.0158216,0.8794098,0.2050261,-0.4293626,0.01057393,0.00338913,-0.02358044,-0.158783,0.157608,0.9746399,0.03262325,0.003075958,-0.02328058,0.03262325,0.003075958,-0.02328058,-0.1700745,0.1727753,0.9701538,-0.1700745,0.1727753,0.9701538,4.602783,4.602783,True,True,True
1635270,63779589518290,-13.57088,2.612143,-0.04905647,0.01539348,0.8794024,0.2047681,-0.4295167,0.01058797,0.003391693,-0.02357901,-0.1583862,0.1601563,0.9742889,0.03262325,0.00307901,-0.02328058,0.03262325,0.00307901,-0.02328058,-0.1694794,0.1754303,0.9697876,-0.1694794,0.1754303,0.9697876,4.600769,4.600769,True,True,True
1635279,63779589518301,-13.57097,2.61208,-0.04906088,0.01501288,0.8793871,0.2044849,-0.4296965,0.01074176,0.003394318,-0.02357619,-0.1585388,0.1611938,0.9740906,0.03262325,0.003080963,-0.02328058,0.03262325,0.003080963,-0.02328058,-0.1694794,0.1766968,0.9695587,-0.1694794,0.1766968,0.9695587,4.601349,4.601349,True,True,True
1635287,63779589518312,-13.57102,2.612004,-0.04911977,0.01467564,0.8793804,0.2043186,-0.4298007,0.01063973,0.003402222,-0.02357619,-0.1588898,0.1603394,0.9741821,0.03262325,0.00308458,-0.02328072,0.03262325,0.00308458,-0.02328072,-0.1701355,0.1764069,0.9694977,-0.1701355,0.1764069,0.9694977,4.59697,4.59697,True,True,True
1635295,63779589518312,-13.57102,2.612004,-0.04911977,0.01467564,0.8793804,0.2043186,-0.4298007,0.01089265,0.003405792,-0.02360497,-0.1563263,0.1698761,0.9729767,0.03269824,0.003071701,-0.02330908,0.03269824,0.003071701,-0.02330908,-0.1585693,0.1884766,0.9691772,-0.1585693,0.1884766,0.9691772,4.603104,4.603104,True,True,True
1635304,63779589518323,-13.57109,2.611961,-0.04908383,0.01453289,0.8793601,0.2041322,-0.4299359,0.01121225,0.003364227,-0.02360207,-0.1668091,0.1603699,0.9728546,0.03275633,0.003045792,-0.02331148,0.03275633,0.003045792,-0.02331148,-0.1779327,0.1714172,0.9689941,-0.1779327,0.1714172,0.9689941,4.443878,4.443878,True,True,True
1635312,63779589518334,-13.57114,2.611882,-0.04910702,0.01439785,0.8793032,0.2041316,-0.430057,0.009478654,0.003349793,-0.02363846,-0.1701202,0.1635742,0.9717407,0.03277327,0.002997528,-0.02333629,0.03277327,0.002997528,-0.02333629,-0.1922302,0.1847534,0.9637909,-0.1922302,0.1847534,0.9637909,4.554916,4.554916,True,True,True
1635320,63779589518345,-13.57118,2.611891,-0.04910475,0.01429342,0.8792535,0.2041377,-0.4301591,0.009074677,0.003326935,-0.02363551,-0.1703949,0.1548004,0.9731293,0.03277966,0.002965485,-0.02332469,0.03277966,0.002965485,-0.02332469,-0.192627,0.1730957,0.9658813,-0.192627,0.1730957,0.9658813,4.53067,4.53067,True,True,True
1635328,63779589518345,-13.57118,2.611891,-0.04910475,0.01429342,0.8792535,0.2041377,-0.4301591,0.008937515,0.003313324,-0.02363538,-0.1669312,0.1559296,0.9735565,0.03280249,0.002940811,-0.02332185,0.03280249,0.002940811,-0.02332185,-0.1895447,0.1729431,0.966507,-0.1895447,0.1729431,0.966507,4.501358,4.501358,True,True,True
1635337,63779589518357,-13.57117,2.611846,-0.04909486,0.01426208,0.8792233,0.2042062,-0.4301892,0.009028245,0.003320069,-0.02363365,-0.1673126,0.1552582,0.973587,0.03279291,0.002954315,-0.02332094,0.03279291,0.002954315,-0.02332094,-0.1894226,0.1714478,0.9667969,-0.1894226,0.1714478,0.9667969,4.478439,4.478439,True,True,True
1635345,63779589518368,-13.57116,2.611911,-0.0491209,0.01418182,0.879164,0.2043679,-0.4302363,0.009288391,0.003324082,-0.02363028,-0.1677551,0.1546478,0.9736176,0.03278343,0.002967499,-0.02332132,0.03278343,0.002967499,-0.02332132,-0.1891479,0.170517,0.9670258,-0.1891479,0.170517,0.9670258,4.499619,4.499619,True,True,True
1635353,63779589518379,-13.57116,2.61194,-0.04912752,0.01426768,0.8790485,0.204544,-0.4303859,0.009471986,0.003321503,-0.02362763,-0.1673584,0.1544189,0.9737091,0.032784,0.00296756,-0.02332158,0.032784,0.00296756,-0.02332158,-0.1875,0.1708679,0.9672852,-0.1875,0.1708679,0.9672852,4.504807,4.504807,True,True,True
1635362,63779589518379,-13.57116,2.61194,-0.04912752,0.01426768,0.8790485,0.204544,-0.4303859,0.009751831,0.003317063,-0.0236237,-0.1689606,0.1546936,0.9734039,0.03278398,0.002967499,-0.02332184,0.03278398,0.002967499,-0.02332184,-0.1889954,0.1711884,0.9669342,-0.1889954,0.1711884,0.9669342,4.499939,4.499939,True,True,True
1635370,63779589518390,-13.57122,2.611983,-0.04911035,0.01441477,0.8790004,0.2048072,-0.4303539,0.009805435,0.003315888,-0.02362268,-0.1687775,0.1548767,0.9734039,0.03278427,0.00296724,-0.02332185,0.03278427,0.00296724,-0.02332185,-0.1893005,0.1708527,0.9669342,-0.1893005,0.1708527,0.9669342,4.491211,4.491211,True,True,True
1635378,63779589518401,-13.57121,2.61202,-0.04907745,0.01439618,0.8789304,0.2051148,-0.4303509,0.01020129,0.003309525,-0.02361719,-0.1686401,0.1547394,0.9734497,0.03278456,0.002966995,-0.02332185,0.03278456,0.002966995,-0.02332185,-0.1891174,0.1706543,0.9669952,-0.1891174,0.1706543,0.9669952,4.49971,4.49971,True,True,True
1635387,63779589518412,-13.57123,2.612034,-0.04908782,0.01439362,0.878888,0.2053116,-0.430344,0.01026097,0.003308319,-0.02361688,-0.1686249,0.15448,0.9734955,0.03278557,0.002966629,-0.02332283,0.03278557,0.002966629,-0.02332283,-0.1890869,0.1703491,0.9670563,-0.1890869,0.1703491,0.9670563,4.490631,4.490631,True,True,True
1635395,63779589518412,-13.57123,2.612034,-0.04908782,0.01439362,0.878888,0.2053116,-0.430344,0.01030185,0.003307388,-0.02361682,-0.1687622,0.1542206,0.9735107,0.03278656,0.002966263,-0.02332381,0.03278656,0.002966263,-0.02332381,-0.1890564,0.1700897,0.9671173,-0.1890564,0.1700897,0.9671173,4.482086,4.482086,True,True,True
1635403,63779589518423,-13.57121,2.612062,-0.04911757,0.01444826,0.8788556,0.2056044,-0.4302686,0.01028064,0.003307251,-0.02361734,-0.1688538,0.1543884,0.973465,0.03278705,0.002965698,-0.02332431,0.03278705,0.002965698,-0.02332431,-0.1892395,0.1707153,0.9669647,-0.1892395,0.1707153,0.9669647,4.488571,4.488571,True,True,True
1635412,63779589518435,-13.57117,2.612082,-0.04911423,0.01438517,0.878855,0.2059066,-0.4301271,0.01017583,0.00330838,-0.02361894,-0.1689606,0.1539612,0.9735107,0.03278752,0.002965149,-0.02332482,0.03278752,0.002965149,-0.02332482,-0.1894531,0.1704712,0.9669647,-0.1894531,0.1704712,0.9669647,4.48497,4.48497,True,True,True
1635420,63779589518445,-13.57122,2.612119,-0.04914355,0.01428268,0.8788814,0.2061992,-0.4299366,0.01008455,0.003302216,-0.02362035,-0.167923,0.1558685,0.9733887,0.032795,0.002954239,-0.02332518,0.032795,0.002954239,-0.02332518,-0.1879425,0.1733704,0.9667511,-0.1879425,0.1733704,0.9667511,4.486984,4.486984,True,True,True
1635428,63779589518445,-13.57122,2.612119,-0.04914355,0.01428268,0.8788814,0.2061992,-0.4299366,0.01001112,0.003295807,-0.02362152,-0.1662903,0.1577606,0.9733734,0.03280249,0.002943329,-0.02332553,0.03280249,0.002943329,-0.02332553,-0.1854248,0.1762085,0.9667206,-0.1854248,0.1762085,0.9667206,4.488205,4.488205,True,True,True
1635437,63779589518456,-13.5712,2.612156,-0.04912972,0.01415414,0.878902,0.2065566,-0.429727,0.01011484,0.003299378,-0.02362039,-0.167923,0.155014,0.973526,0.032795,0.002952713,-0.02332601,0.032795,0.002952713,-0.02332601,-0.1879425,0.1717682,0.9670258,-0.1879425,0.1717682,0.9670258,4.484329,4.484329,True,True,True
1635445,63779589518467,-13.57124,2.612137,-0.04918808,0.01399436,0.8788691,0.2070154,-0.4295789,0.01019502,0.003302277,-0.02361957,-0.1689911,0.1525116,0.9737396,0.03278752,0.002960358,-0.02332649,0.03278752,0.002960358,-0.02332649,-0.1894226,0.1678314,0.9674377,-0.1894226,0.1678314,0.9674377,4.482925,4.482925,True,True,True
1635453,63779589518478,-13.57117,2.61216,-0.04926091,0.01373556,0.8788778,0.2075309,-0.4293205,0.0102618,0.003300034,-0.02361882,-0.1692963,0.1516113,0.9738159,0.03278656,0.002960358,-0.02332706,0.03278656,0.002960358,-0.02332706,-0.1896667,0.1665802,0.9676056,-0.1896667,0.1665802,0.9676056,4.479538,4.479538,True,True,True
1635462,63779589518478,-13.57117,2.61216,-0.04926091,0.01373556,0.8788778,0.2075309,-0.4293205,0.01028404,0.003296524,-0.02361841,-0.1692352,0.1510925,0.9739075,0.03278656,0.002958252,-0.02332706,0.03278656,0.002958252,-0.02332706,-0.1896515,0.1652679,0.9678345,-0.1896515,0.1652679,0.9678345,4.478363,4.478363,True,True,True
1635470,63779589518490,-13.57115,2.612199,-0.04932123,0.01348219,0.8788969,0.2081109,-0.4290086,0.01035162,0.003291168,-0.02361739,-0.1697998,0.1504822,0.9739075,0.03278656,0.00295343,-0.02332706,0.03278656,0.00295343,-0.02332706,-0.1906738,0.1636658,0.9679108,-0.1906738,0.1636658,0.9679108,4.477432,4.477432,True,True,True
1635478,63779589518501,-13.57109,2.612261,-0.04931259,0.01313702,0.8789824,0.2085461,-0.4286326,0.01033551,0.003287216,-0.02361757,-0.1697693,0.1508789,0.9738617,0.03278656,0.002948105,-0.02332715,0.03278656,0.002948105,-0.02332715,-0.1906586,0.164856,0.9676971,-0.1906586,0.164856,0.9676971,4.478516,4.478516,True,True,True
1635487,63779589518512,-13.57104,2.612302,-0.04938132,0.01299463,0.8791369,0.2087646,-0.4282138,0.01042459,0.003281952,-0.02361562,-0.1706543,0.1508026,0.9737091,0.03278656,0.002943649,-0.02332715,0.03278656,0.002943649,-0.02332715,-0.1917267,0.1642151,0.9676056,-0.1917267,0.1642151,0.9676056,4.480865,4.480865,True,True,True
1635495,63779589518512,-13.57104,2.612302,-0.04938132,0.01299463,0.8791369,0.2087646,-0.4282138,0.01033106,0.003282288,-0.0236169,-0.1711731,0.1510468,0.973587,0.03278548,0.002943329,-0.02332739,0.03278548,0.002943329,-0.02332739,-0.1920166,0.1643372,0.9675293,-0.1920166,0.1643372,0.9675293,4.481018,4.481018,True,True,True
1635503,63779589518523,-13.57103,2.612357,-0.04947913,0.01288834,0.8792923,0.2090393,-0.4277635,0.01030049,0.003279831,-0.02361713,-0.1717987,0.1512299,0.9734497,0.03278548,0.002941361,-0.02332788,0.03278548,0.002941361,-0.02332788,-0.1929626,0.1649475,0.9672241,-0.1929626,0.1649475,0.9672241,4.478088,4.478088,True,True,True
1635512,63779589518534,-13.57101,2.612417,-0.04954481,0.01295498,0.8794506,0.2091448,-0.4273845,0.01058826,0.003273224,-0.02361328,-0.1722565,0.1515198,0.9733124,0.03278537,0.002939575,-0.02332851,0.03278537,0.002939575,-0.02332851,-0.1929932,0.1653748,0.9671478,-0.1929932,0.1653748,0.9671478,4.478546,4.478546,True,True,True
1635520,63779589518545,-13.57105,2.612482,-0.04963475,0.01307585,0.879732,0.2091663,-0.4267905,0.01059456,0.00327211,-0.02361343,-0.1723022,0.151001,0.9733887,0.0327853,0.002938522,-0.02332904,0.0327853,0.002938522,-0.02332904,-0.1929932,0.1655579,0.9671173,-0.1929932,0.1655579,0.9671173,4.482437,4.482437,True,True,True
1635528,63779589518545,-13.57105,2.612482,-0.04963475,0.01307585,0.879732,0.2091663,-0.4267905,0.01058406,0.003270661,-0.02361322,-0.1722565,0.1502228,0.973526,0.0327853,0.002936722,-0.02332904,0.0327853,0.002936722,-0.02332904,-0.1929932,0.1647186,0.9672699,-0.1929932,0.1647186,0.9672699,4.477798,4.477798,True,True,True
1635537,63779589518556,-13.57104,2.612483,-0.04969835,0.0132381,0.8800017,0.2090906,-0.4262663,0.01060988,0.00327002,-0.02361203,-0.1720276,0.1486664,0.9738007,0.03278517,0.002936722,-0.02332904,0.03278517,0.002936722,-0.02332904,-0.1923828,0.1620941,0.9678345,-0.1923828,0.1620941,0.9678345,4.463898,4.463898,True,True,True
1635545,63779589518568,-13.57101,2.612476,-0.04978901,0.01330405,0.880275,0.2089787,-0.4257544,0.01066933,0.003268784,-0.02360947,-0.1723022,0.1468353,0.9740295,0.03278461,0.002936722,-0.02332851,0.03278461,0.002936722,-0.02332851,-0.1920166,0.1593628,0.9683533,-0.1920166,0.1593628,0.9683533,4.461212,4.461212,True,True,True
1635553,63779589518579,-13.57103,2.6125,-0.04991418,0.01331452,0.88058,0.2087889,-0.4252163,0.01062454,0.00326799,-0.02360562,-0.1645355,0.1496735,0.9749451,0.03277142,0.002934754,-0.0233215,0.03277142,0.002934754,-0.0233215,-0.1793671,0.1642914,0.9699554,-0.1793671,0.1642914,0.9699554,4.529404,4.529404,True,True,True
1635562,63779589518589,-13.57102,2.612401,-0.05003041,0.0134051,0.8808859,0.2085894,-0.4246773,0.01030608,0.003271103,-0.02359958,-0.1690063,0.1371613,0.9760132,0.03276625,0.002932373,-0.02330725,0.03276625,0.002932373,-0.02330725,-0.1861725,0.1468048,0.9714813,-0.1861725,0.1468048,0.9714813,4.400467,4.400467,True,True,True
1635570,63779589518589,-13.57102,2.612401,-0.05003041,0.0134051,0.8808859,0.2085894,-0.4246773,0.01004033,0.003276322,-0.02360138,-0.1673889,0.1364441,0.9763947,0.03276395,0.002934662,-0.02330638,0.03276395,0.002934662,-0.02330638,-0.1834106,0.1459198,0.9721375,-0.1834106,0.1459198,0.9721375,4.423508,4.423508,True,True,True
1635578,63779589518600,-13.57106,2.612426,-0.05015963,0.01345962,0.881231,0.2083101,-0.4240965,0.009859925,0.003279038,-0.02360143,-0.166748,0.1361847,0.9765472,0.03276166,0.002935288,-0.02330551,0.03276166,0.002935288,-0.02330551,-0.181366,0.146225,0.9724731,-0.181366,0.146225,0.9724731,4.447556,4.447556,True,True,True
1635587,63779589518611,-13.57105,2.612348,-0.05031472,0.01342249,0.8815717,0.2081752,-0.4234551,0.009779831,0.003280167,-0.02360133,-0.1677399,0.1367188,0.9762878,0.03276111,0.002936112,-0.02330631,0.03276111,0.002936112,-0.02330631,-0.1821899,0.1475983,0.9721069,-0.1821899,0.1475983,0.9721069,4.424423,4.424423,True,True,True
1635595,63779589518611,-13.57105,2.612348,-0.05031472,0.01342249,0.8815717,0.2081752,-0.4234551,0.009838868,0.003279022,-0.02360018,-0.1683502,0.1382446,0.9759674,0.03276056,0.002935776,-0.0233071,0.03276056,0.002935776,-0.0233071,-0.1817017,0.1496277,0.9718933,-0.1817017,0.1496277,0.9718933,4.435959,4.435959,True,True,True
1635603,63779589518623,-13.57102,2.612312,-0.05046797,0.0135056,0.8819405,0.2079625,-0.4227885,0.009975784,0.003276749,-0.02359842,-0.1691437,0.1382141,0.9758453,0.03275875,0.002935532,-0.02330718,0.03275875,0.002935532,-0.02330718,-0.1817932,0.1498871,0.9718323,-0.1817932,0.1498871,0.9718323,4.44342,4.44342,True,True,True
1635612,63779589518634,-13.57098,2.612253,-0.05065739,0.01355709,0.882359,0.2077267,-0.4220288,0.01012334,0.003274338,-0.02359653,-0.1693573,0.1381226,0.9758148,0.03275694,0.002935288,-0.02330725,0.03275694,0.002935288,-0.02330725,-0.1818848,0.1499329,0.971817,-0.1818848,0.1499329,0.971817,4.450775,4.450775,True,True,True
1635620,63779589518645,-13.57091,2.612236,-0.05091751,0.01356957,0.88284,0.2074843,-0.4211409,0.009997895,0.00327562,-0.02359872,-0.1690369,0.1383057,0.9758453,0.03275652,0.002934387,-0.02330832,0.03275652,0.002934387,-0.02330832,-0.18013,0.1503296,0.9720764,-0.18013,0.1503296,0.9720764,4.45639,4.45639,True,True,True
1635628,63779589518645,-13.57091,2.612236,-0.05091751,0.01356957,0.88284,0.2074843,-0.4211409,0.01066277,0.003270294,-0.02359177,-0.1690521,0.1371307,0.9760132,0.03275609,0.002933502,-0.02330937,0.03275609,0.002933502,-0.02330937,-0.1783752,0.1507568,0.9723358,-0.1783752,0.1507568,0.9723358,4.461929,4.461929,True,True,True
1635637,63779589518656,-13.57087,2.612151,-0.05115539,0.01362798,0.8834076,0.207162,-0.4201061,0.0106819,0.003270218,-0.02359152,-0.1667175,0.1371155,0.9764099,0.03275452,0.002932938,-0.02330979,0.03275452,0.002932938,-0.02330979,-0.1749878,0.1515656,0.9728241,-0.1749878,0.1515656,0.9728241,4.462418,4.462418,True,True,True
1635645,63779589518668,-13.57078,2.612091,-0.05144513,0.01356977,0.8841192,0.2067573,-0.4188084,0.01051584,0.0032715,-0.02359181,-0.1620636,0.1373291,0.9771729,0.03275296,0.002932373,-0.02331021,0.03275296,0.002932373,-0.02331021,-0.1716156,0.152359,0.9732971,-0.1716156,0.152359,0.9732971,4.461075,4.461075,True,True,True
1635653,63779589518679,-13.57062,2.612059,-0.05172145,0.01354642,0.8849399,0.2063389,-0.4172795,0.01049811,0.003271713,-0.02358922,-0.160553,0.1395569,0.9770966,0.03275118,0.002932098,-0.02331024,0.03275118,0.002932098,-0.02331024,-0.1702423,0.1533356,0.9733887,-0.1702423,0.1533356,0.9733887,4.458801,4.458801,True,True,True
1635662,63779589518679,-13.57062,2.612059,-0.05172145,0.01354642,0.8849399,0.2063389,-0.4172795,0.01079799,0.003268769,-0.02358209,-0.1602478,0.1373444,0.9774628,0.03274939,0.002931824,-0.02331029,0.03274939,0.002931824,-0.02331029,-0.168869,0.1543884,0.973465,-0.168869,0.1543884,0.973465,4.461914,4.461914,True,True,True
1635670,63779589518690,-13.5704,2.612,-0.05209631,0.01345465,0.8859059,0.2059691,-0.4154113,0.01105832,0.003260132,-0.02356944,-0.1623535,0.1388092,0.9769135,0.03266738,0.002921158,-0.02330048,0.03266738,0.002921158,-0.02330048,-0.171463,0.1574249,0.9725189,-0.171463,0.1574249,0.9725189,4.513046,4.513046,True,True,True
1635678,63779589518701,-13.5702,2.611966,-0.05244088,0.01346726,0.8868854,0.205721,-0.4134389,0.01120383,0.003265518,-0.02356586,-0.1590118,0.1420593,0.9769897,0.0326458,0.002922333,-0.0232983,0.0326458,0.002922333,-0.0232983,-0.1675873,0.1608582,0.972641,-0.1675873,0.1608582,0.972641,4.5672,4.5672,True,True,True
1635687,63779589518712,-13.56984,2.612016,-0.05297959,0.01368082,0.8882541,0.2054885,-0.4105996,0.01091313,0.003271942,-0.02357208,-0.1595459,0.1398773,0.9772186,0.03264188,0.002918793,-0.02329443,0.03264188,0.002918793,-0.02329443,-0.1631775,0.1568604,0.9740448,-0.1631775,0.1568604,0.9740448,4.53566,4.53566,True,True,True
1635695,63779589518712,-13.56984,2.612016,-0.05297959,0.01368082,0.8882541,0.2054885,-0.4105996,0.01103507,0.003258667,-0.02358324,-0.15802,0.1450348,0.9767151,0.03270657,0.002904923,-0.02330112,0.03270657,0.002904923,-0.02330112,-0.1605682,0.156723,0.9744873,-0.1605682,0.156723,0.9744873,4.476654,4.476654,True,True,True
1635703,63779589518723,-13.56946,2.612024,-0.05350286,0.0139317,0.889602,0.2053661,-0.4077241,0.01106126,0.003217011,-0.023606,-0.1699982,0.1499481,0.9739532,0.03282846,0.002847199,-0.02333368,0.03282846,0.002847199,-0.02333368,-0.1881104,0.1625214,0.9685974,-0.1881104,0.1625214,0.9685974,4.512634,4.512634,True,True,True
1635712,63779589518734,-13.56908,2.61208,-0.05404788,0.01434528,0.8913239,0.2051208,-0.4040561,0.01014125,0.003228867,-0.02365099,-0.2095337,0.1283722,0.9693298,0.03295021,0.002839462,-0.02336655,0.03295021,0.002839462,-0.02336655,-0.2256165,0.1459503,0.9632111,-0.2256165,0.1459503,0.9632111,4.452911,4.452911,True,True,True
1635720,63779589518745,-13.56868,2.61213,-0.05462193,0.01488523,0.8930955,0.2049066,-0.4002151,0.009653199,0.003225174,-0.02369704,-0.2251587,0.1375732,0.9645538,0.03305002,0.00283107,-0.02341234,0.03305002,0.00283107,-0.02341234,-0.2571411,0.149704,0.9546967,-0.2571411,0.149704,0.9546967,4.58049,4.58049,True,True,True
1635728,63779589518745,-13.56868,2.61213,-0.05462193,0.01488523,0.8930955,0.2049066,-0.4002151,0.008596238,0.00327356,-0.02374919,-0.2620239,0.1330719,0.9558411,0.03313051,0.002859467,-0.02345099,0.03313051,0.002859467,-0.02345099,-0.2944336,0.1474915,0.9442139,-0.2944336,0.1474915,0.9442139,4.56813,4.56813,True,True,True
1635737,63779589518756,-13.56823,2.612175,-0.05525529,0.0156612,0.8951062,0.2046554,-0.3957976,0.005188538,0.003328461,-0.02381413,-0.2783356,0.1274261,0.9519806,0.03328855,0.002864487,-0.0235054,0.03328855,0.002864487,-0.0235054,-0.3072357,0.155304,0.938858,-0.3072357,0.155304,0.938858,4.561111,4.561111,True,True,True
1635745,63779589518767,-13.56775,2.612187,-0.05593169,0.01637612,0.8971633,0.2044366,-0.3911977,0.001478943,0.003436066,-0.02383386,-0.2928467,0.06924438,0.9536438,0.0333254,0.002965286,-0.02339282,0.0333254,0.002965286,-0.02339282,-0.341156,-0.001480103,0.9400024,-0.341156,-0.001480103,0.9400024,3.925766,3.925766,True,True,True
1635753,63779589518779,-13.56721,2.612241,-0.05663508,0.01713078,0.8993542,0.2040679,-0.3862965,0.03335172,0.003018952,-0.0234119,-0.3630219,-0.01000977,0.9317169,0.03335172,0.003018952,-0.0234119,0.03335172,0.003018952,-0.0234119,-0.3630219,-0.01000977,0.9317169,-0.3630219,-0.01000977,0.9317169,3.956482,3.956482,True,True,True
1635762,63779589518789,-13.56669,2.612325,-0.05734664,0.01797456,0.9016621,0.2036697,-0.3810524,-0.001,-0.001,-0.001,1,-1,-1,0.03341284,0.003031387,-0.02338408,0.03341284,0.003031387,-0.02338408,0,0,0,0,0,0,-1,-1,False,True,True
1635770,63779589518789,-13.56669,2.612325,-0.05734664,0.01797456,0.9016621,0.2036697,-0.3810524,-0.001,-0.001,-0.001,1,-1,-1,0.03346881,0.002584396,-0.02333412,0.03346881,0.002584396,-0.02333412,0,0,0,0,0,0,-1,-1,False,True,True
1635778,63779589518800,-13.56606,2.612399,-0.05806321,0.01898418,0.9039095,0.2033543,-0.3758114,-0.001,-0.001,-0.001,1,-1,-1,0.03320095,0.00204776,-0.02331316,0.03320095,0.00204776,-0.02331316,0,0,0,0,0,0,-1,-1,False,True,True
1635787,63779589518812,-13.56553,2.612493,-0.05881345,0.01984501,0.9061988,0.2030086,-0.3704017,-0.001,-0.001,-0.001,1,-1,-1,0.03262383,0.001747482,-0.02334578,0.03262383,0.001747482,-0.02334578,0,0,0,0,0,0,-1,-1,False,True,True
1635795,63779589518812,-13.56553,2.612493,-0.05881345,0.01984501,0.9061988,0.2030086,-0.3704017,-0.001,-0.001,-0.001,1,-1,-1,0.03375256,0.002193894,-0.02320358,0.03375256,0.002193894,-0.02320358,0,0,0,0,0,0,-1,-1,False,True,True
1635803,63779589518823,-13.56503,2.612556,-0.05952078,0.02065388,0.9084492,0.2024693,-0.3651024,-0.001,-0.001,-0.001,1,-1,-1,0.0336104,0.002966339,-0.02332246,0.0336104,0.002966339,-0.02332246,0,0,0,0,0,0,-1,-1,False,True,True
1635812,63779589518834,-13.5646,2.612536,-0.06026161,0.02146333,0.9107412,0.2017667,-0.3596944,-0.001,-0.001,-0.001,1,-1,-1,0.03536579,0.002470902,-0.0235528,0.03536579,0.002470902,-0.0235528,0,0,0,0,0,0,-1,-1,False,True,True
1635820,63779589518845,-13.56405,2.612517,-0.06099015,0.02194876,0.9129078,0.2009763,-0.3545788,-0.001,-0.001,-0.001,1,-1,-1,0.03423287,0.002946259,-0.02373192,0.03423287,0.002946259,-0.02373192,0,0,0,0,0,0,-1,-1,False,True,True
1635828,63779589518845,-13.56405,2.612517,-0.06099015,0.02194876,0.9129078,0.2009763,-0.3545788,-0.001,-0.001,-0.001,1,-1,-1,0.03387196,0.003006973,-0.02352594,0.03387196,0.003006973,-0.02352594,0,0,0,0,0,0,-1,-1,False,True,True
1635837,63779589518856,-13.56344,2.612387,-0.06172717,0.02226402,0.9150544,0.2000192,-0.3495312,-0.001,-0.001,-0.001,1,-1,-1,0.03388146,0.002942642,-0.02353935,0.03388146,0.002942642,-0.02353935,0,0,0,0,0,0,-1,-1,False,True,True
1635845,63779589518868,-13.56287,2.612278,-0.06241924,0.02223679,0.9172105,0.1988929,-0.3444882,-0.001,-0.001,-0.001,1,-1,-1,0.03391135,0.003000015,-0.02370197,0.03391135,0.003000015,-0.02370197,0,0,0,0,0,0,-1,-1,False,True,True
1635853,63779589518878,-13.56227,2.612101,-0.06321841,0.02208316,0.9193276,0.1977299,-0.3394879,-0.001,-0.001,-0.001,1,-1,-1,0.0339241,0.002875321,-0.02366858,0.0339241,0.002875321,-0.02366858,0,0,0,0,0,0,-1,-1,False,True,True
1635862,63779589518889,-13.5617,2.611965,-0.06389219,0.02192667,0.9214305,0.1965618,-0.3344378,-0.001,-0.001,-0.001,1,-1,-1,0.03396132,0.002814423,-0.02368738,0.03396132,0.002814423,-0.02368738,0,0,0,0,0,0,-1,-1,False,True,True
1635870,63779589518889,-13.5617,2.611965,-0.06389219,0.02192667,0.9214305,0.1965618,-0.3344378,0.033991,0.00280185,-0.02373854,-0.4759216,0.0140686,0.879364,0.033991,0.00280185,-0.02373854,0.033991,0.00280185,-0.02373854,-0.4759216,0.0140686,0.879364,-0.4759216,0.0140686,0.879364,4.454651,4.454651,True,True,True
1635878,63779589518900,-13.56116,2.611921,-0.06453842,0.02198631,0.9234881,0.1954679,-0.3293607,0.03398859,0.002788223,-0.02375563,-0.4751282,0.03573608,0.8791809,0.03398897,0.002788223,-0.02375563,0.03398897,0.002788223,-0.02375563,-0.4751282,0.03573608,0.8791809,-0.4751282,0.03573608,0.8791809,4.584732,4.584732,True,True,True
1635887,63779589518911,-13.56059,2.61182,-0.06522232,0.0223475,0.9254442,0.1943948,-0.3244447,-0.0004659882,0.003010285,-0.02412601,-0.414032,0.06208801,0.9081268,0.03401517,0.002653793,-0.02381008,0.03401517,0.002653793,-0.02381008,-0.4402008,0.1064758,0.8915558,-0.4402008,0.1064758,0.8915558,4.759171,4.759171,True,True,True
1635895,63779589518911,-13.56059,2.61182,-0.06522232,0.0223475,0.9254442,0.1943948,-0.3244447,0.0004100037,0.00302565,-0.02408315,-0.4073181,0.06556702,0.9109192,0.03393361,0.002710892,-0.02376346,0.03393361,0.002710892,-0.02376346,-0.4403992,0.1029205,0.8918762,-0.4403992,0.1029205,0.8918762,4.831741,4.831741,True,True,True
1635903,63779589518922,-13.56002,2.611757,-0.0658654,0.02283964,0.9273474,0.1932389,-0.3196309,-0.001357605,0.003056091,-0.02408187,-0.3953857,0.0765686,0.9152985,0.03391672,0.002746491,-0.02375377,0.03391672,0.002746491,-0.02375377,-0.438736,0.1065979,0.8922577,-0.438736,0.1065979,0.8922577,4.960342,4.960342,True,True,True
1635912,63779589518934,-13.55936,2.611706,-0.0664869,0.02365444,0.9292225,0.1919515,-0.314866,0.006758668,0.002971146,-0.02401824,-0.4010773,0.1032257,0.910202,0.03386452,0.002747238,-0.02376132,0.03386452,0.002747238,-0.02376132,-0.432785,0.1344604,0.8914032,-0.432785,0.1344604,0.8914032,4.902878,4.902878,True,True,True
1635920,63779589518944,-13.55878,2.611663,-0.06708217,0.02422692,0.9309815,0.1907888,-0.3102999,0.01462381,0.002891037,-0.02389044,-0.4100494,0.08435059,0.9081421,0.03380271,0.002727692,-0.02369788,0.03380271,0.002727692,-0.02369788,-0.4327698,0.092453,0.8967438,-0.4327698,0.092453,0.8967438,4.802002,4.802002,True,True,True
1635928,63779589518944,-13.55878,2.611663,-0.06708217,0.02422692,0.9309815,0.1907888,-0.3102999,0.009187485,0.002942352,-0.02390143,-0.3840485,0.06948853,0.9206848,0.03374948,0.002711655,-0.0236349,0.03374948,0.002711655,-0.0236349,-0.4052277,0.07688904,0.910965,-0.4052277,0.07688904,0.910965,4.706665,4.706665,True,True,True
1635937,63779589518956,-13.55816,2.611607,-0.06776601,0.02478271,0.932767,0.1896314,-0.3055675,0.007190232,0.002955826,-0.02391853,-0.3764191,0.07913208,0.9230499,0.03372203,0.002706863,-0.02364064,0.03372203,0.002706863,-0.02364064,-0.3958893,0.09709167,0.913147,-0.3958893,0.09709167,0.913147,4.72258,4.72258,True,True,True
1635945,63779589518967,-13.55762,2.611639,-0.06838715,0.02527149,0.9344596,0.1884954,-0.3010248,0.004861695,0.002993256,-0.02391708,-0.3719482,0.07411194,0.9252777,0.03366255,0.00272876,-0.02359804,0.03366255,0.00272876,-0.02359804,-0.3889465,0.08293152,0.917511,-0.3889465,0.08293152,0.917511,4.667755,4.667755,True,True,True
1635953,63779589518978,-13.55709,2.611637,-0.06893921,0.02566622,0.9359688,0.1877011,-0.2967693,-1.802063E-05,0.00305452,-0.02394244,-0.3538208,0.06971741,0.9326935,0.03362755,0.002741882,-0.02355116,0.03362755,0.002741882,-0.02355116,-0.367691,0.06896973,0.9273834,-0.367691,0.06896973,0.9273834,4.643204,4.643204,True,True,True
1635962,63779589518989,-13.55658,2.611639,-0.06946158,0.02614351,0.9373733,0.1870223,-0.2926954,-0.00247641,0.003058014,-0.02395351,-0.33815,0.07420349,0.9381561,0.03357778,0.002720047,-0.02356079,0.03357778,0.002720047,-0.02356079,-0.36409,0.09086609,0.9269104,-0.36409,0.09086609,0.9269104,4.633408,4.633408,True,True,True
1635970,63779589518989,-13.55658,2.611639,-0.06946158,0.02614351,0.9373733,0.1870223,-0.2926954,-0.002634155,0.003090164,-0.02393964,-0.3283539,0.07278442,0.9417419,0.03358424,0.002766983,-0.02352751,0.03358424,0.002766983,-0.02352751,-0.3442993,0.07936096,0.9354858,-0.3442993,0.07936096,0.9354858,4.677719,4.677719,True,True,True
1635978,63779589519000,-13.55612,2.61167,-0.06997317,0.02661792,0.938676,0.1865066,-0.2887806,0.0007361908,0.00305008,-0.02389746,-0.3265686,0.08119202,0.9416656,0.03351878,0.002748459,-0.02353882,0.03351878,0.002748459,-0.02353882,-0.3484344,0.0987854,0.9320984,-0.3484344,0.0987854,0.9320984,4.660568,4.660568,True,True,True
1635987,63779589519011,-13.55567,2.611696,-0.07048166,0.02716159,0.9398248,0.1860596,-0.2852603,0.003479569,0.003018112,-0.02385286,-0.3218231,0.07743835,0.9436188,0.03346273,0.002740265,-0.02351611,0.03346273,0.002740265,-0.02351611,-0.3427124,0.09454346,0.9346619,-0.3427124,0.09454346,0.9346619,4.565994,4.565994,True,True,True
1635995,63779589519022,-13.55539,2.611619,-0.07097185,0.02759618,0.9410026,0.1854731,-0.2816955,0.00648317,0.003007752,-0.02379369,-0.3192444,0.07771301,0.9444733,0.03342156,0.00277414,-0.02348151,0.03342156,0.00277414,-0.02348151,-0.3357544,0.0868988,0.9379272,-0.3357544,0.0868988,0.9379272,4.602554,4.602554,True,True,True
1636003,63779589519022,-13.55539,2.611619,-0.07097185,0.02759618,0.9410026,0.1854731,-0.2816955,0.008687317,0.002978012,-0.02375482,-0.314621,0.08164978,0.945694,0.03338921,0.002766998,-0.02347099,0.03338921,0.002766998,-0.02347099,-0.326828,0.09176636,0.9406128,-0.326828,0.09176636,0.9406128,4.561066,4.561066,True,True,True
1636012,63779589519034,-13.55502,2.611549,-0.07139516,0.02796054,0.9420373,0.1847896,-0.2786338,0.008125458,0.002985687,-0.02374481,-0.3020935,0.08024597,0.9498749,0.03336417,0.00277266,-0.02344844,0.03336417,0.00277266,-0.02344844,-0.3146057,0.087677,0.9451599,-0.3146057,0.087677,0.9451599,4.533096,4.533096,True,True,True
1636020,63779589519044,-13.5547,2.611375,-0.07192081,0.02819883,0.943086,0.1840762,-0.2755171,0.007660157,0.002982788,-0.02373889,-0.293457,0.08433533,0.9522247,0.03333234,0.002771622,-0.0234305,0.03333234,0.002771622,-0.0234305,-0.3050079,0.08457947,0.9485779,-0.3050079,0.08457947,0.9485779,4.502441,4.502441,True,True,True
1636028,63779589519055,-13.55436,2.61125,-0.07231826,0.02804814,0.9440573,0.1831006,-0.2728429,0.00735936,0.002995392,-0.02374146,-0.2925415,0.09165955,0.9518433,0.0332909,0.002778854,-0.02343706,0.0332909,0.002778854,-0.02343706,-0.308075,0.09646606,0.9464417,-0.308075,0.09646606,0.9464417,4.519241,4.519241,True,True,True
1636037,63779589519055,-13.55436,2.61125,-0.07231826,0.02804814,0.9440573,0.1831006,-0.2728429,0.007016816,0.003021271,-0.02372905,-0.2773895,0.0821228,0.9572296,0.03326787,0.002791168,-0.02341962,0.03326787,0.002791168,-0.02341962,-0.3028259,0.08985901,0.9487915,-0.3028259,0.08985901,0.9487915,4.55159,4.55159,True,True,True
1636045,63779589519066,-13.55402,2.611166,-0.07279056,0.02789002,0.9450091,0.1822833,-0.2700977,0.007523255,0.00302443,-0.0237218,-0.2772217,0.0849762,0.9570313,0.03323546,0.002802567,-0.02341354,0.03323546,0.002802567,-0.02341354,-0.3035583,0.08926392,0.9486084,-0.3035583,0.08926392,0.9486084,4.559662,4.559662,True,True,True
1636053,63779589519077,-13.55375,2.611114,-0.07319492,0.02770317,0.9458976,0.1814998,-0.2675221,0.007052445,0.003035202,-0.02370906,-0.2693634,0.08137512,0.9595795,0.03319651,0.002802445,-0.02338808,0.03319651,0.002802445,-0.02338808,-0.2886505,0.08355713,0.9537659,-0.2886505,0.08355713,0.9537659,4.47583,4.47583,True,True,True
1636062,63779589519089,-13.55349,2.611089,-0.07359761,0.02763114,0.9467314,0.1806844,-0.2651211,0.008122849,0.003030029,-0.02368927,-0.2646332,0.08361816,0.9607086,0.03316551,0.002806976,-0.02338262,0.03316551,0.002806976,-0.02338262,-0.2820282,0.08868408,0.9552917,-0.2820282,0.08868408,0.9552917,4.48291,4.48291,True,True,True
1636070,63779589519089,-13.55349,2.611089,-0.07359761,0.02763114,0.9467314,0.1806844,-0.2651211,0.01278998,0.002990708,-0.02362233,-0.2612305,0.08230591,0.9617462,0.03313831,0.002810227,-0.02338436,0.03313831,0.002810227,-0.02338436,-0.2814026,0.0983429,0.9545288,-0.2814026,0.0983429,0.9545288,4.593445,4.593445,True,True,True
1636078,63779589519100,-13.55336,2.611023,-0.0741024,0.02776575,0.9475756,0.1799325,-0.2625907,0.008895935,0.003029831,-0.02367174,-0.2571716,0.08518982,0.9626007,0.03311679,0.002807251,-0.0233696,0.03311679,0.002807251,-0.0233696,-0.2748871,0.09187317,0.9570618,-0.2748871,0.09187317,0.9570618,4.481766,4.481766,True,True,True
1636087,63779589519111,-13.55315,2.610944,-0.07449377,0.02787103,0.9483711,0.1790571,-0.2602964,0.008645341,0.003037796,-0.02367574,-0.2504578,0.09234619,0.9636993,0.03309439,0.002814774,-0.02336856,0.03309439,0.002814774,-0.02336856,-0.2675629,0.09947205,0.958374,-0.2675629,0.09947205,0.958374,4.546234,4.546234,True,True,True
1636095,63779589519111,-13.55315,2.610944,-0.07449377,0.02787103,0.9483711,0.1790571,-0.2602964,0.009060792,0.003042465,-0.0236761,-0.2480316,0.09805298,0.9637604,0.03306784,0.002827789,-0.02338484,0.03306784,0.002827789,-0.02338484,-0.2746429,0.1124268,0.9549408,-0.2746429,0.1124268,0.9549408,4.534119,4.534119,True,True,True
1636103,63779589519123,-13.55292,2.610893,-0.07487488,0.02808823,0.9491369,0.1781506,-0.2580942,0.009244629,0.003058228,-0.02366945,-0.2439728,0.0904541,0.9655457,0.03305022,0.002835694,-0.02336069,0.03305022,0.002835694,-0.02336069,-0.2648773,0.1009369,0.9589691,-0.2648773,0.1009369,0.9589691,4.527573,4.527573,True,True,True
1636112,63779589519133,-13.55276,2.610762,-0.07524985,0.02809337,0.9498716,0.1770952,-0.2561095,0.01183478,0.003034439,-0.02362515,-0.2367706,0.09082031,0.9673004,0.03303319,0.002835114,-0.02335309,0.03303319,0.002835114,-0.02335309,-0.2546844,0.1027374,0.9615479,-0.2546844,0.1027374,0.9615479,4.463135,4.463135,True,True,True
1636120,63779589519144,-13.55256,2.610673,-0.07561284,0.02796602,0.9506145,0.1758764,-0.2542,0.009222123,0.003062134,-0.02364243,-0.2239227,0.08363342,0.9710083,0.03301476,0.002841553,-0.02332025,0.03301476,0.002841553,-0.02332025,-0.2412262,0.08587646,0.9666595,-0.2412262,0.08587646,0.9666595,4.424103,4.424103,True,True,True
1636128,63779589519155,-13.55242,2.610567,-0.07603985,0.02752684,0.9514068,0.1744937,-0.2522288,0.01215903,0.003055969,-0.0236064,-0.2312164,0.09288025,0.9684448,0.03299373,0.002863938,-0.02333951,0.03299373,0.002863938,-0.02333951,-0.2537537,0.1022491,0.9618378,-0.2537537,0.1022491,0.9618378,4.552124,4.552124,True,True,True
1636137,63779589519155,-13.55242,2.610567,-0.07603985,0.02752684,0.9514068,0.1744937,-0.2522288,0.009236725,0.003090149,-0.02363846,-0.2210999,0.09371948,0.9707336,0.03298039,0.002867874,-0.02333257,0.03298039,0.002867874,-0.02333257,-0.2407684,0.103653,0.9650269,-0.2407684,0.103653,0.9650269,4.555099,4.555099,True,True,True
1636145,63779589519166,-13.55226,2.610413,-0.07637674,0.0268982,0.9521208,0.1731411,-0.2505286,0.009092744,0.003104965,-0.02363941,-0.2218781,0.0940094,0.97052,0.03294865,0.002883438,-0.02332729,0.03294865,0.002883438,-0.02332729,-0.2412262,0.1046753,0.964798,-0.2412262,0.1046753,0.964798,4.520386,4.520386,True,True,True
1636153,63779589519177,-13.55209,2.610324,-0.07673317,0.02614557,0.9527636,0.1720127,-0.2489369,0.008616806,0.003130646,-0.02364473,-0.2202301,0.08700562,0.9715576,0.03293242,0.002902741,-0.02331253,0.03293242,0.002902741,-0.02331253,-0.2377472,0.09790039,0.9663696,-0.2377472,0.09790039,0.9663696,4.428055,4.428055,True,True,True
1636162,63779589519189,-13.55198,2.610261,-0.07698321,0.02541608,0.9533311,0.1709984,-0.2475349,0.008771652,0.003142105,-0.02364543,-0.2186737,0.09242249,0.971405,0.03291512,0.00291362,-0.02331305,0.03291512,0.00291362,-0.02331305,-0.2389832,0.09889221,0.9659576,-0.2389832,0.09889221,0.9659576,4.511002,4.511002,True,True,True
1636170,63779589519189,-13.55198,2.610261,-0.07698321,0.02541608,0.9533311,0.1709984,-0.2475349,0.009356964,0.00314444,-0.02364278,-0.2127838,0.1010895,0.9718475,0.03290596,0.002917816,-0.02332141,0.03290596,0.002917816,-0.02332141,-0.2278595,0.1162567,0.9667206,-0.2278595,0.1162567,0.9667206,4.530899,4.530899,True,True,True
1636178,63779589519200,-13.55184,2.610161,-0.07735032,0.02471019,0.9538375,0.1702022,-0.2462004,0.01021446,0.00314502,-0.02362818,-0.2147827,0.09655762,0.9718628,0.03289017,0.00291861,-0.02331124,0.03289017,0.00291861,-0.02331124,-0.2290192,0.1077576,0.9674225,-0.2290192,0.1077576,0.9674225,4.531403,4.531403,True,True,True
1636187,63779589519210,-13.55177,2.610089,-0.07756543,0.02412209,0.9542592,0.1694263,-0.2451577,0.01090759,0.003143708,-0.0236223,-0.2114868,0.09666443,0.97258,0.03287317,0.002921173,-0.02331221,0.03287317,0.002921173,-0.02331221,-0.2299042,0.1096802,0.9669952,-0.2299042,0.1096802,0.9669952,4.479324,4.479324,True,True,True
1636195,63779589519222,-13.55168,2.609984,-0.07780051,0.02351442,0.9546128,0.1688422,-0.2442411,0.01177737,0.003144226,-0.02361363,-0.2115326,0.1008301,0.9721527,0.03285564,0.002930237,-0.02331099,0.03285564,0.002930237,-0.02331099,-0.2246552,0.1144257,0.9676819,-0.2246552,0.1144257,0.9676819,4.512421,4.512421,True,True,True
1636203,63779589519222,-13.55168,2.609984,-0.07780051,0.02351442,0.9546128,0.1688422,-0.2442411,0.01216153,0.003153381,-0.0236086,-0.2039642,0.1028595,0.9735565,0.03283785,0.002948242,-0.02331001,0.03283785,0.002948242,-0.02331001,-0.2242737,0.1138,0.9678497,-0.2242737,0.1138,0.9678497,4.548843,4.548843,True,True,True
1636212,63779589519233,-13.55149,2.609898,-0.07798648,0.02316798,0.9549326,0.1684233,-0.243312,0.01232178,0.00315416,-0.0235984,-0.1976318,0.1051483,0.9746094,0.03282832,0.002951035,-0.02330318,0.03282832,0.002951035,-0.02330318,-0.2158966,0.1152191,0.9695892,-0.2158966,0.1152191,0.9695892,4.541153,4.541153,True,True,True
1636220,63779589519244,-13.55152,2.609808,-0.07822651,0.02271452,0.955211,0.1680479,-0.24252,0.01208482,0.003158295,-0.0236003,-0.1999359,0.105957,0.9740601,0.03282135,0.002950867,-0.02330367,0.03282135,0.002950867,-0.02330367,-0.2137756,0.1193848,0.9695435,-0.2137756,0.1193848,0.9695435,4.514191,4.514191,True,True,True
1636228,63779589519255,-13.5515,2.60972,-0.07830364,0.02227529,0.9554154,0.1677479,-0.2419623,0.01158476,0.003168701,-0.02360645,-0.1893311,0.1091003,0.9758301,0.03281444,0.002952683,-0.02330037,0.03281444,0.002952683,-0.02330037,-0.202652,0.1235657,0.9714203,-0.202652,0.1235657,0.9714203,4.402359,4.402359,True,True,True
1636237,63779589519255,-13.5515,2.60972,-0.07830364,0.02227529,0.9554154,0.1677479,-0.2419623,0.01108955,0.003183151,-0.02362314,-0.2041321,0.1096802,0.9727631,0.03281082,0.002964523,-0.02331742,0.03281082,0.002964523,-0.02331742,-0.2246094,0.1275024,0.9660645,-0.2246094,0.1275024,0.9660645,4.533432,4.533432,True,True,True
1636245,63779589519266,-13.55151,2.609619,-0.07846475,0.0219845,0.9556255,0.1674066,-0.2413955,0.01062119,0.003190903,-0.02361017,-0.1885223,0.1037292,0.9765625,0.03281285,0.002967621,-0.02328923,0.03281285,0.002967621,-0.02328923,-0.2042084,0.1162872,0.9719849,-0.2042084,0.1162872,0.9719849,4.503632,4.503632,True,True,True
1636253,63779589519277,-13.55149,2.609576,-0.07864696,0.02157466,0.9557921,0.1669216,-0.2411085,0.01011093,0.003202911,-0.02361665,-0.1874237,0.1041565,0.9767303,0.03281249,0.002971848,-0.02328589,0.03281249,0.002971848,-0.02328589,-0.2061462,0.1146851,0.9717712,-0.2061462,0.1146851,0.9717712,4.51265,4.51265,True,True,True
1636262,63779589519289,-13.55146,2.609498,-0.07872707,0.02106817,0.9559779,0.166486,-0.2407175,0.009918076,0.003211579,-0.0236261,-0.1863098,0.1083527,0.9764862,0.0328122,0.002978317,-0.02329415,0.0328122,0.002978317,-0.02329415,-0.2025299,0.1226654,0.9715576,-0.2025299,0.1226654,0.9715576,4.406815,4.406815,True,True,True
1636270,63779589519289,-13.55146,2.609498,-0.07872707,0.02106817,0.9559779,0.166486,-0.2407175,0.009752747,0.003196549,-0.02364584,-0.1934967,0.1091309,0.9750061,0.03283546,0.002953613,-0.02332301,0.03283546,0.002953613,-0.02332301,-0.208847,0.1260986,0.9697723,-0.208847,0.1260986,0.9697723,4.557785,4.557785,True,True,True
1636278,63779589519300,-13.55141,2.609403,-0.07879752,0.02077414,0.9561736,0.1658739,-0.2403877,0.009765381,0.00316536,-0.02366164,-0.2130432,0.1087799,0.9709625,0.03291809,0.00292218,-0.02333124,0.03291809,0.00292218,-0.02333124,-0.2312927,0.1177521,0.9657288,-0.2312927,0.1177521,0.9657288,4.354095,4.354095,True,True,True
1636287,63779589519310,-13.55137,2.609264,-0.07885051,0.02032644,0.9563637,0.165158,-0.2401626,0.008734848,0.00314827,-0.02370886,-0.2319641,0.1040497,0.9671326,0.03306973,0.002902756,-0.02338178,0.03306973,0.002902756,-0.02338178,-0.256546,0.1191559,0.9591522,-0.256546,0.1191559,0.9591522,4.43811,4.43811,True,True,True
1636295,63779589519321,-13.55134,2.609111,-0.07891333,0.01979784,0.9566262,0.1643012,-0.2397489,0.006855454,0.003165787,-0.02378552,-0.2743683,0.1070557,0.9556274,0.03318144,0.002892075,-0.02344469,0.03318144,0.002892075,-0.02344469,-0.3060913,0.1191711,0.9445038,-0.3060913,0.1191711,0.9445038,4.563248,4.563248,True,True,True
1636303,63779589519321,-13.55134,2.609111,-0.07891333,0.01979784,0.9566262,0.1643012,-0.2397489,0.003795319,0.003212906,-0.02383124,-0.2742615,0.09724426,0.9567108,0.03327353,0.002922562,-0.02345079,0.03327353,0.002922562,-0.02345079,-0.3146973,0.1052399,0.9433289,-0.3146973,0.1052399,0.9433289,4.55397,4.55397,True,True,True
1636312,63779589519333,-13.5513,2.608895,-0.07893062,0.01907152,0.9569466,0.1631301,-0.2393283,0.0008137207,0.003248428,-0.02387972,-0.2784119,0.1015472,0.9550629,0.03326425,0.002931488,-0.02346694,0.03326425,0.002931488,-0.02346694,-0.3316956,0.1103973,0.9368896,-0.3316956,0.1103973,0.9368896,4.619995,4.619995,True,True,True
1636320,63779589519344,-13.55126,2.608695,-0.07897967,0.01843602,0.9572721,0.1620395,-0.2388169,-0.0007764283,0.003268692,-0.02390416,-0.2817688,0.1040192,0.9538116,0.03325829,0.00293982,-0.02346796,0.03325829,0.00293982,-0.02346796,-0.331955,0.1133728,0.9364471,-0.331955,0.1133728,0.9364471,4.649979,4.649979,True,True,True
1636328,63779589519355,-13.55118,2.608472,-0.0790202,0.01760527,0.9576151,0.1609676,-0.2382286,-0.0002113342,0.003267044,-0.02388973,-0.2797852,0.1003418,0.9547882,0.03325902,0.002947067,-0.02345877,0.03325902,0.002947067,-0.02345877,-0.3288422,0.1084595,0.9381256,-0.3288422,0.1084595,0.9381256,4.631378,4.631378,True,True,True
1636337,63779589519355,-13.55118,2.608472,-0.0790202,0.01760527,0.9576151,0.1609676,-0.2382286,0.001702942,0.003255066,-0.02386827,-0.2846832,0.106369,0.9526825,0.03325643,0.002950806,-0.02345976,0.03325643,0.002950806,-0.02345976,-0.3299561,0.1117096,0.9373474,-0.3299561,0.1117096,0.9373474,4.636185,4.636185,True,True,True
1636345,63779589519366,-13.55112,2.60831,-0.07909107,0.01674704,0.9579121,0.1599957,-0.2377505,0.004804962,0.003231217,-0.02383107,-0.2907257,0.1103363,0.9504089,0.03325383,0.002954529,-0.02346069,0.03325383,0.002954529,-0.02346069,-0.3302307,0.1148834,0.9368744,-0.3302307,0.1148834,0.9368744,4.636948,4.636948,True,True,True
1636353,63779589519377,-13.55103,2.608222,-0.07910222,0.01596963,0.9582455,0.1590526,-0.2370925,0.007594177,0.003214783,-0.0238013,-0.2947388,0.1139679,0.9487457,0.03325643,0.002950806,-0.02346074,0.03325643,0.002950806,-0.02346074,-0.3299713,0.1172333,0.936676,-0.3299713,0.1172333,0.936676,4.634674,4.634674,True,True,True
1636362,63779589519388,-13.551,2.608085,-0.07918864,0.01521032,0.9586049,0.1580444,-0.2363625,0.01049307,0.003188904,-0.02375981,-0.2970581,0.1127472,0.9481659,0.03325383,0.002954529,-0.02346069,0.03325383,0.002954529,-0.02346069,-0.3310699,0.1175995,0.9362335,-0.3310699,0.1175995,0.9362335,4.631439,4.631439,True,True,True
1636370,63779589519388,-13.551,2.608085,-0.07918864,0.01521032,0.9586049,0.1580444,-0.2363625,0.01151518,0.003186417,-0.02374455,-0.2997589,0.1124878,0.9473419,0.03325171,0.002959457,-0.02345995,0.03325171,0.002959457,-0.02345995,-0.3318329,0.1192017,0.9357605,-0.3318329,0.1192017,0.9357605,4.630371,4.630371,True,True,True
1636378,63779589519404,-13.55096,2.607911,-0.07930142,0.01429811,0.9589872,0.1569463,-0.2355991,0.01167796,0.003193176,-0.02374338,-0.2990112,0.1151733,0.9472656,0.03324959,0.002964386,-0.0234592,0.03324959,0.002964386,-0.0234592,-0.3322296,0.1207733,0.9354248,-0.3322296,0.1207733,0.9354248,4.62883,4.62883,True,True,True
1636387,63779589519410,-13.55097,2.607727,-0.07934219,0.01325816,0.9593856,0.1557508,-0.2348304,0.01157047,0.003194443,-0.02374387,-0.3034058,0.1146698,0.9459229,0.03324393,0.002971573,-0.02345899,0.03324393,0.002971573,-0.02345899,-0.3332977,0.1194305,0.9352112,-0.3332977,0.1194305,0.9352112,4.623703,4.623703,True,True,True
1636395,63779589519418,-13.55094,2.607545,-0.07949674,0.01214298,0.9597468,0.1547298,-0.2340881,0.01080138,0.003221954,-0.02377742,-0.2948761,0.127594,0.9469604,0.03324733,0.00299353,-0.02349667,0.03324733,0.00299353,-0.02349667,-0.320282,0.1410828,0.9367523,-0.320282,0.1410828,0.9367523,4.657196,4.657196,True,True,True
1636403,63779589519430,-13.55099,2.607376,-0.07955837,0.01094875,0.9600803,0.1538772,-0.2333402,0.01040848,0.003243012,-0.02376744,-0.287262,0.1287689,0.9491425,0.03317435,0.003005997,-0.02347752,0.03317435,0.003005997,-0.02347752,-0.3139038,0.1418915,0.9387817,-0.3139038,0.1418915,0.9387817,4.572662,4.572662,True,True,True
1636412,63779589519430,-13.55099,2.607376,-0.07955837,0.01094875,0.9600803,0.1538772,-0.2333402,0.0097249,0.003256058,-0.02370851,-0.2409058,0.1187134,0.9632568,0.0330105,0.003013825,-0.02338936,0.0330105,0.003013825,-0.02338936,-0.2676239,0.1279907,0.9549713,-0.2676239,0.1279907,0.9549713,4.607391,4.607391,True,True,True
1636420,63779589519441,-13.55099,2.607322,-0.07968849,0.009795981,0.9603473,0.1532161,-0.2327271,0.0136604,0.00319426,-0.02357153,-0.1954956,0.1252594,0.9726563,0.03275939,0.003008881,-0.02332126,0.03275939,0.003008881,-0.02332126,-0.2148895,0.1375275,0.9669037,-0.2148895,0.1375275,0.9669037,4.575882,4.575882,True,True,True
1636428,63779589519452,-13.55103,2.607185,-0.07973343,0.008780372,0.9605705,0.1525822,-0.2322624,0.02080199,0.003091812,-0.02333174,-0.1654205,0.1231537,0.9785004,0.03243227,0.002995438,-0.02323221,0.03243227,0.002995438,-0.02323221,-0.171814,0.1290131,0.9766388,-0.171814,0.1290131,0.9766388,4.668152,4.668152,True,True,True
1636437,63779589519464,-13.55097,2.607078,-0.0798521,0.007958598,0.9607369,0.1519323,-0.2320296,0.03173946,0.00304512,-0.0231821,-0.117691,0.1207581,0.985672,0.03217449,0.003043091,-0.0231819,0.03217449,0.003043091,-0.0231819,-0.1177979,0.1209412,0.9856415,-0.1177979,0.1209412,0.9856415,4.44043,4.44043,True,True,True
1636445,63779589519464,-13.55097,2.607078,-0.0798521,0.007958598,0.9607369,0.1519323,-0.2320296,0.03197402,0.003026428,-0.02316069,-0.08544922,0.1204224,0.9890289,0.03206549,0.003024918,-0.02315703,0.03206549,0.003024918,-0.02315703,-0.08552551,0.1205292,0.9890137,-0.08552551,0.1205292,0.9890137,4.515869,4.515869,True,True,True
1636453,63779589519474,-13.55098,2.606986,-0.07990825,0.007150863,0.9609336,0.1511959,-0.2317229,0.03210001,0.002981705,-0.0231512,-0.07754517,0.1346741,0.9878387,0.03210031,0.002981705,-0.02315119,0.03210031,0.002981705,-0.02315119,-0.07754517,0.1346741,0.9878387,-0.07754517,0.1346741,0.9878387,4.420914,4.420914,True,True,True
1636462,63779589519485,-13.55095,2.606846,-0.07990193,0.006555882,0.9611054,0.1504194,-0.2315329,0.03210588,0.002981079,-0.02314916,-0.07260132,0.1310577,0.9887085,0.03210588,0.002981079,-0.02314916,0.03210588,0.002981079,-0.02314916,-0.07260132,0.1310577,0.9887085,-0.07260132,0.1310577,0.9887085,4.496155,4.496155,True,True,True
1636470,63779589519496,-13.55104,2.60671,-0.07981914,0.006154008,0.9612445,0.1497789,-0.2313815,0.03211145,0.002980469,-0.02314713,-0.06829834,0.1270752,0.9895325,0.03211145,0.002980469,-0.02314713,0.03211145,0.002980469,-0.02314713,-0.06829834,0.1270752,0.9895325,-0.06829834,0.1270752,0.9895325,4.525009,4.525009,True,True,True
1636478,63779589519496,-13.55104,2.60671,-0.07981914,0.006154008,0.9612445,0.1497789,-0.2313815,0.03210588,0.002981079,-0.02314916,-0.07138062,0.1314392,0.988739,0.03210588,0.002981079,-0.02314916,0.03210588,0.002981079,-0.02314916,-0.07138062,0.1314392,0.988739,-0.07138062,0.1314392,0.988739,4.543198,4.543198,True,True,True
1636487,63779589519507,-13.5511,2.606633,-0.07978898,0.005805236,0.9613412,0.1490501,-0.2314596,0.03210031,0.002981705,-0.02315119,-0.07453918,0.1357269,0.9879303,0.03210031,0.002981705,-0.02315119,0.03210031,0.002981705,-0.02315119,-0.07453918,0.1357269,0.9879303,-0.07453918,0.1357269,0.9879303,4.54509,4.54509,True,True,True
1636495,63779589519518,-13.55122,2.606499,-0.0796901,0.005598484,0.9614094,0.1483194,-0.2316507,0.03209937,0.003004715,-0.02315866,-0.07383728,0.1310577,0.9886169,0.03209937,0.003004715,-0.02315866,0.03209937,0.003004715,-0.02315866,-0.07383728,0.1310577,0.9886169,-0.07383728,0.1310577,0.9886169,4.546524,4.546524,True,True,True
1636503,63779589519530,-13.55135,2.606399,-0.07963258,0.005214197,0.9614643,0.1476864,-0.231836,0.03209862,0.003027741,-0.02316473,-0.07313538,0.1261749,0.9893036,0.03209862,0.003027741,-0.02316473,0.03209862,0.003027741,-0.02316473,-0.07313538,0.1261749,0.9893036,-0.07313538,0.1261749,0.9893036,4.537567,4.537567,True,True,True
1636512,63779589519530,-13.55135,2.606399,-0.07963258,0.005214197,0.9614643,0.1476864,-0.231836,0.03209926,0.003036988,-0.02316368,-0.07223511,0.1239471,0.9896393,0.03209946,0.003036988,-0.02316368,0.03209946,0.003036988,-0.02316368,-0.07223511,0.1239624,0.9896393,-0.07223511,0.1239624,0.9896393,4.529343,4.529343,True,True,True
1636520,63779589519541,-13.55153,2.606244,-0.0795176,0.004908145,0.9614217,0.1469575,-0.2324817,0.01971472,0.00324971,-0.02365514,-0.06834412,0.1083679,0.991745,0.03210031,0.003046234,-0.02316261,0.03210031,0.003046234,-0.02316261,-0.07272339,0.1218719,0.9898682,-0.07272339,0.1218719,0.9898682,4.534363,4.534363,True,True,True
1636528,63779589519552,-13.55179,2.606154,-0.07937181,0.004660621,0.9612936,0.1463638,-0.2333892,0.03193936,0.003052796,-0.0231656,-0.07171631,0.1230469,0.9897919,0.03210137,0.003051056,-0.02316223,0.03210137,0.003051056,-0.02316223,-0.07171631,0.1231842,0.9897766,-0.07171631,0.1231842,0.9897766,4.540253,4.540253,True,True,True
1636537,63779589519563,-13.55213,2.606137,-0.07914406,0.004407483,0.9610657,0.1457704,-0.2347004,0.03210243,0.003055893,-0.02316228,-0.07214355,0.1244965,0.9895782,0.03210243,0.003055893,-0.02316228,0.03210243,0.003055893,-0.02316228,-0.07214355,0.1244965,0.9895782,-0.07214355,0.1244965,0.9895782,4.546997,4.546997,True,True,True
1636545,63779589519563,-13.55213,2.606137,-0.07914406,0.004407483,0.9610657,0.1457704,-0.2347004,0.03210378,0.003062638,-0.02316243,-0.07273865,0.1244202,0.9895477,0.03210378,0.003062638,-0.02316243,0.03210378,0.003062638,-0.02316243,-0.07273865,0.1244202,0.9895477,-0.07273865,0.1244202,0.9895477,4.549545,4.549545,True,True,True
1636553,63779589519575,-13.55261,2.606139,-0.07886976,0.004219663,0.9606011,0.1455,-0.2367646,0.0321051,0.003069382,-0.02316228,-0.07331848,0.1243286,0.9895172,0.0321051,0.003069382,-0.02316228,0.0321051,0.003069382,-0.02316228,-0.07331848,0.1243286,0.9895172,-0.07331848,0.1243286,0.9895172,4.55249,4.55249,True,True,True
1636562,63779589519585,-13.55325,2.606198,-0.07851624,0.003695386,0.9598005,0.1455212,-0.2399853,0.03210721,0.003075775,-0.02316207,-0.07319641,0.1225433,0.9897461,0.03210721,0.003075775,-0.02316207,0.03210721,0.003075775,-0.02316207,-0.07319641,0.1225433,0.9897461,-0.07319641,0.1225433,0.9897461,4.548431,4.548431,True,True,True
1636570,63779589519596,-13.55382,2.606119,-0.07818604,0.002908917,0.9588362,0.1456886,-0.2437203,0.0321093,0.003082169,-0.02316185,-0.07305908,0.1207581,0.989975,0.0321093,0.003082169,-0.02316185,0.0321093,0.003082169,-0.02316185,-0.07305908,0.1207581,0.989975,-0.07305908,0.1207581,0.989975,4.544281,4.544281,True,True,True
1636578,63779589519596,-13.55382,2.606119,-0.07818604,0.002908917,0.9588362,0.1456886,-0.2437203,0.03211145,0.003090683,-0.02316185,-0.07249451,0.1251373,0.9894714,0.03211145,0.003090683,-0.02316185,0.03211145,0.003090683,-0.02316185,-0.07249451,0.1251373,0.9894714,-0.07249451,0.1251373,0.9894714,4.55304,4.55304,True,True,True
1636587,63779589519608,-13.55453,2.606055,-0.07765442,0.001745916,0.9576126,0.145968,-0.2483313,0.03200467,0.003116821,-0.02314133,-0.05682373,0.1313782,0.9897003,0.03200467,0.003116821,-0.02314133,0.03200467,0.003116821,-0.02314133,-0.05682373,0.1313782,0.9897003,-0.05682373,0.1313782,0.9897003,4.553604,4.553604,True,True,True
1636595,63779589519619,-13.55529,2.605959,-0.07712179,8.711941E-05,0.9562345,0.1464643,-0.2533055,0.03173033,0.003099426,-0.02310039,-0.02607727,0.1250305,0.991806,0.03173033,0.003099426,-0.02310039,0.03173033,0.003099426,-0.02310039,-0.02607727,0.1250305,0.991806,-0.02607727,0.1250305,0.991806,4.621994,4.621994,True,True,True
1636603,63779589519630,-13.55598,2.60586,-0.07653326,-0.001719787,0.9547981,0.1469453,-0.2583885,0.03150551,0.003061127,-0.02290213,0.02813721,0.125351,0.9916992,0.0315089,0.003061112,-0.02290208,0.0315089,0.003061112,-0.02290208,0.02813721,0.125351,0.9916992,0.02813721,0.125351,0.9916992,4.690674,4.690674,True,True,True
1636612,63779589519630,-13.55598,2.60586,-0.07653326,-0.001719787,0.9547981,0.1469453,-0.2583885,0.03111788,0.003098297,-0.02278595,0.0528717,0.09898376,0.9936676,0.03117847,0.003098007,-0.02278475,0.03117847,0.003098007,-0.02278475,0.0528717,0.09898376,0.9936676,0.0528717,0.09898376,0.9936676,4.594986,4.594986,True,True,True
1636620,63779589519641,-13.55678,2.605746,-0.07595813,-0.003565333,0.9532666,0.1475562,-0.2636233,0.03078221,0.003234711,-0.02300177,0.07113647,0.06361389,0.9954224,0.03081595,0.003234635,-0.02300118,0.03081595,0.003234635,-0.02300118,0.07113647,0.06359863,0.9954224,0.07113647,0.06359863,0.9954224,4.501923,4.501923,True,True,True
1636628,63779589519652,-13.5576,2.605642,-0.07536364,-0.00553891,0.9518014,0.1481295,-0.2685166,0.03043073,0.003265091,-0.02311031,0.09007263,0.0629425,0.9939423,0.03046713,0.003264969,-0.02310973,0.03046713,0.003264969,-0.02310973,0.09005737,0.0629425,0.9939423,0.09005737,0.0629425,0.9939423,4.613297,4.613297,True,True,True
1636637,63779589519663,-13.55832,2.605564,-0.07475001,-0.007321437,0.9502772,0.1485619,-0.2735855,0.03001781,0.003189148,-0.0231149,0.114212,0.08634949,0.9896851,0.03015973,0.003188431,-0.02311254,0.03015973,0.003188431,-0.02311254,0.1141205,0.0864563,0.9896851,0.1141205,0.0864563,0.9896851,4.593918,4.593918,True,True,True
1636645,63779589519663,-13.55832,2.605564,-0.07475001,-0.007321437,0.9502772,0.1485619,-0.2735855,-0.02778641,0.003491455,-0.02412938,0.1956177,0.03886414,0.9799042,0.02995864,0.003205322,-0.02316826,0.02995864,0.003205322,-0.02316826,0,0,0,0,0,0,-1,-1,True,True,True
1636653,63779589519675,-13.55897,2.605508,-0.07415843,-0.00906361,0.9488102,0.148967,-0.2783628,-0.02798442,0.003453354,-0.02419605,0.2294464,0.03555298,0.9726563,0.02979436,0.003192261,-0.0231915,0.02979436,0.003192261,-0.0231915,0,0,0,0,0,0,-1,-1,True,True,True
1636662,63779589519685,-13.55964,2.605422,-0.07356846,-0.01064635,0.9474252,0.1492424,-0.2828405,-0.02807797,0.003520935,-0.02422388,0.2837677,-0.005264282,0.9588776,0.02962392,0.003232987,-0.02326701,0.02962392,0.003232987,-0.02326701,0,0,0,0,0,0,-1,-1,True,True,True
1636670,63779589519697,-13.56036,2.605327,-0.07301867,-0.01227792,0.9461657,0.1495296,-0.2868111,-0.001,-0.001,-0.001,1,-1,-1,0.02942865,0.003145554,-0.02323053,0.02942865,0.003145554,-0.02323053,0,0,0,0,0,0,-1,-1,False,True,True
1636678,63779589519697,-13.56036,2.605327,-0.07301867,-0.01227792,0.9461657,0.1495296,-0.2868111,-0.001,-0.001,-0.001,1,-1,-1,0.02928578,0.003155945,-0.02321959,0.02928578,0.003155945,-0.02321959,0,0,0,0,0,0,-1,-1,False,True,True
1636687,63779589519708,-13.56108,2.605231,-0.07257187,-0.01410105,0.9449303,0.1497416,-0.290664,-0.001,-0.001,-0.001,1,-1,-1,0.02901366,0.003653992,-0.02300934,0.02901366,0.003653992,-0.02300934,0,0,0,0,0,0,-1,-1,False,True,True
1636695,63779589519719,-13.56174,2.605182,-0.07207859,-0.01569822,0.943732,0.1502083,-0.2942124,-0.001,-0.001,-0.001,1,-1,-1,0.02922956,0.002817841,-0.02110028,0.02922956,0.002817841,-0.02110028,0,0,0,0,0,0,-1,-1,False,True,True
1636703,63779589519730,-13.56232,2.605148,-0.07171136,-0.01724694,0.9425296,0.1506569,-0.2977298,-0.001,-0.001,-0.001,1,-1,-1,0.03191921,-0.001860016,-0.01222009,0.03191921,-0.001860016,-0.01222009,0,0,0,0,0,0,-1,-1,False,True,True
1636712,63779589519730,-13.56232,2.605148,-0.07171136,-0.01724694,0.9425296,0.1506569,-0.2977298,-0.001,-0.001,-0.001,1,-1,-1,0.03228397,0.001757202,-0.02358559,0.03228397,0.001757202,-0.02358559,0,0,0,0,0,0,-1,-1,False,True,True
1636720,63779589519741,-13.56295,2.605176,-0.07136375,-0.01874631,0.9413306,0.1513391,-0.3010675,-0.001,-0.001,-0.001,1,-1,-1,0.03258296,0.00226413,-0.02365508,0.03258296,0.00226413,-0.02365508,0,0,0,0,0,0,-1,-1,False,True,True
1636728,63779589519752,-13.5636,2.605131,-0.07094127,-0.02034322,0.9400532,0.152085,-0.3045594,-0.001,-0.001,-0.001,1,-1,-1,0.02889008,0.002116119,-0.02098709,0.02889008,0.002116119,-0.02098709,0,0,0,0,0,0,-1,-1,False,True,True
1636737,63779589519752,-13.5636,2.605131,-0.07094127,-0.02034322,0.9400532,0.152085,-0.3045594,-0.001,-0.001,-0.001,1,-1,-1,0.02836722,0.002903336,-0.0235907,0.02836722,0.002903336,-0.0235907,0,0,0,0,0,0,-1,-1,False,True,True
1636745,63779589519763,-13.56426,2.605042,-0.0704453,-0.02196433,0.9387732,0.1526712,-0.3080812,-0.001,-0.001,-0.001,1,-1,-1,0.02802506,0.003257507,-0.02365798,0.02802506,0.003257507,-0.02365798,0,0,0,0,0,0,-1,-1,False,True,True
1636753,63779589519775,-13.56493,2.604956,-0.06998527,-0.02370764,0.9374433,0.1532664,-0.311685,-0.001,-0.001,-0.001,1,-1,-1,0.02783971,0.002993347,-0.02374139,0.02783971,0.002993347,-0.02374139,0,0,0,0,0,0,-1,-1,False,True,True
1636762,63779589519786,-13.56557,2.604855,-0.06948167,-0.02544426,0.9361171,0.1537915,-0.3152549,-0.001,-0.001,-0.001,1,-1,-1,0.02767723,0.00289946,-0.02404587,0.02767723,0.00289946,-0.02404587,0,0,0,0,0,0,-1,-1,False,True,True
1636770,63779589519786,-13.56557,2.604855,-0.06948167,-0.02544426,0.9361171,0.1537915,-0.3152549,0.02762193,0.002916855,-0.02416354,0.5687103,0.0008850098,0.822525,0.02762193,0.002916855,-0.02416354,0.02762193,0.002916855,-0.02416354,0.5687103,0.0008850098,0.822525,0.5687103,0.0008850098,0.822525,4.526154,4.526154,True,True,True
1636778,63779589519797,-13.56629,2.604731,-0.06894952,-0.02729159,0.9347485,0.1545028,-0.3187933,0.02766467,0.003084793,-0.02410155,0.6088867,-0.07421875,0.7897644,0.02766467,0.003084793,-0.02410155,0.02766467,0.003084793,-0.02410155,0.6088867,-0.07421875,0.7897644,0.6088867,-0.07421875,0.7897644,4.533752,4.533752,True,True,True
1636787,63779589519809,-13.56697,2.604662,-0.06847107,-0.02933612,0.9332666,0.1550972,-0.3226418,0.02728926,0.002856125,-0.02435523,0.5887146,-0.0160675,0.8081665,0.02728926,0.002856125,-0.02435523,0.02728926,0.002856125,-0.02435523,0.5887146,-0.0160675,0.8081665,0.5887146,-0.0160675,0.8081665,4.642593,4.642593,True,True,True
1636795,63779589519820,-13.56771,2.604548,-0.06801391,-0.03149486,0.9318045,0.1558813,-0.3262659,0.02721256,0.002821884,-0.02440477,0.5973358,-0.02210999,0.8016663,0.02721256,0.002821884,-0.02440477,0.02721256,0.002821884,-0.02440477,0.5973358,-0.02210999,0.8016663,0.5973358,-0.02210999,0.8016663,4.689407,4.689407,True,True,True
1636803,63779589519820,-13.56771,2.604548,-0.06801391,-0.03149486,0.9318045,0.1558813,-0.3262659,0.02710503,0.002781052,-0.02447839,0.5992889,-0.01385498,0.8003998,0.02710503,0.002781052,-0.02447839,0.02710503,0.002781052,-0.02447839,0.5992889,-0.01385498,0.8003998,0.5992889,-0.01385498,0.8003998,4.529526,4.529526,True,True,True
1636812,63779589519831,-13.5685,2.604458,-0.06749469,-0.03354995,0.9303025,0.1567434,-0.329914,0.02705655,0.002749542,-0.0245773,0.6372223,-0.02827454,0.7701416,0.02705655,0.002749542,-0.0245773,0.02705655,0.002749542,-0.0245773,0.6372223,-0.02827454,0.7701416,0.6372223,-0.02827454,0.7701416,4.603806,4.603806,True,True,True
1636820,63779589519842,-13.56927,2.60445,-0.067092,-0.03570109,0.9287825,0.1574249,-0.3336256,0.02698876,0.002699646,-0.02460872,0.6356964,-0.03633118,0.7710724,0.02698876,0.002699646,-0.02460872,0.02698876,0.002699646,-0.02460872,0.6356964,-0.03633118,0.7710724,0.6356964,-0.03633118,0.7710724,4.536392,4.536392,True,True,True
1636828,63779589519854,-13.5701,2.604347,-0.06647152,-0.03809545,0.9270964,0.158241,-0.3376399,-0.001,-0.001,-0.001,1,-1,-1,0.02689763,0.002742981,-0.02467218,0.02689763,0.002742981,-0.02467218,0,0,0,0,0,0,-1,-1,False,True,True
1636837,63779589519854,-13.5701,2.604347,-0.06647152,-0.03809545,0.9270964,0.158241,-0.3376399,-0.001,-0.001,-0.001,1,-1,-1,0.02684876,0.002710739,-0.02470276,0.02684876,0.002710739,-0.02470276,0,0,0,0,0,0,-1,-1,False,True,True
1636845,63779589519865,-13.57094,2.604268,-0.06585562,-0.04064849,0.9253711,0.1588853,-0.3417478,-0.001,-0.001,-0.001,1,-1,-1,0.02681102,0.002672653,-0.02471511,0.02681102,0.002672653,-0.02471511,0,0,0,0,0,0,-1,-1,False,True,True
1636853,63779589519876,-13.5718,2.604129,-0.06518692,-0.04342045,0.9235762,0.1595812,-0.3459127,-0.001,-0.001,-0.001,1,-1,-1,0.02676041,0.002659454,-0.02477391,0.02676041,0.002659454,-0.02477391,0,0,0,0,0,0,-1,-1,False,True,True
1636862,63779589519888,-13.5727,2.603958,-0.06448507,-0.0465287,0.9218387,0.1599049,-0.3499698,-0.001,-0.001,-0.001,1,-1,-1,0.02662683,0.0026362,-0.02491696,0.02662683,0.0026362,-0.02491696,0,0,0,0,0,0,-1,-1,False,True,True
1636870,63779589519888,-13.5727,2.603958,-0.06448507,-0.0465287,0.9218387,0.1599049,-0.3499698,-0.001,-0.001,-0.001,1,-1,-1,0.02659976,0.002652664,-0.02492085,0.02659976,0.002652664,-0.02492085,0,0,0,0,0,0,-1,-1,False,True,True
1636878,63779589519899,-13.57362,2.603764,-0.06375372,-0.0497633,0.920024,0.1603806,-0.3540585,-0.001,-0.001,-0.001,1,-1,-1,0.02653527,0.002574997,-0.02496304,0.02653527,0.002574997,-0.02496304,0,0,0,0,0,0,-1,-1,False,True,True
1636887,63779589519910,-13.57461,2.603543,-0.06292045,-0.05335304,0.9180792,0.1606103,-0.3584526,-0.001,-0.001,-0.001,1,-1,-1,0.02656307,0.002639771,-0.02493143,0.02656307,0.002639771,-0.02493143,0,0,0,0,0,0,-1,-1,False,True,True
1636895,63779589519922,-13.57568,2.603341,-0.06208628,-0.0568288,0.9159466,0.1613936,-0.3629937,-0.001,-0.001,-0.001,1,-1,-1,0.02654268,0.002608322,-0.02498995,0.02654268,0.002608322,-0.02498995,0,0,0,0,0,0,-1,-1,False,True,True
1636903,63779589519922,-13.57568,2.603341,-0.06208628,-0.0568288,0.9159466,0.1613936,-0.3629937,-0.001,-0.001,-0.001,1,-1,-1,0.0265688,0.002648911,-0.02492435,0.0265688,0.002648911,-0.02492435,0,0,0,0,0,0,-1,-1,False,True,True
1636912,63779589519933,-13.57665,2.603178,-0.06124991,-0.0605445,0.913744,0.1622412,-0.3675379,-0.001,-0.001,-0.001,1,-1,-1,0.02655835,0.002643219,-0.02496736,0.02655835,0.002643219,-0.02496736,0,0,0,0,0,0,-1,-1,False,True,True
1636920,63779589519944,-13.57767,2.602953,-0.06040013,-0.06465347,0.9114688,0.16348,-0.3719123,-0.001,-0.001,-0.001,1,-1,-1,0.02656134,0.002638596,-0.02495801,0.02656134,0.002638596,-0.02495801,0,0,0,0,0,0,-1,-1,False,True,True
1636928,63779589519944,-13.57767,2.602953,-0.06040013,-0.06465347,0.9114688,0.16348,-0.3719123,-0.001,-0.001,-0.001,1,-1,-1,0.02656206,0.002658112,-0.02495873,0.02656206,0.002658112,-0.02495873,0,0,0,0,0,0,-1,-1,False,True,True
1636937,63779589519956,-13.57871,2.602712,-0.05955279,-0.0691391,0.9092168,0.1649384,-0.3759519,-0.001,-0.001,-0.001,1,-1,-1,0.02657907,0.002655457,-0.02492398,0.02657907,0.002655457,-0.02492398,0,0,0,0,0,0,-1,-1,False,True,True
1636945,63779589519967,-13.57974,2.602497,-0.05870944,-0.07352316,0.9069421,0.1665448,-0.3798857,-0.001,-0.001,-0.001,1,-1,-1,0.02669914,0.002648102,-0.0248392,0.02669914,0.002648102,-0.0248392,0,0,0,0,0,0,-1,-1,False,True,True
1636953,63779589519978,-13.58086,2.602381,-0.0578174,-0.07822572,0.9046373,0.1683428,-0.3836312,-0.001,-0.001,-0.001,1,-1,-1,0.02679755,0.002668564,-0.02481711,0.02679755,0.002668564,-0.02481711,0,0,0,0,0,0,-1,-1,False,True,True
1636962,63779589519978,-13.58189,2.602052,-0.05695587,-0.0829223,0.9022272,0.1701734,-0.3874933,-0.001,-0.001,-0.001,1,-1,-1,0.02687453,0.002652969,-0.02472534,0.02687453,0.002652969,-0.02472534,0,0,0,0,0,0,-1,-1,False,True,True
1636970,63779589519989,-13.58189,2.602052,-0.05695587,-0.0829223,0.9022272,0.1701734,-0.3874933,-0.001,-0.001,-0.001,1,-1,-1,0.02694696,0.002661438,-0.02469342,0.02694696,0.002661438,-0.02469342,0,0,0,0,0,0,-1,-1,False,True,True
1636978,63779589520000,-13.58288,2.601769,-0.05612403,-0.08767843,0.9000116,0.1717194,-0.3909016,-0.001,-0.001,-0.001,1,-1,-1,0.02703763,0.002637421,-0.02464403,0.02703763,0.002637421,-0.02464403,0,0,0,0,0,0,-1,-1,False,True,True
1636987,63779589520010,-13.58386,2.601484,-0.05528176,-0.09242639,0.8977586,0.1731763,-0.3943308,-0.001,-0.001,-0.001,1,-1,-1,0.02709303,0.002595276,-0.02460704,0.02709303,0.002595276,-0.02460704,0,0,0,0,0,0,-1,-1,False,True,True
1636995,63779589520010,-13.58386,2.601484,-0.05528176,-0.09242639,0.8977586,0.1731763,-0.3943308,-0.001,-0.001,-0.001,1,-1,-1,0.02715015,0.002630997,-0.02455869,0.02715015,0.002630997,-0.02455869,0,0,0,0,0,0,-1,-1,False,True,True
1637003,63779589520022,-13.58481,2.601153,-0.05445772,-0.09686682,0.8957128,0.1744889,-0.3973274,0.02718543,0.002556839,-0.02451232,0.6320953,-0.005630493,0.7748566,0.02718543,0.002556839,-0.02451232,0.02718543,0.002556839,-0.02451232,0.6320953,-0.005630493,0.7748566,0.6320953,-0.005630493,0.7748566,4.469681,4.469681,True,True,True
1637012,63779589520033,-13.58568,2.60086,-0.05369818,-0.1010038,0.8936693,0.1755985,-0.4003981,0.02715149,0.00249649,-0.02452077,0.6165924,0.01309204,0.7871552,0.02715149,0.00249649,-0.02452077,0.02715149,0.00249649,-0.02452077,0.6165924,0.01309204,0.7871552,0.6165924,0.01309204,0.7871552,4.259109,4.259109,True,True,True
1637020,63779589520044,-13.58652,2.600598,-0.05297714,-0.1046506,0.8917414,0.1765654,-0.4033239,-0.001095566,0.002710648,-0.02501917,0.6170654,-0.004516602,0.7868805,0.02722099,0.002455063,-0.02445841,0.02722099,0.002455063,-0.02445841,0.6023254,0.02809143,0.7977448,0.6023254,0.02809143,0.7977448,4.540253,4.540253,True,True,True
1637028,63779589520055,-13.58731,2.600286,-0.05221128,-0.1078724,0.8899928,0.1771728,-0.406062,-0.001648331,0.002748093,-0.02500287,0.6176147,-0.004241943,0.7864532,0.02728551,0.002478165,-0.0244241,0.02728551,0.002478165,-0.0244241,0.6047211,0.02468872,0.7960358,0.6047211,0.02468872,0.7960358,4.462189,4.462189,True,True,True
1637037,63779589520055,-13.58731,2.600286,-0.05221128,-0.1078724,0.8899928,0.1771728,-0.406062,-0.0006534729,0.002773102,-0.02493462,0.61409,-0.003326416,0.7892151,0.02735906,0.002505936,-0.02438033,0.02735906,0.002505936,-0.02438033,0.6087494,0.0193634,0.7931061,0.6087494,0.0193634,0.7931061,4.567184,4.567184,True,True,True
1637045,63779589520067,-13.58812,2.599882,-0.0514285,-0.1110174,0.8882662,0.177827,-0.4087003,0.00129129,0.002784165,-0.02485968,0.6123657,0.0001678467,0.7905579,0.02743427,0.00253891,-0.02431142,0.02743427,0.00253891,-0.02431142,0.6054077,0.01234436,0.7958069,0.6054077,0.01234436,0.7958069,4.569107,4.569107,True,True,True
1637053,63779589520077,-13.58877,2.59957,-0.05074716,-0.1141458,0.8866959,0.1782514,-0.4110567,0.002672058,0.002750687,-0.02482755,0.5966492,0.01570129,0.8023376,0.02738962,0.002488312,-0.02433533,0.02738962,0.002488312,-0.02433533,0.5832825,0.04098511,0.8112183,0.5832825,0.04098511,0.8112183,4.470947,4.470947,True,True,True
1637062,63779589520077,-13.58877,2.59957,-0.05074716,-0.1141458,0.8866959,0.1782514,-0.4110567,0.002836151,0.002746445,-0.02479042,0.5897217,0.01307678,0.8074799,0.02742737,0.002480377,-0.02430751,0.02742737,0.002480377,-0.02430751,0.5791626,0.04101563,0.8141632,0.5791626,0.04101563,0.8141632,4.505783,4.505783,True,True,True
1637070,63779589520089,-13.58937,2.599239,-0.05014116,-0.1174453,0.8851136,0.1787911,-0.4132968,0.002944,0.002756607,-0.02475446,0.5774078,0.01828003,0.8162384,0.02746913,0.002481628,-0.02426744,0.02746913,0.002481628,-0.02426744,0.563736,0.04704285,0.8246002,0.563736,0.04704285,0.8246002,4.399399,4.399399,True,True,True
1637078,63779589520100,-13.58988,2.598971,-0.04957646,-0.1207097,0.8837093,0.1794219,-0.4150842,0.002688141,0.002772995,-0.02473679,0.5768433,0.01353455,0.8167419,0.02750989,0.002484604,-0.0242413,0.02750989,0.002484604,-0.0242413,0.5647125,0.03486633,0.8245392,0.5647125,0.03486633,0.8245392,4.419128,4.419128,True,True,True
1637087,63779589520111,-13.59042,2.598703,-0.04905057,-0.1238268,0.8823912,0.1801287,-0.4166609,0.002304016,0.002795166,-0.02471263,0.5775604,0.009216309,0.8162842,0.02756078,0.002495194,-0.02421692,0.02756078,0.002495194,-0.02421692,0.5622711,0.03735352,0.8260956,0.5622711,0.03735352,0.8260956,4.437469,4.437469,True,True,True
1637095,63779589520111,-13.59042,2.598703,-0.04905057,-0.1238268,0.8823912,0.1801287,-0.4166609,0.004569885,0.002792297,-0.02466295,0.5773163,0.01689148,0.81633,0.02759682,0.002516739,-0.02420397,0.02759682,0.002516739,-0.02420397,0.5643005,0.03686523,0.8247223,0.5643005,0.03686523,0.8247223,4.47049,4.47049,True,True,True
1637103,63779589520122,-13.59095,2.598475,-0.04857332,-0.1268975,0.881268,0.1808929,-0.4177817,0.0044525,0.002807312,-0.02465302,0.573761,0.01699829,0.8188324,0.02760675,0.002528992,-0.02419887,0.02760675,0.002528992,-0.02419887,0.5617676,0.0410614,0.8262634,0.5617676,0.0410614,0.8262634,4.426651,4.426651,True,True,True
1637111,63779589520133,-13.59143,2.598245,-0.04818243,-0.1298747,0.8801986,0.1817179,-0.4187621,0.004445404,0.00281778,-0.0246373,0.5700531,0.02693176,0.8211517,0.02765588,0.002538574,-0.02418079,0.02765588,0.002538574,-0.02418079,0.5603638,0.04841614,0.826828,0.5603638,0.04841614,0.826828,4.531097,4.531097,True,True,True
1637120,63779589520144,-13.59189,2.598011,-0.04791379,-0.1329301,0.8793288,0.1825425,-0.4192715,0.007140305,0.002824707,-0.02454793,0.5644836,0.02270508,0.825119,0.02770357,0.002591431,-0.02414372,0.02770357,0.002591431,-0.02414372,0.5610046,0.0370636,0.8269653,0.5610046,0.0370636,0.8269653,4.418015,4.418015,True,True,True
1637128,63779589520144,-13.59189,2.598011,-0.04791379,-0.1329301,0.8793288,0.1825425,-0.4192715,0.005134903,0.002859039,-0.02457654,0.5618591,0.03074646,0.8266449,0.02773758,0.002594483,-0.02413207,0.02773758,0.002594483,-0.02413207,0.5598907,0.04489136,0.8273315,0.5598907,0.04489136,0.8273315,4.529373,4.529373,True,True,True
1637136,63779589520156,-13.59231,2.597836,-0.04763508,-0.1357328,0.8785428,0.1833077,-0.4196873,0.005946701,0.002867966,-0.02455837,0.5597534,0.04174805,0.8275909,0.02774326,0.002596192,-0.0241248,0.02774326,0.002596192,-0.0241248,0.5559998,0.05427551,0.8294067,0.5559998,0.05427551,0.8294067,4.557053,4.557053,True,True,True
1637145,63779589520166,-13.59272,2.597672,-0.04737443,-0.1382353,0.8778934,0.1839296,-0.4199573,0.006270859,0.002874329,-0.02453089,0.5565643,0.0333252,0.8301239,0.02777173,0.002586105,-0.02409967,0.02777173,0.002586105,-0.02409967,0.5487213,0.04867554,0.8345642,0.5487213,0.04867554,0.8345642,4.35817,4.35817,True,True,True
1637153,63779589520178,-13.59307,2.597518,-0.04715842,-0.1403346,0.8774791,0.184256,-0.419984,0.006690506,0.002870667,-0.0245043,0.5549927,0.03492737,0.8311005,0.02779869,0.002578766,-0.02408368,0.02779869,0.002578766,-0.02408368,0.5511322,0.04573059,0.8331451,0.5511322,0.04573059,0.8331451,4.543518,4.543518,True,True,True
1637161,63779589520178,-13.59307,2.597518,-0.04715842,-0.1403346,0.8774791,0.184256,-0.419984,0.007017243,0.002875626,-0.02450491,0.553772,0.04653931,0.8313446,0.02781372,0.002576523,-0.02409299,0.02781372,0.002576523,-0.02409299,0.5493011,0.06013489,0.8334503,0.5493011,0.06013489,0.8334503,4.446106,4.446106,True,True,True
1637170,63779589520189,-13.59343,2.597359,-0.04702777,-0.1421858,0.8772191,0.184538,-0.4197804,0.00660582,0.002892105,-0.02449474,0.5466156,0.04566956,0.8361206,0.02783473,0.002581513,-0.02407507,0.02783473,0.002581513,-0.02407507,0.5418549,0.06298828,0.8381042,0.5418549,0.06298828,0.8381042,4.48082,4.48082,True,True,True
1637178,63779589520200,-13.59368,2.597209,-0.04693699,-0.1436651,0.8770988,0.1844357,-0.419573,0.006149079,0.002912186,-0.02449385,0.5483398,0.03977966,0.8352966,0.02785854,0.002591294,-0.02406268,0.02785854,0.002591294,-0.02406268,0.5438538,0.05578613,0.8373108,0.5438538,0.05578613,0.8373108,4.326431,4.326431,True,True,True
1637186,63779589520211,-13.59395,2.597065,-0.04687119,-0.1451476,0.8770519,0.1841996,-0.4192644,0.005673035,0.002931137,-0.02450026,0.5486603,0.03918457,0.8351135,0.02786798,0.00259433,-0.02404373,0.02786798,0.00259433,-0.02404373,0.5391846,0.04942322,0.8407288,0.5391846,0.04942322,0.8407288,4.278503,4.278503,True,True,True
1637195,63779589520211,-13.59395,2.597065,-0.04687119,-0.1451476,0.8770519,0.1841996,-0.4192644,0.003008133,0.002991043,-0.02455638,0.5509796,0.04229736,0.8334351,0.0278712,0.002612595,-0.02405852,0.0278712,0.002612595,-0.02405852,0.5429535,0.06323242,0.8373718,0.5429535,0.06323242,0.8373718,4.348679,4.348679,True,True,True
1637203,63779589520222,-13.59414,2.596929,-0.04686755,-0.146195,0.8771282,0.1840127,-0.4188226,0.00457631,0.002982605,-0.02451389,0.5457764,0.04490662,0.8367157,0.02787258,0.002625138,-0.02404721,0.02787258,0.002625138,-0.02404721,0.5378723,0.06306458,0.8406525,0.5378723,0.06306458,0.8406525,4.405457,4.405457,True,True,True
1637211,63779589520233,-13.59428,2.596838,-0.04687524,-0.147216,0.8771805,0.1839048,-0.4184028,0.004882279,0.002987015,-0.02450491,0.5439453,0.0491333,0.8376617,0.02787474,0.002632263,-0.02404202,0.02787474,0.002632263,-0.02404202,0.5366974,0.06237793,0.8414459,0.5366974,0.06237793,0.8414459,4.374924,4.374924,True,True,True
1637220,63779589520244,-13.59447,2.596745,-0.04692352,-0.1478063,0.87736,0.1837487,-0.4178865,0.003428772,0.003011765,-0.02454102,0.5475311,0.05250549,0.8351288,0.02787453,0.002635742,-0.02404733,0.02787453,0.002635742,-0.02404733,0.5362701,0.06959534,0.841156,0.5362701,0.06959534,0.841156,4.319901,4.319901,True,True,True
1637228,63779589520244,-13.59447,2.596745,-0.04692352,-0.1478063,0.87736,0.1837487,-0.4178865,0.004890107,0.002990906,-0.02451573,0.5486755,0.05473328,0.8342285,0.02787354,0.002636917,-0.02404535,0.02787354,0.002636917,-0.02404535,0.5379486,0.06941223,0.8401031,0.5379486,0.06941223,0.8401031,4.440933,4.440933,True,True,True
1637236,63779589520255,-13.59455,2.596674,-0.04689938,-0.1484385,0.8775625,0.1832578,-0.4174527,0.005006531,0.002990143,-0.024511,0.5449982,0.05776978,0.836441,0.02787256,0.002638092,-0.02404337,0.02787256,0.002638092,-0.02404337,0.5371399,0.0692749,0.8406372,0.5371399,0.0692749,0.8406372,4.404205,4.404205,True,True,True
1637245,63779589520267,-13.5947,2.596592,-0.04697502,-0.1489092,0.8778197,0.182836,-0.416929,0.006245575,0.002985931,-0.02448551,0.5437775,0.05836487,0.8371735,0.02786577,0.002661072,-0.02404454,0.02786577,0.002661072,-0.02404454,0.536377,0.07141113,0.8409424,0.536377,0.07141113,0.8409424,4.397324,4.397324,True,True,True
1637253,63779589520278,-13.59486,2.596526,-0.04707724,-0.14948,0.8780611,0.1823108,-0.4164459,0.006410217,0.003005646,-0.02450624,0.5520477,0.05941772,0.8316803,0.02783498,0.002685745,-0.02405962,0.02783498,0.002685745,-0.02405962,0.5429077,0.06785583,0.8370361,0.5429077,0.06785583,0.8370361,4.522049,4.522049,True,True,True
1637261,63779589520278,-13.59486,2.596526,-0.04707724,-0.14948,0.8780611,0.1823108,-0.4164459,0.005026322,0.003054215,-0.02459477,0.5634308,0.06057739,0.8239288,0.02771282,0.002721817,-0.02413178,0.02771282,0.002721817,-0.02413178,0.5548096,0.07072449,0.828949,0.5548096,0.07072449,0.828949,4.407959,4.407959,True,True,True
1637270,63779589520288,-13.595,2.59645,-0.04719508,-0.1501104,0.8782868,0.1819913,-0.4158826,0.005,0.003099716,-0.02466618,0.5803375,0.06938171,0.8114014,0.02759152,0.002779556,-0.02420514,0.02759152,0.002779556,-0.02420514,0.5682526,0.08195496,0.8187561,0.5682526,0.08195496,0.8187561,4.607285,4.607285,True,True,True
1637278,63779589520300,-13.59509,2.596404,-0.04735196,-0.1508172,0.8785838,0.1816964,-0.4151277,0.002183441,0.00318515,-0.02476157,0.5889435,0.0763092,0.8045502,0.02753494,0.002838028,-0.02424335,0.02753494,0.002838028,-0.02424335,0.5731049,0.08914185,0.8146057,0.5731049,0.08914185,0.8146057,4.594299,4.594299,True,True,True
1637286,63779589520310,-13.59518,2.596366,-0.0475238,-0.1514136,0.8788483,0.181423,-0.4144699,0.002812775,0.00320871,-0.02476175,0.5848541,0.08616638,0.8065338,0.02752005,0.002866257,-0.02425531,0.02752005,0.002866257,-0.02425531,0.5744019,0.09794617,0.8126831,0.5744019,0.09794617,0.8126831,4.771515,4.771515,True,True,True
1637295,63779589520310,-13.59518,2.596366,-0.0475238,-0.1514136,0.8788483,0.181423,-0.4144699,0.002352585,0.003220581,-0.02477307,0.5870361,0.08222961,0.8053589,0.0275159,0.002869019,-0.02425783,0.0275159,0.002869019,-0.02425783,0.5764465,0.09442139,0.8116455,0.5764465,0.09442139,0.8116455,4.684067,4.684067,True,True,True
1637303,63779589520322,-13.59526,2.596318,-0.04771477,-0.1521073,0.8792841,0.1810691,-0.413445,0.00226535,0.003226944,-0.02478061,0.5891876,0.08187866,0.8038177,0.02751488,0.002871231,-0.02426328,0.02751488,0.002871231,-0.02426328,0.5761261,0.1004791,0.8111572,0.5761261,0.1004791,0.8111572,4.72673,4.72673,True,True,True
1637311,63779589520333,-13.59529,2.596269,-0.04799902,-0.1527639,0.8796855,0.1808698,-0.4124352,0.001270599,0.003255249,-0.02482004,0.5957336,0.08326721,0.7988434,0.02750707,0.002878952,-0.0242715,0.02750707,0.002878952,-0.0242715,0.5788879,0.09980774,0.8092651,0.5788879,0.09980774,0.8092651,4.680527,4.680527,True,True,True
1637320,63779589520344,-13.59537,2.596244,-0.04819518,-0.1532854,0.8802159,0.1805351,-0.4112548,0.002024475,0.003243943,-0.02481259,0.5978699,0.08642578,0.7969055,0.02749771,0.002888581,-0.02427983,0.02749771,0.002888581,-0.02427983,0.5834351,0.09805298,0.8062134,0.5834351,0.09805298,0.8062134,4.717316,4.717316,True,True,True
1637328,63779589520344,-13.59537,2.596244,-0.04819518,-0.1532854,0.8802159,0.1805351,-0.4112548,0.002686707,0.003249436,-0.02481058,0.5997925,0.08944702,0.7951202,0.02748805,0.002903168,-0.02429269,0.02748805,0.002903168,-0.02429269,0.5831909,0.1069641,0.8052368,0.5831909,0.1069641,0.8052368,4.726563,4.726563,True,True,True
1637336,63779589520355,-13.59549,2.596208,-0.04838639,-0.1537772,0.8807461,0.1802699,-0.4100508,0.005779206,0.003218613,-0.02475435,0.5989685,0.09184265,0.7954712,0.02747545,0.002912277,-0.02430023,0.02747545,0.002912277,-0.02430023,0.5844421,0.1077728,0.8042297,0.5844421,0.1077728,0.8042297,4.702133,4.702133,True,True,True
1637345,63779589520366,-13.59553,2.596104,-0.04854876,-0.1542046,0.8813399,0.179855,-0.4087947,0.005938599,0.003224167,-0.02474449,0.5958099,0.09030151,0.7980194,0.02746501,0.00292421,-0.02430353,0.02746501,0.00292421,-0.02430353,0.585907,0.1069336,0.8032684,0.585907,0.1069336,0.8032684,4.708344,4.708344,True,True,True
1637353,63779589520377,-13.5956,2.596079,-0.04867715,-0.1544781,0.8819593,0.1792631,-0.4076139,0.005171097,0.003244629,-0.02477126,0.5974884,0.09292603,0.796463,0.02745635,0.002932541,-0.02431252,0.02745635,0.002932541,-0.02431252,0.5886078,0.1050262,0.8015594,0.5886078,0.1050262,0.8015594,4.583496,4.583496,True,True,True
1637361,63779589520377,-13.5956,2.596079,-0.04867715,-0.1544781,0.8819593,0.1792631,-0.4076139,0.00450708,0.003254944,-0.02478262,0.5945129,0.09567261,0.7983551,0.02745062,0.002932007,-0.02430438,0.02745062,0.002932007,-0.02430438,0.5822906,0.1106415,0.8054047,0.5822906,0.1106415,0.8054047,4.723999,4.723999,True,True,True
1637370,63779589520389,-13.5956,2.596011,-0.04885656,-0.1546226,0.8824818,0.1786429,-0.4066994,0.004541306,0.003260117,-0.02480707,0.6031036,0.09924316,0.7914429,0.02744392,0.002936859,-0.02432091,0.02744392,0.002936859,-0.02432091,0.5883179,0.1128387,0.800705,0.5883179,0.1128387,0.800705,4.661789,4.661789,True,True,True
1637378,63779589520399,-13.59567,2.595955,-0.04891932,-0.1547881,0.8830647,0.1777301,-0.4057702,0.004187561,0.003268128,-0.0248149,0.6035004,0.09585571,0.7915649,0.02743033,0.002950775,-0.02433354,0.02743033,0.002950775,-0.02433354,0.5903168,0.1153717,0.7988739,0.5903168,0.1153717,0.7988739,4.643539,4.643539,True,True,True
1637386,63779589520411,-13.59576,2.595896,-0.04899299,-0.155126,0.8835241,0.1770329,-0.404945,0.004227737,0.003279999,-0.02482985,0.6032257,0.1056519,0.7905273,0.02741539,0.00296521,-0.02434425,0.02741539,0.00296521,-0.02434425,0.5900116,0.1196136,0.7984772,0.5900116,0.1196136,0.7984772,4.655945,4.655945,True,True,True
1637395,63779589520411,-13.59576,2.595896,-0.04899299,-0.155126,0.8835241,0.1770329,-0.404945,0.005344101,0.003275284,-0.02481394,0.6069946,0.1018677,0.7881317,0.0274064,0.002974213,-0.02434041,0.0274064,0.002974213,-0.02434041,0.5915527,0.1135101,0.7982178,0.5915527,0.1135101,0.7982178,4.707825,4.707825,True,True,True
1637403,63779589520422,-13.5959,2.595807,-0.04903746,-0.1553609,0.883881,0.1762921,-0.4043989,0.005862778,0.00328685,-0.02483516,0.6166687,0.1087494,0.7796631,0.02739304,0.002993607,-0.02437811,0.02739304,0.002993607,-0.02437811,0.6044464,0.1209106,0.7873993,0.6044464,0.1209106,0.7873993,4.66478,4.66478,True,True,True
1637411,63779589520433,-13.59603,2.595747,-0.04906559,-0.1556751,0.8841083,0.1758493,-0.4039738,0.006121552,0.003287369,-0.02482387,0.6137848,0.1060333,0.7823181,0.02739072,0.00299527,-0.02437459,0.02739072,0.00299527,-0.02437459,0.6003113,0.1213531,0.7904816,0.6003113,0.1213531,0.7904816,4.634979,4.634979,True,True,True
1637420,63779589520444,-13.5962,2.595676,-0.04905248,-0.1560091,0.8841436,0.1755119,-0.4039143,0.006274918,0.003290924,-0.02482221,0.6150513,0.1076965,0.7810822,0.02738521,0.00300235,-0.02437486,0.02738521,0.00300235,-0.02437486,0.6034241,0.121109,0.788147,0.6034241,0.121109,0.788147,4.770798,4.770798,True,True,True
1637428,63779589520444,-13.5962,2.595676,-0.04905248,-0.1560091,0.8841436,0.1755119,-0.4039143,0.005282974,0.00330426,-0.02483287,0.6140594,0.1014862,0.7826996,0.0273829,0.003008026,-0.02437268,0.0273829,0.003008026,-0.02437268,0.605545,0.1152039,0.7874146,0.605545,0.1152039,0.7874146,4.750946,4.750946,True,True,True
1637436,63779589520455,-13.59634,2.595611,-0.04900455,-0.1563272,0.8841304,0.1751965,-0.4039573,0.003226441,0.003333435,-0.02487257,0.6142578,0.1003113,0.7826843,0.02738161,0.003012985,-0.02437338,0.02738161,0.003012985,-0.02437338,0.6056824,0.1182556,0.7868652,0.6056824,0.1182556,0.7868652,4.770035,4.770035,True,True,True
1637445,63779589520466,-13.59655,2.59552,-0.04881322,-0.1567667,0.8840039,0.1749673,-0.404163,0.003262207,0.003338303,-0.02488155,0.617981,0.1008606,0.7796783,0.02738033,0.003017929,-0.02437326,0.02738033,0.003017929,-0.02437326,0.6052094,0.1195068,0.7870331,0.6052094,0.1195068,0.7870331,4.786774,4.786774,True,True,True
1637453,63779589520477,-13.59674,2.5955,-0.04879564,-0.157109,0.8837162,0.1749188,-0.4046798,0.004047989,0.003328827,-0.02486063,0.6149445,0.09989929,0.782196,0.02738014,0.00302208,-0.02437297,0.02738014,0.00302208,-0.02437297,0.6055298,0.119278,0.7868195,0.6055298,0.119278,0.7868195,4.792175,4.792175,True,True,True
1637461,63779589520477,-13.59674,2.5955,-0.04879564,-0.157109,0.8837162,0.1749188,-0.4046798,0.003899185,0.003333969,-0.0248647,0.616394,0.1008453,0.7809296,0.02738033,0.00302623,-0.02437268,0.02738033,0.00302623,-0.02437268,0.6052094,0.1189728,0.7871094,0.6052094,0.1189728,0.7871094,4.786194,4.786194,True,True,True
1637470,63779589520489,-13.59695,2.595457,-0.0486666,-0.1575693,0.8834673,0.1748829,-0.4050597,0.004168183,0.003333069,-0.02485828,0.6143341,0.1014404,0.7824707,0.02738118,0.003029984,-0.02437241,0.02738118,0.003029984,-0.02437241,0.603775,0.1177673,0.7883911,0.603775,0.1177673,0.7883911,4.767349,4.767349,True,True,True
1637478,63779589520501,-13.59713,2.595415,-0.04852217,-0.1579025,0.883063,0.174863,-0.4058195,0.004764069,0.003327957,-0.02484628,0.6152039,0.1029205,0.7816162,0.02738202,0.003033737,-0.02437212,0.02738202,0.003033737,-0.02437212,0.6036072,0.1169434,0.7886353,0.6036072,0.1169434,0.7886353,4.782593,4.782593,True,True,True
1637486,63779589520510,-13.5973,2.59537,-0.04835129,-0.1582603,0.8827045,0.1747929,-0.4064898,0.004482941,0.003332352,-0.02485217,0.6150208,0.1031799,0.781723,0.02738211,0.003034699,-0.0243708,0.02738211,0.003034699,-0.0243708,0.6032104,0.1177521,0.7888336,0.6032104,0.1177521,0.7888336,4.787735,4.787735,True,True,True
1637495,63779589520510,-13.5973,2.59537,-0.04835129,-0.1582603,0.8827045,0.1747929,-0.4064898,0.004326523,0.003334381,-0.02485541,0.614975,0.1038055,0.7816772,0.0273822,0.003034455,-0.02436949,0.0273822,0.003034455,-0.02436949,0.6027069,0.1187897,0.7890472,0.6027069,0.1187897,0.7890472,4.783356,4.783356,True,True,True
1637503,63779589520522,-13.5975,2.595265,-0.04812717,-0.1583925,0.8823444,0.1747984,-0.4072171,0.004125718,0.003338913,-0.02485848,0.6150208,0.1030731,0.7817383,0.02738255,0.003034271,-0.02436763,0.02738255,0.003034271,-0.02436763,0.6027832,0.1175995,0.7891846,0.6027832,0.1175995,0.7891846,4.787415,4.787415,True,True,True
1637511,63779589520533,-13.59765,2.595141,-0.04795265,-0.158597,0.881954,0.1747753,-0.4079922,0.004111283,0.003341232,-0.02485774,0.614975,0.1036987,0.7816772,0.0273829,0.003034455,-0.02436577,0.0273829,0.003034455,-0.02436577,0.6028442,0.118454,0.7890015,0.6028442,0.118454,0.7890015,4.793793,4.793793,True,True,True
1637520,63779589520544,-13.59782,2.59505,-0.04773754,-0.1587538,0.8815554,0.1747942,-0.408784,0.00407132,0.00334372,-0.02485851,0.6149445,0.1033783,0.7817535,0.02738388,0.003035065,-0.02436553,0.02738388,0.003035065,-0.02436553,0.6029816,0.1178436,0.7890015,0.6029816,0.1178436,0.7890015,4.788437,4.788437,True,True,True
1637528,63779589520544,-13.59782,2.59505,-0.04773754,-0.1587538,0.8815554,0.1747942,-0.408784,0.003969498,0.003347046,-0.02486058,0.615036,0.1035767,0.7816467,0.02738484,0.003035675,-0.0243653,0.02738484,0.003035675,-0.0243653,0.6031952,0.1181488,0.7887878,0.6031952,0.1181488,0.7887878,4.793991,4.793991,True,True,True
1637536,63779589520555,-13.59799,2.595001,-0.04759294,-0.1589969,0.8811413,0.174825,-0.4095685,0.003901261,0.003349823,-0.02486194,0.6145172,0.1038361,0.7820282,0.02738577,0.003036316,-0.02436519,0.02738577,0.003036316,-0.02436519,0.6032104,0.118042,0.7887878,0.6032104,0.118042,0.7887878,4.788727,4.788727,True,True,True
1637545,63779589520566,-13.59811,2.594973,-0.04737014,-0.1592675,0.8807261,0.1750744,-0.410249,0.003569275,0.003356125,-0.02486888,0.6141815,0.1039429,0.7822723,0.02738669,0.003036972,-0.0243651,0.02738669,0.003036972,-0.0243651,0.6033478,0.117981,0.7886963,0.6033478,0.117981,0.7886963,4.794113,4.794113,True,True,True
1637553,63779589520577,-13.59825,2.594981,-0.04716659,-0.1595986,0.8802422,0.1752577,-0.41108,0.004156189,0.003354599,-0.02484422,0.6108856,0.1051483,0.7846985,0.02739052,0.003037125,-0.02436504,0.02739052,0.003037125,-0.02436504,0.6033325,0.1189117,0.788559,0.6033325,0.1189117,0.788559,4.795258,4.795258,True,True,True
1637561,63779589520577,-13.59825,2.594981,-0.04716659,-0.1595986,0.8802422,0.1752577,-0.41108,0.004356003,0.003357987,-0.02484723,0.6142578,0.1047821,0.7821045,0.02739487,0.003040512,-0.02436289,0.02739487,0.003040512,-0.02436289,0.6032867,0.1183929,0.7886658,0.6032867,0.1183929,0.7886658,4.794907,4.794907,True,True,True
1637570,63779589520589,-13.59832,2.595014,-0.04691947,-0.1597649,0.8797952,0.175533,-0.411854,0.004755036,0.003352142,-0.02483356,0.6085815,0.1010742,0.7870178,0.02739761,0.003041229,-0.02436189,0.02739761,0.003041229,-0.02436189,0.597702,0.1174927,0.793045,0.597702,0.1174927,0.793045,4.77565,4.77565,True,True,True
1637578,63779589520600,-13.59845,2.595036,-0.04671371,-0.159703,0.8793824,0.1756955,-0.4126896,0.005140701,0.003346085,-0.0248195,0.6059875,0.1034851,0.7886963,0.02740302,0.003041245,-0.02435951,0.02740302,0.003041245,-0.02435951,0.5959778,0.1182404,0.7942352,0.5959778,0.1182404,0.7942352,4.774887,4.774887,True,True,True
1637586,63779589520611,-13.59856,2.595022,-0.04650241,-0.1596365,0.8789418,0.1757735,-0.4136196,0.003441788,0.003364456,-0.02481064,0.6018677,0.1000671,0.7922821,0.02748561,0.003031876,-0.02428389,0.02748561,0.003031876,-0.02428389,0.5878296,0.1139526,0.8009033,0.5878296,0.1139526,0.8009033,4.768829,4.768829,True,True,True
1637595,63779589520611,-13.59856,2.595022,-0.04650241,-0.1596365,0.8789418,0.1757735,-0.4136196,0.00202034,0.003386017,-0.02484398,0.6023865,0.1040649,0.7913818,0.02749561,0.00303534,-0.02428958,0.02749561,0.00303534,-0.02428958,0.5875549,0.1233063,0.7997131,0.5875549,0.1233063,0.7997131,4.795288,4.795288,True,True,True
1637603,63779589520622,-13.59871,2.594974,-0.04625112,-0.1593875,0.8784588,0.175809,-0.4147251,0.0003431702,0.003408814,-0.02488014,0.6057739,0.1013489,0.7891388,0.02750635,0.003035645,-0.02428867,0.02750635,0.003035645,-0.02428867,0.593689,0.119873,0.7957001,0.593689,0.119873,0.7957001,4.883224,4.883224,True,True,True
1637611,63779589520633,-13.59883,2.59498,-0.04603553,-0.1591128,0.8780116,0.1758122,-0.4157749,-0.001900665,0.003428726,-0.02491048,0.6036224,0.09979248,0.7909851,0.02752083,0.003021668,-0.02425472,0.02752083,0.003021668,-0.02425472,0.5814972,0.115387,0.8053131,0.5814972,0.115387,0.8053131,4.878616,4.878616,True,True,True
1637620,63779589520644,-13.59896,2.594979,-0.04576486,-0.1590071,0.8774903,0.1758046,-0.4169176,-0.003123963,0.003443405,-0.02493645,0.6063385,0.09916687,0.7889862,0.02753046,0.003022339,-0.02426114,0.02753046,0.003022339,-0.02426114,0.5869446,0.1159515,0.8012695,0.5869446,0.1159515,0.8012695,4.872055,4.872055,True,True,True
1637628,63779589520644,-13.59896,2.594979,-0.04576486,-0.1590071,0.8774903,0.1758046,-0.4169176,-0.001776138,0.003421585,-0.02490032,0.600708,0.1013184,0.7930145,0.02754051,0.003021851,-0.02425522,0.02754051,0.003021851,-0.02425522,0.5818787,0.1218872,0.8040771,0.5818787,0.1218872,0.8040771,4.862396,4.862396,True,True,True
1637636,63779589520655,-13.59905,2.594969,-0.04555988,-0.1588962,0.8769794,0.1757985,-0.4180359,-0.0002410278,0.003394837,-0.02485944,0.5984955,0.1047058,0.7942352,0.02755103,0.00301619,-0.02424797,0.02755103,0.00301619,-0.02424797,0.5802002,0.1234741,0.8050385,0.5802002,0.1234741,0.8050385,4.906143,4.906143,True,True,True
1637645,63779589520666,-13.59918,2.594991,-0.04539698,-0.1586899,0.8764583,0.1760255,-0.4191103,0.001599365,0.003369293,-0.02482121,0.600708,0.1039429,0.7926636,0.02756565,0.003016815,-0.02425179,0.02756565,0.003016815,-0.02425179,0.5875702,0.1218567,0.7999268,0.5875702,0.1218567,0.7999268,4.921265,4.921265,True,True,True
1637653,63779589520677,-13.59922,2.595008,-0.04520392,-0.1587316,0.8759564,0.1763377,-0.4200116,0.003735794,0.003324707,-0.02474266,0.5925751,0.0982666,0.7994843,0.027581,0.003009094,-0.02423334,0.027581,0.003009094,-0.02423334,0.584259,0.1156311,0.8032684,0.584259,0.1156311,0.8032684,4.84726,4.84726,True,True,True
1637661,63779589520677,-13.59922,2.595008,-0.04520392,-0.1587316,0.8759564,0.1763377,-0.4200116,0.006057373,0.003292069,-0.02469167,0.5921173,0.1004333,0.7995453,0.02759158,0.003004746,-0.02422333,0.02759158,0.003004746,-0.02422333,0.5813904,0.1146393,0.8054962,0.5813904,0.1146393,0.8054962,4.811417,4.811417,True,True,True
1637670,63779589520689,-13.59928,2.595,-0.04501998,-0.1588282,0.8755671,0.1767948,-0.4205942,0.006736466,0.00328009,-0.02467549,0.58992,0.1017914,0.8010101,0.02759668,0.003002335,-0.02422254,0.02759668,0.003002335,-0.02422254,0.5798645,0.1167145,0.8062897,0.5798645,0.1167145,0.8062897,4.813232,4.813232,True,True,True
1637678,63779589520700,-13.5993,2.595028,-0.0448842,-0.1589164,0.8752879,0.177168,-0.4209847,0.006757843,0.003264298,-0.02465781,0.5848999,0.1016998,0.8046875,0.02761421,0.002981629,-0.02419623,0.02761421,0.002981629,-0.02419623,0.572403,0.1128845,0.812149,0.572403,0.1128845,0.812149,4.831955,4.831955,True,True,True
1637686,63779589520711,-13.59929,2.595072,-0.04482973,-0.1591057,0.8750201,0.1774832,-0.421337,0.007498154,0.003248352,-0.02463304,0.5835724,0.100708,0.8057861,0.02762041,0.002976685,-0.02420278,0.02762041,0.002976685,-0.02420278,0.5771637,0.1143646,0.8085632,0.5771637,0.1143646,0.8085632,4.826263,4.826263,True,True,True
1637695,63779589520721,-13.59929,2.595061,-0.04478091,-0.1591345,0.8750105,0.1777107,-0.4212502,0.007146607,0.003251724,-0.0246389,0.5820007,0.1004944,0.8069458,0.02762347,0.002974198,-0.02419948,0.02762347,0.002974198,-0.02419948,0.5739594,0.114151,0.8108673,0.5739594,0.114151,0.8108673,4.812073,4.812073,True,True,True
1637703,63779589520721,-13.59929,2.595061,-0.04478091,-0.1591345,0.8750105,0.1777107,-0.4212502,0.006673279,0.003256455,-0.02464743,0.5820618,0.1005554,0.8068848,0.02762654,0.002971726,-0.02419618,0.02762654,0.002971726,-0.02419618,0.5732117,0.1147614,0.8113251,0.5732117,0.1147614,0.8113251,4.823029,4.823029,True,True,True
1637711,63779589520732,-13.59927,2.595099,-0.04471594,-0.159271,0.8749688,0.177914,-0.4211995,0.006414688,0.003260025,-0.02465236,0.5836487,0.09922791,0.8059082,0.02762912,0.002971802,-0.02419533,0.02762912,0.002971802,-0.02419533,0.5753174,0.1147614,0.8098145,0.5753174,0.1147614,0.8098145,4.827362,4.827362,True,True,True
1637720,63779589520744,-13.59924,2.595118,-0.04470271,-0.1593682,0.8750578,0.1782402,-0.4208399,0.006722825,0.003242569,-0.02461089,0.5751343,0.09622192,0.8123627,0.02766944,0.002962723,-0.02416388,0.02766944,0.002962723,-0.02416388,0.5685272,0.1127319,0.8148956,0.5685272,0.1127319,0.8148956,4.793243,4.793243,True,True,True
1637728,63779589520744,-13.59916,2.595154,-0.04468417,-0.1594346,0.8751249,0.1784356,-0.4205922,0.006341126,0.003248963,-0.02463237,0.5834198,0.1011505,0.8058319,0.02768129,0.002963471,-0.0241678,0.02768129,0.002963471,-0.0241678,0.5762787,0.1118164,0.8095551,0.5762787,0.1118164,0.8095551,4.885574,4.885574,True,True,True
1637736,63779589520754,-13.59916,2.595154,-0.04468417,-0.1594346,0.8751249,0.1784356,-0.4205922,0.004621185,0.003272507,-0.02466268,0.5797272,0.09892273,0.8087769,0.02768668,0.002963455,-0.02416286,0.02768668,0.002963455,-0.02416286,0.5731812,0.1105804,0.8119202,0.5731812,0.1105804,0.8119202,4.855164,4.855164,True,True,True
1637745,63779589520766,-13.59906,2.59526,-0.0447076,-0.1596655,0.8753203,0.178417,-0.4201057,0.004115036,0.00328122,-0.02467157,0.578476,0.09999084,0.8095398,0.02769206,0.00296344,-0.02415792,0.02769206,0.00296344,-0.02415792,0.5705261,0.1104126,0.8138123,0.5705261,0.1104126,0.8138123,4.870941,4.870941,True,True,True
1637753,63779589520777,-13.59892,2.595276,-0.04472452,-0.1597348,0.8755587,0.178513,-0.4195413,0.004401901,0.003278427,-0.02466341,0.5800323,0.09829712,0.8086243,0.02769335,0.002962097,-0.02415591,0.02769335,0.002962097,-0.02415591,0.5731659,0.1109924,0.8118744,0.5731659,0.1109924,0.8118744,4.873962,4.873962,True,True,True
1637761,63779589520777,-13.59878,2.595347,-0.04473615,-0.1598353,0.875864,0.178374,-0.4189246,0.002930542,0.003298615,-0.02469533,0.5805206,0.09928894,0.8081512,0.02769278,0.00296077,-0.02415483,0.02769278,0.00296077,-0.02415483,0.5736084,0.1112976,0.8115234,0.5736084,0.1112976,0.8115234,4.874405,4.874405,True,True,True
1637770,63779589520788,-13.59878,2.595347,-0.04473615,-0.1598353,0.875864,0.178374,-0.4189246,0.003240555,0.003295166,-0.02468811,0.5799103,0.09770203,0.8087921,0.02769371,0.002960434,-0.02415486,0.02769371,0.002960434,-0.02415486,0.5731049,0.1119537,0.8117828,0.5731049,0.1119537,0.8117828,4.852066,4.852066,True,True,True
1637778,63779589520799,-13.59865,2.595408,-0.04477036,-0.1596782,0.8762411,0.1781916,-0.4182729,0.004551575,0.003277207,-0.02465978,0.5792236,0.09989929,0.8090057,0.02769278,0.002960098,-0.02415483,0.02769278,0.002960098,-0.02415483,0.5722809,0.1125641,0.8122864,0.5722809,0.1125641,0.8122864,4.839615,4.839615,True,True,True
1637786,63779589520810,-13.59857,2.595422,-0.04482019,-0.1594752,0.8765058,0.1781209,-0.4178255,0.006067429,0.003255524,-0.02462644,0.5788727,0.1012421,0.8090973,0.02769263,0.002958954,-0.02415486,0.02769263,0.002958954,-0.02415486,0.5727997,0.1148987,0.8115997,0.5727997,0.1148987,0.8115997,4.85144,4.85144,True,True,True
1637795,63779589520810,-13.59857,2.595422,-0.04482019,-0.1594752,0.8765058,0.1781209,-0.4178255,0.00593245,0.003257187,-0.0246292,0.5790558,0.1022339,0.8088379,0.02769248,0.00295958,-0.02415488,0.02769248,0.00295958,-0.02415488,0.5727386,0.1166077,0.8113861,0.5727386,0.1166077,0.8113861,4.845673,4.845673,True,True,True
1637803,63779589520822,-13.59843,2.595485,-0.04493487,-0.1590943,0.8768105,0.1779883,-0.4173877,0.005702072,0.003259842,-0.02463411,0.5790558,0.1011353,0.8089752,0.02769228,0.002959717,-0.02415486,0.02769228,0.002959717,-0.02415486,0.572998,0.1146851,0.8114777,0.572998,0.1146851,0.8114777,4.852585,4.852585,True,True,True
1637811,63779589520833,-13.59833,2.595567,-0.04494458,-0.1586303,0.8770784,0.1778364,-0.4170662,0.004434769,0.003276917,-0.02466185,0.5797272,0.1020508,0.8083801,0.02769206,0.002959839,-0.02415483,0.02769206,0.002959839,-0.02415483,0.5732117,0.1167297,0.8110352,0.5732117,0.1167297,0.8110352,4.862869,4.862869,True,True,True
1637820,63779589520845,-13.59822,2.595618,-0.04487014,-0.1580124,0.8773056,0.1777804,-0.4168466,0.004455841,0.003276398,-0.02466139,0.5800018,0.1006622,0.8083649,0.0276908,0.002959976,-0.0241546,0.0276908,0.002959976,-0.0241546,0.5733948,0.1148224,0.8111877,0.5733948,0.1148224,0.8111877,4.869019,4.869019,True,True,True
1637828,63779589520855,-13.59811,2.595656,-0.04484361,-0.1574728,0.8774617,0.1778821,-0.4166788,0.006033188,0.003254685,-0.02462711,0.5795593,0.1032562,0.8083496,0.02768955,0.002960098,-0.02415439,0.02768955,0.002960098,-0.02415439,0.5735168,0.1167297,0.8108215,0.5735168,0.1167297,0.8108215,4.878662,4.878662,True,True,True
1637836,63779589520855,-13.59811,2.595656,-0.04484361,-0.1574728,0.8774617,0.1778821,-0.4166788,0.005910401,0.003256241,-0.02462994,0.5795135,0.1023712,0.8084869,0.02768791,0.002960434,-0.02415425,0.02768791,0.002960434,-0.02415425,0.5735779,0.1147614,0.8110504,0.5735779,0.1147614,0.8110504,4.869171,4.869171,True,True,True
1637845,63779589520866,-13.59804,2.595673,-0.04482508,-0.1569347,0.8775617,0.1778202,-0.4166976,0.00575615,0.003257736,-0.02463329,0.5800018,0.101181,0.8082886,0.0276863,0.002960755,-0.02415412,0.0276863,0.002960755,-0.02415412,0.5737915,0.1131744,0.8111267,0.5737915,0.1131744,0.8111267,4.8759,4.8759,True,True,True
1637853,63779589520877,-13.59792,2.595712,-0.04483098,-0.1563604,0.8776,0.1778551,-0.4168182,0.005885208,0.003255203,-0.02463043,0.5802612,0.1032257,0.8078461,0.0276863,0.002960755,-0.02415392,0.0276863,0.002960755,-0.02415392,0.573761,0.1165619,0.8106689,0.573761,0.1165619,0.8106689,4.87851,4.87851,True,True,True
1637861,63779589520877,-13.59792,2.595712,-0.04483098,-0.1563604,0.8776,0.1778551,-0.4168182,0.006041535,0.003253037,-0.02462703,0.581604,0.1031952,0.8068848,0.02768218,0.002960755,-0.02415392,0.02768218,0.002960755,-0.02415392,0.5750732,0.116684,0.8097229,0.5750732,0.116684,0.8097229,4.88089,4.88089,True,True,True
1637870,63779589520888,-13.59772,2.595696,-0.0447982,-0.1559699,0.8776222,0.1779454,-0.4168791,0.006314835,0.003248398,-0.0246211,0.5823059,0.1032715,0.806366,0.02767722,0.002960755,-0.02415412,0.02767722,0.002960755,-0.02415412,0.5756683,0.1167755,0.8092957,0.5756683,0.1167755,0.8092957,4.881866,4.881866,True,True,True
1637878,63779589520900,-13.59756,2.595741,-0.04472697,-0.15579,0.87764,0.1779125,-0.4169229,0.006356094,0.003247498,-0.02462038,0.5831146,0.1036224,0.8057404,0.02767438,0.002961105,-0.02415439,0.02767438,0.002961105,-0.02415439,0.5765839,0.1169739,0.808609,0.5765839,0.1169739,0.808609,4.904541,4.904541,True,True,True
1637886,63779589520910,-13.59745,2.595761,-0.04470628,-0.1555488,0.8776929,0.1779463,-0.4168871,0.007600113,0.003231598,-0.02459375,0.5819244,0.1033325,0.8066406,0.02767011,0.002963791,-0.02415439,0.02767011,0.002963791,-0.02415439,0.5758514,0.1159363,0.8092804,0.5758514,0.1159363,0.8092804,4.902603,4.902603,True,True,True
1637895,63779589520910,-13.59738,2.595814,-0.04470998,-0.155522,0.8776413,0.1781738,-0.4169088,0.007422944,0.003232559,-0.02459848,0.5827332,0.1026154,0.8061371,0.02766559,0.002963867,-0.02415439,0.02766559,0.002963867,-0.02415439,0.5747681,0.1157837,0.8100739,0.5747681,0.1157837,0.8100739,4.901077,4.901077,True,True,True
1637903,63779589520921,-13.59738,2.595814,-0.04470998,-0.155522,0.8776413,0.1781738,-0.4169088,0.007383942,0.003232544,-0.02460001,0.5830078,0.100647,0.8061829,0.02766022,0.002963867,-0.02415459,0.02766022,0.002963867,-0.02415459,0.5746765,0.1125183,0.8105927,0.5746765,0.1125183,0.8105927,4.898209,4.898209,True,True,True
1637911,63779589520933,-13.59728,2.59584,-0.04471874,-0.1553612,0.877732,0.1783898,-0.4166853,0.005933853,0.003251618,-0.02463292,0.5854034,0.09933472,0.8046265,0.02765634,0.002963867,-0.02415459,0.02765634,0.002963867,-0.02415459,0.5753326,0.1125793,0.8101196,0.5753326,0.1125793,0.8101196,4.907776,4.907776,True,True,True
1637920,63779589520944,-13.59716,2.595807,-0.04474431,-0.1553255,0.8778842,0.1785495,-0.4163093,0.007380906,0.003231812,-0.02460292,0.5852814,0.09947205,0.8046875,0.02765523,0.002963867,-0.02415459,0.02765523,0.002963867,-0.02415459,0.5762482,0.1125793,0.8094635,0.5762482,0.1125793,0.8094635,4.922165,4.922165,True,True,True
1637928,63779589520944,-13.59716,2.595807,-0.04474431,-0.1553255,0.8778842,0.1785495,-0.4163093,0.007553284,0.003227768,-0.0246012,0.5847778,0.09983826,0.8050079,0.02765073,0.002963867,-0.02415524,0.02765073,0.002963867,-0.02415524,0.5750275,0.1124268,0.8103638,0.5750275,0.1124268,0.8103638,4.90686,4.90686,True,True,True
1637936,63779589520955,-13.597,2.59585,-0.04475659,-0.1553465,0.8779911,0.1785958,-0.4160559,0.007737961,0.003224152,-0.02459958,0.585434,0.09822083,0.8047333,0.02764929,0.002963867,-0.02415663,0.02764929,0.002963867,-0.02415663,0.5762482,0.1121826,0.8095245,0.5762482,0.1121826,0.8095245,4.921341,4.921341,True,True,True
1637945,63779589520966,-13.59688,2.595832,-0.04477942,-0.1554509,0.8782183,0.1785896,-0.4155398,0.007855942,0.003221802,-0.0245972,0.5850372,0.09822083,0.8050232,0.027648,0.002963867,-0.0241568,0.027648,0.002963867,-0.0241568,0.5758209,0.1121216,0.809845,0.5758209,0.1121216,0.809845,4.907501,4.907501,True,True,True
1637953,63779589520977,-13.59672,2.595877,-0.04471552,-0.1556281,0.8784137,0.1785344,-0.4150841,0.007956757,0.0032202,-0.02459792,0.5848083,0.09790039,0.8052368,0.02764684,0.002963791,-0.02415796,0.02764684,0.002963791,-0.02415796,0.5757141,0.1116943,0.809967,0.5757141,0.1116943,0.809967,4.893005,4.893005,True,True,True
1637961,63779589520988,-13.59661,2.59589,-0.04472655,-0.1559889,0.8785989,0.1786257,-0.4145169,0.005107651,0.003257157,-0.02466327,0.5856171,0.09336853,0.8051758,0.02764511,0.002963593,-0.02415796,0.02764511,0.002963593,-0.02415796,0.5753479,0.1074371,0.8108063,0.5753479,0.1074371,0.8108063,4.888794,4.888794,True,True,True
1637970,63779589520988,-13.59661,2.59589,-0.04472655,-0.1559889,0.8785989,0.1786257,-0.4145169,0.006627304,0.003235703,-0.02464566,0.5863495,0.09790039,0.8041077,0.0276311,0.002954224,-0.02417235,0.0276311,0.002954224,-0.02417235,0.5783081,0.1122589,0.8080444,0.5783081,0.1122589,0.8080444,4.752991,4.752991,True,True,True
1637978,63779589520999,-13.59646,2.595916,-0.04472595,-0.1560985,0.8788136,0.1786594,-0.4140057,0.007199509,0.003239349,-0.02462059,0.5884247,0.08499146,0.8040619,0.027637,0.00295575,-0.02414284,0.027637,0.00295575,-0.02414284,0.579483,0.092453,0.8097076,0.579483,0.092453,0.8097076,4.876678,4.876678,True,True,True
1637986,63779589521010,-13.59629,2.595941,-0.04471534,-0.1563779,0.87898,0.1786747,-0.4135401,0.006848908,0.003250839,-0.02462657,0.5886993,0.09320068,0.802948,0.02764646,0.00297937,-0.02416399,0.02764646,0.00297937,-0.02416399,0.5836639,0.1109619,0.8043518,0.5836639,0.1109619,0.8043518,4.98317,4.98317,True,True,True
1637995,63779589521010,-13.59619,2.595942,-0.04473525,-0.1565255,0.8792393,0.1786411,-0.4129473,0.006654007,0.003270844,-0.02457515,0.5747223,0.09738159,0.8125153,0.02774582,0.002996445,-0.02410855,0.02774582,0.002996445,-0.02410855,0.5690155,0.1184692,0.813736,0.5690155,0.1184692,0.813736,4.922974,4.922974,True,True,True
1638003,63779589521021,-13.59619,2.595942,-0.04473525,-0.1565255,0.8792393,0.1786411,-0.4129473,0.005562775,0.003314957,-0.02451521,0.5557556,0.09324646,0.8260803,0.02795859,0.003014237,-0.0239971,0.02795859,0.003014237,-0.0239971,0.5422974,0.1196289,0.8316193,0.5422974,0.1196289,0.8316193,4.839447,4.839447,True,True,True
1638011,63779589521032,-13.59608,2.595933,-0.04477453,-0.1568232,0.8794199,0.178662,-0.4124405,-0.00130481,0.003446747,-0.02461409,0.5426483,0.08763123,0.8353729,0.02809645,0.003033936,-0.02390312,0.02809645,0.003033936,-0.02390312,0.5093689,0.1104736,0.8534241,0.5093689,0.1104736,0.8534241,4.689453,4.689453,True,True,True
1638020,63779589521043,-13.59595,2.595937,-0.04481721,-0.157007,0.8796273,0.1785714,-0.4119672,-0.005646103,0.003561127,-0.02463097,0.5222168,0.08631897,0.8484192,0.02827475,0.003068955,-0.02382399,0.02827475,0.003068955,-0.02382399,0.4876251,0.1081543,0.8663177,0.4876251,0.1081543,0.8663177,4.823532,4.823532,True,True,True
1638028,63779589521043,-13.59595,2.595937,-0.04481721,-0.157007,0.8796273,0.1785714,-0.4119672,-0.004441285,0.003561829,-0.02450885,0.4999695,0.06642151,0.8634796,0.02844937,0.003077347,-0.02379085,0.02844937,0.003077347,-0.02379085,0.4749603,0.1267548,0.8708191,0.4749603,0.1267548,0.8708191,4.970306,4.970306,True,True,True
1638036,63779589521055,-13.59587,2.595926,-0.04484409,-0.1571775,0.879828,0.1784341,-0.4115327,-0.006185425,0.003636551,-0.02444873,0.4731445,0.04658508,0.8797455,0.02862598,0.003103974,-0.02370938,0.02862598,0.003103974,-0.02370938,0.4395447,0.1184387,0.8903656,0.4395447,0.1184387,0.8903656,4.706879,4.706879,True,True,True
1638045,63779589521066,-13.59579,2.595869,-0.04484314,-0.1573393,0.8800045,0.1783078,-0.411148,-0.02906169,0.004069748,-0.02485393,0.4821777,-0.02838135,0.8756104,0.02883211,0.003135453,-0.02364873,0.02883211,0.003135453,-0.02364873,0,0,0,0,0,0,-1,-1,True,True,True
1638053,63779589521077,-13.59569,2.59586,-0.04486614,-0.1575865,0.8801772,0.1781802,-0.410739,-0.02890495,0.004097809,-0.02479155,0.4545593,0.002365112,0.8907013,0.02907219,0.003215454,-0.02358183,0.02907219,0.003215454,-0.02358183,0,0,0,0,0,0,-1,-1,True,True,True
1638061,63779589521077,-13.59569,2.59586,-0.04486614,-0.1575865,0.8801772,0.1781802,-0.410739,-0.001,-0.001,-0.001,1,-1,-1,0.029385,0.003195496,-0.02344095,0.029385,0.003195496,-0.02344095,0,0,0,0,0,0,-1,-1,False,True,True
1638070,63779589521088,-13.59558,2.595809,-0.04495323,-0.1577453,0.880273,0.1781678,-0.410478,-0.001,-0.001,-0.001,1,-1,-1,0.02943901,0.003328369,-0.02352942,0.02943901,0.003328369,-0.02352942,0,0,0,0,0,0,-1,-1,False,True,True
1638078,63779589521099,-13.59548,2.595807,-0.04496658,-0.1578772,0.8804071,0.1780302,-0.4101992,-0.001,-0.001,-0.001,1,-1,-1,0.03089386,0.002048706,-0.02323476,0.03089386,0.002048706,-0.02323476,0,0,0,0,0,0,-1,-1,False,True,True
1638086,63779589521110,-13.5954,2.59576,-0.04499471,-0.1579136,0.8805526,0.177954,-0.4099058,-0.001,-0.001,-0.001,1,-1,-1,0.03138075,0.001484924,-0.02330925,0.03138075,0.001484924,-0.02330925,0,0,0,0,0,0,-1,-1,False,True,True
1638094,63779589521110,-13.5954,2.59576,-0.04499471,-0.1579136,0.8805526,0.177954,-0.4099058,-0.001,-0.001,-0.001,1,-1,-1,0.03205518,0.001521103,-0.0232379,0.03205518,0.001521103,-0.0232379,0,0,0,0,0,0,-1,-1,False,True,True
1638103,63779589521121,-13.59532,2.595743,-0.04491419,-0.1578083,0.8806726,0.1777684,-0.4097691,-0.001,-0.001,-0.001,1,-1,-1,0.0327648,0.001485596,-0.0231144,0.0327648,0.001485596,-0.0231144,0,0,0,0,0,0,-1,-1,False,True,True
1638111,63779589521133,-13.59523,2.595719,-0.04493099,-0.157688,0.8807606,0.1776952,-0.4096581,-0.001,-0.001,-0.001,1,-1,-1,0.03141557,0.001104767,-0.02335823,0.03141557,0.001104767,-0.02335823,0,0,0,0,0,0,-1,-1,False,True,True
1638119,63779589521144,-13.59504,2.595676,-0.04489952,-0.1573479,0.8808764,0.1774456,-0.4096482,-0.001,-0.001,-0.001,1,-1,-1,0.03178966,0.0007646942,-0.02350402,0.03178966,0.0007646942,-0.02350402,0,0,0,0,0,0,-1,-1,False,True,True
1638128,63779589521144,-13.59504,2.595676,-0.04489952,-0.1573479,0.8808764,0.1774456,-0.4096482,-0.001,-0.001,-0.001,1,-1,-1,0.0315818,0.0003942108,-0.02356323,0.0315818,0.0003942108,-0.02356323,0,0,0,0,0,0,-1,-1,False,True,True
1638136,63779589521154,-13.59494,2.595647,-0.0448792,-0.1571234,0.8809605,0.1771648,-0.4096747,-0.001,-0.001,-0.001,1,-1,-1,0.03555794,0.000530014,-0.02691386,0.03555794,0.000530014,-0.02691386,0,0,0,0,0,0,-1,-1,False,True,True
1638144,63779589521166,-13.59483,2.595619,-0.04486448,-0.1568546,0.8810092,0.1769096,-0.4097835,-0.001,-0.001,-0.001,1,-1,-1,0.03482498,0.000746399,-0.0269883,0.03482498,0.000746399,-0.0269883,0,0,0,0,0,0,-1,-1,False,True,True
1638153,63779589521177,-13.59467,2.595658,-0.04480559,-0.1565886,0.8810714,0.1767191,-0.4098337,-0.001,-0.001,-0.001,1,-1,-1,0.03499184,0.0005948639,-0.02703595,0.03499184,0.0005948639,-0.02703595,0,0,0,0,0,0,-1,-1,False,True,True
1638161,63779589521177,-13.59467,2.595658,-0.04480559,-0.1565886,0.8810714,0.1767191,-0.4098337,-0.001,-0.001,-0.001,1,-1,-1,0.03495273,0.0007181854,-0.02715933,0.03495273,0.0007181854,-0.02715933,0,0,0,0,0,0,-1,-1,False,True,True
1638169,63779589521188,-13.59451,2.595704,-0.04475856,-0.1562898,0.8810501,0.176563,-0.4100607,-0.001,-0.001,-0.001,1,-1,-1,0.03222575,0.0006382752,-0.02351381,0.03222575,0.0006382752,-0.02351381,0,0,0,0,0,0,-1,-1,False,True,True
1638178,63779589521199,-13.59441,2.59573,-0.04483104,-0.1559132,0.8811354,0.1764629,-0.4100639,-0.001,-0.001,-0.001,1,-1,-1,0.03247301,0.0002014313,-0.02366606,0.03247301,0.0002014313,-0.02366606,0,0,0,0,0,0,-1,-1,False,True,True
1638186,63779589521211,-13.59429,2.595773,-0.04484308,-0.1554324,0.8811681,0.1763478,-0.4102257,-0.001,-0.001,-0.001,1,-1,-1,0.0325997,0.0009767761,-0.02344043,0.0325997,0.0009767761,-0.02344043,0,0,0,0,0,0,-1,-1,False,True,True
1638194,63779589521211,-13.59429,2.595773,-0.04484308,-0.1554324,0.8811681,0.1763478,-0.4102257,-0.001,-0.001,-0.001,1,-1,-1,0.03247301,0.0005053711,-0.02358666,0.03247301,0.0005053711,-0.02358666,0,0,0,0,0,0,-1,-1,False,True,True
1638203,63779589521221,-13.59422,2.595726,-0.04485613,-0.1551067,0.8812732,0.1764027,-0.4100997,-0.001,-0.001,-0.001,1,-1,-1,0.03247974,0.0004555512,-0.02358592,0.03247974,0.0004555512,-0.02358592,0,0,0,0,0,0,-1,-1,False,True,True
1638211,63779589521233,-13.59409,2.595728,-0.0449304,-0.154955,0.8813562,0.1763882,-0.4099847,0.03247301,0.0005053711,-0.02358519,-0.01600647,-0.3470001,0.9377136,0.03247301,0.0005053711,-0.02358519,0.03247301,0.0005053711,-0.02358519,-0.01600647,-0.3470001,0.9377136,-0.01600647,-0.3470001,0.9377136,4.460724,4.460724,True,True,True
1638219,63779589521244,-13.59397,2.595696,-0.04498917,-0.1547885,0.8815001,0.1765698,-0.40966,0.03243539,0.0007131195,-0.02350871,-0.02871704,-0.4080505,0.9124908,0.03243539,0.0007131195,-0.02350871,0.03243539,0.0007131195,-0.02350871,-0.02871704,-0.4080505,0.9124908,-0.02871704,-0.4080505,0.9124908,4.455643,4.455643,True,True,True
1638228,63779589521244,-13.59397,2.595696,-0.04498917,-0.1547885,0.8815001,0.1765698,-0.40966,0.03240154,0.0009161988,-0.02343222,-0.03384399,-0.4665527,0.8838348,0.03240154,0.0009161988,-0.02343222,0.03240154,0.0009161988,-0.02343222,-0.03384399,-0.4665527,0.8838348,-0.03384399,-0.4665527,0.8838348,4.457321,4.457321,True,True,True
1638236,63779589521255,-13.59385,2.595675,-0.04506314,-0.1547318,0.8816601,0.176651,-0.4093018,0.03239966,0.0007492371,-0.02349318,-0.03797913,-0.4174042,0.9079132,0.03239966,0.0007492371,-0.02349318,0.03239966,0.0007492371,-0.02349318,-0.03797913,-0.4174042,0.9079132,-0.03797913,-0.4174042,0.9079132,4.458466,4.458466,True,True,True
1638244,63779589521266,-13.59371,2.595684,-0.04511088,-0.1548484,0.8818222,0.1766625,-0.4089031,0.03240154,0.0005916748,-0.02354186,-0.040802,-0.3784637,0.9247131,0.03240154,0.0005916748,-0.02354186,0.03240154,0.0005916748,-0.02354186,-0.040802,-0.3784637,0.9247131,-0.040802,-0.3784637,0.9247131,4.463974,4.463974,True,True,True
1638253,63779589521277,-13.59357,2.59568,-0.04517317,-0.1548822,0.8819603,0.1767575,-0.4085514,0.03239966,0.0005869751,-0.02354799,-0.05012512,-0.3790894,0.9239807,0.03239966,0.0005869751,-0.02354799,0.03239966,0.0005869751,-0.02354799,-0.05012512,-0.3790894,0.9239807,-0.05012512,-0.3790894,0.9239807,4.496765,4.496765,True,True,True
1638261,63779589521287,-13.59346,2.595757,-0.04518723,-0.1548769,0.8821694,0.1768232,-0.4080732,0.03347347,0.0006085816,-0.0235941,0.162674,-0.3454132,0.9242249,0.03347347,0.0006085816,-0.0235941,0.03347347,0.0006085816,-0.0235941,0.162674,-0.3454132,0.9242249,0.162674,-0.3454132,0.9242249,4.869659,4.869659,True,True,True
1638269,63779589521287,-13.59346,2.595757,-0.04518723,-0.1548769,0.8821694,0.1768232,-0.4080732,-0.001,-0.001,-0.001,1,-1,-1,0.0358526,0.000721756,-0.02783685,0.0358526,0.000721756,-0.02783685,0,0,0,0,0,0,-1,-1,False,True,True
1638278,63779589521300,-13.59321,2.595731,-0.04521835,-0.1549197,0.8823256,0.1768441,-0.4077101,-0.001,-0.001,-0.001,1,-1,-1,0.0358183,0.0007160035,-0.02765991,0.0358183,0.0007160035,-0.02765991,0,0,0,0,0,0,-1,-1,False,True,True
1638286,63779589521310,-13.59312,2.595799,-0.04523706,-0.1548658,0.88252,0.1768215,-0.4073195,0.03204419,0.0005829773,-0.02362016,-0.2172699,-0.4130249,0.8844147,0.03204419,0.0005829773,-0.02362016,0.03204419,0.0005829773,-0.02362016,-0.2172699,-0.4130249,0.8844147,-0.2172699,-0.4130249,0.8844147,4.050354,4.050354,True,True,True
1638294,63779589521310,-13.59312,2.595799,-0.04523706,-0.1548658,0.88252,0.1768215,-0.4073195,0.0320696,0.0007377472,-0.02360893,-0.2587585,-0.4165649,0.8714905,0.0320696,0.0007377472,-0.02360893,0.0320696,0.0007377472,-0.02360893,-0.2587585,-0.4165649,0.8714905,-0.2587585,-0.4165649,0.8714905,4.520721,4.520721,True,True,True
1638303,63779589521321,-13.59304,2.595806,-0.0452792,-0.1547978,0.8826724,0.1767042,-0.407066,0.03247225,0.001195496,-0.02343762,-0.1277924,-0.5715637,0.8105316,0.03247225,0.001195496,-0.02343762,0.03247225,0.001195496,-0.02343762,-0.1277924,-0.5715637,0.8105316,-0.1277924,-0.5715637,0.8105316,4.008469,4.008469,True,True,True
1638311,63779589521333,-13.59298,2.595771,-0.0453108,-0.1547482,0.8828126,0.1766488,-0.4068047,0.0321397,0.0006508026,-0.02363519,-0.2414398,-0.2634125,0.9339752,0.0321397,0.0006508026,-0.02363519,0.0321397,0.0006508026,-0.02363519,-0.2414398,-0.2634125,0.9339752,-0.2414398,-0.2634125,0.9339752,4.933502,4.933502,True,True,True
1638319,63779589521343,-13.59293,2.595795,-0.04534781,-0.1548356,0.8828495,0.1765882,-0.4067178,0.03220203,0.0007935028,-0.02361034,-0.2507629,-0.2852325,0.9250641,0.03220203,0.0007935028,-0.02361034,0.03220203,0.0007935028,-0.02361034,-0.2507629,-0.2852325,0.9250641,-0.2507629,-0.2852325,0.9250641,4.555817,4.555817,True,True,True
1638328,63779589521354,-13.59288,2.595782,-0.04536092,-0.1550229,0.8828294,0.1766302,-0.4066718,0.03214015,0.001042038,-0.02356239,-0.3135529,-0.3348541,0.8885498,0.03214015,0.001042038,-0.02356239,0.03214015,0.001042038,-0.02356239,-0.3135529,-0.3348541,0.8885498,-0.3135529,-0.3348541,0.8885498,4.456848,4.456848,True,True,True
1638336,63779589521354,-13.59288,2.595782,-0.04536092,-0.1550229,0.8828294,0.1766302,-0.4066718,0.03253658,0.00182959,-0.02338631,-0.1956482,-0.4546967,0.8688812,0.03253658,0.00182959,-0.02338631,0.03253658,0.00182959,-0.02338631,-0.1956482,-0.4546967,0.8688812,-0.1956482,-0.4546967,0.8688812,4.305573,4.305573,True,True,True
1638344,63779589521366,-13.59286,2.595805,-0.04541719,-0.1550272,0.8827549,0.1766475,-0.4068242,0.03305957,0.0009024811,-0.02363103,-0.1053162,-0.2145844,0.970993,0.03305957,0.0009024811,-0.02363103,0.03305957,0.0009024811,-0.02363103,-0.1053162,-0.2145844,0.970993,-0.1053162,-0.2145844,0.970993,4.15184,4.15184,True,True,True
1638353,63779589521377,-13.59292,2.595797,-0.04545557,-0.1549238,0.882654,0.1767721,-0.4070286,0.03278569,0.001610123,-0.02328212,-0.0177002,-0.2501831,0.9680328,0.03278569,0.001610123,-0.02328212,0.03278569,0.001610123,-0.02328212,-0.0177002,-0.2501831,0.9680328,-0.0177002,-0.2501831,0.9680328,3.960068,3.960068,True,True,True
1638361,63779589521377,-13.59292,2.595797,-0.04545557,-0.1549238,0.882654,0.1767721,-0.4070286,0.03263088,0.001376068,-0.02336633,-0.04231262,-0.1684265,0.9848022,0.03263088,0.001376068,-0.02336633,0.03263088,0.001376068,-0.02336633,-0.04231262,-0.1684265,0.9848022,-0.04231262,-0.1684265,0.9848022,4.411865,4.411865,True,True,True
1638369,63779589521388,-13.59297,2.595761,-0.0454818,-0.1548612,0.8825063,0.1768758,-0.4073276,0.0325847,0.003188889,-0.02275087,-0.03840637,-0.5744934,0.8175964,0.0325847,0.003188889,-0.02275087,0.0325847,0.003188889,-0.02275087,-0.03840637,-0.5744934,0.8175964,-0.03840637,-0.5744934,0.8175964,3.712341,3.712341,True,True,True
1638378,63779589521399,-13.59301,2.595734,-0.04554045,-0.1546284,0.8823773,0.1768986,-0.4076854,0.03298537,0.001856583,-0.02327808,-0.006317139,-0.2614136,0.9651947,0.03298537,0.001856583,-0.02327808,0.03298537,0.001856583,-0.02327808,-0.006317139,-0.2614136,0.9651947,-0.006317139,-0.2614136,0.9651947,4.721497,4.721497,True,True,True
1638386,63779589521410,-13.59304,2.595721,-0.04561543,-0.1544562,0.882213,0.17695,-0.4080837,0.0323326,0.00207547,-0.02328269,-0.1536713,-0.2293243,0.9611359,0.0323326,0.00207547,-0.02328269,0.0323326,0.00207547,-0.02328269,-0.1536713,-0.2293243,0.9611359,-0.1536713,-0.2293243,0.9611359,3.476425,3.476425,True,True,True
1638394,63779589521410,-13.59304,2.595721,-0.04561543,-0.1544562,0.882213,0.17695,-0.4080837,0.03229357,0.002320633,-0.02332546,-0.2427673,-0.2141418,0.9461365,0.03229357,0.002320633,-0.02332546,0.03229357,0.002320633,-0.02332546,-0.2427673,-0.2141418,0.9461365,-0.2427673,-0.2141418,0.9461365,4.576447,4.576447,True,True,True
1638403,63779589521421,-13.59308,2.595693,-0.04565966,-0.1541893,0.8820677,0.1769644,-0.4084923,0.03149884,0.002927918,-0.0238859,-0.1125336,-0.136322,0.9842377,0.03149884,0.002927918,-0.0238859,0.03149884,0.002927918,-0.0238859,-0.1125336,-0.136322,0.9842377,-0.1125336,-0.136322,0.9842377,3.6996,3.6996,True,True,True
1638411,63779589521432,-13.59316,2.595704,-0.0457412,-0.1540618,0.8819875,0.176931,-0.4087278,0.03042154,0.003453293,-0.02420464,0.01486206,-0.0345459,0.9992828,0.03042154,0.003453293,-0.02420464,0.03042154,0.003453293,-0.02420464,0.01486206,-0.0345459,0.9992828,0.01486206,-0.0345459,0.9992828,3.823135,3.823135,True,True,True
1638419,63779589521443,-13.59313,2.595704,-0.04584783,-0.154041,0.8818312,0.1768892,-0.4090909,0.03088942,0.002945893,-0.02060582,0.0342865,-0.1168671,0.9925537,0.03088942,0.002945893,-0.02060582,0.03088942,0.002945893,-0.02060582,0.0342865,-0.1168671,0.9925537,0.0342865,-0.1168671,0.9925537,3.93486,3.93486,True,True,True
1638428,63779589521455,-13.59315,2.595706,-0.04593456,-0.1539082,0.881804,0.1768039,-0.4092362,0.03099719,0.003124512,-0.02079924,0.08462524,-0.07369995,0.9936676,0.03099719,0.003124512,-0.02079924,0.03099719,0.003124512,-0.02079924,0.08462524,-0.07369995,0.9936676,0.08462524,-0.07369995,0.9936676,4.15509,4.15509,True,True,True
1638436,63779589521455,-13.59315,2.595706,-0.04593456,-0.1539082,0.881804,0.1768039,-0.4092362,0.03035574,0.001691559,-0.01659271,-0.04371643,0.02636719,0.9986877,0.03035574,0.001691559,-0.01659271,0.03035574,0.001691559,-0.01659271,-0.04371643,0.02636719,0.9986877,-0.04371643,0.02636719,0.9986877,4.783142,4.783142,True,True,True
1638444,63779589521466,-13.5931,2.595698,-0.04598463,-0.1539216,0.8817691,0.1766701,-0.4093644,0.03093477,0.002949509,-0.02243262,0.1256866,0.07957458,0.9888611,0.03093477,0.002949509,-0.02243262,0.03093477,0.002949509,-0.02243262,0.1256866,0.07957458,0.9888611,0.1256866,0.07957458,0.9888611,4.882294,4.882294,True,True,True
1638453,63779589521477,-13.59309,2.595731,-0.04607683,-0.1539046,0.8817691,0.1766158,-0.4093941,0.03107421,0.002618714,-0.01975418,0.1790924,-0.002441406,0.9838257,0.03107421,0.002618714,-0.01975418,0.03107421,0.002618714,-0.01975418,0.1790924,-0.002441406,0.9838257,0.1790924,-0.002441406,0.9838257,4.872253,4.872253,True,True,True
1638461,63779589521488,-13.59306,2.595699,-0.04613471,-0.1537606,0.881837,0.1765573,-0.4093271,0.03091339,0.00287233,-0.02165581,0.1265259,0.03652954,0.9912872,0.03091339,0.00287233,-0.02165581,0.03091339,0.00287233,-0.02165581,0.1265259,0.03652954,0.9912872,0.1265259,0.03652954,0.9912872,4.743668,4.743668,True,True,True
1638469,63779589521488,-13.59306,2.595699,-0.04613471,-0.1537606,0.881837,0.1765573,-0.4093271,0.03080975,0.003221726,-0.02340903,0.1006622,0.06291199,0.9929199,0.03080975,0.003221726,-0.02340903,0.03080975,0.003221726,-0.02340903,0.1006622,0.06291199,0.9929199,0.1006622,0.06291199,0.9929199,4.742538,4.742538,True,True,True
1638478,63779589521499,-13.5931,2.595672,-0.0462513,-0.1538222,0.8818374,0.1766866,-0.4092474,0.03081386,0.003197998,-0.02325336,0.1160583,0.1005249,0.9881287,0.03081386,0.003197998,-0.02325336,0.03081386,0.003197998,-0.02325336,0.1160583,0.1005249,0.9881287,0.1160583,0.1005249,0.9881287,4.895325,4.895325,True,True,True
1638486,63779589521510,-13.59312,2.595678,-0.04634625,-0.1537163,0.8818525,0.1767122,-0.4092434,0.0308033,0.00324469,-0.02353717,0.1136322,0.09269714,0.9891815,0.0308033,0.00324469,-0.02353717,0.0308033,0.00324469,-0.02353717,0.1136322,0.09269714,0.9891815,0.1136322,0.09269714,0.9891815,4.839737,4.839737,True,True,True
1638494,63779589521521,-13.59316,2.595682,-0.04641926,-0.1535825,0.8818359,0.1768941,-0.4092509,0.03080031,0.003235306,-0.02353809,0.1099091,0.1016998,0.9887085,0.03080031,0.003235306,-0.02353809,0.03080031,0.003235306,-0.02353809,0.1099091,0.1016998,0.9887085,0.1099091,0.1016998,0.9887085,4.788315,4.788315,True,True,True
1638503,63779589521521,-13.59316,2.595682,-0.04641926,-0.1535825,0.8818359,0.1768941,-0.4092509,0.03079213,0.00314679,-0.02349239,0.1239471,0.09997559,0.9872284,0.03079213,0.00314679,-0.02349239,0.03079213,0.00314679,-0.02349239,0.1239471,0.09997559,0.9872284,0.1239471,0.09997559,0.9872284,4.79538,4.79538,True,True,True
1638511,63779589521533,-13.59317,2.595695,-0.04648393,-0.1536961,0.881788,0.1769961,-0.4092674,0.03074246,0.003023682,-0.02313327,0.09561157,0.106369,0.9897156,0.03074246,0.003023682,-0.02313327,0.03074246,0.003023682,-0.02313327,0.09561157,0.106369,0.9897156,0.09561157,0.106369,0.9897156,4.750381,4.750381,True,True,True
1638519,63779589521543,-13.59302,2.595676,-0.04657316,-0.1537407,0.8816998,0.1771255,-0.4093846,-0.02735399,0.003845093,-0.0242377,0.1303558,0.01924133,0.991272,0.03073482,0.003013138,-0.02312753,0.03073482,0.003013138,-0.02312753,0.109314,0.1060486,0.988327,0.109314,0.1060486,0.988327,4.732574,4.732574,True,True,True
1638528,63779589521554,-13.59305,2.595682,-0.04670322,-0.1537537,0.8816169,0.1772812,-0.409491,-0.02737106,0.00387352,-0.02423868,0.1365662,0.009262085,0.9905853,0.03068277,0.002923477,-0.02293758,0.03068277,0.002923477,-0.02293758,0.1010437,0.1009521,0.9897308,0.1010437,0.1009521,0.9897308,4.743347,4.743347,True,True,True
1638536,63779589521554,-13.59305,2.595682,-0.04670322,-0.1537537,0.8816169,0.1772812,-0.409491,-0.0274289,0.003809296,-0.02423404,0.1382294,0.01789856,0.9902344,0.03028882,0.003690567,-0.02672209,0.03028882,0.003690567,-0.02672209,0.02781677,0.1240845,0.9918671,0.02781677,0.1240845,0.9918671,4.624634,4.624634,True,True,True
1638544,63779589521565,-13.59306,2.595709,-0.04675484,-0.1535871,0.8815944,0.1773274,-0.4095819,-0.02745172,0.003817658,-0.02424832,0.143219,0.02189636,0.9894409,0.0306218,0.002823532,-0.02277556,0.0306218,0.002823532,-0.02277556,0.1267242,0.07777405,0.9888763,0.1267242,0.07777405,0.9888763,4.613632,4.613632,True,True,True
1638553,63779589521577,-13.59304,2.595762,-0.04685336,-0.1534705,0.8815284,0.177447,-0.4097158,-0.02746375,0.003750397,-0.02426874,0.1328125,0.03503418,0.990509,0.03062345,0.002818238,-0.02278413,0.03062345,0.002818238,-0.02278413,0.1191559,0.09037781,0.988739,0.1191559,0.09037781,0.988739,4.634995,4.634995,True,True,True
1638561,63779589521577,-13.59304,2.595762,-0.04685336,-0.1534705,0.8815284,0.177447,-0.4097158,-0.02747136,0.003741776,-0.02427301,0.1370697,0.00944519,0.990509,0.03064719,0.002785599,-0.02274867,0.03064719,0.002785599,-0.02274867,0.125,0.05375671,0.9906921,0.125,0.05375671,0.9906921,4.534073,4.534073,True,True,True
1638569,63779589521588,-13.59303,2.59585,-0.04690635,-0.1530695,0.8814635,0.1775074,-0.4099791,-0.02745845,0.003746155,-0.02427513,0.1304016,0.004974365,0.9914398,0.0306537,0.002762696,-0.02268503,0.0306537,0.002762696,-0.02268503,0.1181183,0.05795288,0.9913025,0.1181183,0.05795288,0.9913025,4.531799,4.531799,True,True,True
1638578,63779589521599,-13.59298,2.595852,-0.0469538,-0.152611,0.8815141,0.1774959,-0.4100461,-0.02745986,0.003734696,-0.02427898,0.1379547,0.01194763,0.9903564,0.03065614,0.002751297,-0.02267818,0.03065614,0.002751297,-0.02267818,0.1222839,0.05354309,0.9910431,0.1222839,0.05354309,0.9910431,4.592499,4.592499,True,True,True
1638586,63779589521610,-13.59294,2.595866,-0.04698217,-0.1521255,0.8815384,0.1773703,-0.4102288,-0.02745091,0.003740082,-0.02426656,0.1316528,0.008743286,0.9912415,0.03065378,0.002763428,-0.02278546,0.03065378,0.002763428,-0.02278546,0.119339,0.06835938,0.9904938,0.119339,0.06835938,0.9904938,4.547653,4.547653,True,True,True
1638594,63779589521621,-13.59289,2.595865,-0.04702687,-0.1517091,0.8815632,0.1772722,-0.4103721,-0.02744907,0.00370958,-0.02427422,0.134201,0.01806641,0.9907837,0.03065572,0.002750397,-0.02273157,0.03065572,0.002750397,-0.02273157,0.1180573,0.05955505,0.9912109,0.1180573,0.05955505,0.9912109,4.547485,4.547485,True,True,True
1638603,63779589521621,-13.59289,2.595865,-0.04702687,-0.1517091,0.8815632,0.1772722,-0.4103721,-0.02746608,0.003669953,-0.02428552,0.1355591,0.0247345,0.990448,0.03067769,0.002640274,-0.02254422,0.03067769,0.002640274,-0.02254422,0.1200409,0.06442261,0.9906616,0.1200409,0.06442261,0.9906616,4.507339,4.507339,True,True,True
1638611,63779589521632,-13.59293,2.59584,-0.04707086,-0.1513158,0.8816024,0.1771956,-0.4104661,-0.02744981,0.003654938,-0.02429369,0.1315613,0.03344727,0.9907379,0.03065587,0.002660141,-0.02257599,0.03065587,0.002660141,-0.02257599,0.1159668,0.07528687,0.990387,0.1159668,0.07528687,0.990387,4.522644,4.522644,True,True,True
1638619,63779589521644,-13.59286,2.595787,-0.04714805,-0.1510601,0.8816566,0.1772563,-0.4104175,-0.009835694,0.003348191,-0.02377043,0.1258698,0.04647827,0.9909515,0.03064847,0.00267038,-0.02256899,0.03064847,0.00267038,-0.02256899,0.1077881,0.06845093,0.991806,0.1077881,0.06845093,0.991806,4.554871,4.554871,True,True,True
1638628,63779589521644,-13.59286,2.595787,-0.04714805,-0.1510601,0.8816566,0.1772563,-0.4104175,-0.01023933,0.003354416,-0.02379224,0.1226196,0.04707336,0.991333,0.03064952,0.002672897,-0.02260062,0.03064952,0.002672897,-0.02260062,0.1034546,0.06135559,0.9927368,0.1034546,0.06135559,0.9927368,4.661011,4.661011,True,True,True
1638636,63779589521655,-13.59278,2.595843,-0.04724467,-0.1508709,0.8817102,0.1771349,-0.4104244,-0.008147995,0.003330017,-0.02377144,0.121933,0.04458618,0.9915314,0.03063896,0.002711655,-0.02270784,0.03063896,0.002711655,-0.02270784,0.1040192,0.05769348,0.9928894,0.1040192,0.05769348,0.9928894,4.608627,4.608627,True,True,True
1638644,63779589521666,-13.59275,2.595837,-0.04732561,-0.1506078,0.8818136,0.1771633,-0.4102865,-0.009854966,0.00335997,-0.02385001,0.1211395,0.03717041,0.9919281,0.0306284,0.002750397,-0.02281505,0.0306284,0.002750397,-0.02281505,0.09706116,0.05412292,0.9937897,0.09706116,0.05412292,0.9937897,4.576294,4.576294,True,True,True
1638653,63779589521677,-13.59268,2.595867,-0.04737967,-0.1504856,0.8819578,0.1770301,-0.4100792,-0.0104106,0.0033517,-0.02383652,0.1223145,0.04145813,0.9916229,0.03063896,0.002711655,-0.02270784,0.03063896,0.002711655,-0.02270784,0.1009827,0.05784607,0.9931946,0.1009827,0.05784607,0.9931946,4.583267,4.583267,True,True,True
1638661,63779589521677,-13.59268,2.595867,-0.04737967,-0.1504856,0.8819578,0.1770301,-0.4100792,-0.01246465,0.003372376,-0.02386658,0.124527,0.04138184,0.9913483,0.03064952,0.002672897,-0.02260062,0.03064952,0.002672897,-0.02260062,0.1029358,0.06130981,0.9927826,0.1029358,0.06130981,0.9927826,4.588226,4.588226,True,True,True
1638669,63779589521688,-13.59259,2.595856,-0.04744583,-0.1502787,0.8821102,0.1771033,-0.4097954,-0.01476561,0.003400589,-0.02389803,0.1235657,0.04592896,0.9912567,0.03069365,0.002584244,-0.02238541,0.03069365,0.002584244,-0.02238541,0.1068726,0.06283569,0.9922791,0.1068726,0.06283569,0.9922791,4.597702,4.597702,True,True,True
1638678,63779589521699,-13.59254,2.595864,-0.0475387,-0.1502135,0.8822571,0.1770521,-0.4095251,-0.01282639,0.003384003,-0.02386261,0.115448,0.0476532,0.992157,0.03070168,0.002618515,-0.02248975,0.03070168,0.002618515,-0.02248975,0.08752441,0.06321716,0.9941406,0.08752441,0.06321716,0.9941406,4.594452,4.594452,True,True,True
1638686,63779589521710,-13.59247,2.595858,-0.04764283,-0.1501206,0.8825148,0.1769385,-0.4090526,-0.01482355,0.00345015,-0.02393729,0.1126556,0.03929138,0.9928436,0.03081281,0.002622803,-0.0224604,0.03081281,0.002622803,-0.0224604,0.1038513,0.05741882,0.9929199,0.1038513,0.05741882,0.9929199,4.658081,4.658081,True,True,True
1638694,63779589521710,-13.59247,2.595858,-0.04764283,-0.1501206,0.8825148,0.1769385,-0.4090526,-0.02409763,0.003618393,-0.02422054,0.1156464,0.03674316,0.9925995,0.03079019,0.002496628,-0.02210469,0.03079019,0.002496628,-0.02210469,0.1051331,0.07348633,0.9917297,0.1051331,0.07348633,0.9917297,4.648178,4.648178,True,True,True
1638703,63779589521721,-13.59238,2.595874,-0.04772693,-0.1500396,0.8827498,0.1768007,-0.408635,-0.02704233,0.003684921,-0.02433441,0.1149597,0.03495789,0.9927521,0.0307676,0.002379242,-0.02181006,0.0307676,0.002379242,-0.02181006,0.106842,0.08743286,0.9904175,0.106842,0.08743286,0.9904175,4.692642,4.692642,True,True,True
1638711,63779589521732,-13.59228,2.595949,-0.04776603,-0.1498291,0.8830327,0.1767281,-0.4081318,-0.02732526,0.003683808,-0.02434732,0.1151581,0.03720093,0.9926453,0.03075296,0.002378983,-0.02182259,0.03075296,0.002378983,-0.02182259,0.1080017,0.09049988,0.9900208,0.1080017,0.09049988,0.9900208,4.697617,4.697617,True,True,True
1638719,63779589521743,-13.5922,2.595966,-0.0478397,-0.1497226,0.8832231,0.1766407,-0.4077968,-0.02735686,0.003677002,-0.02434924,0.114563,0.03840637,0.9926605,0.0307676,0.002378708,-0.02181006,0.0307676,0.002378708,-0.02181006,0.1147003,0.0919342,0.9891205,0.1147003,0.0919342,0.9891205,4.696976,4.696976,True,True,True
1638728,63779589521743,-13.5922,2.595966,-0.0478397,-0.1497226,0.8832231,0.1764946,-0.4073569,-0.02736067,0.003675034,-0.02434867,0.114151,0.03895569,0.992691,0.03079019,0.002374588,-0.02177951,0.03079019,0.002374588,-0.02177951,0.12146,0.08976746,0.9885254,0.12146,0.08976746,0.9885254,4.69693,4.69693,True,True,True
1638736,63779589521755,-13.59212,2.595999,-0.04790509,-0.1494698,0.8834981,0.1764946,-0.4073569,-0.02735307,0.003672821,-0.02434755,0.1137238,0.03926086,0.9927216,0.03081281,0.002370453,-0.02174898,0.03081281,0.002370453,-0.02174898,0.1282196,0.08753967,0.9878693,0.1282196,0.08753967,0.9878693,4.697205,4.697205,True,True,True
1638744,63779589521766,-13.59205,2.596021,-0.04799891,-0.1492887,0.883681,0.1764645,-0.4070393,-0.02734561,0.003670807,-0.02434673,0.11409,0.03886414,0.9927063,0.03082787,0.002322388,-0.02151624,0.03082787,0.002322388,-0.02151624,0.132843,0.08650208,0.9873505,0.132843,0.08650208,0.9873505,4.705261,4.705261,True,True,True
1638753,63779589521776,-13.59196,2.596029,-0.04807526,-0.1492349,0.8838136,0.1764043,-0.4067973,-0.02733438,0.003668686,-0.02434622,0.1144257,0.03865051,0.9926758,0.0308425,0.002274323,-0.02128349,0.0308425,0.002274323,-0.02128349,0.1373444,0.08525085,0.9868317,0.1373444,0.08525085,0.9868317,4.712952,4.712952,True,True,True
1638761,63779589521788,-13.59189,2.59609,-0.04810983,-0.1490893,0.8839692,0.1762966,-0.4065591,-0.02725406,0.003666611,-0.02434253,0.1147308,0.03938293,0.9925995,0.03083887,0.002264496,-0.02124927,0.03083887,0.002264496,-0.02124927,0.1369781,0.08424377,0.986969,0.1369781,0.08424377,0.986969,4.713409,4.713409,True,True,True
1638769,63779589521788,-13.59189,2.59609,-0.04810983,-0.1490893,0.8839692,0.1762966,-0.4065591,-0.02728002,0.003667099,-0.02434445,0.1150055,0.03921509,0.9925842,0.03083522,0.002254654,-0.02121504,0.03083522,0.002254654,-0.02121504,0.1366119,0.08326721,0.9871063,0.1366119,0.08326721,0.9871063,4.713913,4.713913,True,True,True
1638778,63779589521799,-13.59171,2.596077,-0.04815489,-0.1490395,0.8840927,0.1763376,-0.406291,-0.02726772,0.003664307,-0.02434419,0.1165619,0.04034424,0.9923553,0.03083248,0.002253693,-0.02121259,0.03083248,0.002253693,-0.02121259,0.1367493,0.08259583,0.9871521,0.1367493,0.08259583,0.9871521,4.713577,4.713577,True,True,True
1638786,63779589521810,-13.59162,2.596097,-0.04817939,-0.1489976,0.8841854,0.1764814,-0.406042,-0.0273732,0.003639801,-0.02437114,0.1231842,0.03892517,0.9916077,0.03079854,0.002177429,-0.02099919,0.03079854,0.002177429,-0.02099919,0.1395569,0.07940674,0.9870148,0.1395569,0.07940674,0.9870148,4.72403,4.72403,True,True,True
1638794,63779589521821,-13.59155,2.596107,-0.0482195,-0.1488918,0.884286,0.1765751,-0.405821,-0.02757918,0.003639984,-0.02437799,0.1510925,0.05532837,0.9869537,0.03039981,0.002509537,-0.02235382,0.03039981,0.002509537,-0.02235382,0.1029205,0.06948853,0.9922485,0.1029205,0.06948853,0.9922485,4.664322,4.664322,True,True,True
1638803,63779589521821,-13.59155,2.596107,-0.0482195,-0.1488918,0.884286,0.1765751,-0.405821,-0.02788283,0.00367273,-0.02443608,0.2058258,0.04426575,0.9775848,0.03006233,0.002428269,-0.02205621,0.03006233,0.002428269,-0.02205621,0.1687775,0.0852356,0.9819489,0.1687775,0.0852356,0.9819489,4.722672,4.722672,True,True,True
1638811,63779589521833,-13.59144,2.596108,-0.04826385,-0.1486546,0.8843547,0.1766046,-0.4057456,-0.02816344,0.003673294,-0.02454938,0.257843,0.06442261,0.964035,0.02970357,0.002460922,-0.02214363,0.02970357,0.002460922,-0.02214363,0.217865,0.0914917,0.9716644,0.217865,0.0914917,0.9716644,4.759613,4.759613,True,True,True
1638819,63779589521843,-13.59134,2.596126,-0.04833704,-0.1482791,0.8844479,0.1766642,-0.4056537,-0.0283622,0.003702225,-0.02462189,0.3007965,0.06152344,0.9516907,0.02948833,0.002508179,-0.02223238,0.02948833,0.002508179,-0.02223238,0.2899017,0.1111145,0.9505768,0.2899017,0.1111145,0.9505768,4.724945,4.724945,True,True,True
1638828,63779589521854,-13.59121,2.596153,-0.04833347,-0.1479201,0.884537,0.1767069,-0.405572,-0.02845187,0.003696701,-0.02467479,0.3297424,0.06781006,0.9416199,0.02937546,0.002530823,-0.02225488,0.02937546,0.002530823,-0.02225488,0.3059845,0.1031189,0.9464264,0.3059845,0.1031189,0.9464264,4.706665,4.706665,True,True,True
1638836,63779589521854,-13.59121,2.596153,-0.04833347,-0.1479201,0.884537,0.1767069,-0.405572,-0.02849704,0.003705506,-0.02469835,0.3352966,0.07321167,0.9392548,0.02934697,0.002548523,-0.02228513,0.02934697,0.002548523,-0.02228513,0.3244476,0.1100311,0.9394684,0.3244476,0.1100311,0.9394684,4.764679,4.764679,True,True,True
1638844,63779589521865,-13.59116,2.596153,-0.04828298,-0.1475538,0.8846148,0.1767522,-0.4055161,-0.0284971,0.003694306,-0.02470215,0.3349152,0.0760498,0.9391632,0.02938533,0.002536774,-0.0222666,0.02938533,0.002536774,-0.0222666,0.3206787,0.110199,0.9407501,0.3206787,0.110199,0.9407501,4.810425,4.810425,True,True,True
1638853,63779589521877,-13.59106,2.596184,-0.0483017,-0.1473792,0.88467,0.1767334,-0.4054671,-0.028442,0.003686051,-0.02469097,0.3344269,0.06716919,0.9400177,0.02938141,0.002522446,-0.02224968,0.02938141,0.002522446,-0.02224968,0.3148346,0.09552002,0.9443207,0.3148346,0.09552002,0.9443207,4.783997,4.783997,True,True,True
1638861,63779589521887,-13.59094,2.596211,-0.04831815,-0.1472444,0.8846977,0.1768665,-0.4053978,-0.02613379,0.003641052,-0.0245934,0.3339081,0.06925964,0.9400482,0.02937566,0.002524445,-0.02225523,0.02937566,0.002524445,-0.02225523,0.3187103,0.1025696,0.942276,0.3187103,0.1025696,0.942276,4.781281,4.781281,True,True,True
1638869,63779589521887,-13.59094,2.596211,-0.04831815,-0.1472444,0.8846977,0.1768665,-0.4053978,0.01884679,0.002737595,-0.02270302,0.3239594,0.09877014,0.9408875,0.02936991,0.002526459,-0.02226079,0.02936991,0.002526459,-0.02226079,0.3215332,0.1058197,0.9409485,0.3215332,0.1058197,0.9409485,4.793747,4.793747,True,True,True
1638878,63779589521899,-13.59083,2.596268,-0.04842746,-0.1470653,0.8847168,0.176928,-0.4053941,0.01146532,0.002884552,-0.02301572,0.326767,0.09365845,0.9404449,0.02937294,0.002524826,-0.02226416,0.02937294,0.002524826,-0.02226416,0.3229218,0.1081085,0.9402161,0.3229218,0.1081085,0.9402161,4.795288,4.795288,True,True,True
1638886,63779589521910,-13.5907,2.59635,-0.04841441,-0.1468381,0.88478,0.1770141,-0.405301,0.00915126,0.002929947,-0.02311498,0.3273773,0.08940125,0.9406433,0.02937509,0.002523193,-0.02226752,0.02937509,0.002523193,-0.02226752,0.3228455,0.1072388,0.9403534,0.3228455,0.1072388,0.9403534,4.794952,4.794952,True,True,True
1638894,63779589521921,-13.59064,2.596382,-0.04846746,-0.1465387,0.8848346,0.1772592,-0.4051832,0.007764344,0.002953964,-0.02317377,0.3276062,0.0905304,0.9404602,0.02937471,0.002522827,-0.02226849,0.02937471,0.002522827,-0.02226849,0.3221741,0.1068115,0.9406281,0.3221741,0.1068115,0.9406281,4.79361,4.79361,True,True,True
1638903,63779589521921,-13.59064,2.596382,-0.04846746,-0.1465387,0.8848346,0.1772592,-0.4051832,0.006496613,0.002975189,-0.02322644,0.3275909,0.08834839,0.9406738,0.02937509,0.002522446,-0.02226759,0.02937509,0.002522446,-0.02226759,0.3217163,0.1062775,0.9408417,0.3217163,0.1062775,0.9408417,4.793991,4.793991,True,True,True
1638911,63779589521932,-13.59054,2.596397,-0.04845667,-0.1463123,0.8849617,0.177271,-0.4049823,0.006433914,0.002974762,-0.02322942,0.3277283,0.08798218,0.9406586,0.02937471,0.002519974,-0.02226756,0.02937471,0.002519974,-0.02226756,0.322113,0.1058044,0.9407654,0.322113,0.1058044,0.9407654,4.799011,4.799011,True,True,True
1638919,63779589521943,-13.59043,2.596372,-0.04853159,-0.1460501,0.8850507,0.1773883,-0.404831,0.006554169,0.002970703,-0.02322472,0.3279724,0.08918762,0.9404602,0.02937433,0.002517502,-0.02226752,0.02937433,0.002517502,-0.02226752,0.3223877,0.1076508,0.9404602,0.3223877,0.1076508,0.9404602,4.795425,4.795425,True,True,True
1638928,63779589521954,-13.59031,2.596367,-0.04851586,-0.1460532,0.8851519,0.17752,-0.4045506,0.006437744,0.002971985,-0.02322913,0.3280334,0.08869934,0.9404755,0.02937471,0.002515808,-0.02226659,0.02937471,0.002515808,-0.02226659,0.3226776,0.1069031,0.9404449,0.3226776,0.1069031,0.9404449,4.800156,4.800156,True,True,True
1638936,63779589521954,-13.59031,2.596367,-0.04851586,-0.1460532,0.8851519,0.17752,-0.4045506,0.006725022,0.002965225,-0.02321657,0.3278198,0.08834839,0.9405975,0.02937433,0.002514115,-0.02226566,0.02937433,0.002514115,-0.02226566,0.3226776,0.1060944,0.9405365,0.3226776,0.1060944,0.9405365,4.794357,4.794357,True,True,True
1638944,63779589521966,-13.59017,2.596403,-0.04857934,-0.1459588,0.8852461,0.1776031,-0.404342,0.006785797,0.002963669,-0.023214,0.3275604,0.08856201,0.9406586,0.02937431,0.002513611,-0.02226543,0.02937431,0.002513611,-0.02226543,0.3225403,0.1062012,0.940567,0.3225403,0.1062012,0.940567,4.793503,4.793503,True,True,True
1638953,63779589521977,-13.59008,2.596396,-0.04861718,-0.145774,0.8854116,0.1776783,-0.4040133,0.0068181,0.002962967,-0.02321263,0.3276215,0.0887146,0.9406281,0.0293743,0.002513458,-0.02226518,0.0293743,0.002513458,-0.02226518,0.3226776,0.106308,0.940506,0.3226776,0.106308,0.940506,4.794601,4.794601,True,True,True
1638961,63779589521988,-13.58993,2.596414,-0.04864985,-0.1457417,0.8855776,0.1776311,-0.4036815,0.006717103,0.002964874,-0.02321665,0.327652,0.08879089,0.9405975,0.02937413,0.002513291,-0.02226508,0.02937413,0.002513291,-0.02226508,0.3226929,0.1062775,0.940506,0.3226929,0.1062775,0.940506,4.795181,4.795181,True,True,True
1638969,63779589521988,-13.58993,2.596414,-0.04864985,-0.1457417,0.8855776,0.1776311,-0.4036815,0.006887985,0.00296135,-0.02320923,0.3276215,0.08912659,0.9405823,0.02937396,0.002513123,-0.02226497,0.02937396,0.002513123,-0.02226497,0.3226776,0.1063843,0.9404907,0.3226776,0.1063843,0.9404907,4.794434,4.794434,True,True,True
1638978,63779589521999,-13.58978,2.596414,-0.0486902,-0.1456959,0.8857703,0.1776429,-0.4032701,0.006826935,0.00296254,-0.02321173,0.3280792,0.09013367,0.9403229,0.0293732,0.002513123,-0.02226497,0.0293732,0.002513123,-0.02226497,0.3236237,0.1086578,0.9399109,0.3236237,0.1086578,0.9399109,4.794983,4.794983,True,True,True
1638986,63779589522010,-13.58963,2.596399,-0.04874027,-0.1456417,0.8859406,0.1778212,-0.4028367,0.006617752,0.002975754,-0.02320314,0.3234558,0.07911682,0.9429169,0.02939793,0.002511276,-0.02224112,0.02939793,0.002511276,-0.02224112,0.3211365,0.0954895,0.9421997,0.3211365,0.0954895,0.9421997,4.727188,4.727188,True,True,True
1638994,63779589522021,-13.58951,2.596416,-0.04879636,-0.1455958,0.8861282,0.1778666,-0.4024202,0.006709733,0.002953644,-0.02319415,0.3135834,0.09403992,0.9448853,0.02952794,0.002467087,-0.02223892,0.02952794,0.002467087,-0.02223892,0.3116913,0.11586,0.9430847,0.3116913,0.11586,0.9430847,4.653641,4.653641,True,True,True
1639003,63779589522021,-13.58951,2.596416,-0.04879636,-0.1455958,0.8861282,0.1778666,-0.4024202,0.006475067,0.002964752,-0.0231866,0.2963104,0.09370422,0.95047,0.02957567,0.002463455,-0.02221726,0.02957567,0.002463455,-0.02221726,0.2906952,0.1139679,0.9499969,0.2906952,0.1139679,0.9499969,4.637985,4.637985,True,True,True
1639011,63779589522032,-13.58934,2.596474,-0.04879451,-0.1455179,0.8863966,0.1779116,-0.4018373,0.006380997,0.002972794,-0.02319089,0.2965393,0.09541321,0.9502258,0.02957695,0.002468308,-0.02222197,0.02957695,0.002468308,-0.02222197,0.2940826,0.118454,0.9483948,0.2940826,0.118454,0.9483948,4.749985,4.749985,True,True,True
1639019,63779589522043,-13.5892,2.596516,-0.04882181,-0.1454252,0.8865589,0.1780749,-0.4014401,0.006104981,0.002981491,-0.02320575,0.2986298,0.09370422,0.9497528,0.02956851,0.002468918,-0.02221954,0.02956851,0.002468918,-0.02221954,0.2915802,0.1147461,0.9496307,0.2915802,0.1147461,0.9496307,4.708038,4.708038,True,True,True
1639028,63779589522043,-13.58911,2.596575,-0.04887432,-0.1451037,0.8866715,0.1783196,-0.401199,0.0058517,0.00298645,-0.02321436,0.2961121,0.09317017,0.950592,0.02956006,0.002469528,-0.02221802,0.02956006,0.002469528,-0.02221802,0.2889252,0.1169434,0.9501648,0.2889252,0.1169434,0.9501648,4.669998,4.669998,True,True,True
1639036,63779589522054,-13.58911,2.596575,-0.04887432,-0.1451037,0.8866715,0.1783196,-0.401199,0.006025742,0.002983704,-0.02320638,0.2945862,0.09423828,0.9509583,0.02955751,0.002471451,-0.02221758,0.02955751,0.002471451,-0.02221758,0.2881317,0.1160126,0.950531,0.2881317,0.1160126,0.950531,4.686401,4.686401,True,True,True
1639044,63779589522065,-13.58898,2.596666,-0.04891098,-0.144882,0.8867958,0.1784576,-0.4009432,0.006525361,0.002973557,-0.02318483,0.292572,0.09388733,0.9516144,0.02955495,0.002473358,-0.02221727,0.02955495,0.002473358,-0.02221727,0.2879333,0.1160889,0.9505768,0.2879333,0.1160889,0.9505768,4.70369,4.70369,True,True,True
1639053,63779589522076,-13.58885,2.596724,-0.04890901,-0.1444781,0.8868509,0.1787473,-0.4008378,0.006784043,0.002966827,-0.02317362,0.2928467,0.09332275,0.9515839,0.02955493,0.002472168,-0.0222172,0.02955493,0.002472168,-0.0222172,0.2879639,0.11586,0.950592,0.2879639,0.11586,0.950592,4.699921,4.699921,True,True,True
1639061,63779589522087,-13.58867,2.596815,-0.04889286,-0.1440617,0.8869369,0.1789486,-0.4007075,0.007275116,0.002955216,-0.02315312,0.293335,0.09518433,0.9512482,0.0295549,0.002471146,-0.02221713,0.0295549,0.002471146,-0.02221713,0.2880707,0.1166534,0.95047,0.2880707,0.1166534,0.95047,4.704239,4.704239,True,True,True
1639069,63779589522087,-13.58867,2.596815,-0.04889286,-0.1440617,0.8869369,0.1789486,-0.4007075,0.007257767,0.002955231,-0.02315407,0.2946625,0.0942688,0.9509277,0.02955458,0.002471054,-0.0222172,0.02955458,0.002471054,-0.0222172,0.2893524,0.1162262,0.9501343,0.2893524,0.1162262,0.9501343,4.700653,4.700653,True,True,True
1639078,63779589522099,-13.58855,2.596862,-0.04889077,-0.1435369,0.8869555,0.179196,-0.4007442,0.007368531,0.002952561,-0.02314946,0.2938538,0.09352112,0.9512482,0.0295549,0.002470978,-0.02221713,0.0295549,0.002470978,-0.02221713,0.2880096,0.1156769,0.9506073,0.2880096,0.1156769,0.9506073,4.696686,4.696686,True,True,True
1639086,63779589522109,-13.58844,2.596933,-0.04893583,-0.1429937,0.8869282,0.1794303,-0.4008939,0.007374832,0.002952271,-0.02314925,0.2947388,0.09269714,0.9510651,0.02955458,0.002471054,-0.02221709,0.02955458,0.002471054,-0.02221709,0.2893524,0.1151733,0.9502563,0.2893524,0.1151733,0.9502563,4.700226,4.700226,True,True,True
1639094,63779589522121,-13.58833,2.596972,-0.0488745,-0.1425198,0.8869414,0.1796375,-0.4009405,0.007366562,0.002952423,-0.02314974,0.2957306,0.09228516,0.9507904,0.02955425,0.002471146,-0.02221704,0.02955425,0.002471146,-0.02221704,0.2906342,0.1145935,0.9499359,0.2906342,0.1145935,0.9499359,4.696884,4.696884,True,True,True
1639103,63779589522121,-13.58833,2.596972,-0.0488745,-0.1425198,0.8869414,0.1796375,-0.4009405,0.007295472,0.002954559,-0.02315288,0.2963257,0.09129333,0.9506989,0.02955441,0.002472244,-0.022217,0.02955441,0.002472244,-0.022217,0.2917938,0.1132355,0.9497375,0.2917938,0.1132355,0.9497375,4.689835,4.689835,True,True,True
1639111,63779589522132,-13.58825,2.597052,-0.04886389,-0.141972,0.8868638,0.1798151,-0.4012271,0.007372711,0.002952728,-0.02314969,0.2955627,0.09059143,0.951004,0.02955458,0.002473358,-0.02221693,0.02955458,0.002473358,-0.02221693,0.2906036,0.1117706,0.9502869,0.2906036,0.1117706,0.9502869,4.682114,4.682114,True,True,True
1639119,63779589522143,-13.58815,2.597094,-0.04879147,-0.1414164,0.8869284,0.1798864,-0.4012485,0.007214707,0.002955338,-0.02315639,0.2956696,0.09031677,0.951004,0.02955475,0.00247345,-0.02221689,0.02955475,0.00247345,-0.02221689,0.2907257,0.1113434,0.9502869,0.2907257,0.1113434,0.9502869,4.674057,4.674057,True,True,True
1639128,63779589522154,-13.58805,2.597163,-0.04878139,-0.140963,0.8869538,0.1801138,-0.4012497,0.007224701,0.002954437,-0.02315598,0.2957458,0.0899353,0.9510193,0.0295549,0.002473526,-0.02221683,0.0295549,0.002473526,-0.02221683,0.290863,0.1109161,0.9503021,0.290863,0.1109161,0.9503021,4.666229,4.666229,True,True,True
1639136,63779589522154,-13.58805,2.597163,-0.04878139,-0.140963,0.8869538,0.1801138,-0.4012497,0.007200989,0.002954544,-0.02315636,0.2957458,0.08906555,0.9510956,0.0295549,0.002474075,-0.02221578,0.0295549,0.002474075,-0.02221578,0.290863,0.109726,0.9504395,0.290863,0.109726,0.9504395,4.635605,4.635605,True,True,True
1639144,63779589522165,-13.58798,2.597283,-0.04873216,-0.1404987,0.8869984,0.1801521,-0.4012969,0.006673691,0.002974808,-0.0231649,0.2957001,0.08450317,0.9515228,0.0295549,0.002493592,-0.02219327,0.0295549,0.002493592,-0.02219327,0.290802,0.1022949,0.9512939,0.290802,0.1022949,0.9512939,4.618576,4.618576,True,True,True
1639153,63779589522176,-13.5879,2.597362,-0.04870051,-0.1399293,0.8871366,0.1802834,-0.4011313,0.006201844,0.002982834,-0.02318524,0.2958832,0.08325195,0.9515839,0.02955495,0.002493592,-0.02219266,0.02955495,0.002493592,-0.02219266,0.2908325,0.1007996,0.9514465,0.2908325,0.1007996,0.9514465,4.617599,4.617599,True,True,True
1639161,63779589522187,-13.58783,2.597452,-0.04872531,-0.1396049,0.8872731,0.1803178,-0.4009267,0.00583281,0.002988495,-0.02320073,0.296402,0.0823822,0.9514923,0.02955693,0.002493592,-0.02219154,0.02955693,0.002493592,-0.02219154,0.2911835,0.100174,0.9514008,0.2911835,0.100174,0.9514008,4.602249,4.602249,True,True,True
1639169,63779589522187,-13.58783,2.597452,-0.04872531,-0.1396049,0.8872731,0.1803178,-0.4009267,0.005624451,0.002991349,-0.02320943,0.2965546,0.08181763,0.9514923,0.02955931,0.002493592,-0.02218981,0.02955931,0.002493592,-0.02218981,0.2915192,0.09960938,0.951355,0.2915192,0.09960938,0.951355,4.600922,4.600922,True,True,True
1639178,63779589522198,-13.58779,2.597494,-0.04873937,-0.139206,0.8874527,0.180352,-0.4006527,0.005592942,0.002988312,-0.02321152,0.2964783,0.07955933,0.9517059,0.02955933,0.002493592,-0.0221891,0.02955933,0.002493592,-0.0221891,0.2911835,0.09637451,0.9517822,0.2911835,0.09637451,0.9517822,4.596924,4.596924,True,True,True
1639186,63779589522209,-13.58771,2.597544,-0.0487535,-0.1389804,0.8876676,0.180244,-0.4003035,0.005746644,0.002982697,-0.02320561,0.2955475,0.07965088,0.9519958,0.02955943,0.002493592,-0.02218901,0.02955943,0.002493592,-0.02218901,0.2893066,0.0958252,0.9524078,0.2893066,0.0958252,0.9524078,4.596069,4.596069,True,True,True
1639194,63779589522221,-13.58764,2.597631,-0.04878056,-0.1387766,0.8878779,0.1801858,-0.3999338,0.006084946,0.00297348,-0.02319191,0.2948914,0.07913208,0.95224,0.02955943,0.002493592,-0.02218889,0.02955943,0.002493592,-0.02218889,0.2892303,0.0942688,0.9525909,0.2892303,0.0942688,0.9525909,4.585968,4.585968,True,True,True
1639203,63779589522221,-13.58764,2.597631,-0.04878056,-0.1387766,0.8878779,0.1801858,-0.3999338,0.006450593,0.002945832,-0.02317362,0.2919617,0.07550049,0.9534302,0.02955943,0.002493592,-0.0221884,0.02955943,0.002493592,-0.0221884,0.2902222,0.09094238,0.9526215,0.2902222,0.09094238,0.9526215,4.582504,4.582504,True,True,True
1639211,63779589522232,-13.58755,2.597642,-0.0487954,-0.1386566,0.8881147,0.1801625,-0.3994599,0.006721543,0.002903687,-0.02318471,0.3184052,0.07737732,0.9447784,0.02946272,0.00244133,-0.02220415,0.02946272,0.00244133,-0.02220415,0.3174133,0.09262085,0.9437408,0.3174133,0.09262085,0.9437408,4.633682,4.633682,True,True,True
1639219,63779589522243,-13.58741,2.597666,-0.04877567,-0.1386723,0.888311,0.1800152,-0.3990842,0.00881984,0.002850571,-0.02310582,0.3308563,0.0690918,0.9411316,0.02939169,0.00243985,-0.02221317,0.02939169,0.00243985,-0.02221317,0.3280487,0.0806427,0.9412079,0.3280487,0.0806427,0.9412079,4.623703,4.623703,True,True,True
1639228,63779589522254,-13.58734,2.597702,-0.04878467,-0.1385744,0.8885382,0.1800566,-0.3985933,0.01026805,0.002800446,-0.02303882,0.3243561,0.06620789,0.9436035,0.02934401,0.002412277,-0.02220242,0.02934401,0.002412277,-0.02220242,0.3141022,0.07679749,0.9462738,0.3141022,0.07679749,0.9462738,4.63446,4.63446,True,True,True
1639236,63779589522254,-13.58734,2.597702,-0.04878467,-0.1385744,0.8885382,0.1800566,-0.3985933,0.01107213,0.002777512,-0.0230127,0.3292542,0.06784058,0.9417877,0.02931897,0.002406372,-0.02221655,0.02931897,0.002406372,-0.02221655,0.322937,0.07931519,0.9430847,0.322937,0.07931519,0.9430847,4.549774,4.549774,True,True,True
1639244,63779589522265,-13.58721,2.597709,-0.04879093,-0.1384642,0.8886792,0.1801999,-0.3982523,0.0114818,0.002737931,-0.0230114,0.3378296,0.07305908,0.9383545,0.02933055,0.002359772,-0.02223329,0.02933055,0.002359772,-0.02223329,0.3309937,0.08576965,0.9397125,0.3309937,0.08576965,0.9397125,4.574524,4.574524,True,True,True
1639253,63779589522276,-13.58715,2.597763,-0.0487588,-0.1383181,0.8888158,0.1803912,-0.3979114,0.01144901,0.002739273,-0.02301126,0.3368378,0.07121277,0.938858,0.02933234,0.002360336,-0.02223105,0.02933234,0.002360336,-0.02223105,0.3295593,0.08357239,0.9404144,0.3295593,0.08357239,0.9404144,4.589386,4.589386,True,True,True
1639261,63779589522287,-13.58712,2.597804,-0.04874355,-0.1381832,0.8887947,0.1807873,-0.3978259,0.01094721,0.002750504,-0.02303342,0.3382416,0.07182312,0.9383087,0.02933167,0.002360886,-0.02223157,0.02933167,0.002360886,-0.02223157,0.3314056,0.0854187,0.9396057,0.3314056,0.0854187,0.9396057,4.585251,4.585251,True,True,True
1639269,63779589522287,-13.58712,2.597804,-0.04874355,-0.1381832,0.8887947,0.1807873,-0.3978259,0.009899827,0.0027724,-0.02307962,0.3392487,0.07202148,0.9379272,0.0293311,0.00236084,-0.02223242,0.0293311,0.00236084,-0.02223242,0.3328552,0.08758545,0.9388885,0.3328552,0.08758545,0.9388885,4.599091,4.599091,True,True,True
1639278,63779589522299,-13.587,2.597843,-0.04874718,-0.1380732,0.8888155,0.180917,-0.3977585,0.008699113,0.002797531,-0.02313246,0.3408813,0.06958008,0.9375153,0.02933055,0.002360794,-0.02223329,0.02933055,0.002360794,-0.02223329,0.3343201,0.08598328,0.9385223,0.3343201,0.08598328,0.9385223,4.610092,4.610092,True,True,True
1639286,63779589522310,-13.58693,2.597872,-0.04870421,-0.1380707,0.88877,0.1809915,-0.397827,0.007366166,0.002825653,-0.02318987,0.3409424,0.06816101,0.9376068,0.02932787,0.00236084,-0.02223242,0.02932787,0.00236084,-0.02223242,0.3338928,0.08543396,0.9387207,0.3338928,0.08543396,0.9387207,4.622711,4.622711,True,True,True
1639294,63779589522321,-13.58688,2.597965,-0.04862708,-0.1378281,0.8888012,0.1811181,-0.3977839,0.006838715,0.002836884,-0.02321216,0.3404388,0.06733704,0.9378357,0.02932518,0.002360886,-0.02223157,0.02932518,0.002360886,-0.02223157,0.3329468,0.08476257,0.9391174,0.3329468,0.08476257,0.9391174,4.608383,4.608383,True,True,True
1639303,63779589522321,-13.58688,2.597965,-0.04862708,-0.1378281,0.8888012,0.1811181,-0.3977839,0.00659285,0.002842682,-0.02322205,0.3405762,0.06692505,0.9378204,0.0293239,0.002361435,-0.02223018,0.0293239,0.002361435,-0.02223018,0.3328857,0.08407593,0.939209,0.3328857,0.08407593,0.939209,4.621338,4.621338,True,True,True
1639311,63779589522332,-13.58689,2.598003,-0.0485636,-0.1375126,0.8888251,0.1813162,-0.3977495,0.00684755,0.00283786,-0.0232101,0.3403625,0.06680298,0.937912,0.02932262,0.002361969,-0.02222881,0.02932262,0.002361969,-0.02222881,0.3325348,0.08317566,0.9394073,0.3325348,0.08317566,0.9394073,4.607422,4.607422,True,True,True
1639319,63779589522343,-13.58685,2.598061,-0.04850072,-0.1371784,0.8887939,0.1814664,-0.3978661,0.006660217,0.00284549,-0.0232143,0.3362732,0.06472778,0.9395294,0.02929144,0.002368637,-0.02222359,0.02929144,0.002368637,-0.02222359,0.3256989,0.08027649,0.9420471,0.3256989,0.08027649,0.9420471,4.600327,4.600327,True,True,True
1639328,63779589522354,-13.58681,2.598168,-0.04845226,-0.1367631,0.8888119,0.1815554,-0.397928,0.006444443,0.002852783,-0.02321976,0.3322296,0.06323242,0.9410706,0.02926027,0.002373871,-0.02221839,0.02926027,0.002373871,-0.02221839,0.3188629,0.07771301,0.9445953,0.3188629,0.07771301,0.9445953,4.593155,4.593155,True,True,True
1639336,63779589522354,-13.58681,2.598168,-0.04845226,-0.1367631,0.8888119,0.1815554,-0.397928,0.006270386,0.002854294,-0.02322762,0.3322449,0.06318665,0.9410706,0.02925936,0.002370834,-0.02221867,0.02925936,0.002370834,-0.02221867,0.3188171,0.07801819,0.9445953,0.3188171,0.07801819,0.9445953,4.588455,4.588455,True,True,True
1639344,63779589522365,-13.58676,2.598233,-0.04839629,-0.1364645,0.8888446,0.1816297,-0.3979238,0.006161896,0.002854447,-0.02323259,0.3322754,0.06324768,0.94104,0.02925844,0.002367813,-0.02221896,0.02925844,0.002367813,-0.02221896,0.3188782,0.0783844,0.9445343,0.3188782,0.0783844,0.9445343,4.593796,4.593796,True,True,True
1639353,63779589522376,-13.58675,2.598255,-0.04835939,-0.1361384,0.888963,0.1817998,-0.3976932,0.006145584,0.002853424,-0.02323364,0.3327026,0.06343079,0.9408875,0.02925736,0.002365738,-0.02221964,0.02925736,0.002365738,-0.02221964,0.3191681,0.0788269,0.944397,0.3191681,0.0788269,0.944397,4.59668,4.59668,True,True,True
1639361,63779589522387,-13.58665,2.598293,-0.04828644,-0.1359364,0.8890508,0.1820443,-0.3974542,0.00620549,0.002850784,-0.02323056,0.3330536,0.06359863,0.9407501,0.02925627,0.002363663,-0.02221903,0.02925627,0.002363663,-0.02221903,0.3194122,0.0791626,0.9442902,0.3194122,0.0791626,0.9442902,4.594315,4.594315,True,True,True
1639369,63779589522387,-13.58665,2.598293,-0.04828644,-0.1359364,0.8890508,0.1820443,-0.3974542,0.006316544,0.002848343,-0.02322611,0.3334198,0.06359863,0.9406281,0.02925606,0.002363663,-0.02221899,0.02925606,0.002363663,-0.02221899,0.3202057,0.07907104,0.9440308,0.3202057,0.07907104,0.9440308,4.594833,4.594833,True,True,True
1639378,63779589522398,-13.5866,2.598313,-0.04822123,-0.1359574,0.8891973,0.1821896,-0.3970524,0.006466065,0.00284494,-0.02321954,0.3330231,0.06304932,0.9407959,0.02925492,0.002363663,-0.02221896,0.02925492,0.002363663,-0.02221896,0.3198853,0.0783844,0.9441986,0.3198853,0.0783844,0.9441986,4.592224,4.592224,True,True,True
1639386,63779589522410,-13.58658,2.598363,-0.04815418,-0.1360472,0.8893135,0.182377,-0.3966752,0.006698166,0.002839783,-0.02320996,0.3334351,0.06085205,0.9407959,0.02925441,0.002363663,-0.02221839,0.02925441,0.002363663,-0.02221839,0.3208008,0.07563782,0.9441071,0.3208008,0.07563782,0.9441071,4.592697,4.592697,True,True,True
1639394,63779589522421,-13.58655,2.598412,-0.04808664,-0.1360335,0.8894153,0.1826424,-0.3963296,0.006929154,0.002834152,-0.02319978,0.3330383,0.0607605,0.9409485,0.02925408,0.002363663,-0.02221805,0.02925408,0.002363663,-0.02221805,0.3209229,0.07548523,0.9440765,0.3209229,0.07548523,0.9440765,4.592819,4.592819,True,True,True
1639403,63779589522421,-13.58655,2.598412,-0.04808664,-0.1360335,0.8894153,0.1826424,-0.3963296,0.007035202,0.002831024,-0.02319518,0.3326721,0.06105042,0.9410553,0.02925266,0.002363663,-0.02221802,0.02925266,0.002363663,-0.02221802,0.320343,0.07546997,0.9442749,0.320343,0.07546997,0.9442749,4.590805,4.590805,True,True,True
1639411,63779589522432,-13.58647,2.598475,-0.04808939,-0.1359119,0.889514,0.1829696,-0.3959985,0.007121644,0.002825852,-0.02319266,0.3315277,0.06054688,0.9414825,0.02924753,0.002361984,-0.02221802,0.02924753,0.002361984,-0.02221802,0.3190308,0.07414246,0.9448242,0.3190308,0.07414246,0.9448242,4.589569,4.589569,True,True,True
1639419,63779589522443,-13.58648,2.598587,-0.0479669,-0.1358013,0.8895813,0.1833487,-0.39571,0.007196121,0.002822342,-0.02319031,0.3309784,0.06048584,0.9416809,0.02924585,0.00236084,-0.02221802,0.02924585,0.00236084,-0.02221802,0.3187866,0.07434082,0.9449005,0.3187866,0.07434082,0.9449005,4.589371,4.589371,True,True,True
1639428,63779589522454,-13.58647,2.598688,-0.04787982,-0.1355967,0.8895901,0.1837292,-0.3955837,0.007274521,0.002818375,-0.02318747,0.3310242,0.05873108,0.9417877,0.02924297,0.002358673,-0.02221802,0.02924297,0.002358673,-0.02221802,0.3196564,0.07215881,0.9447784,0.3196564,0.07215881,0.9447784,4.581314,4.581314,True,True,True
1639436,63779589522454,-13.58647,2.598688,-0.04787982,-0.1355967,0.8895901,0.1837292,-0.3955837,0.007371506,0.002814789,-0.02318305,0.3300629,0.05863953,0.9421234,0.02923599,0.002356903,-0.02221802,0.02923599,0.002356903,-0.02221802,0.3182526,0.07188416,0.9452667,0.3182526,0.07188416,0.9452667,4.587402,4.587402,True,True,True
1639444,63779589522465,-13.58653,2.598766,-0.04780108,-0.135484,0.8895795,0.1840701,-0.3954877,0.007362443,0.002814697,-0.0231816,0.3298035,0.05699158,0.9423218,0.02923428,0.002356552,-0.02221517,0.02923428,0.002356552,-0.02221517,0.3181,0.06941223,0.9454956,0.3181,0.06941223,0.9454956,4.594452,4.594452,True,True,True
1639453,63779589522476,-13.58653,2.598895,-0.04770845,-0.1355666,0.8895294,0.1844643,-0.3953885,0.007237992,0.002816177,-0.02318585,0.3292999,0.05513,0.9425964,0.02922368,0.002355118,-0.02221364,0.02922368,0.002355118,-0.02221364,0.3160553,0.06637573,0.9464111,0.3160553,0.06637573,0.9464111,4.591583,4.591583,True,True,True
1639461,63779589522487,-13.58657,2.598994,-0.04761869,-0.135637,0.8894778,0.1848315,-0.3953089,0.00709021,0.002819153,-0.02319167,0.3303375,0.05455017,0.942276,0.02921901,0.002355118,-0.02221254,0.02921901,0.002355118,-0.02221254,0.317276,0.06602478,0.9460297,0.317276,0.06602478,0.9460297,4.591919,4.591919,True,True,True
1639469,63779589522487,-13.58657,2.598994,-0.04761869,-0.135637,0.8894778,0.1848315,-0.3953089,0.006694763,0.002826737,-0.02320711,0.3305664,0.05381775,0.9422302,0.0292083,0.002354965,-0.02220964,0.0292083,0.002354965,-0.02220964,0.3176117,0.06582642,0.9459229,0.3176117,0.06582642,0.9459229,4.583603,4.583603,True,True,True
1639478,63779589522498,-13.5865,2.599103,-0.04750377,-0.1356921,0.8894551,0.1851171,-0.3952075,0.006609284,0.002827713,-0.02321015,0.3307343,0.05307007,0.942215,0.02920232,0.002353928,-0.02220854,0.02920232,0.002353928,-0.02220854,0.3180084,0.06465149,0.9458771,0.3180084,0.06465149,0.9458771,4.582794,4.582794,True,True,True
1639486,63779589522509,-13.58649,2.599143,-0.04746312,-0.1357688,0.8894353,0.1854003,-0.3950929,0.006480683,0.002829834,-0.02321365,0.3315735,0.05125427,0.9420166,0.02919943,0.002353424,-0.02220513,0.02919943,0.002353424,-0.02220513,0.3186646,0.06326294,0.9457397,0.3186646,0.06326294,0.9457397,4.590851,4.590851,True,True,True
1639494,63779589522521,-13.58656,2.599234,-0.04740745,-0.1355028,0.8894179,0.1856979,-0.3950837,0.006318329,0.002832794,-0.02322023,0.3332214,0.05081177,0.9414673,0.02919905,0.002352722,-0.02220403,0.02919905,0.002352722,-0.02220403,0.3194733,0.06332397,0.9454651,0.3194733,0.06332397,0.9454651,4.591583,4.591583,True,True,True
1639503,63779589522521,-13.58656,2.599234,-0.04740745,-0.1355028,0.8894179,0.1856979,-0.3950837,0.006175232,0.002835434,-0.02322302,0.3339844,0.05065918,0.9412079,0.02919618,0.00235231,-0.02219815,0.02919618,0.00235231,-0.02219815,0.3202362,0.06314087,0.9452209,0.3202362,0.06314087,0.9452209,4.59465,4.59465,True,True,True
1639511,63779589522532,-13.58655,2.599221,-0.04733169,-0.1351617,0.8894255,0.1859711,-0.395055,0.006139114,0.00283342,-0.02322521,0.3340454,0.05134583,0.9411469,0.02919618,0.002350891,-0.02219815,0.02919618,0.002350891,-0.02219815,0.3202362,0.06347656,0.9451904,0.3202362,0.06347656,0.9451904,4.594894,4.594894,True,True,True
1639519,63779589522542,-13.58658,2.59917,-0.0472123,-0.1350053,0.8894008,0.1860854,-0.3951101,0.006191651,0.002830826,-0.02322379,0.335022,0.05107117,0.9408112,0.02919618,0.00234874,-0.02219815,0.02919618,0.00234874,-0.02219815,0.321579,0.06292725,0.9447784,0.321579,0.06292725,0.9447784,4.59227,4.59227,True,True,True
1639528,63779589522554,-13.58657,2.599116,-0.04711425,-0.1349589,0.8893907,0.1861746,-0.3951066,0.006327179,0.002825333,-0.02321855,0.3352509,0.05134583,0.9407196,0.02919618,0.002347733,-0.02219815,0.02919618,0.002347733,-0.02219815,0.322464,0.06330872,0.944458,0.322464,0.06330872,0.944458,4.611572,4.611572,True,True,True
1639536,63779589522554,-13.58657,2.599116,-0.04711425,-0.1349589,0.8893907,0.1861746,-0.3951066,0.006445176,0.002821884,-0.02321393,0.3352509,0.0504303,0.9407654,0.02919618,0.002347153,-0.02219815,0.02919618,0.002347153,-0.02219815,0.3226318,0.06213379,0.9444733,0.3226318,0.06213379,0.9444733,4.599716,4.599716,True,True,True
1639544,63779589522566,-13.58654,2.599087,-0.04705173,-0.1350092,0.8893763,0.186217,-0.3951018,0.006582001,0.002811783,-0.02320818,0.3362885,0.05151367,0.9403381,0.02919618,0.002343872,-0.02219815,0.02919618,0.002343872,-0.02219815,0.3242035,0.06259155,0.9439087,0.3242035,0.06259155,0.9439087,4.6008,4.6008,True,True,True
1639553,63779589522576,-13.58648,2.599062,-0.04701096,-0.1350656,0.889383,0.1862077,-0.3950721,0.006678483,0.002808289,-0.02320632,0.3362579,0.05194092,0.9403229,0.02919618,0.002343292,-0.02219815,0.02919618,0.002343292,-0.02219815,0.3243103,0.06274414,0.9438629,0.3243103,0.06274414,0.9438629,4.600937,4.600937,True,True,True
1639561,63779589522587,-13.58643,2.599126,-0.04695839,-0.1352509,0.8893632,0.1862257,-0.3950447,0.007158051,0.002795899,-0.02318546,0.3371735,0.05126953,0.940033,0.02919618,0.00234285,-0.02219815,0.02919618,0.00234285,-0.02219815,0.3256378,0.06031799,0.9435577,0.3256378,0.06031799,0.9435577,4.592209,4.592209,True,True,True
1639569,63779589522587,-13.58643,2.599126,-0.04695839,-0.1352509,0.8893632,0.1862257,-0.3950447,0.006483688,0.002767471,-0.0232287,0.3445435,0.06381226,0.9365845,0.02923953,0.002275299,-0.0222166,0.02923953,0.002275299,-0.0222166,0.3368378,0.08126831,0.9380341,0.3368378,0.08126831,0.9380341,4.609955,4.609955,True,True,True
1639578,63779589522599,-13.58637,2.599161,-0.04690182,-0.135024,0.8894828,0.1862384,-0.3948469,0.00650148,0.002764588,-0.02322942,0.3451385,0.06413269,0.9363556,0.02923953,0.00227121,-0.02221753,0.02923953,0.00227121,-0.02221753,0.3379517,0.08171082,0.9375916,0.3379517,0.08171082,0.9375916,4.6185,4.6185,True,True,True
1639586,63779589522610,-13.58636,2.599236,-0.04685026,-0.1346428,0.8896365,0.1862807,-0.3946111,0.006557602,0.002763077,-0.02322698,0.3462677,0.06404114,0.9359436,0.02923953,0.002270737,-0.02221756,0.02923953,0.002270737,-0.02221756,0.3397827,0.08143616,0.9369659,0.3397827,0.08143616,0.9369659,4.647629,4.647629,True,True,True
1639594,63779589522621,-13.58631,2.599288,-0.04674685,-0.134193,0.889801,0.1863413,-0.3943647,0.006324906,0.002767639,-0.02323782,0.3470154,0.06390381,0.9356689,0.02923953,0.002269928,-0.02221822,0.02923953,0.002269928,-0.02221822,0.3402252,0.08145142,0.9367981,0.3402252,0.08145142,0.9367981,4.647522,4.647522,True,True,True
1639603,63779589522621,-13.58631,2.599288,-0.04674685,-0.134193,0.889801,0.1863413,-0.3943647,0.006140656,0.0027715,-0.02324613,0.3488312,0.06243896,0.9350891,0.02923953,0.002269699,-0.02221831,0.02923953,0.002269699,-0.02221831,0.3421326,0.07969666,0.9362488,0.3421326,0.07969666,0.9362488,4.646194,4.646194,True,True,True
1639611,63779589522632,-13.58631,2.599356,-0.04665732,-0.133554,0.8900328,0.1861589,-0.3941444,0.006071412,0.00277298,-0.02324928,0.3490601,0.06112671,0.9350891,0.02923953,0.002269653,-0.02221831,0.02923953,0.002269653,-0.02221831,0.3424683,0.07763672,0.9363098,0.3424683,0.07763672,0.9363098,4.644958,4.644958,True,True,True
1639619,63779589522644,-13.58629,2.599455,-0.04659444,-0.1330028,0.8902127,0.1860105,-0.3939947,0.006108612,0.002771301,-0.02324773,0.3495178,0.06130981,0.934906,0.02923953,0.002268494,-0.02221831,0.02923953,0.002268494,-0.02221831,0.3424683,0.07798767,0.9362793,0.3424683,0.07798767,0.9362793,4.645142,4.645142,True,True,True
1639628,63779589522655,-13.5863,2.599499,-0.04657954,-0.1324863,0.8904099,0.1859253,-0.3937632,0.006235672,0.002766052,-0.02324217,0.3509521,0.06053162,0.9344177,0.02923953,0.002265534,-0.02221831,0.02923953,0.002265534,-0.02221831,0.3442078,0.07615662,0.935791,0.3442078,0.07615662,0.935791,4.645035,4.645035,True,True,True
1639636,63779589522655,-13.5863,2.599499,-0.04657954,-0.1324863,0.8904099,0.1859253,-0.3937632,0.006523499,0.002758209,-0.0232294,0.3517761,0.06066895,0.9340973,0.02923744,0.002263992,-0.02221822,0.02923744,0.002263992,-0.02221822,0.3455811,0.0758667,0.9353027,0.3455811,0.0758667,0.9353027,4.645264,4.645264,True,True,True
1639644,63779589522666,-13.58629,2.599556,-0.04652095,-0.132127,0.8905805,0.1858419,-0.3935372,0.006950654,0.002746735,-0.02321227,0.3498993,0.06071472,0.9348145,0.02923334,0.002260788,-0.02221756,0.02923334,0.002260788,-0.02221756,0.3451385,0.0763855,0.9354248,0.3451385,0.0763855,0.9354248,4.650635,4.650635,True,True,True
1639653,63779589522677,-13.58629,2.599639,-0.04647583,-0.1317324,0.8907717,0.1856991,-0.3933043,0.007110215,0.002741623,-0.02320555,0.3497314,0.0612793,0.9348297,0.02923082,0.002259094,-0.02221753,0.02923082,0.002259094,-0.02221753,0.344574,0.07681274,0.9356079,0.344574,0.07681274,0.9356079,4.650574,4.650574,True,True,True
1639661,63779589522677,-13.58624,2.599754,-0.04641259,-0.1315914,0.8908608,0.1856623,-0.393167,0.007262803,0.002736313,-0.02319913,0.3499603,0.06137085,0.9347382,0.02922751,0.002255997,-0.02221677,0.02922751,0.002255997,-0.02221677,0.3447418,0.07675171,0.9355469,0.3447418,0.07675171,0.9355469,4.664246,4.664246,True,True,True
1639669,63779589522688,-13.58624,2.599754,-0.04641259,-0.1315914,0.8908608,0.1856623,-0.393167,0.007357331,0.002733322,-0.0231948,0.3506927,0.06065369,0.9345093,0.0292229,0.002254669,-0.0222166,0.0292229,0.002254669,-0.0222166,0.3462982,0.07556152,0.9350586,0.3462982,0.07556152,0.9350586,4.665985,4.665985,True,True,True
1639678,63779589522699,-13.58627,2.599822,-0.04633403,-0.1314472,0.8909413,0.1856699,-0.3930293,0.00744542,0.002731217,-0.023192,0.350647,0.0604248,0.9345398,0.0292188,0.002254517,-0.02221597,0.0292188,0.002254517,-0.02221597,0.3460693,0.07492065,0.9351959,0.3460693,0.07492065,0.9351959,4.66922,4.66922,True,True,True
1639686,63779589522710,-13.58632,2.599857,-0.04619354,-0.131238,0.8910396,0.1856675,-0.3928774,0.007481125,0.002727951,-0.02319141,0.3522949,0.06030273,0.9339294,0.02921408,0.002251038,-0.02221597,0.02921408,0.002251038,-0.02221597,0.348175,0.07450867,0.9344482,0.348175,0.07450867,0.9344482,4.672363,4.672363,True,True,True
1639694,63779589522721,-13.58637,2.599927,-0.04610682,-0.1312125,0.8911078,0.1855587,-0.3927827,0.007542237,0.002723679,-0.02318982,0.351532,0.05921936,0.9342957,0.02920783,0.002250336,-0.02221594,0.02920783,0.002250336,-0.02221594,0.3465576,0.07319641,0.9351501,0.3465576,0.07319641,0.9351501,4.670624,4.670624,True,True,True
1639703,63779589522721,-13.58637,2.599927,-0.04610682,-0.1312125,0.8911078,0.1855587,-0.3927827,0.007568146,0.002720932,-0.02318858,0.3512878,0.05975342,0.9343567,0.0291935,0.002249314,-0.02221594,0.0291935,0.002249314,-0.02221594,0.346283,0.0735321,0.9352417,0.346283,0.0735321,0.9352417,4.672028,4.672028,True,True,True
1639711,63779589522732,-13.58645,2.599975,-0.04601884,-0.1311722,0.8911905,0.1855276,-0.3926232,0.00760106,0.002719635,-0.02318773,0.3522034,0.06001282,0.9339905,0.02919081,0.002249039,-0.02221594,0.02919081,0.002249039,-0.02221594,0.3479614,0.0737915,0.9345856,0.3479614,0.0737915,0.9345856,4.679001,4.679001,True,True,True
1639719,63779589522744,-13.5865,2.599946,-0.04596007,-0.1311973,0.8912293,0.1854745,-0.3925519,0.007568635,0.002718125,-0.02319011,0.3547668,0.05999756,0.9330139,0.0291866,0.002248673,-0.02221594,0.0291866,0.002248673,-0.02221594,0.3518066,0.07354736,0.9331665,0.3518066,0.07354736,0.9331665,4.699173,4.699173,True,True,True
1639728,63779589522755,-13.58664,2.599946,-0.04585922,-0.1313459,0.8913392,0.1853353,-0.3923181,0.007594818,0.002715775,-0.0231901,0.3559113,0.06019592,0.9325714,0.02918305,0.002248062,-0.02221594,0.02918305,0.002248062,-0.02221594,0.3536835,0.07344055,0.9324646,0.3536835,0.07344055,0.9324646,4.700333,4.700333,True,True,True
1639736,63779589522755,-13.58664,2.599946,-0.04585922,-0.1313459,0.8913392,0.1853353,-0.3923181,0.007581238,0.002714432,-0.02319133,0.3562927,0.06074524,0.9323883,0.0291807,0.002246689,-0.02221597,0.0291807,0.002246689,-0.02221597,0.3539581,0.07417297,0.932312,0.3539581,0.07417297,0.932312,4.756042,4.756042,True,True,True
1639744,63779589522767,-13.58663,2.599951,-0.0457502,-0.1315994,0.8914094,0.185107,-0.3921815,0.007572693,0.002713577,-0.02319307,0.356369,0.06069946,0.9323578,0.02917798,0.002246689,-0.02221672,0.02917798,0.002246689,-0.02221672,0.3541718,0.07437134,0.9322052,0.3541718,0.07437134,0.9322052,4.775024,4.775024,True,True,True
1639753,63779589522777,-13.58669,2.600034,-0.04563993,-0.1319314,0.8914868,0.1848699,-0.3920057,0.007535202,0.002713074,-0.02319501,0.3575592,0.05990601,0.9319611,0.02917583,0.002246689,-0.02221677,0.02917583,0.002246689,-0.02221677,0.3536072,0.07437134,0.9324188,0.3536072,0.07437134,0.9324188,4.774582,4.774582,True,True,True
1639761,63779589522777,-13.58669,2.600034,-0.04563993,-0.1319314,0.8914868,0.1848699,-0.3920057,0.007498185,0.002713806,-0.02319733,0.3578796,0.06019592,0.9318085,0.02917218,0.002246689,-0.02221677,0.02917218,0.002246689,-0.02221677,0.3535461,0.07473755,0.9324188,0.3535461,0.07473755,0.9324188,4.77478,4.77478,True,True,True
1639769,63779589522789,-13.5868,2.600088,-0.04555088,-0.1322051,0.891591,0.1846709,-0.3917703,0.007435333,0.002715118,-0.02320059,0.3600616,0.05993652,0.9309845,0.02916957,0.002246689,-0.02221672,0.02916957,0.002246689,-0.02221672,0.3569641,0.07489014,0.9311066,0.3569641,0.07489014,0.9311066,4.776627,4.776627,True,True,True
1639778,63779589522799,-13.58685,2.600157,-0.04548091,-0.1324488,0.8917909,0.1844364,-0.3913433,0.007399567,0.002715836,-0.02320285,0.3607635,0.06001282,0.9307098,0.02916602,0.002246689,-0.02221672,0.02916602,0.002246689,-0.02221672,0.358078,0.07499695,0.9306641,0.358078,0.07499695,0.9306641,4.777115,4.777115,True,True,True
1639786,63779589522810,-13.58682,2.600247,-0.04539347,-0.1324172,0.8920475,0.1840847,-0.3909346,0.00732956,0.002717316,-0.0232061,0.3604889,0.05996704,0.9308167,0.02916354,0.002246689,-0.02221672,0.02916354,0.002246689,-0.02221672,0.3574524,0.07495117,0.9309082,0.3574524,0.07495117,0.9309082,4.77681,4.77681,True,True,True
1639794,63779589522821,-13.58685,2.600378,-0.04536122,-0.1325894,0.8922511,0.1838712,-0.3905118,0.007272538,0.002718521,-0.02320955,0.3607178,0.06007385,0.9307251,0.02916231,0.002246689,-0.02221672,0.02916231,0.002246689,-0.02221672,0.3577728,0.07510376,0.9307709,0.3577728,0.07510376,0.9307709,4.791031,4.791031,True,True,True
1639803,63779589522821,-13.58685,2.600378,-0.04536122,-0.1325894,0.8922511,0.1838712,-0.3905118,0.007226044,0.00271994,-0.02321184,0.3603821,0.05993652,0.9308624,0.02915997,0.002247421,-0.02221672,0.02915997,0.002247421,-0.02221672,0.3571777,0.07487488,0.931015,0.3571777,0.07487488,0.931015,4.790802,4.790802,True,True,True
1639811,63779589522832,-13.58686,2.600507,-0.04528332,-0.1326265,0.892543,0.1836344,-0.3899432,0.007190155,0.002722183,-0.02321324,0.3610535,0.06005859,0.930603,0.02915993,0.002249786,-0.02221509,0.02915993,0.002249786,-0.02221509,0.3581085,0.07496643,0.9306488,0.3581085,0.07496643,0.9306488,4.795624,4.795624,True,True,True
1639819,63779589522844,-13.58685,2.60068,-0.04521245,-0.1326271,0.8927722,0.1834452,-0.3895071,0.006584076,0.002771729,-0.02322498,0.354538,0.04925537,0.9337311,0.0291113,0.002308991,-0.02219139,0.0291113,0.002308991,-0.02219139,0.3464508,0.05825806,0.9362488,0.3464508,0.05825806,0.9362488,4.78421,4.78421,True,True,True
1639827,63779589522855,-13.58685,2.600884,-0.04515201,-0.1325522,0.8930526,0.1832021,-0.3890039,0.00604744,0.002784348,-0.02324909,0.3545074,0.04971313,0.9337158,0.0291084,0.002311127,-0.02219005,0.0291084,0.002311127,-0.02219005,0.3457184,0.05754089,0.936554,0.3457184,0.05754089,0.936554,4.783646,4.783646,True,True,True
1639836,63779589522855,-13.58685,2.600884,-0.04515201,-0.1325522,0.8930526,0.1832021,-0.3890039,0.005586136,0.002794785,-0.02327017,0.3547821,0.04971313,0.9336243,0.02910439,0.002312775,-0.02219005,0.02910439,0.002312775,-0.02219005,0.345871,0.05751038,0.9365082,0.345871,0.05751038,0.9365082,4.783722,4.783722,True,True,True
1639844,63779589522866,-13.58682,2.601053,-0.04503882,-0.1324161,0.8933641,0.1827742,-0.3885358,0.005285431,0.002801209,-0.02328429,0.3556519,0.05047607,0.9332428,0.0291037,0.002312988,-0.02219005,0.0291037,0.002312988,-0.02219005,0.3466339,0.05888367,0.936142,0.3466339,0.05888367,0.936142,4.784729,4.784729,True,True,True
1639852,63779589522877,-13.58672,2.601261,-0.04494715,-0.1321541,0.8937093,0.1822459,-0.3880792,0.005161301,0.002804108,-0.02329045,0.3562012,0.05207825,0.9329529,0.02910112,0.002312988,-0.02219005,0.02910112,0.002312988,-0.02219005,0.3462524,0.05989075,0.9362183,0.3462524,0.05989075,0.9362183,4.81044,4.81044,True,True,True
1639861,63779589522888,-13.58674,2.601419,-0.04484594,-0.1316753,0.894072,0.1816853,-0.3876691,0.005206665,0.002806076,-0.02328879,0.3565521,0.05238342,0.9328003,0.02909978,0.0023134,-0.02219005,0.02909978,0.0023134,-0.02219005,0.3463287,0.06030273,0.9361572,0.3463287,0.06030273,0.9361572,4.815643,4.815643,True,True,True
1639869,63779589522888,-13.58674,2.601419,-0.04484594,-0.1316753,0.894072,0.1816853,-0.3876691,0.005441117,0.002802795,-0.02327835,0.3579712,0.05244446,0.932251,0.02909728,0.002313797,-0.02219005,0.02909728,0.002313797,-0.02219005,0.3487396,0.06057739,0.9352417,0.3487396,0.06057739,0.9352417,4.817108,4.817108,True,True,True
1639877,63779589522899,-13.58669,2.601599,-0.04479194,-0.1311345,0.894481,0.180938,-0.3872581,0.005854279,0.002797455,-0.02325931,0.3582001,0.05194092,0.9321899,0.029094,0.002314407,-0.02219005,0.029094,0.002314407,-0.02219005,0.3493347,0.06051636,0.9350281,0.3493347,0.06051636,0.9350281,4.817337,4.817337,True,True,True
1639886,63779589522911,-13.58666,2.601775,-0.04468143,-0.1306612,0.8948444,0.1803953,-0.3868317,0.006382386,0.002790055,-0.02323519,0.3578491,0.05130005,0.9323578,0.02908849,0.002314407,-0.02219005,0.02908849,0.002314407,-0.02219005,0.3490753,0.06053162,0.9351349,0.3490753,0.06053162,0.9351349,4.817215,4.817215,True,True,True
1639894,63779589522911,-13.58666,2.601775,-0.04468143,-0.1306612,0.8948444,0.1803953,-0.3868317,0.007285141,0.002794907,-0.0232003,0.3557587,0.04606628,0.9334259,0.02903389,0.002351975,-0.02218855,0.02903389,0.002351975,-0.02218855,0.3401642,0.05065918,0.9389954,0.3401642,0.05065918,0.9389954,4.720627,4.720627,True,True,True
1639902,63779589522922,-13.58662,2.601917,-0.04457313,-0.1301988,0.8951832,0.1799076,-0.3864306,0.007361115,0.002712555,-0.02319157,0.3551025,0.06332397,0.932663,0.02924991,0.002229965,-0.02218561,0.02924991,0.002229965,-0.02218561,0.3428192,0.0796051,0.9360046,0.3428192,0.0796051,0.9360046,4.796585,4.796585,True,True,True
1639911,63779589522933,-13.58656,2.602021,-0.04449171,-0.1299787,0.8954495,0.1794262,-0.3861112,0.005797913,0.002750778,-0.02320384,0.3388062,0.03855896,0.9400482,0.02933092,0.002244858,-0.02211035,0.02933092,0.002244858,-0.02211035,0.3258972,0.04434204,0.9443512,0.3258972,0.04434204,0.9443512,4.817886,4.817886,True,True,True
1639919,63779589522943,-13.58651,2.602198,-0.04436457,-0.1297848,0.8956999,0.1790581,-0.3857666,0.005024079,0.002694412,-0.02323879,0.3361664,0.04470825,0.9407349,0.02945068,0.002129105,-0.02211986,0.02945068,0.002129105,-0.02211986,0.3265686,0.0592804,0.9432983,0.3265686,0.0592804,0.9432983,4.881287,4.881287,True,True,True
1639927,63779589522955,-13.58646,2.60235,-0.04427791,-0.1295318,0.8959057,0.1789734,-0.385413,0.004448716,0.002673371,-0.02324018,0.3300934,0.03286743,0.9433746,0.02953,0.002090652,-0.02209238,0.02953,0.002090652,-0.02209238,0.3258209,0.03987122,0.9445801,0.3258209,0.03987122,0.9445801,4.847443,4.847443,True,True,True
1639936,63779589522955,-13.58646,2.60235,-0.04427791,-0.1295318,0.8959057,0.1789734,-0.385413,0.004066361,0.002696549,-0.02323053,0.3229828,0.01701355,0.9462433,0.02950693,0.002124954,-0.02205025,0.02950693,0.002124954,-0.02205025,0.3149261,0.01544189,0.9489746,0.3149261,0.01544189,0.9489746,4.770096,4.770096,True,True,True
1639944,63779589522966,-13.58651,2.602523,-0.04415065,-0.1291472,0.8961579,0.1786111,-0.3851236,0.003794663,0.002710449,-0.02323642,0.3200378,0.01548767,0.9472656,0.02949832,0.002125839,-0.02205066,0.02949832,0.002125839,-0.02205066,0.308075,0.02406311,0.9510498,0.308075,0.02406311,0.9510498,4.77034,4.77034,True,True,True
1639952,63779589522976,-13.5865,2.602681,-0.04405969,-0.1286739,0.8963476,0.178444,-0.3849179,0.003979614,0.002700394,-0.02322191,0.3171692,0.009048462,0.9483185,0.02948772,0.002125992,-0.02203543,0.02948772,0.002125992,-0.02203543,0.3024139,0.01095581,0.9531097,0.3024139,0.01095581,0.9531097,4.807327,4.807327,True,True,True
1639961,63779589522987,-13.58645,2.6028,-0.04391414,-0.1282648,0.8965134,0.1783244,-0.3847236,0.00495755,0.002673706,-0.02317922,0.3163452,0.01196289,0.9485626,0.02948758,0.002127579,-0.02203717,0.02948758,0.002127579,-0.02203717,0.3041382,0.01480103,0.9524994,0.3041382,0.01480103,0.9524994,4.811844,4.811844,True,True,True
1639969,63779589522987,-13.58645,2.6028,-0.04391414,-0.1282648,0.8965134,0.1783244,-0.3847236,0.005672943,0.002657761,-0.0231467,0.3158264,0.01480103,0.9486847,0.02948744,0.002129151,-0.02203891,0.02948744,0.002129151,-0.02203891,0.3058472,0.01869202,0.951889,0.3058472,0.01869202,0.951889,4.816238,4.816238,True,True,True
1639977,63779589522999,-13.58644,2.602983,-0.04380411,-0.1279275,0.8965361,0.1783663,-0.3847636,0.004597656,0.002682358,-0.02319684,0.3173828,0.01434326,0.9481812,0.0294845,0.002132217,-0.02203893,0.0294845,0.002132217,-0.02203893,0.3060913,0.01828003,0.9518127,0.3060913,0.01828003,0.9518127,4.81424,4.81424,True,True,True
1639986,63779589523010,-13.5864,2.603123,-0.04363078,-0.127845,0.8965471,0.1785183,-0.3846947,0.005,0.00267366,-0.02317845,0.3174438,0.014328,0.9481659,0.02948157,0.002135284,-0.02203891,0.02948157,0.002135284,-0.02203891,0.3063812,0.01779175,0.9517365,0.3063812,0.01779175,0.9517365,4.815811,4.815811,True,True,True
1639994,63779589523021,-13.58636,2.603281,-0.04347813,-0.1277929,0.8964502,0.1787765,-0.3848181,0.004999619,0.002673172,-0.02317856,0.3169708,0.01429749,0.9483185,0.02947951,0.002137085,-0.02203842,0.02947951,0.002137085,-0.02203842,0.3064728,0.01754761,0.9517059,0.3064728,0.01754761,0.9517059,4.82634,4.82634,True,True,True
1640002,63779589523021,-13.58636,2.603281,-0.04347813,-0.1277929,0.8964502,0.1787765,-0.3848181,0.005979782,0.00265123,-0.02313266,0.3166046,0.01419067,0.9484406,0.02947745,0.002138901,-0.02203795,0.02947745,0.002138901,-0.02203795,0.3065643,0.01727295,0.9516907,0.3065643,0.01727295,0.9516907,4.83728,4.83728,True,True,True
1640011,63779589523033,-13.58635,2.603474,-0.04331839,-0.1276911,0.8963888,0.1788633,-0.3849546,0.006920319,0.002628159,-0.02308904,0.3164825,0.01446533,0.9484711,0.02947719,0.002137085,-0.02203813,0.02947719,0.002137085,-0.02203813,0.3070068,0.01763916,0.9515381,0.3070068,0.01763916,0.9515381,4.840271,4.840271,True,True,True
1640019,63779589523043,-13.58631,2.603624,-0.04315227,-0.1274234,0.8963926,0.1788948,-0.3850198,0.006923752,0.002628403,-0.02308859,0.3161774,0.01443481,0.9485779,0.02947745,0.002135284,-0.02203795,0.02947745,0.002135284,-0.02203795,0.3066254,0.01828003,0.9516449,0.3066254,0.01828003,0.9516449,4.843246,4.843246,True,True,True
1640027,63779589523055,-13.58628,2.603778,-0.04302388,-0.1269967,0.8963624,0.1789588,-0.3852013,0.006888245,0.002630173,-0.02309021,0.3164215,0.01405334,0.9485016,0.02947905,0.002134552,-0.02203813,0.02947905,0.002134552,-0.02203813,0.3071136,0.01832581,0.9514923,0.3071136,0.01832581,0.9514923,4.840988,4.840988,True,True,True
1640036,63779589523055,-13.58628,2.603778,-0.04302388,-0.1269967,0.8963624,0.1789588,-0.3852013,0.007132187,0.002624954,-0.02307855,0.3166046,0.01403809,0.9484406,0.02948065,0.00213382,-0.02203832,0.02948065,0.00213382,-0.02203832,0.3075867,0.01853943,0.9513245,0.3075867,0.01853943,0.9513245,4.83844,4.83844,True,True,True
1640044,63779589523065,-13.58633,2.603935,-0.04280901,-0.1265819,0.8963907,0.1789053,-0.385297,0.006949265,0.002627319,-0.02308666,0.3163605,0.01443481,0.9485168,0.02948111,0.002131485,-0.02203836,0.02948111,0.002131485,-0.02203836,0.3076477,0.01930237,0.9512939,0.3076477,0.01930237,0.9512939,4.841705,4.841705,True,True,True
1640052,63779589523077,-13.58637,2.604102,-0.04267216,-0.1261775,0.896426,0.1788167,-0.3853884,0.006847763,0.002627976,-0.02309119,0.3165283,0.01454163,0.9484558,0.02948157,0.002129151,-0.02203842,0.02948157,0.002129151,-0.02203842,0.3078308,0.01982117,0.9512177,0.3078308,0.01982117,0.9512177,4.839462,4.839462,True,True,True
1640061,63779589523088,-13.58637,2.604357,-0.04249233,-0.1255828,0.8964745,0.1788273,-0.3854648,0.006848893,0.002627732,-0.02309106,0.3165741,0.01437378,0.9484558,0.02948198,0.002129059,-0.02203867,0.02948198,0.002129059,-0.02203867,0.3078766,0.01985168,0.9512024,0.3078766,0.01985168,0.9512024,4.841827,4.841827,True,True,True
1640069,63779589523088,-13.58637,2.604357,-0.04249233,-0.1255828,0.8964745,0.1788273,-0.3854648,0.00719664,0.002619934,-0.02307472,0.3162079,0.01429749,0.9485779,0.02948239,0.002128967,-0.02203842,0.02948239,0.002128967,-0.02203842,0.3078766,0.01991272,0.9512024,0.3078766,0.01991272,0.9512024,4.83934,4.83934,True,True,True
1640077,63779589523099,-13.5863,2.60461,-0.04233569,-0.124843,0.8965433,0.1787503,-0.385581,0.007243607,0.00261821,-0.02307131,0.3152618,0.01445007,0.9488831,0.02948239,0.002128967,-0.02203842,0.02948239,0.002128967,-0.02203842,0.3079224,0.02015686,0.9511871,0.3079224,0.02015686,0.9511871,4.844788,4.844788,True,True,True
1640086,63779589523110,-13.58627,2.60483,-0.042153,-0.1240605,0.8965992,0.1786201,-0.3857636,0.007266053,0.002614212,-0.02307019,0.3156128,0.01516724,0.948761,0.02948239,0.002124359,-0.02203832,0.02948239,0.002124359,-0.02203832,0.3079529,0.0213623,0.9511566,0.3079529,0.0213623,0.9511566,4.846497,4.846497,True,True,True
1640094,63779589523121,-13.58629,2.605088,-0.0420112,-0.1231273,0.8967291,0.1784044,-0.3858609,0.007264969,0.002610199,-0.02307012,0.3166962,0.01582336,0.9483795,0.02948647,0.00211972,-0.02203795,0.02948647,0.00211972,-0.02203795,0.3091125,0.02250671,0.9507446,0.3091125,0.02250671,0.9507446,4.856613,4.856613,True,True,True
1640102,63779589523121,-13.58629,2.605088,-0.0420112,-0.1231273,0.8967291,0.1784044,-0.3858609,0.007133271,0.002595734,-0.0230725,0.3182526,0.0153656,0.947876,0.02951897,0.002090759,-0.02203043,0.02951897,0.002090759,-0.02203043,0.3115692,0.02281189,0.9499359,0.3115692,0.02281189,0.9499359,4.814957,4.814957,True,True,True
1640111,63779589523132,-13.58629,2.605254,-0.04190618,-0.1222671,0.8968601,0.1780953,-0.3859726,0.007388855,0.002563187,-0.02305103,0.3174286,0.009765625,0.9482269,0.02955405,0.002071915,-0.02202838,0.02955405,0.002071915,-0.02202838,0.3119049,0.02671814,0.9497223,0.3119049,0.02671814,0.9497223,4.839203,4.839203,True,True,True
1640119,63779589523143,-13.58622,2.605441,-0.04187042,-0.1215054,0.8969578,0.1778751,-0.3860876,0.007712692,0.002538178,-0.02303795,0.3217926,0.009185791,0.9467621,0.02956159,0.002045273,-0.02202826,0.02956159,0.002045273,-0.02202826,0.3164978,0.02198792,0.9483337,0.3164978,0.02198792,0.9483337,4.856094,4.856094,True,True,True
1640127,63779589523154,-13.58613,2.605636,-0.04178327,-0.1208873,0.8971218,0.1775684,-0.3860416,0.008150803,0.002512207,-0.02300061,0.3057251,0.006698608,0.9520874,0.02959351,0.002022125,-0.02201097,0.02959351,0.002022125,-0.02201097,0.2976379,0.02099609,0.9544373,0.2976379,0.02099609,0.9544373,4.842163,4.842163,True,True,True
1640136,63779589523154,-13.58613,2.605636,-0.04178327,-0.1208873,0.8971218,0.1775684,-0.3860416,0.008544327,0.002491654,-0.02297263,0.298233,0.006790161,0.9544525,0.02961582,0.002011047,-0.02200102,0.02961582,0.002011047,-0.02200102,0.2902985,0.02087402,0.9566956,0.2902985,0.02087402,0.9566956,4.866776,4.866776,True,True,True
1640144,63779589523166,-13.58604,2.605816,-0.04172915,-0.1202708,0.8972238,0.177377,-0.3860854,0.0087538,0.00248114,-0.02295996,0.3014832,-0.0001220703,0.9534607,0.02961289,0.002007965,-0.02200267,0.02961289,0.002007965,-0.02200267,0.297226,0.01472473,0.9546814,0.297226,0.01472473,0.9546814,4.835709,4.835709,True,True,True
1640152,63779589523177,-13.58597,2.606056,-0.04168957,-0.11972,0.8973866,0.1772699,-0.3859273,0.008814011,0.002477677,-0.02295766,0.3005981,0.001876831,0.9537354,0.0296095,0.002006851,-0.02200163,0.0296095,0.002006851,-0.02200163,0.2958221,0.01370239,0.9551392,0.2958221,0.01370239,0.9551392,4.826859,4.826859,True,True,True
1640161,63779589523177,-13.58597,2.606056,-0.04168957,-0.11972,0.8973866,0.1772699,-0.3859273,0.008817154,0.0024758,-0.02295799,0.2998199,0.002258301,0.9539795,0.02960655,0.002006149,-0.02200061,0.02960655,0.002006149,-0.02200061,0.2946777,0.01353455,0.9554901,0.2946777,0.01353455,0.9554901,4.834274,4.834274,True,True,True
1640169,63779589523194,-13.58584,2.606215,-0.04156291,-0.1190848,0.8975543,0.1771496,-0.385789,0.0085914,0.002479386,-0.02296822,0.2993622,0.001144409,0.9541321,0.02960739,0.002005936,-0.02199985,0.02960739,0.002005936,-0.02199985,0.2940063,0.01322937,0.9557037,0.2940063,0.01322937,0.9557037,4.839462,4.839462,True,True,True
1640177,63779589523204,-13.58563,2.606585,-0.04148579,-0.1174582,0.8980353,0.1770136,-0.3852301,0.008227128,0.002486054,-0.02298482,0.2992706,-3.051758E-05,0.9541626,0.02960742,0.002005722,-0.0219991,0.02960742,0.002005722,-0.0219991,0.293869,0.01307678,0.9557495,0.293869,0.01307678,0.9557495,4.845001,4.845001,True,True,True
1640186,63779589523204,-13.58563,2.606585,-0.04148579,-0.1174582,0.8980353,0.1770136,-0.3852301,0.007616989,0.002497452,-0.02301242,0.2996674,0.0001220703,0.9540405,0.029607,0.002004517,-0.02199826,0.029607,0.002004517,-0.02199826,0.2943878,0.01321411,0.9555817,0.2943878,0.01321411,0.9555817,4.848694,4.848694,True,True,True
1640194,63779589523216,-13.58551,2.606795,-0.0414874,-0.1165098,0.8984273,0.1768764,-0.3846668,0.007484284,0.002498123,-0.02301804,0.2991486,0.0003662109,0.9541931,0.02960655,0.002003311,-0.02199741,0.02960655,0.002003311,-0.02199741,0.2937317,0.01330566,0.95578,0.2937317,0.01330566,0.95578,4.851852,4.851852,True,True,True
1640202,63779589523227,-13.58536,2.606975,-0.04141772,-0.115528,0.898858,0.1767303,-0.3840234,0.007464814,0.002494354,-0.02301872,0.2992554,0.001556396,0.9541626,0.02960634,0.001999802,-0.02199703,0.02960634,0.001999802,-0.02199703,0.2941895,0.01445007,0.9556274,0.2941895,0.01445007,0.9556274,4.85704,4.85704,True,True,True
1640211,63779589523238,-13.5852,2.607189,-0.04143173,-0.1145488,0.89929,0.1764416,-0.3834377,0.007297287,0.002493881,-0.02302626,0.2990112,0.002349854,0.9542389,0.02960611,0.001996307,-0.02199663,0.02960611,0.001996307,-0.02199663,0.2939606,0.01515198,0.9556885,0.2939606,0.01515198,0.9556885,4.857437,4.857437,True,True,True
1640219,63779589523238,-13.5852,2.607189,-0.04143173,-0.1145488,0.89929,0.1764416,-0.3834377,0.007333985,0.002491989,-0.02302428,0.2990112,0.002044678,0.9542389,0.02960565,0.001995804,-0.02199616,0.02960565,0.001995804,-0.02199616,0.2941284,0.01445007,0.9556427,0.2941284,0.01445007,0.9556427,4.854889,4.854889,True,True,True
1640227,63779589523251,-13.58505,2.607461,-0.04145265,-0.1136056,0.8998176,0.1761767,-0.3826014,0.007393982,0.002489594,-0.02302123,0.2990112,0.001693726,0.9542389,0.02960521,0.0019953,-0.02199568,0.02960521,0.0019953,-0.02199568,0.2943268,0.01367188,0.9555969,0.2943268,0.01367188,0.9555969,4.852081,4.852081,True,True,True
1640236,63779589523260,-13.58487,2.607728,-0.04150963,-0.1127053,0.9003313,0.1760218,-0.3817295,0.007373795,0.002489182,-0.02302141,0.2987213,0.0006561279,0.9543304,0.02960346,0.001994919,-0.02199455,0.02960346,0.001994919,-0.02199455,0.2939606,0.01228333,0.9557343,0.2939606,0.01228333,0.9557343,4.848022,4.848022,True,True,True
1640244,63779589523260,-13.58487,2.607728,-0.04150963,-0.1127053,0.9003313,0.1760218,-0.3817295,0.007356995,0.002488709,-0.02302142,0.2984619,-0.0003967285,0.9544067,0.02960172,0.001994537,-0.02199342,0.02960172,0.001994537,-0.02199342,0.2936554,0.01087952,0.9558411,0.2936554,0.01087952,0.9558411,4.85051,4.85051,True,True,True
1640252,63779589523272,-13.58471,2.607959,-0.04157072,-0.1117561,0.9009369,0.1756073,-0.3807694,0.006996384,0.002495117,-0.02303795,0.2987518,-0.0009918213,0.9543152,0.02959915,0.001993271,-0.0219933,0.02959915,0.001993271,-0.0219933,0.293396,0.01016235,0.9559326,0.293396,0.01016235,0.9559326,4.846573,4.846573,True,True,True
1640261,63779589523282,-13.58455,2.60822,-0.04170704,-0.1109678,0.9014738,0.1753028,-0.3798683,0.006986511,0.002493744,-0.02303827,0.2989655,-0.001419067,0.9542542,0.02959657,0.001991989,-0.02199318,0.02959657,0.001991989,-0.02199318,0.2931366,0.009399414,0.9560089,0.2931366,0.009399414,0.9560089,4.842789,4.842789,True,True,True
1640269,63779589523294,-13.58437,2.608451,-0.0417915,-0.1101654,0.9020688,0.1748639,-0.3788906,0.006968109,0.002492157,-0.02303835,0.299057,-0.00189209,0.9542236,0.02959143,0.001991333,-0.02199222,0.02959143,0.001991333,-0.02199222,0.292038,0.008850098,0.9563599,0.292038,0.008850098,0.9563599,4.847519,4.847519,True,True,True
1640277,63779589523294,-13.58437,2.608451,-0.0417915,-0.1101654,0.9020688,0.1748639,-0.3788906,0.006913468,0.002494553,-0.02303833,0.3072357,-0.001144409,0.9516144,0.02954208,0.001998703,-0.02199048,0.02954208,0.001998703,-0.02199048,0.3042908,0.009994507,0.9525146,0.3042908,0.009994507,0.9525146,4.835449,4.835449,True,True,True
1640286,63779589523305,-13.58414,2.608672,-0.0419392,-0.1094903,0.9026897,0.1744787,-0.3777836,0.007277878,0.002483307,-0.02302173,0.3063049,-0.0003204346,0.9519196,0.02952274,0.001996506,-0.02199194,0.02952274,0.001996506,-0.02199194,0.3023834,0.01109314,0.9531097,0.3023834,0.01109314,0.9531097,4.823593,4.823593,True,True,True
1640294,63779589523316,-13.58386,2.608953,-0.04208797,-0.1086171,0.9033387,0.1740041,-0.3767014,0.007379929,0.002475998,-0.02301567,0.3063507,-0.002471924,0.9519043,0.02949965,0.001992462,-0.02199065,0.02949965,0.001992462,-0.02199065,0.3015747,0.006607056,0.9534149,0.3015747,0.006607056,0.9534149,4.84494,4.84494,True,True,True
1640302,63779589523327,-13.5836,2.609226,-0.04227597,-0.1076476,0.9041469,0.1733765,-0.3753279,0.007454865,0.002468613,-0.02301477,0.3039551,0.001846313,0.9526825,0.0294763,0.001988907,-0.02199495,0.0294763,0.001988907,-0.02199495,0.2976074,0.01219177,0.9546051,0.2976074,0.01219177,0.9546051,4.80452,4.80452,True,True,True
1640311,63779589523327,-13.5836,2.609226,-0.04227597,-0.1076476,0.9041469,0.1733765,-0.3753279,0.007421265,0.002459503,-0.02301054,0.3021698,-0.006378174,0.9532166,0.02944252,0.001977402,-0.02198599,0.02944252,0.001977402,-0.02198599,0.2936554,-0.0002593994,0.9559021,0.2936554,-0.0002593994,0.9559021,4.824249,4.824249,True,True,True
1640319,63779589523338,-13.58333,2.609518,-0.04244107,-0.106483,0.904976,0.1729529,-0.3738545,0.007395233,0.002455292,-0.02301309,0.3010406,-0.001480103,0.953598,0.02943102,0.001974228,-0.0219877,0.02943102,0.001974228,-0.0219877,0.2906952,0.006546021,0.9567871,0.2906952,0.006546021,0.9567871,4.883774,4.883774,True,True,True
1640327,63779589523349,-13.58307,2.609856,-0.04265547,-0.1049438,0.9058304,0.1723436,-0.3724993,0.007873002,0.002442917,-0.02301225,0.3131714,-0.001800537,0.9496765,0.02941791,0.001972626,-0.02199847,0.02941791,0.001972626,-0.02199847,0.3054504,0.006134033,0.952179,0.3054504,0.006134033,0.952179,4.862778,4.862778,True,True,True
1640336,63779589523360,-13.58285,2.610175,-0.04289562,-0.1033045,0.9066886,0.1717862,-0.3711248,0.009072114,0.00240947,-0.02295854,0.3017273,0.001037598,0.9533844,0.02938921,0.001965897,-0.02199934,0.02938921,0.001965897,-0.02199934,0.2847595,0.008911133,0.9585419,0.2847595,0.008911133,0.9585419,4.803986,4.803986,True,True,True
1640344,63779589523360,-13.58285,2.610175,-0.04289562,-0.1033045,0.9066886,0.1717862,-0.3711248,0.01024286,0.002380921,-0.02290817,0.3102112,0.001312256,0.9506531,0.02938454,0.001966614,-0.02200206,0.02938454,0.001966614,-0.02200206,0.2962036,0.007247925,0.9550781,0.2962036,0.007247925,0.9550781,4.837418,4.837418,True,True,True
1640352,63779589523372,-13.58263,2.610451,-0.04316115,-0.1016599,0.9074804,0.1713798,-0.3698292,0.01084561,0.002366547,-0.02289009,0.3144226,0.007354736,0.9492493,0.02936003,0.00197139,-0.02201753,0.02936003,0.00197139,-0.02201753,0.3034668,0.01531982,0.952713,0.3034668,0.01531982,0.952713,4.815765,4.815765,True,True,True
1640361,63779589523383,-13.5824,2.610739,-0.04338634,-0.1000632,0.9082555,0.1709966,-0.3685371,0.01115961,0.002358414,-0.02288561,0.3256683,0.008956909,0.9454346,0.02934009,0.001973557,-0.02202683,0.02934009,0.001973557,-0.02202683,0.316864,0.01542664,0.9483337,0.316864,0.01542664,0.9483337,4.946762,4.946762,True,True,True
1640369,63779589523394,-13.58212,2.610927,-0.04361528,-0.09867756,0.9089373,0.1706291,-0.3673982,0.0109057,0.002358093,-0.02289055,0.316803,0.004943848,0.9484711,0.0293183,0.00197052,-0.02201779,0.0293183,0.00197052,-0.02201779,0.3068695,0.00869751,0.9517059,0.3068695,0.00869751,0.9517059,4.897949,4.897949,True,True,True
1640377,63779589523405,-13.58182,2.611169,-0.04388094,-0.09761988,0.9095773,0.1701579,-0.3663136,0.01019044,0.002369629,-0.02292546,0.3187256,0.001403809,0.9478302,0.02928761,0.001968918,-0.02201845,0.02928761,0.001968918,-0.02201845,0.3068848,0.006515503,0.9517212,0.3068848,0.006515503,0.9517212,4.952301,4.952301,True,True,True
1640386,63779589523405,-13.58182,2.611169,-0.04388094,-0.09761988,0.9095773,0.1701579,-0.3663136,0.009021744,0.002392792,-0.02299103,0.3225403,0.006286621,0.9465179,0.0292657,0.001969208,-0.02203517,0.0292657,0.001969208,-0.02203517,0.3123627,0.01591492,0.9498138,0.3123627,0.01591492,0.9498138,4.945633,4.945633,True,True,True
1640394,63779589523416,-13.58147,2.611394,-0.04413939,-0.0966379,0.9102346,0.1698489,-0.365083,0.008183533,0.00241066,-0.02303294,0.3355103,9.155273E-05,0.9420319,0.02926724,0.001969147,-0.02203314,0.02926724,0.001969147,-0.02203314,0.3304443,0.005218506,0.9438019,0.3304443,0.005218506,0.9438019,4.953156,4.953156,True,True,True
1640402,63779589523426,-13.58117,2.611642,-0.04439425,-0.09564058,0.9110102,0.1694469,-0.3635944,0.007708695,0.002419083,-0.02305264,0.330368,-0.0001983643,0.9438477,0.02925838,0.001967361,-0.0220271,0.02925838,0.001967361,-0.0220271,0.3232727,0.005279541,0.9462738,0.3232727,0.005279541,0.9462738,4.91774,4.91774,True,True,True
1640411,63779589523426,-13.58085,2.611953,-0.04465491,-0.09430546,0.9118311,0.1689572,-0.3621107,0.006076294,0.002455612,-0.02313309,0.3342896,0.0001678467,0.9424591,0.02925247,0.001967209,-0.02202869,0.02925247,0.001967209,-0.02202869,0.3279419,0.006027222,0.9446716,0.3279419,0.006027222,0.9446716,4.923538,4.923538,True,True,True
1640419,63779589523438,-13.58085,2.611953,-0.04465491,-0.09430546,0.9118311,0.1689572,-0.3621107,0.007762772,0.00241922,-0.02305739,0.3327332,0.001571655,0.9430084,0.02923825,0.001965058,-0.02203043,0.02923825,0.001965058,-0.02203043,0.3194427,0.01161194,0.947525,0.3194427,0.01161194,0.947525,4.839508,4.839508,True,True,True
1640427,63779589523449,-13.58056,2.612259,-0.0449183,-0.0928668,0.9127111,0.1683231,-0.3605572,0.008016846,0.002415863,-0.02305391,0.3465729,-0.001373291,0.9380188,0.02922682,0.001970444,-0.02204436,0.02922682,0.001970444,-0.02204436,0.3429871,0.006011963,0.9393158,0.3429871,0.006011963,0.9393158,4.963394,4.963394,True,True,True
1640436,63779589523460,-13.58023,2.61259,-0.04517448,-0.09115035,0.9135718,0.1675379,-0.3591787,0.007727875,0.002423859,-0.02307222,0.3549805,-0.001113892,0.9348602,0.02921593,0.001969757,-0.02205011,0.02921593,0.001969757,-0.02205011,0.3519135,0.0052948,0.9360046,0.3519135,0.0052948,0.9360046,5.005325,5.005325,True,True,True
1640444,63779589523460,-13.58023,2.61259,-0.04517448,-0.09115035,0.9135718,0.1675379,-0.3591787,0.00769841,0.00241388,-0.02306776,0.3526764,-0.003448486,0.93573,0.02923454,0.001957642,-0.02203923,0.02923454,0.001957642,-0.02203923,0.3437195,0.005264282,0.9390411,0.3437195,0.005264282,0.9390411,4.980728,4.980728,True,True,True
1640452,63779589523472,-13.57993,2.612847,-0.0453276,-0.08954936,0.9144397,0.1667706,-0.3577268,0.007382966,0.002405441,-0.02305179,0.3279419,-0.006637573,0.9446564,0.02931975,0.001945175,-0.02200244,0.02931975,0.001945175,-0.02200244,0.311264,0.0003051758,0.9503174,0.311264,0.0003051758,0.9503174,4.950317,4.950317,True,True,True
1640461,63779589523483,-13.5796,2.613124,-0.04550427,-0.08804826,0.915294,0.1660093,-0.356266,0.006401047,0.002392304,-0.02306357,0.3165283,-0.02229309,0.9483185,0.02941385,0.001906815,-0.02196898,0.02941385,0.001906815,-0.02196898,0.3034515,-0.01417542,0.9527283,0.3034515,-0.01417542,0.9527283,4.983093,4.983093,True,True,True
1640469,63779589523493,-13.57925,2.613448,-0.04574686,-0.08681991,0.9160621,0.1653287,-0.354907,0.005646851,0.002372544,-0.02308153,0.3080292,-0.02563477,0.9510193,0.02952693,0.001863556,-0.02194502,0.02952693,0.001863556,-0.02194502,0.295166,-0.02128601,0.9552002,0.295166,-0.02128601,0.9552002,4.957764,4.957764,True,True,True
1640477,63779589523493,-13.57925,2.613448,-0.04574686,-0.08681991,0.9160621,0.1653287,-0.354907,0.004995087,0.002363953,-0.0230697,0.2940521,-0.03308105,0.9552002,0.02962258,0.001844574,-0.02188828,0.02962258,0.001844574,-0.02188828,0.2818451,-0.03129578,0.9589386,0.2818451,-0.03129578,0.9589386,4.937317,4.937317,True,True,True
1640486,63779589523505,-13.57888,2.613765,-0.0459829,-0.08580475,0.916814,0.16498,-0.3533714,0.004483856,0.002346436,-0.02308272,0.2896271,-0.03739929,0.9564056,0.02966158,0.001823456,-0.02187535,0.02966158,0.001823456,-0.02187535,0.2788391,-0.03608704,0.9596558,0.2788391,-0.03608704,0.9596558,4.901672,4.901672,True,True,True
1640494,63779589523516,-13.57853,2.614168,-0.04622549,-0.08493256,0.9175711,0.1644453,-0.351863,0.004522858,0.002300598,-0.0230638,0.2799072,-0.04905701,0.9587708,0.02968575,0.001780518,-0.02185338,0.02968575,0.001780518,-0.02185338,0.2676697,-0.0475769,0.962326,0.2676697,-0.0475769,0.962326,4.835068,4.835068,True,True,True
1640502,63779589523527,-13.57814,2.614548,-0.04644495,-0.08385894,0.9183732,0.1639741,-0.350244,0.003149231,0.002302262,-0.02307689,0.2707672,-0.06323242,0.960556,0.0297256,0.001724182,-0.02179256,0.0297256,0.001724182,-0.02179256,0.2532196,-0.05505371,0.9658356,0.2532196,-0.05505371,0.9658356,4.910873,4.910873,True,True,True
1640511,63779589523527,-13.57814,2.614548,-0.04644495,-0.08385894,0.9183732,0.1639741,-0.350244,0.000804657,0.002302521,-0.02316271,0.2586365,-0.07313538,0.9631958,0.02976143,0.001664352,-0.02175318,0.02976143,0.001664352,-0.02175318,0.2449188,-0.06581116,0.9673004,0.2449188,-0.06581116,0.9673004,4.904694,4.904694,True,True,True
1640519,63779589523538,-13.57777,2.61489,-0.0467127,-0.08279058,0.919212,0.1633112,-0.3486037,-0.002856812,0.002348557,-0.02329762,0.2625275,-0.08158875,0.9614563,0.02980258,0.001609039,-0.02165885,0.02980258,0.001609039,-0.02165885,0.2511749,-0.08015442,0.9646149,0.2511749,-0.08015442,0.9646149,5.03688,5.03688,True,True,True
1640527,63779589523549,-13.57747,2.615174,-0.04700071,-0.08184981,0.9201827,0.1625355,-0.3466218,-0.007094834,0.002409104,-0.02351317,0.2610016,-0.08622742,0.9614716,0.02983815,0.001576599,-0.02167122,0.02983815,0.001576599,-0.02167122,0.2471924,-0.0838623,0.9653168,0.2471924,-0.0838623,0.9653168,4.980499,4.980499,True,True,True
1640536,63779589523561,-13.57714,2.615466,-0.04726112,-0.0809884,0.9210675,0.161628,-0.3448943,-0.02568701,0.002784195,-0.02441495,0.2591553,-0.08755493,0.961853,0.02992142,0.001380936,-0.02100989,0.02992142,0.001380936,-0.02100989,0.2393494,-0.08320618,0.9673462,0.2393494,-0.08320618,0.9673462,4.909378,4.909378,True,True,True
1640544,63779589523561,-13.57714,2.615466,-0.04726112,-0.0809884,0.9210675,0.161628,-0.3448943,-0.02768097,0.002810745,-0.02450246,0.2458191,-0.09848022,0.9642944,0.02998346,0.001402267,-0.0211666,0.02998346,0.001402267,-0.0211666,0.2294617,-0.09454346,0.9687042,0.2294617,-0.09454346,0.9687042,4.905258,4.905258,True,True,True
1640552,63779589523572,-13.57684,2.615754,-0.04751951,-0.08024927,0.9219609,0.1606701,-0.3431227,-0.02753143,0.00277562,-0.02449446,0.2410431,-0.09449768,0.9658966,0.03003359,0.001490357,-0.02160471,0.03003359,0.001490357,-0.02160471,0.2014313,-0.1081543,0.9735107,0.2014313,-0.1081543,0.9735107,4.832993,4.832993,True,True,True
1640561,63779589523583,-13.5764,2.616014,-0.04780304,-0.07958587,0.9228013,0.1597097,-0.3414628,-0.02727487,0.002743546,-0.02447504,0.2309265,-0.1120148,0.9664917,0.03008859,0.001459396,-0.02165436,0.03008859,0.001459396,-0.02165436,0.1876373,-0.111908,0.9758301,0.1876373,-0.111908,0.9758301,4.959717,4.959717,True,True,True
1640569,63779589523595,-13.57607,2.616293,-0.04810101,-0.07880051,0.923707,0.1587464,-0.3396403,-0.02719568,0.002726578,-0.02445897,0.2174377,-0.1122589,0.9695892,0.03015259,0.001478027,-0.02180556,0.03015259,0.001478027,-0.02180556,0.1760712,-0.1076965,0.9784546,0.1760712,-0.1076965,0.9784546,4.848541,4.848541,True,True,True
1640577,63779589523595,-13.57607,2.616293,-0.04810101,-0.07880051,0.923707,0.1587464,-0.3396403,-0.02734824,0.002704865,-0.02445397,0.2093353,-0.1279755,0.9694214,0.03017323,0.001495178,-0.02201707,0.03017323,0.001495178,-0.02201707,0.1748505,-0.113678,0.9779968,0.1748505,-0.113678,0.9779968,4.889313,4.889313,True,True,True
1640586,63779589523606,-13.5758,2.616565,-0.0483005,-0.07792186,0.9246918,0.1577669,-0.3376135,-0.02773224,0.002701996,-0.02447159,0.2116547,-0.1328125,0.9682617,0.03017209,0.001542893,-0.02232602,0.03017209,0.001542893,-0.02232602,0.1591949,-0.1223145,0.9796295,0.1591949,-0.1223145,0.9796295,4.853958,4.853958,True,True,True
1640594,63779589523617,-13.57558,2.616764,-0.04863274,-0.07710425,0.9256472,0.1569105,-0.3355762,-0.02788849,0.002694641,-0.02447833,0.2109222,-0.134903,0.9681396,0.03017786,0.001534744,-0.02231072,0.03017786,0.001534744,-0.02231072,0.1546478,-0.1242828,0.9801178,0.1546478,-0.1242828,0.9801178,4.832855,4.832855,True,True,True
1640602,63779589523629,-13.57534,2.61703,-0.04893357,-0.07609355,0.9264684,0.1561565,-0.333888,-0.02791605,0.002684799,-0.02448204,0.2095032,-0.1334991,0.9686432,0.03018044,0.001518204,-0.02218874,0.03018044,0.001518204,-0.02218874,0.164978,-0.116745,0.9793549,0.164978,-0.116745,0.9793549,4.799911,4.799911,True,True,True
1640611,63779589523629,-13.57534,2.61703,-0.04893357,-0.07609355,0.9264684,0.1561565,-0.333888,-0.02792893,0.002672821,-0.02448135,0.2037048,-0.1369019,0.9694061,0.03016226,0.001549866,-0.02227172,0.03016226,0.001549866,-0.02227172,0.1723633,-0.128006,0.9766693,0.1723633,-0.128006,0.9766693,4.936722,4.936722,True,True,True
1640619,63779589523640,-13.57515,2.617205,-0.04924607,-0.07524087,0.927121,0.1559446,-0.3323654,-0.02792551,0.002660324,-0.02449635,0.2116547,-0.1317749,0.9684143,0.03015457,0.001575134,-0.02234374,0.03015457,0.001575134,-0.02234374,0.1625061,-0.1211395,0.9792328,0.1625061,-0.1211395,0.9792328,4.923325,4.923325,True,True,True
1640627,63779589523651,-13.57494,2.617405,-0.04951978,-0.07443407,0.927653,0.1558125,-0.3311223,-0.02771729,0.002635376,-0.024489,0.2092743,-0.1368256,0.9682312,0.03020304,0.001504959,-0.02213303,0.03020304,0.001504959,-0.02213303,0.158371,-0.1299591,0.978775,0.158371,-0.1299591,0.978775,4.866013,4.866013,True,True,True
1640636,63779589523663,-13.57477,2.617541,-0.04982197,-0.07371526,0.9281527,0.1557016,-0.3299327,-0.02666506,0.00259491,-0.02443216,0.1895905,-0.1353455,0.9724731,0.03029111,0.001470856,-0.0220901,0.03029111,0.001470856,-0.0220901,0.151062,-0.1270905,0.9803162,0.151062,-0.1270905,0.9803162,4.924805,4.924805,True,True,True
1640644,63779589523663,-13.57477,2.617541,-0.04982197,-0.07371526,0.9281527,0.1557016,-0.3299327,-0.02328664,0.002530396,-0.0242722,0.1709747,-0.1453552,0.9744873,0.03040607,0.001434601,-0.02206343,0.03040607,0.001434601,-0.02206343,0.1510925,-0.1275635,0.9802399,0.1510925,-0.1275635,0.9802399,4.895721,4.895721,True,True,True
1640652,63779589523674,-13.57458,2.617621,-0.05014527,-0.07338432,0.9285519,0.1556865,-0.3288889,-0.01904352,0.002419754,-0.02410042,0.171524,-0.1429443,0.9747467,0.03046735,0.001412842,-0.02204834,0.03046735,0.001412842,-0.02204834,0.1506348,-0.1331635,0.9795685,0.1506348,-0.1331635,0.9795685,4.901535,4.901535,True,True,True
1640661,63779589523685,-13.57445,2.617729,-0.05039304,-0.07291626,0.9288955,0.1556764,-0.3280262,-0.02176875,0.00247171,-0.02419652,0.171875,-0.1461792,0.9741974,0.03045015,0.001366104,-0.02186641,0.03045015,0.001366104,-0.02186641,0.1344147,-0.1289825,0.9824829,0.1344147,-0.1289825,0.9824829,4.989258,4.989258,True,True,True
1640669,63779589523685,-13.57445,2.617729,-0.05039304,-0.07291626,0.9288955,0.1556764,-0.3280262,-0.02344653,0.002496094,-0.02426505,0.1648712,-0.1521301,0.9745026,0.03048374,0.001319779,-0.02181123,0.03048374,0.001319779,-0.02181123,0.1309357,-0.1395874,0.9815063,0.1309357,-0.1395874,0.9815063,4.95369,4.95369,True,True,True
1640677,63779589523697,-13.57433,2.617834,-0.05063421,-0.07224192,0.9292267,0.1554648,-0.3273371,-0.0239471,0.00248761,-0.02428821,0.1651001,-0.149765,0.974823,0.03049017,0.001309692,-0.02181941,0.03049017,0.001309692,-0.02181941,0.1337738,-0.1469574,0.9800415,0.1337738,-0.1469574,0.9800415,4.968185,4.968185,True,True,True
1640686,63779589523708,-13.57422,2.61791,-0.05085546,-0.07153767,0.9293795,0.1554212,-0.3270786,-0.02508827,0.002503174,-0.02433406,0.1672211,-0.1575623,0.9732361,0.03051383,0.001298599,-0.0218476,0.03051383,0.001298599,-0.0218476,0.1295166,-0.145874,0.9807739,0.1295166,-0.145874,0.9807739,4.958801,4.958801,True,True,True
1640694,63779589523719,-13.57415,2.617976,-0.05106646,-0.07089777,0.9294828,0.1552431,-0.327009,-0.0265957,0.002521393,-0.02438924,0.1560059,-0.1714935,0.9727478,0.0305362,0.001182083,-0.02149651,0.0305362,0.001182083,-0.02149651,0.1233063,-0.1474304,0.9813538,0.1233063,-0.1474304,0.9813538,5.00473,5.00473,True,True,True
1640702,63779589523719,-13.57415,2.617976,-0.05106646,-0.07089777,0.9294828,0.1552431,-0.327009,-0.02616358,0.002499909,-0.02437541,0.1511383,-0.1687622,0.9739838,0.03056278,0.001180618,-0.02151712,0.03056278,0.001180618,-0.02151712,0.122879,-0.1457214,0.9816589,0.122879,-0.1457214,0.9816589,4.928726,4.928726,True,True,True
1640711,63779589523731,-13.57408,2.618047,-0.05129492,-0.07018132,0.9296223,0.1548461,-0.3269553,-0.02632129,0.002485413,-0.02438397,0.1453094,-0.166153,0.9753265,0.03057425,0.001184052,-0.02154639,0.03057425,0.001184052,-0.02154639,0.1213989,-0.1454315,0.9818878,0.1213989,-0.1454315,0.9818878,4.93045,4.93045,True,True,True
1640719,63779589523742,-13.57403,2.618121,-0.05146796,-0.06947772,0.9297374,0.1543284,-0.3270228,-0.02659525,0.002480835,-0.02439201,0.1437531,-0.169342,0.9750061,0.03058574,0.001180618,-0.02155965,0.03058574,0.001180618,-0.02155965,0.1199341,-0.144455,0.9822083,0.1199341,-0.144455,0.9822083,4.933228,4.933228,True,True,True
1640727,63779589523753,-13.57403,2.618176,-0.05165464,-0.06865425,0.9299008,0.1538193,-0.3269722,-0.02626857,0.002473145,-0.02437689,0.1490784,-0.1679535,0.9744415,0.03059175,0.00117189,-0.02153839,0.03059175,0.00117189,-0.02153839,0.1201172,-0.1517487,0.9810791,0.1201172,-0.1517487,0.9810791,4.938095,4.938095,True,True,True
1640736,63779589523753,-13.57403,2.618176,-0.05165464,-0.06865425,0.9299008,0.1538193,-0.3269722,-0.02436269,0.002429978,-0.02428227,0.1469421,-0.1698151,0.9744415,0.03059776,0.001180618,-0.02155965,0.03059776,0.001180618,-0.02155965,0.1202393,-0.1607361,0.9796448,0.1202393,-0.1607361,0.9796448,4.941193,4.941193,True,True,True
1640744,63779589523765,-13.57398,2.618251,-0.05186003,-0.06785657,0.930061,0.1532192,-0.3269645,-0.02123314,0.002359161,-0.02412792,0.1442413,-0.1710815,0.9746399,0.03060126,0.001184052,-0.02156766,0.03060126,0.001184052,-0.02156766,0.1210175,-0.1601868,0.9796295,0.1210175,-0.1601868,0.9796295,4.956848,4.956848,True,True,True
1640752,63779589523776,-13.57397,2.6183,-0.05192828,-0.06694609,0.930285,0.1524447,-0.3268772,-0.01510246,0.002219132,-0.02382718,0.1416321,-0.1693726,0.9753113,0.03060477,0.0011875,-0.02157565,0.03060477,0.0011875,-0.02157565,0.1217651,-0.1595764,0.9796295,0.1217651,-0.1595764,0.9796295,4.970062,4.970062,True,True,True
1640761,63779589523787,-13.574,2.618338,-0.0520848,-0.06620242,0.9304665,0.1518005,-0.3268116,-0.01838562,0.002303131,-0.02404024,0.1430359,-0.1691437,0.9751434,0.0306053,0.001262146,-0.02189769,0.0306053,0.001262146,-0.02189769,0.1218109,-0.1554565,0.9802856,0.1218109,-0.1554565,0.9802856,4.960892,4.960892,True,True,True
1640769,63779589523787,-13.574,2.618338,-0.0520848,-0.06620242,0.9304665,0.1518005,-0.3268116,-0.006269501,0.002017761,-0.0233924,0.1376343,-0.165863,0.9764862,0.03060582,0.0011875,-0.02157565,0.03060582,0.0011875,-0.02157565,0.1220551,-0.1563416,0.9801178,0.1220551,-0.1563416,0.9801178,4.974319,4.974319,True,True,True
1640777,63779589523798,-13.574,2.618369,-0.052248,-0.06569663,0.9306394,0.1512184,-0.3266915,-0.005758911,0.002008911,-0.02336696,0.1373596,-0.1628876,0.9770203,0.03060637,0.001184052,-0.02156766,0.03060637,0.001184052,-0.02156766,0.1217651,-0.1528931,0.9806976,0.1217651,-0.1528931,0.9806976,4.977615,4.977615,True,True,True
1640786,63779589523810,-13.57398,2.61835,-0.05242246,-0.06543761,0.9307535,0.1507159,-0.3266505,-0.005519348,0.002008774,-0.02335213,0.1376038,-0.1611938,0.9772797,0.03060692,0.001180618,-0.02155965,0.03060692,0.001180618,-0.02155965,0.12146,-0.1493378,0.9812927,0.12146,-0.1493378,0.9812927,4.981079,4.981079,True,True,True
1640794,63779589523821,-13.57399,2.618383,-0.05259287,-0.06520354,0.930907,0.1502363,-0.3264807,-0.005479767,0.002011795,-0.02334598,0.1363068,-0.1604767,0.9775696,0.03060779,0.001180023,-0.02153839,0.03060779,0.001180023,-0.02153839,0.1206207,-0.1497955,0.9813232,0.1206207,-0.1497955,0.9813232,4.979584,4.979584,True,True,True
1640802,63779589523821,-13.57399,2.618383,-0.05259287,-0.06520354,0.930907,0.1502363,-0.3264807,-0.005558854,0.002016403,-0.02334541,0.1384888,-0.1602478,0.9773102,0.03060866,0.001180618,-0.02151712,0.03060866,0.001180618,-0.02151712,0.119812,-0.1505585,0.981308,0.119812,-0.1505585,0.981308,4.982147,4.982147,True,True,True
1640811,63779589523832,-13.57389,2.618382,-0.05284369,-0.06484563,0.9310467,0.1499321,-0.3262935,-0.005640213,0.002019684,-0.02334551,0.1353607,-0.1595001,0.9778595,0.03060993,0.001184052,-0.0215071,0.03060993,0.001184052,-0.0215071,0.1201172,-0.1504822,0.9812775,0.1201172,-0.1504822,0.9812775,4.980591,4.980591,True,True,True
1640819,63779589523843,-13.57396,2.618441,-0.05303848,-0.06444173,0.9311835,0.1495212,-0.3261717,-0.005945145,0.002028107,-0.02335703,0.1359406,-0.1603546,0.9776459,0.03061119,0.0011875,-0.02149707,0.03061119,0.0011875,-0.02149707,0.1204224,-0.1504059,0.9812469,0.1204224,-0.1504059,0.9812469,4.978882,4.978882,True,True,True
1640827,63779589523854,-13.57397,2.618484,-0.05318761,-0.06416094,0.9312958,0.1492237,-0.3260426,-0.007174484,0.002059799,-0.02341176,0.1422119,-0.1623993,0.9764099,0.03067629,0.00119603,-0.02147113,0.03067629,0.00119603,-0.02147113,0.1375427,-0.1541901,0.9784088,0.1375427,-0.1541901,0.9784088,4.985382,4.985382,True,True,True
1640836,63779589523854,-13.57397,2.618484,-0.05318761,-0.06416094,0.9312958,0.1492237,-0.3260426,-0.008750809,0.002097077,-0.02349272,0.1429749,-0.162323,0.9763184,0.03067751,0.001200363,-0.02147113,0.03067751,0.001200363,-0.02147113,0.1378479,-0.1543884,0.9783325,0.1378479,-0.1543884,0.9783325,4.995056,4.995056,True,True,True
1640844,63779589523865,-13.57394,2.618531,-0.0532918,-0.06384513,0.9314073,0.1487726,-0.3259923,0.002531693,0.001846527,-0.02291442,0.142746,-0.161087,0.9765472,0.03067961,0.00121199,-0.02147113,0.03067961,0.00121199,-0.02147113,0.1380768,-0.1570129,0.97789,0.1380768,-0.1570129,0.97789,4.998657,4.998657,True,True,True
1640852,63779589523876,-13.57391,2.618567,-0.05341983,-0.06390084,0.9315044,0.1482872,-0.3259251,0.003163529,0.001833328,-0.02288231,0.1425018,-0.1581879,0.977066,0.03068558,0.001213776,-0.02147113,0.03068558,0.001213776,-0.02147113,0.1394196,-0.151123,0.9786224,0.1394196,-0.151123,0.9786224,5.000443,5.000443,True,True,True
1640861,63779589523887,-13.57394,2.61863,-0.05356014,-0.06382446,0.931649,0.1477703,-0.3257616,0.0040121,0.001814209,-0.02283916,0.1427307,-0.15802,0.9770508,0.03068558,0.001213776,-0.02147113,0.03068558,0.001213776,-0.02147113,0.1382904,-0.1507721,0.9788361,0.1382904,-0.1507721,0.9788361,5.013779,5.013779,True,True,True
1640869,63779589523887,-13.57394,2.61863,-0.05356014,-0.06382446,0.931649,0.1477703,-0.3257616,0.00494223,0.001793289,-0.02279181,0.142395,-0.1561737,0.9774017,0.03068645,0.001213776,-0.02147113,0.03068645,0.001213776,-0.02147113,0.1373901,-0.1484833,0.9793091,0.1373901,-0.1484833,0.9793091,5.015259,5.015259,True,True,True
1640877,63779589523898,-13.57398,2.618705,-0.05368304,-0.06387866,0.9318218,0.1472248,-0.3255034,0.006008484,0.001769348,-0.02273737,0.1412354,-0.1549377,0.9777679,0.03068645,0.001213776,-0.02147113,0.03068645,0.001213776,-0.02147113,0.1368103,-0.1469269,0.9796295,0.1368103,-0.1469269,0.9796295,5.015671,5.015671,True,True,True
1640886,63779589523909,-13.57396,2.618686,-0.05380619,-0.06363633,0.9320191,0.1467252,-0.3252115,0.006888489,0.001749588,-0.02269208,0.1400299,-0.1543274,0.9780426,0.03068645,0.001213776,-0.02147113,0.03068645,0.001213776,-0.02147113,0.1359558,-0.1464386,0.9798279,0.1359558,-0.1464386,0.9798279,5.015213,5.015213,True,True,True
1640894,63779589523920,-13.57398,2.61878,-0.05395615,-0.06323498,0.9322366,0.146211,-0.3248978,0.007648422,0.001740723,-0.02265537,0.1397858,-0.1556091,0.9778748,0.03068645,0.00122728,-0.02147495,0.03068645,0.00122728,-0.02147495,0.13591,-0.1492004,0.9794159,0.13591,-0.1492004,0.9794159,5.010956,5.010956,True,True,True
1640902,63779589523920,-13.57398,2.61878,-0.05395615,-0.06323498,0.9322366,0.146211,-0.3248978,0.006529999,0.00177768,-0.02275028,0.1390991,-0.155777,0.9779358,0.03068645,0.00124762,-0.02153912,0.03068645,0.00124762,-0.02153912,0.1342316,-0.1492615,0.9796295,0.1342316,-0.1492615,0.9796295,5.008514,5.008514,True,True,True
1640911,63779589523932,-13.57401,2.618797,-0.05408627,-0.06262941,0.9324574,0.1457357,-0.3245946,0.00460228,0.001824646,-0.02285049,0.1382141,-0.1565857,0.9779358,0.03068645,0.001255722,-0.02154547,0.03068645,0.001255722,-0.02154547,0.1321411,-0.1499481,0.9798126,0.1321411,-0.1499481,0.9798126,5.007782,5.007782,True,True,True
1640919,63779589523943,-13.57404,2.618867,-0.05421841,-0.06205671,0.9325852,0.1454453,-0.3244681,0.001979584,0.00188617,-0.02299628,0.138504,-0.1563873,0.9779205,0.03068558,0.00126384,-0.02157414,0.03068558,0.00126384,-0.02157414,0.1312714,-0.1484222,0.9801636,0.1312714,-0.1484222,0.9801636,5.010147,5.010147,True,True,True
1640927,63779589523954,-13.57402,2.618895,-0.05436575,-0.06167569,0.9326894,0.1452807,-0.3243147,-0.0005442963,0.001944229,-0.02312958,0.1390686,-0.1559143,0.9779205,0.03068512,0.001270432,-0.02159116,0.03068512,0.001270432,-0.02159116,0.131134,-0.1459503,0.9805603,0.131134,-0.1459503,0.9805603,5.010468,5.010468,True,True,True
1640936,63779589523954,-13.57402,2.618895,-0.05436575,-0.06167569,0.9326894,0.1452807,-0.3243147,-0.002366516,0.001985932,-0.02322634,0.1410828,-0.1552887,0.9777374,0.03068503,0.001275726,-0.02160713,0.03068503,0.001275726,-0.02160713,0.1310883,-0.14328,0.980957,0.1310883,-0.14328,0.980957,5.011368,5.011368,True,True,True
1640944,63779589523965,-13.57401,2.618923,-0.05449992,-0.06134402,0.9327884,0.1450693,-0.3241877,-0.002722031,0.001995636,-0.02324639,0.1416168,-0.154541,0.9777679,0.03068497,0.001280808,-0.02161261,0.03068497,0.001280808,-0.02161261,0.1310577,-0.1440735,0.980835,0.1310577,-0.1440735,0.980835,5.010773,5.010773,True,True,True
1640952,63779589523976,-13.57397,2.618849,-0.054609,-0.06146966,0.9329087,0.1451187,-0.3237954,-0.002486939,0.001992722,-0.0232377,0.1416931,-0.1537933,0.9778748,0.03068422,0.001285736,-0.0216191,0.03068422,0.001285736,-0.0216191,0.1308594,-0.1427155,0.9810638,0.1308594,-0.1427155,0.9810638,5.012787,5.012787,True,True,True
1640961,63779589523987,-13.57393,2.618804,-0.05474126,-0.06162909,0.9329864,0.145068,-0.3235637,-0.00158992,0.001973831,-0.02319988,0.1416168,-0.1530151,0.9780121,0.03068415,0.00128627,-0.02163242,0.03068415,0.00128627,-0.02163242,0.1314392,-0.1414642,0.9811707,0.1314392,-0.1414642,0.9811707,5.011246,5.011246,True,True,True
1640969,63779589523987,-13.57393,2.618804,-0.05474126,-0.06162909,0.9329864,0.145068,-0.3235637,0.0002625275,0.001940949,-0.02311751,0.1407928,-0.1514282,0.9783783,0.03068205,0.001300095,-0.02164725,0.03068205,0.001300095,-0.02164725,0.1302032,-0.1398315,0.9815674,0.1302032,-0.1398315,0.9815674,5.008804,5.008804,True,True,True
1640977,63779589523998,-13.5739,2.618707,-0.05496365,-0.0619913,0.9331101,0.1450858,-0.3231295,-0.02443779,0.002471451,-0.02435231,0.1481934,-0.1591949,0.9760437,0.03062104,0.001489319,-0.02239288,0.03062104,0.001489319,-0.02239288,0.1128998,-0.1379089,0.9839783,0.1128998,-0.1379089,0.9839783,4.979675,4.979675,True,True,True
1640986,63779589524009,-13.57387,2.618646,-0.05507946,-0.06226259,0.9331424,0.1450323,-0.3230084,-0.02748941,0.002527649,-0.02446098,0.1492157,-0.1595459,0.9758453,0.03061827,0.001490402,-0.02239493,0.03061827,0.001490402,-0.02239493,0.1122894,-0.1374054,0.9841156,0.1122894,-0.1374054,0.9841156,4.979492,4.979492,True,True,True
1640994,63779589524020,-13.57389,2.618549,-0.05515665,-0.06259632,0.9331652,0.1449562,-0.3229121,-0.02758805,0.002529831,-0.02446547,0.1485748,-0.1593018,0.9759827,0.03061794,0.001496033,-0.02239534,0.03061794,0.001496033,-0.02239534,0.1128082,-0.1386566,0.9838867,0.1128082,-0.1386566,0.9838867,4.979095,4.979095,True,True,True
1641002,63779589524020,-13.57389,2.618549,-0.05515665,-0.06259632,0.9331652,0.1449562,-0.3229121,-0.02759953,0.00253328,-0.02446828,0.1482086,-0.1598663,0.9759369,0.0306156,0.001496964,-0.0224008,0.0306156,0.001496964,-0.0224008,0.1131439,-0.137558,0.9839935,0.1131439,-0.137558,0.9839935,4.979431,4.979431,True,True,True
1641011,63779589524031,-13.57387,2.618407,-0.05526763,-0.06273941,0.9331546,0.1449042,-0.3229379,-0.02760379,0.002533295,-0.02446878,0.1481628,-0.1591644,0.976059,0.03061392,0.001499725,-0.0224008,0.03061392,0.001499725,-0.0224008,0.1126862,-0.1382599,0.9839478,0.1126862,-0.1382599,0.9839478,4.978973,4.978973,True,True,True
1641019,63779589524042,-13.57389,2.618296,-0.05536067,-0.06293289,0.9331276,0.1448222,-0.3230152,-0.0276095,0.002533264,-0.02446965,0.1475983,-0.1583405,0.9762878,0.03061153,0.001504562,-0.02240456,0.03061153,0.001504562,-0.02240456,0.1120453,-0.1368561,0.9842224,0.1120453,-0.1368561,0.9842224,4.980743,4.980743,True,True,True
1641027,63779589524054,-13.57408,2.61822,-0.05543995,-0.0627327,0.9330028,0.1448145,-0.323418,-0.02760263,0.002533112,-0.0244697,0.147583,-0.1583252,0.9762878,0.03061128,0.001509018,-0.02240456,0.03061128,0.001509018,-0.02240456,0.1139374,-0.1367798,0.984024,0.1139374,-0.1367798,0.984024,4.986084,4.986084,True,True,True
1641036,63779589524054,-13.57408,2.61822,-0.05543995,-0.0627327,0.9330028,0.1448145,-0.323418,-0.02747495,0.002530838,-0.02446535,0.1478729,-0.1559753,0.9766235,0.03061061,0.001515427,-0.02240456,0.03061061,0.001515427,-0.02240456,0.1140289,-0.1382141,0.9838104,0.1140289,-0.1382141,0.9838104,4.98555,4.98555,True,True,True
1641044,63779589524065,-13.57422,2.618195,-0.0555166,-0.06254078,0.9328063,0.144733,-0.3240576,-0.0235994,0.00246315,-0.0243281,0.1457062,-0.1543884,0.9772034,0.03061061,0.001516495,-0.0224008,0.03061061,0.001516495,-0.0224008,0.1141663,-0.1367798,0.9839935,0.1141663,-0.1367798,0.9839935,4.986191,4.986191,True,True,True
1641052,63779589524076,-13.57433,2.618198,-0.05552548,-0.06208274,0.9324991,0.1449326,-0.3249396,0.007921341,0.001914215,-0.02320781,0.1277161,-0.1443634,0.9812469,0.03061061,0.00151889,-0.0224008,0.03061061,0.00151889,-0.0224008,0.1145782,-0.1372375,0.9838867,0.1145782,-0.1372375,0.9838867,4.993683,4.993683,True,True,True
1641061,63779589524087,-13.57446,2.618165,-0.05551153,-0.06141817,0.9322048,0.1452513,-0.325767,0.007957703,0.001915177,-0.0232045,0.1277008,-0.1446381,0.9812012,0.03061061,0.00151889,-0.02239694,0.03061061,0.00151889,-0.02239694,0.1145782,-0.1373749,0.9838562,0.1145782,-0.1373749,0.9838562,4.993927,4.993927,True,True,True
1641069,63779589524087,-13.57446,2.618165,-0.05551153,-0.06141817,0.9322048,0.1452513,-0.325767,0.007963333,0.001916779,-0.02320445,0.1274719,-0.1448822,0.9812012,0.03061061,0.001519394,-0.02239694,0.03061061,0.001519394,-0.02239694,0.1142273,-0.1372833,0.9839172,0.1142273,-0.1372833,0.9839172,4.99379,4.99379,True,True,True
1641077,63779589524098,-13.57471,2.618213,-0.0554865,-0.06093839,0.931716,0.1459972,-0.3269201,0.007984589,0.001918137,-0.02320409,0.1279297,-0.1452332,0.9810791,0.03061061,0.001522232,-0.02239694,0.03061061,0.001522232,-0.02239694,0.1141663,-0.1379547,0.9838257,0.1141663,-0.1379547,0.9838257,5.004211,5.004211,True,True,True
1641086,63779589524109,-13.5749,2.618181,-0.05541837,-0.06057882,0.9310498,0.146965,-0.3284477,0.007929856,0.001909683,-0.02320877,0.1246338,-0.1445465,0.9816132,0.0306111,0.001522507,-0.02238788,0.0306111,0.001522507,-0.02238788,0.1120911,-0.1381378,0.9840393,0.1120911,-0.1381378,0.9840393,5.004868,5.004868,True,True,True
1641094,63779589524120,-13.57514,2.6182,-0.05535227,-0.06030232,0.930289,0.1482674,-0.330065,-0.009741821,0.002198578,-0.02373389,0.1650696,-0.1561584,0.9738312,0.0304812,0.001504334,-0.02196982,0.0304812,0.001504334,-0.02196982,0.1374664,-0.1532745,0.9785614,0.1374664,-0.1532745,0.9785614,5.076401,5.076401,True,True,True
1641102,63779589524120,-13.57514,2.6182,-0.05535227,-0.06030232,0.930289,0.1482674,-0.330065,-0.01333887,0.002289047,-0.02399783,0.2086334,-0.1536713,0.9658356,0.0301371,0.001617218,-0.02223227,0.0301371,0.001617218,-0.02223227,0.1420441,-0.153656,0.9778595,0.1420441,-0.153656,0.9778595,5.059616,5.059616,True,True,True
1641111,63779589524131,-13.57537,2.618357,-0.055273,-0.05996682,0.9292307,0.1502854,-0.3321874,-0.01633636,0.002360428,-0.02415306,0.2654266,-0.1448364,0.953186,0.0298434,0.001618759,-0.02214433,0.0298434,0.001618759,-0.02214433,0.2110596,-0.1483307,0.9661407,0.2110596,-0.1483307,0.9661407,5.056152,5.056152,True,True,True
1641119,63779589524142,-13.57564,2.618546,-0.05514169,-0.05943726,0.9281185,0.1525124,-0.3343701,-0.006855682,0.002215652,-0.02383708,0.2849426,-0.1617432,0.9447937,0.02931908,0.001663239,-0.02231111,0.02931908,0.001663239,-0.02231111,0.2160034,-0.1528473,0.9643402,0.2160034,-0.1528473,0.9643402,5.176071,5.176071,True,True,True
1641127,63779589524153,-13.576,2.61871,-0.05496591,-0.05871803,0.9268283,0.1549858,-0.3369285,0.006951905,0.002004471,-0.02330107,0.3298187,-0.1313019,0.9348602,0.02921344,0.001646423,-0.02233838,0.02921344,0.001646423,-0.02233838,0.3037415,-0.1230011,0.9447784,0.3037415,-0.1230011,0.9447784,5.058731,5.058731,True,True,True
1641136,63779589524153,-13.576,2.61871,-0.05496591,-0.05871803,0.9268283,0.1549858,-0.3369285,0.01781143,0.00188768,-0.0229283,0.3889923,-0.1251068,0.9126892,0.02898576,0.001712967,-0.02244257,0.02898576,0.001712967,-0.02244257,0.3822174,-0.1197052,0.916275,0.3822174,-0.1197052,0.916275,5.130768,5.130768,True,True,True
1641144,63779589524165,-13.57637,2.618866,-0.0547837,-0.0577369,0.9254696,0.1575091,-0.3396517,0.02235854,0.001860703,-0.02282536,0.4189148,-0.1029053,0.9021606,0.0286724,0.001764023,-0.0225475,0.0286724,0.001764023,-0.0225475,0.4136047,-0.09928894,0.905014,0.4136047,-0.09928894,0.905014,5.158646,5.158646,True,True,True
1641152,63779589524176,-13.57684,2.618929,-0.05451256,-0.05649317,0.9238088,0.1607156,-0.3428651,0.02380548,0.001862579,-0.02288583,0.4622803,-0.09736633,0.8813629,0.02841008,0.001791336,-0.02268334,0.02841008,0.001791336,-0.02268334,0.4585876,-0.09431458,0.8836212,0.4585876,-0.09431458,0.8836212,5.159683,5.159683,True,True,True
1641161,63779589524187,-13.57729,2.618982,-0.05417043,-0.05525162,0.9220101,0.1639256,-0.3463711,0.02260518,0.002027588,-0.02304247,0.4597626,-0.1175079,0.8802185,0.02795412,0.001962387,-0.02280802,0.02795412,0.001962387,-0.02280802,0.4526062,-0.1165771,0.8840485,0.4526062,-0.1165771,0.8840485,5.181122,5.181122,True,True,True
1641169,63779589524187,-13.57729,2.618982,-0.05417043,-0.05525162,0.9220101,0.1639256,-0.3463711,-0.01088898,0.002443985,-0.02462235,0.5532379,-0.1091156,0.8258209,0.02796541,0.001915375,-0.0229388,0.02796541,0.001915375,-0.0229388,0.5372162,-0.06997681,0.8405304,0.5372162,-0.06997681,0.8405304,5.191101,5.191101,True,True,True
1641177,63779589524198,-13.57783,2.618904,-0.05376947,-0.05422978,0.9198657,0.1674549,-0.3505211,-0.01341007,0.002496826,-0.02486844,0.5937958,-0.09519958,0.7989502,0.02777509,0.001937088,-0.02306374,0.02777509,0.001937088,-0.02306374,0.5735931,-0.07295227,0.8158722,0.5735931,-0.07295227,0.8158722,5.322083,5.322083,True,True,True
1641186,63779589524209,-13.57841,2.618677,-0.05333328,-0.05360036,0.9175056,0.1710054,-0.3550602,-0.01097452,0.00251712,-0.02480963,0.6118927,-0.1128693,0.7828369,0.02769904,0.002109604,-0.02303563,0.02769904,0.002109604,-0.02303563,0.5989685,-0.1044464,0.7939148,0.5989685,-0.1044464,0.7939148,5.271103,5.271103,True,True,True
1641194,63779589524220,-13.57893,2.618454,-0.05288482,-0.05326742,0.9149265,0.1748022,-0.3598835,0.02746915,0.00195221,-0.02323924,0.592392,-0.06311035,0.8031616,0.02746915,0.00195221,-0.02323924,0.02746915,0.00195221,-0.02323924,0.592392,-0.06311035,0.8031616,0.592392,-0.06311035,0.8031616,5.200226,5.200226,True,True,True
1641202,63779589524220,-13.57893,2.618454,-0.05288482,-0.05326742,0.9149265,0.1748022,-0.3598835,0.02740779,0.0019758,-0.02333707,0.6292725,-0.06616211,0.7743378,0.02740779,0.0019758,-0.02333707,0.02740779,0.0019758,-0.02333707,0.6292725,-0.06616211,0.7743378,0.6292725,-0.06616211,0.7743378,5.353409,5.353409,True,True,True
1641211,63779589524231,-13.57945,2.618145,-0.05237395,-0.05330329,0.9121575,0.1787031,-0.3649557,-0.001,-0.001,-0.001,1,-1,-1,0.0273262,0.001993286,-0.02341014,0.0273262,0.001993286,-0.02341014,0,0,0,0,0,0,-1,-1,False,True,True
1641219,63779589524243,-13.57998,2.617748,-0.05178964,-0.05329176,0.9093747,0.1825193,-0.3699789,-0.001,-0.001,-0.001,1,-1,-1,0.02721636,0.001988602,-0.02349262,0.02721636,0.001988602,-0.02349262,0,0,0,0,0,0,-1,-1,False,True,True
1641227,63779589524254,-13.58047,2.617334,-0.05118603,-0.05337238,0.9065456,0.1858469,-0.3752167,-0.001,-0.001,-0.001,1,-1,-1,0.02709837,0.001982651,-0.02357942,0.02709837,0.001982651,-0.02357942,0,0,0,0,0,0,-1,-1,False,True,True
1641235,63779589524254,-13.58047,2.617334,-0.05118603,-0.05337238,0.9065456,0.1858469,-0.3752167,-0.001,-0.001,-0.001,1,-1,-1,0.02707033,0.001972443,-0.02361347,0.02707033,0.001972443,-0.02361347,0,0,0,0,0,0,-1,-1,False,True,True
1641244,63779589524265,-13.58103,2.616923,-0.05057579,-0.05316352,0.9036501,0.1888925,-0.3806702,-0.001,-0.001,-0.001,1,-1,-1,0.02702278,0.001953171,-0.02364035,0.02702278,0.001953171,-0.02364035,0,0,0,0,0,0,-1,-1,False,True,True
1641252,63779589524276,-13.58152,2.61637,-0.04995054,-0.05299334,0.9007734,0.1913945,-0.3862218,-0.001,-0.001,-0.001,1,-1,-1,0.02700208,0.001924988,-0.02367313,0.02700208,0.001924988,-0.02367313,0,0,0,0,0,0,-1,-1,False,True,True
1641260,63779589524288,-13.58199,2.615794,-0.04941028,-0.05299467,0.8979604,0.1937564,-0.3915572,-0.001,-0.001,-0.001,1,-1,-1,0.02707735,0.001897934,-0.02361858,0.02707735,0.001897934,-0.02361858,0,0,0,0,0,0,-1,-1,False,True,True
1641269,63779589524288,-13.58199,2.615794,-0.04941028,-0.05299467,0.8979604,0.1937564,-0.3915572,-0.001,-0.001,-0.001,1,-1,-1,0.02716744,0.001862915,-0.02358113,0.02716744,0.001862915,-0.02358113,0,0,0,0,0,0,-1,-1,False,True,True
1641277,63779589524298,-13.58244,2.615135,-0.04885221,-0.05329793,0.8953196,0.1955579,-0.3966348,-0.001,-0.001,-0.001,1,-1,-1,0.02725026,0.001835205,-0.02351438,0.02725026,0.001835205,-0.02351438,0,0,0,0,0,0,-1,-1,False,True,True
1641285,63779589524309,-13.58285,2.614526,-0.04835349,-0.05411249,0.8928543,0.1969055,-0.4013867,-0.001,-0.001,-0.001,1,-1,-1,0.02732567,0.001818329,-0.0234491,0.02732567,0.001818329,-0.0234491,0,0,0,0,0,0,-1,-1,False,True,True
1641294,63779589524321,-13.58322,2.613971,-0.04793119,-0.05496382,0.8904271,0.1980987,-0.4060487,-0.001,-0.001,-0.001,1,-1,-1,0.02739911,0.00181662,-0.02340718,0.02739911,0.00181662,-0.02340718,0,0,0,0,0,0,-1,-1,False,True,True
1641302,63779589524321,-13.58322,2.613971,-0.04793119,-0.05496382,0.8904271,0.1980987,-0.4060487,-0.001,-0.001,-0.001,1,-1,-1,0.02743988,0.001772202,-0.02335535,0.02743988,0.001772202,-0.02335535,0,0,0,0,0,0,-1,-1,False,True,True
1641310,63779589524332,-13.58357,2.613436,-0.04752511,-0.05592671,0.8882776,0.1988914,-0.4102162,-0.03020786,0.002702408,-0.02587889,0.6191711,-0.148468,0.7710724,0.0274772,0.001746124,-0.02332381,0.0274772,0.001746124,-0.02332381,0,0,0,0,0,0,-1,-1,True,True,True
1641319,63779589524342,-13.58385,2.612962,-0.0472011,-0.05672437,0.8863317,0.1993658,-0.4140672,-0.005504761,0.002281754,-0.02473441,0.61586,-0.1364288,0.7759399,0.027491,0.001724197,-0.02328423,0.027491,0.001724197,-0.02328423,0.6264343,-0.1119232,0.7713928,0.6264343,-0.1119232,0.7713928,5.374191,5.374191,True,True,True
1641327,63779589524354,-13.58416,2.612525,-0.04704612,-0.05756295,0.8847482,0.1994498,-0.4172853,-0.0005243073,0.002187012,-0.02448575,0.6114044,-0.1349182,0.7797089,0.02752377,0.001703034,-0.02325284,0.02752377,0.001703034,-0.02325284,0.6178741,-0.1085968,0.7787323,0.6178741,-0.1085968,0.7787323,5.373459,5.373459,True,True,True
1641335,63779589524354,-13.58416,2.612525,-0.04704612,-0.05756295,0.8847482,0.1994498,-0.4172853,0.0008474427,0.0021586,-0.02439005,0.6054535,-0.1346588,0.7843933,0.02757802,0.00166951,-0.02320253,0.02757802,0.00166951,-0.02320253,0.6082458,-0.1201477,0.7845917,0.6082458,-0.1201477,0.7845917,5.207108,5.207108,True,True,True
1641344,63779589524365,-13.58446,2.612107,-0.04685462,-0.05827283,0.8832144,0.1994025,-0.4204466,0.001343933,0.002142685,-0.02435146,0.6014099,-0.1344147,0.7875366,0.0276039,0.001654709,-0.02318619,0.0276039,0.001654709,-0.02318619,0.6041718,-0.1133423,0.7887268,0.6041718,-0.1133423,0.7887268,5.243134,5.243134,True,True,True
1641352,63779589524376,-13.58473,2.611732,-0.04675066,-0.05926576,0.882121,0.1986248,-0.4229637,0.002806168,0.002065674,-0.02426378,0.6047974,-0.1309357,0.7855377,0.02764528,0.001617752,-0.02314166,0.02764528,0.001617752,-0.02314166,0.5907288,-0.1252289,0.7970734,0.5907288,-0.1252289,0.7970734,5.300293,5.300293,True,True,True
1641360,63779589524387,-13.58507,2.611363,-0.04668659,-0.06026143,0.8810701,0.1979276,-0.4253336,0.001214401,0.002095169,-0.02432176,0.6068726,-0.1221619,0.7853394,0.02772537,0.001616104,-0.02312863,0.02772537,0.001616104,-0.02312863,0.5973206,-0.1111145,0.7942505,0.5973206,-0.1111145,0.7942505,5.302139,5.302139,True,True,True
1641369,63779589524387,-13.58507,2.611363,-0.04668659,-0.06026143,0.8810701,0.1979276,-0.4253336,0.0001018219,0.00210846,-0.02436011,0.6007233,-0.1206055,0.7902832,0.02773088,0.00159668,-0.02310785,0.02773088,0.00159668,-0.02310785,0.5820618,-0.1085205,0.8058624,0.5820618,-0.1085205,0.8058624,5.218552,5.218552,True,True,True
1641377,63779589524398,-13.58532,2.611014,-0.04659122,-0.06209021,0.88033,0.1969548,-0.4270512,-0.0012276,0.002142853,-0.02438886,0.5926056,-0.1108856,0.7978058,0.02775736,0.001599106,-0.02308734,0.02775736,0.001599106,-0.02308734,0.5739899,-0.08857727,0.8140411,0.5739899,-0.08857727,0.8140411,5.274979,5.274979,True,True,True
1641385,63779589524409,-13.58563,2.610777,-0.04652929,-0.06290115,0.8795779,0.1961681,-0.4288405,-0.001543228,0.002156143,-0.02437875,0.587204,-0.1143799,0.8013,0.02778372,0.001611527,-0.02306806,0.02778372,0.001611527,-0.02306806,0.5709229,-0.08766174,0.8162994,0.5709229,-0.08766174,0.8162994,5.230301,5.230301,True,True,True
1641394,63779589524420,-13.58582,2.610594,-0.04655802,-0.06369317,0.8790815,0.1953848,-0.4300973,-0.0009826965,0.002153107,-0.02434998,0.5893707,-0.1130524,0.7998962,0.02781066,0.001618118,-0.02304173,0.02781066,0.001618118,-0.02304173,0.5671082,-0.1019745,0.8172913,0.5671082,-0.1019745,0.8172913,5.207291,5.207291,True,True,True
1641402,63779589524420,-13.58582,2.610594,-0.04655802,-0.06369317,0.8790815,0.1953848,-0.4300973,0.003947586,0.002050064,-0.02409798,0.5787048,-0.1110687,0.8079224,0.02784663,0.001603394,-0.02302498,0.02784663,0.001603394,-0.02302498,0.5661011,-0.09547424,0.8187714,0.5661011,-0.09547424,0.8187714,5.226959,5.226959,True,True,True
1641410,63779589524431,-13.58602,2.610324,-0.04667753,-0.06539204,0.8787655,0.194506,-0.4308859,0.00553743,0.002021774,-0.02402289,0.5813141,-0.1052246,0.806839,0.02787706,0.001603333,-0.02301825,0.02787706,0.001603333,-0.02301825,0.5711823,-0.09260559,0.815567,0.5711823,-0.09260559,0.815567,5.301208,5.301208,True,True,True
1641419,63779589524443,-13.58628,2.61003,-0.04680407,-0.06684411,0.8785011,0.193387,-0.4317048,0.005956391,0.002015289,-0.02399402,0.5797424,-0.105545,0.8079224,0.02789322,0.001610382,-0.02300444,0.02789322,0.001610382,-0.02300444,0.5700684,-0.09065247,0.8165741,0.5700684,-0.09065247,0.8165741,5.322693,5.322693,True,True,True
1641427,63779589524454,-13.58641,2.609582,-0.04703498,-0.06906414,0.8784086,0.1924746,-0.4319514,0.005129166,0.002049545,-0.02401555,0.5784607,-0.1103363,0.808197,0.02791438,0.001635315,-0.02298317,0.02791438,0.001635315,-0.02298317,0.5707245,-0.105545,0.8143158,0.5707245,-0.105545,0.8143158,5.244965,5.244965,True,True,True
1641435,63779589524454,-13.58641,2.609582,-0.04703498,-0.06906414,0.8784086,0.1924746,-0.4319514,0.005176072,0.002060288,-0.02400365,0.5744171,-0.09747314,0.8127289,0.02793024,0.001645996,-0.02297836,0.02793024,0.001645996,-0.02297836,0.5693817,-0.09057617,0.8170471,0.5693817,-0.09057617,0.8170471,5.380707,5.380707,True,True,True
1641444,63779589524465,-13.58656,2.609251,-0.04725921,-0.07089308,0.8784469,0.1917567,-0.4318965,0.006410706,0.002051361,-0.02394792,0.5765381,-0.09370422,0.8116608,0.02794489,0.001654327,-0.0229756,0.02794489,0.001654327,-0.0229756,0.5708923,-0.08647156,0.816452,0.5708923,-0.08647156,0.816452,5.391006,5.391006,True,True,True
1641452,63779589524476,-13.58681,2.60898,-0.04751897,-0.07231887,0.8785655,0.1912692,-0.4316349,0.00382779,0.002108719,-0.02406172,0.5776978,-0.09347534,0.8108673,0.0279541,0.001658997,-0.02295934,0.0279541,0.001658997,-0.02295934,0.5680389,-0.09712219,0.8172302,0.5680389,-0.09712219,0.8172302,5.393829,5.393829,True,True,True
1641460,63779589524487,-13.58697,2.608641,-0.04782224,-0.07361616,0.8786378,0.190586,-0.4315708,0.007246796,0.002048905,-0.02388797,0.5706482,-0.09881592,0.8152161,0.02795609,0.001664581,-0.0229574,0.02795609,0.001664581,-0.0229574,0.5671844,-0.09457397,0.8181305,0.5671844,-0.09457397,0.8181305,5.342468,5.342468,True,True,True
1641469,63779589524487,-13.58697,2.608641,-0.04782224,-0.07361616,0.8786378,0.190586,-0.4315708,0.007113663,0.002078507,-0.02391013,0.5684967,-0.09202576,0.8175049,0.02789987,0.001691681,-0.02296964,0.02789987,0.001691681,-0.02296964,0.5592041,-0.0851593,0.8246307,0.5592041,-0.0851593,0.8246307,5.293961,5.293961,True,True,True
1641477,63779589524498,-13.58712,2.608305,-0.04804522,-0.074482,0.8787047,0.1898374,-0.431616,0.005143525,0.002166794,-0.0240818,0.5827942,-0.08262634,0.8083954,0.0277134,0.001748413,-0.02305686,0.0277134,0.001748413,-0.02305686,0.567688,-0.07676697,0.8196411,0.567688,-0.07676697,0.8196411,5.176544,5.176544,True,True,True
1641485,63779589524509,-13.58722,2.607975,-0.04828751,-0.07552222,0.8786771,0.1889571,-0.4318775,0.003821259,0.002262192,-0.02417803,0.5983276,-0.08187866,0.7970428,0.02762888,0.001829315,-0.02311227,0.02762888,0.001829315,-0.02311227,0.5873413,-0.07554626,0.8057861,0.5873413,-0.07554626,0.8057861,5.153564,5.153564,True,True,True
1641494,63779589524509,-13.58722,2.607975,-0.04828751,-0.07552222,0.8786771,0.1889571,-0.4318775,0.00444542,0.002284256,-0.0241736,0.6076965,-0.07429504,0.7906647,0.02762493,0.001859741,-0.02311853,0.02762493,0.001859741,-0.02311853,0.5891876,-0.06341553,0.805481,0.5891876,-0.06341553,0.805481,5.274109,5.274109,True,True,True
1641502,63779589524521,-13.58733,2.607627,-0.04848576,-0.07652173,0.8786517,0.1882731,-0.432052,0.002997086,0.002305145,-0.02421419,0.600296,-0.07849121,0.7958984,0.02763301,0.001859055,-0.02311249,0.02763301,0.001859055,-0.02311249,0.5880432,-0.06430054,0.8062592,0.5880432,-0.06430054,0.8062592,5.218109,5.218109,True,True,True
1641510,63779589524532,-13.58758,2.607272,-0.04869515,-0.07749921,0.8784836,0.1880317,-0.4323246,0.001861725,0.002326889,-0.02427056,0.6016998,-0.0693512,0.7957001,0.02763338,0.001863388,-0.02312334,0.02763338,0.001863388,-0.02312334,0.5922852,-0.0567627,0.8037109,0.5922852,-0.0567627,0.8037109,5.228088,5.228088,True,True,True
1641519,63779589524542,-13.58771,2.606993,-0.04885256,-0.07843446,0.8782756,0.18796,-0.4326096,0.001505295,0.002344955,-0.02428948,0.6032562,-0.0670166,0.7947083,0.0276351,0.001869263,-0.02311646,0.0276351,0.001869263,-0.02311646,0.5895233,-0.05578613,0.8058167,0.5895233,-0.05578613,0.8058167,5.231552,5.231552,True,True,True
1641527,63779589524554,-13.58788,2.606708,-0.04906231,-0.07873551,0.8780194,0.1879914,-0.4330611,0.001650559,0.002350662,-0.02429051,0.6069031,-0.06492615,0.792099,0.02763593,0.001870865,-0.02311641,0.02763593,0.001870865,-0.02311641,0.5898743,-0.05497742,0.805603,0.5898743,-0.05497742,0.805603,5.229477,5.229477,True,True,True
1641535,63779589524554,-13.58788,2.606708,-0.04906231,-0.07873551,0.8780194,0.1879914,-0.4330611,0.002825501,0.002330063,-0.02422864,0.6031189,-0.06343079,0.795105,0.02763673,0.001870133,-0.02311637,0.02763673,0.001870133,-0.02311637,0.5899506,-0.05363464,0.8056335,0.5899506,-0.05363464,0.8056335,5.233444,5.233444,True,True,True
1641544,63779589524565,-13.58801,2.606465,-0.04917783,-0.07889041,0.8777347,0.1878327,-0.4336787,0.003628357,0.002320496,-0.02419835,0.6061401,-0.06176758,0.7929382,0.02763873,0.00186969,-0.02311629,0.02763873,0.00186969,-0.02311629,0.5901947,-0.05317688,0.8054962,0.5901947,-0.05317688,0.8054962,5.242737,5.242737,True,True,True
1641552,63779589524576,-13.58809,2.606226,-0.04933679,-0.07857914,0.877495,0.1872436,-0.4344742,0.005961167,0.00227591,-0.02408568,0.6022797,-0.06246948,0.7958221,0.02764072,0.001869263,-0.02311621,0.02764072,0.001869263,-0.02311621,0.5902252,-0.05334473,0.8054657,0.5902252,-0.05334473,0.8054657,5.234085,5.234085,True,True,True
1641560,63779589524587,-13.58823,2.605969,-0.04936588,-0.07850754,0.8772629,0.1863172,-0.435353,0.006997955,0.002255371,-0.02403851,0.6015015,-0.0614624,0.7964935,0.02764307,0.001866623,-0.02311582,0.02764307,0.001866623,-0.02311582,0.5901337,-0.05395508,0.805481,0.5901337,-0.05395508,0.805481,5.230637,5.230637,True,True,True
1641569,63779589524587,-13.58823,2.605969,-0.04936588,-0.07850754,0.8772629,0.1863172,-0.435353,0.00665979,0.002264481,-0.02403819,0.5987549,-0.06022644,0.798645,0.02765813,0.001869888,-0.02309183,0.02765813,0.001869888,-0.02309183,0.5857239,-0.05335999,0.8087463,0.5857239,-0.05335999,0.8087463,5.239365,5.239365,True,True,True
1641577,63779589524598,-13.58835,2.605731,-0.04944617,-0.07821249,0.8770319,0.1854609,-0.4362364,0.006059708,0.002287125,-0.02406738,0.5998688,-0.05589294,0.7981262,0.02766377,0.001888809,-0.02309566,0.02766377,0.001888809,-0.02309566,0.588089,-0.0453949,0.8075104,0.588089,-0.0453949,0.8075104,5.254929,5.254929,True,True,True
1641585,63779589524609,-13.5885,2.605536,-0.04956067,-0.0782306,0.8767444,0.1849667,-0.4370202,0.005751358,0.002300278,-0.02407329,0.598465,-0.06004333,0.7988892,0.02767493,0.001901489,-0.02308295,0.02767493,0.001901489,-0.02308295,0.586792,-0.0511322,0.8081055,0.586792,-0.0511322,0.8081055,5.256226,5.256226,True,True,True
1641594,63779589524620,-13.58862,2.605366,-0.04962957,-0.07860991,0.8763632,0.184533,-0.4378991,0.004208771,0.002339325,-0.02413251,0.5959473,-0.06523132,0.8003693,0.02767786,0.001910843,-0.02308315,0.02767786,0.001910843,-0.02308315,0.5901947,-0.05462646,0.8054047,0.5901947,-0.05462646,0.8054047,5.236481,5.236481,True,True,True
1641602,63779589524620,-13.58862,2.605366,-0.04962957,-0.07860991,0.8763632,0.184533,-0.4378991,0.004845459,0.00232959,-0.024112,0.5950775,-0.05905151,0.8014832,0.02768044,0.001915192,-0.02308209,0.02768044,0.001915192,-0.02308209,0.5893555,-0.04614258,0.8065491,0.5893555,-0.04614258,0.8065491,5.303024,5.303024,True,True,True
1641610,63779589524632,-13.58871,2.605233,-0.0497849,-0.07919361,0.8760226,0.1843169,-0.438566,0.004473282,0.002340729,-0.02412624,0.5939789,-0.05599976,0.8025208,0.027683,0.00191954,-0.02308104,0.027683,0.00191954,-0.02308104,0.5880432,-0.0405426,0.8078003,0.5880432,-0.0405426,0.8078003,5.329041,5.329041,True,True,True
1641619,63779589524642,-13.58886,2.605097,-0.04993707,-0.07947046,0.8756835,0.1842015,-0.4392411,0.004822372,0.002337067,-0.02410588,0.593811,-0.0581665,0.802475,0.02768596,0.001921616,-0.02308009,0.02768596,0.001921616,-0.02308009,0.588623,-0.03977966,0.8074188,0.588623,-0.03977966,0.8074188,5.349533,5.349533,True,True,True
1641627,63779589524653,-13.58901,2.605023,-0.05002987,-0.07957173,0.8752992,0.1842005,-0.4399884,0.004761231,0.002343857,-0.02411099,0.5952606,-0.05686951,0.8014984,0.02768892,0.001923676,-0.02307915,0.02768892,0.001923676,-0.02307915,0.5887604,-0.04165649,0.8072205,0.5887604,-0.04165649,0.8072205,5.329178,5.329178,True,True,True
1641635,63779589524653,-13.58901,2.605023,-0.05002987,-0.07957173,0.8752992,0.1842005,-0.4399884,0.004680573,0.002347992,-0.02411415,0.5952148,-0.05648804,0.8015747,0.02769157,0.001924851,-0.02307866,0.02769157,0.001924851,-0.02307866,0.5880127,-0.040802,0.8078003,0.5880127,-0.040802,0.8078003,5.348572,5.348572,True,True,True
1641644,63779589524665,-13.58914,2.605015,-0.05007857,-0.0795555,0.87485,0.184048,-0.4409475,0.004905426,0.002344437,-0.02410472,0.5949249,-0.05308533,0.8020172,0.02769425,0.00192601,-0.02307817,0.02769425,0.00192601,-0.02307817,0.587265,-0.03994751,0.8083954,0.587265,-0.03994751,0.8083954,5.367798,5.367798,True,True,True
1641652,63779589524676,-13.58938,2.605078,-0.05008912,-0.07949128,0.8743088,0.1839225,-0.4420836,0.005742844,0.002335907,-0.02405303,0.591629,-0.05021667,0.8046417,0.02771181,0.001941971,-0.02306142,0.02771181,0.001941971,-0.02306142,0.5848389,-0.03862,0.8102264,0.5848389,-0.03862,0.8102264,5.358047,5.358047,True,True,True
1641660,63779589524687,-13.58955,2.605112,-0.05010259,-0.07953177,0.8736625,0.1839319,-0.4433481,0.005604966,0.002333954,-0.02404623,0.5877228,-0.05181885,0.8073883,0.02772301,0.001940445,-0.02305039,0.02772301,0.001940445,-0.02305039,0.5820465,-0.03941345,0.8121796,0.5820465,-0.03941345,0.8121796,5.437592,5.437592,True,True,True
1641669,63779589524687,-13.58955,2.605112,-0.05010259,-0.07953177,0.8736625,0.1839319,-0.4433481,0.005106415,0.002344788,-0.02407127,0.5890656,-0.04754639,0.8066711,0.02773444,0.001945709,-0.02304804,0.02773444,0.001945709,-0.02304804,0.5813599,-0.03378296,0.8129425,0.5813599,-0.03378296,0.8129425,5.385803,5.385803,True,True,True
1641677,63779589524698,-13.5897,2.605195,-0.05009681,-0.07981204,0.873018,0.1840788,-0.4445049,0.004780198,0.002351654,-0.024089,0.5930786,-0.04658508,0.803772,0.02774723,0.001947418,-0.02304846,0.02774723,0.001947418,-0.02304846,0.5850372,-0.03451538,0.810257,0.5850372,-0.03451538,0.810257,5.37854,5.37854,True,True,True
1641685,63779589524709,-13.58987,2.605249,-0.05008548,-0.08014638,0.8723115,0.1844178,-0.4456896,0.004124145,0.002358887,-0.02410568,0.5878601,-0.05052185,0.807373,0.02776218,0.00193988,-0.0230253,0.02776218,0.00193988,-0.0230253,0.5776825,-0.04199219,0.8151703,0.5776825,-0.04199219,0.8151703,5.313934,5.313934,True,True,True
1641694,63779589524720,-13.59011,2.605396,-0.04999864,-0.08051499,0.8715691,0.184973,-0.4468442,0.002109848,0.002392792,-0.02419896,0.5912628,-0.04718018,0.8050842,0.02778269,0.001936493,-0.02302516,0.02778269,0.001936493,-0.02302516,0.5806427,-0.03529358,0.813385,0.5806427,-0.03529358,0.813385,5.351273,5.351273,True,True,True
1641702,63779589524720,-13.59011,2.605396,-0.04999864,-0.08051499,0.8715691,0.184973,-0.4468442,0.002262497,0.002391693,-0.02419759,0.5974884,-0.04556274,0.8005676,0.02779715,0.001938812,-0.02303563,0.02779715,0.001938812,-0.02303563,0.5919647,-0.03263855,0.8052826,0.5919647,-0.03263855,0.8052826,5.403122,5.403122,True,True,True
1641710,63779589524731,-13.59035,2.605434,-0.04991752,-0.08075367,0.8708453,0.1854023,-0.4480328,0.003505875,0.002362763,-0.02412564,0.5885925,-0.04315186,0.8072662,0.02781137,0.001926514,-0.02300853,0.02781137,0.001926514,-0.02300853,0.578186,-0.0305481,0.8153229,0.578186,-0.0305481,0.8153229,5.317444,5.317444,True,True,True
1641719,63779589524742,-13.59056,2.605488,-0.04986829,-0.08062587,0.8701624,0.1858954,-0.4491767,0.003852677,0.00234903,-0.02409181,0.5877991,-0.050354,0.8074188,0.02782767,0.001915512,-0.02300105,0.02782767,0.001915512,-0.02300105,0.5810242,-0.03843689,0.8129578,0.5810242,-0.03843689,0.8129578,5.323563,5.323563,True,True,True
1641727,63779589524753,-13.59067,2.605598,-0.04989469,-0.08048845,0.8694394,0.1861294,-0.4505027,0.004470597,0.002332779,-0.02405299,0.5839386,-0.04656982,0.8104553,0.02784593,0.00190892,-0.02298885,0.02784593,0.00190892,-0.02298885,0.5768433,-0.03343201,0.8161469,0.5768433,-0.03343201,0.8161469,5.393677,5.393677,True,True,True
1641735,63779589524753,-13.59067,2.605598,-0.04989469,-0.08048845,0.8694394,0.1861294,-0.4505027,0.004568115,0.00232341,-0.02403635,0.5798187,-0.04986572,0.8132019,0.02786527,0.00189801,-0.02297,0.02786527,0.00189801,-0.02297,0.5726166,-0.03981018,0.8188477,0.5726166,-0.03981018,0.8188477,5.411011,5.411011,True,True,True
1641744,63779589524765,-13.59083,2.605655,-0.04989278,-0.08058099,0.868826,0.18623,-0.4516264,0.004747787,0.002318726,-0.02402724,0.5788574,-0.04937744,0.8139191,0.02787131,0.001897049,-0.02296559,0.02787131,0.001897049,-0.02296559,0.5677338,-0.03933716,0.8222504,0.5677338,-0.03933716,0.8222504,5.32254,5.32254,True,True,True
1641752,63779589524776,-13.59098,2.605705,-0.04991436,-0.08094961,0.8683272,0.1862405,-0.4525146,0.006074768,0.002295227,-0.02395503,0.5767975,-0.05278015,0.815155,0.02789034,0.001898132,-0.02294631,0.02789034,0.001898132,-0.02294631,0.5661926,-0.04640198,0.8229523,0.5661926,-0.04640198,0.8229523,5.209305,5.209305,True,True,True
1641760,63779589524787,-13.59125,2.605718,-0.04994345,-0.0815799,0.8678954,0.1861711,-0.4532577,0.005831192,0.002298264,-0.02396758,0.5791626,-0.05229187,0.8135223,0.02790103,0.001895996,-0.02294812,0.02790103,0.001895996,-0.02294812,0.5704956,-0.04473877,0.8200684,0.5704956,-0.04473877,0.8200684,5.363434,5.363434,True,True,True
1641769,63779589524787,-13.59125,2.605718,-0.04994345,-0.0815799,0.8678954,0.1861711,-0.4532577,0.005390351,0.002308167,-0.0239908,0.5799561,-0.04948425,0.8131409,0.027915,0.001899445,-0.02295293,0.027915,0.001899445,-0.02295293,0.573349,-0.03955078,0.8183441,0.573349,-0.03955078,0.8183441,5.290817,5.290817,True,True,True
1641777,63779589524799,-13.5914,2.605695,-0.05005741,-0.08229654,0.8676207,0.185905,-0.4537631,0.00482843,0.002313019,-0.02400562,0.5763397,-0.05574036,0.8152924,0.02793688,0.001890823,-0.02293425,0.02793688,0.001890823,-0.02293425,0.5690002,-0.04922485,0.8208618,0.5690002,-0.04922485,0.8208618,5.281616,5.281616,True,True,True
1641785,63779589524809,-13.59158,2.605697,-0.05006123,-0.08303765,0.8674561,0.1855422,-0.4540912,0.004971283,0.002307831,-0.02399768,0.5771942,-0.05343628,0.8148499,0.02795273,0.001885544,-0.02293302,0.02795273,0.001885544,-0.02293302,0.5703278,-0.04534912,0.8201599,0.5703278,-0.04534912,0.8201599,5.286819,5.286819,True,True,True
1641794,63779589524820,-13.59174,2.605613,-0.05020899,-0.08388181,0.8675679,0.1848425,-0.4540077,0.004489456,0.002316971,-0.0240148,0.5776062,-0.05670166,0.8143311,0.02796283,0.001885117,-0.02292552,0.02796283,0.001885117,-0.02292552,0.5706482,-0.05049133,0.8196259,0.5706482,-0.05049133,0.8196259,5.242172,5.242172,True,True,True
1641802,63779589524820,-13.59174,2.605613,-0.05020899,-0.08388181,0.8675679,0.1848425,-0.4540077,0.00505867,0.002307419,-0.02398679,0.5762939,-0.05728149,0.8152161,0.02796669,0.001886185,-0.02292304,0.02796669,0.001886185,-0.02292304,0.5702057,-0.0512085,0.8198853,0.5702057,-0.0512085,0.8198853,5.256287,5.256287,True,True,True
1641810,63779589524831,-13.59187,2.605505,-0.05029744,-0.08464661,0.867708,0.1841589,-0.4538759,0.005415116,0.002301788,-0.02396863,0.5750885,-0.05744934,0.8160553,0.02797057,0.001887238,-0.02292055,0.02797057,0.001887238,-0.02292055,0.5697632,-0.05143738,0.8201904,0.5697632,-0.05143738,0.8201904,5.27092,5.27092,True,True,True
1641819,63779589524842,-13.59201,2.605383,-0.05048794,-0.08550315,0.8681011,0.1832024,-0.4533504,0.005761978,0.00229776,-0.02394893,0.5746155,-0.05569458,0.8165131,0.02797394,0.001890732,-0.02291689,0.02797394,0.001890732,-0.02291689,0.5690765,-0.04928589,0.8207855,0.5690765,-0.04928589,0.8207855,5.279785,5.279785,True,True,True
1641827,63779589524854,-13.59217,2.605236,-0.05070114,-0.08647165,0.8684991,0.1824624,-0.4527024,0.006131714,0.002293335,-0.02392818,0.5741119,-0.05384827,0.8169861,0.0279773,0.001894226,-0.02291324,0.0279773,0.001894226,-0.02291324,0.5683899,-0.04704285,0.8213959,0.5683899,-0.04704285,0.8213959,5.288956,5.288956,True,True,True
1641835,63779589524854,-13.59217,2.605236,-0.05070114,-0.08647165,0.8684991,0.1824624,-0.4527024,0.006035797,0.002312241,-0.02392401,0.5710602,-0.04576111,0.8196259,0.02800998,0.001919785,-0.02289804,0.02800998,0.001919785,-0.02289804,0.5636139,-0.03352356,0.8253479,0.5636139,-0.03352356,0.8253479,5.240738,5.240738,True,True,True
1641844,63779589524865,-13.59236,2.605051,-0.05089903,-0.08747125,0.8688253,0.181916,-0.452104,0.006875626,0.002310379,-0.02382126,0.5581207,-0.04260254,0.8286591,0.0281243,0.001918457,-0.02284665,0.0281243,0.001918457,-0.02284665,0.552887,-0.02804565,0.8327637,0.552887,-0.02804565,0.8327637,5.311981,5.311981,True,True,True
1641852,63779589524875,-13.59253,2.60491,-0.05113202,-0.08838851,0.86924,0.1814446,-0.4513172,0.009660797,0.00225058,-0.02366943,0.5441895,-0.03082275,0.8383789,0.02818688,0.001897064,-0.02282321,0.02818688,0.001897064,-0.02282321,0.53685,-0.01945496,0.8434448,0.53685,-0.01945496,0.8434448,5.329208,5.329208,True,True,True
1641860,63779589524887,-13.59277,2.604772,-0.05135238,-0.08899978,0.8696393,0.180987,-0.4506109,0.01263686,0.002206772,-0.02352821,0.5425873,-0.03166199,0.839386,0.02818047,0.001905747,-0.02282692,0.02818047,0.001905747,-0.02282692,0.5398407,-0.02166748,0.8414764,0.5398407,-0.02166748,0.8414764,5.354156,5.354156,True,True,True
1641869,63779589524887,-13.59277,2.604772,-0.05135238,-0.08899978,0.8696393,0.180987,-0.4506109,0.01302561,0.00220932,-0.02351791,0.5446777,-0.02891541,0.8381348,0.02816902,0.001911728,-0.0228309,0.02816902,0.001911728,-0.0228309,0.539978,-0.02049255,0.8414154,0.539978,-0.02049255,0.8414154,5.355957,5.355957,True,True,True
1641877,63779589524897,-13.59294,2.604724,-0.05150235,-0.08951965,0.8699744,0.1806502,-0.4499958,0.01415216,0.002192154,-0.02346556,0.5438385,-0.02891541,0.8386841,0.0281633,0.001916336,-0.02283357,0.0281633,0.001916336,-0.02283357,0.5417938,-0.02139282,0.8402252,0.5417938,-0.02139282,0.8402252,5.384521,5.384521,True,True,True
1641885,63779589524908,-13.59303,2.604622,-0.0516212,-0.08984912,0.8702564,0.1802793,-0.4495335,0.01297575,0.002220398,-0.02351903,0.5437012,-0.02880859,0.8387604,0.02815827,0.0019198,-0.02283409,0.02815827,0.0019198,-0.02283409,0.5415039,-0.02078247,0.8404236,0.5415039,-0.02078247,0.8404236,5.351669,5.351669,True,True,True
1641894,63779589524920,-13.59315,2.604524,-0.05170774,-0.09007009,0.8704712,0.180107,-0.4491422,0.0118295,0.002247925,-0.0235723,0.5434265,-0.02598572,0.839035,0.02815323,0.001923279,-0.02283463,0.02815323,0.001923279,-0.02283463,0.5414429,-0.02006531,0.8404846,0.5414429,-0.02006531,0.8404846,5.339172,5.339172,True,True,True
1641902,63779589524920,-13.59315,2.604524,-0.05170774,-0.09007009,0.8704712,0.180107,-0.4491422,0.01171343,0.002253494,-0.02357781,0.5440674,-0.0229187,0.8387146,0.02815331,0.001926575,-0.02283409,0.02815331,0.001926575,-0.02283409,0.5415039,-0.01622009,0.8405304,0.5415039,-0.01622009,0.8405304,5.33165,5.33165,True,True,True
1641910,63779589524931,-13.59327,2.604457,-0.05181581,-0.09036985,0.8706374,0.1799099,-0.4488387,0.009427003,0.002302216,-0.02368015,0.5439453,-0.02209473,0.8388214,0.02815323,0.001929886,-0.02283357,0.02815323,0.001929886,-0.02283357,0.5417633,-0.01231384,0.8404388,0.5417633,-0.01231384,0.8404388,5.344803,5.344803,True,True,True
1641919,63779589524942,-13.59338,2.604315,-0.05182767,-0.09061571,0.8707193,0.179853,-0.4486532,0.006881241,0.002363678,-0.0237892,0.5448608,-0.02719116,0.8380737,0.02815222,0.001946976,-0.02282344,0.02815222,0.001946976,-0.02282344,0.5418243,-0.01748657,0.8403015,0.5418243,-0.01748657,0.8403015,5.337906,5.337906,True,True,True
1641927,63779589524953,-13.59349,2.60424,-0.05190682,-0.09101569,0.8707611,0.1798218,-0.4485035,0.007671433,0.002359299,-0.02374715,0.5454407,-0.03063965,0.8375702,0.0281512,0.001964081,-0.02281331,0.0281512,0.001964081,-0.02281331,0.5419922,-0.02268982,0.8400574,0.5419922,-0.02268982,0.8400574,5.339294,5.339294,True,True,True
1641935,63779589524953,-13.59349,2.60424,-0.05190682,-0.09101569,0.8707611,0.1798218,-0.4485035,0.006898972,0.002377258,-0.0237827,0.5468597,-0.0309906,0.8366394,0.0281508,0.001968369,-0.02281319,0.0281508,0.001968369,-0.02281319,0.5431519,-0.02276611,0.839325,0.5431519,-0.02276611,0.839325,5.362885,5.362885,True,True,True
1641944,63779589524964,-13.59356,2.604145,-0.05199295,-0.09141278,0.8707721,0.1797467,-0.4484314,0.00652681,0.002387451,-0.02380002,0.5470123,-0.03233337,0.8364868,0.02815039,0.001972656,-0.02281308,0.02815039,0.001972656,-0.02281308,0.5442352,-0.02449036,0.838562,0.5442352,-0.02449036,0.838562,5.381104,5.381104,True,True,True
1641952,63779589524976,-13.5937,2.604022,-0.05200207,-0.09193122,0.8708009,0.1795987,-0.4483288,0.006350739,0.00239238,-0.02380718,0.5462494,-0.03260803,0.8369751,0.02814975,0.001974335,-0.02281236,0.02814975,0.001974335,-0.02281236,0.5439301,-0.02435303,0.8387604,0.5439301,-0.02435303,0.8387604,5.36647,5.36647,True,True,True
1641960,63779589524986,-13.59379,2.603889,-0.05206066,-0.09233779,0.8708681,0.1792966,-0.4482357,0.004756592,0.002424515,-0.02387995,0.5471344,-0.03395081,0.8363495,0.02814909,0.001975998,-0.02281166,0.02814909,0.001975998,-0.02281166,0.5439606,-0.0255127,0.8387146,0.5439606,-0.0255127,0.8387146,5.380142,5.380142,True,True,True
1641969,63779589524986,-13.59379,2.603889,-0.05206066,-0.09233779,0.8708681,0.1792966,-0.4482357,0.004751343,0.002427109,-0.02387956,0.5481262,-0.03399658,0.8356934,0.02814636,0.001978836,-0.02281059,0.02814636,0.001978836,-0.02281059,0.5446472,-0.0255127,0.8382721,0.5446472,-0.0255127,0.8382721,5.366669,5.366669,True,True,True
1641977,63779589524997,-13.59397,2.603669,-0.05211514,-0.09271517,0.8709784,0.1789467,-0.4480834,0.004944046,0.002425903,-0.02387012,0.5492401,-0.03396606,0.8349609,0.02814362,0.001981674,-0.02280953,0.02814362,0.001981674,-0.02280953,0.545639,-0.02545166,0.837616,0.545639,-0.02545166,0.837616,5.381683,5.381683,True,True,True
1641985,63779589525008,-13.59412,2.603503,-0.05214727,-0.09299896,0.8710462,0.1786188,-0.4480234,0.005274857,0.002421601,-0.02385484,0.5492096,-0.03373718,0.8349915,0.02814324,0.00198497,-0.02280916,0.02814324,0.00198497,-0.02280916,0.545639,-0.02627563,0.8376007,0.545639,-0.02627563,0.8376007,5.38324,5.38324,True,True,True
1641994,63779589525020,-13.59425,2.603308,-0.05217314,-0.09329149,0.8710739,0.1781174,-0.4481084,0.006018051,0.00240947,-0.02382069,0.5490723,-0.03343201,0.8350983,0.02814284,0.001988281,-0.02280878,0.02814284,0.001988281,-0.02280878,0.5456085,-0.02714539,0.8375854,0.5456085,-0.02714539,0.8375854,5.380615,5.380615,True,True,True
1642002,63779589525020,-13.59425,2.603308,-0.05217314,-0.09329149,0.8710739,0.1781174,-0.4481084,0.007491837,0.002382813,-0.02375258,0.5495453,-0.03143311,0.8348541,0.02814174,0.001989868,-0.02280756,0.02814174,0.001989868,-0.02280756,0.546524,-0.02519226,0.8370514,0.546524,-0.02519226,0.8370514,5.354416,5.354416,True,True,True
1642010,63779589525030,-13.59439,2.603144,-0.05216056,-0.09377477,0.8709773,0.1777089,-0.4483575,0.007123413,0.002390778,-0.02376885,0.5501251,-0.03083801,0.8345032,0.0281413,0.001990723,-0.02280643,0.0281413,0.001990723,-0.02280643,0.5475159,-0.02455139,0.8364105,0.5475159,-0.02455139,0.8364105,5.371796,5.371796,True,True,True
1642019,63779589525042,-13.5946,2.60298,-0.05210525,-0.09439459,0.8708268,0.1773897,-0.4486459,0.007138352,0.002393662,-0.02376833,0.5509033,-0.03097534,0.8339844,0.02814119,0.001992447,-0.02280568,0.02814119,0.001992447,-0.02280568,0.5485077,-0.02462769,0.8357697,0.5485077,-0.02462769,0.8357697,5.372665,5.372665,True,True,True
1642027,63779589525053,-13.59478,2.602802,-0.05207467,-0.09508502,0.8706498,0.1772415,-0.4489022,0.00716391,0.002396485,-0.02376669,0.5510712,-0.03166199,0.833847,0.02814009,0.001996384,-0.02280466,0.02814009,0.001996384,-0.02280466,0.5483704,-0.02554321,0.8358307,0.5483704,-0.02554321,0.8358307,5.384354,5.384354,True,True,True
1642035,63779589525053,-13.59478,2.602802,-0.05207467,-0.09508502,0.8706498,0.1772415,-0.4489022,0.007095429,0.002410874,-0.02376677,0.5481873,-0.03302002,0.8356934,0.02813875,0.00199997,-0.02280403,0.02813875,0.00199997,-0.02280403,0.5479584,-0.02168274,0.8362122,0.5479584,-0.02168274,0.8362122,5.3741,5.3741,True,True,True
1642044,63779589525064,-13.59499,2.60271,-0.05201679,-0.09574633,0.8703836,0.1774355,-0.4492011,0.007213135,0.002418839,-0.02376444,0.5484467,-0.02359009,0.8358459,0.02813854,0.00200621,-0.02280124,0.02813854,0.00200621,-0.02280124,0.5479736,-0.01750183,0.8363037,0.5479736,-0.01750183,0.8363037,5.37677,5.37677,True,True,True
1642052,63779589525075,-13.59514,2.602683,-0.05195141,-0.09632775,0.870038,0.177788,-0.4496067,0.007585343,0.002419342,-0.02375038,0.5491333,-0.01951599,0.835495,0.02813854,0.002011169,-0.02279837,0.02813854,0.002011169,-0.02279837,0.5472717,-0.01670837,0.8367767,0.5472717,-0.01670837,0.8367767,5.360992,5.360992,True,True,True
1642060,63779589525086,-13.59534,2.602646,-0.05186099,-0.09681331,0.869644,0.1782607,-0.4500772,0.007848404,0.002421066,-0.02373731,0.5495148,-0.02146912,0.8351898,0.02813854,0.002019959,-0.02279762,0.02813854,0.002019959,-0.02279762,0.5472412,-0.01786804,0.8367767,0.5472412,-0.01786804,0.8367767,5.359177,5.359177,True,True,True
1642069,63779589525086,-13.59534,2.602646,-0.05186099,-0.09681331,0.869644,0.1782607,-0.4500772,0.00810727,0.00242392,-0.02372225,0.5496521,-0.01856995,0.8351746,0.02813854,0.002030304,-0.02279356,0.02813854,0.002030304,-0.02279356,0.5472412,-0.01464844,0.8368378,0.5472412,-0.01464844,0.8368378,5.357224,5.357224,True,True,True
1642077,63779589525097,-13.59551,2.602519,-0.05178553,-0.09727935,0.8692656,0.1787968,-0.450495,0.008226334,0.002430863,-0.02371648,0.5487671,-0.02052307,0.8357086,0.02813854,0.002042237,-0.02279314,0.02813854,0.002042237,-0.02279314,0.5471649,-0.01754761,0.8368225,0.5471649,-0.01754761,0.8368225,5.350388,5.350388,True,True,True
1642085,63779589525109,-13.59561,2.6024,-0.05166364,-0.09778147,0.8689715,0.1791315,-0.4508206,0.006882721,0.002463806,-0.02377881,0.5480042,-0.02142334,0.8361816,0.02813854,0.0020504,-0.02279314,0.02813854,0.0020504,-0.02279314,0.5471497,-0.01858521,0.8368073,0.5471497,-0.01858521,0.8368073,5.349716,5.349716,True,True,True
1642094,63779589525119,-13.59575,2.60229,-0.05158389,-0.09808432,0.86871,0.1794007,-0.4511517,0.00806427,0.002451248,-0.02371611,0.5475159,-0.02748108,0.8363342,0.02813854,0.0020504,-0.02279303,0.02813854,0.0020504,-0.02279303,0.5456696,-0.01875305,0.8377838,0.5456696,-0.01875305,0.8377838,5.352966,5.352966,True,True,True
1642102,63779589525119,-13.59575,2.60229,-0.05158389,-0.09808432,0.86871,0.1794007,-0.4511517,0.006947769,0.002477615,-0.0237608,0.544693,-0.02418518,0.8382721,0.02813854,0.0020504,-0.02279189,0.02813854,0.0020504,-0.02279189,0.5441437,-0.01812744,0.8387909,0.5441437,-0.01812744,0.8387909,5.351883,5.351883,True,True,True
1642110,63779589525130,-13.5959,2.602229,-0.0515188,-0.09841747,0.8684716,0.1796277,-0.4514477,0.008724838,0.002442307,-0.02368077,0.5451202,-0.02310181,0.838028,0.02813985,0.0020504,-0.02279065,0.02813985,0.0020504,-0.02279065,0.5441284,-0.01800537,0.8388062,0.5441284,-0.01800537,0.8388062,5.351929,5.351929,True,True,True
1642119,63779589525142,-13.59602,2.602182,-0.05143595,-0.09865609,0.868304,0.1797569,-0.4516665,0.008903305,0.002439255,-0.02367366,0.5445557,-0.02346802,0.8383942,0.02814259,0.0020504,-0.02278983,0.02814259,0.0020504,-0.02278983,0.5441437,-0.01780701,0.8387909,0.5441437,-0.01780701,0.8387909,5.356506,5.356506,True,True,True
1642127,63779589525153,-13.59609,2.602139,-0.05135977,-0.09885837,0.8681358,0.1798659,-0.4519024,0.009235382,0.002433045,-0.02365744,0.5435791,-0.02357483,0.8390198,0.02814583,0.0020504,-0.02278906,0.02814583,0.0020504,-0.02278906,0.5431519,-0.01713562,0.839447,0.5431519,-0.01713562,0.839447,5.367935,5.367935,True,True,True
1642135,63779589525153,-13.59609,2.602139,-0.05135977,-0.09885837,0.8681358,0.1798659,-0.4519024,0.007712784,0.002464386,-0.02372673,0.5422058,-0.02406311,0.8398895,0.02814896,0.0020504,-0.02278883,0.02814896,0.0020504,-0.02278883,0.5414734,-0.01605225,0.8405457,0.5414734,-0.01605225,0.8405457,5.361771,5.361771,True,True,True
1642144,63779589525164,-13.59616,2.602185,-0.05129129,-0.09903713,0.8680586,0.1800086,-0.4519545,0.008859559,0.002441605,-0.02367403,0.5399933,-0.02368164,0.8413239,0.02815163,0.0020504,-0.02278874,0.02815163,0.0020504,-0.02278874,0.537735,-0.01644897,0.8429413,0.537735,-0.01644897,0.8429413,5.363113,5.363113,True,True,True
1642152,63779589525175,-13.59626,2.602221,-0.05123603,-0.09910514,0.8679339,0.1802044,-0.452101,0.008485184,0.002447617,-0.02369118,0.5378723,-0.02319336,0.8426971,0.02815396,0.002047318,-0.02278874,0.02815396,0.002047318,-0.02278874,0.5347748,-0.01570129,0.8448334,0.5347748,-0.01570129,0.8448334,5.356674,5.356674,True,True,True
1642160,63779589525186,-13.59631,2.602263,-0.05120981,-0.09903084,0.8679363,0.1803022,-0.4520736,0.007981217,0.002456589,-0.02371436,0.5385437,-0.02215576,0.8423004,0.0281575,0.002044205,-0.02278874,0.0281575,0.002044205,-0.02278874,0.5357208,-0.01315308,0.8442841,0.5357208,-0.01315308,0.8442841,5.363831,5.363831,True,True,True
1642169,63779589525186,-13.59631,2.602263,-0.05120981,-0.09903084,0.8679363,0.1803022,-0.4520736,0.006602753,0.002484299,-0.02377768,0.5386505,-0.02288818,0.8422089,0.02815982,0.002042252,-0.02278883,0.02815982,0.002042252,-0.02278883,0.5356293,-0.01255798,0.8443451,0.5356293,-0.01255798,0.8443451,5.377075,5.377075,True,True,True
1642177,63779589525197,-13.59638,2.602314,-0.05116135,-0.09892254,0.8679932,0.1804188,-0.4519416,0.006489609,0.002484741,-0.02378301,0.5383453,-0.02323914,0.842392,0.02816417,0.002038925,-0.02278906,0.02816417,0.002038925,-0.02278906,0.5349884,-0.01179504,0.8447723,0.5349884,-0.01179504,0.8447723,5.385529,5.385529,True,True,True
1642185,63779589525208,-13.59643,2.602313,-0.05112714,-0.098692,0.8681132,0.1804613,-0.4517445,0.006495118,0.002484192,-0.02378311,0.5384674,-0.02404785,0.8422852,0.02816428,0.002037979,-0.02278983,0.02816428,0.002037979,-0.02278983,0.5350494,-0.01300049,0.8447113,0.5350494,-0.01300049,0.8447113,5.397949,5.397949,True,True,True
1642194,63779589525220,-13.59647,2.602314,-0.05111253,-0.09862929,0.8681957,0.1805373,-0.4515693,0.006375214,0.002485993,-0.02378874,0.5382538,-0.02357483,0.8424377,0.02816429,0.002037033,-0.02278983,0.02816429,0.002037033,-0.02278983,0.5345459,-0.01283264,0.8450317,0.5345459,-0.01283264,0.8450317,5.397461,5.397461,True,True,True
1642202,63779589525220,-13.59647,2.602314,-0.05111253,-0.09862929,0.8681957,0.1805373,-0.4515693,0.006402283,0.002481857,-0.02378764,0.537323,-0.02304077,0.8430481,0.02816429,0.002031403,-0.02278983,0.02816429,0.002031403,-0.02278983,0.5329285,-0.01142883,0.8460693,0.5329285,-0.01142883,0.8460693,5.397003,5.397003,True,True,True
1642210,63779589525230,-13.59653,2.602283,-0.05110472,-0.09863884,0.8682662,0.1806736,-0.451377,0.004742646,0.002513443,-0.02386313,0.5375824,-0.02362061,0.842865,0.02816429,0.002026871,-0.02278906,0.02816429,0.002026871,-0.02278906,0.5329437,-0.01158142,0.8460693,0.5329437,-0.01158142,0.8460693,5.396835,5.396835,True,True,True
1642219,63779589525242,-13.59653,2.602228,-0.0511291,-0.09876915,0.8683031,0.180829,-0.4512154,0.006244309,0.002478775,-0.02379428,0.5372925,-0.0223999,0.8430786,0.02816429,0.002021408,-0.02278887,0.02816429,0.002021408,-0.02278887,0.5328217,-0.01031494,0.8461609,0.5328217,-0.01031494,0.8461609,5.386581,5.386581,True,True,True
1642227,63779589525253,-13.59658,2.602216,-0.05113697,-0.09905183,0.8683336,0.1809544,-0.4510444,0.004855728,0.0024823,-0.02385808,0.5379944,-0.0164032,0.8427734,0.02816429,0.001978714,-0.0227888,0.02816429,0.001978714,-0.0227888,0.5325165,0.00100708,0.846405,0.5325165,0.00100708,0.846405,5.393585,5.393585,True,True,True
1642235,63779589525253,-13.59658,2.602216,-0.05113697,-0.09905183,0.8683336,0.1809544,-0.4510444,0.006370041,0.002449585,-0.02378775,0.5370026,-0.01544189,0.8434296,0.0281644,0.001978714,-0.02278757,0.0281644,0.001978714,-0.02278757,0.5313721,0.0007171631,0.8471222,0.5313721,0.0007171631,0.8471222,5.392288,5.392288,True,True,True
1642244,63779589525264,-13.59661,2.602211,-0.0511232,-0.0992182,0.8682998,0.1812423,-0.4509571,0.006222016,0.002449341,-0.02379443,0.5370483,-0.01516724,0.843399,0.0281644,0.00197316,-0.02278738,0.0281644,0.00197316,-0.02278738,0.5313721,0.001342773,0.8471222,0.5313721,0.001342773,0.8471222,5.391571,5.391571,True,True,True
1642252,63779589525276,-13.59676,2.602211,-0.05114955,-0.09919354,0.8683586,0.1812633,-0.4508412,0.004504059,0.00248674,-0.02387329,0.5376892,-0.0166626,0.8429565,0.02816429,0.001973083,-0.02278738,0.02816429,0.001973083,-0.02278738,0.5313568,0.000793457,0.8471375,0.5313568,0.000793457,0.8471375,5.39122,5.39122,True,True,True
1642260,63779589525287,-13.59684,2.602129,-0.0510813,-0.09920313,0.8683654,0.1814118,-0.4507662,0.004422318,0.002488312,-0.02387715,0.5385742,-0.01730347,0.842392,0.02816429,0.001972748,-0.02278738,0.02816429,0.001972748,-0.02278738,0.5325317,-0.0002441406,0.846405,0.5325317,-0.0002441406,0.846405,5.391663,5.391663,True,True,True
1642269,63779589525287,-13.59684,2.602129,-0.0510813,-0.09920313,0.8683654,0.1814118,-0.4507662,0.004518189,0.002486557,-0.02387276,0.5399933,-0.01756287,0.8414764,0.02816428,0.001972733,-0.02278738,0.02816428,0.001972733,-0.02278738,0.5343018,-0.0007171631,0.8452759,0.5343018,-0.0007171631,0.8452759,5.39418,5.39418,True,True,True
1642277,63779589525298,-13.59691,2.602016,-0.05107033,-0.09918348,0.8683828,0.181293,-0.4507849,0.004461731,0.002487885,-0.02387538,0.540451,-0.01878357,0.841156,0.02816405,0.001972397,-0.02278738,0.02816405,0.001972397,-0.02278738,0.534729,-0.002685547,0.8450165,0.534729,-0.002685547,0.8450165,5.411148,5.411148,True,True,True
1642285,63779589525309,-13.59697,2.601956,-0.05106401,-0.09911692,0.8684547,0.1811246,-0.4507286,0.004532028,0.002486221,-0.0238723,0.5409088,-0.01889038,0.8408661,0.02816232,0.001972107,-0.02278738,0.02816232,0.001972107,-0.02278738,0.5341034,-0.003112793,0.8453979,0.5341034,-0.003112793,0.8453979,5.392593,5.392593,True,True,True
1642294,63779589525320,-13.59707,2.601862,-0.05106455,-0.09905486,0.8684631,0.1810905,-0.4507396,0.004426987,0.002487702,-0.02387654,0.5411682,-0.01879883,0.8406982,0.0281619,0.001970734,-0.02278609,0.0281619,0.001970734,-0.02278609,0.5345154,-0.00289917,0.8451385,0.5345154,-0.00289917,0.8451385,5.391724,5.391724,True,True,True
1642302,63779589525320,-13.59707,2.601862,-0.05106455,-0.09905486,0.8684631,0.1810905,-0.4507396,0.004480835,0.002485642,-0.02387372,0.5413818,-0.01834106,0.8405609,0.02816121,0.001969422,-0.02278467,0.02816121,0.001969422,-0.02278467,0.5344696,-0.002639771,0.8451691,0.5344696,-0.002639771,0.8451691,5.391968,5.391968,True,True,True
1642310,63779589525331,-13.59708,2.601763,-0.05107021,-0.09918062,0.8685099,0.1808884,-0.4507028,0.004460129,0.002484802,-0.0238747,0.5410309,-0.0181427,0.8407898,0.02816066,0.001967789,-0.02278458,0.02816066,0.001967789,-0.02278458,0.5341492,-0.00239563,0.8453674,0.5341492,-0.00239563,0.8453674,5.375412,5.375412,True,True,True
1642319,63779589525342,-13.59717,2.601707,-0.05104429,-0.09932443,0.8685892,0.1804745,-0.4506844,0.00464151,0.002480606,-0.02386711,0.5411987,-0.01808167,0.840683,0.02816036,0.00196698,-0.02278449,0.02816036,0.00196698,-0.02278449,0.5345612,-0.00213623,0.845108,0.5345612,-0.00213623,0.845108,5.375763,5.375763,True,True,True
1642327,63779589525353,-13.59719,2.601583,-0.05109519,-0.09945796,0.8686452,0.1801756,-0.4506666,0.004739319,0.00247821,-0.02386281,0.5413971,-0.01785278,0.8405762,0.02815967,0.001966446,-0.02278449,0.02815967,0.001966446,-0.02278449,0.5349579,-0.001846313,0.8448639,0.5349579,-0.001846313,0.8448639,5.394363,5.394363,True,True,True
1642335,63779589525353,-13.59719,2.601583,-0.05109519,-0.09945796,0.8686452,0.1801756,-0.4506666,0.004701859,0.002478745,-0.02386452,0.5419312,-0.01789856,0.8402252,0.02815915,0.001965973,-0.02278449,0.02815915,0.001965973,-0.02278449,0.5357056,-0.001663208,0.8443909,0.5357056,-0.001663208,0.8443909,5.395081,5.395081,True,True,True
1642344,63779589525364,-13.59722,2.601483,-0.051126,-0.09962223,0.8687181,0.1796076,-0.4507165,0.004774094,0.002477264,-0.02386165,0.5423126,-0.01763916,0.8399811,0.02815892,0.001965973,-0.02278449,0.02815892,0.001965973,-0.02278449,0.536026,-0.001586914,0.8441772,0.536026,-0.001586914,0.8441772,5.413223,5.413223,True,True,True
1642352,63779589525376,-13.59727,2.601381,-0.05124837,-0.09970687,0.8688591,0.1788954,-0.4507093,0.006383347,0.002468933,-0.02379485,0.5495148,-0.01873779,0.8352661,0.02813977,0.002011749,-0.02278064,0.02813977,0.002011749,-0.02278064,0.5440979,-0.005157471,0.8389893,0.5440979,-0.005157471,0.8389893,5.432388,5.432388,True,True,True
1642360,63779589525386,-13.59737,2.601256,-0.05131072,-0.09981195,0.8689448,0.178333,-0.4507436,0.006456711,0.002462555,-0.02382109,0.5581055,-0.02508545,0.8293762,0.02805736,0.002012711,-0.02282512,0.02805736,0.002012711,-0.02282512,0.554184,-0.002700806,0.8323669,0.554184,-0.002700806,0.8323669,5.50354,5.50354,True,True,True
1642369,63779589525386,-13.59737,2.601256,-0.05131072,-0.09981195,0.8689448,0.178333,-0.4507436,0.005857529,0.002488785,-0.02387654,0.5643158,-0.02043152,0.8252869,0.02801767,0.002024887,-0.02283902,0.02801767,0.002024887,-0.02283902,0.5565491,-0.009231567,0.8307495,0.5565491,-0.009231567,0.8307495,5.415253,5.415253,True,True,True
1642377,63779589525398,-13.59742,2.601183,-0.05135554,-0.09981359,0.8690867,0.1775738,-0.4507694,0.009421188,0.002417343,-0.02369563,0.553894,-0.01319885,0.8324738,0.02804013,0.00203302,-0.02282402,0.02804013,0.00203302,-0.02282402,0.54953,-0.001754761,0.8354645,0.54953,-0.001754761,0.8354645,5.415909,5.415909,True,True,True
1642385,63779589525409,-13.59742,2.601089,-0.0513643,-0.09995382,0.8692493,0.1768561,-0.450707,0.008829148,0.002438416,-0.02373415,0.5635071,-0.01849365,0.8258972,0.0280383,0.002038254,-0.02283119,0.0280383,0.002038254,-0.02283119,0.5592194,-0.009643555,0.828949,0.5592194,-0.009643555,0.828949,5.46106,5.46106,True,True,True
1642394,63779589525420,-13.5975,2.600986,-0.05142009,-0.09992955,0.8693948,0.1762103,-0.4506847,0.009368195,0.002427384,-0.02370721,0.5595703,-0.01515198,0.8286285,0.02803409,0.002038498,-0.02283028,0.02803409,0.002038498,-0.02283028,0.5557556,-0.006912231,0.8312988,0.5557556,-0.006912231,0.8312988,5.416962,5.416962,True,True,True
1642402,63779589525420,-13.5975,2.600986,-0.05142009,-0.09992955,0.8693948,0.1762103,-0.4506847,0.009753968,0.002419556,-0.02368903,0.5588379,-0.01654053,0.8291016,0.02802988,0.002038727,-0.02282936,0.02802988,0.002038727,-0.02282936,0.553009,-0.007278442,0.8331299,0.553009,-0.007278442,0.8331299,5.412323,5.412323,True,True,True
1642410,63779589525431,-13.59756,2.600885,-0.05143553,-0.0998455,0.8695624,0.1755276,-0.4506463,0.009534562,0.002425446,-0.02369756,0.5595703,-0.01661682,0.828598,0.0280296,0.002039047,-0.02282686,0.0280296,0.002039047,-0.02282686,0.5540771,-0.006759644,0.832428,0.5540771,-0.006759644,0.832428,5.417206,5.417206,True,True,True
1642419,63779589525442,-13.59754,2.600734,-0.05148631,-0.09983301,0.8697162,0.1748805,-0.4506039,0.008735032,0.002443512,-0.02373343,0.5602112,-0.01780701,0.8281403,0.02802933,0.002039352,-0.02282436,0.02802933,0.002039352,-0.02282436,0.5548401,-0.007507324,0.8319092,0.5548401,-0.007507324,0.8319092,5.42067,5.42067,True,True,True
1642427,63779589525453,-13.59758,2.600623,-0.0515548,-0.09984206,0.8699197,0.1741244,-0.450502,0.007623261,0.002467941,-0.02378569,0.5591431,-0.01893616,0.8288422,0.02802857,0.002040054,-0.02282424,0.02802857,0.002040054,-0.02282424,0.5542603,-0.007736206,0.8322906,0.5542603,-0.007736206,0.8322906,5.419266,5.419266,True,True,True
1642435,63779589525453,-13.59758,2.600623,-0.0515548,-0.09984206,0.8699197,0.1741244,-0.450502,0.005400147,0.002515747,-0.02389032,0.55867,-0.02069092,0.8291168,0.02802782,0.002040756,-0.02282411,0.02802782,0.002040756,-0.02282411,0.5544739,-0.007965088,0.8321533,0.5544739,-0.007965088,0.8321533,5.420029,5.420029,True,True,True
1642444,63779589525464,-13.59768,2.600527,-0.05156851,-0.09997164,0.8700433,0.1734491,-0.4504951,0.004683365,0.002532486,-0.02392272,0.5592651,-0.02157593,0.8286896,0.02802657,0.002042648,-0.02282324,0.02802657,0.002042648,-0.02282324,0.5541992,-0.008529663,0.8323364,0.5541992,-0.008529663,0.8323364,5.418716,5.418716,True,True,True
1642452,63779589525475,-13.59774,2.600336,-0.05166781,-0.1001621,0.8701212,0.1728958,-0.450515,0.004642914,0.002535034,-0.02392334,0.5597382,-0.02192688,0.8283691,0.02802532,0.002044541,-0.02282237,0.02802532,0.002044541,-0.02282237,0.5539246,-0.009094238,0.8325043,0.5539246,-0.009094238,0.8325043,5.417709,5.417709,True,True,True
1642460,63779589525486,-13.59776,2.600255,-0.05171251,-0.100354,0.8701593,0.1724687,-0.4505625,0.004577713,0.00253804,-0.02392525,0.5597687,-0.02207947,0.8283386,0.02802457,0.002047257,-0.02282019,0.02802457,0.002047257,-0.02282019,0.5538788,-0.00932312,0.8325348,0.5538788,-0.00932312,0.8325348,5.417999,5.417999,True,True,True
1642469,63779589525486,-13.59776,2.600255,-0.05171251,-0.100354,0.8701593,0.1724687,-0.4505625,0.004506165,0.002541183,-0.02392745,0.5596313,-0.02226257,0.8284302,0.02802382,0.002049973,-0.02281801,0.02802382,0.002049973,-0.02281801,0.553833,-0.00958252,0.8325653,0.553833,-0.00958252,0.8325653,5.418442,5.418442,True,True,True
1642477,63779589525497,-13.59779,2.600155,-0.05174875,-0.1004333,0.8701642,0.1722558,-0.4506167,0.004460358,0.002544251,-0.02392859,0.5599365,-0.02099609,0.8282623,0.02802431,0.002053482,-0.02281625,0.02802431,0.002053482,-0.02281625,0.554245,-0.009567261,0.8322754,0.554245,-0.009567261,0.8322754,5.418274,5.418274,True,True,True
1642485,63779589525509,-13.59782,2.600084,-0.0517875,-0.1005831,0.8701634,0.1721735,-0.4506162,0.003953964,0.002556885,-0.02395149,0.5601501,-0.01994324,0.8281403,0.0280248,0.002057007,-0.0228145,0.0280248,0.002057007,-0.0228145,0.5546722,-0.009521484,0.8320007,0.5546722,-0.009521484,0.8320007,5.419312,5.419312,True,True,True
1642494,63779589525520,-13.59782,2.600083,-0.05179089,-0.1005873,0.870131,0.172126,-0.4506961,0.003867707,0.00256189,-0.02395488,0.560379,-0.01792908,0.8280334,0.02802506,0.002061066,-0.02281241,0.02802506,0.002061066,-0.02281241,0.5552979,-0.005645752,0.8316193,0.5552979,-0.005645752,0.8316193,5.422256,5.422256,True,True,True
1642502,63779589525520,-13.59782,2.600083,-0.05179089,-0.1005873,0.870131,0.172126,-0.4506961,0.004756653,0.002546692,-0.02391165,0.5603485,-0.01530457,0.8281097,0.0280249,0.002065125,-0.02281032,0.0280249,0.002065125,-0.02281032,0.5557861,-0.001678467,0.8313141,0.5557861,-0.001678467,0.8313141,5.424896,5.424896,True,True,True
1642510,63779589525531,-13.59794,2.600034,-0.05171639,-0.100702,0.870163,0.1719215,-0.4506866,0.004800156,0.00255455,-0.02390604,0.5602722,-0.01707458,0.828125,0.0280249,0.002076935,-0.02280435,0.0280249,0.002076935,-0.02280435,0.5559692,-0.005111694,0.8311768,0.5559692,-0.005111694,0.8311768,5.422943,5.422943,True,True,True
1642519,63779589525542,-13.59798,2.599979,-0.05177927,-0.1008665,0.8701608,0.1717506,-0.4507193,0.003536392,0.002585602,-0.02396471,0.5605011,-0.01856995,0.8279266,0.0280249,0.002083542,-0.02280144,0.0280249,0.002083542,-0.02280144,0.5559998,-0.006118774,0.8311462,0.5559998,-0.006118774,0.8311462,5.423782,5.423782,True,True,True
1642527,63779589525553,-13.59801,2.599912,-0.05181897,-0.101091,0.8701746,0.1716071,-0.4506969,0.003482605,0.002592377,-0.02396703,0.5604706,-0.01661682,0.8280029,0.0280248,0.002091476,-0.02280122,0.0280248,0.002091476,-0.02280122,0.5570221,-0.004562378,0.8304749,0.5570221,-0.004562378,0.8304749,5.429703,5.429703,True,True,True
1642535,63779589525553,-13.59801,2.599912,-0.05181897,-0.101091,0.8701746,0.1716071,-0.4506969,0.003439545,0.00259874,-0.02396849,0.5601349,-0.01724243,0.8282166,0.02802434,0.002098267,-0.02280075,0.02802434,0.002098267,-0.02280075,0.5569305,-0.004867554,0.8305359,0.5569305,-0.004867554,0.8305359,5.431488,5.431488,True,True,True
1642544,63779589525564,-13.59803,2.599853,-0.05188966,-0.1011834,0.8701665,0.1714396,-0.4507557,0.003429337,0.002604523,-0.02396855,0.559845,-0.01815796,0.8283844,0.02802394,0.002103058,-0.02280037,0.02802394,0.002103058,-0.02280037,0.5568237,-0.005615234,0.8305969,0.5568237,-0.005615234,0.8305969,5.430786,5.430786,True,True,True
1642552,63779589525575,-13.59801,2.59988,-0.05188882,-0.1012345,0.8702159,0.1712044,-0.4507382,0.00349263,0.002607926,-0.02396553,0.5601196,-0.01724243,0.8282166,0.02802394,0.002107758,-0.02279987,0.02802394,0.002107758,-0.02279987,0.5568237,-0.005630493,0.8305969,0.5568237,-0.005630493,0.8305969,5.430847,5.430847,True,True,True
1642560,63779589525586,-13.5981,2.599828,-0.05196625,-0.1012594,0.8702458,0.1710546,-0.4507317,0.003626343,0.002609253,-0.0239595,0.5609894,-0.01637268,0.827652,0.02802394,0.002113007,-0.02279987,0.02802394,0.002113007,-0.02279987,0.5576324,-0.004882813,0.8300629,0.5576324,-0.004882813,0.8300629,5.432037,5.432037,True,True,True
1642569,63779589525586,-13.5981,2.599828,-0.05196625,-0.1012594,0.8702458,0.1710546,-0.4507317,0.004625382,0.002591202,-0.02391216,0.5603638,-0.01530457,0.8280945,0.02802406,0.002115433,-0.02279987,0.02802406,0.002115433,-0.02279987,0.5568695,-0.003753662,0.8305817,0.5568695,-0.003753662,0.8305817,5.432266,5.432266,True,True,True
1642577,63779589525597,-13.59813,2.599754,-0.05205703,-0.101259,0.870288,0.1708451,-0.4507299,0.004500672,0.002595337,-0.02391795,0.5599823,-0.01422119,0.8283691,0.02802406,0.002115799,-0.02279952,0.02802406,0.002115799,-0.02279952,0.5562897,-0.002212524,0.8309631,0.5562897,-0.002212524,0.8309631,5.439392,5.439392,True,True,True
1642585,63779589525608,-13.59815,2.599643,-0.05213612,-0.10138,0.8703134,0.1705512,-0.4507649,0.004536194,0.00259845,-0.02391611,0.5597382,-0.01493835,0.8285217,0.02802406,0.002120422,-0.02279913,0.02802406,0.002120422,-0.02279913,0.555954,-0.003341675,0.831192,0.555954,-0.003341675,0.831192,5.438492,5.438492,True,True,True
1642594,63779589525619,-13.59818,2.599564,-0.05224395,-0.1014544,0.8704224,0.1701634,-0.4506844,0.006072403,0.002569779,-0.02384317,0.5595703,-0.01361084,0.8286591,0.02802406,0.0021232,-0.02279913,0.02802406,0.0021232,-0.02279913,0.555954,-0.002944946,0.831192,0.555954,-0.002944946,0.831192,5.43869,5.43869,True,True,True
1642602,63779589525619,-13.59818,2.599564,-0.05224395,-0.1014544,0.8704224,0.1701634,-0.4506844,0.00603209,0.002571213,-0.02384526,0.5597839,-0.01268005,0.828537,0.02802394,0.002123734,-0.02279913,0.02802394,0.002123734,-0.02279913,0.5562744,-0.002487183,0.8309937,0.5562744,-0.002487183,0.8309937,5.439545,5.439545,True,True,True
1642610,63779589525630,-13.59826,2.599457,-0.05237049,-0.1017164,0.8704281,0.1698557,-0.4507304,0.006124069,0.002571457,-0.02384088,0.5595093,-0.01316833,0.8287048,0.02802388,0.002125168,-0.02279913,0.02802388,0.002125168,-0.02279913,0.5562286,-0.002807617,0.8310089,0.5562286,-0.002807617,0.8310089,5.439011,5.439011,True,True,True
1642619,63779589525642,-13.59817,2.599381,-0.05251962,-0.1018833,0.8705167,0.1695388,-0.4506408,0.006046021,0.002575363,-0.02384488,0.5595245,-0.01304626,0.8287048,0.0280237,0.002127808,-0.02279913,0.0280237,0.002127808,-0.02279913,0.5561981,-0.003036499,0.8310242,0.5561981,-0.003036499,0.8310242,5.439117,5.439117,True,True,True
1642627,63779589525653,-13.59818,2.599299,-0.05264741,-0.1020057,0.870596,0.1693273,-0.4505393,0.006268967,0.002571701,-0.0238344,0.559433,-0.01327515,0.8287659,0.02802344,0.002128174,-0.02279906,0.02802344,0.002128174,-0.02279906,0.5561371,-0.002655029,0.8310699,0.5561371,-0.002655029,0.8310699,5.439224,5.439224,True,True,True
1642635,63779589525653,-13.59818,2.599299,-0.05264741,-0.1020057,0.870596,0.1693273,-0.4505393,0.006296494,0.002572891,-0.02383312,0.5589142,-0.01205444,0.8291321,0.02802333,0.002130447,-0.02279904,0.02802333,0.002130447,-0.02279904,0.5552979,-0.001266479,0.8316345,0.5552979,-0.001266479,0.8316345,5.412964,5.412964,True,True,True
1642644,63779589525665,-13.59822,2.599233,-0.052751,-0.1020866,0.8706926,0.1690809,-0.4504271,0.006323334,0.002577271,-0.02382579,0.5590668,-0.01673889,0.8289337,0.02803195,0.002137589,-0.02278888,0.02803195,0.002137589,-0.02278888,0.5555725,-0.008636475,0.8314056,0.5555725,-0.008636475,0.8314056,5.36763,5.36763,True,True,True
1642652,63779589525675,-13.59823,2.599153,-0.05287379,-0.1021757,0.8708225,0.1687318,-0.4502864,0.006253022,0.002557877,-0.0238035,0.5513,-0.004241943,0.8342896,0.02811163,0.002111466,-0.0227596,0.02811163,0.002111466,-0.0227596,0.5497742,0.005111694,0.8352814,0.5497742,0.005111694,0.8352814,5.477249,5.477249,True,True,True
1642660,63779589525686,-13.59821,2.599039,-0.05298996,-0.1021963,0.8709601,0.168409,-0.4501365,0.006134949,0.002510803,-0.023788,0.5375214,-0.006027222,0.8432159,0.02813165,0.00203421,-0.02275009,0.02813165,0.00203421,-0.02275009,0.5303345,0.0151825,0.847641,0.5303345,0.0151825,0.847641,5.534882,5.534882,True,True,True
1642669,63779589525686,-13.59821,2.599039,-0.05298996,-0.1021963,0.8709601,0.168409,-0.4501365,0.005585907,0.00253122,-0.02382511,0.5460052,0.0002593994,0.8377686,0.02812541,0.002036972,-0.02276541,0.02812541,0.002036972,-0.02276541,0.5372314,0.01953125,0.8432007,0.5372314,0.01953125,0.8432007,5.507889,5.507889,True,True,True
1642677,63779589525697,-13.59818,2.598946,-0.05313057,-0.1023562,0.871062,0.1680849,-0.450024,0.006411606,0.002513855,-0.02377951,0.5416412,-0.002166748,0.8405914,0.02811696,0.002040756,-0.02275986,0.02811696,0.002040756,-0.02275986,0.5350494,0.01315308,0.844696,0.5350494,0.01315308,0.844696,5.458389,5.458389,True,True,True
1642685,63779589525709,-13.59814,2.598873,-0.0532425,-0.1023808,0.8712269,0.1676385,-0.4498658,0.007149552,0.002500504,-0.02374002,0.5393524,-0.005462646,0.8420563,0.02811359,0.002045532,-0.02275516,0.02811359,0.002045532,-0.02275516,0.5331726,0.01173401,0.8459167,0.5331726,0.01173401,0.8459167,5.488205,5.488205,True,True,True
1642694,63779589525720,-13.59804,2.59884,-0.05334139,-0.1025019,0.8713338,0.1673369,-0.4497434,0.007628358,0.002491531,-0.02372009,0.5417023,-0.001708984,0.8405609,0.02811336,0.002047409,-0.02275748,0.02811336,0.002047409,-0.02275748,0.5363922,0.01315308,0.8438568,0.5363922,0.01315308,0.8438568,5.502274,5.502274,True,True,True
1642702,63779589525720,-13.59804,2.59884,-0.05334139,-0.1025019,0.8713338,0.1673369,-0.4497434,0.007686615,0.002492188,-0.02371903,0.5438232,-0.0007476807,0.8391876,0.02811313,0.002049271,-0.0227598,0.02811313,0.002049271,-0.0227598,0.5391693,0.01452637,0.8420563,0.5391693,0.01452637,0.8420563,5.515884,5.515884,True,True,True
1642710,63779589525730,-13.59801,2.598813,-0.05345118,-0.1025026,0.8714572,0.1671836,-0.4495611,0.007293869,0.002503128,-0.02373662,0.5424957,-0.0025177,0.8400421,0.02811257,0.002051926,-0.0227582,0.02811257,0.002051926,-0.0227582,0.536438,0.01220703,0.8438416,0.536438,0.01220703,0.8438416,5.50148,5.50148,True,True,True
1642719,63779589525741,-13.59799,2.598833,-0.05351144,-0.1022917,0.871577,0.1670738,-0.4494178,0.006457321,0.00252385,-0.02377501,0.5412903,-0.003448486,0.8408203,0.028112,0.002054566,-0.02275661,0.028112,0.002054566,-0.02275661,0.5337372,0.012146,0.8455505,0.5337372,0.012146,0.8455505,5.489227,5.489227,True,True,True
1642727,63779589525753,-13.59797,2.598798,-0.05364519,-0.102087,0.8715992,0.1671786,-0.4493823,0.005184998,0.002553558,-0.02383447,0.5413971,-0.003219604,0.840744,0.02811037,0.002056503,-0.02275588,0.02811037,0.002056503,-0.02275588,0.5328369,0.01417542,0.8460846,0.5328369,0.01417542,0.8460846,5.48732,5.48732,True,True,True
1642735,63779589525753,-13.59797,2.598798,-0.05364519,-0.102087,0.8715992,0.1671786,-0.4493823,0.004639298,0.002567185,-0.02385977,0.5414886,-0.002624512,0.840683,0.02810873,0.002058426,-0.02275516,0.02810873,0.002058426,-0.02275516,0.5319519,0.01620483,0.8466034,0.5319519,0.01620483,0.8466034,5.485748,5.485748,True,True,True
1642744,63779589525764,-13.59791,2.598813,-0.05371648,-0.1019483,0.8716252,0.1672877,-0.4493227,0.004618988,0.002568436,-0.02386022,0.542099,-0.004104614,0.8402863,0.02810848,0.00206044,-0.02275414,0.02810848,0.00206044,-0.02275414,0.5323181,0.01319885,0.8464203,0.5323181,0.01319885,0.8464203,5.47934,5.47934,True,True,True
1642752,63779589525775,-13.59789,2.598835,-0.05374372,-0.1018542,0.8716734,0.1673587,-0.4492242,0.004643677,0.002568939,-0.02385861,0.5418701,-0.003189087,0.8404388,0.02810822,0.002062454,-0.0227531,0.02810822,0.002062454,-0.0227531,0.5327911,0.01504517,0.8460999,0.5327911,0.01504517,0.8460999,5.48558,5.48558,True,True,True
1642760,63779589525786,-13.59786,2.598811,-0.05377311,-0.1017667,0.8716601,0.1674628,-0.4492312,0.002850678,0.002608475,-0.02394324,0.5429382,-0.004882813,0.8397522,0.02810768,0.002064255,-0.02275307,0.02810768,0.002064255,-0.02275307,0.5326538,0.0145874,0.8462067,0.5326538,0.0145874,0.8462067,5.480515,5.480515,True,True,True
1642769,63779589525786,-13.59786,2.598811,-0.05377311,-0.1017667,0.8716601,0.1674628,-0.4492312,0.003051804,0.002604721,-0.02393399,0.5426788,-0.005569458,0.8399048,0.02810716,0.00206604,-0.02275302,0.02810716,0.00206604,-0.02275302,0.532608,0.01409912,0.8462372,0.532608,0.01409912,0.8462372,5.484619,5.484619,True,True,True
1642777,63779589525797,-13.59783,2.598809,-0.05382603,-0.1017943,0.8716618,0.1676909,-0.4491363,0.004984864,0.002562912,-0.02384299,0.5415802,-0.004547119,0.8406219,0.02810611,0.002066315,-0.02275285,0.02810611,0.002066315,-0.02275285,0.5322571,0.01399231,0.8464508,0.5322571,0.01399231,0.8464508,5.479614,5.479614,True,True,True
1642785,63779589525808,-13.59785,2.598849,-0.05390739,-0.1017297,0.871633,0.1679329,-0.4491163,0.005080551,0.002560379,-0.02383888,0.5410614,-0.003875732,0.8409576,0.02810507,0.002066589,-0.02275269,0.02810507,0.002066589,-0.02275269,0.5319977,0.0138092,0.8466187,0.5319977,0.0138092,0.8466187,5.474411,5.474411,True,True,True
1642794,63779589525820,-13.59784,2.598876,-0.0540092,-0.1016195,0.8715318,0.1682387,-0.4492235,0.003117005,0.002601822,-0.0239321,0.5421448,-0.005050659,0.8402557,0.02810478,0.002066605,-0.02275267,0.02810478,0.002066605,-0.02275267,0.532135,0.01293945,0.8465424,0.532135,0.01293945,0.8465424,5.47049,5.47049,True,True,True
1642802,63779589525820,-13.59784,2.598876,-0.0540092,-0.1016195,0.8715318,0.1682387,-0.4492235,0.003108917,0.002601959,-0.02393321,0.542099,-0.005493164,0.8402863,0.02810449,0.002066589,-0.02275266,0.02810449,0.002066589,-0.02275266,0.5322876,0.01210022,0.8464661,0.5322876,0.01210022,0.8464661,5.466751,5.466751,True,True,True
1642810,63779589525831,-13.59779,2.598847,-0.05399919,-0.1015934,0.8714889,0.1683477,-0.4492717,0.003217133,0.002599625,-0.02392896,0.5429382,-0.005249023,0.8397369,0.02810364,0.002066589,-0.02275266,0.02810364,0.002066589,-0.02275266,0.5328827,0.01219177,0.8460846,0.5328827,0.01219177,0.8460846,5.463287,5.463287,True,True,True
1642819,63779589525842,-13.59777,2.598824,-0.05411023,-0.1016345,0.8714529,0.1682307,-0.449376,0.003196945,0.002600021,-0.02392998,0.5427856,-0.006500244,0.8398438,0.02810359,0.002066589,-0.02275266,0.02810359,0.002066589,-0.02275266,0.5328674,0.01219177,0.8460999,0.5328674,0.01219177,0.8460999,5.463257,5.463257,True,True,True
1642827,63779589525852,-13.59775,2.598852,-0.05413353,-0.1016244,0.8714477,0.1681933,-0.4494023,0.005245483,0.002555893,-0.02383327,0.5417786,-0.004989624,0.8404999,0.02810359,0.002066589,-0.02275266,0.02810359,0.002066589,-0.02275266,0.5328674,0.01219177,0.8460999,0.5328674,0.01219177,0.8460999,5.463257,5.463257,True,True,True
1642835,63779589525852,-13.59775,2.598852,-0.05413353,-0.1016244,0.8714477,0.1681933,-0.4494023,0.003294937,0.002597351,-0.02392549,0.5431976,-0.007476807,0.8395538,0.02810359,0.002066589,-0.02275266,0.02810359,0.002066589,-0.02275266,0.5341339,0.01231384,0.8452911,0.5341339,0.01231384,0.8452911,5.46051,5.46051,True,True,True
1642844,63779589525864,-13.59771,2.598896,-0.05425459,-0.1016518,0.8714753,0.1680024,-0.4494138,0.005235642,0.002555283,-0.02383411,0.5428009,-0.007034302,0.8398132,0.02810359,0.002066589,-0.02275269,0.02810359,0.002066589,-0.02275269,0.5354919,0.01036072,0.8444672,0.5354919,0.01036072,0.8444672,5.460495,5.460495,True,True,True
1642852,63779589525875,-13.59765,2.598852,-0.05437112,-0.10159,0.8714833,0.1679877,-0.4494179,0.005029495,0.002559326,-0.02384497,0.5431824,-0.0078125,0.8395691,0.02810359,0.002066589,-0.02275302,0.02810359,0.002066589,-0.02275302,0.5354767,0.009475708,0.8444824,0.5354767,0.009475708,0.8444824,5.459839,5.459839,True,True,True
1642860,63779589525886,-13.59768,2.598799,-0.05451441,-0.101689,0.8715715,0.1679352,-0.4492442,0.005090042,0.002554428,-0.02384209,0.5430145,-0.007659912,0.8396759,0.02810359,0.002061173,-0.02275302,0.02810359,0.002061173,-0.02275302,0.5355225,0.009521484,0.8444519,0.5355225,0.009521484,0.8444519,5.46315,5.46315,True,True,True
1642869,63779589525886,-13.59768,2.598799,-0.05451441,-0.101689,0.8715715,0.1679352,-0.4492442,0.004926926,0.002554443,-0.02385066,0.5426483,-0.006896973,0.83992,0.02810359,0.002055817,-0.02275426,0.02810359,0.002055817,-0.02275426,0.5357513,0.01104736,0.8442993,0.5357513,0.01104736,0.8442993,5.461151,5.461151,True,True,True
1642877,63779589525897,-13.59767,2.598795,-0.05465287,-0.1015448,0.8716766,0.1677414,-0.4491452,0.002869583,0.002597016,-0.02394798,0.5432587,-0.008239746,0.8395081,0.02810364,0.002053406,-0.02275426,0.02810364,0.002053406,-0.02275426,0.5353088,0.0113678,0.8445587,0.5353088,0.0113678,0.8445587,5.443222,5.443222,True,True,True
1642885,63779589525908,-13.59765,2.598729,-0.05482215,-0.1013533,0.8717843,0.1675432,-0.4490534,0.002762757,0.002598923,-0.02395371,0.543457,-0.00843811,0.839386,0.02810407,0.002053131,-0.02275426,0.02810407,0.002053131,-0.02275426,0.535675,0.01087952,0.8443451,0.535675,0.01087952,0.8443451,5.443283,5.443283,True,True,True
1642894,63779589525919,-13.59762,2.598679,-0.05498403,-0.1012331,0.87191,0.1672627,-0.4489409,0.002711212,0.002598862,-0.02395633,0.5435944,-0.008514404,0.8392944,0.02810498,0.002051392,-0.02275426,0.02810498,0.002051392,-0.02275426,0.5361938,0.01074219,0.8440094,0.5361938,0.01074219,0.8440094,5.441254,5.441254,True,True,True
1642902,63779589525919,-13.59762,2.598679,-0.05498403,-0.1012331,0.87191,0.1672627,-0.4489409,0.002634781,0.002600373,-0.02396004,0.5439148,-0.008880615,0.8390808,0.02810518,0.002051193,-0.02275426,0.02810518,0.002051193,-0.02275426,0.5363922,0.01022339,0.8438873,0.5363922,0.01022339,0.8438873,5.440994,5.440994,True,True,True
1642910,63779589525931,-13.59756,2.598659,-0.05519718,-0.1011242,0.8721779,0.1668883,-0.4485845,0.002584595,0.002601227,-0.02396248,0.5444489,-0.01075745,0.8387146,0.0281064,0.002051193,-0.02275426,0.0281064,0.002051193,-0.02275426,0.5366669,0.007781982,0.84375,0.5366669,0.007781982,0.84375,5.439529,5.439529,True,True,True
1642919,63779589525941,-13.59749,2.598596,-0.05534363,-0.1009357,0.8723056,0.1664667,-0.4485351,0.002611481,0.002600647,-0.02396144,0.5445099,-0.01095581,0.8386688,0.02810657,0.002051193,-0.02275426,0.02810657,0.002051193,-0.02275426,0.5368042,0.007827759,0.8436584,0.5368042,0.007827759,0.8436584,5.448563,5.448563,True,True,True
1642927,63779589525953,-13.59747,2.59857,-0.05547804,-0.1007946,0.8725165,0.1660127,-0.4483249,0.002615891,0.002600479,-0.02396124,0.5448151,-0.01318359,0.8384399,0.02810657,0.002051193,-0.02275426,0.02810657,0.002051193,-0.02275426,0.5375824,0.007888794,0.8431702,0.5375824,0.007888794,0.8431702,5.449371,5.449371,True,True,True
1642935,63779589525953,-13.59747,2.59857,-0.05547804,-0.1007946,0.8725165,0.1660127,-0.4483249,0.002648987,0.00259961,-0.02395957,0.5449371,-0.01094055,0.8383942,0.02810657,0.002051193,-0.0227541,0.02810657,0.002051193,-0.0227541,0.5375824,0.007873535,0.8431702,0.5375824,0.007873535,0.8431702,5.449387,5.449387,True,True,True
1642944,63779589525963,-13.59748,2.598516,-0.05556625,-0.1006939,0.8726941,0.1657483,-0.4480997,0.002674393,0.00259906,-0.02395822,0.5453186,-0.01013184,0.83815,0.02810657,0.002051193,-0.02275385,0.02810657,0.002051193,-0.02275385,0.5379333,0.009231567,0.842926,0.5379333,0.009231567,0.842926,5.442017,5.442017,True,True,True
1642952,63779589525975,-13.59747,2.598487,-0.05569839,-0.100528,0.8728306,0.1653427,-0.448021,0.002633515,0.00259993,-0.02396015,0.5451355,-0.01025391,0.8382721,0.02810657,0.002051193,-0.02275339,0.02810657,0.002051193,-0.02275339,0.5378113,0.009063721,0.8430023,0.5378113,0.009063721,0.8430023,5.429779,5.429779,True,True,True
1642960,63779589525986,-13.59746,2.598455,-0.05580312,-0.1004162,0.8730232,0.1649327,-0.4478218,0.004570725,0.002558197,-0.02386737,0.5451965,-0.008789063,0.8382568,0.02810758,0.002051193,-0.02275159,0.02810758,0.002051193,-0.02275159,0.5390472,0.009109497,0.8422089,0.5390472,0.009109497,0.8422089,5.428802,5.428802,True,True,True
1642969,63779589525986,-13.59746,2.598455,-0.05580312,-0.1004162,0.8730232,0.1649327,-0.4478218,0.004557373,0.002559464,-0.02386673,0.5470734,-0.01083374,0.8370056,0.02810768,0.002052841,-0.0227486,0.02810768,0.002052841,-0.0227486,0.5405884,0.008728027,0.8412323,0.5405884,0.008728027,0.8412323,5.430161,5.430161,True,True,True
1642977,63779589525997,-13.59733,2.598353,-0.05587763,-0.1002256,0.873174,0.1646202,-0.4476854,0.005237137,0.002581024,-0.02382175,0.5513153,-0.01728821,0.8341064,0.02811904,0.00211261,-0.02272571,0.02811904,0.00211261,-0.02272571,0.5482483,-0.002914429,0.8363037,0.5482483,-0.002914429,0.8363037,5.441757,5.441757,True,True,True
1642985,63779589526009,-13.59731,2.598302,-0.05597472,-0.1000176,0.8732828,0.1642203,-0.4476666,0.004870911,0.002595749,-0.02384128,0.5515289,-0.01576233,0.8339996,0.02811905,0.002124817,-0.02272847,0.02811905,0.002124817,-0.02272847,0.5484924,0.0005645752,0.8361359,0.5484924,0.0005645752,0.8361359,5.413483,5.413483,True,True,True
1642994,63779589526019,-13.59727,2.598202,-0.05592686,-0.09988546,0.8734083,0.1638155,-0.4475995,0.0046978,0.002599671,-0.02385333,0.5542908,-0.01635742,0.8321381,0.02811434,0.002125641,-0.02273444,0.02811434,0.002125641,-0.02273444,0.5531311,0.0003509521,0.8330841,0.5531311,0.0003509521,0.8330841,5.405014,5.405014,True,True,True
1643002,63779589526019,-13.59727,2.598202,-0.05592686,-0.09988546,0.8734083,0.1638155,-0.4475995,0.005978623,0.002557114,-0.02378447,0.5462646,-0.0171051,0.8374176,0.02811344,0.002108047,-0.02272742,0.02811344,0.002108047,-0.02272742,0.5465698,0.005081177,0.8373871,0.5465698,0.005081177,0.8373871,5.39476,5.39476,True,True,True
1643010,63779589526031,-13.59725,2.598148,-0.05598336,-0.09983151,0.873507,0.1634139,-0.4475658,0.006225922,0.002575287,-0.0237803,0.5525665,-0.01306152,0.8333588,0.02813167,0.002129868,-0.02271869,0.02813167,0.002129868,-0.02271869,0.548584,9.155273E-05,0.8360901,0.548584,9.155273E-05,0.8360901,5.386856,5.386856,True,True,True
1643019,63779589526042,-13.59728,2.598025,-0.05603004,-0.09982351,0.8736087,0.16292,-0.447549,0.008668595,0.002521713,-0.02363947,0.5385437,-0.02084351,0.8423309,0.0281245,0.002136154,-0.02273398,0.0281245,0.002136154,-0.02273398,0.5370483,0.009872437,0.8434753,0.5370483,0.009872437,0.8434753,5.358459,5.358459,True,True,True
1643027,63779589526053,-13.59729,2.597964,-0.05604005,-0.09981755,0.8737488,0.162633,-0.4473813,0.01127347,0.002503906,-0.02348685,0.5309448,-0.02694702,0.8469696,0.02815416,0.002168854,-0.0227083,0.02815416,0.002168854,-0.0227083,0.5291901,0.006484985,0.848465,0.5291901,0.006484985,0.848465,5.349411,5.349411,True,True,True
1643035,63779589526053,-13.59729,2.597964,-0.05604005,-0.09981755,0.8737488,0.162633,-0.4473813,0.01454508,0.002523377,-0.02335028,0.5399323,-0.01689148,0.8415222,0.02816284,0.002256165,-0.02272864,0.02816284,0.002256165,-0.02272864,0.539917,0.01792908,0.841507,0.539917,0.01792908,0.841507,5.339264,5.339264,True,True,True
1643044,63779589526064,-13.59731,2.597918,-0.0560419,-0.0997512,0.8738835,0.1624623,-0.447195,-0.02946481,0.003513703,-0.02540988,0.5666351,-0.1208649,0.8150482,0.02821817,0.002343689,-0.02275363,0.02821817,0.002343689,-0.02275363,0,0,0,0,0,0,-1,-1,True,True,True
1643052,63779589526075,-13.59733,2.597879,-0.05598432,-0.09975906,0.8739491,0.162177,-0.4471686,-0.02942522,0.003554916,-0.02537698,0.5712585,-0.1625366,0.8045044,0.02827701,0.00243515,-0.02263262,0.02827701,0.00243515,-0.02263262,0,0,0,0,0,0,-1,-1,True,True,True
1643060,63779589526086,-13.59733,2.597816,-0.05599499,-0.09988304,0.8739737,0.1619523,-0.4471742,-0.001,-0.001,-0.001,1,-1,-1,0.02835794,0.002522934,-0.02250766,0.02835794,0.002522934,-0.02250766,0,0,0,0,0,0,-1,-1,False,True,True
1643068,63779589526086,-13.59733,2.597816,-0.05599499,-0.09988304,0.8739737,0.1619523,-0.4471742,-0.001,-0.001,-0.001,1,-1,-1,0.03164363,0.001016785,-0.02212639,0.03164363,0.001016785,-0.02212639,0,0,0,0,0,0,-1,-1,False,True,True
1643077,63779589526097,-13.59727,2.597737,-0.05594718,-0.1000371,0.8740105,0.1617321,-0.4471476,-0.001,-0.001,-0.001,1,-1,-1,0.03164363,0.001016785,-0.02212639,0.03164363,0.001016785,-0.02212639,0,0,0,0,0,0,-1,-1,False,False,False
1643085,63779589526108,-13.59726,2.59772,-0.05583793,-0.1002359,0.8740259,0.1616552,-0.4471008,-0.001,-0.001,-0.001,1,-1,-1,0.03243852,0.0009263916,-0.02167967,0.03243852,0.0009263916,-0.02167967,0,0,0,0,0,0,-1,-1,False,True,True
1643093,63779589526119,-13.59727,2.59767,-0.05577326,-0.1003909,0.8740746,0.1615173,-0.4470205,-0.001,-0.001,-0.001,1,-1,-1,0.03162706,3.440857E-05,-0.02223731,0.03162706,3.440857E-05,-0.02223731,0,0,0,0,0,0,-1,-1,False,True,True
1643102,63779589526119,-13.59727,2.59767,-0.05577326,-0.1003909,0.8740746,0.1615173,-0.4470205,-0.001,-0.001,-0.001,1,-1,-1,0.03119792,0.0003136139,-0.0222095,0.03119792,0.0003136139,-0.0222095,0,0,0,0,0,0,-1,-1,False,True,True
1643110,63779589526130,-13.59729,2.597577,-0.05577099,-0.100646,0.874091,0.1613403,-0.4469952,-0.001,-0.001,-0.001,1,-1,-1,0.03113239,0.0005708771,-0.02214517,0.03113239,0.0005708771,-0.02214517,0,0,0,0,0,0,-1,-1,False,True,True
1643118,63779589526141,-13.59729,2.597563,-0.05569357,-0.1008534,0.8740768,0.1613347,-0.4469779,-0.001,-0.001,-0.001,1,-1,-1,0.03106224,0.000546402,-0.02214652,0.03106224,0.000546402,-0.02214652,0,0,0,0,0,0,-1,-1,False,True,True
1643127,63779589526141,-13.59729,2.597563,-0.05569357,-0.1008534,0.8740768,0.1613347,-0.4469779,-0.001,-0.001,-0.001,1,-1,-1,0.03126331,0.0004378815,-0.0221841,0.03126331,0.0004378815,-0.0221841,0,0,0,0,0,0,-1,-1,False,True,True
1643135,63779589526153,-13.59721,2.597541,-0.05565983,-0.1010955,0.8740881,0.1613989,-0.4468782,-0.001,-0.001,-0.001,1,-1,-1,0.03327809,0.001101822,-0.02202705,0.03327809,0.001101822,-0.02202705,0,0,0,0,0,0,-1,-1,False,True,True
1643143,63779589526164,-13.59716,2.5976,-0.0555554,-0.1012765,0.8741004,0.1615269,-0.4467669,-0.001,-0.001,-0.001,1,-1,-1,0.03197569,0.0009301301,-0.02225491,0.03197569,0.0009301301,-0.02225491,0,0,0,0,0,0,-1,-1,False,True,True
1643152,63779589526175,-13.59714,2.597593,-0.05547363,-0.1014521,0.8741074,0.1616428,-0.4466714,-0.001,-0.001,-0.001,1,-1,-1,0.03172957,0.001364212,-0.02210844,0.03172957,0.001364212,-0.02210844,0,0,0,0,0,0,-1,-1,False,True,True
1643160,63779589526175,-13.59714,2.597593,-0.05547363,-0.1014521,0.8741074,0.1616428,-0.4466714,-0.001,-0.001,-0.001,1,-1,-1,0.03172957,0.001364212,-0.02210844,0.03172957,0.001364212,-0.02210844,0,0,0,0,0,0,-1,-1,False,False,False
1643168,63779589526186,-13.59715,2.597574,-0.05534005,-0.1016096,0.8740757,0.1618089,-0.4466375,-0.001,-0.001,-0.001,1,-1,-1,0.03314063,0.00249765,-0.02120831,0.03314063,0.00249765,-0.02120831,0,0,0,0,0,0,-1,-1,False,True,True
1643177,63779589526197,-13.59713,2.597584,-0.05524784,-0.1017426,0.8740521,0.161982,-0.4465907,-0.001,-0.001,-0.001,1,-1,-1,0.0332047,0.001788788,-0.0223335,0.0332047,0.001788788,-0.0223335,0,0,0,0,0,0,-1,-1,False,True,True
1643185,63779589526208,-13.59712,2.597624,-0.05517435,-0.1017942,0.8740553,0.1620681,-0.4465416,-0.001,-0.001,-0.001,1,-1,-1,0.02811627,0.00236792,-0.02265058,0.02811627,0.00236792,-0.02265058,0,0,0,0,0,0,-1,-1,False,True,True
1643193,63779589526219,-13.5971,2.597668,-0.05505246,-0.1017966,0.8740342,0.1621878,-0.4465387,-0.001,-0.001,-0.001,1,-1,-1,0.02814833,0.002505493,-0.02261055,0.02814833,0.002505493,-0.02261055,0,0,0,0,0,0,-1,-1,False,True,True
1643202,63779589526219,-13.5971,2.597668,-0.05505246,-0.1017966,0.8740342,0.1621878,-0.4465387,-0.001,-0.001,-0.001,1,-1,-1,0.02819197,0.002346863,-0.0227196,0.02819197,0.002346863,-0.0227196,0,0,0,0,0,0,-1,-1,False,True,True
1643210,63779589526230,-13.59698,2.597642,-0.05491179,-0.1017688,0.8739975,0.1623179,-0.4465696,-0.001,-0.001,-0.001,1,-1,-1,0.0281373,0.002351914,-0.02274408,0.0281373,0.002351914,-0.02274408,0,0,0,0,0,0,-1,-1,False,True,True
1643218,63779589526241,-13.59695,2.59769,-0.05476707,-0.1017136,0.8739774,0.1625308,-0.4465442,-0.001,-0.001,-0.001,1,-1,-1,0.02814646,0.002324188,-0.02272961,0.02814646,0.002324188,-0.02272961,0,0,0,0,0,0,-1,-1,False,True,True
1643227,63779589526253,-13.59691,2.597674,-0.05467939,-0.1018318,0.8739249,0.1626581,-0.4465736,-0.001,-0.001,-0.001,1,-1,-1,0.02817365,0.002300232,-0.02273752,0.02817365,0.002300232,-0.02273752,0,0,0,0,0,0,-1,-1,False,True,True
1643235,63779589526253,-13.59691,2.597674,-0.05467939,-0.1018318,0.8739249,0.1626581,-0.4465736,-0.001,-0.001,-0.001,1,-1,-1,0.02812723,0.002299011,-0.02272537,0.02812723,0.002299011,-0.02272537,0,0,0,0,0,0,-1,-1,False,True,True
1643243,63779589526264,-13.59679,2.597654,-0.05453026,-0.1018235,0.8739169,0.1628664,-0.4465153,-0.02958675,0.003485642,-0.02540424,0.5391083,-0.1421967,0.8301392,0.02815161,0.002241959,-0.02271848,0.02815161,0.002241959,-0.02271848,0.5324097,0.00239563,0.8464661,0.5324097,0.00239563,0.8464661,5.206131,5.206131,True,True,True
1643252,63779589526274,-13.59673,2.597724,-0.05439472,-0.1018928,0.8738669,0.163072,-0.446522,-0.02945581,0.003492844,-0.02544579,0.5511017,-0.09783936,0.8286591,0.02811339,0.002242584,-0.02270204,0.02811339,0.002242584,-0.02270204,0.5224304,-0.004745483,0.8526611,0.5224304,-0.004745483,0.8526611,5.31105,5.31105,True,True,True
1643260,63779589526286,-13.59669,2.597715,-0.05432028,-0.1018343,0.8738292,0.1633134,-0.4465211,0.00429953,0.002736847,-0.02382121,0.5258636,-0.04386902,0.8494263,0.02811391,0.002221008,-0.02270264,0.02811391,0.002221008,-0.02270264,0.5161133,0.008071899,0.8564758,0.5161133,0.008071899,0.8564758,5.377914,5.377914,True,True,True
1643268,63779589526286,-13.59669,2.597715,-0.05432028,-0.1018343,0.8738292,0.1633134,-0.4465211,0.006064591,0.002699738,-0.02377667,0.5328674,-0.01118469,0.8461151,0.0281059,0.002214615,-0.02272064,0.0281059,0.002214615,-0.02272064,0.51474,0.02459717,0.8569794,0.51474,0.02459717,0.8569794,5.157166,5.157166,True,True,True
1643277,63779589526297,-13.59673,2.597787,-0.05427361,-0.1018541,0.8737952,0.1634373,-0.4465378,0.00861197,0.002650025,-0.02363988,0.5406952,-0.01754761,0.8410187,0.02813095,0.002239945,-0.02270001,0.02813095,0.002239945,-0.02270001,0.5337524,0.01052856,0.8455658,0.5337524,0.01052856,0.8455658,5.445511,5.445511,True,True,True
1643285,63779589526308,-13.5967,2.597726,-0.05418748,-0.1017936,0.8737615,0.163679,-0.4465288,0.00991272,0.002632172,-0.02357481,0.5371094,-0.00982666,0.8434448,0.02812969,0.002244644,-0.02270183,0.02812969,0.002244644,-0.02270183,0.5308533,0.01908875,0.8472443,0.5308533,0.01908875,0.8472443,5.324753,5.324753,True,True,True
1643293,63779589526319,-13.59669,2.597757,-0.05407375,-0.1018687,0.8737357,0.1636198,-0.446584,0.008805649,0.002641968,-0.02363908,0.5374298,-0.0001373291,0.8432922,0.02812839,0.002243027,-0.02270996,0.02812839,0.002243027,-0.02270996,0.5305634,0.0294342,0.8471222,0.5305634,0.0294342,0.8471222,5.343964,5.343964,True,True,True
1643302,63779589526319,-13.59669,2.597757,-0.05407375,-0.1018687,0.8737357,0.1636198,-0.446584,0.008187776,0.002656708,-0.02366854,0.5400848,-0.004470825,0.8415833,0.02812697,0.002240692,-0.02270906,0.02812697,0.002240692,-0.02270906,0.531601,0.02822876,0.8465118,0.531601,0.02822876,0.8465118,5.419312,5.419312,True,True,True
1643310,63779589526330,-13.59666,2.59774,-0.05394644,-0.1017933,0.8737462,0.1637344,-0.4465386,0.007022461,0.002673828,-0.02371027,0.5356445,-0.01121521,0.8443604,0.02812631,0.002238342,-0.02270816,0.02812631,0.002238342,-0.02270816,0.5327301,0.02688599,0.8458405,0.5327301,0.02688599,0.8458405,5.485199,5.485199,True,True,True
1643318,63779589526342,-13.59662,2.597723,-0.05387986,-0.1018868,0.8737556,0.163806,-0.4464727,0.007264817,0.002674912,-0.02371597,0.5502014,-0.01249695,0.8349304,0.02812154,0.002246323,-0.02272095,0.02812154,0.002246323,-0.02272095,0.5494995,0.01786804,0.8352966,0.5494995,0.01786804,0.8352966,5.553391,5.553391,True,True,True
1643327,63779589526342,-13.59653,2.597722,-0.05377066,-0.1020008,0.873758,0.1638358,-0.4464311,0.00727121,0.00264827,-0.02371889,0.5440521,-0.02009583,0.8388062,0.02810054,0.002205536,-0.02272775,0.02810054,0.002205536,-0.02272775,0.5377502,0.007751465,0.8430634,0.5377502,0.007751465,0.8430634,5.387634,5.387634,True,True,True
1643335,63779589526353,-13.59653,2.597722,-0.05377066,-0.1020008,0.873758,0.1638358,-0.4464311,0.008269821,0.002646286,-0.02365083,0.540329,-0.03105164,0.8408661,0.02810339,0.002237289,-0.02273154,0.02810339,0.002237289,-0.02273154,0.5404358,0.008468628,0.8413239,0.5404358,0.008468628,0.8413239,5.359772,5.359772,True,True,True
1643343,63779589526364,-13.59649,2.597751,-0.0536502,-0.1020949,0.8737949,0.1638695,-0.4463249,-0.02951184,0.003526428,-0.02542769,0.5633392,-0.1224823,0.8170776,0.02809886,0.002280121,-0.02273373,0.02809886,0.002280121,-0.02273373,0,0,0,0,0,0,-1,-1,True,True,True
1643352,63779589526375,-13.5964,2.597747,-0.05357039,-0.1021804,0.8738059,0.1638749,-0.4462819,-0.001,-0.001,-0.001,1,-1,-1,0.02776416,0.00246759,-0.02277286,0.02776416,0.00246759,-0.02277286,0,0,0,0,0,0,-1,-1,False,True,True
1643360,63779589526386,-13.59634,2.597728,-0.05347234,-0.1022781,0.873848,0.163969,-0.4461425,-0.001,-0.001,-0.001,1,-1,-1,0.02817893,0.002486679,-0.02279704,0.02817893,0.002486679,-0.02279704,0,0,0,0,0,0,-1,-1,False,True,True
1643368,63779589526386,-13.59634,2.597728,-0.05347234,-0.1022781,0.873848,0.163969,-0.4461425,-0.001,-0.001,-0.001,1,-1,-1,0.03114868,0.001274689,-0.02204581,0.03114868,0.001274689,-0.02204581,0,0,0,0,0,0,-1,-1,False,True,True
1643377,63779589526397,-13.59628,2.597732,-0.05333841,-0.1023036,0.8738837,0.1641773,-0.44599,-0.001,-0.001,-0.001,1,-1,-1,0.03159776,0.001206894,-0.02188559,0.03159776,0.001206894,-0.02188559,0,0,0,0,0,0,-1,-1,False,True,True
1643385,63779589526408,-13.59622,2.59775,-0.05322635,-0.1024328,0.8738976,0.1643456,-0.4458711,-0.001,-0.001,-0.001,1,-1,-1,0.03368245,-0.0002614594,-0.02382903,0.03368245,-0.0002614594,-0.02382903,0,0,0,0,0,0,-1,-1,False,True,True
1643393,63779589526419,-13.59617,2.59775,-0.05314565,-0.1023811,0.873936,0.1646128,-0.4457093,-0.001,-0.001,-0.001,1,-1,-1,0.03407318,0.0009367676,-0.0235011,0.03407318,0.0009367676,-0.0235011,0,0,0,0,0,0,-1,-1,False,True,True
1643402,63779589526419,-13.59617,2.59775,-0.05314565,-0.1023811,0.873936,0.1646128,-0.4457093,-0.001,-0.001,-0.001,1,-1,-1,0.03193401,0.001139374,-0.02186035,0.03193401,0.001139374,-0.02186035,0,0,0,0,0,0,-1,-1,False,True,True
1643410,63779589526430,-13.5961,2.59777,-0.05304992,-0.1024438,0.8739666,0.1647429,-0.4455867,-0.001,-0.001,-0.001,1,-1,-1,0.03136231,0.0005106201,-0.02218208,0.03136231,0.0005106201,-0.02218208,0,0,0,0,0,0,-1,-1,False,True,True
1643418,63779589526441,-13.59604,2.597778,-0.05296701,-0.1024993,0.8740029,0.1648429,-0.4454656,-0.001,-0.001,-0.001,1,-1,-1,0.03224385,0.001565186,-0.02172038,0.03224385,0.001565186,-0.02172038,0,0,0,0,0,0,-1,-1,False,True,True
1643427,63779589526452,-13.59605,2.597781,-0.05288929,-0.1025449,0.8740236,0.1649498,-0.4453751,-0.001,-0.001,-0.001,1,-1,-1,0.0316203,0.001112854,-0.02211313,0.0316203,0.001112854,-0.02211313,0,0,0,0,0,0,-1,-1,False,True,True
1643435,63779589526452,-13.59605,2.597781,-0.05288929,-0.1025449,0.8740236,0.1649498,-0.4453751,-0.001,-0.001,-0.001,1,-1,-1,0.03179807,0.001534531,-0.02211191,0.03179807,0.001534531,-0.02211191,0,0,0,0,0,0,-1,-1,False,True,True
1643443,63779589526463,-13.59607,2.597766,-0.05283469,-0.1027318,0.8740659,0.1650325,-0.4452182,-0.001,-0.001,-0.001,1,-1,-1,0.0319011,-0.001116745,-0.0126182,0.0319011,-0.001116745,-0.0126182,0,0,0,0,0,0,-1,-1,False,True,True
1643452,63779589526474,-13.59601,2.597803,-0.05286479,-0.1027932,0.8741596,0.1650697,-0.4450061,-0.001,-0.001,-0.001,1,-1,-1,0.02813304,0.002437485,-0.02271143,0.02813304,0.002437485,-0.02271143,0,0,0,0,0,0,-1,-1,False,True,True
1643460,63779589526485,-13.59594,2.597762,-0.05286711,-0.1027826,0.8742391,0.165144,-0.4448248,-0.001,-0.001,-0.001,1,-1,-1,0.02808931,0.002471603,-0.0226656,0.02808931,0.002471603,-0.0226656,0,0,0,0,0,0,-1,-1,False,True,True
1643468,63779589526485,-13.59594,2.597762,-0.05286711,-0.1027826,0.8742391,0.165144,-0.4448248,-0.001,-0.001,-0.001,1,-1,-1,0.02828574,0.002525467,-0.02262605,0.02828574,0.002525467,-0.02262605,0,0,0,0,0,0,-1,-1,False,True,True
1643477,63779589526497,-13.59594,2.597838,-0.05280507,-0.1027578,0.8743079,0.1652299,-0.4446635,-0.001,-0.001,-0.001,1,-1,-1,0.02818263,0.002309036,-0.02274732,0.02818263,0.002309036,-0.02274732,0,0,0,0,0,0,-1,-1,False,True,True
1643485,63779589526508,-13.59592,2.597892,-0.05276674,-0.1026637,0.8743898,0.1653439,-0.4444819,-0.001,-0.001,-0.001,1,-1,-1,0.02812526,0.002286408,-0.02274434,0.02812526,0.002286408,-0.02274434,0,0,0,0,0,0,-1,-1,False,True,True
1643493,63779589526519,-13.59591,2.597932,-0.05270982,-0.1024406,0.874455,0.1653441,-0.4444048,-0.001,-0.001,-0.001,1,-1,-1,0.02816243,0.002235993,-0.02274512,0.02816243,0.002235993,-0.02274512,0,0,0,0,0,0,-1,-1,False,True,True
1643502,63779589526519,-13.59591,2.597932,-0.05270982,-0.1024406,0.874455,0.1653441,-0.4444048,-0.02956114,0.003499832,-0.02545671,0.5604248,-0.1069031,0.8212585,0.02812167,0.002242889,-0.02272688,0.02812167,0.002242889,-0.02272688,0.5381165,0.01564026,0.8427124,0.5381165,0.01564026,0.8427124,5.377106,5.377106,True,True,True
1643510,63779589526530,-13.59589,2.597931,-0.05263472,-0.1023874,0.8745532,0.1652621,-0.4442544,-0.02956682,0.003451553,-0.02546022,0.5554962,-0.09832764,0.8256683,0.02810829,0.002229111,-0.02274538,0.02810829,0.002229111,-0.02274538,0.5300293,0.04414368,0.846817,0.5300293,0.04414368,0.846817,5.338104,5.338104,True,True,True
1643518,63779589526541,-13.59587,2.597927,-0.05263186,-0.1023079,0.8746427,0.1651233,-0.4441483,-0.02955628,0.003438462,-0.02541521,0.5387421,-0.112793,0.8348694,0.02813539,0.00217128,-0.02273009,0.02813539,0.00217128,-0.02273009,0.5343323,0.02323914,0.8449402,0.5343323,0.02323914,0.8449402,5.436295,5.436295,True,True,True
1643527,63779589526552,-13.59588,2.597892,-0.05260611,-0.1022855,0.8747787,0.1649847,-0.4439369,0.01125267,0.002559219,-0.02351348,0.5287781,-0.008499146,0.8487091,0.02810761,0.002186905,-0.02270728,0.02810761,0.002186905,-0.02270728,0.5190125,0.01856995,0.8545532,0.5190125,0.01856995,0.8545532,5.377716,5.377716,True,True,True
1643535,63779589526552,-13.59588,2.597892,-0.05260611,-0.1022855,0.8747787,0.1649847,-0.4439369,0.005739472,0.002692688,-0.02375244,0.533493,-0.02748108,0.8453522,0.02812883,0.002226486,-0.02269376,0.02812883,0.002226486,-0.02269376,0.5308838,0.01947021,0.8472137,0.5308838,0.01947021,0.8472137,5.447189,5.447189,True,True,True
1643543,63779589526564,-13.59589,2.597892,-0.05250967,-0.1024623,0.8747472,0.1650307,-0.4439412,0.007752228,0.002650177,-0.02368404,0.5452271,-0.01167297,0.8381958,0.02813234,0.002222626,-0.02269206,0.02813234,0.002222626,-0.02269206,0.5384064,0.009765625,0.8426208,0.5384064,0.009765625,0.8426208,5.529739,5.529739,True,True,True
1643552,63779589526575,-13.59593,2.597921,-0.05245537,-0.1026279,0.8746992,0.1651434,-0.4439555,0.008669266,0.00262323,-0.02364266,0.5415497,-0.002487183,0.8406525,0.02813178,0.002218216,-0.02269798,0.02813178,0.002218216,-0.02269798,0.5344696,0.02020264,0.8449402,0.5344696,0.02020264,0.8449402,5.434845,5.434845,True,True,True
1643560,63779589526586,-13.59599,2.59788,-0.05237216,-0.1027338,0.8746432,0.1652023,-0.4440194,0.00709758,0.002652435,-0.02371103,0.5418396,-0.01728821,0.8402863,0.02812047,0.002213471,-0.02268929,0.02812047,0.002213471,-0.02268929,0.5319672,0.01115417,0.8466797,0.5319672,0.01115417,0.8466797,5.493515,5.493515,True,True,True
1643568,63779589526586,-13.59599,2.59788,-0.05237216,-0.1027338,0.8746432,0.1652023,-0.4440194,0.007464356,0.002635681,-0.02369463,0.5386353,-0.01135254,0.842453,0.02811415,0.002197525,-0.02269028,0.02811415,0.002197525,-0.02269028,0.5278015,0.0136261,0.8492432,0.5278015,0.0136261,0.8492432,5.522324,5.522324,True,True,True
1643577,63779589526597,-13.59606,2.597837,-0.05232155,-0.1030133,0.8745684,0.1652029,-0.4441018,0.009614975,0.002588959,-0.02359847,0.5442352,-0.003997803,0.838913,0.02812863,0.002195801,-0.02268681,0.02812863,0.002195801,-0.02268681,0.5352325,0.007644653,0.8446655,0.5352325,0.007644653,0.8446655,5.569199,5.569199,True,True,True
1643585,63779589526607,-13.59607,2.597793,-0.05225867,-0.1031671,0.8745458,0.1650992,-0.4441493,0.009054902,0.002592865,-0.02362526,0.5485687,-0.01545715,0.8359528,0.02812891,0.002191986,-0.02268276,0.02812891,0.002191986,-0.02268276,0.5386658,-0.00112915,0.8424988,0.5386658,-0.00112915,0.8424988,5.547913,5.547913,True,True,True
1643593,63779589526619,-13.59612,2.597793,-0.05224806,-0.1033776,0.8744608,0.1650983,-0.444268,0.00868155,0.002589569,-0.02361995,0.5400848,-0.02003479,0.8413544,0.02812889,0.002189926,-0.02268689,0.02812889,0.002189926,-0.02268689,0.5399475,0.006378174,0.8416595,0.5399475,0.006378174,0.8416595,5.517593,5.517593,True,True,True
1643602,63779589526619,-13.59612,2.597793,-0.05224806,-0.1033776,0.8744608,0.1650983,-0.444268,0.00771016,0.00261496,-0.02368485,0.5441284,-0.003555298,0.838974,0.02812891,0.002187882,-0.02268761,0.02812891,0.002187882,-0.02268761,0.5395813,0.008026123,0.8418884,0.5395813,0.008026123,0.8418884,5.554855,5.554855,True,True,True
1643610,63779589526630,-13.59604,2.597799,-0.05218279,-0.1035883,0.8743761,0.1650973,-0.4443858,0.008211182,0.00258606,-0.02364639,0.5408325,-0.01776123,0.8409271,0.02812999,0.002172211,-0.02269231,0.02812999,0.002172211,-0.02269231,0.5422058,0.008270264,0.8401947,0.5422058,0.008270264,0.8401947,5.511688,5.511688,True,True,True
1643618,63779589526641,-13.59607,2.597801,-0.05213374,-0.1038775,0.8743124,0.1651039,-0.4444412,0.0067724,0.002615952,-0.02372115,0.5410614,-0.01419067,0.8408508,0.02812708,0.002166931,-0.02268794,0.02812708,0.002166931,-0.02268794,0.53685,0.01283264,0.8435669,0.53685,0.01283264,0.8435669,5.526367,5.526367,True,True,True
1643627,63779589526653,-13.59604,2.597805,-0.0520795,-0.1040131,0.8743154,0.1650868,-0.4444099,0.006760025,0.002618912,-0.02372731,0.5457916,-0.01268005,0.8378143,0.02812848,0.00216658,-0.02268416,0.02812848,0.00216658,-0.02268416,0.5422516,0.00302124,0.8401947,0.5422516,0.00302124,0.8401947,5.53093,5.53093,True,True,True
1643635,63779589526653,-13.59604,2.597805,-0.0520795,-0.1040131,0.8743154,0.1650868,-0.4444099,0.006967301,0.002614883,-0.02372179,0.5462799,-0.01112366,0.8375244,0.0281301,0.002166428,-0.02268916,0.0281301,0.002166428,-0.02268916,0.54039,0.01199341,0.8413239,0.54039,0.01199341,0.8413239,5.397644,5.397644,True,True,True
1643643,63779589526663,-13.59613,2.597796,-0.05201697,-0.1042351,0.8742887,0.1650361,-0.4444292,0.007123871,0.002605789,-0.02370686,0.5414429,-0.008926392,0.840683,0.02812972,0.002163956,-0.02268801,0.02812972,0.002163956,-0.02268801,0.54039,0.01095581,0.8413239,0.54039,0.01095581,0.8413239,5.446732,5.446732,True,True,True
1643652,63779589526674,-13.59616,2.597776,-0.05196869,-0.1044756,0.8742989,0.1650554,-0.4443456,0.007398163,0.002601593,-0.02370213,0.5464172,-0.008956909,0.8374481,0.02812944,0.002161469,-0.02268684,0.02812944,0.002161469,-0.02268684,0.5411224,0.00982666,0.8408661,0.5411224,0.00982666,0.8408661,5.478699,5.478699,True,True,True
1643660,63779589526686,-13.59626,2.597677,-0.05199867,-0.1046313,0.8742994,0.1650428,-0.4443126,0.006929779,0.002608337,-0.02371599,0.5429382,-0.01057434,0.8396912,0.0281294,0.002161133,-0.02268567,0.0281294,0.002161133,-0.02268567,0.5407715,0.01167297,0.8410797,0.5407715,0.01167297,0.8410797,5.488403,5.488403,True,True,True
1643668,63779589526686,-13.59626,2.597677,-0.05199867,-0.1046313,0.8742994,0.1650428,-0.4443126,0.00625325,0.002622696,-0.0237482,0.5429993,-0.01153564,0.8396301,0.02812941,0.002160797,-0.0226845,0.02812941,0.002160797,-0.0226845,0.5413361,0.01000977,0.840744,0.5413361,0.01000977,0.840744,5.496796,5.496796,True,True,True
1643677,63779589526697,-13.59631,2.597636,-0.05203468,-0.1046968,0.8743368,0.1650945,-0.4442044,0.005646149,0.002635315,-0.02377774,0.5438995,-0.01119995,0.8390656,0.02812938,0.002159989,-0.02268442,0.02812938,0.002159989,-0.02268442,0.5417633,0.01020813,0.8404541,0.5417633,0.01020813,0.8404541,5.504471,5.504471,True,True,True
1643685,63779589526708,-13.59637,2.5976,-0.0520317,-0.1047909,0.874377,0.165141,-0.4440858,0.00537999,0.002640579,-0.02379141,0.5454559,-0.01127625,0.8380432,0.02812935,0.002159195,-0.02268436,0.02812935,0.002159195,-0.02268436,0.542038,0.01048279,0.840271,0.542038,0.01048279,0.840271,5.497757,5.497757,True,True,True
1643693,63779589526719,-13.5964,2.597647,-0.05211788,-0.1047437,0.8744102,0.1652555,-0.4439888,0.005039704,0.002646927,-0.02380823,0.5461273,-0.01034546,0.8376312,0.02812932,0.00215799,-0.02268347,0.02812932,0.00215799,-0.02268347,0.5416107,0.01252747,0.8405304,0.5416107,0.01252747,0.8405304,5.490204,5.490204,True,True,True
1643702,63779589526719,-13.5964,2.597647,-0.05211788,-0.1047437,0.8744102,0.1652555,-0.4439888,0.006769287,0.002609085,-0.02373201,0.5450897,-0.001953125,0.8383636,0.02812929,0.002156784,-0.0226826,0.02812929,0.002156784,-0.0226826,0.541153,0.01454163,0.8407745,0.541153,0.01454163,0.8407745,5.482422,5.482422,True,True,True
1643710,63779589526730,-13.59641,2.597619,-0.05212432,-0.1047409,0.8744244,0.1652208,-0.4439746,0.005726761,0.002634186,-0.02378621,0.5477142,-0.003845215,0.8366394,0.028129,0.002156479,-0.02268208,0.028129,0.002156479,-0.02268208,0.5414429,0.0151825,0.8405914,0.5414429,0.0151825,0.8405914,5.481766,5.481766,True,True,True
1643718,63779589526741,-13.59646,2.597638,-0.05209208,-0.1046911,0.8744644,0.1652012,-0.4439147,0.007326005,0.002597443,-0.02369112,0.5434875,-0.01383972,0.8392944,0.02812871,0.002156158,-0.02268158,0.02812871,0.002156158,-0.02268158,0.5417328,0.01586914,0.8403931,0.5417328,0.01586914,0.8403931,5.481598,5.481598,True,True,True
1643727,63779589526753,-13.59651,2.59763,-0.05210942,-0.104696,0.874469,0.1651275,-0.443932,0.00744368,0.002596344,-0.02368298,0.5410767,-0.01054382,0.8408966,0.02812871,0.002155823,-0.02268155,0.02812871,0.002155823,-0.02268155,0.5418396,0.01535034,0.840332,0.5418396,0.01535034,0.840332,5.453705,5.453705,True,True,True
1643735,63779589526753,-13.59651,2.59763,-0.05210942,-0.104696,0.874469,0.1651275,-0.443932,0.007580414,0.002599518,-0.02369168,0.5467072,-0.003753662,0.8372955,0.02812871,0.002155472,-0.0226815,0.02812871,0.002155472,-0.0226815,0.5419617,0.01493835,0.8402557,0.5419617,0.01493835,0.8402557,5.481232,5.481232,True,True,True
1643743,63779589526763,-13.59653,2.597548,-0.05213779,-0.1045961,0.8744312,0.1651097,-0.4440367,0.007552277,0.002592911,-0.02368478,0.5432739,-0.008972168,0.8394928,0.02812857,0.002154862,-0.02268146,0.02812857,0.002154862,-0.02268146,0.5419922,0.01322937,0.840271,0.5419922,0.01322937,0.840271,5.467514,5.467514,True,True,True
1643752,63779589526774,-13.59662,2.597545,-0.05209708,-0.1045271,0.8744529,0.164935,-0.444075,0.007737229,0.002587692,-0.02368169,0.5446014,-0.007385254,0.8386536,0.02812845,0.002154251,-0.0226814,0.02812845,0.002154251,-0.0226814,0.542038,0.01142883,0.840271,0.542038,0.01142883,0.840271,5.4543,5.4543,True,True,True
1643760,63779589526786,-13.59665,2.597538,-0.05210787,-0.1045559,0.8744311,0.1646697,-0.4442095,0.007914368,0.002580322,-0.02367552,0.5460968,-0.005599976,0.8376923,0.02812785,0.002151215,-0.02268129,0.02812785,0.002151215,-0.02268129,0.5420685,0.01223755,0.8402252,0.5420685,0.01223755,0.8402252,5.454834,5.454834,True,True,True
1643768,63779589526786,-13.59665,2.597538,-0.05210787,-0.1045559,0.8744311,0.1646697,-0.4442095,0.007935715,0.002576798,-0.02367413,0.544632,-0.002044678,0.8386536,0.02812746,0.002148483,-0.02268114,0.02812746,0.002148483,-0.02268114,0.542099,0.01702881,0.8401337,0.542099,0.01702881,0.8401337,5.433167,5.433167,True,True,True
1643777,63779589526786,-13.59665,2.597538,-0.05210787,-0.1045559,0.8744311,0.1646697,-0.4442095,0.007850434,0.002584183,-0.02367925,0.5467682,-0.003738403,0.837265,0.02812686,0.002147812,-0.02268091,0.02812686,0.002147812,-0.02268091,0.5415955,0.01713562,0.8404541,0.5415955,0.01713562,0.8404541,5.432571,5.432571,True,True,True
1643785,63779589526810,-13.59676,2.597462,-0.05199033,-0.1043707,0.874498,0.164378,-0.4442296,0.00777533,0.002583679,-0.02367778,0.5436707,-0.002548218,0.8392792,0.0281266,0.002147629,-0.02268089,0.0281266,0.002147629,-0.02268089,0.5415192,0.01707458,0.8404999,0.5415192,0.01707458,0.8404999,5.432266,5.432266,True,True,True
1643793,63779589526816,-13.5968,2.597383,-0.05198997,-0.1043612,0.8745081,0.1643825,-0.4442103,0.00758255,0.002586472,-0.0236857,0.542511,-0.00340271,0.8400269,0.02812656,0.002146225,-0.02268013,0.02812656,0.002146225,-0.02268013,0.5413361,0.01737976,0.8406067,0.5413361,0.01737976,0.8406067,5.432541,5.432541,True,True,True
1643802,63779589526825,-13.59684,2.597368,-0.052028,-0.1044404,0.8745117,0.1642143,-0.4442466,0.007189728,0.002594162,-0.02370267,0.5414886,-0.004302979,0.840683,0.02812633,0.002145752,-0.02267821,0.02812633,0.002145752,-0.02267821,0.5412445,0.01741028,0.8406677,0.5412445,0.01741028,0.8406677,5.427338,5.427338,True,True,True
1643810,63779589526836,-13.5969,2.597373,-0.05198884,-0.1043737,0.8745483,0.1640875,-0.444237,0.006779175,0.002601563,-0.02372185,0.5415344,-0.003845215,0.8406525,0.02812589,0.002144089,-0.02267772,0.02812589,0.002144089,-0.02267772,0.541153,0.01777649,0.8407288,0.541153,0.01777649,0.8407288,5.427673,5.427673,True,True,True
1643818,63779589526836,-13.5969,2.597373,-0.05198884,-0.1043737,0.8745483,0.1640875,-0.444237,0.006715332,0.0026026,-0.02372363,0.541626,-0.004470825,0.8405914,0.02812567,0.002144089,-0.02267655,0.02812567,0.002144089,-0.02267655,0.5411377,0.0177002,0.840744,0.5411377,0.0177002,0.840744,5.429535,5.429535,True,True,True
1643827,63779589526847,-13.59694,2.597342,-0.05196369,-0.1043728,0.8745421,0.1640834,-0.444251,0.00663562,0.002604416,-0.0237272,0.5413971,-0.004638672,0.840744,0.02812398,0.002144089,-0.02267609,0.02812398,0.002144089,-0.02267609,0.5409393,0.01765442,0.8408661,0.5409393,0.01765442,0.8408661,5.432419,5.432419,True,True,True
1643835,63779589526858,-13.59691,2.597303,-0.05197334,-0.1045344,0.8745131,0.1640096,-0.4442974,0.006623566,0.002604828,-0.02372746,0.5413513,-0.005935669,0.8407593,0.02812398,0.002144089,-0.02267554,0.02812398,0.002144089,-0.02267554,0.5407715,0.01570129,0.8410187,0.5407715,0.01570129,0.8410187,5.43103,5.43103,True,True,True
1643843,63779589526869,-13.59696,2.597293,-0.05193192,-0.104561,0.8745487,0.1638584,-0.4442769,0.00643895,0.002608978,-0.02373659,0.5419159,-0.005462646,0.8404083,0.02812398,0.002144089,-0.02267549,0.02812398,0.002144089,-0.02267549,0.5407715,0.01568604,0.8410187,0.5407715,0.01568604,0.8410187,5.43103,5.43103,True,True,True
1643852,63779589526869,-13.59696,2.597293,-0.05193192,-0.104561,0.8745487,0.1638584,-0.4442769,0.00640239,0.002609955,-0.02373715,0.5413818,-0.006225586,0.840744,0.02812398,0.002144089,-0.02267333,0.02812398,0.002144089,-0.02267333,0.540802,0.01570129,0.8409882,0.540802,0.01570129,0.8409882,5.456146,5.456146,True,True,True
1643860,63779589526880,-13.59698,2.597274,-0.05193257,-0.1045856,0.8745996,0.1639143,-0.4441504,0.006374497,0.00261087,-0.0237384,0.5419006,-0.004547119,0.8404236,0.02812398,0.002144089,-0.02267299,0.02812398,0.002144089,-0.02267299,0.5407562,0.01742554,0.8409882,0.5407562,0.01742554,0.8409882,5.432281,5.432281,True,True,True
1643868,63779589526891,-13.59694,2.597259,-0.05195117,-0.1045069,0.8746807,0.1637454,-0.4440715,0.006374222,0.002612229,-0.02373763,0.5421906,-0.004302979,0.8402405,0.02812355,0.002145752,-0.02267159,0.02812355,0.002145752,-0.02267159,0.5404053,0.01687622,0.841217,0.5404053,0.01687622,0.841217,5.428085,5.428085,True,True,True
1643877,63779589526903,-13.59696,2.597266,-0.05201644,-0.1045,0.8747528,0.1638144,-0.4439055,0.006490494,0.002609879,-0.02373119,0.5425415,-0.003158569,0.8400116,0.0281227,0.002145798,-0.02266986,0.0281227,0.002145798,-0.02266986,0.5402527,0.01777649,0.8413086,0.5402527,0.01777649,0.8413086,5.432098,5.432098,True,True,True
1643885,63779589526903,-13.59696,2.597266,-0.05201644,-0.1045,0.8747528,0.1638144,-0.4439055,0.006333374,0.002615036,-0.02373898,0.5425568,-0.003234863,0.8399963,0.02812232,0.002148483,-0.02266945,0.02812232,0.002148483,-0.02266945,0.5395355,0.01715088,0.8417816,0.5395355,0.01715088,0.8417816,5.478897,5.478897,True,True,True
1643893,63779589526914,-13.597,2.597291,-0.05197912,-0.1044953,0.8747708,0.163707,-0.4439107,0.006423661,0.002613754,-0.0237339,0.5420227,-0.003845215,0.840332,0.02812181,0.002148621,-0.02266803,0.02812181,0.002148621,-0.02266803,0.5385895,0.01687622,0.842392,0.5385895,0.01687622,0.842392,5.479614,5.479614,True,True,True
1643902,63779589526925,-13.59699,2.597236,-0.05192035,-0.1044484,0.8747995,0.1636513,-0.4438857,0.006425904,0.002614334,-0.02373267,0.542099,-0.003646851,0.8402863,0.02812181,0.002148697,-0.02266582,0.02812181,0.002148697,-0.02266582,0.53862,0.01670837,0.8423767,0.53862,0.01670837,0.8423767,5.479523,5.479523,True,True,True
1643910,63779589526936,-13.597,2.597217,-0.05191618,-0.1043817,0.8747886,0.1635866,-0.4439466,0.006237381,0.002618942,-0.02374034,0.5424805,-0.004043579,0.8400421,0.02812181,0.002149399,-0.02266325,0.02812181,0.002149399,-0.02266325,0.5386353,0.01635742,0.8423615,0.5386353,0.01635742,0.8423615,5.479416,5.479416,True,True,True
1643918,63779589526936,-13.597,2.597217,-0.05191618,-0.1043817,0.8747886,0.1635866,-0.4439466,0.006131638,0.002622528,-0.02374542,0.5426941,-0.003051758,0.83992,0.02812154,0.002149429,-0.0226627,0.02812154,0.002149429,-0.0226627,0.5385742,0.01763916,0.8423767,0.5385742,0.01763916,0.8423767,5.480408,5.480408,True,True,True
1643927,63779589526947,-13.59709,2.597237,-0.05187839,-0.1044012,0.8747861,0.1635174,-0.4439727,0.006626831,0.002612732,-0.02372145,0.5436707,-0.002609253,0.8392792,0.02812154,0.002149796,-0.02266092,0.02812154,0.002149796,-0.02266092,0.5403748,0.01768494,0.841217,0.5403748,0.01768494,0.841217,5.487411,5.487411,True,True,True
1643935,63779589526958,-13.5971,2.597221,-0.05185068,-0.1045202,0.8747739,0.1635425,-0.4439596,0.006698593,0.002611832,-0.02371875,0.5436401,-0.002670288,0.8392944,0.02812154,0.002149948,-0.02266019,0.02812154,0.002149948,-0.02266019,0.5405426,0.0176239,0.8411102,0.5405426,0.0176239,0.8411102,5.502441,5.502441,True,True,True
1643943,63779589526969,-13.59715,2.597189,-0.05181479,-0.1044922,0.87475,0.1634901,-0.4440325,0.007018021,0.002605286,-0.02370223,0.5431366,-0.002593994,0.8396301,0.02812154,0.002149948,-0.0226568,0.02812154,0.002149948,-0.0226568,0.5406342,0.01742554,0.8410645,0.5406342,0.01742554,0.8410645,5.508728,5.508728,True,True,True
1643952,63779589526969,-13.59715,2.597189,-0.05181479,-0.1044922,0.87475,0.1634901,-0.4440325,0.006953171,0.002606934,-0.02370387,0.5420532,-0.002960205,0.840332,0.02812126,0.002149948,-0.0226543,0.02812126,0.002149948,-0.0226543,0.5388794,0.01702881,0.8421936,0.5388794,0.01702881,0.8421936,5.506714,5.506714,True,True,True
1643960,63779589526980,-13.59714,2.597209,-0.05173367,-0.1044901,0.8747857,0.1634424,-0.4439803,0.006947678,0.002607117,-0.02370363,0.5420074,-0.004135132,0.8403473,0.02812102,0.002149948,-0.02265254,0.02812102,0.002149948,-0.02265254,0.5388641,0.01690674,0.8422089,0.5388641,0.01690674,0.8422089,5.508728,5.508728,True,True,True
1643968,63779589526991,-13.59714,2.597205,-0.05171424,-0.1045133,0.8747205,0.1635314,-0.4440705,0.006787552,0.002610657,-0.02371205,0.5419464,-0.004348755,0.8403931,0.0281209,0.002150086,-0.02265216,0.0281209,0.002150086,-0.02265216,0.5388489,0.01756287,0.8422089,0.5388489,0.01756287,0.8422089,5.509598,5.509598,True,True,True
1643977,63779589527002,-13.5972,2.597204,-0.05165792,-0.1044823,0.8747004,0.1637478,-0.4440376,0.005520966,0.002638001,-0.02377554,0.5422821,-0.004577637,0.8401794,0.0281209,0.002150086,-0.02265118,0.0281209,0.002150086,-0.02265118,0.5388489,0.01832581,0.8421936,0.5388489,0.01832581,0.8421936,5.51004,5.51004,True,True,True
1643985,63779589527002,-13.5972,2.597204,-0.05165792,-0.1044823,0.8747004,0.1637478,-0.4440376,0.005570176,0.002636948,-0.02377318,0.5422211,-0.004516602,0.84021,0.0281209,0.002150086,-0.02265109,0.0281209,0.002150086,-0.02265109,0.5388489,0.01832581,0.8421936,0.5388489,0.01832581,0.8421936,5.510071,5.510071,True,True,True
1643993,63779589527013,-13.5972,2.597219,-0.05161858,-0.1045463,0.8746665,0.1638024,-0.4440691,0.005595932,0.002636933,-0.02377149,0.5421753,-0.004653931,0.8402405,0.02812061,0.002149948,-0.02265019,0.02812061,0.002149948,-0.02265019,0.5387878,0.01829529,0.8422394,0.5387878,0.01829529,0.8422394,5.509995,5.509995,True,True,True
1644002,63779589527024,-13.59717,2.597178,-0.05156457,-0.1045727,0.8746301,0.1639573,-0.4440774,0.005493027,0.00263913,-0.02377622,0.5420227,-0.005844116,0.840332,0.02812067,0.002149842,-0.02264917,0.02812067,0.002149842,-0.02264917,0.5388031,0.01741028,0.8422394,0.5388031,0.01741028,0.8422394,5.509399,5.509399,True,True,True
1644010,63779589527024,-13.59717,2.597178,-0.05156457,-0.1045727,0.8746301,0.1639573,-0.4440774,0.005432129,0.002640411,-0.02377704,0.542099,-0.006530762,0.840271,0.0281209,0.002149796,-0.02264546,0.0281209,0.002149796,-0.02264546,0.5388947,0.01799011,0.8421631,0.5388947,0.01799011,0.8421631,5.510284,5.510284,True,True,True
1644018,63779589527038,-13.59715,2.597201,-0.05153978,-0.1045925,0.8746082,0.164118,-0.4440565,0.005397629,0.002641159,-0.02377799,0.5439453,-0.005371094,0.8390961,0.02812102,0.002149796,-0.0226441,0.02812102,0.002149796,-0.0226441,0.5406647,0.01811218,0.8410187,0.5406647,0.01811218,0.8410187,5.512207,5.512207,True,True,True
1644027,63779589527048,-13.59715,2.597208,-0.05151612,-0.1047022,0.8745627,0.1642238,-0.4440812,0.005117569,0.002646775,-0.0237914,0.5440063,-0.004852295,0.8390503,0.02812102,0.002149048,-0.02264282,0.02812102,0.002149048,-0.02264282,0.5406952,0.0194397,0.8409882,0.5406952,0.0194397,0.8409882,5.513382,5.513382,True,True,True
1644035,63779589527059,-13.59724,2.59723,-0.05139124,-0.1048176,0.8745003,0.1642721,-0.4441589,0.005185456,0.002645111,-0.02378766,0.5435333,-0.005752563,0.8393555,0.02812102,0.002148727,-0.02264147,0.02812102,0.002148727,-0.02264147,0.5410767,0.01954651,0.8407288,0.5410767,0.01954651,0.8407288,5.513824,5.513824,True,True,True
1644043,63779589527070,-13.59728,2.597228,-0.05135787,-0.1048842,0.8744949,0.1643833,-0.4441127,0.005086441,0.002646408,-0.02379245,0.5441437,-0.006408691,0.8389587,0.02812126,0.002148468,-0.0226411,0.02812126,0.002148468,-0.0226411,0.5420837,0.01844788,0.8401031,0.5420837,0.01844788,0.8401031,5.518661,5.518661,True,True,True
1644052,63779589527070,-13.59728,2.597228,-0.05135787,-0.1048842,0.8744949,0.1643833,-0.4441127,0.004859894,0.00265123,-0.02380359,0.5445862,-0.006988525,0.8386688,0.02812129,0.002148422,-0.02264066,0.02812129,0.002148422,-0.02264066,0.5420532,0.01766968,0.8401489,0.5420532,0.01766968,0.8401489,5.513596,5.513596,True,True,True
1644060,63779589527081,-13.59727,2.597219,-0.05130798,-0.1049516,0.8744399,0.1644565,-0.444178,0.004878586,0.002650574,-0.02380211,0.5453033,-0.005844116,0.8382111,0.02812129,0.002147965,-0.0226395,0.02812129,0.002147965,-0.0226395,0.5420532,0.0177002,0.8401489,0.5420532,0.0177002,0.8401489,5.513168,5.513168,True,True,True
1644068,63779589527092,-13.59731,2.597217,-0.05127317,-0.1051204,0.8744094,0.1646084,-0.4441419,0.0048051,0.002651337,-0.02380617,0.5482178,-0.004455566,0.836319,0.02812134,0.002146301,-0.02263944,0.02812134,0.002146301,-0.02263944,0.54216,0.01651001,0.8401031,0.54216,0.01651001,0.8401031,5.512924,5.512924,True,True,True
1644077,63779589527103,-13.59735,2.597193,-0.05123991,-0.1051907,0.8743846,0.1646453,-0.4441604,0.00485199,0.002650284,-0.02380383,0.5488281,-0.003829956,0.8359222,0.02812137,0.00214624,-0.02263921,0.02812137,0.00214624,-0.02263921,0.5421448,0.01707458,0.8401031,0.5421448,0.01707458,0.8401031,5.512527,5.512527,True,True,True
1644085,63779589527103,-13.59735,2.597193,-0.05123991,-0.1051907,0.8743846,0.1646453,-0.4441604,0.004573227,0.002656128,-0.02381749,0.5493927,-0.003967285,0.8355408,0.02812145,0.002145905,-0.02263851,0.02812145,0.002145905,-0.02263851,0.5421753,0.01713562,0.8400726,0.5421753,0.01713562,0.8400726,5.512634,5.512634,True,True,True
1644093,63779589527115,-13.59734,2.597145,-0.05128282,-0.1052648,0.8743334,0.1646909,-0.4442267,0.004430023,0.002659302,-0.02382462,0.5496979,-0.004394531,0.8353424,0.02812172,0.002145462,-0.02263789,0.02812172,0.002145462,-0.02263789,0.5421753,0.01660156,0.8400879,0.5421753,0.01660156,0.8400879,5.512405,5.512405,True,True,True
1644101,63779589527126,-13.59737,2.597129,-0.05124021,-0.1054283,0.8743333,0.1645603,-0.4442364,0.004613404,0.002655548,-0.02381702,0.5496979,-0.004425049,0.8353424,0.0281219,0.002145035,-0.02263785,0.0281219,0.002145035,-0.02263785,0.5422058,0.01631165,0.8400726,0.5422058,0.01631165,0.8400726,5.511948,5.511948,True,True,True
1644110,63779589527137,-13.59737,2.597141,-0.05123544,-0.1055415,0.8743237,0.1644836,-0.444257,0.004705109,0.002653137,-0.02381218,0.54953,-0.004714966,0.8354492,0.02812233,0.002143967,-0.0226367,0.02812233,0.002143967,-0.0226367,0.5423279,0.01582336,0.8400116,0.5423279,0.01582336,0.8400116,5.51178,5.51178,True,True,True
1644118,63779589527137,-13.59737,2.597141,-0.05123544,-0.1055415,0.8743237,0.1644836,-0.444257,0.004457398,0.002658478,-0.02382407,0.5499725,-0.005081177,0.835144,0.02812254,0.002143478,-0.02263571,0.02812254,0.002143478,-0.02263571,0.542511,0.01551819,0.8398895,0.542511,0.01551819,0.8398895,5.523056,5.523056,True,True,True
1644126,63779589527148,-13.59739,2.597131,-0.05120587,-0.1057789,0.8742962,0.1644833,-0.4442548,0.004573746,0.002655792,-0.02382012,0.5500031,-0.005020142,0.8351288,0.02812264,0.002142334,-0.0226337,0.02812264,0.002142334,-0.0226337,0.5426331,0.0153656,0.8398132,0.5426331,0.0153656,0.8398132,5.53096,5.53096,True,True,True
1644135,63779589527159,-13.59746,2.597129,-0.0511837,-0.1058129,0.8742743,0.1645627,-0.4442603,0.004656662,0.002654587,-0.02381661,0.5499268,-0.004547119,0.8351898,0.02812276,0.002141892,-0.02263312,0.02812276,0.002141892,-0.02263312,0.5425873,0.01541138,0.8398438,0.5425873,0.01541138,0.8398438,5.523193,5.523193,True,True,True
1644143,63779589527170,-13.59748,2.597106,-0.05120641,-0.1060336,0.8742163,0.1647547,-0.4442505,0.004744095,0.002652924,-0.02381223,0.5491638,-0.005126953,0.8356781,0.02812335,0.002141556,-0.02263199,0.02812335,0.002141556,-0.02263199,0.5417328,0.0153656,0.8404083,0.5417328,0.0153656,0.8404083,5.533005,5.533005,True,True,True
1644151,63779589527170,-13.59748,2.597106,-0.05120641,-0.1060336,0.8742163,0.1647547,-0.4442505,0.004816117,0.002652023,-0.02380779,0.5491486,-0.005554199,0.8356934,0.02812337,0.002141556,-0.02263065,0.02812337,0.002141556,-0.02263065,0.541748,0.0148468,0.8404083,0.541748,0.0148468,0.8404083,5.5327,5.5327,True,True,True
1644160,63779589527181,-13.59751,2.597119,-0.05118293,-0.1059949,0.874173,0.1647708,-0.4443389,0.004793259,0.002653458,-0.02380788,0.5493011,-0.006088257,0.8355865,0.02812398,0.002141495,-0.02262863,0.02812398,0.002141495,-0.02262863,0.5415955,0.01426697,0.8404999,0.5415955,0.01426697,0.8404999,5.532227,5.532227,True,True,True
1644168,63779589527192,-13.59754,2.597161,-0.05109787,-0.1059566,0.874141,0.1648302,-0.4443891,0.00490094,0.002651245,-0.02380165,0.5491028,-0.006271362,0.8357239,0.02812442,0.00214122,-0.02262714,0.02812442,0.00214122,-0.02262714,0.5413818,0.01393127,0.8406525,0.5413818,0.01393127,0.8406525,5.521378,5.521378,True,True,True
1644176,63779589527203,-13.59755,2.597147,-0.05108041,-0.1060147,0.8741273,0.1648908,-0.4443797,0.004966446,0.002649811,-0.02379739,0.548996,-0.006484985,0.8357849,0.02812496,0.002141144,-0.02262549,0.02812496,0.002141144,-0.02262549,0.5411987,0.01385498,0.8407745,0.5411987,0.01385498,0.8407745,5.521027,5.521027,True,True,True
1644185,63779589527203,-13.59755,2.597147,-0.05108041,-0.1060147,0.8741273,0.1648908,-0.4443797,0.004838837,0.002652649,-0.02380313,0.5491333,-0.006622314,0.8356934,0.02812518,0.002140472,-0.02262383,0.02812518,0.002140472,-0.02262383,0.541275,0.01396179,0.8407135,0.541275,0.01396179,0.8407135,5.521393,5.521393,True,True,True
1644193,63779589527215,-13.5975,2.597086,-0.05100328,-0.1059871,0.8741028,0.1649691,-0.4444053,0.004882034,0.002653259,-0.0238001,0.5478363,-0.007171631,0.8365479,0.02812518,0.002140396,-0.02262241,0.02812518,0.002140396,-0.02262241,0.5391846,0.01365662,0.8420563,0.5391846,0.01365662,0.8420563,5.519089,5.519089,True,True,True
1644201,63779589527226,-13.59733,2.597153,-0.05097985,-0.106104,0.8741113,0.1648692,-0.444398,0.00477501,0.002668381,-0.02381256,0.5571747,-0.004760742,0.830368,0.02811412,0.002161133,-0.02263478,0.02811412,0.002161133,-0.02263478,0.5549164,0.01805115,0.8316956,0.5549164,0.01805115,0.8316956,5.619324,5.619324,True,True,True
1644210,63779589527226,-13.59733,2.597153,-0.05097985,-0.106104,0.8741113,0.1648692,-0.444398,0.00469162,0.002689194,-0.02379868,0.5409851,0.001968384,0.8410187,0.02810829,0.002174072,-0.0226145,0.02810829,0.002174072,-0.0226145,0.5352478,0.02583313,0.8442841,0.5352478,0.02583313,0.8442841,5.406921,5.406921,True,True,True
1644218,63779589527238,-13.59731,2.597135,-0.05095714,-0.10603,0.874088,0.1649307,-0.4444385,0.004686478,0.00269899,-0.02378738,0.5376129,0.0001831055,0.8431702,0.02810652,0.002186218,-0.02260848,0.02810652,0.002186218,-0.02260848,0.536087,0.02134705,0.8438721,0.536087,0.02134705,0.8438721,5.450851,5.450851,True,True,True
1644226,63779589527249,-13.59721,2.597199,-0.05094862,-0.1060441,0.8741143,0.164848,-0.4444143,0.005258088,0.00268602,-0.02375626,0.5376892,6.103516E-05,0.8431396,0.02810617,0.002188309,-0.02261211,0.02810617,0.002188309,-0.02261211,0.5375061,0.02828979,0.8427734,0.5375061,0.02828979,0.8427734,5.41922,5.41922,True,True,True
1644235,63779589527260,-13.59719,2.59719,-0.05087596,-0.1059355,0.8741564,0.1647941,-0.4443773,0.005459824,0.002680969,-0.02374892,0.5404816,-0.0007171631,0.8413391,0.02810582,0.002186218,-0.02260848,0.02810582,0.002186218,-0.02260848,0.5357361,0.02226257,0.8440704,0.5357361,0.02226257,0.8440704,5.433655,5.433655,True,True,True
1644243,63779589527260,-13.59719,2.59719,-0.05087596,-0.1059355,0.8741564,0.1647941,-0.4443773,0.005333146,0.002684631,-0.02376041,0.5437927,0.000793457,0.8392029,0.02810587,0.002186676,-0.02260864,0.02810587,0.002186676,-0.02260864,0.536087,0.02600098,0.84375,0.536087,0.02600098,0.84375,5.445587,5.445587,True,True,True
1644251,63779589527272,-13.59716,2.597212,-0.05082411,-0.1059634,0.8741964,0.1645913,-0.4443672,0.005159882,0.002689057,-0.02377072,0.5418701,0.001022339,0.8404541,0.0281059,0.002187134,-0.02260848,0.0281059,0.002187134,-0.02260848,0.5357819,0.0256958,0.8439636,0.5357819,0.0256958,0.8439636,5.435959,5.435959,True,True,True
1644260,63779589527283,-13.59723,2.597184,-0.05072898,-0.1060407,0.8741792,0.1645808,-0.4443862,0.005112214,0.002690872,-0.02377439,0.5428925,-0.0003814697,0.839798,0.02810603,0.002187836,-0.02260782,0.02810603,0.002187836,-0.02260782,0.5361176,0.02462769,0.8437653,0.5361176,0.02462769,0.8437653,5.444427,5.444427,True,True,True
1644268,63779589527294,-13.5972,2.597173,-0.05068266,-0.1060412,0.8742334,0.1644571,-0.4443253,0.005096299,0.002691269,-0.02377527,0.5436401,0.001159668,0.8393097,0.02810617,0.002187714,-0.02260715,0.02810617,0.002187714,-0.02260715,0.5364685,0.02568054,0.8435211,0.5364685,0.02568054,0.8435211,5.454483,5.454483,True,True,True
1644276,63779589527294,-13.5972,2.597173,-0.05068266,-0.1060412,0.8742334,0.1644571,-0.4443253,0.005128952,0.002690933,-0.02377373,0.5440521,0.002044678,0.839035,0.02810625,0.002188126,-0.02260654,0.02810625,0.002188126,-0.02260654,0.5362854,0.0255127,0.8436432,0.5362854,0.0255127,0.8436432,5.454926,5.454926,True,True,True
1644285,63779589527306,-13.59724,2.59706,-0.0506565,-0.1060663,0.8741869,0.1645926,-0.4443607,0.005499085,0.002682953,-0.02375539,0.5432892,0.001495361,0.8395386,0.02810634,0.002188538,-0.02260593,0.02810634,0.002188538,-0.02260593,0.5361023,0.02534485,0.84375,0.5361023,0.02534485,0.84375,5.455399,5.455399,True,True,True
1644293,63779589527317,-13.59732,2.597043,-0.05063993,-0.1061955,0.8741482,0.1647701,-0.4443402,0.005658341,0.002679459,-0.02374747,0.5427551,0.002410889,0.8398743,0.02810625,0.002188706,-0.02260486,0.02810625,0.002188706,-0.02260486,0.5363007,0.02523804,0.8436279,0.5363007,0.02523804,0.8436279,5.455048,5.455048,True,True,True
1644301,63779589527328,-13.59732,2.597035,-0.05060983,-0.1063192,0.8740543,0.1650309,-0.4443987,0.005429734,0.002684494,-0.02375856,0.5434875,0.002288818,0.8394012,0.02810617,0.002188889,-0.02260378,0.02810617,0.002188889,-0.02260378,0.536499,0.02510071,0.8435059,0.536499,0.02510071,0.8435059,5.454239,5.454239,True,True,True
1644310,63779589527328,-13.59732,2.597035,-0.05060983,-0.1063192,0.8740543,0.1650309,-0.4443987,0.004965805,0.002694718,-0.0237823,0.5440216,0.001998901,0.8390656,0.02810616,0.002188919,-0.02260378,0.02810616,0.002188919,-0.02260378,0.5363007,0.02545166,0.8436279,0.5363007,0.02545166,0.8436279,5.455353,5.455353,True,True,True
1644318,63779589527340,-13.59732,2.597023,-0.05059469,-0.1064433,0.8739225,0.1652878,-0.4445326,0.005056885,0.002692825,-0.02377812,0.5439606,0.001983643,0.8390961,0.02810617,0.002188889,-0.02260376,0.02810617,0.002188889,-0.02260376,0.536087,0.02510071,0.8437805,0.536087,0.02510071,0.8437805,5.455444,5.455444,True,True,True
1644326,63779589527351,-13.59732,2.597013,-0.05054694,-0.1066558,0.8739168,0.1652619,-0.4445026,0.005036911,0.002693268,-0.02377896,0.5438232,0.002029419,0.8391876,0.02810625,0.002188706,-0.02260269,0.02810625,0.002188706,-0.02260269,0.5361176,0.02511597,0.8437653,0.5361176,0.02511597,0.8437653,5.462021,5.462021,True,True,True
1644335,63779589527351,-13.59732,2.597013,-0.05054694,-0.1066558,0.8739168,0.1652619,-0.4445026,0.005066941,0.002692505,-0.02377687,0.543869,0.002120972,0.8391571,0.02810634,0.002188538,-0.02260162,0.02810634,0.002188538,-0.02260162,0.5360107,0.02500916,0.8438263,0.5360107,0.02500916,0.8438263,5.455521,5.455521,True,True,True
1644343,63779589527363,-13.5973,2.597032,-0.05048889,-0.1068614,0.8738577,0.1652683,-0.444567,0.004850571,0.002697251,-0.02378655,0.5439301,0.001968384,0.8391113,0.02810634,0.002188538,-0.0225992,0.02810634,0.002188538,-0.0225992,0.5361633,0.0249939,0.8437347,0.5361633,0.0249939,0.8437347,5.468948,5.468948,True,True,True
1644351,63779589527374,-13.59729,2.597053,-0.05051416,-0.1068305,0.8738267,0.1652929,-0.4446262,0.004743164,0.002699646,-0.02379193,0.5439453,0.002487183,0.8390961,0.02810639,0.002188034,-0.02259753,0.02810639,0.002188034,-0.02259753,0.5361938,0.02502441,0.8437042,0.5361938,0.02502441,0.8437042,5.469055,5.469055,True,True,True
1644360,63779589527386,-13.59732,2.597074,-0.05047536,-0.1068716,0.8738446,0.1651833,-0.4446219,0.004839264,0.002697586,-0.02378595,0.5428925,0.001708984,0.8397827,0.02810712,0.002188034,-0.02259579,0.02810712,0.002188034,-0.02259579,0.5364532,0.02493286,0.8435516,0.5364532,0.02493286,0.8435516,5.474945,5.474945,True,True,True
1644368,63779589527386,-13.59732,2.597074,-0.05047536,-0.1068716,0.8738446,0.1651833,-0.4446219,0.004658875,0.002701538,-0.02379474,0.5430298,0.002166748,0.8396912,0.02810741,0.002188034,-0.02259509,0.02810741,0.002188034,-0.02259509,0.5367737,0.02494812,0.843338,0.5367737,0.02494812,0.843338,5.497757,5.497757,True,True,True
1644376,63779589527397,-13.59728,2.597126,-0.05043584,-0.1068363,0.8738416,0.164995,-0.4447061,0.004747604,0.002699448,-0.0237896,0.544342,0.004226685,0.8388367,0.02810806,0.002187714,-0.02259355,0.02810806,0.002187714,-0.02259355,0.536972,0.02584839,0.8431854,0.536972,0.02584839,0.8431854,5.500748,5.500748,True,True,True
1644385,63779589527408,-13.59727,2.59712,-0.05041313,-0.1067175,0.8738816,0.1648498,-0.4447099,0.004845093,0.002697067,-0.02378516,0.5441132,0.00440979,0.8389893,0.02810887,0.002185196,-0.02259309,0.02810887,0.002185196,-0.02259309,0.5361328,0.02635193,0.8437042,0.5361328,0.02635193,0.8437042,5.506683,5.506683,True,True,True
1644393,63779589527420,-13.59725,2.597109,-0.05039626,-0.106574,0.8739434,0.1647649,-0.4446544,0.004918427,0.002694519,-0.02378147,0.5433044,0.002929688,0.8395233,0.02810944,0.002182205,-0.022593,0.02810944,0.002182205,-0.022593,0.5353851,0.02624512,0.8441925,0.5353851,0.02624512,0.8441925,5.506241,5.506241,True,True,True
1644401,63779589527420,-13.59725,2.597109,-0.05039626,-0.106574,0.8739434,0.1647649,-0.4446544,0.004775574,0.002697113,-0.0237881,0.5423126,0.002609253,0.8401642,0.02811086,0.00218013,-0.02259178,0.02811086,0.00218013,-0.02259178,0.5356445,0.02752686,0.8439789,0.5356445,0.02752686,0.8439789,5.507446,5.507446,True,True,True
1644410,63779589527431,-13.59724,2.597134,-0.05035794,-0.1064974,0.8740185,0.1646456,-0.4445692,0.004646088,0.002699692,-0.02379436,0.5436859,0.003341675,0.8392639,0.0281118,0.002179413,-0.02259099,0.0281118,0.002179413,-0.02259099,0.5358887,0.0276947,0.8438263,0.5358887,0.0276947,0.8438263,5.507889,5.507889,True,True,True
1644418,63779589527441,-13.59719,2.597135,-0.0503366,-0.1065425,0.8740443,0.1645747,-0.4445341,0.004711044,0.002696747,-0.02379097,0.543457,0.003387451,0.8394165,0.02811198,0.002176697,-0.02259056,0.02811198,0.002176697,-0.02259056,0.5355988,0.02532959,0.8440857,0.5355988,0.02532959,0.8440857,5.52092,5.52092,True,True,True
1644426,63779589527453,-13.59718,2.597195,-0.05031466,-0.1063452,0.874062,0.1645439,-0.4445579,0.004825974,0.002693909,-0.02378464,0.5431061,0.00163269,0.8396606,0.02811214,0.002175598,-0.02258975,0.02811214,0.002175598,-0.02258975,0.5350647,0.02467346,0.8444366,0.5350647,0.02467346,0.8444366,5.528275,5.528275,True,True,True
1644435,63779589527453,-13.59718,2.597195,-0.05031466,-0.1063452,0.874062,0.1645439,-0.4445579,0.004946762,0.00269075,-0.02377831,0.5429077,0.003112793,0.8397675,0.02811386,0.002173874,-0.02258926,0.02811386,0.002173874,-0.02258926,0.5353241,0.02488708,0.8442688,0.5353241,0.02488708,0.8442688,5.528885,5.528885,True,True,True
1644443,63779589527463,-13.59718,2.597198,-0.05028445,-0.1063261,0.8741207,0.1644819,-0.4444699,0.004832535,0.002692658,-0.02378276,0.5412903,0.001922607,0.8408203,0.02811424,0.002172821,-0.02258667,0.02811424,0.002172821,-0.02258667,0.5343018,0.02508545,0.8449097,0.5343018,0.02508545,0.8449097,5.527908,5.527908,True,True,True
1644451,63779589527475,-13.59724,2.597206,-0.05030674,-0.1062038,0.8742017,0.1645017,-0.4443324,0.006373154,0.002657745,-0.02370253,0.5415649,0.004547119,0.8406372,0.02811481,0.002171997,-0.0225837,0.02811481,0.002171997,-0.0225837,0.5340729,0.02592468,0.8450317,0.5340729,0.02592468,0.8450317,5.528488,5.528488,True,True,True
1644460,63779589527486,-13.59722,2.597162,-0.05030239,-0.106158,0.8742273,0.1644144,-0.4443254,0.004826996,0.002692124,-0.02378183,0.5420227,0.00302124,0.8403473,0.02811485,0.002171692,-0.02258263,0.02811485,0.002171692,-0.02258263,0.5345001,0.0259552,0.8447571,0.5345001,0.0259552,0.8447571,5.529083,5.529083,True,True,True
1644468,63779589527486,-13.59722,2.597162,-0.05030239,-0.106158,0.8742273,0.1644144,-0.4443254,0.004903427,0.002690338,-0.02377788,0.541687,0.003570557,0.8405609,0.02811491,0.002171478,-0.022582,0.02811491,0.002171478,-0.022582,0.5345154,0.02684021,0.8447266,0.5345154,0.02684021,0.8447266,5.529755,5.529755,True,True,True
1644476,63779589527497,-13.59717,2.597147,-0.05030924,-0.1060757,0.8742419,0.1643604,-0.4443361,0.00483458,0.002691849,-0.02377831,0.5429077,0.002563477,0.8397675,0.02811495,0.002171341,-0.02257662,0.02811495,0.002171341,-0.02257662,0.5347443,0.02577209,0.8446045,0.5347443,0.02577209,0.8446045,5.545685,5.545685,True,True,True
1644485,63779589527509,-13.59713,2.597138,-0.05024761,-0.1061364,0.8743425,0.1642037,-0.4441817,0.004963318,0.002688935,-0.02376973,0.5428772,0.002593994,0.839798,0.02811495,0.002171265,-0.02257279,0.02811495,0.002171265,-0.02257279,0.5347748,0.02554321,0.8445892,0.5347748,0.02554321,0.8445892,5.545624,5.545624,True,True,True
1644493,63779589527520,-13.59712,2.597145,-0.05022651,-0.1060671,0.8744002,0.1640502,-0.4441413,0.004910202,0.002689529,-0.02377136,0.5424194,7.629395E-05,0.8400879,0.02811495,0.002170303,-0.02257066,0.02811495,0.002170303,-0.02257066,0.5349731,0.02249146,0.8445587,0.5349731,0.02249146,0.8445587,5.562607,5.562607,True,True,True
1644501,63779589527520,-13.59712,2.597145,-0.05022651,-0.1060671,0.8744002,0.1640502,-0.4441413,0.003693772,0.002716538,-0.02383315,0.5428009,-0.002716064,0.8398438,0.02811511,0.002170197,-0.0225685,0.02811511,0.002170197,-0.0225685,0.5350342,0.0196228,0.8445892,0.5350342,0.0196228,0.8445892,5.560791,5.560791,True,True,True
1644510,63779589527531,-13.59716,2.597148,-0.05020076,-0.1059557,0.8744872,0.1640187,-0.4440084,0.003621918,0.002717972,-0.0238365,0.5419617,-0.003173828,0.8403931,0.02811511,0.002169983,-0.02256767,0.02811511,0.002169983,-0.02256767,0.5348511,0.01907349,0.8447113,0.5348511,0.01907349,0.8447113,5.541351,5.541351,True,True,True
1644518,63779589527542,-13.59713,2.597137,-0.05017507,-0.1058901,0.8745201,0.1639582,-0.4439815,0.003620407,0.002717651,-0.02383635,0.5425568,-0.002441406,0.8399963,0.02811511,0.002169586,-0.02256705,0.02811511,0.002169586,-0.02256705,0.535965,0.01925659,0.8440094,0.535965,0.01925659,0.8440094,5.539581,5.539581,True,True,True
1644526,63779589527553,-13.59712,2.597136,-0.05012572,-0.1057534,0.8745983,0.1640194,-0.4438373,0.00364531,0.002716965,-0.02383432,0.5431366,-0.001998901,0.8396301,0.02811495,0.002169373,-0.02256577,0.02811495,0.002169373,-0.02256577,0.5359344,0.01922607,0.8440247,0.5359344,0.01922607,0.8440247,5.539795,5.539795,True,True,True
1644535,63779589527553,-13.59712,2.597136,-0.05012572,-0.1057534,0.8745983,0.1640194,-0.4438373,0.003703049,0.002715302,-0.02383077,0.5423279,-0.002166748,0.8401489,0.02811491,0.002168762,-0.02256476,0.02811491,0.002168762,-0.02256476,0.5359344,0.01965332,0.8440094,0.5359344,0.01965332,0.8440094,5.5401,5.5401,True,True,True
1644543,63779589527564,-13.59719,2.597202,-0.0500567,-0.1057446,0.8746389,0.1641158,-0.4437239,0.003807785,0.002712937,-0.02382509,0.5430145,-0.0003509521,0.8397064,0.02811485,0.002168762,-0.02256326,0.02811485,0.002168762,-0.02256326,0.5362854,0.02243042,0.8437195,0.5362854,0.02243042,0.8437195,5.542755,5.542755,True,True,True
1644551,63779589527575,-13.59718,2.59714,-0.05007404,-0.1056369,0.8746139,0.1642672,-0.4437428,0.003936585,0.002710037,-0.02381636,0.5424042,0.001403809,0.8401031,0.02811481,0.002168762,-0.02255898,0.02811481,0.002168762,-0.02255898,0.5364075,0.02537537,0.8435669,0.5364075,0.02537537,0.8435669,5.545181,5.545181,True,True,True
1644560,63779589527587,-13.59718,2.597173,-0.05004138,-0.1056536,0.8746253,0.1642979,-0.4437049,0.003927826,0.002709992,-0.02381476,0.5433044,0.001373291,0.8395233,0.02811456,0.002168686,-0.02255539,0.02811456,0.002168686,-0.02255539,0.5369873,0.02615356,0.8431702,0.5369873,0.02615356,0.8431702,5.549118,5.549118,True,True,True
1644568,63779589527587,-13.59718,2.597173,-0.05004138,-0.1056536,0.8746253,0.1642979,-0.4437049,0.003870529,0.002711243,-0.02381732,0.5440979,0.0008392334,0.8390045,0.02811347,0.002168686,-0.0225547,0.02811347,0.002168686,-0.0225547,0.5377045,0.02529907,0.8427429,0.5377045,0.02529907,0.8427429,5.549133,5.549133,True,True,True
1644576,63779589527597,-13.59718,2.597162,-0.05001515,-0.1056414,0.8746553,0.1644028,-0.4436099,0.003821091,0.002712128,-0.02382004,0.5440674,-0.004608154,0.8390198,0.02811119,0.002168625,-0.02255389,0.02811119,0.002168625,-0.02255389,0.537796,0.01930237,0.8428497,0.537796,0.01930237,0.8428497,5.56163,5.56163,True,True,True
1644585,63779589527608,-13.59717,2.597157,-0.04992861,-0.1055883,0.8746772,0.1644691,-0.4435546,0.003806931,0.002712357,-0.02382077,0.5435181,-0.004745483,0.8393707,0.02811099,0.00216861,-0.02255373,0.02811099,0.00216861,-0.02255373,0.537735,0.01924133,0.8428802,0.537735,0.01924133,0.8428802,5.561615,5.561615,True,True,True
1644593,63779589527619,-13.59717,2.597188,-0.04987723,-0.1055341,0.8747011,0.1644409,-0.4435309,0.004725846,0.002691681,-0.02377265,0.5437927,-0.003707886,0.8392029,0.02811093,0.002168594,-0.02255313,0.02811093,0.002168594,-0.02255313,0.5378876,0.01930237,0.8427734,0.5378876,0.01930237,0.8427734,5.561661,5.561661,True,True,True
1644601,63779589527619,-13.59717,2.597188,-0.04987723,-0.1055341,0.8747011,0.1644409,-0.4435309,0.004719711,0.002691666,-0.02377274,0.5430145,-0.003982544,0.8397064,0.02810918,0.002168594,-0.02255286,0.02810918,0.002168594,-0.02255286,0.5374603,0.01914978,0.8430634,0.5374603,0.01914978,0.8430634,5.5513,5.5513,True,True,True
1644610,63779589527630,-13.59719,2.597198,-0.04984367,-0.1054645,0.8747147,0.1645293,-0.443488,0.00457486,0.002694428,-0.02377945,0.5442047,-0.00189209,0.8389282,0.02810893,0.002167954,-0.02255147,0.02810893,0.002167954,-0.02255147,0.53862,0.02281189,0.8422241,0.53862,0.02281189,0.8422241,5.564789,5.564789,True,True,True
1644618,63779589527641,-13.59719,2.597214,-0.04980189,-0.1054449,0.8747236,0.1645515,-0.4434669,0.004554123,0.002694489,-0.02378014,0.544632,-0.002548218,0.8386536,0.02810887,0.002167389,-0.02255068,0.02810887,0.002167389,-0.02255068,0.5393829,0.02297974,0.8417358,0.5393829,0.02297974,0.8417358,5.555893,5.555893,True,True,True
1644626,63779589527653,-13.59719,2.597235,-0.0497548,-0.1054816,0.8747509,0.1645406,-0.4434084,0.004434159,0.002697006,-0.02378618,0.5438385,-0.003097534,0.8391724,0.02810869,0.002167282,-0.02255032,0.02810869,0.002167282,-0.02255032,0.5392609,0.02293396,0.8418121,0.5392609,0.02293396,0.8418121,5.5466,5.5466,True,True,True
1644635,63779589527653,-13.59719,2.597235,-0.0497548,-0.1054816,0.8747509,0.1645406,-0.4434084,0.004484253,0.002695358,-0.02378328,0.5438385,-0.00112915,0.8391724,0.02810864,0.002166779,-0.02254988,0.02810864,0.002166779,-0.02254988,0.5394135,0.02568054,0.841629,0.5394135,0.02568054,0.841629,5.548645,5.548645,True,True,True
1644643,63779589527663,-13.59706,2.597213,-0.0496859,-0.1053311,0.8747413,0.1646297,-0.44343,0.004428071,0.002695816,-0.02378632,0.5439148,-0.001251221,0.8391266,0.02810864,0.002165634,-0.02254985,0.02810864,0.002165634,-0.02254985,0.5395508,0.02593994,0.8415375,0.5395508,0.02593994,0.8415375,5.558395,5.558395,True,True,True
1644651,63779589527675,-13.59702,2.59725,-0.04960752,-0.1053835,0.8747198,0.1646573,-0.4434497,0.004487625,0.002694153,-0.02378285,0.5437775,-0.002655029,0.8392181,0.02810864,0.002165604,-0.02254932,0.02810864,0.002165604,-0.02254932,0.5396118,0.02342224,0.8415833,0.5396118,0.02342224,0.8415833,5.561401,5.561401,True,True,True
1644660,63779589527686,-13.59701,2.597261,-0.04962027,-0.1053535,0.8747163,0.1647098,-0.443444,0.004546128,0.002692658,-0.02377985,0.544342,-0.004776001,0.8388367,0.02810864,0.00216539,-0.02254886,0.02810864,0.00216539,-0.02254886,0.5395508,0.02000427,0.8417053,0.5395508,0.02000427,0.8417053,5.554199,5.554199,True,True,True
1644668,63779589527686,-13.59701,2.597261,-0.04962027,-0.1053535,0.8747163,0.1647098,-0.443444,0.004594208,0.002691406,-0.02377728,0.5442657,-0.004669189,0.8388824,0.02810864,0.002165146,-0.0225488,0.02810864,0.002165146,-0.0225488,0.5395355,0.02009583,0.8417206,0.5395355,0.02009583,0.8417206,5.554352,5.554352,True,True,True
1644676,63779589527697,-13.59702,2.597298,-0.04958135,-0.1054594,0.8746976,0.1647596,-0.4434374,0.004609299,0.002691025,-0.0237762,0.5444031,-0.004653931,0.8387909,0.02810864,0.002165115,-0.0225483,0.02810864,0.002165115,-0.0225483,0.539444,0.01951599,0.8417816,0.539444,0.01951599,0.8417816,5.546066,5.546066,True,True,True
1644685,63779589527708,-13.59701,2.597308,-0.04951912,-0.1053911,0.8746654,0.1647161,-0.4435331,0.004600983,0.002690399,-0.02377654,0.5441895,-0.005065918,0.8389282,0.02810869,0.002164688,-0.02254791,0.02810869,0.002164688,-0.02254791,0.5394592,0.0191803,0.8417816,0.5394592,0.0191803,0.8417816,5.546005,5.546005,True,True,True
1644693,63779589527719,-13.59701,2.597296,-0.04942036,-0.1053742,0.8746179,0.1647694,-0.443611,0.004823212,0.002684982,-0.02376466,0.5443878,-0.004470825,0.8388062,0.02810887,0.002164688,-0.02254747,0.02810887,0.002164688,-0.02254747,0.5395813,0.01902771,0.8417053,0.5395813,0.01902771,0.8417053,5.553513,5.553513,True,True,True
1644701,63779589527719,-13.59701,2.597296,-0.04942036,-0.1053742,0.8746179,0.1647694,-0.443611,0.004802338,0.002684998,-0.02376509,0.5457001,-0.003845215,0.8379517,0.02811003,0.002164246,-0.0225462,0.02811003,0.002164246,-0.0225462,0.5399017,0.01908875,0.8414917,0.5399017,0.01908875,0.8414917,5.554092,5.554092,True,True,True
1644710,63779589527731,-13.597,2.597326,-0.04934114,-0.1054111,0.8745872,0.1647625,-0.4436653,0.004600785,0.002689301,-0.02377599,0.5457764,-0.003952026,0.8379059,0.02811017,0.002163895,-0.02254569,0.02811017,0.002163895,-0.02254569,0.5399475,0.01916504,0.8414612,0.5399475,0.01916504,0.8414612,5.554214,5.554214,True,True,True
1644718,63779589527742,-13.59702,2.597348,-0.04926556,-0.1054389,0.874597,0.1647401,-0.4436478,0.004633835,0.002688202,-0.02377213,0.54599,-0.002227783,0.8377838,0.02811194,0.002163269,-0.02254195,0.02811194,0.002163269,-0.02254195,0.54039,0.01911926,0.8411865,0.54039,0.01911926,0.8411865,5.552765,5.552765,True,True,True
1644726,63779589527753,-13.597,2.597378,-0.04921955,-0.1053811,0.8745797,0.164748,-0.4436927,0.00457515,0.002689484,-0.02377486,0.5463562,-0.002227783,0.8375397,0.02811308,0.002163193,-0.02254102,0.02811308,0.002163193,-0.02254102,0.5406494,0.019104,0.8410187,0.5406494,0.019104,0.8410187,5.553268,5.553268,True,True,True
1644735,63779589527753,-13.597,2.597378,-0.04921955,-0.1053811,0.8745797,0.164748,-0.4436927,0.004602097,0.002688629,-0.02377309,0.5462189,-0.002227783,0.8376312,0.02811372,0.00216272,-0.02253961,0.02811372,0.00216272,-0.02253961,0.5407867,0.01911926,0.8409271,0.5407867,0.01911926,0.8409271,5.547424,5.547424,True,True,True
1644743,63779589527764,-13.59701,2.597376,-0.04916102,-0.1053283,0.8745537,0.1647546,-0.4437543,0.004628571,0.002687637,-0.02377147,0.5464172,-0.001922607,0.8374939,0.02811388,0.002162064,-0.02253865,0.02811388,0.002162064,-0.02253865,0.5408936,0.0194397,0.8408508,0.5408936,0.0194397,0.8408508,5.55275,5.55275,True,True,True
1644751,63779589527775,-13.59703,2.597354,-0.0490697,-0.1053905,0.8745361,0.1648221,-0.443749,0.004687286,0.002685196,-0.02376853,0.5465546,-0.001571655,0.8374176,0.02811484,0.002160156,-0.02253827,0.02811484,0.002160156,-0.02253827,0.5411377,0.01924133,0.8406982,0.5411377,0.01924133,0.8406982,5.553116,5.553116,True,True,True
1644760,63779589527786,-13.59705,2.597354,-0.04902679,-0.105399,0.8745188,0.1648902,-0.4437558,0.004662857,0.002685333,-0.0237722,0.546814,-0.0007781982,0.8372345,0.02811577,0.002159439,-0.02253748,0.02811577,0.002159439,-0.02253748,0.5413361,0.01940918,0.8405762,0.5413361,0.01940918,0.8405762,5.553482,5.553482,True,True,True
1644768,63779589527786,-13.59705,2.597354,-0.04902679,-0.105399,0.8745188,0.1648902,-0.4437558,0.004482559,0.002689591,-0.02378088,0.5464172,0.0004882813,0.8375092,0.02811708,0.002159424,-0.02253542,0.02811708,0.002159424,-0.02253542,0.5405273,0.02076721,0.8410645,0.5405273,0.02076721,0.8410645,5.548965,5.548965,True,True,True
1644776,63779589527797,-13.59703,2.597352,-0.04906052,-0.1054611,0.8744842,0.1650254,-0.443759,0.004497421,0.002689285,-0.0237813,0.5464172,0.000793457,0.8374939,0.02811716,0.002159165,-0.02253536,0.02811716,0.002159165,-0.02253536,0.5405426,0.02084351,0.8410492,0.5405426,0.02084351,0.8410492,5.548996,5.548996,True,True,True
1644785,63779589527808,-13.59701,2.597319,-0.04906315,-0.1055054,0.8745272,0.1651014,-0.4436355,0.004664551,0.002685318,-0.02377223,0.5460205,0.001296997,0.8377533,0.02811717,0.002158569,-0.02253412,0.02811717,0.002158569,-0.02253412,0.5399475,0.02076721,0.8414307,0.5399475,0.02076721,0.8414307,5.553116,5.553116,True,True,True
1644793,63779589527819,-13.597,2.59734,-0.04902822,-0.1054944,0.8745431,0.1651333,-0.4435946,0.004757919,0.002682877,-0.02376714,0.5464172,0.0005340576,0.8374939,0.02811717,0.002157791,-0.0225336,0.02811717,0.002157791,-0.0225336,0.5406189,0.01930237,0.8410339,0.5406189,0.01930237,0.8410339,5.552811,5.552811,True,True,True
1644801,63779589527819,-13.597,2.59734,-0.04902822,-0.1054944,0.8745431,0.1651333,-0.4435946,0.004723801,0.002683228,-0.02376842,0.5466156,0.001617432,0.8373718,0.02811719,0.002157044,-0.0225324,0.02811719,0.002157044,-0.0225324,0.5406342,0.02113342,0.8409729,0.5406342,0.02113342,0.8409729,5.554337,5.554337,True,True,True
1644810,63779589527830,-13.59699,2.597358,-0.04902261,-0.105438,0.8746241,0.1651884,-0.443428,0.004657364,0.002684509,-0.02377176,0.5465851,0.001678467,0.8373871,0.02811731,0.002156647,-0.02253052,0.02811731,0.002156647,-0.02253052,0.5406189,0.02125549,0.8409882,0.5406189,0.02125549,0.8409882,5.548203,5.548203,True,True,True
1644818,63779589527841,-13.59697,2.597345,-0.04904193,-0.1052497,0.8746949,0.1652348,-0.4433157,0.004587051,0.00268457,-0.02377586,0.546402,0.002029419,0.8375092,0.02811731,0.002153732,-0.02253049,0.02811731,0.002153732,-0.02253049,0.5406189,0.02203369,0.8409729,0.5406189,0.02203369,0.8409729,5.548294,5.548294,True,True,True
1644826,63779589527852,-13.59693,2.597358,-0.04911101,-0.1051716,0.874727,0.1653902,-0.4432131,0.004480637,0.002686111,-0.02378194,0.5454254,0.002029419,0.8381348,0.02811731,0.002152176,-0.02252933,0.02811731,0.002152176,-0.02252933,0.539978,0.02226257,0.8413696,0.539978,0.02226257,0.8413696,5.547607,5.547607,True,True,True
1644835,63779589527852,-13.59693,2.597358,-0.04911101,-0.1051716,0.874727,0.1653902,-0.4432131,0.00439653,0.002687805,-0.02378551,0.54599,0.002059937,0.8377838,0.02811731,0.002151627,-0.02252777,0.02811731,0.002151627,-0.02252777,0.5398102,0.02227783,0.8414764,0.5398102,0.02227783,0.8414764,5.547699,5.547699,True,True,True
1644843,63779589527863,-13.59689,2.597399,-0.04913557,-0.1051133,0.8748431,0.1653758,-0.4430029,0.004353516,0.002688644,-0.02378665,0.5459595,0.001480103,0.8377991,0.02811731,0.002151276,-0.02252583,0.02811731,0.002151276,-0.02252583,0.5398254,0.02215576,0.8414764,0.5398254,0.02215576,0.8414764,5.547714,5.547714,True,True,True
1644851,63779589527875,-13.59685,2.597422,-0.04915971,-0.1049673,0.8748959,0.1654866,-0.442892,0.004313889,0.002687744,-0.0237888,0.5453033,0.00177002,0.8382263,0.02811719,0.002148209,-0.0225253,0.02811719,0.002148209,-0.0225253,0.5398102,0.02285767,0.8414612,0.5398102,0.02285767,0.8414612,5.548706,5.548706,True,True,True
1644860,63779589527886,-13.59683,2.597465,-0.049169,-0.1049231,0.8749958,0.1654722,-0.4427102,0.004288055,0.002688309,-0.02379013,0.545517,0.001663208,0.838089,0.02811719,0.002148163,-0.02252516,0.02811719,0.002148163,-0.02252516,0.5392303,0.02232361,0.8418579,0.5392303,0.02232361,0.8418579,5.553986,5.553986,True,True,True
1644868,63779589527886,-13.59683,2.597465,-0.049169,-0.1049231,0.8749958,0.1654722,-0.4427102,0.004263031,0.002687348,-0.02379152,0.5453491,-0.0006408691,0.8381958,0.02811711,0.0021456,-0.02252496,0.02811711,0.0021456,-0.02252496,0.5392456,0.0186615,0.8419342,0.5392456,0.0186615,0.8419342,5.554535,5.554535,True,True,True
1644876,63779589527897,-13.59681,2.597479,-0.04919904,-0.104766,0.8750771,0.1654109,-0.4426098,0.004230408,0.002687897,-0.02379309,0.5453491,0.000869751,0.8381958,0.02811608,0.002145111,-0.02252408,0.02811608,0.002145111,-0.02252408,0.5389099,0.02125549,0.8420868,0.5389099,0.02125549,0.8420868,5.562057,5.562057,True,True,True
1644885,63779589527908,-13.59679,2.597487,-0.04923838,-0.1046386,0.87519,0.1654109,-0.4424167,0.004182343,0.002687775,-0.02379521,0.5452576,-0.0001983643,0.8382568,0.02811565,0.002143051,-0.02252306,0.02811565,0.002143051,-0.02252306,0.5388947,0.01927185,0.8421326,0.5388947,0.01927185,0.8421326,5.567581,5.567581,True,True,True
1644893,63779589527919,-13.59674,2.597522,-0.04925781,-0.1045083,0.8752876,0.1652888,-0.4423,0.004103226,0.002689606,-0.02379856,0.5452728,-0.001098633,0.8382416,0.02811348,0.002143036,-0.02252127,0.02811348,0.002143036,-0.02252127,0.5383606,0.01797485,0.842514,0.5383606,0.01797485,0.842514,5.565689,5.565689,True,True,True
1644901,63779589527919,-13.59674,2.597522,-0.04925781,-0.1045083,0.8752876,0.1652888,-0.4423,0.004127533,0.00268895,-0.02379663,0.545639,-0.001312256,0.8380127,0.02811342,0.002143021,-0.02251999,0.02811342,0.002143021,-0.02251999,0.5384979,0.01797485,0.8424225,0.5384979,0.01797485,0.8424225,5.578094,5.578094,True,True,True
1644910,63779589527930,-13.5967,2.597538,-0.04923725,-0.1043587,0.875374,0.1652041,-0.4421961,0.004160996,0.002687698,-0.02379431,0.5457611,-0.001373291,0.8379211,0.0281117,0.002142426,-0.02251894,0.0281117,0.002142426,-0.02251894,0.5397797,0.01821899,0.8415985,0.5397797,0.01821899,0.8415985,5.583374,5.583374,True,True,True
1644918,63779589527942,-13.59669,2.597529,-0.04926938,-0.1042381,0.8754299,0.1650706,-0.4421637,0.004017517,0.002687378,-0.02379764,0.5477448,-0.001617432,0.8366394,0.02811734,0.002136276,-0.02251103,0.02811734,0.002136276,-0.02251103,0.5431519,0.01800537,0.8394318,0.5431519,0.01800537,0.8394318,5.506134,5.506134,True,True,True
1644926,63779589527953,-13.59671,2.59752,-0.04931021,-0.1041646,0.8755129,0.1648928,-0.4420831,0.006477677,0.002625351,-0.02365352,0.540741,0.001846313,0.8411713,0.02814461,0.002128662,-0.02248677,0.02814461,0.002128662,-0.02248677,0.53508,0.01837158,0.8445892,0.53508,0.01837158,0.8445892,5.638962,5.638962,True,True,True
1644935,63779589527953,-13.59671,2.59752,-0.04931021,-0.1041646,0.8755129,0.1648928,-0.4420831,0.005905655,0.002626602,-0.02365277,0.526413,-0.005783081,0.8502045,0.02814755,0.002120911,-0.02245964,0.02814755,0.002120911,-0.02245964,0.520462,0.01332092,0.853775,0.520462,0.01332092,0.853775,5.59407,5.59407,True,True,True
1644943,63779589527964,-13.59669,2.597513,-0.04936486,-0.1042249,0.8755085,0.1647719,-0.4421224,0.005106171,0.002647003,-0.0236929,0.5280457,-0.005630493,0.8491821,0.02814613,0.002124817,-0.02247299,0.02814613,0.002124817,-0.02247299,0.5249634,0.01887512,0.8509064,0.5249634,0.01887512,0.8509064,5.43956,5.43956,True,True,True
1644951,63779589527975,-13.59664,2.597506,-0.04936099,-0.1041359,0.8755283,0.1645984,-0.442169,0.006330094,0.002621186,-0.02363211,0.5338745,-0.003997803,0.8455505,0.02814472,0.002126938,-0.0224758,0.02814472,0.002126938,-0.0224758,0.5312653,0.01811218,0.8470001,0.5312653,0.01811218,0.8470001,5.514999,5.514999,True,True,True
1644960,63779589527986,-13.59665,2.597513,-0.04933923,-0.104313,0.8755516,0.1646018,-0.4420798,0.006442048,0.002620575,-0.02363019,0.5357056,-0.002349854,0.8443909,0.0281433,0.002129044,-0.02247859,0.0281433,0.002129044,-0.02247859,0.5326233,0.01953125,0.8461151,0.5326233,0.01953125,0.8461151,5.563263,5.563263,True,True,True
1644968,63779589527986,-13.59665,2.597513,-0.04933923,-0.104313,0.8755516,0.1646018,-0.4420798,0.006926758,0.002611588,-0.02360608,0.5365448,0.0001373291,0.8438568,0.0281435,0.002131119,-0.0224792,0.0281435,0.002131119,-0.0224792,0.5332031,0.02212524,0.8456879,0.5332031,0.02212524,0.8456879,5.554337,5.554337,True,True,True
1644976,63779589527997,-13.59661,2.597506,-0.04935485,-0.1043371,0.8755088,0.1644201,-0.4422264,0.007225403,0.002606827,-0.02359181,0.536499,0.002319336,0.8438873,0.0281433,0.002133179,-0.02247983,0.0281433,0.002133179,-0.02247983,0.5339355,0.02471924,0.8451538,0.5339355,0.02471924,0.8451538,5.568542,5.568542,True,True,True
1644985,63779589528008,-13.59666,2.597485,-0.04936367,-0.1044106,0.8755132,0.1644173,-0.4422013,0.007288025,0.002606476,-0.02358849,0.5366364,0.000579834,0.8437958,0.02814324,0.002134415,-0.0224792,0.02814324,0.002134415,-0.0224792,0.5334015,0.02168274,0.8455811,0.5334015,0.02168274,0.8455811,5.57782,5.57782,True,True,True
1644993,63779589528019,-13.59665,2.597473,-0.04938143,-0.1045011,0.8754611,0.1644293,-0.4422787,0.007267518,0.002607926,-0.02358957,0.5356293,0.001739502,0.8444366,0.02814317,0.002135498,-0.02247859,0.02814317,0.002135498,-0.02247859,0.5325928,0.02386475,0.8460236,0.5325928,0.02386475,0.8460236,5.566711,5.566711,True,True,True
1645001,63779589528019,-13.59665,2.597473,-0.04938143,-0.1045011,0.8754611,0.1644293,-0.4422787,0.006721207,0.002620545,-0.02361864,0.5363007,0.001296997,0.8440247,0.02814261,0.002135544,-0.02247852,0.02814261,0.002135544,-0.02247852,0.5328369,0.02449036,0.8458405,0.5328369,0.02449036,0.8458405,5.55661,5.55661,True,True,True
1645010,63779589528030,-13.59665,2.597484,-0.04938817,-0.1045648,0.875465,0.1643805,-0.4422741,0.006154679,0.002633621,-0.02364879,0.5363464,0.001281738,0.8439789,0.02814203,0.00213559,-0.02247844,0.02814203,0.00213559,-0.02247844,0.5320892,0.02502441,0.8463135,0.5320892,0.02502441,0.8463135,5.545563,5.545563,True,True,True
1645018,63779589528041,-13.59666,2.597492,-0.0494287,-0.1046645,0.8754758,0.1644515,-0.4422027,0.006410599,0.002627976,-0.02363527,0.535553,0.0007781982,0.8444824,0.02814154,0.00213562,-0.02247838,0.02814154,0.00213562,-0.02247838,0.5315552,0.02433777,0.8466644,0.5315552,0.02433777,0.8466644,5.55542,5.55542,True,True,True
1645026,63779589528052,-13.59666,2.597496,-0.04945439,-0.1047102,0.8753887,0.1646067,-0.4423065,0.006258927,0.002631561,-0.02364343,0.5354614,0.001190186,0.8445435,0.02814105,0.002135651,-0.02247832,0.02814105,0.002135651,-0.02247832,0.5320892,0.02497864,0.8463135,0.5320892,0.02497864,0.8463135,5.566727,5.566727,True,True,True
1645035,63779589528052,-13.59666,2.597496,-0.04945439,-0.1047102,0.8753887,0.1646067,-0.4423065,0.00606952,0.002636292,-0.02365329,0.5349579,0.000579834,0.8448639,0.02814057,0.00213623,-0.02247814,0.02814057,0.00213623,-0.02247814,0.5315704,0.02423096,0.8466644,0.5315704,0.02423096,0.8466644,5.577469,5.577469,True,True,True
1645043,63779589528063,-13.59661,2.59753,-0.04950726,-0.1049011,0.8752564,0.1648766,-0.4424226,0.005994599,0.002638428,-0.02365706,0.5343018,-4.577637E-05,0.8452759,0.02814009,0.00213681,-0.02247795,0.02814009,0.00213681,-0.02247795,0.5307922,0.02326965,0.847168,0.5307922,0.02326965,0.847168,5.56427,5.56427,True,True,True
1645051,63779589528076,-13.59661,2.597497,-0.0494861,-0.1052678,0.8751244,0.165167,-0.4424883,0.005874115,0.002641327,-0.02366289,0.5345001,-0.0003356934,0.8451538,0.02814,0.002136826,-0.02247687,0.02814,0.002136826,-0.02247687,0.5306854,0.02314758,0.8472443,0.5306854,0.02314758,0.8472443,5.570648,5.570648,True,True,True
1645060,63779589528086,-13.5966,2.597488,-0.04950458,-0.1054517,0.8750399,0.1651797,-0.4426069,0.005949341,0.002639786,-0.0236583,0.5346527,-0.000289917,0.8450623,0.02814009,0.00213681,-0.02247578,0.02814009,0.00213681,-0.02247578,0.5306549,0.02294922,0.8472595,0.5306549,0.02294922,0.8472595,5.577133,5.577133,True,True,True
1645068,63779589528086,-13.5966,2.597488,-0.04950458,-0.1054517,0.8750399,0.1651797,-0.4426069,0.005961319,0.002639725,-0.02365769,0.5346069,-0.0001831055,0.8450775,0.02814009,0.00213681,-0.02247578,0.02814009,0.00213681,-0.02247578,0.5306549,0.0231781,0.8472595,0.5306549,0.0231781,0.8472595,5.577225,5.577225,True,True,True
1645076,63779589528097,-13.59659,2.597466,-0.04957736,-0.1055785,0.8749872,0.165268,-0.4426478,0.00567096,0.002646378,-0.02367127,0.5338898,-0.0007629395,0.8455353,0.02814009,0.00213681,-0.02247267,0.02814009,0.00213681,-0.02247267,0.530014,0.02282715,0.8476715,0.530014,0.02282715,0.8476715,5.563507,5.563507,True,True,True
1645085,63779589528108,-13.59657,2.597481,-0.04960674,-0.1056495,0.8749516,0.1653049,-0.4426875,0.005618119,0.002647599,-0.02367404,0.5339813,-0.0003204346,0.8454742,0.02814009,0.00213681,-0.0224725,0.02814009,0.00213681,-0.0224725,0.5301666,0.0226593,0.84758,0.5301666,0.0226593,0.84758,5.576447,5.576447,True,True,True
1645093,63779589528119,-13.59664,2.597513,-0.04959911,-0.1055985,0.8749445,0.1652456,-0.4427357,0.005521027,0.00265004,-0.02367676,0.5340881,-0.000869751,0.8454132,0.02814009,0.00213681,-0.02246848,0.02814009,0.00213681,-0.02246848,0.5304108,0.02250671,0.8474274,0.5304108,0.02250671,0.8474274,5.596313,5.596313,True,True,True
1645101,63779589528119,-13.59664,2.597513,-0.04959911,-0.1055985,0.8749445,0.1652456,-0.4427357,0.00541713,0.002651688,-0.02368143,0.5332489,-0.0009918213,0.8459473,0.02814009,0.00213559,-0.02246703,0.02814009,0.00213559,-0.02246703,0.5289917,0.02249146,0.8483124,0.5289917,0.02249146,0.8483124,5.575653,5.575653,True,True,True
1645110,63779589528130,-13.59664,2.597527,-0.04962033,-0.1053648,0.8749331,0.1652277,-0.4428207,0.005346024,0.002654068,-0.02368396,0.5326996,-0.0008544922,0.846283,0.02814009,0.002135498,-0.02246494,0.02814009,0.002135498,-0.02246494,0.5281067,0.02267456,0.8488617,0.5281067,0.02267456,0.8488617,5.540497,5.540497,True,True,True
1645118,63779589528141,-13.59669,2.597505,-0.04968381,-0.1051269,0.8749525,0.1651129,-0.4428818,0.005292572,0.002654892,-0.02368687,0.532486,-0.0009002686,0.8464203,0.02814041,0.002133148,-0.02246488,0.02814041,0.002133148,-0.02246488,0.5277252,0.02282715,0.8490906,0.5277252,0.02282715,0.8490906,5.574722,5.574722,True,True,True
1645126,63779589528152,-13.59674,2.59748,-0.04965794,-0.1050386,0.8749908,0.1650004,-0.442869,0.005269593,0.002656708,-0.02368762,0.5322723,-0.001312256,0.8465576,0.02814073,0.002132996,-0.02246405,0.02814073,0.002132996,-0.02246405,0.5277863,0.02278137,0.8490601,0.5277863,0.02278137,0.8490601,5.574982,5.574982,True,True,True
1645135,63779589528152,-13.59674,2.59748,-0.04965794,-0.1050386,0.8749908,0.1650004,-0.442869,0.005289734,0.00265567,-0.02368568,0.5319519,-0.001220703,0.846756,0.02814165,0.002130524,-0.02246268,0.02814165,0.002130524,-0.02246268,0.5276031,0.02342224,0.8491669,0.5276031,0.02342224,0.8491669,5.594559,5.594559,True,True,True
1645143,63779589528163,-13.59674,2.597458,-0.04971117,-0.104926,0.8750146,0.1648605,-0.4429006,0.005341233,0.002653778,-0.02368268,0.5319672,-0.0009613037,0.846756,0.02814351,0.002128006,-0.02246227,0.02814351,0.002128006,-0.02246227,0.5280609,0.02415466,0.8488464,0.5280609,0.02415466,0.8488464,5.595551,5.595551,True,True,True
1645151,63779589528175,-13.5967,2.597429,-0.04971421,-0.1049175,0.8750768,0.1647401,-0.4428246,0.005419983,0.002651962,-0.0236779,0.5318451,-0.001678467,0.8468323,0.02814494,0.002126724,-0.02246129,0.02814494,0.002126724,-0.02246129,0.5279694,0.02313232,0.848938,0.5279694,0.02313232,0.848938,5.594894,5.594894,True,True,True
1645160,63779589528186,-13.59669,2.597391,-0.04976702,-0.1049591,0.8751234,0.1645565,-0.4427909,0.006960236,0.002615067,-0.02359421,0.5316772,7.629395E-05,0.8469391,0.02814539,0.002124283,-0.02245931,0.02814539,0.002124283,-0.02245931,0.5281067,0.02371216,0.8488312,0.5281067,0.02371216,0.8488312,5.595978,5.595978,True,True,True
1645168,63779589528186,-13.59669,2.597391,-0.04976702,-0.1049591,0.8751234,0.1645565,-0.4427909,0.006984818,0.002614655,-0.02359186,0.5320282,-6.103516E-05,0.8467102,0.02814633,0.002124283,-0.02245764,0.02814633,0.002124283,-0.02245764,0.5283661,0.02362061,0.8486786,0.5283661,0.02362061,0.8486786,5.596481,5.596481,True,True,True
1645176,63779589528196,-13.59669,2.597336,-0.04984844,-0.1048897,0.8751777,0.1644464,-0.4427408,0.006949585,0.00261467,-0.02359209,0.5318756,-0.0009002686,0.846817,0.02814676,0.00212233,-0.022455,0.02814676,0.00212233,-0.022455,0.5284882,0.02236938,0.8486328,0.5284882,0.02236938,0.8486328,5.595688,5.595688,True,True,True
1645185,63779589528208,-13.59668,2.597296,-0.0498997,-0.1048315,0.8752698,0.1642567,-0.4426431,0.006897904,0.002615738,-0.02359419,0.5317383,-0.0007171631,0.8468933,0.02814716,0.002121964,-0.02245407,0.02814716,0.002121964,-0.02245407,0.5282745,0.022995,0.8487396,0.5282745,0.022995,0.8487396,5.593506,5.593506,True,True,True
1645193,63779589528219,-13.59666,2.597299,-0.04995525,-0.1047973,0.8753263,0.1639398,-0.4426569,0.006842484,0.002617005,-0.02359586,0.5312195,-0.001205444,0.847229,0.02814777,0.002121567,-0.02245195,0.02814777,0.002121567,-0.02245195,0.5274506,0.02218628,0.8492889,0.5274506,0.02218628,0.8492889,5.594666,5.594666,True,True,True
1645201,63779589528219,-13.59666,2.597299,-0.04995525,-0.1047973,0.8753263,0.1639398,-0.4426569,0.006812882,0.002617676,-0.02359706,0.5313568,-0.0005493164,0.8471375,0.02814777,0.002121353,-0.02245131,0.02814777,0.002121353,-0.02245131,0.526825,0.02282715,0.8496552,0.526825,0.02282715,0.8496552,5.594421,5.594421,True,True,True
1645210,63779589528230,-13.59665,2.597291,-0.05002302,-0.1047448,0.8753901,0.1638284,-0.4425844,0.006767594,0.002618714,-0.02359732,0.5309753,-0.0004272461,0.8473816,0.02814777,0.002121338,-0.02244779,0.02814777,0.002121338,-0.02244779,0.5263367,0.02314758,0.8499451,0.5263367,0.02314758,0.8499451,5.591888,5.591888,True,True,True
1645218,63779589528241,-13.59664,2.597269,-0.05007815,-0.1046566,0.8754773,0.163646,-0.4425003,0.006756363,0.002623459,-0.02359708,0.5307007,-0.001419067,0.8475494,0.02814777,0.002121338,-0.0224466,0.02814777,0.002121338,-0.0224466,0.5263214,0.02307129,0.8499603,0.5263214,0.02307129,0.8499603,5.5896,5.5896,True,True,True
1645226,63779589528252,-13.59662,2.597287,-0.0500766,-0.1044707,0.8755705,0.1633648,-0.4424637,0.006750321,0.002623703,-0.02359662,0.5306702,-0.001525879,0.8475647,0.02814777,0.002121262,-0.02244518,0.02814777,0.002121262,-0.02244518,0.5263367,0.02297974,0.8499603,0.5263367,0.02297974,0.8499603,5.589554,5.589554,True,True,True
1645235,63779589528252,-13.59662,2.597287,-0.0500766,-0.1044707,0.8755705,0.1633648,-0.4424637,0.007949021,0.00259581,-0.02353026,0.5297546,-0.0003967285,0.8481293,0.02814777,0.002121262,-0.02244219,0.02814777,0.002121262,-0.02244219,0.5259247,0.02275085,0.8502197,0.5259247,0.02275085,0.8502197,5.589157,5.589157,True,True,True
1645243,63779589528263,-13.5966,2.59728,-0.05012804,-0.1044556,0.8756662,0.1630985,-0.4423763,0.007980896,0.002595139,-0.02352826,0.5300446,0.002243042,0.8479614,0.02814777,0.002121262,-0.02244174,0.02814777,0.002121262,-0.02244174,0.5263824,0.02680969,0.849823,0.5263824,0.02680969,0.849823,5.592575,5.592575,True,True,True
1645251,63779589528275,-13.59663,2.597283,-0.05016148,-0.104399,0.8757307,0.1628057,-0.4423698,0.007886673,0.002597366,-0.02353099,0.5299072,-0.0004425049,0.8480377,0.02814777,0.002121262,-0.02243808,0.02814777,0.002121262,-0.02243808,0.5264282,0.02252197,0.8499146,0.5264282,0.02252197,0.8499146,5.592194,5.592194,True,True,True
1645260,63779589528286,-13.59662,2.597192,-0.05023456,-0.1042468,0.8758478,0.1624521,-0.4423039,0.007828949,0.002599426,-0.02353397,0.5298615,-0.0009307861,0.8480682,0.02814743,0.002121262,-0.02243671,0.02814743,0.002121262,-0.02243671,0.5263519,0.02183533,0.8499756,0.5263519,0.02183533,0.8499756,5.59137,5.59137,True,True,True
1645268,63779589528286,-13.59662,2.597192,-0.05023456,-0.1042468,0.8758478,0.1624521,-0.4423039,0.007805741,0.00260022,-0.02353453,0.5298157,-0.001068115,0.8480988,0.02814743,0.002121338,-0.02243537,0.02814743,0.002121338,-0.02243537,0.5263672,0.02172852,0.8499603,0.5263672,0.02172852,0.8499603,5.591461,5.591461,True,True,True
1645276,63779589528297,-13.59661,2.59718,-0.0502637,-0.1041792,0.8759339,0.1623456,-0.4421882,0.007893967,0.002598435,-0.02352896,0.5304108,-0.0002593994,0.8477325,0.02814705,0.002121353,-0.02243363,0.02814705,0.002121353,-0.02243363,0.5255585,0.02210999,0.8504486,0.5255585,0.02210999,0.8504486,5.588684,5.588684,True,True,True
1645285,63779589528308,-13.5966,2.597188,-0.05029166,-0.1040566,0.875942,0.1622833,-0.4422238,0.009605912,0.00255864,-0.02343611,0.5298767,0.004852295,0.8480377,0.02814696,0.002121857,-0.02243279,0.02814696,0.002121857,-0.02243279,0.5252991,0.02586365,0.8505096,0.5252991,0.02586365,0.8505096,5.573654,5.573654,True,True,True
1645293,63779589528319,-13.5966,2.597159,-0.0502823,-0.1040545,0.8759435,0.1622861,-0.4422203,0.009572724,0.002559479,-0.02343771,0.5298615,0.004806519,0.848053,0.02814682,0.002121857,-0.02243225,0.02814682,0.002121857,-0.02243225,0.5252686,0.02581787,0.8505249,0.5252686,0.02581787,0.8505249,5.573654,5.573654,True,True,True
1645301,63779589528319,-13.5966,2.597159,-0.0502823,-0.1040545,0.8759435,0.1622861,-0.4422203,0.009615983,0.002558884,-0.02343427,0.5305939,0.005004883,0.8475952,0.02814665,0.002121857,-0.02243051,0.02814665,0.002121857,-0.02243051,0.5252533,0.02600098,0.8505402,0.5252533,0.02600098,0.8505402,5.574097,5.574097,True,True,True
1645310,63779589528330,-13.5966,2.597161,-0.05029106,-0.1040365,0.8759238,0.1622726,-0.4422688,0.007702271,0.002604752,-0.02353627,0.5315857,0.00289917,0.8469849,0.02814586,0.002123032,-0.02242754,0.02814586,0.002123032,-0.02242754,0.5253296,0.02568054,0.8504944,0.5253296,0.02568054,0.8504944,5.591599,5.591599,True,True,True
1645318,63779589528341,-13.59657,2.597093,-0.05029964,-0.1040438,0.8759474,0.1622706,-0.4422209,0.007687912,0.002606201,-0.02353629,0.5315247,0.002700806,0.8470306,0.02814557,0.002124741,-0.02242589,0.02814557,0.002124741,-0.02242589,0.5252686,0.02507019,0.8505554,0.5252686,0.02507019,0.8505554,5.591064,5.591064,True,True,True
1645326,63779589528352,-13.59654,2.597066,-0.0503242,-0.1041869,0.8758581,0.1623403,-0.4423386,0.007610139,0.002608246,-0.02353919,0.5321045,0.002548218,0.8466644,0.02814497,0.002125107,-0.02242351,0.02814497,0.002125107,-0.02242351,0.5267944,0.02502441,0.8496094,0.5267944,0.02502441,0.8496094,5.592667,5.592667,True,True,True
1645335,63779589528352,-13.59654,2.597066,-0.0503242,-0.1041869,0.8758581,0.1623403,-0.4423386,0.007590668,0.002608673,-0.02354213,0.5317993,0.002670288,0.8468628,0.02814368,0.002125107,-0.0224227,0.02814368,0.002125107,-0.0224227,0.5268097,0.02508545,0.8496094,0.5268097,0.02508545,0.8496094,5.623337,5.623337,True,True,True
1645343,63779589528364,-13.59653,2.597091,-0.05032563,-0.1043085,0.8758438,0.1623418,-0.4423376,0.007551087,0.002610504,-0.02354541,0.5297852,0.00213623,0.848114,0.02814295,0.002126694,-0.02242208,0.02814295,0.002126694,-0.02242208,0.5266876,0.02459717,0.8496857,0.5266876,0.02459717,0.8496857,5.628113,5.628113,True,True,True
1645351,63779589528375,-13.5965,2.597087,-0.05033934,-0.1043255,0.8758419,0.1622983,-0.4423533,0.007490967,0.002611389,-0.02354833,0.5307159,0.002243042,0.8475342,0.02814295,0.002126694,-0.02242117,0.02814295,0.002126694,-0.02242117,0.5281372,0.0246582,0.8487854,0.5281372,0.0246582,0.8487854,5.629745,5.629745,True,True,True
1645360,63779589528386,-13.59647,2.597088,-0.05033696,-0.1042948,0.8758498,0.1622577,-0.4423598,0.007659226,0.002607544,-0.02354048,0.531723,0.002593994,0.8468933,0.02814256,0.002127213,-0.02242037,0.02814256,0.002127213,-0.02242037,0.5285339,0.02450562,0.8485565,0.5285339,0.02450562,0.8485565,5.629822,5.629822,True,True,True
1645368,63779589528386,-13.59647,2.597088,-0.05033696,-0.1042948,0.8758498,0.1622577,-0.4423598,0.007905518,0.002594132,-0.02352915,0.5327759,0.004898071,0.8462219,0.02814233,0.002127609,-0.02241928,0.02814233,0.002127609,-0.02241928,0.5302429,0.02452087,0.8474731,0.5302429,0.02452087,0.8474731,5.631805,5.631805,True,True,True
1645376,63779589528396,-13.59645,2.597074,-0.0503394,-0.1042264,0.8759247,0.1621079,-0.4422825,0.008132386,0.002588745,-0.0235166,0.5326843,0.005126953,0.846283,0.02814208,0.002127609,-0.02241887,0.02814208,0.002127609,-0.02241887,0.5301819,0.02449036,0.8475189,0.5301819,0.02449036,0.8475189,5.631729,5.631729,True,True,True
1645385,63779589528408,-13.59643,2.597064,-0.05036128,-0.1041226,0.875908,0.1621613,-0.4423203,0.008261002,0.002585754,-0.02351032,0.5318909,0.005249023,0.8467865,0.02814185,0.002127609,-0.02241834,0.02814185,0.002127609,-0.02241834,0.5290222,0.02435303,0.8482513,0.5290222,0.02435303,0.8482513,5.624115,5.624115,True,True,True
1645393,63779589528420,-13.59642,2.597076,-0.0503388,-0.1042109,0.8758914,0.1621721,-0.4423284,0.008339295,0.002583939,-0.02350586,0.5317993,0.005325317,0.8468475,0.02814137,0.002127609,-0.02241786,0.02814137,0.002127609,-0.02241786,0.5289154,0.02433777,0.8483124,0.5289154,0.02433777,0.8483124,5.624146,5.624146,True,True,True
1645401,63779589528420,-13.59642,2.597076,-0.0503388,-0.1042109,0.8758914,0.1621721,-0.4423284,0.00828888,0.002585098,-0.02350861,0.532486,0.004974365,0.8464203,0.02814119,0.002127609,-0.02241773,0.02814119,0.002127609,-0.02241773,0.5299072,0.02444458,0.8476868,0.5299072,0.02444458,0.8476868,5.625214,5.625214,True,True,True
1645410,63779589528430,-13.59642,2.597071,-0.05033189,-0.1041389,0.875934,0.162228,-0.4422406,0.008123337,0.002588654,-0.02351787,0.5325623,0.004867554,0.8463593,0.02814105,0.002127304,-0.02241742,0.02814105,0.002127304,-0.02241742,0.529953,0.0244751,0.8476715,0.529953,0.0244751,0.8476715,5.631561,5.631561,True,True,True
1645418,63779589528441,-13.59634,2.597056,-0.05030793,-0.1041763,0.8758902,0.1622471,-0.4423116,0.007932954,0.002592987,-0.02352832,0.5332336,0.002380371,0.8459625,0.02814098,0.002127213,-0.02241734,0.02814098,0.002127213,-0.02241734,0.5300446,0.02082825,0.847702,0.5300446,0.02082825,0.847702,5.632095,5.632095,True,True,True
1645426,63779589528452,-13.59633,2.597063,-0.05031824,-0.1041899,0.8759078,0.1622314,-0.4422792,0.007763169,0.002596817,-0.02353777,0.5334167,0.002304077,0.8458405,0.02814098,0.002127075,-0.02241705,0.02814098,0.002127075,-0.02241705,0.5302277,0.02088928,0.84758,0.5302277,0.02088928,0.84758,5.644135,5.644135,True,True,True
1645435,63779589528452,-13.59633,2.597063,-0.05031824,-0.1041899,0.8759078,0.1622314,-0.4422792,0.007623169,0.002599854,-0.02354546,0.5334625,0.001831055,0.8458099,0.02814093,0.002126694,-0.02241657,0.02814093,0.002126694,-0.02241657,0.5301819,0.02030945,0.8476257,0.5301819,0.02030945,0.8476257,5.643646,5.643646,True,True,True
1645443,63779589528463,-13.59629,2.597062,-0.05031884,-0.1041793,0.8758885,0.1622247,-0.4423225,0.007699143,0.002598099,-0.02354022,0.532608,0.001693726,0.846344,0.02814058,0.002126694,-0.02241449,0.02814058,0.002126694,-0.02241449,0.5288391,0.01997375,0.848465,0.5288391,0.01997375,0.848465,5.630508,5.630508,True,True,True
1645451,63779589528474,-13.59622,2.597065,-0.05038893,-0.1041871,0.8758987,0.1622166,-0.4423035,0.00767775,0.002598602,-0.02354118,0.5336456,0.001525879,0.8457031,0.02813983,0.002126663,-0.02241382,0.02813983,0.002126663,-0.02241382,0.5298157,0.01966858,0.8478699,0.5298157,0.01966858,0.8478699,5.631134,5.631134,True,True,True
1645460,63779589528486,-13.59618,2.597057,-0.05039942,-0.1041725,0.8759335,0.1622635,-0.4422205,0.007646393,0.002599014,-0.02354286,0.5335999,0.001831055,0.8457336,0.0281394,0.002126129,-0.02241365,0.0281394,0.002126129,-0.02241365,0.5296478,0.0201416,0.8479614,0.5296478,0.0201416,0.8479614,5.626694,5.626694,True,True,True
1645468,63779589528486,-13.59618,2.597057,-0.05039942,-0.1041725,0.8759335,0.1622635,-0.4422205,0.007648926,0.002598373,-0.02354237,0.5335693,0.002609253,0.8457336,0.02813922,0.002125061,-0.02241258,0.02813922,0.002125061,-0.02241258,0.5295563,0.02096558,0.8479919,0.5295563,0.02096558,0.8479919,5.622375,5.622375,True,True,True
1645476,63779589528496,-13.59619,2.59708,-0.05038118,-0.1041677,0.875985,0.1622853,-0.4421118,0.007657852,0.002598297,-0.02354036,0.5336151,0.004272461,0.8457031,0.02813922,0.002125046,-0.02240808,0.02813922,0.002125046,-0.02240808,0.5295715,0.02310181,0.8479309,0.5295715,0.02310181,0.8479309,5.620728,5.620728,True,True,True
1645485,63779589528508,-13.59616,2.59704,-0.05041581,-0.1040593,0.876017,0.1624213,-0.4420241,0.007605713,0.002599106,-0.02354268,0.5334778,0.00428772,0.8457794,0.02813895,0.002124283,-0.02240677,0.02813895,0.002124283,-0.02240677,0.5293579,0.02320862,0.8480682,0.5293579,0.02320862,0.8480682,5.629059,5.629059,True,True,True
1645493,63779589528519,-13.59616,2.597048,-0.05046111,-0.1040214,0.8760141,0.1625331,-0.4419976,0.007587326,0.002599182,-0.02354338,0.5334473,0.003372192,0.8458099,0.02813883,0.002123429,-0.02240593,0.02813883,0.002123429,-0.02240593,0.5293274,0.02098083,0.8481445,0.5293274,0.02098083,0.8481445,5.627411,5.627411,True,True,True
1645501,63779589528519,-13.59616,2.597048,-0.05046111,-0.1040214,0.8760141,0.1625331,-0.4419976,0.00750499,0.002601517,-0.0235466,0.5336761,0.004669189,0.8456573,0.02813873,0.002123322,-0.02240343,0.02813873,0.002123322,-0.02240343,0.5296326,0.02285767,0.8479004,0.5296326,0.02285767,0.8479004,5.629318,5.629318,True,True,True
1645510,63779589528530,-13.5961,2.597079,-0.05054706,-0.1039149,0.8760598,0.1626084,-0.4419044,0.007413071,0.002603562,-0.02355211,0.5329132,0.004272461,0.8461456,0.02813869,0.002123139,-0.02240251,0.02813869,0.002123139,-0.02240251,0.5296326,0.02287292,0.8479004,0.5296326,0.02287292,0.8479004,5.629242,5.629242,True,True,True
1645518,63779589528541,-13.59605,2.597094,-0.05057836,-0.1038018,0.8760822,0.1625649,-0.4419025,0.007435669,0.002603287,-0.02355043,0.5324249,0.004074097,0.8464508,0.02813852,0.002123047,-0.02240141,0.02813852,0.002123047,-0.02240141,0.5293121,0.0227356,0.848114,0.5293121,0.0227356,0.848114,5.628799,5.628799,True,True,True
1645526,63779589528552,-13.59603,2.597058,-0.05058056,-0.1036882,0.8760994,0.1626545,-0.441862,0.007198807,0.002609146,-0.02356397,0.5326233,0.003967285,0.8463287,0.02813851,0.002123016,-0.02240138,0.02813851,0.002123016,-0.02240138,0.5295715,0.02294922,0.8479462,0.5295715,0.02294922,0.8479462,5.654358,5.654358,True,True,True
1645535,63779589528552,-13.59603,2.597058,-0.05058056,-0.1036882,0.8760994,0.1626545,-0.441862,0.007228226,0.002608856,-0.02356236,0.53302,0.003921509,0.8460846,0.02813829,0.002123001,-0.02240138,0.02813829,0.002123001,-0.02240138,0.5301971,0.022995,0.8475494,0.5301971,0.022995,0.8475494,5.655182,5.655182,True,True,True
1645543,63779589528563,-13.59597,2.597032,-0.05061579,-0.1036457,0.8761407,0.1625651,-0.4418232,0.007169693,0.002609863,-0.02356525,0.5332794,0.004348755,0.8459167,0.02813825,0.002122177,-0.02240059,0.02813825,0.002122177,-0.02240059,0.5305634,0.02319336,0.8473206,0.5305634,0.02319336,0.8473206,5.655823,5.655823,True,True,True
1645551,63779589528574,-13.59597,2.597037,-0.05062246,-0.1036593,0.8761455,0.1625701,-0.4418085,0.00721521,0.002609085,-0.02356111,0.5325928,0.004165649,0.846344,0.02813823,0.002121948,-0.02239797,0.02813823,0.002121948,-0.02239797,0.529541,0.02301025,0.8479614,0.529541,0.02301025,0.8479614,5.654724,5.654724,True,True,True
1645560,63779589528585,-13.59587,2.597003,-0.05062556,-0.1035543,0.876221,0.1625771,-0.4416809,0.007250946,0.00260817,-0.02355869,0.53302,0.004058838,0.8460846,0.02813812,0.002121659,-0.02239714,0.02813812,0.002121659,-0.02239714,0.530304,0.02339172,0.8474731,0.530304,0.02339172,0.8474731,5.630661,5.630661,True,True,True
1645568,63779589528585,-13.59587,2.597003,-0.05062556,-0.1035543,0.876221,0.1625771,-0.4416809,0.00736847,0.002605393,-0.02355214,0.5331116,0.004592896,0.8460236,0.02813794,0.002121597,-0.02239708,0.02813794,0.002121597,-0.02239708,0.5305176,0.02351379,0.8473358,0.5305176,0.02351379,0.8473358,5.656189,5.656189,True,True,True
1645576,63779589528597,-13.59583,2.59699,-0.05068344,-0.1035339,0.8762679,0.162522,-0.4416129,0.007433014,0.002603851,-0.02354759,0.5330353,0.004638672,0.8460693,0.02813762,0.002121338,-0.0223953,0.02813762,0.002121338,-0.0223953,0.5304565,0.02345276,0.8473663,0.5304565,0.02345276,0.8473663,5.656143,5.656143,True,True,True
1645585,63779589528608,-13.59579,2.596994,-0.0506711,-0.1035492,0.8763091,0.1624289,-0.4415617,0.007568085,0.002600815,-0.02353995,0.5331879,0.004821777,0.8459625,0.02813742,0.002121323,-0.02239461,0.02813742,0.002121323,-0.02239461,0.5307617,0.02354431,0.8471832,0.5307617,0.02354431,0.8471832,5.661026,5.661026,True,True,True
1645593,63779589528619,-13.59575,2.596953,-0.05071431,-0.1034586,0.8763831,0.1624222,-0.4414386,0.007504181,0.002602585,-0.0235432,0.5336609,0.004455566,0.8456726,0.02813701,0.002121216,-0.02239391,0.02813701,0.002121216,-0.02239391,0.5311737,0.02307129,0.8469391,0.5311737,0.02307129,0.8469391,5.662582,5.662582,True,True,True
1645601,63779589528619,-13.59575,2.596953,-0.05071431,-0.1034586,0.8763831,0.1624222,-0.4414386,0.007513581,0.002602066,-0.02354263,0.5335541,0.003799438,0.8457489,0.02813701,0.002120712,-0.02239372,0.02813701,0.002120712,-0.02239372,0.531189,0.02207947,0.8469543,0.531189,0.02207947,0.8469543,5.663757,5.663757,True,True,True
1645610,63779589528630,-13.59576,2.596956,-0.0507589,-0.1034222,0.8764906,0.1622248,-0.4413063,0.007555161,0.002601547,-0.02354099,0.5386047,0.00541687,0.8425293,0.02814906,0.002114975,-0.02237871,0.02814906,0.002114975,-0.02237871,0.5326996,0.02073669,0.8460388,0.5326996,0.02073669,0.8460388,5.758911,5.758911,True,True,True
1645618,63779589528641,-13.59576,2.596961,-0.05090398,-0.1033841,0.876545,0.1621008,-0.4412527,0.006642868,0.002613342,-0.02356119,0.5263062,-0.002532959,0.8502808,0.02816808,0.002103775,-0.0223506,0.02816808,0.002103775,-0.0223506,0.517746,0.01760864,0.8553314,0.517746,0.01760864,0.8553314,5.707703,5.707703,True,True,True
1645626,63779589528652,-13.59572,2.596942,-0.05095661,-0.1033317,0.8766493,0.1619194,-0.4411244,0.004020722,0.002673111,-0.02369837,0.5217285,-0.005142212,0.8530884,0.02817464,0.002098129,-0.02233237,0.02817464,0.002098129,-0.02233237,0.5063019,0.0168457,0.8621826,0.5063019,0.0168457,0.8621826,5.661255,5.661255,True,True,True
1645634,63779589528652,-13.59572,2.596942,-0.05095661,-0.1033317,0.8766493,0.1619194,-0.4411244,0.004205124,0.002668762,-0.02367305,0.5180664,-0.0004119873,0.8553314,0.02817705,0.002101044,-0.02233597,0.02817705,0.002101044,-0.02233597,0.5119019,0.01939392,0.8588104,0.5119019,0.01939392,0.8588104,5.688797,5.688797,True,True,True
1645643,63779589528663,-13.59569,2.596933,-0.0509426,-0.1033045,0.8766983,0.1617269,-0.4411038,0.003914566,0.002679459,-0.02369858,0.5219574,-0.001037598,0.852951,0.02817839,0.00210289,-0.02233321,0.02817839,0.00210289,-0.02233321,0.5072479,0.02053833,0.8615417,0.5072479,0.02053833,0.8615417,5.664902,5.664902,True,True,True
1645651,63779589528674,-13.59566,2.596931,-0.05099535,-0.1032347,0.8768005,0.1615014,-0.4409999,0.00397757,0.002678421,-0.02369727,0.5236359,0.002700806,0.8519287,0.0281771,0.002103424,-0.02233606,0.0281771,0.002103424,-0.02233606,0.5102386,0.02450562,0.8596649,0.5102386,0.02450562,0.8596649,5.660919,5.660919,True,True,True
1645659,63779589528685,-13.5956,2.596915,-0.05101591,-0.1032324,0.8769225,0.1612867,-0.4408361,0.004444443,0.00266777,-0.02367226,0.5235443,0.004272461,0.8519745,0.02817581,0.002103958,-0.02233893,0.02817581,0.002103958,-0.02233893,0.5106354,0.02822876,0.8593292,0.5106354,0.02822876,0.8593292,5.653946,5.653946,True,True,True
1645668,63779589528685,-13.5956,2.596915,-0.05101591,-0.1032324,0.8769225,0.1612867,-0.4408361,0.005208511,0.002650589,-0.02362994,0.5220032,0.006851196,0.8529053,0.02817615,0.002105072,-0.02233925,0.02817615,0.002105072,-0.02233925,0.5091553,0.02955627,0.8601532,0.5091553,0.02955627,0.8601532,5.632599,5.632599,True,True,True
1645676,63779589528697,-13.59554,2.59688,-0.05109572,-0.1031704,0.877,0.1611557,-0.4407445,0.005638336,0.0026409,-0.02360567,0.5204926,0.00553894,0.8538361,0.02817581,0.002106186,-0.02233893,0.02817581,0.002106186,-0.02233893,0.5074921,0.02713013,0.8612213,0.5074921,0.02713013,0.8612213,5.608643,5.608643,True,True,True
1645684,63779589528707,-13.5955,2.596882,-0.05115569,-0.1031369,0.8770632,0.1610453,-0.4406669,0.006651612,0.002617432,-0.02354686,0.5193176,0.004882813,0.8545532,0.02817564,0.002106903,-0.02233641,0.02817564,0.002106903,-0.02233641,0.5079803,0.02467346,0.8609924,0.5079803,0.02467346,0.8609924,5.628265,5.628265,True,True,True
1645693,63779589528718,-13.59548,2.596915,-0.05124444,-0.1030589,0.8771523,0.1608189,-0.4405905,0.006239685,0.002627732,-0.02356848,0.520462,0.004989624,0.8538513,0.02817548,0.002107636,-0.02233388,0.02817548,0.002107636,-0.02233388,0.5084991,0.02545166,0.860672,0.5084991,0.02545166,0.860672,5.650299,5.650299,True,True,True
1645701,63779589528718,-13.59548,2.596915,-0.05124444,-0.1030589,0.8771523,0.1608189,-0.4405905,0.006272248,0.00262738,-0.02356647,0.5204163,0.003967285,0.8538818,0.02817537,0.002108276,-0.02233354,0.02817537,0.002108276,-0.02233354,0.5083923,0.02441406,0.8607635,0.5083923,0.02441406,0.8607635,5.640854,5.640854,True,True,True
1645709,63779589528730,-13.59542,2.596929,-0.0513097,-0.1029122,0.8771943,0.1607573,-0.4405638,0.00649765,0.002622452,-0.02355351,0.5201874,0.003204346,0.8540344,0.02817528,0.002108917,-0.02233321,0.02817528,0.002108917,-0.02233321,0.5084534,0.02349854,0.8607635,0.5084534,0.02349854,0.8607635,5.64888,5.64888,True,True,True
1645718,63779589528741,-13.59537,2.596913,-0.05139005,-0.102738,0.8772507,0.1606859,-0.440518,0.006399277,0.002624588,-0.02355863,0.5196533,0.003051758,0.8543701,0.02817505,0.002108643,-0.02233279,0.02817505,0.002108643,-0.02233279,0.5084686,0.02355957,0.8607483,0.5084686,0.02355957,0.8607483,5.655914,5.655914,True,True,True
1645726,63779589528752,-13.59538,2.596867,-0.05145305,-0.1025778,0.8773285,0.1605419,-0.440453,0.006564453,0.002620804,-0.02354909,0.5200195,0.003219604,0.8541412,0.02817482,0.002108917,-0.02233237,0.02817482,0.002108917,-0.02233237,0.5083771,0.02342224,0.8608093,0.5083771,0.02342224,0.8608093,5.648758,5.648758,True,True,True
1645734,63779589528752,-13.59538,2.596867,-0.05145305,-0.1025778,0.8773285,0.1605419,-0.440453,0.006502015,0.002622314,-0.02355206,0.5200195,0.00352478,0.8541412,0.02817476,0.002108933,-0.02233153,0.02817476,0.002108933,-0.02233153,0.508255,0.02404785,0.8608551,0.508255,0.02404785,0.8608551,5.640549,5.640549,True,True,True
1645743,63779589528763,-13.59535,2.59685,-0.05150902,-0.1023681,0.8773553,0.1605051,-0.4404618,0.006516556,0.002621994,-0.02355069,0.5201111,0.003982544,0.8540802,0.0281747,0.002108963,-0.02233069,0.0281747,0.002108963,-0.02233069,0.5083618,0.02482605,0.8607788,0.5083618,0.02482605,0.8607788,5.649704,5.649704,True,True,True
1645751,63779589528774,-13.59527,2.596858,-0.05159789,-0.1024425,0.8772488,0.1606614,-0.4405998,0.006441803,0.002623978,-0.02355457,0.5208435,0.003768921,0.8536377,0.0281747,0.002109329,-0.02233006,0.0281747,0.002109329,-0.02233006,0.5093231,0.02476501,0.860199,0.5093231,0.02476501,0.860199,5.633499,5.633499,True,True,True
1645759,63779589528785,-13.59524,2.596878,-0.05164969,-0.1026018,0.8772168,0.160836,-0.4405627,0.006593872,0.002620667,-0.02354512,0.5207367,0.003677368,0.8536987,0.02817397,0.002109863,-0.02232862,0.02817397,0.002109863,-0.02232862,0.5091553,0.02453613,0.860321,0.5091553,0.02453613,0.860321,5.633133,5.633133,True,True,True
1645768,63779589528785,-13.59524,2.596878,-0.05164969,-0.1026018,0.8772168,0.160836,-0.4405627,0.006454224,0.0026241,-0.02355139,0.5205994,0.002334595,0.8537903,0.02817385,0.002110016,-0.02232616,0.02817385,0.002110016,-0.02232616,0.5091553,0.0227356,0.8603668,0.5091553,0.0227356,0.8603668,5.63205,5.63205,True,True,True
1645776,63779589528797,-13.59519,2.59687,-0.0516898,-0.1027943,0.8771852,0.1608822,-0.4405637,0.006424546,0.002624786,-0.02355231,0.5196533,0.001464844,0.8543701,0.02817217,0.002110016,-0.02232517,0.02817217,0.002110016,-0.02232517,0.5075836,0.02238464,0.8612976,0.5075836,0.02238464,0.8612976,5.630234,5.630234,True,True,True
1645784,63779589528808,-13.59513,2.596827,-0.05176067,-0.1029675,0.8772053,0.1608588,-0.440492,0.00657013,0.002621308,-0.02354273,0.5195618,0.001037598,0.8544159,0.0281709,0.002110016,-0.02232312,0.0281709,0.002110016,-0.02232312,0.5076141,0.0214386,0.8612976,0.5076141,0.0214386,0.8612976,5.660522,5.660522,True,True,True
1645793,63779589528819,-13.5951,2.596823,-0.05183995,-0.1030108,0.8772105,0.1607872,-0.4404975,0.005445313,0.002647904,-0.02360535,0.5205383,-0.0001220703,0.8538208,0.0281695,0.002110016,-0.02232179,0.0281695,0.002110016,-0.02232179,0.5084381,0.02146912,0.8608246,0.5084381,0.02146912,0.8608246,5.661392,5.661392,True,True,True
1645801,63779589528819,-13.5951,2.596823,-0.05183995,-0.1030108,0.8772105,0.1607872,-0.4404975,0.005400544,0.002648972,-0.02360697,0.5207062,-0.0002288818,0.853714,0.02816908,0.002110016,-0.02232037,0.02816908,0.002110016,-0.02232037,0.5087128,0.02140808,0.8606567,0.5087128,0.02140808,0.8606567,5.662125,5.662125,True,True,True
1645809,63779589528830,-13.59502,2.59682,-0.05194157,-0.1029133,0.8772572,0.1608013,-0.4404222,0.005395295,0.002649201,-0.02360674,0.5215759,0.0003662109,0.8531952,0.02816835,0.002110016,-0.0223196,0.02816835,0.002110016,-0.0223196,0.5103607,0.02250671,0.8596497,0.5103607,0.02250671,0.8596497,5.664307,5.664307,True,True,True
1645818,63779589528841,-13.59498,2.596854,-0.05199468,-0.1027945,0.877341,0.160693,-0.4403224,0.006331681,0.002627274,-0.02355219,0.5211334,0.001113892,0.8534546,0.02816783,0.002109863,-0.02231804,0.02816783,0.002109863,-0.02231804,0.5108337,0.02249146,0.859375,0.5108337,0.02249146,0.859375,5.672012,5.672012,True,True,True
1645826,63779589528852,-13.59493,2.596874,-0.0520649,-0.1025949,0.8774464,0.1605607,-0.4402074,0.006345902,0.002626831,-0.02355008,0.5211792,0.0004577637,0.8534241,0.02816754,0.002109284,-0.02231621,0.02816754,0.002109284,-0.02231621,0.5110321,0.02154541,0.8592834,0.5110321,0.02154541,0.8592834,5.6745,5.6745,True,True,True
1645834,63779589528852,-13.59493,2.596874,-0.0520649,-0.1025949,0.8774464,0.1605607,-0.4402074,0.006238312,0.002629654,-0.02355603,0.5233765,0.0007171631,0.8520813,0.02816747,0.002108383,-0.02231607,0.02816747,0.002108383,-0.02231607,0.5118103,0.02189636,0.8588104,0.5118103,0.02189636,0.8588104,5.675858,5.675858,True,True,True
1645843,63779589528863,-13.59487,2.596894,-0.05212843,-0.102518,0.8775563,0.1604663,-0.4400407,0.006144944,0.002632996,-0.02356192,0.5231171,0.0008392334,0.8522491,0.02816677,0.002107117,-0.02231601,0.02816677,0.002107117,-0.02231601,0.5116577,0.02218628,0.8588867,0.5116577,0.02218628,0.8588867,5.676056,5.676056,True,True,True
1645851,63779589528874,-13.59475,2.596931,-0.05219144,-0.1025689,0.8776581,0.1603099,-0.4398826,0.006147003,0.002632523,-0.02356021,0.521225,-0.0003814697,0.8534088,0.02816637,0.002104447,-0.02231465,0.02816637,0.002104447,-0.02231465,0.5115814,0.02192688,0.8589478,0.5115814,0.02192688,0.8589478,5.677307,5.677307,True,True,True
1645859,63779589528885,-13.59467,2.596906,-0.05226731,-0.1023865,0.8778037,0.1602147,-0.439669,0.00617099,0.002631943,-0.02355829,0.5211334,-0.000213623,0.8534698,0.02816625,0.002102936,-0.02231461,0.02816625,0.002102936,-0.02231461,0.5115509,0.02177429,0.858963,0.5115509,0.02177429,0.858963,5.677261,5.677261,True,True,True
1645868,63779589528885,-13.59467,2.596906,-0.05226731,-0.1023865,0.8778037,0.1602147,-0.439669,0.006032746,0.002635025,-0.02356592,0.5239868,1.525879E-05,0.8517151,0.02816597,0.002102387,-0.02231433,0.02816597,0.002102387,-0.02231433,0.5132446,0.02203369,0.8579407,0.5132446,0.02203369,0.8579407,5.703934,5.703934,True,True,True
1645876,63779589528897,-13.59463,2.59693,-0.0523088,-0.1023474,0.8778991,0.1600934,-0.4395318,0.006205857,0.002630325,-0.02355603,0.5238342,4.577637E-05,0.8518066,0.02816554,0.002101471,-0.02231421,0.02816554,0.002101471,-0.02231421,0.5131378,0.0216217,0.858017,0.5131378,0.0216217,0.858017,5.703964,5.703964,True,True,True
1645884,63779589528908,-13.59455,2.596931,-0.05239248,-0.1022588,0.8780661,0.1599385,-0.4392752,0.006323746,0.002626404,-0.02354912,0.523819,0.0004425049,0.8518066,0.02816519,0.002099747,-0.02231386,0.02816519,0.002099747,-0.02231386,0.5133362,0.02210999,0.8578949,0.5133362,0.02210999,0.8578949,5.704742,5.704742,True,True,True
1645893,63779589528919,-13.59449,2.59694,-0.0524596,-0.1022296,0.8782342,0.1597979,-0.4389971,0.006368577,0.002624985,-0.02354601,0.523941,0.0009307861,0.8517456,0.02816475,0.002099213,-0.02231294,0.02816475,0.002099213,-0.02231294,0.5135803,0.02296448,0.8577271,0.5135803,0.02296448,0.8577271,5.705505,5.705505,True,True,True
1645901,63779589528919,-13.59449,2.59694,-0.0524596,-0.1022296,0.8782342,0.1597979,-0.4389971,0.005476242,0.002646332,-0.02358666,0.5223999,4.577637E-05,0.8526917,0.02820909,0.002106049,-0.02228658,0.02820909,0.002106049,-0.02228658,0.5072327,0.02406311,0.8614655,0.5072327,0.02406311,0.8614655,5.637924,5.637924,True,True,True
1645909,63779589528930,-13.59442,2.59697,-0.05252349,-0.1022222,0.8784036,0.1596678,-0.4387072,0.004634338,0.002667755,-0.0235282,0.4837494,0.004776001,0.8751831,0.02850639,0.002112152,-0.02216864,0.02850639,0.002112152,-0.02216864,0.4734192,0.02604675,0.8804321,0.4734192,0.02604675,0.8804321,5.688965,5.688965,True,True,True
1645918,63779589528940,-13.59433,2.596988,-0.05259001,-0.1021977,0.8785818,0.1596141,-0.4383755,0.004485535,0.002688629,-0.02339935,0.4380341,-0.003128052,0.898941,0.02889694,0.002114136,-0.02201819,0.02889694,0.002114136,-0.02201819,0.4223175,0.01689148,0.9062805,0.4223175,0.01689148,0.9062805,5.607864,5.607864,True,True,True
1645926,63779589528952,-13.59426,2.597031,-0.05259979,-0.1023408,0.8787559,0.1595599,-0.4380126,-0.0005703583,0.002829178,-0.02358223,0.4048767,0.00201416,0.9143524,0.02924306,0.00211058,-0.0219299,0.02924306,0.00211058,-0.0219299,0.3822784,0.03440857,0.9234009,0.3822784,0.03440857,0.9234009,5.59613,5.59613,True,True,True
1645934,63779589528952,-13.59426,2.597031,-0.05259979,-0.1023408,0.8787559,0.1595599,-0.4380126,-0.002573899,0.00290979,-0.02362186,0.3712158,0.01950073,0.9283295,0.0296254,0.002090836,-0.0218483,0.0296254,0.002090836,-0.0218483,0.3457031,0.03904724,0.9375153,0.3457031,0.03904724,0.9375153,5.611862,5.611862,True,True,True
1645943,63779589528963,-13.59418,2.597079,-0.05263585,-0.1022744,0.8789993,0.1594944,-0.4375635,0.01895491,0.002394806,-0.02229027,0.2772217,0.006851196,0.9607697,0.02990686,0.002124329,-0.02169809,0.02990686,0.002124329,-0.02169809,0.269043,0.0252533,0.9627838,0.269043,0.0252533,0.9627838,5.395599,5.395599,True,True,True
1645951,63779589528974,-13.594,2.597183,-0.05267113,-0.102171,0.8792586,0.159382,-0.4371075,0.02852487,0.002360611,-0.0221799,0.220993,-0.04800415,0.9740753,0.03012193,0.002326065,-0.02210842,0.03012193,0.002326065,-0.02210842,0.2201233,-0.04693604,0.9743347,0.2201233,-0.04693604,0.9743347,5.284851,5.284851,True,True,True
1645959,63779589528985,-13.59389,2.597264,-0.05275816,-0.1019978,0.8795544,0.1592019,-0.436618,-0.02758333,0.003748535,-0.02465389,0.2303619,-0.0818634,0.9696503,0.03033983,0.002723511,-0.02304106,0.03033983,0.002723511,-0.02304106,0,0,0,0,0,0,-1,-1,True,True,True
1645968,63779589528985,-13.59389,2.597264,-0.05275816,-0.1019978,0.8795544,0.1592019,-0.436618,-0.001,-0.001,-0.001,1,-1,-1,0.03057518,0.002826111,-0.02306697,0.03057518,0.002826111,-0.02306697,0,0,0,0,0,0,-1,-1,False,True,True
1645976,63779589528996,-13.59383,2.59744,-0.05278778,-0.1018657,0.8798409,0.1591372,-0.436095,-0.001,-0.001,-0.001,1,-1,-1,0.03116835,0.001607636,-0.02169492,0.03116835,0.001607636,-0.02169492,0,0,0,0,0,0,-1,-1,False,True,True
1645984,63779589529007,-13.59372,2.597604,-0.05286068,-0.1015951,0.8802131,0.1589715,-0.4354667,-0.001,-0.001,-0.001,1,-1,-1,0.03116835,0.001607636,-0.02169492,0.03116835,0.001607636,-0.02169492,0,0,0,0,0,0,-1,-1,False,False,False
1645993,63779589529018,-13.59368,2.597735,-0.05285376,-0.1014444,0.8805504,0.1591147,-0.4347674,-0.001,-0.001,-0.001,1,-1,-1,0.03316173,0.000954361,-0.02166875,0.03316173,0.000954361,-0.02166875,0,0,0,0,0,0,-1,-1,False,True,True
1646001,63779589529018,-13.59368,2.597735,-0.05285376,-0.1014444,0.8805504,0.1591147,-0.4347674,-0.001,-0.001,-0.001,1,-1,-1,0.03327326,0.0006884155,-0.02173746,0.03327326,0.0006884155,-0.02173746,0,0,0,0,0,0,-1,-1,False,True,True
1646009,63779589529029,-13.59364,2.597858,-0.05292511,-0.1010457,0.8808652,0.1592585,-0.4341694,-0.001,-0.001,-0.001,1,-1,-1,0.03187006,0.001167191,-0.02168781,0.03187006,0.001167191,-0.02168781,0,0,0,0,0,0,-1,-1,False,True,True
1646018,63779589529041,-13.59354,2.597981,-0.05300575,-0.1007603,0.8812498,0.1593009,-0.4334393,-0.001,-0.001,-0.001,1,-1,-1,0.03305925,0.0004997253,-0.02187674,0.03305925,0.0004997253,-0.02187674,0,0,0,0,0,0,-1,-1,False,True,True
1646026,63779589529052,-13.59342,2.598092,-0.05302626,-0.100221,0.8816454,0.1593718,-0.432733,-0.001,-0.001,-0.001,1,-1,-1,0.03348995,0.001075638,-0.02173241,0.03348995,0.001075638,-0.02173241,0,0,0,0,0,0,-1,-1,False,True,True
1646034,63779589529052,-13.59342,2.598092,-0.05302626,-0.100221,0.8816454,0.1593718,-0.432733,-0.001,-0.001,-0.001,1,-1,-1,0.03345949,0.00106781,-0.02178673,0.03345949,0.00106781,-0.02178673,0,0,0,0,0,0,-1,-1,False,True,True
1646043,63779589529063,-13.59332,2.598222,-0.05310315,-0.09987737,0.8820342,0.1594702,-0.431983,-0.001,-0.001,-0.001,1,-1,-1,0.0321637,0.001528687,-0.02182215,0.0321637,0.001528687,-0.02182215,0,0,0,0,0,0,-1,-1,False,True,True
1646051,63779589529075,-13.59326,2.598305,-0.05300397,-0.09972841,0.8822974,0.1596897,-0.4313987,-0.001,-0.001,-0.001,1,-1,-1,0.03203842,0.001770935,-0.02046437,0.03203842,0.001770935,-0.02046437,0,0,0,0,0,0,-1,-1,False,True,True
1646059,63779589529085,-13.59327,2.598379,-0.05299228,-0.09946665,0.8825746,0.1599144,-0.4308086,-0.001,-0.001,-0.001,1,-1,-1,0.03193497,0.002669861,-0.02201615,0.03193497,0.002669861,-0.02201615,0,0,0,0,0,0,-1,-1,False,True,True
1646068,63779589529085,-13.59327,2.598379,-0.05299228,-0.09946665,0.8825746,0.1599144,-0.4308086,-0.001,-0.001,-0.001,1,-1,-1,0.03141875,-8.378601E-05,-0.01496227,0.03141875,-8.378601E-05,-0.01496227,0,0,0,0,0,0,-1,-1,False,True,True
1646076,63779589529096,-13.59323,2.598442,-0.05298299,-0.0993322,0.8827325,0.1602626,-0.4303865,-0.001,-0.001,-0.001,1,-1,-1,0.03149019,0.0002944031,-0.01274988,0.03149019,0.0002944031,-0.01274988,0,0,0,0,0,0,-1,-1,False,True,True
1646084,63779589529108,-13.5932,2.598453,-0.05294383,-0.09923407,0.8828605,0.1605232,-0.4300492,-0.001,-0.001,-0.001,1,-1,-1,0.03100487,0.002407196,-0.02069856,0.03100487,0.002407196,-0.02069856,0,0,0,0,0,0,-1,-1,False,True,True
1646093,63779589529119,-13.59315,2.598496,-0.05289948,-0.09923687,0.8829803,0.1607254,-0.429727,-0.001,-0.001,-0.001,1,-1,-1,0.03085887,0.002658249,-0.02128842,0.03085887,0.002658249,-0.02128842,0,0,0,0,0,0,-1,-1,False,True,True
1646101,63779589529119,-13.59315,2.598496,-0.05289948,-0.09923687,0.8829803,0.1607254,-0.429727,-0.001,-0.001,-0.001,1,-1,-1,0.03072679,0.002937134,-0.02311025,0.03072679,0.002937134,-0.02311025,0,0,0,0,0,0,-1,-1,False,True,True
1646109,63779589529129,-13.59314,2.598467,-0.05283976,-0.09917603,0.8830959,0.1610017,-0.4293998,-0.001,-0.001,-0.001,1,-1,-1,0.030772,0.002762421,-0.02182401,0.030772,0.002762421,-0.02182401,0,0,0,0,0,0,-1,-1,False,True,True
1646118,63779589529141,-13.59309,2.598474,-0.0528155,-0.09916615,0.8831499,0.1611265,-0.4292442,-0.001,-0.001,-0.001,1,-1,-1,0.03054364,0.002273056,-0.0198821,0.03054364,0.002273056,-0.0198821,0,0,0,0,0,0,-1,-1,False,True,True
1646126,63779589529152,-13.59309,2.598462,-0.05280018,-0.09916516,0.8831782,0.161448,-0.4290653,-0.001,-0.001,-0.001,1,-1,-1,0.03072138,0.002898377,-0.02301924,0.03072138,0.002898377,-0.02301924,0,0,0,0,0,0,-1,-1,False,True,True
1646134,63779589529152,-13.59309,2.598462,-0.05280018,-0.09916516,0.8831782,0.161448,-0.4290653,-0.001,-0.001,-0.001,1,-1,-1,0.03068131,0.002789032,-0.02285047,0.03068131,0.002789032,-0.02285047,0,0,0,0,0,0,-1,-1,False,True,True
1646143,63779589529163,-13.5931,2.598521,-0.05270392,-0.09915694,0.8831792,0.1616527,-0.428988,-0.02744367,0.003874573,-0.02464215,0.1309204,-0.02903748,0.9909515,0.03067948,0.002711472,-0.02268642,0.03067948,0.002711472,-0.02268642,0.07598877,0.01998901,0.9969025,0.07598877,0.01998901,0.9969025,5.418106,5.418106,True,True,True
1646151,63779589529174,-13.59314,2.598527,-0.05259126,-0.09931143,0.8831934,0.1618313,-0.4288558,-0.02745192,0.003857682,-0.02465285,0.1246185,-0.01173401,0.9921265,0.03067038,0.002697022,-0.02264009,0.03067038,0.002697022,-0.02264009,0.0962677,0.02023315,0.9951477,0.0962677,0.02023315,0.9951477,5.548706,5.548706,True,True,True
1646159,63779589529185,-13.59305,2.598569,-0.05249971,-0.09933552,0.8831141,0.162,-0.42895,-0.02745075,0.003833405,-0.02465811,0.1352081,-0.005828857,0.990799,0.03066077,0.002713715,-0.02276273,0.03066077,0.002713715,-0.02276273,0.08247375,0.05143738,0.9952545,0.08247375,0.05143738,0.9952545,5.618256,5.618256,True,True,True
1646168,63779589529185,-13.59305,2.598569,-0.05249971,-0.09933552,0.8831141,0.162,-0.42895,-0.02746265,0.003786255,-0.02467864,0.1388092,-0.01324463,0.9902191,0.03068393,0.002775803,-0.02299867,0.03068393,0.002775803,-0.02299867,0.1197205,0.05805969,0.9911041,0.1197205,0.05805969,0.9911041,5.552872,5.552872,True,True,True
1646176,63779589529196,-13.59307,2.598648,-0.0523448,-0.09952465,0.8830699,0.1620657,-0.4289722,-0.02745244,0.003769959,-0.02468129,0.1361542,-0.0307312,0.9902039,0.03063091,0.002649964,-0.02273493,0.03063091,0.002649964,-0.02273493,0.0970459,0.03155518,0.9947662,0.0970459,0.03155518,0.9947662,5.436325,5.436325,True,True,True
1646184,63779589529207,-13.59308,2.598663,-0.05229068,-0.09953557,0.8830327,0.1622492,-0.428977,-0.02745098,0.003755386,-0.02468389,0.1450043,-0.03326416,0.9888611,0.03063388,0.002633926,-0.02271161,0.03063388,0.002633926,-0.02271161,0.1013336,0.0213623,0.9946136,0.1013336,0.0213623,0.9946136,5.401154,5.401154,True,True,True
1646193,63779589529218,-13.59318,2.598687,-0.05219525,-0.09962305,0.8830199,0.1622663,-0.4289766,-0.02744902,0.003769043,-0.02466463,0.1401215,-0.05195618,0.9887543,0.03062607,0.002624176,-0.02272885,0.03062607,0.002624176,-0.02272885,0.08978271,0.03884888,0.9951935,0.08978271,0.03884888,0.9951935,5.47847,5.47847,True,True,True
1646201,63779589529218,-13.59318,2.598687,-0.05219525,-0.09962305,0.8830199,0.1622663,-0.4289766,-0.01664365,0.003529205,-0.02435716,0.129425,-0.01834106,0.9914093,0.03062184,0.002617844,-0.02284177,0.03062184,0.002617844,-0.02284177,0.08683777,0.03924561,0.9954376,0.08683777,0.03924561,0.9954376,5.553925,5.553925,True,True,True
1646209,63779589529229,-13.59321,2.598717,-0.05213112,-0.09966006,0.8829731,0.1624264,-0.4290037,-0.009065338,0.003380692,-0.024071,0.1170197,-0.006210327,0.993103,0.03064398,0.002602112,-0.02269034,0.03064398,0.002602112,-0.02269034,0.08123779,0.04122925,0.9958344,0.08123779,0.04122925,0.9958344,5.578308,5.578308,True,True,True
1646218,63779589529240,-13.59323,2.598675,-0.05204952,-0.09955317,0.8829566,0.1625072,-0.4290319,-0.01594627,0.003469711,-0.02422617,0.1251831,-0.009140015,0.9920807,0.03061379,0.002489853,-0.022325,0.03061379,0.002489853,-0.022325,0.08627319,0.01777649,0.996109,0.08627319,0.01777649,0.996109,5.512436,5.512436,True,True,True
1646226,63779589529252,-13.59325,2.59865,-0.05194837,-0.09959083,0.8828787,0.1626369,-0.4291344,-0.02369853,0.003605881,-0.02453197,0.1339874,-0.01119995,0.9909058,0.03062476,0.002497269,-0.02236562,0.03062476,0.002497269,-0.02236562,0.08720398,0.01948547,0.9959869,0.08720398,0.01948547,0.9959869,5.405899,5.405899,True,True,True
1646234,63779589529252,-13.59325,2.59865,-0.05194837,-0.09959083,0.8828787,0.1626369,-0.4291344,-0.02652898,0.003658081,-0.02463271,0.137207,-0.01228333,0.9904633,0.03062633,0.002480728,-0.02231085,0.03062633,0.002480728,-0.02231085,0.08537292,0.02044678,0.9961243,0.08537292,0.02044678,0.9961243,5.507751,5.507751,True,True,True
1646243,63779589529262,-13.59327,2.598661,-0.05183941,-0.09954014,0.8828543,0.1627403,-0.4291569,-0.02724846,0.003667359,-0.02465428,0.1385651,-0.01200867,0.9902649,0.03063175,0.002432541,-0.02214957,0.03063175,0.002432541,-0.02214957,0.09176636,0.01327515,0.9956818,0.09176636,0.01327515,0.9956818,5.510864,5.510864,True,True,True
1646251,63779589529274,-13.59324,2.598715,-0.05175418,-0.09954076,0.8827961,0.1629615,-0.4291926,-0.02719515,0.003645539,-0.02464736,0.1404877,-0.01582336,0.9899445,0.03062033,0.002448914,-0.0222533,0.03062033,0.002448914,-0.0222533,0.09674072,0.003051758,0.9953003,0.09674072,0.003051758,0.9953003,5.45372,5.45372,True,True,True
1646259,63779589529285,-13.59327,2.598722,-0.05167234,-0.09947441,0.8827188,0.1631634,-0.4292903,-0.0271205,0.003633759,-0.02464873,0.1404114,-0.006408691,0.9900665,0.03062082,0.002452408,-0.02226978,0.03062082,0.002452408,-0.02226978,0.09561157,0.008224487,0.9953766,0.09561157,0.008224487,0.9953766,5.47319,5.47319,True,True,True
1646268,63779589529285,-13.59327,2.598722,-0.05167234,-0.09947441,0.8827188,0.1631634,-0.4292903,-0.02680405,0.003628235,-0.02463901,0.1366272,-0.00479126,0.9906006,0.03062129,0.002448914,-0.0222533,0.03062129,0.002448914,-0.0222533,0.09439087,0.01293945,0.9954376,0.09439087,0.01293945,0.9954376,5.477753,5.477753,True,True,True
1646276,63779589529296,-13.59319,2.598755,-0.05156022,-0.09938315,0.8826198,0.1634528,-0.4294048,-0.02599495,0.003608582,-0.02460164,0.135376,-0.002532959,0.9907837,0.03065238,0.002349701,-0.02196036,0.03065238,0.002349701,-0.02196036,0.1044464,0.02096558,0.9942932,0.1044464,0.02096558,0.9942932,5.486206,5.486206,True,True,True
1646284,63779589529307,-13.59324,2.598751,-0.05143315,-0.09941767,0.8825082,0.1636496,-0.4295512,-0.02660172,0.003620148,-0.02462778,0.1349335,-0.001281738,0.9908447,0.03068828,0.002225754,-0.02158547,0.03068828,0.002225754,-0.02158547,0.1116943,0.03265381,0.9931946,0.1116943,0.03265381,0.9931946,5.533371,5.533371,True,True,True
1646293,63779589529318,-13.59327,2.598716,-0.05133128,-0.09929035,0.8823965,0.163933,-0.4297019,-0.02722635,0.003635178,-0.02466196,0.1366425,-0.0004272461,0.9906158,0.03068636,0.002227158,-0.02161441,0.03068636,0.002227158,-0.02161441,0.113327,0.03363037,0.992981,0.113327,0.03363037,0.992981,5.495865,5.495865,True,True,True
1646301,63779589529318,-13.59327,2.598716,-0.05133128,-0.09929035,0.8823965,0.163933,-0.4297019,-0.02736783,0.003630081,-0.02468172,0.138504,0.01397705,0.9902496,0.03068282,0.00224028,-0.02167247,0.03068282,0.00224028,-0.02167247,0.1083832,0.03065491,0.9936218,0.1083832,0.03065491,0.9936218,5.503479,5.503479,True,True,True
1646309,63779589529330,-13.59334,2.598667,-0.0512529,-0.09926055,0.8823167,0.1640227,-0.4298385,-0.02736752,0.003622513,-0.02467993,0.1424866,0.01226807,0.9897156,0.03067928,0.002253403,-0.02173052,0.03067928,0.002253403,-0.02173052,0.1112671,0.02760315,0.9933929,0.1112671,0.02760315,0.9933929,5.486908,5.486908,True,True,True
1646318,63779589529341,-13.59337,2.598626,-0.0511477,-0.09921859,0.882165,0.1641041,-0.4301283,-0.02732488,0.003621826,-0.02467952,0.1403351,0.012146,0.9900208,0.03067307,0.002259644,-0.02175864,0.03067307,0.002259644,-0.02175864,0.109375,0.02658081,0.9936371,0.109375,0.02658081,0.9936371,5.488876,5.488876,True,True,True
1646326,63779589529351,-13.59335,2.598554,-0.051054,-0.09924276,0.8820242,0.1642671,-0.4303494,-0.02725179,0.003619522,-0.02467488,0.1392517,0.01081848,0.9901886,0.03066684,0.002265885,-0.02178676,0.03066684,0.002265885,-0.02178676,0.1074066,0.02713013,0.9938354,0.1074066,0.02713013,0.9938354,5.483459,5.483459,True,True,True
1646334,63779589529351,-13.59335,2.598554,-0.051054,-0.09924276,0.8820242,0.1642671,-0.4303494,-0.02709538,0.003617813,-0.02467166,0.1321564,0.009063721,0.9911804,0.0306462,0.002361511,-0.0220928,0.0306462,0.002361511,-0.0220928,0.09797668,0.02151489,0.9949493,0.09797668,0.02151489,0.9949493,5.457413,5.457413,True,True,True
1646343,63779589529362,-13.5934,2.598533,-0.05094832,-0.09925565,0.8818567,0.1643939,-0.430641,-0.02578713,0.00358577,-0.02460359,0.1351013,0.007156372,0.990799,0.03066684,0.002265885,-0.02178676,0.03066684,0.002265885,-0.02178676,0.1010437,0.02674866,0.9945068,0.1010437,0.02674866,0.9945068,5.464218,5.464218,True,True,True
1646351,63779589529374,-13.59342,2.59849,-0.05086619,-0.09941511,0.881714,0.1643848,-0.4308999,-0.01817723,0.003407639,-0.02422031,0.1322479,0.01173401,0.9911346,0.03067307,0.002259644,-0.02175864,0.03067307,0.002259644,-0.02175864,0.1024017,0.02571106,0.9944,0.1024017,0.02571106,0.9944,5.459427,5.459427,True,True,True
1646359,63779589529385,-13.59345,2.598444,-0.05080086,-0.09961696,0.8816185,0.1642914,-0.4310843,-0.01269786,0.003287125,-0.02395499,0.125824,0.01271057,0.9919586,0.03067928,0.002253403,-0.02173052,0.03067928,0.002253403,-0.02173052,0.1037598,0.0262146,0.9942474,0.1037598,0.0262146,0.9942474,5.455902,5.455902,True,True,True
1646368,63779589529385,-13.59345,2.598444,-0.05080086,-0.09961696,0.8816185,0.1642914,-0.4310843,-0.008935837,0.003202362,-0.02376627,0.1226196,0.01197815,0.9923706,0.03068282,0.00224028,-0.02169185,0.03068282,0.00224028,-0.02169185,0.1051178,0.02648926,0.9940948,0.1051178,0.02648926,0.9940948,5.462997,5.462997,True,True,True
1646376,63779589529396,-13.59347,2.598393,-0.05074435,-0.09988992,0.8815563,0.1642234,-0.4311741,-0.007062378,0.003158005,-0.02366286,0.1232758,0.01187134,0.9922943,0.03068636,0.002227158,-0.02165366,0.03068636,0.002227158,-0.02165366,0.1060486,0.02728271,0.9939728,0.1060486,0.02728271,0.9939728,5.46579,5.46579,True,True,True
1646384,63779589529408,-13.59351,2.598372,-0.05070603,-0.1000748,0.8814915,0.1641337,-0.4312977,-0.006262955,0.003141937,-0.02362856,0.1220551,0.01152039,0.9924469,0.03068282,0.002221924,-0.02165491,0.03068282,0.002221924,-0.02165491,0.10495,0.02853394,0.9940643,0.10495,0.02853394,0.9940643,5.463501,5.463501,True,True,True
1646393,63779589529418,-13.59354,2.598297,-0.05068326,-0.100123,0.8815157,0.1640504,-0.4312688,-0.007214295,0.003163956,-0.02368198,0.1221008,0.01074219,0.9924469,0.03067928,0.002216705,-0.02165616,0.03067928,0.002216705,-0.02165616,0.1038513,0.02973938,0.9941406,0.1038513,0.02973938,0.9941406,5.46106,5.46106,True,True,True
1646401,63779589529418,-13.59354,2.598297,-0.05068326,-0.100123,0.8815157,0.1640504,-0.4312688,-0.008882538,0.003206864,-0.02378047,0.1227112,0.009338379,0.9923859,0.03067854,0.00221991,-0.02167807,0.03067854,0.00221991,-0.02167807,0.1032257,0.03025818,0.9941864,0.1032257,0.03025818,0.9941864,5.452744,5.452744,True,True,True
1646409,63779589529429,-13.59357,2.598287,-0.05066413,-0.1002423,0.8815172,0.1639168,-0.4312889,-0.008250626,0.003192215,-0.02375635,0.1220398,0.010849,0.9924622,0.03067896,0.002223114,-0.02169998,0.03067896,0.002223114,-0.02169998,0.1029205,0.03092957,0.9942017,0.1029205,0.03092957,0.9942017,5.445114,5.445114,True,True,True
1646418,63779589529440,-13.59362,2.598264,-0.05067295,-0.1003828,0.8815494,0.1639269,-0.4311865,0.006164887,0.002832337,-0.02300835,0.1147766,0.01911926,0.9931946,0.03067883,0.002221314,-0.02172087,0.03067883,0.002221314,-0.02172087,0.1028748,0.03277588,0.9941406,0.1028748,0.03277588,0.9941406,5.44519,5.44519,True,True,True
1646426,63779589529453,-13.59363,2.598278,-0.0506978,-0.1005408,0.8815786,0.1637965,-0.4311396,0.006809906,0.002815735,-0.02297606,0.1134644,0.02001953,0.9933319,0.03067883,0.002220123,-0.02172087,0.03067883,0.002220123,-0.02172087,0.1014557,0.03305054,0.994278,0.1014557,0.03305054,0.994278,5.444946,5.444946,True,True,True
1646434,63779589529453,-13.59363,2.598278,-0.0506978,-0.1005408,0.8815786,0.1637965,-0.4311396,0.006542633,0.002820572,-0.02298624,0.1132355,0.02044678,0.9933472,0.03067896,0.002216705,-0.02171147,0.03067896,0.002216705,-0.02171147,0.1011353,0.03335571,0.9943085,0.1011353,0.03335571,0.9943085,5.445541,5.445541,True,True,True
1646443,63779589529462,-13.59363,2.598298,-0.05066133,-0.100557,0.8816994,0.1636776,-0.430934,0.006214142,0.002828003,-0.02299828,0.113739,0.0201416,0.9933014,0.03068256,0.002215241,-0.02169998,0.03068256,0.002215241,-0.02169998,0.1018219,0.03292847,0.9942474,0.1018219,0.03292847,0.9942474,5.436417,5.436417,True,True,True
1646451,63779589529474,-13.59362,2.598298,-0.05070925,-0.1007311,0.8817369,0.1636525,-0.430826,0.00568924,0.002840729,-0.02302492,0.1134796,0.01924133,0.9933472,0.03068333,0.002214493,-0.02169998,0.03068333,0.002214493,-0.02169998,0.1009827,0.03207397,0.9943542,0.1009827,0.03207397,0.9943542,5.433533,5.433533,True,True,True
1646459,63779589529485,-13.59364,2.598275,-0.05071968,-0.1008823,0.8818001,0.1636139,-0.4306759,0.006280991,0.002825897,-0.02299355,0.1124725,0.01922607,0.993454,0.03068333,0.002214493,-0.02169998,0.03068333,0.002214493,-0.02169998,0.1009979,0.03186035,0.9943695,0.1009979,0.03186035,0.9943695,5.433456,5.433456,True,True,True
1646468,63779589529485,-13.59364,2.598275,-0.05071968,-0.1008823,0.8818001,0.1636139,-0.4306759,0.007165589,0.002803726,-0.02294843,0.1112213,0.01977539,0.9935913,0.03068256,0.002214493,-0.02170299,0.03068256,0.002214493,-0.02170299,0.1000824,0.03205872,0.9944611,0.1000824,0.03205872,0.9944611,5.433395,5.433395,True,True,True
1646476,63779589529496,-13.59358,2.598279,-0.05070841,-0.1010681,0.8818171,0.1638872,-0.4304937,0.007529984,0.00279509,-0.0229343,0.1112823,0.02035522,0.993576,0.0306823,0.002215241,-0.02171147,0.0306823,0.002215241,-0.02171147,0.1000824,0.03276062,0.9944305,0.1000824,0.03276062,0.9944305,5.445755,5.445755,True,True,True
1646484,63779589529507,-13.59362,2.598307,-0.05070841,-0.1012707,0.8817925,0.1641216,-0.4304071,0.007547928,0.002797608,-0.02293735,0.1116333,0.01927185,0.9935608,0.03068199,0.002220123,-0.02171803,0.03068199,0.002220123,-0.02171803,0.1000061,0.03163147,0.9944763,0.1000061,0.03163147,0.9944763,5.446182,5.446182,True,True,True
1646493,63779589529518,-13.59358,2.598333,-0.05078679,-0.1014962,0.8816684,0.164606,-0.4304233,0.007375229,0.002802628,-0.02294815,0.111618,0.01904297,0.9935608,0.03068186,0.002221314,-0.02172087,0.03068186,0.002221314,-0.02172087,0.09977722,0.03137207,0.9945068,0.09977722,0.03137207,0.9945068,5.432266,5.432266,True,True,True
1646501,63779589529518,-13.59358,2.598333,-0.05078679,-0.1014962,0.8816684,0.164606,-0.4304233,0.007198014,0.00280687,-0.02295856,0.1117096,0.01951599,0.9935455,0.0306816,0.002221573,-0.02172269,0.0306816,0.002221573,-0.02172269,0.09970093,0.03149414,0.9945068,0.09970093,0.03149414,0.9945068,5.432404,5.432404,True,True,True
1646509,63779589529529,-13.59363,2.598319,-0.05077797,-0.1017416,0.8816009,0.1647937,-0.4304319,0.007971756,0.002766571,-0.0229043,0.1161499,0.02468872,0.9929199,0.03068186,0.002223114,-0.02172899,0.03068186,0.002223114,-0.02172899,0.09994507,0.0317688,0.9944763,0.09994507,0.0317688,0.9944763,5.44577,5.44577,True,True,True
1646518,63779589529540,-13.59365,2.598281,-0.0508104,-0.1019258,0.881521,0.1650166,-0.4304665,0.009243988,0.002738068,-0.02283473,0.1163483,0.02438354,0.9929047,0.03068199,0.002226181,-0.02172925,0.03068199,0.002226181,-0.02172925,0.1017609,0.03102112,0.9943237,0.1017609,0.03102112,0.9943237,5.451981,5.451981,True,True,True
1646526,63779589529552,-13.59366,2.59827,-0.05083477,-0.1019837,0.8815015,0.1649874,-0.4305038,0.01035848,0.002712692,-0.0227771,0.1156464,0.02438354,0.992981,0.0306823,0.002228088,-0.02172925,0.0306823,0.002228088,-0.02172925,0.1018372,0.03050232,0.9943237,0.1018372,0.03050232,0.9943237,5.451797,5.451797,True,True,True
1646534,63779589529552,-13.59366,2.59827,-0.05083477,-0.1019837,0.8815015,0.1649874,-0.4305038,0.01125086,0.002690155,-0.02273111,0.1151428,0.02493286,0.9930267,0.03068256,0.002226181,-0.02172925,0.03068256,0.002226181,-0.02172925,0.1019135,0.03102112,0.9943085,0.1019135,0.03102112,0.9943085,5.452133,5.452133,True,True,True
1646543,63779589529562,-13.59367,2.598276,-0.05085009,-0.1020547,0.8814482,0.1650577,-0.4305691,0.01165161,0.002681885,-0.02271726,0.1138763,0.02549744,0.9931641,0.03068333,0.002228088,-0.02173935,0.03068333,0.002228088,-0.02173935,0.1004333,0.03157043,0.9944305,0.1004333,0.03157043,0.9944305,5.457932,5.457932,True,True,True
1646551,63779589529574,-13.59367,2.598267,-0.05085129,-0.1020461,0.8814162,0.1651309,-0.4306087,0.01161771,0.002682907,-0.02271925,0.1152344,0.02478027,0.9930267,0.03068407,0.002228394,-0.02173969,0.03068407,0.002228394,-0.02173969,0.102417,0.03053284,0.9942627,0.102417,0.03053284,0.9942627,5.463974,5.463974,True,True,True
1646559,63779589529585,-13.59368,2.598304,-0.0508554,-0.101936,0.8814228,0.1650294,-0.4306602,0.0110775,0.002695801,-0.02274873,0.1152802,0.02470398,0.9930115,0.03068456,0.002228394,-0.02174227,0.03068456,0.002228394,-0.02174227,0.1020355,0.03067017,0.9942932,0.1020355,0.03067017,0.9942932,5.463974,5.463974,True,True,True
1646568,63779589529585,-13.59368,2.598304,-0.0508554,-0.101936,0.8814228,0.1650294,-0.4306602,0.01002376,0.002667038,-0.02275525,0.1161804,0.01754761,0.9930573,0.03071579,0.00212262,-0.02160663,0.03071579,0.00212262,-0.02160663,0.1080322,0.03411865,0.9935608,0.1080322,0.03411865,0.9935608,5.455399,5.455399,True,True,True
1646576,63779589529596,-13.59369,2.598309,-0.0508728,-0.1017664,0.881433,0.1650438,-0.430674,-0.0003338165,0.002867966,-0.0232603,0.1124268,-0.002334595,0.9936523,0.03069161,0.001996842,-0.02142297,0.03069161,0.001996842,-0.02142297,0.09963989,0.02481079,0.9947052,0.09963989,0.02481079,0.9947052,5.436325,5.436325,True,True,True
1646584,63779589529607,-13.59367,2.598284,-0.05089617,-0.1016197,0.8814225,0.1649948,-0.4307488,-0.01872073,0.003241348,-0.02415221,0.1313934,-0.0131073,0.9912415,0.03066069,0.001905625,-0.02127219,0.03066069,0.001905625,-0.02127219,0.1102142,0.03012085,0.9934387,0.1102142,0.03012085,0.9934387,5.490845,5.490845,True,True,True
1646593,63779589529618,-13.59365,2.598279,-0.05091536,-0.1015018,0.8814304,0.1648524,-0.4308149,-0.02430744,0.003378327,-0.02450198,0.1409302,-0.02056885,0.9897919,0.03063971,0.001893616,-0.02128447,0.03063971,0.001893616,-0.02128447,0.1128998,0.02302551,0.9933319,0.1128998,0.02302551,0.9933319,5.498444,5.498444,True,True,True
1646601,63779589529618,-13.59365,2.598279,-0.05091536,-0.1015018,0.8814304,0.1648524,-0.4308149,-0.02598303,0.003418396,-0.02459631,0.1379242,-0.01841736,0.9902649,0.03064243,0.001895844,-0.02129131,0.03064243,0.001895844,-0.02129131,0.1099701,0.02349854,0.9936523,0.1099701,0.02349854,0.9936523,5.479172,5.479172,True,True,True
1646609,63779589529629,-13.59368,2.598224,-0.05089211,-0.1014304,0.8814133,0.1649117,-0.4308442,-0.02631513,0.003426132,-0.02461128,0.1376343,-0.02001953,0.9902649,0.03064516,0.001893616,-0.02128447,0.03064516,0.001893616,-0.02128447,0.1070557,0.0226593,0.993988,0.1070557,0.0226593,0.993988,5.459671,5.459671,True,True,True
1646618,63779589529640,-13.59366,2.598243,-0.05093521,-0.1012958,0.8814659,0.1647059,-0.4308467,-0.02596982,0.003415619,-0.02458672,0.1376648,-0.01828003,0.9902954,0.03064769,0.001890778,-0.02127774,0.03064769,0.001890778,-0.02127774,0.1058502,0.02375793,0.9940948,0.1058502,0.02375793,0.9940948,5.467834,5.467834,True,True,True
1646626,63779589529652,-13.59364,2.598217,-0.05098212,-0.1011562,0.8815182,0.1645917,-0.4308163,-0.02399234,0.003360321,-0.02447225,0.1379547,-0.01748657,0.9902802,0.03065022,0.00188794,-0.02127101,0.03065022,0.00188794,-0.02127101,0.1084442,0.02487183,0.9937897,0.1084442,0.02487183,0.9937897,5.461655,5.461655,True,True,True
1646634,63779589529652,-13.59364,2.598217,-0.05098212,-0.1011562,0.8815182,0.1645917,-0.4308163,-0.01778514,0.003191178,-0.02410883,0.1348572,-0.01100159,0.990799,0.03065129,0.001886505,-0.02126439,0.03065129,0.001886505,-0.02126439,0.1095734,0.02526855,0.9936523,0.1095734,0.02526855,0.9936523,5.464828,5.464828,True,True,True
1646643,63779589529662,-13.59364,2.598224,-0.05104953,-0.1009656,0.8816037,0.1644818,-0.430728,0.001226639,0.002678116,-0.02298825,0.1244354,0.002304077,0.992218,0.03065238,0.001886368,-0.02125778,0.03065238,0.001886368,-0.02125778,0.1095123,0.02449036,0.9936829,0.1095123,0.02449036,0.9936829,5.467041,5.467041,True,True,True
1646651,63779589529674,-13.59362,2.598205,-0.05109614,-0.1009794,0.8816404,0.1643572,-0.4306972,0.009757782,0.002447495,-0.02248572,0.1197662,0.007888794,0.9927673,0.03065198,0.001885712,-0.02125748,0.03065198,0.001885712,-0.02125748,0.1091766,0.02378845,0.9937286,0.1091766,0.02378845,0.9937286,5.464142,5.464142,True,True,True
1646659,63779589529685,-13.59363,2.598109,-0.05115467,-0.1008303,0.8817114,0.1642592,-0.4306242,0.007327286,0.002512543,-0.02262875,0.121048,0.005462646,0.99263,0.03065158,0.001886368,-0.02125778,0.03065158,0.001886368,-0.02125778,0.1088409,0.02279663,0.9937897,0.1088409,0.02279663,0.9937897,5.46077,5.46077,True,True,True
1646668,63779589529685,-13.59363,2.598109,-0.05115467,-0.1008303,0.8817114,0.1642592,-0.4306242,0.007101792,0.002518372,-0.02264591,0.1209564,0.005966187,0.99263,0.03065103,0.001887146,-0.02126439,0.03065103,0.001887146,-0.02126439,0.108902,0.02386475,0.9937592,0.108902,0.02386475,0.9937592,5.463547,5.463547,True,True,True
1646676,63779589529696,-13.59362,2.598094,-0.05120254,-0.1009008,0.8817426,0.1641322,-0.4305921,0.007048569,0.002519943,-0.02264462,0.1207733,0.005905151,0.9926605,0.03065047,0.00188794,-0.02125778,0.03065047,0.00188794,-0.02125778,0.1085205,0.02397156,0.9937897,0.1085205,0.02397156,0.9937897,5.461426,5.461426,True,True,True
1646684,63779589529707,-13.59361,2.598064,-0.0512327,-0.1006934,0.8818238,0.1639895,-0.4305288,0.007416321,0.002511307,-0.02262651,0.1207123,0.006225586,0.9926605,0.03065035,0.001890488,-0.02126439,0.03065035,0.001890488,-0.02126439,0.1087189,0.02412415,0.9937744,0.1087189,0.02412415,0.9937744,5.464111,5.464111,True,True,True
1646693,63779589529718,-13.5936,2.598077,-0.051247,-0.1007012,0.8818812,0.1637452,-0.4305025,0.007643662,0.002506577,-0.02260901,0.1208038,0.005340576,0.9926605,0.03065022,0.001893051,-0.02125778,0.03065022,0.001893051,-0.02125778,0.1089172,0.02337646,0.9937744,0.1089172,0.02337646,0.9937744,5.466721,5.466721,True,True,True
1646701,63779589529718,-13.5936,2.598077,-0.051247,-0.1007012,0.8818812,0.1637452,-0.4305025,0.00786557,0.00250061,-0.02259561,0.1203156,0.005065918,0.9927063,0.03065009,0.001893341,-0.02125748,0.03065009,0.001893341,-0.02125748,0.1086426,0.02328491,0.9938049,0.1086426,0.02328491,0.9938049,5.463928,5.463928,True,True,True
1646709,63779589529729,-13.59359,2.598049,-0.05128551,-0.1006804,0.8818955,0.1635834,-0.4305394,0.008064667,0.002495285,-0.02258272,0.1201782,0.004974365,0.9927368,0.03064997,0.001893616,-0.02125717,0.03064997,0.001893616,-0.02125717,0.1083832,0.02310181,0.9938354,0.1083832,0.02310181,0.9938354,5.461136,5.461136,True,True,True
1646718,63779589529740,-13.59356,2.598035,-0.05129337,-0.1006358,0.8819428,0.1634686,-0.4304966,0.008058198,0.002495819,-0.02258208,0.1199188,0.004745483,0.9927673,0.03064997,0.001894531,-0.02125717,0.03064997,0.001894531,-0.02125717,0.1081848,0.02293396,0.9938507,0.1081848,0.02293396,0.9938507,5.449371,5.449371,True,True,True
1646726,63779589529752,-13.59356,2.598023,-0.05130672,-0.1006089,0.8819912,0.163365,-0.4304431,0.008109528,0.002492874,-0.02257861,0.1198883,0.005615234,0.9927673,0.03064997,0.001893051,-0.02125652,0.03064997,0.001893051,-0.02125652,0.1081848,0.02403259,0.9938354,0.1081848,0.02403259,0.9938354,5.450089,5.450089,True,True,True
1646734,63779589529752,-13.59356,2.598023,-0.05130672,-0.1006089,0.8819912,0.163365,-0.4304431,0.008245652,0.002488998,-0.02256757,0.119751,0.006134033,0.9927826,0.03064986,0.001893051,-0.0212516,0.03064986,0.001893051,-0.0212516,0.1081696,0.02461243,0.9938202,0.1081696,0.02461243,0.9938202,5.450821,5.450821,True,True,True
1646743,63779589529763,-13.59349,2.598,-0.05127352,-0.1005983,0.881967,0.1633286,-0.430509,0.008289155,0.002488663,-0.02256664,0.1196442,0.005828857,0.9927979,0.03064923,0.001894531,-0.02125652,0.03064923,0.001894531,-0.02125652,0.1084137,0.02445984,0.9937897,0.1084137,0.02445984,0.9937897,5.434204,5.434204,True,True,True
1646751,63779589529773,-13.59344,2.598002,-0.05124527,-0.1005402,0.8820034,0.1631565,-0.4305134,0.008387314,0.00248523,-0.02255629,0.1186676,0.005752563,0.9929047,0.03064617,0.001894531,-0.0212516,0.03064617,0.001894531,-0.0212516,0.1069946,0.02401733,0.9939575,0.1069946,0.02401733,0.9939575,5.428482,5.428482,True,True,True
1646759,63779589529785,-13.59342,2.597973,-0.05125701,-0.1006007,0.8820343,0.1630529,-0.4304751,0.008381852,0.00248523,-0.02255506,0.1187286,0.005004883,0.9929047,0.03064598,0.001894531,-0.0212516,0.03064598,0.001894531,-0.0212516,0.1069489,0.02297974,0.993988,0.1069489,0.02297974,0.993988,5.427261,5.427261,True,True,True
1646768,63779589529785,-13.59342,2.597973,-0.05125701,-0.1006007,0.8820343,0.1630529,-0.4304751,0.00852565,0.002481369,-0.02254608,0.1177063,0.005187988,0.9930267,0.03064504,0.001894531,-0.02125156,0.03064504,0.001894531,-0.02125156,0.1052094,0.02404785,0.9941559,0.1052094,0.02404785,0.9941559,5.427887,5.427887,True,True,True
1646776,63779589529796,-13.59342,2.597979,-0.05126691,-0.1006044,0.8820109,0.1629434,-0.4305636,0.008571899,0.002479935,-0.02254323,0.1184845,0.005706787,0.9929352,0.03064479,0.001894531,-0.02125156,0.03064479,0.001894531,-0.02125156,0.1066437,0.02474976,0.9939728,0.1066437,0.02474976,0.9939728,5.432983,5.432983,True,True,True
1646784,63779589529807,-13.59341,2.597898,-0.05130237,-0.1006326,0.882026,0.1628255,-0.4305706,0.008589188,0.002479263,-0.02254205,0.1181488,0.005859375,0.9929657,0.03064221,0.001895233,-0.02125156,0.03064221,0.001895233,-0.02125156,0.1061554,0.02479553,0.9940338,0.1061554,0.02479553,0.9940338,5.432907,5.432907,True,True,True
1646793,63779589529818,-13.59339,2.597881,-0.05134356,-0.1006525,0.8820344,0.1628237,-0.4305497,0.008631364,0.002478134,-0.02253807,0.117981,0.006134033,0.9929962,0.03064182,0.001895233,-0.02125156,0.03064182,0.001895233,-0.02125156,0.1057434,0.02531433,0.9940643,0.1057434,0.02531433,0.9940643,5.418381,5.418381,True,True,True
1646801,63779589529818,-13.59339,2.597881,-0.05134356,-0.1006525,0.8820344,0.1628237,-0.4305497,0.00869069,0.002477554,-0.02253412,0.1179199,0.005874634,0.9929962,0.03064122,0.001896851,-0.0212516,0.03064122,0.001896851,-0.0212516,0.1055756,0.02484131,0.9940948,0.1055756,0.02484131,0.9940948,5.417969,5.417969,True,True,True
1646809,63779589529829,-13.59335,2.597895,-0.05134845,-0.100586,0.882039,0.1627482,-0.4305843,0.008668168,0.002478149,-0.02253542,0.118042,0.005859375,0.992981,0.03064102,0.001896851,-0.0212516,0.03064102,0.001896851,-0.0212516,0.1055145,0.02484131,0.9940948,0.1055145,0.02484131,0.9940948,5.417908,5.417908,True,True,True
1646818,63779589529840,-13.59335,2.597886,-0.05135202,-0.1004505,0.8821096,0.1626525,-0.4305073,0.008549255,0.002481293,-0.02254222,0.1179199,0.005737305,0.9929962,0.03064099,0.001896851,-0.0212516,0.03064099,0.001896851,-0.0212516,0.1055145,0.02484131,0.9940948,0.1055145,0.02484131,0.9940948,5.417892,5.417892,True,True,True
1646826,63779589529852,-13.59327,2.597888,-0.05132538,-0.1002909,0.8821322,0.1625779,-0.4305264,0.008416383,0.002486969,-0.02255504,0.1180573,0.005905151,0.992981,0.03064098,0.00190036,-0.02126062,0.03064098,0.00190036,-0.02126062,0.1056976,0.02534485,0.9940643,0.1056976,0.02534485,0.9940643,5.417984,5.417984,True,True,True
1646834,63779589529852,-13.59327,2.597888,-0.05132538,-0.1002909,0.8821322,0.1625779,-0.4305264,0.007492249,0.00252092,-0.02262764,0.1186371,0.004013062,0.9929199,0.03064044,0.001916275,-0.02129195,0.03064044,0.001916275,-0.02129195,0.1055145,0.02348328,0.9941254,0.1055145,0.02348328,0.9941254,5.415466,5.415466,True,True,True
1646843,63779589529862,-13.59326,2.597863,-0.05132753,-0.1001974,0.8821737,0.1624483,-0.430512,0.005699753,0.002577866,-0.02275073,0.1201782,0.002227783,0.9927368,0.03063992,0.001934021,-0.0213297,0.03063992,0.001934021,-0.0213297,0.1061096,0.02163696,0.9941101,0.1061096,0.02163696,0.9941101,5.412979,5.412979,True,True,True
1646851,63779589529873,-13.59326,2.597869,-0.05135411,-0.1002188,0.8821987,0.1623733,-0.4304842,0.003876648,0.002625275,-0.02285616,0.1211853,0.0003967285,0.9926147,0.03063922,0.001934113,-0.02133406,0.03063922,0.001934113,-0.02133406,0.1059113,0.02191162,0.9941254,0.1059113,0.02191162,0.9941254,5.412674,5.412674,True,True,True
1646859,63779589529884,-13.59324,2.597846,-0.05135971,-0.1002182,0.8822184,0.1622646,-0.430485,0.002523102,0.002662308,-0.02293372,0.1219025,-0.001174927,0.9925385,0.03063823,0.001937485,-0.02133713,0.03063823,0.001937485,-0.02133713,0.1056366,0.02119446,0.9941711,0.1056366,0.02119446,0.9941711,5.412384,5.412384,True,True,True
1646868,63779589529884,-13.59324,2.597846,-0.05135971,-0.1002182,0.8822184,0.1622646,-0.430485,0.001910309,0.002678101,-0.02296845,0.1224976,-0.001617432,0.9924622,0.03063823,0.001937485,-0.02133713,0.03063823,0.001937485,-0.02133713,0.1058044,0.02130127,0.9941559,0.1058044,0.02130127,0.9941559,5.42749,5.42749,True,True,True
1646876,63779589529896,-13.59324,2.597872,-0.05142236,-0.100232,0.8822334,0.1622889,-0.4304416,0.001662003,0.002685761,-0.02298532,0.1226044,-0.001693726,0.9924469,0.03063716,0.001939972,-0.02134274,0.03063716,0.001939972,-0.02134274,0.1057739,0.02156067,0.9941559,0.1057739,0.02156067,0.9941559,5.432831,5.432831,True,True,True
1646884,63779589529906,-13.59324,2.597827,-0.05133694,-0.1002731,0.8822324,0.1623281,-0.4304196,0.00206221,0.002677277,-0.02296582,0.1221008,-0.001449585,0.9925079,0.03063664,0.001943466,-0.02134903,0.03063664,0.001943466,-0.02134903,0.1056061,0.02153015,0.9941711,0.1056061,0.02153015,0.9941711,5.42717,5.42717,True,True,True
1646893,63779589529918,-13.59322,2.597781,-0.05135387,-0.1002358,0.8822511,0.162294,-0.4304027,0.003113053,0.002651016,-0.02291516,0.1215668,-0.0001831055,0.992569,0.03063593,0.001944824,-0.02136583,0.03063593,0.001944824,-0.02136583,0.1053619,0.02215576,0.9941711,0.1053619,0.02215576,0.9941711,5.411804,5.411804,True,True,True
1646901,63779589529918,-13.59322,2.597781,-0.05135387,-0.1002358,0.8822511,0.162294,-0.4304027,0.004917511,0.00260643,-0.02281409,0.1199341,0.0008392334,0.9927673,0.0306313,0.001947647,-0.02136699,0.0306313,0.001947647,-0.02136699,0.1041107,0.02145386,0.9943237,0.1041107,0.02145386,0.9943237,5.411285,5.411285,True,True,True
1646909,63779589529929,-13.59322,2.597764,-0.05134648,-0.1003472,0.88222,0.1624361,-0.430387,0.006012833,0.002579697,-0.02275243,0.1191559,0.001785278,0.9928589,0.03063054,0.001949814,-0.02136699,0.03063054,0.001949814,-0.02136699,0.1039429,0.02098083,0.9943542,0.1039429,0.02098083,0.9943542,5.416473,5.416473,True,True,True
1646918,63779589529940,-13.5932,2.59776,-0.05133885,-0.1004325,0.8822162,0.1625227,-0.4303421,0.006317688,0.002573288,-0.02273526,0.1199493,0.001373291,0.9927673,0.03063045,0.00195221,-0.02136699,0.03063045,0.00195221,-0.02136699,0.1056671,0.02047729,0.9941864,0.1056671,0.02047729,0.9941864,5.431015,5.431015,True,True,True
1646926,63779589529951,-13.5931,2.597715,-0.0512827,-0.1004677,0.8822066,0.1626596,-0.4303018,0.006289215,0.002574326,-0.02273691,0.1199493,0.001571655,0.9927673,0.03063011,0.00195221,-0.02136699,0.03063011,0.00195221,-0.02136699,0.1055756,0.020401,0.9941864,0.1055756,0.020401,0.9941864,5.431076,5.431076,True,True,True
1646934,63779589529951,-13.5931,2.597715,-0.0512827,-0.1004677,0.8822066,0.1626596,-0.4303018,0.006403259,0.002572769,-0.02273352,0.1197968,0.001449585,0.9927826,0.0306299,0.001954498,-0.02137166,0.0306299,0.001954498,-0.02137166,0.1054077,0.01998901,0.9942169,0.1054077,0.01998901,0.9942169,5.415756,5.415756,True,True,True
1646943,63779589529962,-13.59307,2.59773,-0.05117792,-0.1005368,0.8822203,0.1627992,-0.4302047,0.006727814,0.002564743,-0.02271617,0.1195831,0.001937866,0.9928131,0.03062978,0.001954941,-0.02137285,0.03062978,0.001954941,-0.02137285,0.1053772,0.01998901,0.9942169,0.1053772,0.01998901,0.9942169,5.415665,5.415665,True,True,True
1646951,63779589529974,-13.59304,2.597754,-0.05116504,-0.1005847,0.8822061,0.1627955,-0.4302239,0.00724936,0.002552414,-0.02268771,0.1194305,0.002197266,0.9928284,0.03062967,0.001956619,-0.02137387,0.03062967,0.001956619,-0.02137387,0.1054535,0.01972961,0.9942169,0.1054535,0.01972961,0.9942169,5.430328,5.430328,True,True,True
1646959,63779589529984,-13.59301,2.597707,-0.05119717,-0.1006594,0.8821808,0.1629395,-0.430204,0.007668015,0.002541809,-0.02266476,0.1189575,0.002792358,0.9928894,0.03062883,0.001956741,-0.02137488,0.03062883,0.001956741,-0.02137488,0.1052246,0.02008057,0.9942322,0.1052246,0.02008057,0.9942322,5.430374,5.430374,True,True,True
1646968,63779589529984,-13.59301,2.597707,-0.05119717,-0.1006594,0.8821808,0.1629395,-0.430204,0.007789475,0.00253859,-0.02265973,0.1188202,0.003250122,0.9929047,0.03062857,0.00195694,-0.02137782,0.03062857,0.00195694,-0.02137782,0.1051025,0.02017212,0.9942474,0.1051025,0.02017212,0.9942474,5.423798,5.423798,True,True,True
1646976,63779589529996,-13.59299,2.597697,-0.05119193,-0.100694,0.8821198,0.162993,-0.4303007,0.007784409,0.002539475,-0.02265982,0.1181793,0.002975464,0.992981,0.03062291,0.001958405,-0.02137782,0.03062291,0.001958405,-0.02137782,0.1040649,0.01971436,0.9943695,0.1040649,0.01971436,0.9943695,5.415329,5.415329,True,True,True
1646984,63779589530006,-13.59299,2.597751,-0.05128682,-0.1006771,0.8821328,0.163065,-0.4302506,0.007772721,0.002540207,-0.02266121,0.1183624,0.00328064,0.9929504,0.03062201,0.001959152,-0.02137909,0.03062201,0.001959152,-0.02137909,0.1044769,0.02024841,0.9943085,0.1044769,0.02024841,0.9943085,5.423691,5.423691,True,True,True
1646993,63779589530018,-13.59298,2.597779,-0.05126882,-0.1006413,0.8821243,0.1631877,-0.4302299,0.007752564,0.002540848,-0.02266353,0.1188202,0.003555298,0.9929047,0.03062136,0.001959381,-0.02138107,0.03062136,0.001959381,-0.02138107,0.1050873,0.020401,0.9942474,0.1050873,0.020401,0.9942474,5.423721,5.423721,True,True,True
1647001,63779589530018,-13.59298,2.597779,-0.05126882,-0.1006413,0.8821243,0.1631877,-0.4302299,0.007711289,0.002542664,-0.02266779,0.1188202,0.003265381,0.9929047,0.03062099,0.001960648,-0.02138431,0.03062099,0.001960648,-0.02138431,0.1049805,0.02023315,0.9942627,0.1049805,0.02023315,0.9942627,5.423584,5.423584,True,True,True
1647009,63779589530029,-13.59289,2.597767,-0.05121881,-0.1007703,0.8820746,0.1632451,-0.43028,0.007742279,0.002541657,-0.02266626,0.1187286,0.0027771,0.9929199,0.03061893,0.001960648,-0.02138431,0.03061893,0.001960648,-0.02138431,0.1048584,0.01933289,0.9942932,0.1048584,0.01933289,0.9942932,5.422791,5.422791,True,True,True
1647018,63779589530040,-13.59291,2.597805,-0.05115646,-0.100851,0.8820621,0.1632214,-0.4302955,0.007537277,0.002547943,-0.02268558,0.1187592,0.002502441,0.9929047,0.03061827,0.001962509,-0.02139702,0.03061827,0.001962509,-0.02139702,0.1046753,0.01905823,0.9943085,0.1046753,0.01905823,0.9943085,5.422165,5.422165,True,True,True
1647026,63779589530052,-13.59289,2.597793,-0.05116183,-0.1009238,0.8820475,0.1631819,-0.4303234,0.00719986,0.002557724,-0.02271054,0.1184998,0.002532959,0.9929352,0.03061675,0.001964645,-0.02140723,0.03061675,0.001964645,-0.02140723,0.1043243,0.01921082,0.9943542,0.1043243,0.01921082,0.9943542,5.431732,5.431732,True,True,True
1647034,63779589530052,-13.59289,2.597793,-0.05116183,-0.1009238,0.8820475,0.1631819,-0.4303234,0.006697113,0.002570786,-0.0227423,0.1184692,0.002319336,0.9929504,0.03061559,0.001965363,-0.0214137,0.03061559,0.001965363,-0.0214137,0.1039276,0.01942444,0.9943848,0.1039276,0.01942444,0.9943848,5.421661,5.421661,True,True,True
1647043,63779589530062,-13.59287,2.597777,-0.05116403,-0.1009954,0.8820397,0.1631948,-0.4303177,0.00635315,0.002579758,-0.02276425,0.1189728,0.002258301,0.9928894,0.0306118,0.001965927,-0.02141647,0.0306118,0.001965927,-0.02141647,0.1047363,0.01959229,0.9942932,0.1047363,0.01959229,0.9942932,5.421494,5.421494,True,True,True
1647051,63779589530074,-13.59284,2.597764,-0.05116791,-0.1010682,0.8820227,0.1631915,-0.4303368,0.006168305,0.002585281,-0.02277611,0.1190186,0.002029419,0.9928894,0.03061104,0.001967529,-0.02141925,0.03061104,0.001967529,-0.02141925,0.104538,0.01934814,0.9943237,0.104538,0.01934814,0.9943237,5.421051,5.421051,True,True,True
1647059,63779589530084,-13.59283,2.597753,-0.05116612,-0.1010972,0.8820386,0.163202,-0.4302934,0.005887955,0.002592728,-0.02280063,0.1190491,0.0001373291,0.9928741,0.03061035,0.001968216,-0.02143489,0.03061035,0.001968216,-0.02143489,0.1043549,0.01792908,0.9943695,0.1043549,0.01792908,0.9943695,5.419662,5.419662,True,True,True
1647068,63779589530084,-13.59283,2.597753,-0.05116612,-0.1010972,0.8820386,0.163202,-0.4302934,0.005234803,0.002613022,-0.02285733,0.1189728,6.103516E-05,0.9928894,0.03060732,0.001975037,-0.02147171,0.03060732,0.001975037,-0.02147171,0.1035309,0.01863098,0.9944458,0.1035309,0.01863098,0.9944458,5.418488,5.418488,True,True,True
1647076,63779589530095,-13.59279,2.597696,-0.05107599,-0.1010865,0.8820662,0.1632157,-0.430234,0.004482742,0.002633316,-0.0229014,0.1186371,-0.0009460449,0.9929352,0.03060487,0.001978073,-0.02147522,0.03060487,0.001978073,-0.02147522,0.1028595,0.01799011,0.9945221,0.1028595,0.01799011,0.9945221,5.417923,5.417923,True,True,True
1647084,63779589530107,-13.59278,2.597717,-0.05107129,-0.1011018,0.8821067,0.163095,-0.4301932,0.003654877,0.002654373,-0.02294731,0.1195221,-0.001754761,0.9928284,0.03060463,0.001978623,-0.02147637,0.03060463,0.001978623,-0.02147637,0.1034546,0.01760864,0.9944763,0.1034546,0.01760864,0.9944763,5.41745,5.41745,True,True,True
1647093,63779589530117,-13.59275,2.597705,-0.05103874,-0.1010471,0.8821656,0.1630244,-0.4301122,0.003268326,0.002664154,-0.0229713,0.1195831,-0.001846313,0.9928131,0.03060433,0.001978745,-0.0214818,0.03060433,0.001978745,-0.0214818,0.103653,0.01795959,0.9944458,0.103653,0.01795959,0.9944458,5.418488,5.418488,True,True,True
1647101,63779589530117,-13.59275,2.597705,-0.05103874,-0.1010471,0.8821656,0.1630244,-0.4301122,0.003135727,0.002668686,-0.02298129,0.1197968,-0.001861572,0.9927826,0.03060428,0.001981049,-0.02148706,0.03060428,0.001981049,-0.02148706,0.1039429,0.01779175,0.9944153,0.1039429,0.01779175,0.9944153,5.427307,5.427307,True,True,True
1647109,63779589530129,-13.59272,2.597681,-0.05104351,-0.1009928,0.8821791,0.1629743,-0.4301159,0.003350556,0.002663315,-0.02297504,0.1194305,-0.001403809,0.9928284,0.03060114,0.001981079,-0.02149736,0.03060114,0.001981079,-0.02149736,0.1030426,0.01834106,0.9944916,0.1030426,0.01834106,0.9944916,5.418228,5.418228,True,True,True
1647118,63779589530141,-13.59268,2.59768,-0.05102015,-0.1009909,0.8822109,0.1629304,-0.430068,0.004037644,0.002646469,-0.02294132,0.1188965,-0.0007171631,0.9929047,0.03060034,0.001981735,-0.02150385,0.03060034,0.001981735,-0.02150385,0.1027985,0.01869202,0.9945221,0.1027985,0.01869202,0.9945221,5.417633,5.417633,True,True,True
1647126,63779589530151,-13.59263,2.597679,-0.05103552,-0.1010508,0.8822666,0.1627679,-0.430001,0.005195023,0.002618759,-0.02287878,0.1183014,0.0006103516,0.9929657,0.03059996,0.00198349,-0.021504,0.03059996,0.00198349,-0.021504,0.1026764,0.01815796,0.9945374,0.1026764,0.01815796,0.9945374,5.417099,5.417099,True,True,True
1647134,63779589530151,-13.59263,2.597679,-0.05103552,-0.1010508,0.8822666,0.1627679,-0.430001,0.005629395,0.002609528,-0.02286552,0.1181183,0.002105713,0.992981,0.03059943,0.001986282,-0.02152191,0.03059943,0.001986282,-0.02152191,0.1025238,0.01937866,0.9945374,0.1025238,0.01937866,0.9945374,5.417877,5.417877,True,True,True
1647143,63779589530162,-13.59262,2.597688,-0.0510363,-0.1008928,0.8822929,0.1627629,-0.4299864,0.00586525,0.002603867,-0.02285353,0.1172638,0.002319336,0.9930878,0.03059688,0.001986313,-0.02152333,0.03059688,0.001986313,-0.02152333,0.1019135,0.01960754,0.9945984,0.1019135,0.01960754,0.9945984,5.428406,5.428406,True,True,True
1647151,63779589530173,-13.59258,2.597714,-0.05106395,-0.1007619,0.8823416,0.1626707,-0.429952,0.005758698,0.002607865,-0.02286092,0.117157,0.0003814697,0.993103,0.03059479,0.001988449,-0.02152654,0.03059479,0.001988449,-0.02152654,0.1015472,0.01644897,0.9946899,0.1015472,0.01644897,0.9946899,5.426361,5.426361,True,True,True
1647159,63779589530185,-13.59256,2.597764,-0.05102873,-0.1007403,0.8824017,0.1625718,-0.429871,0.005821549,0.00260672,-0.02285808,0.1169281,-0.0004425049,0.9931335,0.03059444,0.001988953,-0.0215278,0.03059444,0.001988953,-0.0215278,0.1015167,0.01499939,0.9947052,0.1015167,0.01499939,0.9947052,5.43483,5.43483,True,True,True
1647168,63779589530185,-13.59256,2.597764,-0.05102873,-0.1007403,0.8824017,0.1625718,-0.429871,0.005746033,0.002610046,-0.02286838,0.1176147,0.0001068115,0.9930573,0.03059284,0.001991241,-0.02153879,0.03059284,0.001991241,-0.02153879,0.1020966,0.01528931,0.9946442,0.1020966,0.01528931,0.9946442,5.446838,5.446838,True,True,True
1647176,63779589530196,-13.59253,2.597772,-0.05107218,-0.1006669,0.882395,0.162607,-0.4298886,0.00596402,0.002604843,-0.0228579,0.1177216,0.0001983643,0.993042,0.03059169,0.001991654,-0.02154123,0.03059169,0.001991654,-0.02154123,0.102417,0.01531982,0.9946136,0.102417,0.01531982,0.9946136,5.447083,5.447083,True,True,True
1647184,63779589530207,-13.59254,2.597782,-0.05106175,-0.100658,0.8824545,0.1624712,-0.4298199,0.006408799,0.00259581,-0.02283476,0.1178894,0.001220703,0.9930115,0.03059023,0.001994888,-0.02154242,0.03059023,0.001994888,-0.02154242,0.1028137,0.01605225,0.9945679,0.1028137,0.01605225,0.9945679,5.447449,5.447449,True,True,True
1647193,63779589530217,-13.59256,2.597726,-0.05107778,-0.1006912,0.8824838,0.1624332,-0.4297662,0.006518616,0.002594971,-0.02283333,0.1195221,0.001922607,0.9928284,0.03058742,0.001998184,-0.02155083,0.03058742,0.001998184,-0.02155083,0.1054688,0.01777649,0.9942627,0.1054688,0.01777649,0.9942627,5.45903,5.45903,True,True,True
1647201,63779589530217,-13.59256,2.597726,-0.05107778,-0.1006912,0.8824838,0.1624332,-0.4297662,0.006536911,0.002594711,-0.02283303,0.1196136,0.001937866,0.9928131,0.03058733,0.001998459,-0.02155214,0.03058733,0.001998459,-0.02155214,0.1054382,0.01777649,0.9942627,0.1054382,0.01777649,0.9942627,5.458984,5.458984,True,True,True
1647209,63779589530229,-13.59253,2.597697,-0.05113047,-0.1006553,0.8824662,0.1625025,-0.4297846,0.006831345,0.002588883,-0.02281865,0.1192627,0.001876831,0.9928589,0.0305857,0.002000992,-0.02155544,0.0305857,0.002000992,-0.02155544,0.1049957,0.01734924,0.9943085,0.1049957,0.01734924,0.9943085,5.458527,5.458527,True,True,True
1647218,63779589530240,-13.59246,2.597734,-0.05108941,-0.1007054,0.8825154,0.1626052,-0.4296331,0.006789444,0.002592224,-0.02282732,0.1193237,0.001617432,0.9928436,0.03058566,0.002004868,-0.02156729,0.03058566,0.002004868,-0.02156729,0.1049652,0.01705933,0.9943237,0.1049652,0.01705933,0.9943237,5.457901,5.457901,True,True,True
1647226,63779589530251,-13.59243,2.597734,-0.05115467,-0.1007135,0.8824112,0.1629219,-0.4297251,0.00668541,0.002594925,-0.02283417,0.1190796,0.0009918213,0.9928741,0.03058306,0.002005158,-0.02156972,0.03058306,0.002005158,-0.02156972,0.1042633,0.01611328,0.9944153,0.1042633,0.01611328,0.9944153,5.456894,5.456894,True,True,True
1647234,63779589530251,-13.59243,2.597734,-0.05115467,-0.1007135,0.8824112,0.1629219,-0.4297251,0.006722916,0.002595184,-0.0228347,0.1188965,-0.0009918213,0.9929047,0.03058162,0.002007187,-0.0215744,0.03058162,0.002007187,-0.0215744,0.1038666,0.01335144,0.9944916,0.1038666,0.01335144,0.9944916,5.455551,5.455551,True,True,True
1647243,63779589530262,-13.59243,2.59774,-0.05116385,-0.1009987,0.8823214,0.1631676,-0.4297494,0.00672284,0.002596939,-0.02283463,0.1188812,-0.001464844,0.9929047,0.03057883,0.002010727,-0.02157541,0.03057883,0.002010727,-0.02157541,0.1037903,0.01246643,0.9945068,0.1037903,0.01246643,0.9945068,5.455032,5.455032,True,True,True
1647251,63779589530273,-13.5924,2.597733,-0.05119568,-0.10119,0.8823169,0.1632076,-0.4296986,0.006485153,0.00260376,-0.02285524,0.1188354,-0.001281738,0.9929047,0.03057823,0.002012619,-0.02159059,0.03057823,0.002012619,-0.02159059,0.1036377,0.01304626,0.9945221,0.1036377,0.01304626,0.9945221,5.458649,5.458649,True,True,True
1647259,63779589530285,-13.5924,2.597712,-0.05117559,-0.1014208,0.882268,0.1633339,-0.4296966,0.006514176,0.002603073,-0.02285376,0.1187897,-0.001464844,0.9929047,0.03057781,0.00201265,-0.02159113,0.03057781,0.00201265,-0.02159113,0.1035309,0.01272583,0.9945374,0.1035309,0.01272583,0.9945374,5.459503,5.459503,True,True,True
1647268,63779589530285,-13.5924,2.597712,-0.05117559,-0.1014208,0.882268,0.1633339,-0.4296966,0.006538345,0.002604996,-0.02285574,0.1183472,-0.001571655,0.9929657,0.03057596,0.002016998,-0.02159694,0.03057596,0.002016998,-0.02159694,0.1030273,0.01190186,0.9945984,0.1030273,0.01190186,0.9945984,5.45874,5.45874,True,True,True
1647276,63779589530295,-13.59237,2.597711,-0.05119854,-0.1015167,0.882257,0.1634508,-0.429652,0.006415222,0.002608399,-0.02286464,0.1177673,-0.001983643,0.9930267,0.03057511,0.002017685,-0.02160159,0.03057511,0.002017685,-0.02160159,0.1027832,0.01199341,0.9946289,0.1027832,0.01199341,0.9946289,5.458511,5.458511,True,True,True
1647284,63779589530306,-13.59237,2.597719,-0.05113953,-0.1015526,0.8822215,0.1635352,-0.4296842,0.006413651,0.002608948,-0.02286476,0.118103,-0.002044678,0.9929962,0.03057456,0.002018585,-0.02160202,0.03057456,0.002018585,-0.02160202,0.103363,0.0118866,0.9945679,0.103363,0.0118866,0.9945679,5.458466,5.458466,True,True,True
1647292,63779589530318,-13.59232,2.597788,-0.05113584,-0.101498,0.8822627,0.163552,-0.4296062,0.006404068,0.002609192,-0.02287677,0.1183929,-0.001281738,0.9929504,0.03057456,0.002018585,-0.02162277,0.03057456,0.002018585,-0.02162277,0.1033478,0.01327515,0.9945526,0.1033478,0.01327515,0.9945526,5.458694,5.458694,True,True,True
1647301,63779589530318,-13.59232,2.597788,-0.05113584,-0.101498,0.8822627,0.163552,-0.4296062,0.006002823,0.00261911,-0.02290688,0.1195068,-0.0007019043,0.9928284,0.03057422,0.002018585,-0.02164211,0.03057422,0.002018585,-0.02164211,0.1048279,0.01496887,0.9943695,0.1048279,0.01496887,0.9943695,5.458878,5.458878,True,True,True
1647309,63779589530329,-13.59231,2.597807,-0.05105621,-0.1013369,0.8822738,0.163547,-0.4296234,0.005477539,0.002631943,-0.02293555,0.1192322,-0.001159668,0.9928589,0.03057405,0.002018585,-0.02164647,0.03057405,0.002018585,-0.02164647,0.1037598,0.01493835,0.9944763,0.1037598,0.01493835,0.9944763,5.458557,5.458557,True,True,True
1647317,63779589530340,-13.59231,2.597829,-0.05103451,-0.1011363,0.8823699,0.1633827,-0.4295358,0.005037964,0.002643875,-0.02295779,0.1195068,-0.001754761,0.9928284,0.03057378,0.002019699,-0.02164784,0.03057378,0.002019699,-0.02164784,0.1036987,0.01475525,0.9944916,0.1036987,0.01475525,0.9944916,5.460785,5.460785,True,True,True
1647326,63779589530350,-13.59229,2.597817,-0.05100369,-0.1010127,0.8823818,0.1634049,-0.4295318,0.005116684,0.002641327,-0.02295392,0.1191864,-0.002182007,0.9928589,0.03057347,0.002018585,-0.02164862,0.03057347,0.002018585,-0.02164862,0.1036072,0.01390076,0.9945068,0.1036072,0.01390076,0.9945068,5.457993,5.457993,True,True,True
1647334,63779589530350,-13.59229,2.597817,-0.05100369,-0.1010127,0.8823818,0.1634049,-0.4295318,0.005131165,0.002641602,-0.02295725,0.1192017,-0.002182007,0.9928589,0.03057346,0.002019699,-0.02165801,0.03057346,0.002019699,-0.02165801,0.1036072,0.01391602,0.9945068,0.1036072,0.01391602,0.9945068,5.459839,5.459839,True,True,True
1647342,63779589530362,-13.59229,2.597781,-0.05092239,-0.1009383,0.8824592,0.1632158,-0.4294623,0.005465775,0.00263385,-0.02294008,0.1188202,-0.002258301,0.9929047,0.03057276,0.002020447,-0.02166054,0.03057276,0.002020447,-0.02166054,0.1030273,0.01353455,0.9945831,0.1030273,0.01353455,0.9945831,5.469406,5.469406,True,True,True
1647351,63779589530373,-13.59226,2.597711,-0.05093074,-0.1009421,0.8824993,0.1631737,-0.4293951,0.005938584,0.002622543,-0.0229249,0.1183777,-0.00151062,0.9929657,0.03057179,0.002020859,-0.02167626,0.03057179,0.002020859,-0.02167626,0.1027527,0.014328,0.9945984,0.1027527,0.014328,0.9945984,5.469238,5.469238,True,True,True
1647359,63779589530385,-13.59223,2.597692,-0.05096143,-0.10107,0.8825391,0.1631384,-0.4292965,0.006437317,0.002610474,-0.02290109,0.1182251,-0.0007629395,0.992981,0.03057169,0.002021011,-0.02167873,0.03057169,0.002021011,-0.02167873,0.1027222,0.01443481,0.9945984,0.1027222,0.01443481,0.9945984,5.467468,5.467468,True,True,True
1647367,63779589530385,-13.59223,2.597692,-0.05096143,-0.10107,0.8825391,0.1631384,-0.4292965,0.006658478,0.002605087,-0.02289003,0.1182251,-0.001190186,0.992981,0.03057163,0.002021011,-0.02167889,0.03057163,0.002021011,-0.02167889,0.1027069,0.01420593,0.9945984,0.1027069,0.01420593,0.9945984,5.467346,5.467346,True,True,True
1647376,63779589530395,-13.59232,2.597685,-0.05094689,-0.1011885,0.8825454,0.1631781,-0.4292406,0.006683914,0.002605469,-0.02289067,0.1181183,-0.001281738,0.9929962,0.03057143,0.00202272,-0.02168244,0.03057143,0.00202272,-0.02168244,0.1030884,0.01402283,0.9945679,0.1030884,0.01402283,0.9945679,5.467087,5.467087,True,True,True
1647384,63779589530407,-13.59231,2.597661,-0.0510143,-0.1013959,0.8825834,0.1631795,-0.4291129,0.006536988,0.002609314,-0.02290003,0.1184387,-0.001739502,0.9929504,0.03057047,0.002023529,-0.02168593,0.03057047,0.002023529,-0.02168593,0.1033478,0.01365662,0.9945374,0.1033478,0.01365662,0.9945374,5.466507,5.466507,True,True,True
1647392,63779589530418,-13.59232,2.597636,-0.05103642,-0.1015474,0.8825928,0.1631734,-0.42906,0.006519776,0.002609711,-0.02290306,0.1183472,-0.002624512,0.9929657,0.03056941,0.002023529,-0.02168973,0.03056941,0.002023529,-0.02168973,0.1025391,0.01220703,0.9946442,0.1025391,0.01220703,0.9946442,5.465714,5.465714,True,True,True
1647401,63779589530418,-13.59232,2.597636,-0.05103642,-0.1015474,0.8825928,0.1631734,-0.42906,0.006715287,0.002606461,-0.02289545,0.1185303,-0.002868652,0.9929352,0.03056787,0.002026093,-0.02169371,0.03056787,0.002026093,-0.02169371,0.1026459,0.01153564,0.9946442,0.1026459,0.01153564,0.9946442,5.464981,5.464981,True,True,True
1647409,63779589530428,-13.59236,2.597607,-0.05102092,-0.1016383,0.8826337,0.1631068,-0.4289798,0.006910706,0.002601883,-0.02288803,0.1184387,-0.002700806,0.9929504,0.03056784,0.002026383,-0.02169782,0.03056784,0.002026383,-0.02169782,0.1026459,0.01159668,0.9946442,0.1026459,0.01159668,0.9946442,5.46463,5.46463,True,True,True
1647417,63779589530439,-13.59238,2.597581,-0.05098522,-0.1017479,0.8826593,0.1631036,-0.4289023,0.006793198,0.002605988,-0.02290184,0.1190338,-0.002914429,0.9928741,0.03056743,0.002028519,-0.02171121,0.03056743,0.002028519,-0.02171121,0.1035156,0.01132202,0.9945526,0.1035156,0.01132202,0.9945526,5.464127,5.464127,True,True,True
1647426,63779589530451,-13.59233,2.597567,-0.05096859,-0.1017602,0.8826647,0.1629509,-0.4289464,0.006714813,0.002607971,-0.02290721,0.1192474,-0.003158569,0.9928436,0.03056621,0.002028656,-0.02171382,0.03056621,0.002028656,-0.02171382,0.1031799,0.01107788,0.9945984,0.1031799,0.01107788,0.9945984,5.463882,5.463882,True,True,True
1647434,63779589530451,-13.59233,2.597567,-0.05096859,-0.1017602,0.8826647,0.1629509,-0.4289464,0.00649733,0.002613464,-0.02291963,0.1193237,-0.003219604,0.9928436,0.03056525,0.002029022,-0.02171649,0.03056525,0.002029022,-0.02171649,0.1029205,0.01118469,0.9946136,0.1029205,0.01118469,0.9946136,5.463531,5.463531,True,True,True
1647442,63779589530462,-13.59236,2.597575,-0.05092877,-0.1017493,0.8827453,0.1627593,-0.4288557,0.006426102,0.002616669,-0.02292157,0.1191254,-0.00378418,0.9928589,0.03056365,0.002031601,-0.02171404,0.03056365,0.002031601,-0.02171404,0.102417,0.01022339,0.9946747,0.102417,0.01022339,0.9946747,5.45517,5.45517,True,True,True
1647451,63779589530473,-13.59238,2.597555,-0.05090255,-0.1017622,0.8827485,0.1628188,-0.4288234,0.006521591,0.002616684,-0.02291582,0.1190491,-0.004043579,0.9928741,0.030563,0.002035492,-0.02171404,0.030563,0.002035492,-0.02171404,0.1022949,0.009597778,0.9947052,0.1022949,0.009597778,0.9947052,5.462845,5.462845,True,True,True
1647459,63779589530485,-13.59243,2.597533,-0.05088967,-0.1017673,0.882794,0.1627169,-0.4287673,0.00679242,0.002611344,-0.02290199,0.118454,-0.004241943,0.9929352,0.0305629,0.002035584,-0.02171382,0.0305629,0.002035584,-0.02171382,0.1026917,0.009521484,0.9946594,0.1026917,0.009521484,0.9946594,5.462143,5.462143,True,True,True
1647467,63779589530485,-13.59243,2.597533,-0.05088967,-0.1017673,0.882794,0.1627169,-0.4287673,0.007189484,0.002602615,-0.02288159,0.1184998,-0.003463745,0.9929352,0.03056236,0.002036942,-0.02171404,0.03056236,0.002036942,-0.02171404,0.1031342,0.009796143,0.9946136,0.1031342,0.009796143,0.9946136,5.46257,5.46257,True,True,True
1647476,63779589530496,-13.59244,2.597533,-0.05092293,-0.1017912,0.8828108,0.1626857,-0.428739,0.007616822,0.002592514,-0.02286023,0.1184998,-0.002960205,0.9929352,0.0305621,0.002036987,-0.02171404,0.0305621,0.002036987,-0.02171404,0.1035614,0.009857178,0.9945679,0.1035614,0.009857178,0.9945679,5.462463,5.462463,True,True,True
1647484,63779589530506,-13.59243,2.597493,-0.05090016,-0.10188,0.8828016,0.1626941,-0.4287334,0.007959305,0.002584473,-0.02284302,0.1192169,-0.003128052,0.9928589,0.03056169,0.002036987,-0.02171404,0.03056169,0.002036987,-0.02171404,0.1052856,0.00982666,0.9943848,0.1052856,0.00982666,0.9943848,5.462769,5.462769,True,True,True
1647492,63779589530518,-13.59241,2.5975,-0.05081117,-0.1019091,0.8827928,0.1626398,-0.4287654,0.008326462,0.00257605,-0.02282453,0.1195984,-0.002639771,0.9928131,0.03056139,0.002036987,-0.02171404,0.03056139,0.002036987,-0.02171404,0.1064606,0.01005554,0.9942627,0.1064606,0.01005554,0.9942627,5.462769,5.462769,True,True,True
1647501,63779589530518,-13.59241,2.5975,-0.05081117,-0.1019091,0.8827928,0.1626398,-0.4287654,0.008328079,0.002576096,-0.02282369,0.1199341,-0.002746582,0.9927673,0.03056101,0.002036987,-0.02171283,0.03056101,0.002036987,-0.02171283,0.1069946,0.009841919,0.9942017,0.1069946,0.009841919,0.9942017,5.462723,5.462723,True,True,True
1647509,63779589530529,-13.59243,2.597467,-0.05078655,-0.1020434,0.8827584,0.162694,-0.4287838,0.008304978,0.002576965,-0.02282457,0.1199036,-0.002822876,0.9927673,0.03056072,0.002036987,-0.02171283,0.03056072,0.002036987,-0.02171283,0.1069183,0.009796143,0.9942169,0.1069183,0.009796143,0.9942169,5.463272,5.463272,True,True,True
1647517,63779589530540,-13.59244,2.597482,-0.05077225,-0.1021242,0.8827532,0.162661,-0.4287877,0.00823079,0.002578949,-0.02282729,0.1203613,-0.003265381,0.9927216,0.0305607,0.002037232,-0.02171121,0.0305607,0.002037232,-0.02171121,0.1075439,0.009033203,0.9941559,0.1075439,0.009033203,0.9941559,5.462494,5.462494,True,True,True
1647526,63779589530551,-13.59246,2.59747,-0.05073214,-0.1021611,0.8827491,0.1626129,-0.4288055,0.008083649,0.002582565,-0.02283217,0.1211548,-0.003143311,0.9926147,0.03056056,0.002037232,-0.02170734,0.03056056,0.002037232,-0.02170734,0.1084747,0.009368896,0.9940491,0.1084747,0.009368896,0.9940491,5.462921,5.462921,True,True,True
1647534,63779589530551,-13.59246,2.59747,-0.05073214,-0.1021611,0.8827491,0.1626129,-0.4288055,0.007971558,0.002585343,-0.02283774,0.1217499,-0.003219604,0.9925537,0.03056011,0.002037232,-0.02170728,0.03056011,0.002037232,-0.02170728,0.1083221,0.009338379,0.9940643,0.1083221,0.009338379,0.9940643,5.460098,5.460098,True,True,True
1647542,63779589530562,-13.5925,2.597446,-0.05071974,-0.1021079,0.8827465,0.1626482,-0.4288103,0.007893464,0.002587296,-0.02284165,0.1212158,-0.002960205,0.9926147,0.03055991,0.002037232,-0.02170728,0.03055991,0.002037232,-0.02170728,0.1083832,0.01004028,0.9940491,0.1083832,0.01004028,0.9940491,5.460495,5.460495,True,True,True
1647551,63779589530573,-13.59245,2.597423,-0.05072939,-0.1020809,0.8827723,0.1626103,-0.4287778,0.007841157,0.00258844,-0.02284396,0.1213379,-0.002410889,0.9925995,0.03055988,0.002036987,-0.02170659,0.03055988,0.002036987,-0.02170659,0.1083832,0.01089478,0.9940491,0.1083832,0.01089478,0.9940491,5.461578,5.461578,True,True,True
1647559,63779589530573,-13.59245,2.597423,-0.05072939,-0.1020809,0.8827723,0.1626103,-0.4287778,0.007796525,0.002589752,-0.0228452,0.1214752,-0.002365112,0.9925842,0.0305594,0.002036926,-0.02170516,0.0305594,0.002036926,-0.02170516,0.109314,0.01112366,0.9939423,0.109314,0.01112366,0.9939423,5.461868,5.461868,True,True,True
1647567,63779589530592,-13.59244,2.597433,-0.05072969,-0.1021499,0.8827537,0.1625416,-0.4288259,0.007718323,0.002591644,-0.02284461,0.121521,-0.002883911,0.992569,0.03055914,0.002036636,-0.02169771,0.03055914,0.002036636,-0.02169771,0.1092987,0.01039124,0.9939423,0.1092987,0.01039124,0.9939423,5.461624,5.461624,True,True,True
1647576,63779589530602,-13.59248,2.59742,-0.05073571,-0.1020853,0.8828097,0.1625043,-0.4287401,0.007677185,0.002593292,-0.02284664,0.1213989,-0.003067017,0.9925842,0.03055832,0.002036636,-0.02169771,0.03055832,0.002036636,-0.02169771,0.109024,0.01034546,0.9939728,0.109024,0.01034546,0.9939728,5.46167,5.46167,True,True,True
1647584,63779589530602,-13.59248,2.59742,-0.05073571,-0.1020853,0.8828097,0.1625043,-0.4287401,0.007589783,0.002595551,-0.02285091,0.121521,-0.003051758,0.992569,0.03055828,0.002036636,-0.02169771,0.03055828,0.002036636,-0.02169771,0.1090698,0.01014709,0.9939728,0.1090698,0.01014709,0.9939728,5.461426,5.461426,True,True,True
1647592,63779589530612,-13.59249,2.597406,-0.0507049,-0.1020857,0.8828174,0.1624669,-0.4287382,0.007554169,0.002597061,-0.02285272,0.1221771,-0.002883911,0.9924927,0.03055817,0.002036636,-0.02169771,0.03055817,0.002036636,-0.02169771,0.1101074,0.01068115,0.9938507,0.1101074,0.01068115,0.9938507,5.458267,5.458267,True,True,True
1647601,63779589530624,-13.59249,2.597392,-0.05070728,-0.1020472,0.8828216,0.1624936,-0.4287288,0.007581345,0.002596542,-0.02285135,0.1222076,-0.002868652,0.9924927,0.03055789,0.002036636,-0.02169771,0.03055789,0.002036636,-0.02169771,0.1103058,0.01065063,0.9938354,0.1103058,0.01065063,0.9938354,5.457657,5.457657,True,True,True
1647609,63779589530635,-13.5925,2.59741,-0.05069351,-0.1020005,0.8828452,0.1624071,-0.4287242,0.007607529,0.002595917,-0.02284943,0.1227417,-0.002838135,0.9924316,0.03055782,0.002036636,-0.0216967,0.03055782,0.002036636,-0.0216967,0.1109924,0.01065063,0.9937592,0.1109924,0.01065063,0.9937592,5.457764,5.457764,True,True,True
1647617,63779589530635,-13.5925,2.59741,-0.05069351,-0.1020005,0.8828452,0.1624071,-0.4287242,0.007685868,0.002594086,-0.02284557,0.1238403,-0.003082275,0.9922943,0.03055774,0.002036636,-0.0216967,0.03055774,0.002036636,-0.0216967,0.1110077,0.01013184,0.9937592,0.1110077,0.01013184,0.9937592,5.457352,5.457352,True,True,True
1647626,63779589530646,-13.59245,2.597429,-0.05067778,-0.1019115,0.8828717,0.1624652,-0.4286684,0.007788452,0.00259166,-0.02283701,0.1235809,-0.003082275,0.9923248,0.03055725,0.002036636,-0.0216911,0.03055725,0.002036636,-0.0216911,0.1108093,0.009658813,0.9937897,0.1108093,0.009658813,0.9937897,5.451569,5.451569,True,True,True
1647634,63779589530657,-13.59243,2.597449,-0.05066484,-0.1019386,0.8828535,0.1624671,-0.4286987,0.007853318,0.002590103,-0.02283373,0.1228638,-0.003097534,0.9924164,0.03055678,0.002036636,-0.0216911,0.03055678,0.002036636,-0.0216911,0.1096954,0.009658813,0.9939117,0.1096954,0.009658813,0.9939117,5.451416,5.451416,True,True,True
1647642,63779589530668,-13.59245,2.597524,-0.05059212,-0.1019416,0.8828845,0.1624559,-0.4286385,0.00779094,0.002591599,-0.02283572,0.1218872,-0.002334595,0.9925385,0.03055655,0.002036408,-0.02168935,0.03055655,0.002036408,-0.02168935,0.1096649,0.01141357,0.9938965,0.1096649,0.01141357,0.9938965,5.458298,5.458298,True,True,True
1647651,63779589530668,-13.59245,2.597524,-0.05059212,-0.1019416,0.8828845,0.1624559,-0.4286385,0.007714157,0.002593506,-0.0228394,0.1218719,-0.00328064,0.9925385,0.0305564,0.002035187,-0.02168904,0.0305564,0.002035187,-0.02168904,0.1096344,0.009918213,0.9939117,0.1096344,0.009918213,0.9939117,5.45726,5.45726,True,True,True
1647659,63779589530679,-13.59242,2.597536,-0.05057764,-0.1019665,0.8828692,0.1625567,-0.4286258,0.007628052,0.002595703,-0.02284128,0.122467,-0.002746582,0.9924622,0.03055631,0.002035187,-0.021685,0.03055631,0.002035187,-0.021685,0.1105499,0.01078796,0.9938049,0.1105499,0.01078796,0.9938049,5.452469,5.452469,True,True,True
1647667,63779589530691,-13.59239,2.597497,-0.05060154,-0.1019589,0.8829243,0.1626813,-0.428467,0.007499497,0.002598801,-0.02284192,0.1226044,-0.003479004,0.9924469,0.03055628,0.00203508,-0.02167531,0.03055628,0.00203508,-0.02167531,0.1105347,0.009185791,0.9938202,0.1105347,0.009185791,0.9938202,5.447678,5.447678,True,True,True
1647676,63779589530701,-13.59237,2.597551,-0.05066288,-0.1019756,0.8829237,0.1627112,-0.4284527,0.007350159,0.002602539,-0.02284946,0.1225433,-0.003967285,0.9924469,0.03055611,0.002035187,-0.02167531,0.03055611,0.002035187,-0.02167531,0.1104431,0.008895874,0.9938354,0.1104431,0.008895874,0.9938354,5.441498,5.441498,True,True,True
1647684,63779589530701,-13.59237,2.597551,-0.05066288,-0.1019756,0.8829237,0.1627112,-0.4284527,0.007277573,0.002605194,-0.02285478,0.1225739,-0.004119873,0.9924469,0.03055597,0.002036408,-0.02167827,0.03055597,0.002036408,-0.02167827,0.1104279,0.008728027,0.9938354,0.1104279,0.008728027,0.9938354,5.441055,5.441055,True,True,True
1647692,63779589530712,-13.59235,2.597579,-0.05065733,-0.1019062,0.8829514,0.1627892,-0.4283826,0.007252899,0.002605866,-0.02285416,0.1227264,-0.004241943,0.9924164,0.03055559,0.002036408,-0.02167531,0.03055559,0.002036408,-0.02167531,0.110672,0.008636475,0.9938049,0.110672,0.008636475,0.9938049,5.44548,5.44548,True,True,True
1647701,63779589530723,-13.59236,2.597565,-0.05066735,-0.1018035,0.8829719,0.1630216,-0.4282763,0.007233109,0.002605774,-0.0228523,0.1226349,-0.004180908,0.9924316,0.03055504,0.00203508,-0.02167064,0.03055504,0.00203508,-0.02167064,0.1105042,0.008850098,0.9938354,0.1105042,0.008850098,0.9938354,5.441513,5.441513,True,True,True
1647709,63779589530735,-13.59234,2.597594,-0.05066985,-0.1018192,0.882975,0.163078,-0.4282449,0.007237412,0.00260553,-0.02285072,0.1226654,-0.004135132,0.9924316,0.03055329,0.00203476,-0.02166846,0.03055329,0.00203476,-0.02166846,0.1100311,0.008926392,0.9938812,0.1100311,0.008926392,0.9938812,5.441696,5.441696,True,True,True
1647717,63779589530735,-13.59234,2.597594,-0.05066985,-0.1018192,0.882975,0.163078,-0.4282449,0.007337326,0.002603546,-0.02284502,0.1227417,-0.004257202,0.9924164,0.03055286,0.002034607,-0.02166751,0.03055286,0.002034607,-0.02166751,0.1099091,0.008911133,0.9938965,0.1099091,0.008911133,0.9938965,5.441513,5.441513,True,True,True
1647726,63779589530746,-13.59231,2.597626,-0.05072516,-0.101732,0.8829795,0.1632528,-0.4281896,0.007453782,0.002600128,-0.02283794,0.1223907,-0.004089355,0.9924622,0.03055113,0.002033691,-0.02166573,0.03055113,0.002033691,-0.02166573,0.1094513,0.009063721,0.9939423,0.1094513,0.009063721,0.9939423,5.44191,5.44191,True,True,True
1647734,63779589530757,-13.5923,2.597651,-0.05064899,-0.1017325,0.8830234,0.1633538,-0.4280605,0.007518616,0.00259848,-0.02283432,0.1223145,-0.004058838,0.9924774,0.03055093,0.0020336,-0.02166553,0.03055093,0.0020336,-0.02166553,0.1093903,0.009063721,0.9939423,0.1093903,0.009063721,0.9939423,5.44101,5.44101,True,True,True
1647742,63779589530768,-13.59225,2.597661,-0.05066961,-0.1017363,0.8830246,0.1633016,-0.4280771,0.007645356,0.002594513,-0.02282777,0.1221161,-0.003295898,0.9925079,0.03055033,0.002032196,-0.02166553,0.03055033,0.002032196,-0.02166553,0.1091766,0.009414673,0.9939728,0.1091766,0.009414673,0.9939728,5.43454,5.43454,True,True,True
1647751,63779589530768,-13.59225,2.597661,-0.05066961,-0.1017363,0.8830246,0.1633016,-0.4280771,0.007678803,0.002593628,-0.022826,0.1231232,-0.002761841,0.9923859,0.03054999,0.002032089,-0.02166573,0.03054999,0.002032089,-0.02166573,0.1112061,0.01026917,0.9937286,0.1112061,0.01026917,0.9937286,5.435196,5.435196,True,True,True
1647759,63779589530779,-13.59225,2.597664,-0.05074334,-0.1018713,0.8830291,0.1632941,-0.4280384,0.007778641,0.002590836,-0.02282039,0.1230164,-0.002288818,0.9923859,0.0305497,0.00203154,-0.02166573,0.0305497,0.00203154,-0.02166573,0.1111145,0.01049805,0.9937439,0.1111145,0.01049805,0.9937439,5.433319,5.433319,True,True,True
1647767,63779589530790,-13.59223,2.597656,-0.05078143,-0.1018966,0.8831104,0.1633546,-0.4278415,0.007971894,0.002586197,-0.02281194,0.1228027,-0.002182007,0.9924164,0.03054804,0.00203154,-0.02166846,0.03054804,0.00203154,-0.02166846,0.1106262,0.01057434,0.9938049,0.1106262,0.01057434,0.9938049,5.426926,5.426926,True,True,True
1647776,63779589530801,-13.59224,2.597619,-0.05083323,-0.1019269,0.8831429,0.1633793,-0.4277577,0.008237809,0.002579788,-0.02279894,0.1218872,-0.001937866,0.9925385,0.03054691,0.00203154,-0.0216696,0.03054691,0.00203154,-0.0216696,0.109375,0.01081848,0.993927,0.109375,0.01081848,0.993927,5.427078,5.427078,True,True,True
1647784,63779589530801,-13.59224,2.597619,-0.05083323,-0.1019269,0.8831429,0.1633793,-0.4277577,0.008166946,0.002580719,-0.0228015,0.1219025,-0.002120972,0.9925232,0.03054685,0.002030197,-0.0216698,0.03054685,0.002030197,-0.0216698,0.1093597,0.01119995,0.993927,0.1093597,0.01119995,0.993927,5.427231,5.427231,True,True,True
1647792,63779589530812,-13.59221,2.597652,-0.05089641,-0.1019104,0.8832009,0.163332,-0.4276601,0.008177399,0.00257988,-0.02280138,0.1217957,-0.001937866,0.9925385,0.03054619,0.002029175,-0.02167064,0.03054619,0.002029175,-0.02167064,0.1091766,0.01152039,0.9939423,0.1091766,0.01152039,0.9939423,5.42749,5.42749,True,True,True
1647801,63779589530824,-13.59219,2.597646,-0.05094296,-0.1019331,0.8833236,0.1632645,-0.427427,0.00817923,0.002579529,-0.02280043,0.1222992,-0.001739502,0.9924774,0.03054364,0.002028671,-0.0216698,0.03054364,0.002028671,-0.0216698,0.109436,0.01161194,0.9939117,0.109436,0.01161194,0.9939117,5.427429,5.427429,True,True,True
1647809,63779589530835,-13.59214,2.597658,-0.05095708,-0.1018258,0.8833992,0.1631952,-0.4273227,0.00821283,0.002578674,-0.02279854,0.122345,-0.001724243,0.9924774,0.03054215,0.002028671,-0.0216698,0.03054215,0.002028671,-0.0216698,0.1091461,0.01161194,0.9939423,0.1091461,0.01161194,0.9939423,5.42749,5.42749,True,True,True
1647817,63779589530835,-13.59214,2.597658,-0.05095708,-0.1018258,0.8833992,0.1631952,-0.4273227,0.008919129,0.002577133,-0.0227475,0.1185913,-0.005447388,0.9929199,0.03054213,0.002028671,-0.0216698,0.03054213,0.002028671,-0.0216698,0.1091156,0.0131073,0.993927,0.1091156,0.0131073,0.993927,5.423401,5.423401,True,True,True
1647826,63779589530846,-13.59213,2.597658,-0.05102313,-0.1017948,0.8835147,0.1631718,-0.4271002,0.009838776,0.002554138,-0.02270206,0.1181335,-0.00553894,0.992981,0.03054024,0.002028671,-0.02167085,0.03054024,0.002028671,-0.02167085,0.1090546,0.01167297,0.9939575,0.1090546,0.01167297,0.9939575,5.421158,5.421158,True,True,True
1647834,63779589530856,-13.59211,2.597699,-0.05113655,-0.1018245,0.8835971,0.1630031,-0.4269872,0.01059096,0.002535233,-0.02266423,0.11763,-0.004730225,0.993042,0.03053995,0.002028671,-0.02167122,0.03053995,0.002028671,-0.02167122,0.1089783,0.01165771,0.9939728,0.1089783,0.01165771,0.9939728,5.420975,5.420975,True,True,True
1647842,63779589530868,-13.5921,2.597702,-0.05117351,-0.1017133,0.8836988,0.1629095,-0.4268388,0.01123428,0.002517365,-0.02263111,0.1156006,-0.003921509,0.9932861,0.0305394,0.002028671,-0.02167517,0.0305394,0.002028671,-0.02167517,0.1088257,0.01193237,0.993988,0.1088257,0.01193237,0.993988,5.421158,5.421158,True,True,True
1647851,63779589530868,-13.5921,2.597702,-0.05117351,-0.1017133,0.8836988,0.1629095,-0.4268388,-0.003411377,0.002742066,-0.02315802,0.1234131,-0.01570129,0.992218,0.03065708,0.001831818,-0.02128423,0.03065708,0.001831818,-0.02128423,0.1143188,0.003540039,0.9934235,0.1143188,0.003540039,0.9934235,5.541199,5.541199,True,True,True
1647859,63779589530879,-13.59215,2.597728,-0.05121994,-0.1016127,0.8838432,0.1626482,-0.4266635,0.008010926,0.002412842,-0.02267798,0.1010132,-0.01707458,0.9947357,0.03077805,0.001857178,-0.02166379,0.03077805,0.001857178,-0.02166379,0.0942688,-0.002365112,0.9955292,0.0942688,-0.002365112,0.9955292,5.496582,5.496582,True,True,True
1647867,63779589530890,-13.59216,2.597714,-0.05129796,-0.1016162,0.8839584,0.1622979,-0.4265573,-0.005896439,0.00280304,-0.02369977,0.09857178,-0.04388428,0.9941559,0.03086695,0.001953552,-0.02220902,0.03086695,0.001953552,-0.02220902,0.09197998,-0.03695679,0.9950714,0.09197998,-0.03695679,0.9950714,5.326874,5.326874,True,True,True
1647876,63779589530901,-13.59216,2.5977,-0.05136323,-0.1014295,0.8840755,0.1621046,-0.4264325,-0.0160645,0.002960373,-0.02399715,0.09605408,-0.06533813,0.9932251,0.03093421,0.001757065,-0.02187822,0.03093421,0.001757065,-0.02187822,0.09945679,-0.02963257,0.9945984,0.09945679,-0.02963257,0.9945984,5.41153,5.41153,True,True,True
1647884,63779589530901,-13.59216,2.5977,-0.05136323,-0.1014295,0.8840755,0.1621046,-0.4264325,-0.02198637,0.003087311,-0.02421726,0.08885193,-0.06520081,0.9938965,0.03094075,0.001767258,-0.02194394,0.03094075,0.001767258,-0.02194394,0.1004181,-0.03549194,0.9943085,0.1004181,-0.03549194,0.9943085,5.378006,5.378006,True,True,True
1647892,63779589530912,-13.59221,2.597682,-0.05133462,-0.1013636,0.8841556,0.1618632,-0.4263738,-0.02435781,0.003148407,-0.02434233,0.09223938,-0.06922913,0.9933167,0.03093887,0.001766144,-0.02192204,0.03093887,0.001766144,-0.02192204,0.09765625,-0.0332489,0.9946594,0.09765625,-0.0332489,0.9946594,5.397263,5.397263,True,True,True
1647901,63779589530923,-13.59223,2.597648,-0.05142528,-0.1014198,0.884207,0.1616799,-0.4263235,-0.02485054,0.003155731,-0.02433769,0.09062195,-0.07051086,0.9933777,0.030937,0.001766419,-0.02190013,0.030937,0.001766419,-0.02190013,0.09960938,-0.0322113,0.9944916,0.09960938,-0.0322113,0.9944916,5.413757,5.413757,True,True,True
1647909,63779589530934,-13.59226,2.59762,-0.05139321,-0.1014583,0.8843031,0.1614261,-0.4262112,-0.02468588,0.003150192,-0.02430902,0.08885193,-0.07086182,0.993515,0.03093556,0.001766846,-0.02189491,0.03093556,0.001766846,-0.02189491,0.09687805,-0.03565979,0.9946442,0.09687805,-0.03565979,0.9946442,5.413345,5.413345,True,True,True
1647917,63779589530934,-13.59226,2.59762,-0.05139321,-0.1014583,0.8843031,0.1614261,-0.4262112,-0.02379569,0.003127365,-0.02426808,0.0904541,-0.06712341,0.9936218,0.03093433,0.001767258,-0.02188971,0.03093433,0.001767258,-0.02188971,0.09416199,-0.03326416,0.9949951,0.09416199,-0.03326416,0.9949951,5.413437,5.413437,True,True,True
1647926,63779589530945,-13.59223,2.597568,-0.05148178,-0.1014904,0.8844305,0.16131,-0.425983,-0.02183656,0.003079453,-0.0241848,0.09217834,-0.06304932,0.9937286,0.03093422,0.001768585,-0.02188938,0.03093422,0.001768585,-0.02188938,0.09399414,-0.0332489,0.9950104,0.09399414,-0.0332489,0.9950104,5.407257,5.407257,True,True,True
1647934,63779589530957,-13.59224,2.597542,-0.05155337,-0.1014938,0.8845088,0.1610433,-0.4259205,0.001384522,0.002505005,-0.02317775,0.09336853,-0.04980469,0.9943695,0.03093413,0.001769928,-0.02188904,0.03093413,0.001769928,-0.02188904,0.09410095,-0.03320313,0.9949951,0.09410095,-0.03320313,0.9949951,5.413452,5.413452,True,True,True
1647942,63779589530968,-13.59216,2.597559,-0.0516265,-0.1014877,0.8845771,0.1609001,-0.4258343,0.001899918,0.002494385,-0.02315436,0.09397888,-0.04960632,0.9943237,0.03093388,0.001770966,-0.02188938,0.03093388,0.001770966,-0.02188938,0.09469604,-0.0317688,0.9949951,0.09469604,-0.0317688,0.9949951,5.415573,5.415573,True,True,True
1647951,63779589530968,-13.59216,2.597559,-0.0516265,-0.1014877,0.8845771,0.1609001,-0.4258343,0.009522996,0.0023051,-0.02282164,0.09367371,-0.04450989,0.9945984,0.03093363,0.001772018,-0.02188971,0.03093363,0.001772018,-0.02188971,0.09396362,-0.03041077,0.9951019,0.09396362,-0.03041077,0.9951019,5.415695,5.415695,True,True,True
1647959,63779589530978,-13.59217,2.59755,-0.05171102,-0.1015406,0.8846089,0.1608806,-0.4257631,0.008361191,0.00233429,-0.02287323,0.09326172,-0.04522705,0.9945984,0.03093352,0.001772461,-0.02189276,0.03093352,0.001772461,-0.02189276,0.09382629,-0.02957153,0.9951477,0.09382629,-0.02957153,0.9951477,5.41568,5.41568,True,True,True
1647967,63779589530990,-13.59214,2.597589,-0.05176085,-0.1017544,0.8846196,0.160921,-0.4256744,0.009143967,0.002315277,-0.02284033,0.09294128,-0.04386902,0.9946899,0.0309334,0.001772903,-0.02189581,0.0309334,0.001772903,-0.02189581,0.09368896,-0.02876282,0.9951782,0.09368896,-0.02876282,0.9951782,5.416656,5.416656,True,True,True
1647976,63779589531002,-13.59216,2.597554,-0.0518533,-0.1018801,0.88465,0.1609798,-0.425559,0.00873996,0.002326492,-0.02285513,0.09272766,-0.04415894,0.9947052,0.03093352,0.001774445,-0.02189276,0.03093352,0.001774445,-0.02189276,0.09382629,-0.02923584,0.9951477,0.09382629,-0.02923584,0.9951477,5.41713,5.41713,True,True,True
1647984,63779589531002,-13.59216,2.597554,-0.0518533,-0.1018801,0.88465,0.1609798,-0.425559,0.008550751,0.00233313,-0.02286043,0.09280396,-0.04464722,0.9946747,0.03093363,0.001775971,-0.02188971,0.03093363,0.001775971,-0.02188971,0.09376526,-0.02972412,0.9951477,0.09376526,-0.02972412,0.9951477,5.417755,5.417755,True,True,True
1647992,63779589531012,-13.59216,2.597569,-0.05196238,-0.1020502,0.8846552,0.1608404,-0.4255599,0.008631211,0.002334167,-0.02285983,0.09251404,-0.04472351,0.9947052,0.03093352,0.001779312,-0.02189276,0.03093352,0.001779312,-0.02189276,0.09307861,-0.03004456,0.9951935,0.09307861,-0.03004456,0.9951935,5.417847,5.417847,True,True,True
1648001,63779589531023,-13.59215,2.597537,-0.05204999,-0.1021307,0.8847201,0.1607243,-0.4254497,0.008639435,0.002336075,-0.02285817,0.09306335,-0.04515076,0.9946289,0.03093363,0.001782639,-0.02188971,0.03093363,0.001782639,-0.02188971,0.09375,-0.03085327,0.9951019,0.09375,-0.03085327,0.9951019,5.417389,5.417389,True,True,True
1648009,63779589531035,-13.59213,2.597526,-0.05214667,-0.1021037,0.8848265,0.1603777,-0.4253658,0.008731095,0.002334503,-0.02285434,0.092453,-0.04463196,0.9947052,0.03093363,0.001783722,-0.02188904,0.03093363,0.001783722,-0.02188904,0.09254456,-0.03016663,0.9952393,0.09254456,-0.03016663,0.9952393,5.417679,5.417679,True,True,True
1648017,63779589531035,-13.59213,2.597526,-0.05214667,-0.1021037,0.8848265,0.1603777,-0.4253658,0.008779236,0.00233493,-0.02285199,0.09274292,-0.04475403,0.9946747,0.03093363,0.001786163,-0.02188866,0.03093363,0.001786163,-0.02188866,0.09255981,-0.0304718,0.9952393,0.09255981,-0.0304718,0.9952393,5.418854,5.418854,True,True,True
1648026,63779589531046,-13.59217,2.597522,-0.05218506,-0.1020221,0.8849451,0.1602845,-0.4251737,0.008796158,0.002337479,-0.02285095,0.09263611,-0.04490662,0.9946747,0.03093413,0.001790695,-0.02188741,0.03093413,0.001790695,-0.02188741,0.09257507,-0.03118896,0.9952087,0.09257507,-0.03118896,0.9952087,5.4207,5.4207,True,True,True
1648034,63779589531057,-13.59215,2.597501,-0.05224544,-0.1019219,0.8850545,0.1600037,-0.4250757,0.008722474,0.002340729,-0.02285263,0.09384155,-0.04431152,0.9945984,0.03093433,0.001792236,-0.02188234,0.03093433,0.001792236,-0.02188234,0.09262085,-0.03036499,0.995224,0.09262085,-0.03036499,0.995224,5.421356,5.421356,True,True,True
1648042,63779589531069,-13.59212,2.597512,-0.05232501,-0.1019079,0.8851813,0.1597829,-0.424898,0.008666428,0.002345963,-0.02285486,0.09657288,-0.04454041,0.9943237,0.03094885,0.001796295,-0.02188051,0.03094885,0.001796295,-0.02188051,0.09602356,-0.03068542,0.9949036,0.09602356,-0.03068542,0.9949036,5.425842,5.425842,True,True,True
1648051,63779589531069,-13.59212,2.597512,-0.05232501,-0.1019079,0.8851813,0.1597829,-0.424898,0.008597062,0.002350922,-0.02285787,0.09700012,-0.04528809,0.9942474,0.03094885,0.001797424,-0.02188051,0.03094885,0.001797424,-0.02188051,0.09658813,-0.03085327,0.9948425,0.09658813,-0.03085327,0.9948425,5.425644,5.425644,True,True,True
1648059,63779589531080,-13.59209,2.597515,-0.0523591,-0.1018412,0.8853695,0.159509,-0.4246246,0.008432938,0.002361008,-0.02286502,0.0973053,-0.04650879,0.9941559,0.03094885,0.0018051,-0.02188051,0.03094885,0.0018051,-0.02188051,0.09660339,-0.03277588,0.9947815,0.09660339,-0.03277588,0.9947815,5.427124,5.427124,True,True,True
1648067,63779589531091,-13.59206,2.597502,-0.05244642,-0.1017956,0.8855076,0.1593628,-0.4244024,0.008620697,0.002359833,-0.02286377,0.09771729,-0.04592896,0.9941406,0.03094885,0.001805359,-0.02188051,0.03094885,0.001805359,-0.02188051,0.09660339,-0.03184509,0.994812,0.09660339,-0.03184509,0.994812,5.427689,5.427689,True,True,True
1648076,63779589531091,-13.59206,2.597502,-0.05244642,-0.1017956,0.8855076,0.1593628,-0.4244024,0.007545822,0.002426361,-0.02296047,0.09814453,-0.04994202,0.9939117,0.03094026,0.001871002,-0.02196031,0.03094026,0.001871002,-0.02196031,0.09690857,-0.03775024,0.9945679,0.09690857,-0.03775024,0.9945679,5.424591,5.424591,True,True,True
1648084,63779589531103,-13.59201,2.597446,-0.05256826,-0.1017711,0.8856894,0.1591455,-0.4241104,0.01129149,0.002354981,-0.02275728,0.09269714,-0.04472351,0.9946747,0.03092772,0.001849472,-0.02181902,0.03092772,0.001849472,-0.02181902,0.08872986,-0.03315735,0.9954987,0.08872986,-0.03315735,0.9954987,5.412003,5.412003,True,True,True
1648092,63779589531114,-13.592,2.597468,-0.05272776,-0.1017013,0.8858603,0.1590084,-0.4238216,0.00181134,0.002817047,-0.02372374,0.07435608,-0.06532288,0.9950867,0.03084166,0.002122208,-0.02254028,0.03084166,0.002122208,-0.02254028,0.07243347,-0.03631592,0.9967041,0.07243347,-0.03631592,0.9967041,5.532333,5.532333,True,True,True
1648101,63779589531126,-13.59196,2.597439,-0.05283874,-0.1016422,0.8860368,0.1587908,-0.4235484,-0.01078076,0.003037644,-0.02410533,0.0821228,-0.09498596,0.9920807,0.03099306,0.002042893,-0.02238361,0.03099306,0.002042893,-0.02238361,0.07582092,-0.04855347,0.9959259,0.07582092,-0.04855347,0.9959259,5.479813,5.479813,True,True,True
1648109,63779589531126,-13.59196,2.597439,-0.05283874,-0.1016422,0.8860368,0.1587908,-0.4235484,-0.001799362,0.002774521,-0.02360282,0.05865479,-0.06347656,0.9962463,0.03116129,0.001937927,-0.02205336,0.03116129,0.001937927,-0.02205336,0.06382751,-0.04295349,0.9970245,0.06382751,-0.04295349,0.9970245,5.631699,5.631699,True,True,True
1648117,63779589531138,-13.59193,2.597412,-0.05294746,-0.1016659,0.8862461,0.1584896,-0.4232173,-0.01106349,0.002948914,-0.02383742,0.05264282,-0.1137848,0.9920959,0.03138152,0.001839371,-0.02167224,0.03138152,0.001839371,-0.02167224,0.03479004,-0.1112823,0.9931641,0.03479004,-0.1112823,0.9931641,5.309479,5.309479,True,True,True
1648126,63779589531149,-13.59189,2.597328,-0.05308646,-0.1015956,0.886457,0.1581034,-0.422937,-0.02658844,0.003272141,-0.02445268,0.02919006,-0.1463776,0.9887848,0.03150444,0.001934372,-0.02215473,0.03150444,0.001934372,-0.02215473,0,0,0,0,0,0,-1,-1,True,True,True
1648134,63779589531161,-13.59185,2.59728,-0.05326355,-0.1017029,0.8867083,0.1577358,-0.4225215,-0.001,-0.001,-0.001,1,-1,-1,0.03160498,0.001858811,-0.02174227,0.03160498,0.001858811,-0.02174227,0,0,0,0,0,0,-1,-1,False,True,True
1648142,63779589531161,-13.59185,2.59728,-0.05326355,-0.1017029,0.8867083,0.1577358,-0.4225215,-0.001,-0.001,-0.001,1,-1,-1,0.0317554,0.001925461,-0.02213554,0.0317554,0.001925461,-0.02213554,0,0,0,0,0,0,-1,-1,False,True,True
1648151,63779589531172,-13.59186,2.597249,-0.05345929,-0.101556,0.8869674,0.1574058,-0.4221357,-0.001,-0.001,-0.001,1,-1,-1,0.0316207,0.003608765,-0.03379495,0.0316207,0.003608765,-0.03379495,0,0,0,0,0,0,-1,-1,False,True,True
1648159,63779589531183,-13.59182,2.597279,-0.05359799,-0.1014832,0.8871884,0.1571134,-0.4217976,-0.001,-0.001,-0.001,1,-1,-1,0.03151129,0.0006192322,-0.02200748,0.03151129,0.0006192322,-0.02200748,0,0,0,0,0,0,-1,-1,False,True,True
1648167,63779589531183,-13.59182,2.597279,-0.05359799,-0.1014832,0.8871884,0.1571134,-0.4217976,-0.001,-0.001,-0.001,1,-1,-1,0.03192011,0.0002978668,-0.02212963,0.03192011,0.0002978668,-0.02212963,0,0,0,0,0,0,-1,-1,False,True,True
1648176,63779589531194,-13.59173,2.597268,-0.05372131,-0.1013765,0.8874271,0.1565791,-0.4215197,-0.001,-0.001,-0.001,1,-1,-1,0.0331201,0.0002789307,-0.02208515,0.0331201,0.0002789307,-0.02208515,0,0,0,0,0,0,-1,-1,False,True,True
1648184,63779589531206,-13.59169,2.597278,-0.05384749,-0.1011952,0.8876954,0.1560382,-0.4211989,-0.001,-0.001,-0.001,1,-1,-1,0.0322804,0.000187088,-0.02219167,0.0322804,0.000187088,-0.02219167,0,0,0,0,0,0,-1,-1,False,True,True
1648192,63779589531217,-13.59163,2.597193,-0.05394787,-0.1012261,0.8879362,0.1555665,-0.4208581,-0.001,-0.001,-0.001,1,-1,-1,0.03221088,0.0004918213,-0.02213069,0.03221088,0.0004918213,-0.02213069,0,0,0,0,0,0,-1,-1,False,True,True
1648201,63779589531217,-13.59163,2.597193,-0.05394787,-0.1012261,0.8879362,0.1555665,-0.4208581,-0.001,-0.001,-0.001,1,-1,-1,0.03247923,-8.366394E-05,-0.02236752,0.03247923,-8.366394E-05,-0.02236752,0,0,0,0,0,0,-1,-1,False,True,True
1648209,63779589531228,-13.59165,2.597132,-0.05420071,-0.1013579,0.8881847,0.1550873,-0.420479,-0.001,-0.001,-0.001,1,-1,-1,0.03327858,0.0005098725,-0.02217273,0.03327858,0.0005098725,-0.02217273,0,0,0,0,0,0,-1,-1,False,True,True
1648217,63779589531239,-13.5916,2.597051,-0.05439425,-0.1014088,0.8884252,0.1545499,-0.4201563,-0.001,-0.001,-0.001,1,-1,-1,0.03349904,0.0006163178,-0.02193694,0.03349904,0.0006163178,-0.02193694,0,0,0,0,0,0,-1,-1,False,True,True
1648226,63779589531251,-13.59157,2.596991,-0.05455285,-0.1013983,0.8886536,0.1541944,-0.4198061,-0.001,-0.001,-0.001,1,-1,-1,0.03397589,0.0007057191,-0.02206093,0.03397589,0.0007057191,-0.02206093,0,0,0,0,0,0,-1,-1,False,True,True
1648234,63779589531251,-13.59157,2.596991,-0.05455285,-0.1013983,0.8886536,0.1541944,-0.4198061,-0.001,-0.001,-0.001,1,-1,-1,0.03397589,0.0007057191,-0.02206093,0.03397589,0.0007057191,-0.02206093,0,0,0,0,0,0,-1,-1,False,False,False
1648242,63779589531261,-13.59153,2.596928,-0.05470473,-0.1013435,0.8888857,0.1537774,-0.4194808,-0.001,-0.001,-0.001,1,-1,-1,0.03244362,0.001168991,-0.02211087,0.03244362,0.001168991,-0.02211087,0,0,0,0,0,0,-1,-1,False,True,True
1648251,63779589531272,-13.59153,2.596886,-0.05484748,-0.1013136,0.8890893,0.1533439,-0.4192153,-0.001,-0.001,-0.001,1,-1,-1,0.03371416,0.0005632782,-0.02227518,0.03371416,0.0005632782,-0.02227518,0,0,0,0,0,0,-1,-1,False,True,True
1648259,63779589531283,-13.59142,2.596823,-0.05499256,-0.1012291,0.8892866,0.1529553,-0.418959,-0.001,-0.001,-0.001,1,-1,-1,0.03276282,0.001271088,-0.0221129,0.03276282,0.001271088,-0.0221129,0,0,0,0,0,0,-1,-1,False,True,True
1648267,63779589531283,-13.59142,2.596823,-0.05499256,-0.1012291,0.8892866,0.1529553,-0.418959,-0.001,-0.001,-0.001,1,-1,-1,0.03385138,0.0008377381,-0.02214745,0.03385138,0.0008377381,-0.02214745,0,0,0,0,0,0,-1,-1,False,True,True
1648276,63779589531295,-13.5914,2.59684,-0.05512482,-0.1013794,0.8894888,0.1525839,-0.4186289,-0.001,-0.001,-0.001,1,-1,-1,0.03455527,0.003338669,-0.0214225,0.03455527,0.003338669,-0.0214225,0,0,0,0,0,0,-1,-1,False,True,True
1648284,63779589531306,-13.59137,2.596818,-0.0551976,-0.1012627,0.8896513,0.1523071,-0.4184126,-0.001,-0.001,-0.001,1,-1,-1,0.0329397,0.00131958,-0.02212546,0.0329397,0.00131958,-0.02212546,0,0,0,0,0,0,-1,-1,False,True,True
1648292,63779589531317,-13.59138,2.596753,-0.05532706,-0.1009941,0.8898325,0.152034,-0.4181913,-0.001,-0.001,-0.001,1,-1,-1,0.03270462,0.001214035,-0.02213516,0.03270462,0.001214035,-0.02213516,0,0,0,0,0,0,-1,-1,False,True,True
1648301,63779589531317,-13.59138,2.596753,-0.05532706,-0.1009941,0.8898325,0.152034,-0.4181913,-0.001,-0.001,-0.001,1,-1,-1,0.03270493,0.001200058,-0.02213893,0.03270493,0.001200058,-0.02213893,0,0,0,0,0,0,-1,-1,False,True,True
1648309,63779589531328,-13.59134,2.596748,-0.05541712,-0.1008697,0.8899391,0.1518427,-0.4180641,-0.001,-0.001,-0.001,1,-1,-1,0.03266086,0.001265839,-0.02213677,0.03266086,0.001265839,-0.02213677,0,0,0,0,0,0,-1,-1,False,True,True
1648317,63779589531339,-13.59128,2.596667,-0.05552596,-0.1006374,0.8900654,0.1515959,-0.4179409,0.03269337,0.001198425,-0.0221534,-0.2063904,-0.2047882,0.9567871,0.03270416,0.001198166,-0.02215299,0.03270416,0.001198166,-0.02215299,-0.2064056,-0.2047882,0.9567871,-0.2064056,-0.2047882,0.9567871,5.575546,5.575546,True,True,True
1648326,63779589531351,-13.59121,2.596646,-0.05560756,-0.1005597,0.8902078,0.1512307,-0.4177885,0.03255559,0.001162048,-0.0221574,-0.1863251,-0.1898956,0.9639587,0.03269527,0.001158539,-0.02215212,0.03269527,0.001158539,-0.02215212,-0.1865692,-0.1899109,0.9638977,-0.1865692,-0.1899109,0.9638977,5.639175,5.639175,True,True,True
1648334,63779589531361,-13.59111,2.59663,-0.0557043,-0.1004322,0.8903167,0.1508101,-0.4177393,0.03257051,0.001162689,-0.02214153,-0.1747131,-0.2196808,0.9597931,0.03269335,0.001159699,-0.02213701,0.03269335,0.001159699,-0.02213701,-0.1749115,-0.2197113,0.9597473,-0.1749115,-0.2197113,0.9597473,5.501938,5.501938,True,True,True
1648342,63779589531361,-13.59111,2.59663,-0.0557043,-0.1004322,0.8903167,0.1508101,-0.4177393,0.03226763,0.001177444,-0.02216458,-0.1920166,-0.1957703,0.9616547,0.03269469,0.001167465,-0.02215025,0.03269469,0.001167465,-0.02215025,-0.1929169,-0.195694,0.9614868,-0.1929169,-0.195694,0.9614868,5.452362,5.452362,True,True,True
1648351,63779589531373,-13.59108,2.596571,-0.05579978,-0.1003704,0.8904518,0.1505752,-0.4175506,0.03235091,0.001165817,-0.02216948,-0.1891479,-0.1790924,0.9654694,0.03269039,0.00115799,-0.02215911,0.03269039,0.00115799,-0.02215911,-0.1898193,-0.1789093,0.9653778,-0.1898193,-0.1789093,0.9653778,5.64006,5.64006,True,True,True
1648359,63779589531384,-13.59101,2.596581,-0.05588299,-0.1002867,0.8906106,0.1502717,-0.4173412,0.03267758,0.001158157,-0.0221624,-0.1932983,-0.184494,0.963623,0.03269019,0.001157867,-0.02216202,0.03269019,0.001157867,-0.02216202,-0.1933136,-0.184494,0.963623,-0.1933136,-0.184494,0.963623,5.591385,5.591385,True,True,True
1648367,63779589531384,-13.59101,2.596581,-0.05588299,-0.1002867,0.8906106,0.1502717,-0.4173412,0.03268454,0.001157394,-0.0221463,-0.1694031,-0.2006378,0.9648895,0.0326931,0.001157196,-0.02214606,0.0326931,0.001157196,-0.02214606,-0.1694183,-0.2006378,0.9648895,-0.1694183,-0.2006378,0.9648895,5.379486,5.379486,True,True,True
1648376,63779589531395,-13.59091,2.596551,-0.05597574,-0.1001102,0.8907002,0.1501503,-0.4172361,0.03268591,0.001152542,-0.02214107,-0.1556549,-0.2099762,0.9652252,0.03269388,0.001152329,-0.02214069,0.03269388,0.001152329,-0.02214069,-0.1556702,-0.2099762,0.9652252,-0.1556702,-0.2099762,0.9652252,5.421692,5.421692,True,True,True
1648384,63779589531406,-13.59079,2.596618,-0.05611068,-0.1000552,0.8908442,0.149969,-0.417007,0.03266731,0.001150299,-0.02215259,-0.1649933,-0.197113,0.9663849,0.03269573,0.001149658,-0.02215172,0.03269573,0.001149658,-0.02215172,-0.1650391,-0.1970978,0.9663849,-0.1650391,-0.1970978,0.9663849,5.509628,5.509628,True,True,True
1648392,63779589531417,-13.5907,2.596643,-0.0562765,-0.09997637,0.8910283,0.1497675,-0.416705,0.03266388,0.00114978,-0.02215199,-0.1602936,-0.1973724,0.9671173,0.03269527,0.001149094,-0.02215106,0.03269527,0.001149094,-0.02215106,-0.1603394,-0.1973724,0.9671173,-0.1603394,-0.1973724,0.9671173,5.441605,5.441605,True,True,True
1648401,63779589531417,-13.5907,2.596643,-0.0562765,-0.09997637,0.8910283,0.1497675,-0.416705,0.03265163,0.001156372,-0.02215437,-0.1644592,-0.2047119,0.9648895,0.0326957,0.001155396,-0.02215311,0.0326957,0.001155396,-0.02215311,-0.1645203,-0.2047119,0.9648895,-0.1645203,-0.2047119,0.9648895,5.391785,5.391785,True,True,True
1648409,63779589531428,-13.5906,2.596722,-0.05636251,-0.100008,0.8912627,0.1495294,-0.4162812,0.0326102,0.001162323,-0.02216049,-0.1634064,-0.1880646,0.9684601,0.032695,0.001160446,-0.02215801,0.032695,0.001160446,-0.02215801,-0.1635132,-0.1880341,0.9684448,-0.1635132,-0.1880341,0.9684448,5.481323,5.481323,True,True,True
1648417,63779589531439,-13.59042,2.596847,-0.05652755,-0.1002603,0.8914863,0.1492292,-0.4158494,0.03249405,0.001167343,-0.02216237,-0.1563263,-0.1936951,0.9685211,0.03269573,0.001162872,-0.0221563,0.03269573,0.001162872,-0.0221563,-0.1565704,-0.1936646,0.9684906,-0.1565704,-0.1936646,0.9684906,5.442032,5.442032,True,True,True
1648426,63779589531450,-13.59024,2.59699,-0.05666864,-0.1005854,0.8918664,0.1487024,-0.4151441,0.03240744,0.001166824,-0.02216647,-0.1492615,-0.1976929,0.9688263,0.03269647,0.001160446,-0.02215801,0.03269647,0.001160446,-0.02215801,-0.1495819,-0.1976624,0.9687805,-0.1495819,-0.1976624,0.9687805,5.425049,5.425049,True,True,True
1648434,63779589531450,-13.59024,2.59699,-0.05666864,-0.1005854,0.8918664,0.1487024,-0.4151441,0.03240956,0.001189804,-0.02216429,-0.1628723,-0.2054443,0.9650116,0.03269037,0.001183685,-0.0221559,0.03269037,0.001183685,-0.0221559,-0.1632538,-0.2054443,0.9649506,-0.1632538,-0.2054443,0.9649506,5.435089,5.435089,True,True,True
1648442,63779589531461,-13.59005,2.597208,-0.05679846,-0.10082,0.8924084,0.14797,-0.4141829,0.03246639,0.001235809,-0.02215347,-0.1604614,-0.2079773,0.9648743,0.03269014,0.001231216,-0.02214796,0.03269014,0.001231216,-0.02214796,-0.1607056,-0.2079315,0.9648438,-0.1607056,-0.2079315,0.9648438,5.337601,5.337601,True,True,True
1648451,63779589531474,-13.58985,2.597423,-0.05697846,-0.1007442,0.8930781,0.1472546,-0.4130112,0.03247454,0.001263748,-0.02215053,-0.1522675,-0.1958923,0.9687195,0.03269414,0.001259201,-0.02214478,0.03269414,0.001259201,-0.02214478,-0.1525116,-0.195755,0.9687042,-0.1525116,-0.195755,0.9687042,5.456314,5.456314,True,True,True
1648459,63779589531484,-13.58957,2.597558,-0.05710167,-0.1003185,0.8940368,0.1459375,-0.4115054,0.02604651,0.001418335,-0.02233486,-0.1353149,-0.2396851,0.9613647,0.03268433,0.001269623,-0.02212865,0.03268433,0.001269623,-0.02212865,-0.1388702,-0.2437134,0.9598389,-0.1388702,-0.2437134,0.9598389,5.225845,5.225845,True,True,True
1648467,63779589531484,-13.58957,2.597558,-0.05710167,-0.1003185,0.8940368,0.1459375,-0.4115054,0.03264336,0.001329437,-0.02207397,-0.09880066,-0.3385315,0.9357452,0.03264336,0.001329437,-0.02207397,0.03264336,0.001329437,-0.02207397,-0.09880066,-0.3385315,0.9357452,-0.09880066,-0.3385315,0.9357452,4.779724,4.779724,True,True,True
1648476,63779589531496,-13.58932,2.597604,-0.05723274,-0.09993745,0.8949916,0.1440721,-0.4101779,-0.001,-0.001,-0.001,1,-1,-1,0.03264778,0.001514587,-0.02201582,0.03264778,0.001514587,-0.02201582,0,0,0,0,0,0,-1,-1,False,True,True
1648484,63779589531506,-13.58904,2.597739,-0.05741382,-0.099387,0.8961018,0.1420216,-0.4085996,-0.001,-0.001,-0.001,1,-1,-1,0.03264778,0.001514587,-0.02201582,0.03264778,0.001514587,-0.02201582,0,0,0,0,0,0,-1,-1,False,False,False
1648492,63779589531518,-13.58883,2.597839,-0.05750626,-0.09850553,0.8972468,0.1406605,-0.4067671,-0.001,-0.001,-0.001,1,-1,-1,0.03264778,0.001514587,-0.02201582,0.03264778,0.001514587,-0.02201582,0,0,0,0,0,0,-1,-1,False,False,False
1648501,63779589531518,-13.58883,2.597839,-0.05750626,-0.09850553,0.8972468,0.1406605,-0.4067671,-0.001,-0.001,-0.001,1,-1,-1,0.03231493,0.0001883698,-0.02214368,0.03231493,0.0001883698,-0.02214368,0,0,0,0,0,0,-1,-1,False,True,True
1648509,63779589531529,-13.58872,2.597983,-0.05771571,-0.09772027,0.8983179,0.1398039,-0.4048834,-0.001,-0.001,-0.001,1,-1,-1,0.03175078,-0.0005470124,-0.02249007,0.03175078,-0.0005470124,-0.02249007,0,0,0,0,0,0,-1,-1,False,True,True
1648517,63779589531540,-13.5885,2.598008,-0.05794007,-0.09750204,0.8992208,0.1390264,-0.4031959,-0.001,-0.001,-0.001,1,-1,-1,0.03540512,-0.000923233,-0.02499259,0.03540512,-0.000923233,-0.02499259,0,0,0,0,0,0,-1,-1,False,True,True
1648526,63779589531551,-13.58829,2.597963,-0.05820781,-0.09786545,0.9000292,0.1383341,-0.4015391,-0.001,-0.001,-0.001,1,-1,-1,0.03540512,-0.000923233,-0.02499259,0.03540512,-0.000923233,-0.02499259,0,0,0,0,0,0,-1,-1,False,False,False
1648534,63779589531551,-13.58829,2.597963,-0.05820781,-0.09786545,0.9000292,0.1383341,-0.4015391,-0.001,-0.001,-0.001,1,-1,-1,0.03214006,-0.001094162,-0.0226942,0.03214006,-0.001094162,-0.0226942,0,0,0,0,0,0,-1,-1,False,True,True
1648542,63779589531562,-13.58813,2.59791,-0.05841172,-0.09836613,0.9007399,0.1379227,-0.3999614,-0.001,-0.001,-0.001,1,-1,-1,0.03309065,-0.0002640533,-0.02236598,0.03309065,-0.0002640533,-0.02236598,0,0,0,0,0,0,-1,-1,False,True,True
1648551,63779589531574,-13.58794,2.597807,-0.05854362,-0.09888475,0.9014676,0.1374344,-0.3983588,-0.001,-0.001,-0.001,1,-1,-1,0.03238532,-0.0004269257,-0.02253041,0.03238532,-0.0004269257,-0.02253041,0,0,0,0,0,0,-1,-1,False,True,True
1648559,63779589531584,-13.58777,2.59768,-0.0587548,-0.09950946,0.9020871,0.1370345,-0.3969362,-0.001,-0.001,-0.001,1,-1,-1,0.03249695,5.088807E-05,-0.02236194,0.03249695,5.088807E-05,-0.02236194,0,0,0,0,0,0,-1,-1,False,True,True
1648567,63779589531584,-13.58777,2.59768,-0.0587548,-0.09950946,0.9020871,0.1370345,-0.3969362,-0.001,-0.001,-0.001,1,-1,-1,0.03522272,0.0008153534,-0.02818443,0.03522272,0.0008153534,-0.02818443,0,0,0,0,0,0,-1,-1,False,True,True
1648576,63779589531596,-13.58758,2.597641,-0.05889499,-0.09990361,0.9026228,0.1369642,-0.3956415,-0.001,-0.001,-0.001,1,-1,-1,0.03522272,0.0008153534,-0.02818443,0.03522272,0.0008153534,-0.02818443,0,0,0,0,0,0,-1,-1,False,False,False
1648584,63779589531607,-13.58749,2.597609,-0.05896974,-0.09987165,0.903134,0.1372202,-0.3943922,-0.001,-0.001,-0.001,1,-1,-1,0.03214289,0.0009888764,-0.02194759,0.03214289,0.0009888764,-0.02194759,0,0,0,0,0,0,-1,-1,False,True,True
1648592,63779589531618,-13.58742,2.597636,-0.05906546,-0.09978155,0.9035642,0.1372176,-0.3934295,-0.001,-0.001,-0.001,1,-1,-1,0.03182532,0.0008899689,-0.02011934,0.03182532,0.0008899689,-0.02011934,0,0,0,0,0,0,-1,-1,False,True,True
1648601,63779589531618,-13.58742,2.597636,-0.05906546,-0.09978155,0.9035642,0.1372176,-0.3934295,-0.001,-0.001,-0.001,1,-1,-1,0.03175023,0.001541061,-0.02242821,0.03175023,0.001541061,-0.02242821,0,0,0,0,0,0,-1,-1,False,True,True
1648609,63779589531629,-13.58733,2.597595,-0.05914742,-0.09956442,0.9038817,0.1371995,-0.3927608,-0.001,-0.001,-0.001,1,-1,-1,0.03186079,0.00174054,-0.02335761,0.03186079,0.00174054,-0.02335761,0,0,0,0,0,0,-1,-1,False,True,True
1648617,63779589531640,-13.5872,2.597536,-0.05917948,-0.09935081,0.9041538,0.13694,-0.392279,-0.001,-0.001,-0.001,1,-1,-1,0.03168556,0.001525696,-0.0230248,0.03168556,0.001525696,-0.0230248,0,0,0,0,0,0,-1,-1,False,True,True
1648626,63779589531651,-13.58715,2.597522,-0.05912715,-0.099037,0.904349,0.1368184,-0.3919506,-0.001,-0.001,-0.001,1,-1,-1,0.03170189,0.001779923,-0.02451882,0.03170189,0.001779923,-0.02451882,0,0,0,0,0,0,-1,-1,False,True,True
1648634,63779589531651,-13.58707,2.597507,-0.05909353,-0.09887273,0.9045103,0.1364353,-0.3917533,-0.001,-0.001,-0.001,1,-1,-1,0.03166693,0.001510407,-0.02297267,0.03166693,0.001510407,-0.02297267,0,0,0,0,0,0,-1,-1,False,True,True
1648642,63779589531662,-13.58707,2.597507,-0.05909353,-0.09887273,0.9045103,0.1364353,-0.3917533,-0.02644106,0.002304856,-0.02330899,0.02218628,-0.2088928,0.9776764,0.03169214,0.001522476,-0.02320731,0.03169214,0.001522476,-0.02320731,-0.008758545,-0.1786194,0.9838715,-0.008758545,-0.1786194,0.9838715,5.564087,5.564087,True,True,True
1648651,63779589531674,-13.58705,2.597477,-0.05907267,-0.09891951,0.9046752,0.135727,-0.3916067,-0.0264294,0.002222046,-0.02277528,0.01881409,-0.2535706,0.9671173,0.031675,0.001509689,-0.02311661,0.031675,0.001509689,-0.02311661,-0.01127625,-0.1715393,0.9851074,-0.01127625,-0.1715393,0.9851074,5.615128,5.615128,True,True,True
1648659,63779589531685,-13.58701,2.597534,-0.05902708,-0.09868029,0.9047793,0.1354599,-0.3915191,-0.01709322,0.002189865,-0.02336792,0.0133667,-0.2236633,0.9745636,0.03166872,0.0015047,-0.0231304,0.03166872,0.0015047,-0.0231304,0.009216309,-0.2035217,0.9790192,0.009216309,-0.2035217,0.9790192,5.380524,5.380524,True,True,True
1648667,63779589531685,-13.58701,2.597534,-0.05902708,-0.09868029,0.9047793,0.1354599,-0.3915191,0.01983699,0.001648636,-0.02307958,0.0164032,-0.1911774,0.9814148,0.03165556,0.001495392,-0.02309123,0.03165556,0.001495392,-0.02309123,0.01570129,-0.1797028,0.9835815,0.01570129,-0.1797028,0.9835815,5.463287,5.463287,True,True,True
1648676,63779589531695,-13.58693,2.597619,-0.05902487,-0.09846091,0.9049179,0.1354608,-0.3912537,0.02407755,0.001568115,-0.02299629,0.021698,-0.1925812,0.9810333,0.03164621,0.001469452,-0.0230135,0.03164621,0.001469452,-0.0230135,0.02261353,-0.1856995,0.9823303,0.02261353,-0.1856995,0.9823303,5.467911,5.467911,True,True,True
1648684,63779589531707,-13.58687,2.597667,-0.05894899,-0.09812513,0.9050657,0.1354584,-0.390997,0.02891359,0.001468948,-0.02291689,0.01472473,-0.1988068,0.9799194,0.03164064,0.001430756,-0.02291226,0.03164064,0.001430756,-0.02291226,0.01409912,-0.1968536,0.9803162,0.01409912,-0.1968536,0.9803162,5.403748,5.403748,True,True,True
1648692,63779589531718,-13.58682,2.597676,-0.05893391,-0.09768602,0.9052633,0.1353382,-0.3906908,0.0250241,0.001540085,-0.02298593,0.01924133,-0.1918182,0.9812317,0.03163158,0.001449905,-0.02297424,0.03163158,0.001449905,-0.02297424,0.0181427,-0.1871643,0.9821472,0.0181427,-0.1871643,0.9821472,5.523376,5.523376,True,True,True
1648701,63779589531718,-13.58682,2.597676,-0.05893391,-0.09768602,0.9052633,0.1353382,-0.3906908,0.01137215,0.00170813,-0.02293424,0.02180481,-0.1921844,0.9811096,0.03163454,0.001425827,-0.02286952,0.03163454,0.001425827,-0.02286952,0.01818848,-0.1750641,0.984375,0.01818848,-0.1750641,0.984375,5.508621,5.508621,True,True,True
1648709,63779589531729,-13.58675,2.59762,-0.05887359,-0.09755044,0.9054784,0.1351547,-0.3902898,0.02861426,0.00144191,-0.02280673,0.01828003,-0.1910248,0.9813995,0.03162911,0.001398071,-0.02279195,0.03162911,0.001398071,-0.02279195,0.01773071,-0.1893005,0.9817505,0.01773071,-0.1893005,0.9817505,5.420868,5.420868,True,True,True
1648717,63779589531740,-13.58668,2.597669,-0.05885953,-0.09727567,0.9057088,0.1350615,-0.3898556,0.01475438,0.001651123,-0.0229211,0.02789307,-0.2057648,0.9781952,0.03161539,0.001404373,-0.02280687,0.03161539,0.001404373,-0.02280687,0.02883911,-0.2011566,0.979126,0.02883911,-0.2011566,0.979126,5.320786,5.320786,True,True,True
1648726,63779589531751,-13.5866,2.597694,-0.05887687,-0.0970744,0.9058781,0.1351884,-0.3894683,0.01811745,0.001610153,-0.0229366,0.020401,-0.2042084,0.978714,0.03161054,0.001411636,-0.02281941,0.03161054,0.001411636,-0.02281941,0.01968384,-0.2019501,0.979187,0.01968384,-0.2019501,0.979187,5.348831,5.348831,True,True,True
1648734,63779589531751,-13.5866,2.597694,-0.05887687,-0.0970744,0.9058781,0.1351884,-0.3894683,0.02195892,0.001551849,-0.02289993,0.02305603,-0.2020111,0.9790955,0.03160872,0.001408844,-0.0228132,0.03160872,0.001408844,-0.0228132,0.02310181,-0.2002563,0.9794617,0.02310181,-0.2002563,0.9794617,5.326965,5.326965,True,True,True
1648742,63779589531762,-13.58647,2.597751,-0.05894518,-0.09709036,0.9060891,0.1350931,-0.3890065,0.02385806,0.001521713,-0.02287898,0.02609253,-0.2011108,0.9792175,0.03160691,0.001406036,-0.02280698,0.03160691,0.001406036,-0.02280698,0.02659607,-0.1994476,0.979538,0.02659607,-0.1994476,0.979538,5.318405,5.318405,True,True,True
1648751,63779589531773,-13.58641,2.597735,-0.05892819,-0.09722354,0.906224,0.1351434,-0.388641,0.02808245,0.001457443,-0.02283688,0.02572632,-0.1996613,0.9795227,0.03160587,0.001404999,-0.0228047,0.03160587,0.001404999,-0.0228047,0.02593994,-0.1989288,0.97966,0.02593994,-0.1989288,0.97966,5.323868,5.323868,True,True,True
1648759,63779589531785,-13.58631,2.597746,-0.0588702,-0.0973184,0.9063165,0.1350773,-0.3884245,0.02759645,0.001463928,-0.02283998,0.02502441,-0.1992035,0.9796295,0.03160483,0.001403961,-0.02280243,0.03160483,0.001403961,-0.02280243,0.02522278,-0.1982574,0.9798126,0.02522278,-0.1982574,0.9798126,5.319275,5.319275,True,True,True
1648767,63779589531785,-13.58631,2.597746,-0.0588702,-0.0973184,0.9063165,0.1350773,-0.3884245,0.02658562,0.001474197,-0.02283728,0.02487183,-0.1981964,0.9798431,0.03160335,0.001399002,-0.02279021,0.03160335,0.001399002,-0.02279021,0.02522278,-0.1968384,0.9801025,0.02522278,-0.1968384,0.9801025,5.324799,5.324799,True,True,True
1648776,63779589531795,-13.58625,2.597678,-0.05874407,-0.09729647,0.9063137,0.1349563,-0.3884786,0.02556024,0.001484726,-0.02283473,0.0246582,-0.1972656,0.9800262,0.03160187,0.001394058,-0.02277799,0.03160187,0.001394058,-0.02277799,0.02520752,-0.1954193,0.9803925,0.02520752,-0.1954193,0.9803925,5.330673,5.330673,True,True,True
1648784,63779589531806,-13.58625,2.597686,-0.05864424,-0.09729491,0.9063171,0.1347731,-0.3885348,0.02203752,0.00153064,-0.02283527,0.02445984,-0.1975403,0.9799805,0.03160103,0.001388107,-0.02276337,0.03160103,0.001388107,-0.02276337,0.02537537,-0.1934662,0.9807739,0.02537537,-0.1934662,0.9807739,5.342651,5.342651,True,True,True
1648792,63779589531818,-13.58626,2.597731,-0.05848229,-0.09723753,0.9061982,0.1349386,-0.388769,0.0215078,0.00153421,-0.0228057,0.02452087,-0.1977692,0.9799347,0.03160019,0.001385422,-0.02274875,0.03160019,0.001385422,-0.02274875,0.02554321,-0.1924286,0.9809723,0.02554321,-0.1924286,0.9809723,5.354156,5.354156,True,True,True
1648801,63779589531818,-13.58626,2.597731,-0.05848229,-0.09723753,0.9061982,0.1349386,-0.388769,0.007931137,0.001702972,-0.02278523,0.02388,-0.2051239,0.9784393,0.03155477,0.001313446,-0.02244019,0.03155477,0.001313446,-0.02244019,0.02308655,-0.1971588,0.9800873,0.02308655,-0.1971588,0.9800873,5.377701,5.377701,True,True,True
1648809,63779589531828,-13.58628,2.597774,-0.05834329,-0.09724954,0.9059551,0.1349685,-0.3893215,-0.02187909,0.002329117,-0.02361141,0.05180359,-0.2241058,0.973175,0.0313429,0.001221405,-0.02199619,0.0313429,0.001221405,-0.02199619,0.03746033,-0.1861877,0.9817963,0.03746033,-0.1861877,0.9817963,5.411819,5.411819,True,True,True
1648817,63779589531840,-13.58626,2.597812,-0.05816609,-0.09750095,0.9056602,0.1352745,-0.3898387,-0.02682718,0.002470368,-0.02369447,0.09446716,-0.1903992,0.9771423,0.03102796,0.001177124,-0.0216248,0.03102796,0.001177124,-0.0216248,0.09210205,-0.1803284,0.9792786,0.09210205,-0.1803284,0.9792786,5.433334,5.433334,True,True,True
1648826,63779589531851,-13.58633,2.597841,-0.05802089,-0.09772037,0.9052436,0.13596,-0.390512,-0.02626508,0.002545273,-0.02367758,0.161087,-0.1978302,0.9669037,0.03050595,0.001445755,-0.02235512,0.03050595,0.001445755,-0.02235512,0.09466553,-0.1578369,0.9829102,0.09466553,-0.1578369,0.9829102,5.4263,5.4263,True,True,True
1648834,63779589531851,-13.58633,2.597841,-0.05802089,-0.09772037,0.9052436,0.13596,-0.390512,-0.02024971,0.002522125,-0.02359856,0.2160645,-0.1776276,0.9600677,0.0300858,0.001616776,-0.02245337,0.0300858,0.001616776,-0.02245337,0.1385803,-0.1677704,0.9760284,0.1385803,-0.1677704,0.9760284,5.442093,5.442093,True,True,True
1648842,63779589531862,-13.58643,2.597925,-0.0579254,-0.09790697,0.9048363,0.1364413,-0.3912407,-7.354737E-06,0.002244126,-0.02320195,0.2474823,-0.147522,0.9575806,0.0298252,0.001694214,-0.02250662,0.0298252,0.001694214,-0.02250662,0.2015839,-0.13591,0.969986,0.2015839,-0.13591,0.969986,5.383743,5.383743,True,True,True
1648851,63779589531873,-13.58652,2.597871,-0.05781507,-0.09796639,0.9042476,0.1370628,-0.3923679,0.01189652,0.002125412,-0.0229932,0.2796326,-0.1237946,0.9520874,0.02952298,0.001800446,-0.02258136,0.02952298,0.001800446,-0.02258136,0.2571259,-0.1207123,0.9588013,0.2571259,-0.1207123,0.9588013,5.43811,5.43811,True,True,True
1648859,63779589531884,-13.58666,2.59782,-0.05760735,-0.09804828,0.9037563,0.1370323,-0.3934885,0.01252622,0.002204636,-0.02304657,0.3113098,-0.1065979,0.9443054,0.02924109,0.00189711,-0.02264708,0.02924109,0.00189711,-0.02264708,0.2862549,-0.1019135,0.952713,0.2862549,-0.1019135,0.952713,5.432877,5.432877,True,True,True
1648867,63779589531884,-13.58666,2.59782,-0.05760735,-0.09804828,0.9037563,0.1370323,-0.3934885,-0.003662735,0.002590409,-0.02354173,0.3799591,-0.0854187,0.9210358,0.02894389,0.002028824,-0.02272424,0.02894389,0.002028824,-0.02272424,0.3283997,-0.07743835,0.9413452,0.3283997,-0.07743835,0.9413452,5.453506,5.453506,True,True,True
1648876,63779589531895,-13.58683,2.597706,-0.05744183,-0.09809409,0.9031881,0.1372794,-0.3946936,-0.01554038,0.002850495,-0.0239446,0.4376221,-0.07846069,0.8957214,0.02877556,0.002113693,-0.02282271,0.02877556,0.002113693,-0.02282271,0.3876801,-0.05462646,0.920166,0.3876801,-0.05462646,0.920166,5.603226,5.603226,True,True,True
1648884,63779589531907,-13.58696,2.597653,-0.05724174,-0.09833467,0.9025893,0.1371414,-0.3960496,-0.0226355,0.003054154,-0.02423972,0.4752808,-0.06492615,0.8774261,0.02851789,0.002173233,-0.02293886,0.02851789,0.002173233,-0.02293886,0.4137573,-0.02845764,0.9099274,0.4137573,-0.02845764,0.9099274,5.559036,5.559036,True,True,True
1648892,63779589531917,-13.58716,2.597616,-0.05706525,-0.09859373,0.9019904,0.1371919,-0.39733,-0.004653046,0.002823792,-0.02389417,0.4762878,-0.02394104,0.878952,0.02830193,0.00225708,-0.02304618,0.02830193,0.00225708,-0.02304618,0.432785,0,0.9014893,0.432785,0,0.9014893,5.470688,5.470688,True,True,True
1648901,63779589531917,-13.58716,2.597616,-0.05706525,-0.09859373,0.9019904,0.1371919,-0.39733,0.0233611,0.002407227,-0.02327493,0.4825134,-0.007751465,0.8758392,0.0281312,0.002323731,-0.02314984,0.0281312,0.002323731,-0.02314984,0.4764862,-0.004501343,0.8791504,0.4764862,-0.004501343,0.8791504,5.553711,5.553711,True,True,True
1648909,63779589531929,-13.58727,2.59762,-0.05694669,-0.09905986,0.9012908,0.1372095,-0.3987927,0.02236627,0.002469833,-0.02339327,0.5178528,-0.0007476807,0.8554535,0.0280219,0.002372681,-0.02324468,0.0280219,0.002372681,-0.02324468,0.5126038,0.003479004,0.8586121,0.5126038,0.003479004,0.8586121,5.550476,5.550476,True,True,True
1648917,63779589531940,-13.58742,2.597627,-0.05680257,-0.09958478,0.9007358,0.1369355,-0.4000082,0.02149594,0.002512207,-0.02352875,0.5378571,0.006668091,0.8430023,0.02784078,0.002401489,-0.02335649,0.02784078,0.002401489,-0.02335649,0.5301971,0.009536743,0.8478088,0.5301971,0.009536743,0.8478088,5.597382,5.597382,True,True,True
1648926,63779589531951,-13.58751,2.597579,-0.05675381,-0.100201,0.9001726,0.1370585,-0.4010786,0.01817981,0.002608658,-0.02375362,0.5727234,0.01956177,0.8195038,0.02764089,0.002452973,-0.02351732,0.02764089,0.002452973,-0.02351732,0.5686035,0.02947998,0.8220673,0.5686035,0.02947998,0.8220673,5.784576,5.784576,True,True,True
1648934,63779589531951,-13.58751,2.597579,-0.05675381,-0.100201,0.9001726,0.1370585,-0.4010786,0.01393185,0.002694687,-0.02392381,0.5857697,-0.006774902,0.8104401,0.02748686,0.002466461,-0.0235763,0.02748686,0.002466461,-0.0235763,0.5722656,0.01370239,0.8199463,0.5722656,0.01370239,0.8199463,5.7435,5.7435,True,True,True
1648942,63779589531962,-13.58765,2.59762,-0.05667996,-0.1005296,0.8996636,0.1376658,-0.4019296,0.02736458,0.002484818,-0.0237234,0.6073761,0.04090881,0.7933502,0.02736458,0.002484818,-0.0237234,0.02736458,0.002484818,-0.0237234,0.6073761,0.04090881,0.7933502,0.6073761,0.04090881,0.7933502,5.73761,5.73761,True,True,True
1648951,63779589531974,-13.58775,2.597649,-0.05660713,-0.1008247,0.8993253,0.1380059,-0.4024959,0.02731461,0.002491379,-0.02379881,0.6298981,0.04289246,0.7754822,0.02731461,0.002491379,-0.02379881,0.02731461,0.002491379,-0.02379881,0.6298981,0.04289246,0.7754822,0.6298981,0.04289246,0.7754822,5.756256,5.756256,True,True,True
1648959,63779589531984,-13.58785,2.597613,-0.05657339,-0.1013397,0.8989502,0.1382054,-0.4031355,0.02729691,0.002495148,-0.02382633,0.6401825,0.0413208,0.7670898,0.02729691,0.002495148,-0.02382633,0.02729691,0.002495148,-0.02382633,0.6401825,0.0413208,0.7670898,0.6401825,0.0413208,0.7670898,5.847336,5.847336,True,True,True
1648967,63779589531984,-13.58785,2.597613,-0.05657339,-0.1013397,0.8989502,0.1382054,-0.4031355,0.0273178,0.002472214,-0.02381584,0.6227112,0.0743866,0.7789001,0.0273178,0.002472214,-0.02381584,0.0273178,0.002472214,-0.02381584,0.6227112,0.0743866,0.7789001,0.6227112,0.0743866,0.7789001,5.713455,5.713455,True,True,True
1648975,63779589531995,-13.58796,2.597596,-0.05652344,-0.1015114,0.8986784,0.1382663,-0.4036768,0.02734224,0.002465607,-0.02377321,0.6273651,0.04133606,0.7776184,0.02734224,0.002465607,-0.02377321,0.02734224,0.002465607,-0.02377321,0.6273651,0.04133606,0.7776184,0.6273651,0.04133606,0.7776184,5.766388,5.766388,True,True,True
1648984,63779589532006,-13.58802,2.597562,-0.0564872,-0.1017171,0.8984942,0.1380415,-0.4041117,0.02734865,0.002479935,-0.02378539,0.633316,0.04823303,0.7723694,0.02734865,0.002479935,-0.02378539,0.02734865,0.002479935,-0.02378539,0.633316,0.04823303,0.7723694,0.633316,0.04823303,0.7723694,5.817825,5.817825,True,True,True
1648992,63779589532018,-13.5881,2.597541,-0.0564692,-0.1019453,0.8983375,0.1382718,-0.4043238,0.027357,0.00246727,-0.02374536,0.6222839,0.03390503,0.7820435,0.027357,0.00246727,-0.02374536,0.027357,0.00246727,-0.02374536,0.6222839,0.03390503,0.7820435,0.6222839,0.03390503,0.7820435,5.665253,5.665253,True,True,True
1649000,63779589532018,-13.5881,2.597541,-0.0564692,-0.1019453,0.8983375,0.1382718,-0.4043238,0.02735896,0.002475098,-0.02373671,0.6165466,0.04312134,0.7861176,0.02735896,0.002475098,-0.02373671,0.02735896,0.002475098,-0.02373671,0.6165466,0.04312134,0.7861176,0.6165466,0.04312134,0.7861176,5.745544,5.745544,True,True,True
1649009,63779589532029,-13.58826,2.597439,-0.05641502,-0.1018192,0.8983589,0.1384594,-0.4042437,0.02732407,0.002425827,-0.02377969,0.6117249,0.05632019,0.7890472,0.02732407,0.002425827,-0.02377969,0.02732407,0.002425827,-0.02377969,0.6117249,0.05632019,0.7890472,0.6117249,0.05632019,0.7890472,5.360306,5.360306,True,True,True
1649017,63779589532040,-13.58831,2.597285,-0.05635262,-0.1021566,0.8982663,0.1379018,-0.404555,0.02732559,0.002424484,-0.02377632,0.6086731,0.06103516,0.7910614,0.02732559,0.002424484,-0.02377632,0.02732559,0.002424484,-0.02377632,0.6086731,0.06103516,0.7910614,0.6086731,0.06103516,0.7910614,5.499359,5.499359,True,True,True
1649026,63779589532051,-13.58834,2.59712,-0.05630726,-0.102536,0.898101,0.1371254,-0.4050897,0.0273271,0.002425827,-0.02377295,0.6056366,0.06506348,0.7930603,0.0273271,0.002425827,-0.02377295,0.0273271,0.002425827,-0.02377295,0.6056366,0.06506348,0.7930603,0.6056366,0.06506348,0.7930603,5.638489,5.638489,True,True,True
1649034,63779589532062,-13.58845,2.597071,-0.05622542,-0.102788,0.8979672,0.136985,-0.4053698,0.02732813,0.002427216,-0.02376845,0.6048584,0.06690979,0.7935028,0.02732813,0.002427216,-0.02376845,0.02732813,0.002427216,-0.02376845,0.6048584,0.06690979,0.7935028,0.6048584,0.06690979,0.7935028,5.645782,5.645782,True,True,True
1649042,63779589532062,-13.58845,2.597071,-0.05622542,-0.102788,0.8979672,0.136985,-0.4053698,0.0273315,0.002448563,-0.02376077,0.6015167,0.07580566,0.7952423,0.0273315,0.002448563,-0.02376077,0.0273315,0.002448563,-0.02376077,0.6015167,0.07580566,0.7952423,0.6015167,0.07580566,0.7952423,5.655533,5.655533,True,True,True
1649051,63779589532073,-13.58852,2.596994,-0.05616021,-0.103123,0.8978399,0.1369765,-0.4055695,0.02733505,0.002443512,-0.02374321,0.5965576,0.07247925,0.7992859,0.02733505,0.002443512,-0.02374321,0.02733505,0.002443512,-0.02374321,0.5965576,0.07247925,0.7992859,0.5965576,0.07247925,0.7992859,5.682968,5.682968,True,True,True
1649059,63779589532084,-13.58857,2.596891,-0.05609649,-0.1034513,0.8977198,0.1368107,-0.4058075,0.02733519,0.002445694,-0.02374266,0.5975494,0.07069397,0.7987061,0.02733519,0.002445694,-0.02374266,0.02733519,0.002445694,-0.02374266,0.5975494,0.07069397,0.7987061,0.5975494,0.07069397,0.7987061,5.657913,5.657913,True,True,True
1649067,63779589532084,-13.58857,2.596891,-0.05609649,-0.1034513,0.8977198,0.1368107,-0.4058075,0.02733533,0.002447876,-0.02374211,0.5962219,0.06861877,0.7998657,0.02733533,0.002447876,-0.02374211,0.02733533,0.002447876,-0.02374211,0.5962219,0.06861877,0.7998657,0.5962219,0.06861877,0.7998657,5.629257,5.629257,True,True,True
1649076,63779589532096,-13.58861,2.596782,-0.05603594,-0.104061,0.8974999,0.1366171,-0.4062032,0.02737138,0.00249707,-0.02370088,0.6019745,0.05325317,0.7967224,0.02737138,0.00249707,-0.02370088,0.02737138,0.00249707,-0.02370088,0.6019745,0.05325317,0.7967224,0.6019745,0.05325317,0.7967224,5.665314,5.665314,True,True,True
1649084,63779589532107,-13.58876,2.59669,-0.05595928,-0.1045241,0.8973353,0.1365713,-0.4064634,0.02737061,0.002502808,-0.02369277,0.5992126,0.04872131,0.7991028,0.02737061,0.002502808,-0.02369277,0.02737061,0.002502808,-0.02369277,0.5992126,0.04872131,0.7991028,0.5992126,0.04872131,0.7991028,5.540176,5.540176,True,True,True
1649092,63779589532118,-13.58889,2.5966,-0.05590618,-0.1050634,0.897207,0.1364931,-0.4066339,0.02737259,0.002514084,-0.02368939,0.5998688,0.05012512,0.7985077,0.02737259,0.002514084,-0.02368939,0.02737259,0.002514084,-0.02368939,0.5998688,0.05012512,0.7985077,0.5998688,0.05012512,0.7985077,5.665756,5.665756,True,True,True
1649101,63779589532118,-13.58889,2.5966,-0.05590618,-0.1050634,0.897207,0.1364931,-0.4066339,0.02737937,0.002515076,-0.0236725,0.5862274,0.05961609,0.8079376,0.02737937,0.002515076,-0.0236725,0.02737937,0.002515076,-0.0236725,0.5862274,0.05961609,0.8079376,0.5862274,0.05961609,0.8079376,5.492126,5.492126,True,True,True
1649109,63779589532129,-13.58895,2.596519,-0.05580157,-0.1052941,0.8971706,0.136394,-0.4066877,0.02738054,0.002515533,-0.02367027,0.5904694,0.05142212,0.8054047,0.02738054,0.002515533,-0.02367027,0.02738054,0.002515533,-0.02367027,0.5904694,0.05142212,0.8054047,0.5904694,0.05142212,0.8054047,5.539291,5.539291,True,True,True
1649117,63779589532140,-13.58898,2.596497,-0.05581206,-0.1056899,0.8970806,0.1362222,-0.406841,0.02738171,0.002515991,-0.0236725,0.5923157,0.06031799,0.8034363,0.02738171,0.002515991,-0.0236725,0.02738171,0.002515991,-0.0236725,0.5923157,0.06031799,0.8034363,0.5923157,0.06031799,0.8034363,5.553818,5.553818,True,True,True
1649126,63779589532151,-13.58902,2.596467,-0.05572557,-0.1059782,0.8969722,0.1364438,-0.4069307,0.0273821,0.002518875,-0.02367243,0.5930481,0.05490112,0.8032837,0.0273821,0.002518875,-0.02367243,0.0273821,0.002518875,-0.02367243,0.5930481,0.05490112,0.8032837,0.5930481,0.05490112,0.8032837,5.556839,5.556839,True,True,True
1649134,63779589532151,-13.58903,2.596396,-0.05571049,-0.1063801,0.8969581,0.1363011,-0.4069046,0.02738246,0.002519531,-0.02367236,0.5926056,0.05609131,0.8035126,0.02738246,0.002519531,-0.02367236,0.02738246,0.002519531,-0.02367236,0.5926056,0.05609131,0.8035126,0.5926056,0.05609131,0.8035126,5.550812,5.550812,True,True,True
1649142,63779589532162,-13.58903,2.596396,-0.05571049,-0.1063801,0.8969581,0.1363011,-0.4069046,0.02738292,0.002517761,-0.0236723,0.5924988,0.05679321,0.8035583,0.02738292,0.002517761,-0.0236723,0.02738292,0.002517761,-0.0236723,0.5924988,0.05679321,0.8035583,0.5924988,0.05679321,0.8035583,5.533936,5.533936,True,True,True
1649150,63779589532173,-13.58899,2.596344,-0.05567259,-0.1069432,0.8969332,0.1360387,-0.4068999,0.02738339,0.002519531,-0.02367224,0.592392,0.05656433,0.8036499,0.02738339,0.002519531,-0.02367224,0.02738339,0.002519531,-0.02367224,0.592392,0.05656433,0.8036499,0.592392,0.05656433,0.8036499,5.516495,5.516495,True,True,True
1649159,63779589532184,-13.58903,2.596398,-0.05562389,-0.1072191,0.8969359,0.1363991,-0.4067007,0.0273903,0.002528641,-0.02366419,0.5911713,0.05789185,0.8044586,0.0273903,0.002528641,-0.02366419,0.0273903,0.002528641,-0.02366419,0.5911713,0.05789185,0.8044586,0.5911713,0.05789185,0.8044586,5.51915,5.51915,True,True,True
1649167,63779589532184,-13.58903,2.596398,-0.05562389,-0.1072191,0.8969359,0.1363991,-0.4067007,0.02740379,0.002521073,-0.02366248,0.5956879,0.05264282,0.8014832,0.02740379,0.002521073,-0.02366248,0.02740379,0.002521073,-0.02366248,0.5956879,0.05264282,0.8014832,0.5956879,0.05264282,0.8014832,5.478241,5.478241,True,True,True
1649175,63779589532195,-13.58904,2.596526,-0.05559134,-0.1073921,0.8969235,0.1371582,-0.4064268,0.003011994,0.002959259,-0.02433955,0.61586,0.03862,0.7868958,0.02746988,0.002480423,-0.02366946,0.02746988,0.002480423,-0.02366946,0.5988007,0.06610107,0.7981567,0.5988007,0.06610107,0.7981567,5.513794,5.513794,True,True,True
1649184,63779589532207,-13.58908,2.596602,-0.05555683,-0.1074097,0.8969007,0.1379877,-0.4061918,0.003303498,0.002951874,-0.02413515,0.5820007,0.03245544,0.8125305,0.02782501,0.002519226,-0.02344332,0.02782501,0.002519226,-0.02344332,0.5579987,0.05438232,0.8280487,0.5579987,0.05438232,0.8280487,5.44133,5.44133,True,True,True
1649192,63779589532218,-13.58901,2.596719,-0.0555104,-0.1074875,0.8969343,0.1385932,-0.4058909,2.151489E-06,0.00299585,-0.02400678,0.5161591,0.04740906,0.8551636,0.02818205,0.002498978,-0.02323213,0.02818205,0.002498978,-0.02323213,0.4745483,0.06864929,0.877533,0.4745483,0.06864929,0.877533,5.398804,5.398804,True,True,True
1649200,63779589532218,-13.58901,2.596719,-0.0555104,-0.1074875,0.8969343,0.1385932,-0.4058909,-0.005935745,0.00325705,-0.0239908,0.4864349,0.02555847,0.8733368,0.02866617,0.002550614,-0.02307765,0.02866617,0.002550614,-0.02307765,0.4315796,0.07522583,0.8989258,0.4315796,0.07522583,0.8989258,5.303146,5.303146,True,True,True
1649209,63779589532228,-13.58899,2.596815,-0.05548108,-0.1076272,0.8969438,0.1393331,-0.4055793,0.0210613,0.0026819,-0.02315868,0.3773956,0.06524658,0.9237366,0.02901097,0.002510407,-0.0229671,0.02901097,0.002510407,-0.0229671,0.3614349,0.08226013,0.9287567,0.3614349,0.08226013,0.9287567,5.243134,5.243134,True,True,True
1649217,63779589532240,-13.58902,2.596859,-0.05538273,-0.1076282,0.8970194,0.1399135,-0.4052119,0.0266742,0.002629303,-0.02293036,0.3425598,0.07339478,0.936615,0.02949584,0.002567612,-0.02286658,0.02949584,0.002567612,-0.02286658,0.3383636,0.07913208,0.9376678,0.3383636,0.07913208,0.9376678,5.283279,5.283279,True,True,True
1649225,63779589532251,-13.58895,2.596848,-0.05543524,-0.1077947,0.8971184,0.1403661,-0.4047917,-0.02822727,0.003016007,-0.024157,0.32724,0.1669922,0.9300537,0.02995618,0.002500794,-0.02262239,0.02995618,0.002500794,-0.02262239,0,0,0,0,0,0,-1,-1,True,True,True
1649234,63779589532251,-13.58895,2.596848,-0.05543524,-0.1077947,0.8971184,0.1403661,-0.4047917,-0.001,-0.001,-0.001,1,-1,-1,0.03025388,0.002474106,-0.02173142,0.03025388,0.002474106,-0.02173142,0,0,0,0,0,0,-1,-1,False,True,True
1649242,63779589532262,-13.58891,2.596869,-0.0553906,-0.1079396,0.8972126,0.1407042,-0.4044267,-0.001,-0.001,-0.001,1,-1,-1,0.03056282,0.002514679,-0.02122835,0.03056282,0.002514679,-0.02122835,0,0,0,0,0,0,-1,-1,False,True,True
1649250,63779589532273,-13.58888,2.596929,-0.0553596,-0.1078724,0.8973657,0.1408966,-0.4040377,-0.001,-0.001,-0.001,1,-1,-1,0.031232,0.002016129,-0.02271634,0.031232,0.002016129,-0.02271634,0,0,0,0,0,0,-1,-1,False,True,True
1649259,63779589532284,-13.58886,2.596979,-0.05535066,-0.1079581,0.8974336,0.1410938,-0.4037952,-0.001,-0.001,-0.001,1,-1,-1,0.03155222,0.001391205,-0.02278005,0.03155222,0.001391205,-0.02278005,0,0,0,0,0,0,-1,-1,False,True,True
1649267,63779589532284,-13.58886,2.596979,-0.05535066,-0.1079581,0.8974336,0.1410938,-0.4037952,-0.001,-0.001,-0.001,1,-1,-1,0.03155695,0.001124237,-0.02280956,0.03155695,0.001124237,-0.02280956,0,0,0,0,0,0,-1,-1,False,True,True
1649275,63779589532295,-13.58886,2.597043,-0.05532712,-0.1079004,0.8975284,0.1412906,-0.403531,-0.001,-0.001,-0.001,1,-1,-1,0.03169911,0.00086615,-0.02287848,0.03169911,0.00086615,-0.02287848,0,0,0,0,0,0,-1,-1,False,True,True
1649284,63779589532306,-13.5889,2.597115,-0.05534446,-0.1079323,0.8976299,0.1416728,-0.4031625,-0.001,-0.001,-0.001,1,-1,-1,0.03266298,0.0009122773,-0.02288898,0.03266298,0.0009122773,-0.02288898,0,0,0,0,0,0,-1,-1,False,True,True
1649292,63779589532317,-13.58892,2.597181,-0.05535549,-0.1078677,0.8977277,0.1419877,-0.4028511,-0.001,-0.001,-0.001,1,-1,-1,0.03285813,0.001416672,-0.02292896,0.03285813,0.001416672,-0.02292896,0,0,0,0,0,0,-1,-1,False,True,True
1649300,63779589532317,-13.58892,2.597181,-0.05535549,-0.1078677,0.8977277,0.1419877,-0.4028511,-0.001,-0.001,-0.001,1,-1,-1,0.03267954,0.00193306,-0.02253665,0.03267954,0.00193306,-0.02253665,0,0,0,0,0,0,-1,-1,False,True,True
1649309,63779589532328,-13.5889,2.5972,-0.05540717,-0.1077344,0.8978318,0.1422915,-0.4025474,-0.001,-0.001,-0.001,1,-1,-1,0.03153394,0.002669556,-0.02254323,0.03153394,0.002669556,-0.02254323,0,0,0,0,0,0,-1,-1,False,True,True
1649317,63779589532339,-13.58888,2.597165,-0.05547392,-0.1077412,0.8978863,0.1424794,-0.4023575,-0.001,-0.001,-0.001,1,-1,-1,0.03146741,0.001457932,-0.02325212,0.03146741,0.001457932,-0.02325212,0,0,0,0,0,0,-1,-1,False,True,True
1649325,63779589532350,-13.58894,2.597174,-0.05549181,-0.1077424,0.8980326,0.1423843,-0.4020644,-0.001,-0.001,-0.001,1,-1,-1,0.03170986,0.002552399,-0.0221982,0.03170986,0.002552399,-0.0221982,0,0,0,0,0,0,-1,-1,False,True,True
1649334,63779589532361,-13.58892,2.59715,-0.05554098,-0.107773,0.8981492,0.1424757,-0.4017633,-0.001,-0.001,-0.001,1,-1,-1,0.03186565,0.003218216,-0.02352681,0.03186565,0.003218216,-0.02352681,0,0,0,0,0,0,-1,-1,False,True,True
1649342,63779589532361,-13.58892,2.59715,-0.05554098,-0.107773,0.8981492,0.1424757,-0.4017633,-0.001,-0.001,-0.001,1,-1,-1,0.03159235,0.002632813,-0.01653423,0.03159235,0.002632813,-0.01653423,0,0,0,0,0,0,-1,-1,False,True,True
1649350,63779589532372,-13.58888,2.597123,-0.0555433,-0.1078511,0.898292,0.1424617,-0.4014277,-0.001,-0.001,-0.001,1,-1,-1,0.03240379,0.001707062,-0.0165958,0.03240379,0.001707062,-0.0165958,0,0,0,0,0,0,-1,-1,False,True,True
1649359,63779589532384,-13.58881,2.597064,-0.05557573,-0.1078422,0.8984606,0.1423495,-0.4010927,-0.001,-0.001,-0.001,1,-1,-1,0.03144121,0.002931839,-0.02443797,0.03144121,0.002931839,-0.02443797,0,0,0,0,0,0,-1,-1,False,True,True
1649367,63779589532384,-13.58878,2.59707,-0.05561268,-0.1079217,0.8985913,0.1419707,-0.4009125,-0.001,-0.001,-0.001,1,-1,-1,0.03144624,0.002986908,-0.02453668,0.03144624,0.002986908,-0.02453668,0,0,0,0,0,0,-1,-1,False,True,True
1649375,63779589532395,-13.58878,2.59707,-0.05561268,-0.1079217,0.8985913,0.1419707,-0.4009125,-0.002748734,0.003872116,-0.02559009,0.06005859,-0.04528809,0.9971619,0.0313362,0.003094666,-0.02466886,0.0313362,0.003094666,-0.02466886,0.06771851,-0.003509521,0.9976959,0.06771851,-0.003509521,0.9976959,5.077805,5.077805,True,True,True
1649384,63779589532406,-13.5888,2.597152,-0.05563378,-0.107979,0.8986794,0.1420556,-0.4006694,-0.01268396,0.004319672,-0.02651466,0.08824158,-0.05354309,0.9946442,0.0313045,0.003124451,-0.02483678,0.0313045,0.003124451,-0.02483678,0.08641052,0.009140015,0.9962158,0.08641052,0.009140015,0.9962158,5.213287,5.213287,True,True,True
1649392,63779589532417,-13.58881,2.597282,-0.05565411,-0.1078288,0.8987718,0.1423419,-0.400401,-2.563477E-05,0.003838379,-0.02594599,0.05601501,-0.0282135,0.9980164,0.03137762,0.002832794,-0.02397402,0.03137762,0.002832794,-0.02397402,0.09341431,0.002746582,0.9956207,0.09341431,0.002746582,0.9956207,5.097198,5.097198,True,True,True
1649400,63779589532417,-13.58881,2.597282,-0.05565411,-0.1078288,0.8987718,0.1423419,-0.400401,-0.02701639,0.004276077,-0.02591504,0.06541443,-0.0652771,0.9957123,0.03139392,0.002649368,-0.02352182,0.03139392,0.002649368,-0.02352182,0.09291077,0.006668091,0.9956512,0.09291077,0.006668091,0.9956512,5.118454,5.118454,True,True,True
1649409,63779589532429,-13.58876,2.597357,-0.05567515,-0.1075933,0.8988778,0.1424858,-0.4001752,-0.02702377,0.004199631,-0.02575945,0.06085205,-0.06315613,0.9961395,0.03142156,0.002549317,-0.02332289,0.03142156,0.002549317,-0.02332289,0.1080322,0.008712769,0.9940948,0.1080322,0.008712769,0.9940948,5.116608,5.116608,True,True,True
1649417,63779589532440,-13.58872,2.597474,-0.05573082,-0.1074888,0.8989937,0.1426113,-0.399898,-0.02691086,0.003845047,-0.02452768,0.07531738,-0.04959106,0.9959106,0.03140733,0.00252269,-0.02328095,0.03140733,0.00252269,-0.02328095,0.105896,0.01223755,0.9942932,0.105896,0.01223755,0.9942932,5.173752,5.173752,True,True,True
1649425,63779589532450,-13.58868,2.597589,-0.05577415,-0.1073863,0.8990015,0.14291,-0.3998014,-0.02691533,0.003929825,-0.02477464,0.08551025,-0.05119324,0.9950104,0.03140657,0.002469086,-0.02309044,0.03140657,0.002469086,-0.02309044,0.1110229,-0.001907349,0.9938049,0.1110229,-0.001907349,0.9938049,5.062149,5.062149,True,True,True
1649434,63779589532450,-13.58868,2.597589,-0.05577415,-0.1073863,0.8990015,0.14291,-0.3998014,0.03097496,0.002480332,-0.0231647,0.1183777,0.0003967285,0.9929657,0.03139424,0.002469833,-0.02315263,0.03139424,0.002469833,-0.02315263,0.1186371,0.0007019043,0.9929352,0.1186371,0.0007019043,0.9929352,5.045517,5.045517,True,True,True
1649442,63779589532462,-13.58866,2.597675,-0.05578548,-0.1073238,0.8990548,0.1430256,-0.3996571,0.03126208,0.002497849,-0.02312572,0.0841217,-0.006652832,0.9964294,0.03130023,0.002496887,-0.0231245,0.03130023,0.002496887,-0.0231245,0.0841217,-0.006637573,0.9964294,0.0841217,-0.006637573,0.9964294,5.035385,5.035385,True,True,True
1649450,63779589532473,-13.58864,2.597716,-0.05580127,-0.1072087,0.8991013,0.1432461,-0.3995044,0.03128583,0.002498856,-0.02317688,0.07746887,-0.008850098,0.9969482,0.03129218,0.002498673,-0.02317658,0.03129218,0.002498673,-0.02317658,0.07746887,-0.008850098,0.9969482,0.07746887,-0.008850098,0.9969482,5.118439,5.118439,True,True,True
1649459,63779589532484,-13.5886,2.597764,-0.05577666,-0.1071005,0.8991755,0.143338,-0.3993334,0.03129799,0.002474197,-0.0231344,0.08638,-0.006439209,0.9962311,0.03129824,0.002474182,-0.0231344,0.03129824,0.002474182,-0.0231344,0.08638,-0.006439209,0.9962311,0.08638,-0.006439209,0.9962311,5.116272,5.116272,True,True,True
1649467,63779589532484,-13.5886,2.597764,-0.05577666,-0.1071005,0.8991755,0.143338,-0.3993334,0.03129216,0.002467941,-0.02317658,0.08885193,-0.003433228,0.9960327,0.03129218,0.002467941,-0.02317658,0.03129218,0.002467941,-0.02317658,0.08885193,-0.003433228,0.9960327,0.08885193,-0.003433228,0.9960327,5.110733,5.110733,True,True,True
1649475,63779589532495,-13.58866,2.597762,-0.05581105,-0.1070317,0.8992334,0.143175,-0.39928,0.03128234,0.002439972,-0.02310416,0.08706665,-0.0151062,0.9960785,0.03128235,0.002439972,-0.02310416,0.03128235,0.002439972,-0.02310416,0.08706665,-0.0151062,0.9960785,0.08706665,-0.0151062,0.9960785,5.086441,5.086441,True,True,True
1649484,63779589532506,-13.58864,2.59766,-0.05581993,-0.1067962,0.8992637,0.1432024,-0.3992651,0.03126341,0.00252005,-0.02337456,0.08479309,-0.007720947,0.9963684,0.03126341,0.00252005,-0.02337456,0.03126341,0.00252005,-0.02337456,0.08479309,-0.007720947,0.9963684,0.08479309,-0.007720947,0.9963684,5.081497,5.081497,True,True,True
1649492,63779589532517,-13.58865,2.597628,-0.05586231,-0.1065975,0.899268,0.1431038,-0.3993438,0.03124262,0.00252919,-0.02342906,0.08703613,-0.01574707,0.9960785,0.03124262,0.00252919,-0.02342906,0.03124262,0.00252919,-0.02342906,0.08703613,-0.01574707,0.9960785,0.08703613,-0.01574707,0.9960785,5.126129,5.126129,True,True,True
1649500,63779589532517,-13.58865,2.597628,-0.05586231,-0.1065975,0.899268,0.1431038,-0.3993438,0.03124654,0.002562851,-0.0235681,0.08909607,-0.01075745,0.9959564,0.03124654,0.002562851,-0.0235681,0.03124654,0.002562851,-0.0235681,0.08909607,-0.01075745,0.9959564,0.08909607,-0.01075745,0.9959564,5.055801,5.055801,True,True,True
1649509,63779589532528,-13.58874,2.597514,-0.05585945,-0.1065028,0.8992192,0.1429802,-0.399523,0.03124526,0.00255304,-0.02353345,0.08634949,-0.01208496,0.9961853,0.03124526,0.00255304,-0.02353345,0.03124526,0.00255304,-0.02353345,0.08634949,-0.01208496,0.9961853,0.08634949,-0.01208496,0.9961853,5.082825,5.082825,True,True,True
1649517,63779589532540,-13.5888,2.597465,-0.05587614,-0.1064823,0.8990198,0.1430922,-0.399937,0.03124654,0.002543244,-0.02349878,0.08395386,-0.0138092,0.9963684,0.03124654,0.002543244,-0.02349878,0.03124654,0.002543244,-0.02349878,0.08395386,-0.0138092,0.9963684,0.08395386,-0.0138092,0.9963684,5.056503,5.056503,True,True,True
1649525,63779589532551,-13.58883,2.597393,-0.05590749,-0.1064417,0.8988261,0.1432654,-0.400321,0.03125072,0.002515198,-0.02340402,0.08634949,-0.01364136,0.99617,0.03125075,0.002515198,-0.02340402,0.03125075,0.002515198,-0.02340402,0.08634949,-0.01364136,0.99617,0.08634949,-0.01364136,0.99617,5.084656,5.084656,True,True,True
1649534,63779589532551,-13.58883,2.597393,-0.05590749,-0.1064417,0.8988261,0.1432654,-0.400321,0.03125495,0.002487167,-0.02330925,0.08638,-0.01361084,0.9961548,0.03125495,0.002487167,-0.02330925,0.03125495,0.002487167,-0.02330925,0.08638,-0.01361084,0.9961548,0.08638,-0.01361084,0.9961548,5.09462,5.09462,True,True,True
1649542,63779589532562,-13.58888,2.597266,-0.05589151,-0.1066872,0.8986638,0.1431799,-0.4006505,0.03125591,0.002469742,-0.0232628,0.08590698,-0.01329041,0.9962006,0.03125591,0.002469742,-0.0232628,0.03125591,0.002469742,-0.0232628,0.08590698,-0.01329041,0.9962006,0.08590698,-0.01329041,0.9962006,5.080978,5.080978,True,True,True
1649550,63779589532573,-13.58892,2.597108,-0.05580407,-0.1067096,0.8985505,0.1431047,-0.4009253,0.03125688,0.002452332,-0.02321636,0.08566284,-0.01286316,0.9962311,0.03125688,0.002452332,-0.02321636,0.03125688,0.002452332,-0.02321636,0.08566284,-0.01286316,0.9962311,0.08566284,-0.01286316,0.9962311,5.09848,5.09848,True,True,True
1649559,63779589532584,-13.58895,2.59704,-0.05575043,-0.106814,0.8983477,0.1428546,-0.4014408,0.03129335,0.002434143,-0.02325002,0.09552002,-0.007766724,0.9953918,0.03129335,0.002434143,-0.02325002,0.03129335,0.002434143,-0.02325002,0.09552002,-0.007766724,0.9953918,0.09552002,-0.007766724,0.9953918,5.109268,5.109268,True,True,True
1649567,63779589532584,-13.58895,2.59704,-0.05575043,-0.106814,0.8983477,0.1428546,-0.4014408,0.03132669,0.002419235,-0.02328368,0.1044159,-0.003738403,0.9945221,0.03132669,0.002419235,-0.02328368,0.03132669,0.002419235,-0.02328368,0.1044159,-0.003738403,0.9945221,0.1044159,-0.003738403,0.9945221,5.102158,5.102158,True,True,True
1649575,63779589532595,-13.58899,2.596931,-0.05566394,-0.1068689,0.8981977,0.1426895,-0.4018204,0.03132826,0.002417603,-0.0232827,0.1039124,-0.003707886,0.9945679,0.03132826,0.002417603,-0.0232827,0.03132826,0.002417603,-0.0232827,0.1039124,-0.003707886,0.9945679,0.1039124,-0.003707886,0.9945679,5.11116,5.11116,True,True,True
1649584,63779589532606,-13.58895,2.596832,-0.05556625,-0.1069956,0.8981153,0.1423215,-0.4021012,0.03132982,0.002415955,-0.02328172,0.1054077,-0.003768921,0.9944153,0.03132982,0.002415955,-0.02328172,0.03132982,0.002415955,-0.02328172,0.1054077,-0.003768921,0.9944153,0.1054077,-0.003768921,0.9944153,5.120163,5.120163,True,True,True
1649592,63779589532617,-13.58891,2.596783,-0.05546635,-0.1071321,0.8980183,0.1419798,-0.4024023,0.0313766,0.002144852,-0.02289656,0.09642029,-0.007583618,0.9953003,0.0313766,0.002144852,-0.02289656,0.0313766,0.002144852,-0.02289656,0.09642029,-0.007583618,0.9953003,0.09642029,-0.007583618,0.9953003,5.192352,5.192352,True,True,True
1649600,63779589532617,-13.58891,2.596783,-0.05546635,-0.1071321,0.8980183,0.1419798,-0.4024023,0.03133418,0.00176297,-0.02238434,0.08407593,-0.03578186,0.9958038,0.0313481,0.001762619,-0.02238396,0.0313481,0.001762619,-0.02238396,0.08407593,-0.0357666,0.9958038,0.08407593,-0.0357666,0.9958038,5.202255,5.202255,True,True,True
1649609,63779589532628,-13.58892,2.596713,-0.05537373,-0.1072289,0.897917,0.1418014,-0.4026653,-0.022293,0.002921173,-0.02409967,0.05467224,-0.1007996,0.9933929,0.03129993,0.001416428,-0.02199815,0.03129993,0.001416428,-0.02199815,0.08154297,-0.07167053,0.9940796,0.08154297,-0.07167053,0.9940796,5.197235,5.197235,True,True,True
1649617,63779589532639,-13.58896,2.596693,-0.055309,-0.1074654,0.897803,0.1417757,-0.4028654,0.0245645,0.00156395,-0.02274834,0.0615387,-0.1191254,0.9909668,0.03119826,0.001376862,-0.02246922,0.03119826,0.001376862,-0.02246922,0.06277466,-0.1166077,0.9911804,0.06277466,-0.1166077,0.9911804,5.138855,5.138855,True,True,True
1649625,63779589532651,-13.58897,2.596635,-0.05524987,-0.1076373,0.8977309,0.142006,-0.4028992,0.03043552,0.001314591,-0.02247435,0.05957031,-0.1397552,0.9883881,0.03120513,0.001294174,-0.02244661,0.03120513,0.001294174,-0.02244661,0.05963135,-0.1395874,0.9884033,0.05963135,-0.1395874,0.9884033,5.115204,5.115204,True,True,True
1649634,63779589532651,-13.58897,2.596635,-0.05524987,-0.1076373,0.8977309,0.142006,-0.4028992,0.0308192,0.001283203,-0.02234674,0.06175232,-0.134079,0.9890289,0.03122423,0.001272247,-0.02233109,0.03122423,0.001272247,-0.02233109,0.0617981,-0.1340485,0.9890289,0.0617981,-0.1340485,0.9890289,5.035156,5.035156,True,True,True
1649642,63779589532662,-13.58892,2.596507,-0.05522949,-0.1077442,0.8976527,0.142255,-0.4029571,0.03108792,0.001298508,-0.02238625,0.05708313,-0.1345062,0.9892578,0.03123667,0.001294449,-0.02238043,0.03123667,0.001294449,-0.02238043,0.05711365,-0.1344604,0.9892578,0.05711365,-0.1344604,0.9892578,5.071976,5.071976,True,True,True
1649650,63779589532673,-13.58887,2.596506,-0.05529344,-0.1079283,0.8976203,0.1425372,-0.4028802,0.03119859,0.001293503,-0.02236768,0.05969238,-0.1353455,0.9889832,0.0312399,0.001292359,-0.022366,0.0312399,0.001292359,-0.022366,0.05969238,-0.1353302,0.9889984,0.05969238,-0.1353302,0.9889984,5.096268,5.096268,True,True,True
1649659,63779589532684,-13.58879,2.596476,-0.05528939,-0.1080898,0.8975474,0.1428492,-0.402889,0.03122481,0.001290772,-0.0223523,0.05914307,-0.1351471,0.9890442,0.03124313,0.001290268,-0.02235155,0.03124313,0.001290268,-0.02235155,0.05914307,-0.1351471,0.9890442,0.05914307,-0.1351471,0.9890442,5.121414,5.121414,True,True,True
1649667,63779589532684,-13.58879,2.596476,-0.05528939,-0.1080898,0.8975474,0.1428492,-0.402889,0.03123467,0.001285721,-0.02233234,0.06086731,-0.1357269,0.9888611,0.03124844,0.001285339,-0.02233176,0.03124844,0.001285339,-0.02233176,0.06086731,-0.1357269,0.9888611,0.06086731,-0.1357269,0.9888611,5.126617,5.126617,True,True,True
1649675,63779589532695,-13.58868,2.596502,-0.05523157,-0.1081744,0.8974624,0.1433172,-0.4028893,0.03030565,0.001306946,-0.02235147,0.06239319,-0.135437,0.9888153,0.03125376,0.001280426,-0.02231198,0.03125376,0.001280426,-0.02231198,0.06251526,-0.1352234,0.9888306,0.06251526,-0.1352234,0.9888306,5.122833,5.122833,True,True,True
1649684,63779589532706,-13.58865,2.59651,-0.05517894,-0.1082381,0.8974307,0.1436219,-0.4028344,0.02302968,0.001509186,-0.02265445,0.0615387,-0.1364441,0.9887238,0.03125514,0.001278458,-0.02231099,0.03125514,0.001278458,-0.02231099,0.06257629,-0.1343994,0.9889374,0.06257629,-0.1343994,0.9889374,5.114883,5.114883,True,True,True
1649692,63779589532717,-13.58861,2.596572,-0.05512923,-0.1082818,0.8973469,0.1439354,-0.4028975,0.01672627,0.001685043,-0.0229182,0.06066895,-0.1380768,0.9885559,0.03125653,0.001276505,-0.02230998,0.03125653,0.001276505,-0.02230998,0.06263733,-0.1344147,0.9889374,0.06263733,-0.1344147,0.9889374,5.106888,5.106888,True,True,True
1649700,63779589532717,-13.58861,2.596572,-0.05512923,-0.1082818,0.8973469,0.1439354,-0.4028975,0.01624747,0.001699173,-0.02293881,0.06028748,-0.1381073,0.9885712,0.03125751,0.001276367,-0.02230837,0.03125751,0.001276367,-0.02230837,0.0627594,-0.1340332,0.9889832,0.0627594,-0.1340332,0.9889832,5.11525,5.11525,True,True,True
1649709,63779589532729,-13.58857,2.596566,-0.05504298,-0.1082538,0.8973125,0.1442087,-0.4028836,0.01268002,0.001798599,-0.02308531,0.0592041,-0.1389008,0.9885254,0.03125847,0.00127623,-0.02230675,0.03125847,0.00127623,-0.02230675,0.06277466,-0.1337738,0.9890137,0.06277466,-0.1337738,0.9890137,5.107193,5.107193,True,True,True
1649717,63779589532739,-13.58855,2.5966,-0.05497211,-0.1081633,0.8972854,0.1444389,-0.4028858,0.007208374,0.001950226,-0.02330887,0.05776978,-0.1405945,0.9883728,0.03125935,0.001273895,-0.02230049,0.03125935,0.001273895,-0.02230049,0.06188965,-0.1340027,0.9890442,0.06188965,-0.1340027,0.9890442,5.105148,5.105148,True,True,True
1649725,63779589532751,-13.58845,2.596606,-0.05491829,-0.1080808,0.8972534,0.1446108,-0.4029177,0.006814453,0.001959091,-0.02332692,0.05810547,-0.1401672,0.9884186,0.03126024,0.001271561,-0.02230675,0.03126024,0.001271561,-0.02230675,0.06326294,-0.1334076,0.9890289,0.06326294,-0.1334076,0.9890289,5.107452,5.107452,True,True,True
1649734,63779589532751,-13.58845,2.596606,-0.05491829,-0.1080808,0.8972534,0.1446108,-0.4029177,0.007869172,0.001927902,-0.02327933,0.05781555,-0.1395874,0.9885101,0.03126268,0.001270477,-0.02230158,0.03126268,0.001270477,-0.02230158,0.06286621,-0.1329803,0.9891205,0.06286621,-0.1329803,0.9891205,5.115707,5.115707,True,True,True
1649742,63779589532762,-13.58841,2.596587,-0.05480653,-0.1080587,0.8972288,0.1449153,-0.402869,0.008611573,0.001905518,-0.02325101,0.05743408,-0.1387024,0.9886627,0.03126512,0.001269394,-0.02230675,0.03126512,0.001269394,-0.02230675,0.06236267,-0.131958,0.9892883,0.06236267,-0.131958,0.9892883,5.107834,5.107834,True,True,True
1649750,63779589532773,-13.58839,2.596654,-0.05476457,-0.1078679,0.8972321,0.1450746,-0.4028554,0.009688935,0.001872543,-0.02319098,0.05775452,-0.1389923,0.9886017,0.03126715,0.001270477,-0.02230679,0.03126715,0.001270477,-0.02230679,0.06225586,-0.1325531,0.989212,0.06225586,-0.1325531,0.989212,5.115631,5.115631,True,True,True
1649759,63779589532783,-13.5883,2.596681,-0.05473828,-0.1078227,0.89722,0.1451919,-0.4028524,0.0118571,0.001809708,-0.02308855,0.05874634,-0.1389313,0.9885406,0.03126918,0.001271561,-0.02230686,0.03126918,0.001271561,-0.02230686,0.0634613,-0.1331024,0.9890594,0.0634613,-0.1331024,0.9890594,5.10733,5.10733,True,True,True
1649767,63779589532783,-13.5883,2.596681,-0.05473828,-0.1078227,0.89722,0.1451919,-0.4028524,0.01459483,0.001731186,-0.02297023,0.05906677,-0.1376801,0.9887085,0.03127158,0.001271561,-0.02230686,0.03127158,0.001271561,-0.02230686,0.06277466,-0.1324615,0.9891815,0.06277466,-0.1324615,0.9891815,5.123917,5.123917,True,True,True
1649775,63779589532795,-13.58816,2.596656,-0.05472368,-0.107701,0.8972701,0.145286,-0.4027393,0.01721603,0.001655045,-0.02285912,0.05932617,-0.1364594,0.9888611,0.03127191,0.001269394,-0.02230686,0.03127191,0.001269394,-0.02230686,0.06219482,-0.1319122,0.9893036,0.06219482,-0.1319122,0.9893036,5.133194,5.133194,True,True,True
1649784,63779589532806,-13.58807,2.596731,-0.05471253,-0.1075938,0.8973575,0.1454073,-0.4025294,0.01920564,0.001595123,-0.02277712,0.0584259,-0.1352234,0.9890747,0.03127323,0.001265259,-0.02230675,0.03127323,0.001265259,-0.02230675,0.06091309,-0.1312866,0.9894562,0.06091309,-0.1312866,0.9894562,5.141235,5.141235,True,True,True
1649792,63779589532817,-13.588,2.596745,-0.05465323,-0.1074824,0.8974355,0.1454272,-0.4023778,0.02015306,0.001568543,-0.02273076,0.0572052,-0.1349792,0.9891815,0.03127437,0.001264893,-0.0222964,0.03127437,0.001264893,-0.0222964,0.05918884,-0.1314087,0.9895477,0.05918884,-0.1314087,0.9895477,5.141434,5.141434,True,True,True
1649800,63779589532817,-13.588,2.596745,-0.05465323,-0.1074824,0.8974355,0.1454272,-0.4023778,0.01997417,0.001571686,-0.02273525,0.05741882,-0.1334381,0.9893799,0.03127576,0.001264252,-0.02229424,0.03127576,0.001264252,-0.02229424,0.05949402,-0.1297302,0.9897614,0.05949402,-0.1297302,0.9897614,5.144211,5.144211,True,True,True
1649809,63779589532828,-13.58797,2.596768,-0.05464816,-0.1073099,0.8975053,0.1454711,-0.4022525,0.01956239,0.001581528,-0.02274458,0.05776978,-0.1356812,0.9890594,0.03127756,0.001263382,-0.02229384,0.03127756,0.001263382,-0.02229384,0.06008911,-0.1316376,0.9894714,0.06008911,-0.1316376,0.9894714,5.161819,5.161819,True,True,True
1649817,63779589532840,-13.58792,2.596739,-0.0545584,-0.1070821,0.8976045,0.1454547,-0.4020976,0.01818092,0.001614853,-0.02279649,0.05775452,-0.1340485,0.9892883,0.03127905,0.001262985,-0.02229384,0.03127905,0.001262985,-0.02229384,0.06047058,-0.1299286,0.9896698,0.06047058,-0.1299286,0.9896698,5.171005,5.171005,True,True,True
1649825,63779589532850,-13.58788,2.596733,-0.05456269,-0.1069705,0.8976432,0.1454254,-0.4020515,0.01560664,0.001682861,-0.02289531,0.0572052,-0.1357727,0.9890747,0.03128003,0.001262985,-0.02229384,0.03128003,0.001262985,-0.02229384,0.06045532,-0.1315308,0.9894562,0.06045532,-0.1315308,0.9894562,5.178421,5.178421,True,True,True
1649834,63779589532850,-13.58788,2.596733,-0.05456269,-0.1069705,0.8976432,0.1454254,-0.4020515,0.01347246,0.001739716,-0.0229772,0.05747986,-0.1369171,0.9889069,0.03128018,0.001262985,-0.02229384,0.03128018,0.001262985,-0.02229384,0.06039429,-0.1315613,0.9894562,0.06039429,-0.1315613,0.9894562,5.178375,5.178375,True,True,True
1649842,63779589532861,-13.58777,2.596721,-0.05456549,-0.1069047,0.8977029,0.1454175,-0.4019383,0.01261314,0.001762711,-0.02301019,0.05705261,-0.1360779,0.9890442,0.03128018,0.001262985,-0.02229384,0.03128018,0.001262985,-0.02229384,0.05993652,-0.1298676,0.9897156,0.05993652,-0.1298676,0.9897156,5.183762,5.183762,True,True,True
1649850,63779589532873,-13.58768,2.596757,-0.05464029,-0.1068625,0.8977268,0.1453944,-0.4019047,0.01167372,0.00178772,-0.02304057,0.05711365,-0.1363525,0.9889984,0.03128032,0.001262787,-0.02228529,0.03128032,0.001262787,-0.02228529,0.05926514,-0.1296997,0.9897766,0.05926514,-0.1296997,0.9897766,5.193604,5.193604,True,True,True
1649859,63779589532884,-13.58751,2.596757,-0.05463564,-0.106859,0.8977842,0.1455105,-0.4017354,0.01099497,0.001805756,-0.02305829,0.05648804,-0.1375275,0.9888763,0.03128038,0.001262985,-0.02228183,0.03128038,0.001262985,-0.02228183,0.05844116,-0.1306152,0.9897003,0.05844116,-0.1306152,0.9897003,5.196533,5.196533,True,True,True
1649867,63779589532884,-13.58751,2.596757,-0.05463564,-0.106859,0.8977842,0.1455105,-0.4017354,0.009983948,0.001832657,-0.02308533,0.05635071,-0.1386871,0.9887238,0.03128038,0.001262787,-0.02226884,0.03128038,0.001262787,-0.02226884,0.0584259,-0.1314545,0.9895935,0.0584259,-0.1314545,0.9895935,5.196732,5.196732,True,True,True
1649875,63779589532895,-13.58745,2.596747,-0.05463797,-0.1068445,0.8977789,0.1457264,-0.4016728,0.009499329,0.001841141,-0.02310086,0.05567932,-0.1376801,0.9889069,0.03128032,0.001261658,-0.02226762,0.03128032,0.001261658,-0.02226762,0.05841064,-0.1306458,0.9897003,0.05841064,-0.1306458,0.9897003,5.197083,5.197083,True,True,True
1649884,63779589532906,-13.5874,2.596791,-0.05462569,-0.1069205,0.8977918,0.1458377,-0.4015834,0.009451997,0.001841629,-0.0231004,0.05627441,-0.1373596,0.9889069,0.03128032,0.001261658,-0.02226762,0.03128032,0.001261658,-0.02226762,0.05841064,-0.130249,0.9897461,0.05841064,-0.130249,0.9897461,5.205399,5.205399,True,True,True
1649892,63779589532917,-13.58741,2.59676,-0.0546273,-0.1068562,0.8978239,0.1458954,-0.4015079,0.009455018,0.00184053,-0.0230979,0.056427,-0.1372528,0.9889221,0.03128028,0.00126149,-0.02226377,0.03128028,0.00126149,-0.02226377,0.05844116,-0.1304321,0.9897308,0.05844116,-0.1304321,0.9897308,5.212143,5.212143,True,True,True
1649900,63779589532917,-13.58741,2.59676,-0.0546273,-0.1068562,0.8978239,0.1458954,-0.4015079,0.009316651,0.001843964,-0.02310425,0.05641174,-0.1368408,0.9889832,0.03128025,0.001261108,-0.02226181,0.03128025,0.001261108,-0.02226181,0.0584259,-0.12883,0.9899292,0.0584259,-0.12883,0.9899292,5.214462,5.214462,True,True,True
1649909,63779589532928,-13.58738,2.596754,-0.05465287,-0.1068425,0.8978171,0.1460962,-0.4014536,0.00915976,0.001848419,-0.02311174,0.05635071,-0.1378784,0.9888306,0.03128028,0.001260101,-0.0222614,0.03128028,0.001260101,-0.0222614,0.0584259,-0.1285858,0.9899597,0.0584259,-0.1285858,0.9899597,5.214569,5.214569,True,True,True
1649917,63779589532939,-13.58745,2.596765,-0.05471933,-0.1067761,0.897824,0.1461488,-0.4014365,0.008997529,0.00185231,-0.02311598,0.05641174,-0.1391449,0.9886627,0.03128028,0.001259399,-0.02225816,0.03128028,0.001259399,-0.02225816,0.0585022,-0.1302948,0.9897461,0.0585022,-0.1302948,0.9897461,5.214645,5.214645,True,True,True
1649925,63779589532950,-13.58744,2.596775,-0.05475885,-0.1067644,0.8978714,0.1462487,-0.4012975,0.009802017,0.001830948,-0.02310091,0.05699158,-0.1380005,0.9887848,0.03128032,0.001259399,-0.02225508,0.03128032,0.001259399,-0.02225508,0.05915833,-0.1305847,0.9896545,0.05915833,-0.1305847,0.9896545,5.214005,5.214005,True,True,True
1649934,63779589532950,-13.58744,2.596775,-0.05475885,-0.1067644,0.8978714,0.1462487,-0.4012975,0.01085167,0.001805176,-0.02306421,0.05708313,-0.1379395,0.9887848,0.03128028,0.001260101,-0.02225215,0.03128028,0.001260101,-0.02225215,0.0592804,-0.1309967,0.9895935,0.0592804,-0.1309967,0.9895935,5.213821,5.213821,True,True,True
1649942,63779589532961,-13.58742,2.596766,-0.05479705,-0.1067481,0.8978187,0.1463682,-0.4013761,0.01257753,0.001761093,-0.02299367,0.05735779,-0.1382294,0.9887238,0.03128025,0.001261108,-0.02224512,0.03128025,0.001261108,-0.02224512,0.05912781,-0.1317291,0.9895172,0.05912781,-0.1317291,0.9895172,5.212326,5.212326,True,True,True
1649950,63779589532973,-13.58743,2.59677,-0.05479056,-0.1067135,0.8977875,0.1464774,-0.4014154,0.01362637,0.001733322,-0.0229478,0.05755615,-0.1382446,0.9887085,0.03128025,0.00126149,-0.02223953,0.03128025,0.00126149,-0.02223953,0.05924988,-0.1322479,0.9894409,0.05924988,-0.1322479,0.9894409,5.212234,5.212234,True,True,True
1649959,63779589532984,-13.58742,2.596777,-0.05482024,-0.1065872,0.8977388,0.1465848,-0.4015184,0.01405952,0.001720947,-0.02293085,0.05780029,-0.1378784,0.9887543,0.03128001,0.001261658,-0.02223953,0.03128001,0.001261658,-0.02223953,0.0592041,-0.1322937,0.9894257,0.0592041,-0.1322937,0.9894257,5.214584,5.214584,True,True,True
1649967,63779589532984,-13.58742,2.596777,-0.05482024,-0.1065872,0.8977388,0.1465848,-0.4015184,0.01369656,0.001730499,-0.02294454,0.05859375,-0.1379242,0.9886932,0.03128,0.00126149,-0.02223804,0.03128,0.00126149,-0.02223804,0.06053162,-0.1324158,0.9893341,0.06053162,-0.1324158,0.9893341,5.212311,5.212311,True,True,True
1649975,63779589532995,-13.58748,2.596776,-0.05480832,-0.1067112,0.8976828,0.146621,-0.4015973,0.01279938,0.00175441,-0.02298264,0.05863953,-0.138092,0.988678,0.03127944,0.00126149,-0.02223804,0.03127944,0.00126149,-0.02223804,0.06072998,-0.1324615,0.9893188,0.06072998,-0.1324615,0.9893188,5.203552,5.203552,True,True,True
1649984,63779589533006,-13.58748,2.596763,-0.05485874,-0.1066746,0.8976497,0.1466916,-0.4016554,0.01180429,0.00178093,-0.02302387,0.05877686,-0.1383667,0.9886322,0.03127825,0.00126149,-0.02223804,0.03127825,0.00126149,-0.02223804,0.06106567,-0.1324921,0.9892883,0.06106567,-0.1324921,0.9892883,5.203537,5.203537,True,True,True
1649992,63779589533017,-13.58744,2.596764,-0.05488247,-0.1065656,0.8976229,0.1465276,-0.4018042,0.01044514,0.001817185,-0.02307549,0.05906677,-0.1390228,0.9885101,0.03127817,0.00126149,-0.02223303,0.03127817,0.00126149,-0.02223303,0.06111145,-0.1329041,0.9892273,0.06111145,-0.1329041,0.9892273,5.21228,5.21228,True,True,True
1650000,63779589533017,-13.58744,2.596764,-0.05488247,-0.1065656,0.8976229,0.1465276,-0.4018042,0.009095688,0.00185318,-0.02313007,0.05911255,-0.1400299,0.9883728,0.03127817,0.00126149,-0.02223303,0.03127817,0.00126149,-0.02223303,0.06115723,-0.1338501,0.9891052,0.06115723,-0.1338501,0.9891052,5.218765,5.218765,True,True,True
1650009,63779589533028,-13.58734,2.596748,-0.05499578,-0.106497,0.8975987,0.1464173,-0.4019167,0.009021637,0.001854965,-0.02313249,0.05981445,-0.1405792,0.9882507,0.03127817,0.001261185,-0.02223213,0.03127817,0.001261185,-0.02223213,0.06231689,-0.1344299,0.9889526,0.06231689,-0.1344299,0.9889526,5.218796,5.218796,True,True,True
1650017,63779589533039,-13.58735,2.596709,-0.05505913,-0.1063358,0.8975882,0.1462963,-0.4020269,0.008964356,0.00185669,-0.02313481,0.05975342,-0.1408844,0.988205,0.03127822,0.00126149,-0.02223213,0.03127822,0.00126149,-0.02223213,0.06222534,-0.1348419,0.9889069,0.06222534,-0.1348419,0.9889069,5.202774,5.202774,True,True,True
1650025,63779589533050,-13.58725,2.596777,-0.05503649,-0.1063584,0.8975754,0.1460685,-0.4021324,0.008910538,0.001859467,-0.02313699,0.05905151,-0.1414185,0.9881744,0.03127825,0.001263672,-0.02223213,0.03127825,0.001263672,-0.02223213,0.06103516,-0.135437,0.9888916,0.06103516,-0.135437,0.9888916,5.196671,5.196671,True,True,True
1650034,63779589533050,-13.58725,2.596777,-0.05503649,-0.1063584,0.8975754,0.1460685,-0.4021324,0.0087948,0.001862259,-0.02314032,0.05885315,-0.1413727,0.9881897,0.03127825,0.001263672,-0.02223213,0.03127825,0.001263672,-0.02223213,0.0606842,-0.1355286,0.9889069,0.0606842,-0.1355286,0.9889069,5.184738,5.184738,True,True,True
1650042,63779589533061,-13.58726,2.596739,-0.0550673,-0.1062826,0.8975475,0.1458874,-0.4022802,0.008790253,0.00186264,-0.02314237,0.05918884,-0.1414185,0.9881744,0.03127825,0.001264053,-0.02223511,0.03127825,0.001264053,-0.02223511,0.06095886,-0.1356354,0.9888763,0.06095886,-0.1356354,0.9888763,5.18338,5.18338,True,True,True
1650050,63779589533073,-13.5873,2.596704,-0.05514586,-0.1063092,0.8975703,0.1457124,-0.4022861,0.009006547,0.001853272,-0.02312621,0.0594635,-0.1409607,0.9882202,0.03127825,0.001264664,-0.02223511,0.03127825,0.001264664,-0.02223511,0.06085205,-0.1358032,0.9888611,0.06085205,-0.1358032,0.9888611,5.183273,5.183273,True,True,True
1650059,63779589533083,-13.58738,2.5966,-0.0552237,-0.1063219,0.8976048,0.1454791,-0.4022898,0.009811845,0.00183194,-0.02308865,0.05943298,-0.1410522,0.988205,0.03127825,0.001264862,-0.02223511,0.03127825,0.001264862,-0.02223511,0.0606842,-0.1358032,0.9888611,0.0606842,-0.1358032,0.9888611,5.184525,5.184525,True,True,True
1650067,63779589533083,-13.58738,2.5966,-0.0552237,-0.1063219,0.8976048,0.1454791,-0.4022898,0.01052103,0.001812073,-0.02305942,0.05957031,-0.1404266,0.9882813,0.03127905,0.001264862,-0.02223511,0.03127905,0.001264862,-0.02223511,0.06098938,-0.1357269,0.9888611,0.06098938,-0.1357269,0.9888611,5.196655,5.196655,True,True,True
1650075,63779589533095,-13.58739,2.596547,-0.05533504,-0.1064058,0.8976317,0.1452767,-0.4022809,0.01164755,0.001779282,-0.02300514,0.05982971,-0.1399841,0.9883423,0.03127979,0.001264862,-0.02223906,0.03127979,0.001264862,-0.02223906,0.06118774,-0.1354523,0.9888916,0.06118774,-0.1354523,0.9888916,5.196747,5.196747,True,True,True
1650084,63779589533106,-13.58743,2.596491,-0.05543095,-0.1064522,0.8977224,0.1449941,-0.4021679,0.01252698,0.001755417,-0.02296771,0.05993652,-0.1398315,0.9883575,0.03128093,0.001264862,-0.02223511,0.03128093,0.001264862,-0.02223511,0.06140137,-0.135849,0.9888153,0.06140137,-0.135849,0.9888153,5.183929,5.183929,True,True,True
1650092,63779589533117,-13.58746,2.59646,-0.05557287,-0.1065751,0.8977549,0.144899,-0.4020972,0.01306181,0.001741425,-0.02294656,0.05934143,-0.1397705,0.9883881,0.03128093,0.001264862,-0.02223511,0.03128093,0.001264862,-0.02223511,0.06140137,-0.135849,0.9888153,0.06140137,-0.135849,0.9888153,5.183929,5.183929,True,True,True
1650100,63779589533117,-13.58746,2.59646,-0.05557287,-0.1065751,0.8977549,0.144899,-0.4020972,0.01316052,0.001738846,-0.02293924,0.05911255,-0.1390686,0.9885101,0.03128105,0.001264862,-0.02223007,0.03128105,0.001264862,-0.02223007,0.06117249,-0.1348877,0.9889679,0.06117249,-0.1348877,0.9889679,5.184326,5.184326,True,True,True
1650109,63779589533128,-13.58746,2.596432,-0.05568075,-0.1067197,0.8977704,0.1448087,-0.4020568,0.01283664,0.001747177,-0.02294423,0.05873108,-0.1390686,0.9885254,0.03128119,0.001264664,-0.0222188,0.03128119,0.001264664,-0.0222188,0.06086731,-0.1347198,0.9889984,0.06086731,-0.1347198,0.9889984,5.184799,5.184799,True,True,True
1650117,63779589533139,-13.58743,2.596412,-0.05582559,-0.1069024,0.8977959,0.1446517,-0.4020079,0.01194305,0.001770554,-0.02297833,0.05886841,-0.1389923,0.9885254,0.0312813,0.001264664,-0.02221724,0.0312813,0.001264664,-0.02221724,0.06121826,-0.1346588,0.9889832,0.06121826,-0.1346588,0.9889832,5.184906,5.184906,True,True,True
1650125,63779589533150,-13.58744,2.596364,-0.05596626,-0.107075,0.8978177,0.1445592,-0.4019465,0.01055568,0.001806854,-0.02303177,0.05889893,-0.1392059,0.9884949,0.03128153,0.001264664,-0.02221542,0.03128153,0.001264664,-0.02221542,0.06152344,-0.1345215,0.9889832,0.06152344,-0.1345215,0.9889832,5.184296,5.184296,True,True,True
1650134,63779589533150,-13.58744,2.596364,-0.05596626,-0.107075,0.8978177,0.1445592,-0.4019465,0.009378769,0.001837616,-0.02307588,0.05879211,-0.1377869,0.9887085,0.03128188,0.001264664,-0.02221542,0.03128188,0.001264664,-0.02221542,0.06161499,-0.1315765,0.9893799,0.06161499,-0.1315765,0.9893799,5.185562,5.185562,True,True,True
1650142,63779589533162,-13.58741,2.596401,-0.05611956,-0.1071737,0.8978733,0.1443376,-0.4018755,0.008373948,0.00186113,-0.02311188,0.05908203,-0.1370087,0.9888,0.03128394,0.001260468,-0.02221132,0.03128394,0.001260468,-0.02221132,0.06227112,-0.1300812,0.9895325,0.06227112,-0.1300812,0.9895325,5.17778,5.17778,True,True,True
1650150,63779589533173,-13.58741,2.596398,-0.0562551,-0.1071587,0.8979048,0.1441829,-0.4018647,0.00570665,0.001923065,-0.02315648,0.05957031,-0.1396027,0.9884033,0.03129005,0.001246048,-0.02210367,0.03129005,0.001246048,-0.02210367,0.06384277,-0.1336365,0.9889679,0.06384277,-0.1336365,0.9889679,5.180862,5.180862,True,True,True
1650159,63779589533184,-13.5875,2.596417,-0.05635893,-0.1072016,0.8979588,0.1440678,-0.4017738,0.0009398651,0.002046326,-0.02334052,0.05952454,-0.1406708,0.9882507,0.03129468,0.001239944,-0.0220782,0.03129468,0.001239944,-0.0220782,0.06575012,-0.1334534,0.9888611,0.06575012,-0.1334534,0.9888611,5.169098,5.169098,True,True,True
1650167,63779589533184,-13.5875,2.596417,-0.05635893,-0.1072016,0.8979588,0.1440678,-0.4017738,-0.003282166,0.002159424,-0.02351772,0.05879211,-0.1417389,0.9881439,0.03129853,0.001239944,-0.0220782,0.03129853,0.001239944,-0.0220782,0.06604004,-0.1334534,0.9888458,0.06604004,-0.1334534,0.9888458,5.168976,5.168976,True,True,True
1650175,63779589533195,-13.58751,2.596438,-0.05647999,-0.107086,0.8980011,0.1438244,-0.4017975,-0.005590775,0.002226898,-0.02362741,0.05921936,-0.1429291,0.9879456,0.03129853,0.001239944,-0.0220782,0.03129853,0.001239944,-0.0220782,0.06687927,-0.1335449,0.9887695,0.06687927,-0.1335449,0.9887695,5.164368,5.164368,True,True,True
1650184,63779589533206,-13.58753,2.596433,-0.05660301,-0.106926,0.8980607,0.143623,-0.4017788,-0.005945527,0.002237015,-0.02364726,0.05851746,-0.1424561,0.9880676,0.03129853,0.001239944,-0.0220782,0.03129853,0.001239944,-0.0220782,0.06686401,-0.1322937,0.9889374,0.06686401,-0.1322937,0.9889374,5.162338,5.162338,True,True,True
1650192,63779589533217,-13.58756,2.596333,-0.05674285,-0.1067354,0.8981241,0.1433627,-0.4017807,-0.004313126,0.002197052,-0.02358652,0.05935669,-0.1410828,0.988205,0.03129853,0.001239944,-0.0220782,0.03129853,0.001239944,-0.0220782,0.06768799,-0.1318665,0.9889374,0.06768799,-0.1318665,0.9889374,5.149399,5.149399,True,True,True
1650200,63779589533228,-13.58757,2.596291,-0.05687368,-0.106675,0.8981292,0.1431633,-0.4018564,-0.0005665284,0.002101761,-0.02344026,0.05993652,-0.1406555,0.9882355,0.03129853,0.001239944,-0.0220782,0.03129853,0.001239944,-0.0220782,0.06765747,-0.1318817,0.9889374,0.06765747,-0.1318817,0.9889374,5.146149,5.146149,True,True,True
1650209,63779589533228,-13.58757,2.596291,-0.05687368,-0.106675,0.8981292,0.1431633,-0.4018564,0.004665176,0.001963638,-0.02322446,0.06137085,-0.1395416,0.9882965,0.03129853,0.001239944,-0.02207797,0.03129853,0.001239944,-0.02207797,0.06811523,-0.1318665,0.9889221,0.06811523,-0.1318665,0.9889221,5.14624,5.14624,True,True,True
1650217,63779589533240,-13.58765,2.596184,-0.0570299,-0.106689,0.8981543,0.1430177,-0.4018484,0.01053124,0.001809097,-0.02298473,0.06295776,-0.1378937,0.9884338,0.03129853,0.001239944,-0.02207797,0.03129853,0.001239944,-0.02207797,0.06809998,-0.1316681,0.9889374,0.06809998,-0.1316681,0.9889374,5.144073,5.144073,True,True,True
1650225,63779589533250,-13.58768,2.596142,-0.05715698,-0.1066834,0.8981906,0.1429398,-0.4017967,0.01703282,0.001644013,-0.02272017,0.0650177,-0.1381989,0.988266,0.03129853,0.00125061,-0.0220782,0.03129853,0.00125061,-0.0220782,0.06872559,-0.1343689,0.9885406,0.06872559,-0.1343689,0.9885406,5.14537,5.14537,True,True,True
1650234,63779589533250,-13.58768,2.596142,-0.05715698,-0.1066834,0.8981906,0.1429398,-0.4017967,0.02082094,0.001546616,-0.02257593,0.06564331,-0.1371002,0.9883728,0.03129782,0.001255447,-0.02209822,0.03129782,0.001255447,-0.02209822,0.06854248,-0.1342316,0.9885712,0.06854248,-0.1342316,0.9885712,5.142456,5.142456,True,True,True
1650242,63779589533261,-13.58771,2.596105,-0.05717939,-0.1065834,0.898194,0.1427261,-0.4018915,0.02316505,0.001485245,-0.02247891,0.06584167,-0.1367188,0.9884033,0.03129682,0.001259323,-0.0221095,0.03129682,0.001259323,-0.0221095,0.06825256,-0.1344604,0.9885559,0.06825256,-0.1344604,0.9885559,5.138428,5.138428,True,True,True
1650250,63779589533272,-13.58774,2.596071,-0.05724436,-0.1065203,0.898221,0.1425368,-0.401915,0.0238452,0.001467041,-0.02247197,0.06581116,-0.1349792,0.9886475,0.03129576,0.001260056,-0.02213692,0.03129576,0.001260056,-0.02213692,0.06799316,-0.1326599,0.9888153,0.06799316,-0.1326599,0.9888153,5.138092,5.138092,True,True,True
1650259,63779589533283,-13.58774,2.596045,-0.05734557,-0.1063792,0.8982524,0.1422965,-0.4019675,0.01492799,0.001791168,-0.02313635,0.06260681,-0.1396484,0.988205,0.03129498,0.001362106,-0.02248888,0.03129498,0.001362106,-0.02248888,0.06729126,-0.1351318,0.9885254,0.06729126,-0.1351318,0.9885254,5.113358,5.113358,True,True,True
1650267,63779589533283,-13.58774,2.596045,-0.05734557,-0.1063792,0.8982524,0.1422965,-0.4019675,-0.00826175,0.002402497,-0.02406336,0.05621338,-0.1461792,0.9876556,0.03129454,0.001365936,-0.02249503,0.03129454,0.001365936,-0.02249503,0.06781006,-0.1355438,0.9884338,0.06781006,-0.1355438,0.9884338,5.11351,5.11351,True,True,True
1650275,63779589533294,-13.58771,2.596012,-0.05747932,-0.106313,0.8982868,0.1421394,-0.4019637,-0.02137123,0.00274736,-0.02459137,0.05207825,-0.1490936,0.987442,0.03129378,0.001365936,-0.02249503,0.03129378,0.001365936,-0.02249503,0.06759644,-0.1355743,0.9884491,0.06759644,-0.1355743,0.9884491,5.113434,5.113434,True,True,True
1650284,63779589533306,-13.58772,2.595977,-0.05758321,-0.1061744,0.898356,0.1418964,-0.4019316,-0.02499002,0.002842499,-0.02473538,0.05091858,-0.1500854,0.9873505,0.03129363,0.001365936,-0.02249503,0.03129363,0.001365936,-0.02249503,0.06755066,-0.1347809,0.9885559,0.06755066,-0.1347809,0.9885559,5.112289,5.112289,True,True,True
1650292,63779589533317,-13.58777,2.595977,-0.05774844,-0.1060871,0.8984119,0.1416325,-0.4019226,-0.02585974,0.002865311,-0.02477,0.05070496,-0.1503296,0.9873199,0.03129363,0.001365936,-0.02249503,0.03129363,0.001365936,-0.02249503,0.06741333,-0.1334839,0.9887543,0.06741333,-0.1334839,0.9887543,5.090775,5.090775,True,True,True
1650300,63779589533328,-13.58778,2.595924,-0.05786157,-0.1060231,0.8984588,0.1414259,-0.4019075,-0.02574651,0.002862335,-0.0247655,0.05058289,-0.15065,0.9872894,0.03129363,0.001365936,-0.02249503,0.03129363,0.001365936,-0.02249503,0.06739807,-0.1310883,0.9890747,0.06739807,-0.1310883,0.9890747,5.091629,5.091629,True,True,True
1650309,63779589533328,-13.58778,2.595924,-0.05786157,-0.1060231,0.8984588,0.1414259,-0.4019075,-0.02450133,0.002829666,-0.02470683,0.0509491,-0.1507416,0.9872437,0.03129317,0.001365936,-0.02248888,0.03129317,0.001365936,-0.02248888,0.06832886,-0.1306,0.9890747,0.06832886,-0.1306,0.9890747,5.092194,5.092194,True,True,True
1650317,63779589533339,-13.58778,2.595888,-0.05795455,-0.1059433,0.8985456,0.1412018,-0.4018133,-0.01945245,0.002695725,-0.02450356,0.05273438,-0.1487427,0.9874573,0.03129224,0.001366119,-0.02248357,0.03129224,0.001366119,-0.02248357,0.06822205,-0.1304474,0.98909,0.06822205,-0.1304474,0.98909,5.115494,5.115494,True,True,True
1650325,63779589533350,-13.58772,2.595863,-0.05803627,-0.105983,0.8985807,0.1410523,-0.4017767,-0.004523193,0.002303848,-0.02390317,0.0582428,-0.1428528,0.9880219,0.03129224,0.001369309,-0.0224821,0.03129224,0.001369309,-0.0224821,0.0680542,-0.1290588,0.9892883,0.0680542,-0.1290588,0.9892883,5.092987,5.092987,True,True,True
1650334,63779589533350,-13.58772,2.595863,-0.05803627,-0.105983,0.8985807,0.1410523,-0.4017767,0.009761903,0.00192746,-0.02332285,0.06129456,-0.1370239,0.9886627,0.03129105,0.001369858,-0.0224821,0.03129105,0.001369858,-0.0224821,0.06666565,-0.1288757,0.9894104,0.06666565,-0.1288757,0.9894104,5.093018,5.093018,True,True,True
1650342,63779589533361,-13.58771,2.595838,-0.05811542,-0.1060336,0.8986354,0.1409648,-0.4016718,0.01058377,0.001906479,-0.02329085,0.06149292,-0.1367493,0.9886932,0.031291,0.001370697,-0.02248357,0.031291,0.001370697,-0.02248357,0.06665039,-0.1289978,0.9893951,0.06665039,-0.1289978,0.9893951,5.092926,5.092926,True,True,True
1650350,63779589533372,-13.58771,2.595815,-0.05819798,-0.1060399,0.8987167,0.140761,-0.4015597,0.01217343,0.0018638,-0.02321973,0.06170654,-0.1362457,0.988739,0.03129021,0.001370834,-0.02248357,0.03129021,0.001370834,-0.02248357,0.06643677,-0.1289673,0.9894104,0.06643677,-0.1289673,0.9894104,5.092896,5.092896,True,True,True
1650359,63779589533383,-13.58769,2.595776,-0.05830419,-0.1060871,0.8987563,0.1406091,-0.4015117,0.01456503,0.001798203,-0.02311235,0.06230164,-0.134903,0.9888916,0.03129021,0.001370834,-0.0224821,0.03129021,0.001370834,-0.0224821,0.06643677,-0.1284637,0.9894714,0.06643677,-0.1284637,0.9894714,5.093307,5.093307,True,True,True
1650367,63779589533383,-13.58769,2.595776,-0.05830419,-0.1060871,0.8987563,0.1406091,-0.4015117,0.01595891,0.001761978,-0.02305231,0.06304932,-0.1343384,0.9889221,0.03128978,0.001370834,-0.0224727,0.03128978,0.001370834,-0.0224727,0.06690979,-0.1285858,0.9894257,0.06690979,-0.1285858,0.9894257,5.09375,5.09375,True,True,True
1650375,63779589533395,-13.58767,2.595729,-0.05836999,-0.1061405,0.8988458,0.1404136,-0.4013658,0.01888452,0.001684189,-0.02292281,0.06370544,-0.1336212,0.9889679,0.03128958,0.001372467,-0.02246957,0.03128958,0.001372467,-0.02246957,0.06684875,-0.1292419,0.9893494,0.06684875,-0.1292419,0.9893494,5.093643,5.093643,True,True,True
1650384,63779589533405,-13.58769,2.595703,-0.05843788,-0.1062821,0.8989182,0.1401466,-0.4012597,0.02074083,0.001637192,-0.02285339,0.06445313,-0.1329193,0.9890137,0.03128958,0.001372467,-0.02246861,0.03128958,0.001372467,-0.02246861,0.06710815,-0.1292419,0.9893341,0.06710815,-0.1292419,0.9893341,5.094589,5.094589,True,True,True
1650392,63779589533417,-13.58765,2.59562,-0.05851406,-0.1065399,0.8989987,0.1397817,-0.401138,0.02156227,0.001616547,-0.02282257,0.06439209,-0.1326294,0.9890594,0.03128929,0.001372467,-0.02246837,0.03128929,0.001372467,-0.02246837,0.06677246,-0.1292877,0.9893494,0.06677246,-0.1292877,0.9893494,5.093567,5.093567,True,True,True
1650400,63779589533427,-13.58751,2.595574,-0.05868053,-0.1067771,0.8990465,0.1393425,-0.4011206,0.0218215,0.001607117,-0.02280597,0.06439209,-0.1322937,0.9891052,0.03128913,0.001372467,-0.02246837,0.03128913,0.001372467,-0.02246837,0.06672668,-0.1292114,0.9893646,0.06672668,-0.1292114,0.9893646,5.094376,5.094376,True,True,True
1650409,63779589533427,-13.58751,2.595574,-0.05868053,-0.1067771,0.8990465,0.1393425,-0.4011206,0.02228086,0.001595718,-0.02278587,0.063797,-0.1320953,0.9891663,0.03128873,0.001372467,-0.02246764,0.03128873,0.001372467,-0.02246764,0.06590271,-0.1289368,0.9894562,0.06590271,-0.1289368,0.9894562,5.108414,5.108414,True,True,True
1650417,63779589533439,-13.5874,2.595593,-0.05874175,-0.1070782,0.8991668,0.1389358,-0.4009117,0.02152386,0.001614472,-0.02281262,0.06343079,-0.1319885,0.989212,0.03128873,0.001372467,-0.02246764,0.03128873,0.001372467,-0.02246764,0.06568909,-0.1286011,0.9895172,0.06568909,-0.1286011,0.9895172,5.108704,5.108704,True,True,True
1650425,63779589533450,-13.58735,2.595681,-0.05885881,-0.1073192,0.8992063,0.1386687,-0.4008512,0.01887033,0.001682327,-0.02290636,0.0632019,-0.133255,0.9890594,0.03128836,0.001375137,-0.02246764,0.03128836,0.001375137,-0.02246764,0.06559753,-0.1293793,0.9894104,0.06559753,-0.1293793,0.9894104,5.108643,5.108643,True,True,True
1650434,63779589533450,-13.58735,2.595681,-0.05885881,-0.1073192,0.8992063,0.1386687,-0.4008512,0.01719486,0.00172435,-0.02296555,0.0630188,-0.132782,0.9891357,0.03128836,0.001375885,-0.02246764,0.03128836,0.001375885,-0.02246764,0.06547546,-0.1280518,0.9895935,0.06547546,-0.1280518,0.9895935,5.11261,5.11261,True,True,True
1650442,63779589533461,-13.58736,2.595694,-0.05889428,-0.10745,0.8994089,0.1385802,-0.4003918,0.0157153,0.001760376,-0.02301782,0.06237793,-0.1325226,0.989212,0.03128836,0.001375137,-0.02246764,0.03128836,0.001375137,-0.02246764,0.06481934,-0.1273956,0.9897156,0.06481934,-0.1273956,0.9897156,5.112839,5.112839,True,True,True
1650450,63779589533472,-13.58725,2.595681,-0.05900842,-0.1079067,0.8996294,0.1376955,-0.4000787,0.01301712,0.001827103,-0.02311313,0.06265259,-0.133316,0.9890747,0.03128836,0.001375137,-0.02246764,0.03128836,0.001375137,-0.02246764,0.0655365,-0.1273499,0.9896851,0.0655365,-0.1273499,0.9896851,5.12146,5.12146,True,True,True
1650459,63779589533483,-13.58721,2.595805,-0.05911416,-0.1082893,0.9000002,0.1363623,-0.3995979,0.01189912,0.001854767,-0.02315262,0.06260681,-0.1335449,0.9890594,0.03128821,0.001375137,-0.02246764,0.03128821,0.001375137,-0.02246764,0.06565857,-0.1273651,0.9896698,0.06565857,-0.1273651,0.9896698,5.127289,5.127289,True,True,True
1650467,63779589533483,-13.58721,2.595805,-0.05911416,-0.1082893,0.9000002,0.1363623,-0.3995979,0.006797715,0.002015198,-0.02342093,0.06216431,-0.1319885,0.9892883,0.03127239,0.001434647,-0.02260573,0.03127239,0.001434647,-0.02260573,0.06639099,-0.1230927,0.9901581,0.06639099,-0.1230927,0.9901581,5.143967,5.143967,True,True,True
1650475,63779589533495,-13.58708,2.595993,-0.05918121,-0.1083813,0.9004685,0.1351695,-0.3989227,-0.0001924591,0.002200363,-0.02371307,0.05862427,-0.1371613,0.9888,0.03126322,0.001456375,-0.02266144,0.03126322,0.001456375,-0.02266144,0.06240845,-0.130249,0.989502,0.06240845,-0.130249,0.989502,5.114883,5.114883,True,True,True
1650484,63779589533506,-13.58696,2.596243,-0.05925393,-0.1085118,0.9009951,0.1337042,-0.3981911,-0.008784439,0.002478973,-0.02401534,0.0562439,-0.1420441,0.9882507,0.03125249,0.001485123,-0.02272785,0.03125249,0.001485123,-0.02272785,0.06343079,-0.1231689,0.9903412,0.06343079,-0.1231689,0.9903412,5.135437,5.135437,True,True,True
1650492,63779589533517,-13.58684,2.59655,-0.0593828,-0.1084376,0.9017054,0.1320726,-0.3971467,-0.01063989,0.002521195,-0.0239926,0.05963135,-0.1420288,0.9880524,0.03125569,0.001465042,-0.02261134,0.03125569,0.001465042,-0.02261134,0.06507874,-0.125,0.9900055,0.06507874,-0.125,0.9900055,5.109482,5.109482,True,True,True
1650500,63779589533517,-13.58684,2.59655,-0.0593828,-0.1084376,0.9017054,0.1320726,-0.3971467,-0.008287827,0.002458756,-0.02383333,0.06098938,-0.1442261,0.9876556,0.03124988,0.001453034,-0.0225246,0.03124988,0.001453034,-0.0225246,0.06840515,-0.1238708,0.9899292,0.06840515,-0.1238708,0.9899292,5.143494,5.143494,True,True,True
1650509,63779589533528,-13.58669,2.596786,-0.05950153,-0.1081519,0.9025422,0.1306321,-0.3957978,-0.008648972,0.002469116,-0.0238252,0.06221008,-0.1360626,0.988739,0.03124864,0.001429199,-0.02242789,0.03124864,0.001429199,-0.02242789,0.06594849,-0.1213074,0.9904175,0.06594849,-0.1213074,0.9904175,5.15358,5.15358,True,True,True
1650517,63779589533539,-13.58658,2.596907,-0.05961305,-0.1079301,0.9037226,0.1284487,-0.3938747,-0.006848587,0.002436524,-0.02382556,0.06578064,-0.1326141,0.9889679,0.03124741,0.001453034,-0.0225246,0.03124741,0.001453034,-0.0225246,0.06777954,-0.1179962,0.9906921,0.06777954,-0.1179962,0.9906921,5.156708,5.156708,True,True,True
1650525,63779589533550,-13.58642,2.596808,-0.05972052,-0.1076271,0.904937,0.1259266,-0.3919794,-0.01103339,0.002532059,-0.02405371,0.06636047,-0.1357727,0.9885101,0.03120256,0.001501221,-0.02275698,0.03120256,0.001501221,-0.02275698,0.06710815,-0.1127625,0.9913483,0.06710815,-0.1127625,0.9913483,5.164978,5.164978,True,True,True
1650534,63779589533561,-13.58619,2.596608,-0.05987847,-0.1080915,0.9061156,0.1225498,-0.3901951,-0.008906174,0.002395661,-0.0237724,0.0687561,-0.1461029,0.9868622,0.03121689,0.001385819,-0.02242148,0.03121689,0.001385819,-0.02242148,0.07383728,-0.1289368,0.9888916,0.07383728,-0.1289368,0.9888916,5.149384,5.149384,True,True,True
1650542,63779589533561,-13.58619,2.596608,-0.05987847,-0.1080915,0.9061156,0.1225498,-0.3901951,-0.007393464,0.00235025,-0.02387689,0.06552124,-0.1359558,0.9885406,0.03127415,0.001382538,-0.02246889,0.03127415,0.001382538,-0.02246889,0.06788635,-0.1305847,0.9891052,0.06788635,-0.1305847,0.9891052,5.129669,5.129669,True,True,True
1650550,63779589533572,-13.58609,2.596523,-0.05992335,-0.1083086,0.9070812,0.1204503,-0.3885418,-0.00966005,0.002420105,-0.02400679,0.05450439,-0.150238,0.9871368,0.03131253,0.00132312,-0.02226412,0.03131253,0.00132312,-0.02226412,0.05995178,-0.1394806,0.9884033,0.05995178,-0.1394806,0.9884033,5.245148,5.245148,True,True,True
1650559,63779589533584,-13.58603,2.596471,-0.06003731,-0.108401,0.9079846,0.119308,-0.3867543,0.01456098,0.00172673,-0.02289798,0.05439758,-0.1504364,0.9871063,0.03135149,0.001354263,-0.02245146,0.03135149,0.001354263,-0.02245146,0.05278015,-0.1502991,0.9872284,0.05278015,-0.1502991,0.9872284,5.24588,5.24588,True,True,True
1650567,63779589533584,-13.58603,2.596471,-0.06003731,-0.108401,0.9079846,0.119308,-0.3867543,0.01549887,0.001593384,-0.0225092,0.0372467,-0.1548615,0.9872284,0.03137068,0.001183731,-0.02190738,0.03137068,0.001183731,-0.02190738,0.03863525,-0.1517944,0.9876404,0.03863525,-0.1517944,0.9876404,5.203461,5.203461,True,True,True
1650575,63779589533594,-13.58594,2.596353,-0.06015456,-0.1089018,0.9087602,0.1179781,-0.3851965,0.001867294,0.001935562,-0.02303513,0.0375824,-0.157547,0.9867859,0.03137688,0.001176727,-0.02190245,0.03137688,0.001176727,-0.02190245,0.04014587,-0.1557159,0.9869843,0.04014587,-0.1557159,0.9869843,5.183609,5.183609,True,True,True
1650584,63779589533606,-13.58593,2.59604,-0.06035548,-0.1094796,0.9094525,0.116949,-0.38371,0.0181972,0.001489349,-0.02234418,0.04441833,-0.1616364,0.9858398,0.03138678,0.001180115,-0.02194743,0.03138678,0.001180115,-0.02194743,0.04325867,-0.1594696,0.9862518,0.04325867,-0.1594696,0.9862518,5.215729,5.215729,True,True,True
1650592,63779589533616,-13.58595,2.59557,-0.06056237,-0.1106574,0.9100223,0.1156755,-0.3824049,0.02114885,0.001556274,-0.02272586,0.04560852,-0.1581116,0.9863586,0.03134879,0.001326019,-0.0224429,0.03134879,0.001326019,-0.0224429,0.04719543,-0.1559296,0.9866333,0.04719543,-0.1559296,0.9866333,5.241058,5.241058,True,True,True
1650600,63779589533627,-13.586,2.595115,-0.06072456,-0.1118933,0.9104674,0.114645,-0.3812944,0.02505847,0.00148523,-0.02257869,0.04463196,-0.1498108,0.9877014,0.03132457,0.001353928,-0.02243166,0.03132457,0.001353928,-0.02243166,0.04296875,-0.1485901,0.9879608,0.04296875,-0.1485901,0.9879608,5.228867,5.228867,True,True,True
1650609,63779589533627,-13.586,2.595115,-0.06072456,-0.1118933,0.9104674,0.114645,-0.3812944,0.02262343,0.001593399,-0.02270175,0.04574585,-0.1514893,0.9873962,0.03132214,0.001411575,-0.02247594,0.03132214,0.001411575,-0.02247594,0.045578,-0.1506958,0.9875183,0.045578,-0.1506958,0.9875183,5.199768,5.199768,True,True,True
1650617,63779589533639,-13.58602,2.594744,-0.06084448,-0.1131837,0.9107106,0.1135924,-0.3806474,0.02889905,0.001438385,-0.02233989,0.04800415,-0.1496582,0.9875641,0.03130306,0.001378021,-0.02224146,0.03130306,0.001378021,-0.02224146,0.0480957,-0.1493073,0.9876099,0.0480957,-0.1493073,0.9876099,5.147064,5.147064,True,True,True
1650625,63779589533650,-13.58608,2.594305,-0.0609265,-0.1147325,0.9109286,0.1125034,-0.379985,0.02903983,0.00143071,-0.02220281,0.06484985,-0.1469574,0.9869995,0.03127184,0.001373322,-0.02210764,0.03127184,0.001373322,-0.02210764,0.06510925,-0.1466064,0.9870453,0.06510925,-0.1466064,0.9870453,5.18367,5.18367,True,True,True
1650634,63779589533650,-13.58608,2.594305,-0.0609265,-0.1147325,0.9109286,0.1125034,-0.379985,0.01958968,0.001707352,-0.02260307,0.05932617,-0.1364288,0.9888611,0.03127837,0.001420151,-0.02217095,0.03127837,0.001420151,-0.02217095,0.06001282,-0.1315918,0.9894714,0.06001282,-0.1315918,0.9894714,5.184952,5.184952,True,True,True
1650642,63779589533661,-13.58619,2.593903,-0.06103218,-0.1163981,0.9109144,0.1114315,-0.3798282,0.02794464,0.001539963,-0.02229639,0.05697632,-0.1370544,0.9889221,0.03129782,0.001457428,-0.02216905,0.03129782,0.001457428,-0.02216905,0.05769348,-0.1360168,0.9890137,0.05769348,-0.1360168,0.9890137,5.203659,5.203659,True,True,True
1650650,63779589533672,-13.58638,2.593647,-0.06108183,-0.1179041,0.9108821,0.1105295,-0.3797047,0.03029765,0.001600143,-0.0225723,0.05851746,-0.1305695,0.9897003,0.03124159,0.001577057,-0.02253685,0.03124159,0.001577057,-0.02253685,0.05860901,-0.1303101,0.9897308,0.05860901,-0.1303101,0.9897308,5.27359,5.27359,True,True,True
1650659,63779589533683,-13.58664,2.593506,-0.0610916,-0.1189358,0.9106097,0.1101651,-0.3801419,0.03085996,0.001598633,-0.02248607,0.06437683,-0.1255188,0.9899902,0.0311989,0.001590393,-0.02247344,0.0311989,0.001590393,-0.02247344,0.06434631,-0.1254425,0.9900055,0.06434631,-0.1254425,0.9900055,5.233612,5.233612,True,True,True
1650667,63779589533694,-13.58698,2.593341,-0.06109619,-0.1196665,0.9103816,0.109683,-0.380598,0.03030327,0.001623825,-0.02247276,0.06452942,-0.1218109,0.990448,0.03120633,0.001602066,-0.02244086,0.03120633,0.001602066,-0.02244086,0.06439209,-0.1215363,0.9904785,0.06439209,-0.1215363,0.9904785,5.229218,5.229218,True,True,True
1650675,63779589533694,-13.58698,2.593341,-0.06109619,-0.1196665,0.9103816,0.109683,-0.380598,0.02915331,0.001649063,-0.02247774,0.05871582,-0.119812,0.9910431,0.03121619,0.001598343,-0.02240349,0.03121619,0.001598343,-0.02240349,0.05844116,-0.1189117,0.9911804,0.05844116,-0.1189117,0.9911804,5.287949,5.287949,True,True,True
1650684,63779589533706,-13.58728,2.5932,-0.06105661,-0.1200619,0.9100294,0.1090629,-0.381493,0.01633583,0.001969803,-0.02292932,0.06921387,-0.1286774,0.9892578,0.03122235,0.001593948,-0.02236476,0.03122235,0.001593948,-0.02236476,0.07151794,-0.1253967,0.9895172,0.07151794,-0.1253967,0.9895172,5.220032,5.220032,True,True,True
1650692,63779589533717,-13.58759,2.592998,-0.06100035,-0.1204131,0.9097357,0.1083964,-0.3822721,-0.002726349,0.002457245,-0.02364485,0.06341553,-0.1333313,0.9890289,0.03123518,0.001579102,-0.02228719,0.03123518,0.001579102,-0.02228719,0.06445313,-0.1216431,0.9904633,0.06445313,-0.1216431,0.9904633,5.30835,5.30835,True,True,True
1650700,63779589533717,-13.58759,2.592998,-0.06100035,-0.1204131,0.9097357,0.1083964,-0.3822721,-0.002022858,0.002444382,-0.0236095,0.0655365,-0.1330414,0.9889374,0.03124088,0.001576599,-0.02225926,0.03124088,0.001576599,-0.02225926,0.06713867,-0.1218567,0.9902649,0.06713867,-0.1218567,0.9902649,5.279694,5.279694,True,True,True
1650708,63779589533728,-13.58784,2.592859,-0.06093574,-0.1207893,0.9093406,0.1074852,-0.3833491,0.004742508,0.002271256,-0.02332381,0.06860352,-0.1313171,0.9889526,0.03124657,0.001579102,-0.0222321,0.03124657,0.001579102,-0.0222321,0.06983948,-0.1232758,0.9898987,0.06983948,-0.1232758,0.9898987,5.25061,5.25061,True,True,True
1650717,63779589533739,-13.58815,2.59272,-0.06079221,-0.1211523,0.9088952,0.106655,-0.3845209,-0.004176483,0.002521774,-0.02372542,0.07305908,-0.1284943,0.9889984,0.03124759,0.001559082,-0.02208904,0.03124759,0.001559082,-0.02208904,0.07463074,-0.1141968,0.9906464,0.07463074,-0.1141968,0.9906464,5.278671,5.278671,True,True,True
1650725,63779589533750,-13.58839,2.592637,-0.06070995,-0.1215324,0.9083984,0.105871,-0.3857897,-0.006204865,0.002585312,-0.02377414,0.07759094,-0.1294861,0.9885254,0.03112215,0.001672257,-0.02241316,0.03112215,0.001672257,-0.02241316,0.07202148,-0.1087799,0.9914398,0.07202148,-0.1087799,0.9914398,5.18988,5.18988,True,True,True
1650733,63779589533750,-13.58839,2.592637,-0.06070995,-0.1215324,0.9083984,0.105871,-0.3857897,-0.01616232,0.002924042,-0.02434671,0.09455872,-0.1287842,0.9871521,0.03091284,0.001846497,-0.02283812,0.03091284,0.001846497,-0.02283812,0.07157898,-0.1064453,0.9917297,0.07157898,-0.1064453,0.9917297,5.284363,5.284363,True,True,True
1650742,63779589533761,-13.58868,2.592604,-0.06055683,-0.121636,0.9079854,0.1053119,-0.3868808,-0.02254317,0.003067841,-0.02447487,0.1308594,-0.1181641,0.9843292,0.03064418,0.001880051,-0.02275667,0.03064418,0.001880051,-0.02275667,0.09312439,-0.1148376,0.9889984,0.09312439,-0.1148376,0.9889984,5.292786,5.292786,True,True,True
1650750,63779589533772,-13.58893,2.592597,-0.06044364,-0.1215015,0.9075356,0.1049371,-0.3880783,-0.02501567,0.003126374,-0.02453027,0.1860046,-0.1046295,0.9769592,0.03041231,0.001823502,-0.02219673,0.03041231,0.001823502,-0.02219673,0.1219025,-0.09898376,0.9875793,0.1219025,-0.09898376,0.9875793,5.344986,5.344986,True,True,True
1650758,63779589533783,-13.58919,2.592623,-0.06026745,-0.1211806,0.9070482,0.1048589,-0.3893372,-0.02767923,0.003223053,-0.02467639,0.2208405,-0.09913635,0.9702454,0.03019042,0.001643387,-0.02132741,0.03019042,0.001643387,-0.02132741,0.1536255,-0.08251953,0.9846649,0.1536255,-0.08251953,0.9846649,5.396896,5.396896,True,True,True
1650767,63779589533783,-13.58919,2.592623,-0.06026745,-0.1211806,0.9070482,0.1048589,-0.3893372,-0.02797629,0.003283341,-0.02470986,0.2525482,-0.1022186,0.9621582,0.03001036,0.001696152,-0.021439,0.03001036,0.001696152,-0.021439,0.1744537,-0.08255005,0.9811859,0.1744537,-0.08255005,0.9811859,5.292313,5.292313,True,True,True
1650775,63779589533794,-13.5895,2.592681,-0.06009209,-0.1207045,0.9065199,0.1050402,-0.3906642,-0.02808374,0.00333374,-0.02475101,0.2719269,-0.087677,0.958313,0.02981989,0.001968048,-0.02220195,0.02981989,0.001968048,-0.02220195,0.1911926,-0.07192993,0.9788971,0.1911926,-0.07192993,0.9788971,5.252853,5.252853,True,True,True
1650783,63779589533806,-13.58979,2.592703,-0.05996394,-0.1201987,0.9059885,0.1053359,-0.3919713,-0.02815318,0.003385178,-0.02478879,0.3018646,-0.09153748,0.9489441,0.02972154,0.002030533,-0.02232204,0.02972154,0.002030533,-0.02232204,0.2244873,-0.05328369,0.9730072,0.2244873,-0.05328369,0.9730072,5.296875,5.296875,True,True,True
1650792,63779589533816,-13.59007,2.59273,-0.05973166,-0.1197841,0.9053529,0.105666,-0.393475,-0.02825902,0.003414459,-0.02481506,0.3063049,-0.0793457,0.9486084,0.02963706,0.002119171,-0.02236788,0.02963706,0.002119171,-0.02236788,0.2444916,-0.05317688,0.9681854,0.2444916,-0.05317688,0.9681854,5.333923,5.333923,True,True,True
1650800,63779589533816,-13.59007,2.59273,-0.05973166,-0.1197841,0.9053529,0.105666,-0.393475,-0.02837351,0.003451813,-0.02485913,0.3281708,-0.07888794,0.9412994,0.0295157,0.002192948,-0.02241846,0.0295157,0.002192948,-0.02241846,0.2682648,-0.0382843,0.9625702,0.2682648,-0.0382843,0.9625702,5.322403,5.322403,True,True,True
1650808,63779589533828,-13.59024,2.592802,-0.0595656,-0.1195929,0.9045999,0.1062961,-0.3950921,-0.0285282,0.003479294,-0.0249511,0.3720398,-0.06698608,0.9257813,0.02930214,0.002255188,-0.02247385,0.02930214,0.002255188,-0.02247385,0.2972565,-0.0269165,0.9544067,0.2972565,-0.0269165,0.9544067,5.311462,5.311462,True,True,True
1650817,63779589533838,-13.5905,2.592871,-0.05929673,-0.1198871,0.9038,0.1072895,-0.3965623,-0.02865059,0.003517349,-0.02502869,0.3978729,-0.06811523,0.9149017,0.02909132,0.00225647,-0.02256856,0.02909132,0.00225647,-0.02256856,0.3182373,0.007369995,0.9479675,0.3182373,0.007369995,0.9479675,5.313934,5.313934,True,True,True
1650825,63779589533850,-13.59078,2.592898,-0.05912089,-0.1204032,0.9029589,0.1084396,-0.3980065,-0.02870146,0.003563721,-0.02512113,0.4275665,-0.0448761,0.9028625,0.02890601,0.002387939,-0.02263301,0.02890601,0.002387939,-0.02263301,0.3618774,0.01234436,0.9321289,0.3618774,0.01234436,0.9321289,5.342316,5.342316,True,True,True
1650833,63779589533850,-13.59078,2.592898,-0.05912089,-0.1204032,0.9029589,0.1084396,-0.3980065,-0.02887589,0.003645355,-0.02520876,0.4616241,-0.05622864,0.8852844,0.02875844,0.002478958,-0.02269951,0.02875844,0.002478958,-0.02269951,0.3899078,0.02534485,0.9204865,0.3899078,0.02534485,0.9204865,5.388626,5.388626,True,True,True
1650842,63779589533861,-13.59099,2.592942,-0.05894923,-0.1213232,0.9020724,0.1094279,-0.399464,-0.02283214,0.003585968,-0.02500974,0.470459,-0.03622437,0.8816681,0.02862203,0.002541977,-0.0227712,0.02862203,0.002541977,-0.0227712,0.4085999,0.03067017,0.9121857,0.4085999,0.03067017,0.9121857,5.347687,5.347687,True,True,True
1650850,63779589533872,-13.59124,2.592984,-0.05876958,-0.1219656,0.9012848,0.1104754,-0.4007559,-0.001297958,0.00320105,-0.02413036,0.4672852,-0.009231567,0.8840485,0.02850833,0.002587036,-0.02284534,0.02850833,0.002587036,-0.02284534,0.4399261,0.03970337,0.8971405,0.4399261,0.03970337,0.8971405,5.433502,5.433502,True,True,True
1650858,63779589533883,-13.59147,2.593159,-0.05857372,-0.1226145,0.9004911,0.1117486,-0.4019874,0.01429318,0.002926651,-0.02351969,0.4748077,0.02960205,0.8795776,0.02840739,0.002626434,-0.02289986,0.02840739,0.002626434,-0.02289986,0.4608917,0.04290771,0.8863983,0.4608917,0.04290771,0.8863983,5.611557,5.611557,True,True,True
1650867,63779589533883,-13.59147,2.593159,-0.05857372,-0.1226145,0.9004911,0.1117486,-0.4019874,0.01459773,0.002957291,-0.0235589,0.4888458,0.03190613,0.8717804,0.02827866,0.002662155,-0.02295719,0.02827866,0.002662155,-0.02295719,0.4746704,0.04760742,0.8788605,0.4746704,0.04760742,0.8788605,5.573868,5.573868,True,True,True
1650875,63779589533894,-13.5917,2.5933,-0.05842549,-0.1228014,0.8997895,0.1131103,-0.4031188,0.01134644,0.003057678,-0.023745,0.4929047,0.03851318,0.8692169,0.0281485,0.002691391,-0.02301747,0.0281485,0.002691391,-0.02301747,0.4733124,0.07028198,0.878067,0.4733124,0.07028198,0.878067,5.507813,5.507813,True,True,True
1650883,63779589533905,-13.59192,2.593452,-0.05825013,-0.1228721,0.8992248,0.1141995,-0.4040492,-0.001449936,0.003364716,-0.0244073,0.5419769,0.03764343,0.8395386,0.02804237,0.002708634,-0.02312319,0.02804237,0.002708634,-0.02312319,0.5137787,0.07972717,0.8542023,0.5137787,0.07972717,0.8542023,5.474014,5.474014,True,True,True
1650892,63779589533916,-13.59208,2.593631,-0.05811167,-0.1230778,0.8987607,0.1152252,-0.4047273,0.01200006,0.003112381,-0.02391644,0.5599976,0.06185913,0.8261719,0.0279581,0.002763214,-0.02320687,0.0279581,0.002763214,-0.02320687,0.5457306,0.08346558,0.8337708,0.5457306,0.08346558,0.8337708,5.590347,5.590347,True,True,True
1650900,63779589533916,-13.59208,2.593631,-0.05811167,-0.1230778,0.8987607,0.1152252,-0.4047273,0.009546829,0.003169785,-0.02409134,0.5609131,0.06797791,0.8250732,0.02777113,0.002778244,-0.02328583,0.02777113,0.002778244,-0.02328583,0.5419617,0.09402466,0.8351135,0.5419617,0.09402466,0.8351135,5.560684,5.560684,True,True,True
1650908,63779589533928,-13.59218,2.593827,-0.05797029,-0.1231447,0.8983393,0.1164678,-0.4052864,0.0008201905,0.003370514,-0.0245477,0.592514,0.03157043,0.8049316,0.02765103,0.002795944,-0.02339888,0.02765103,0.002795944,-0.02339888,0.5694275,0.1015625,0.8157349,0.5694275,0.1015625,0.8157349,5.497574,5.497574,True,True,True
1650917,63779589533939,-13.59234,2.594005,-0.05779988,-0.1232623,0.8979862,0.1180002,-0.4055898,0.0005990753,0.003381272,-0.02463243,0.6085968,0.03717041,0.7925873,0.02753851,0.002822861,-0.02348206,0.02753851,0.002822861,-0.02348206,0.5915375,0.09571838,0.8005524,0.5915375,0.09571838,0.8005524,5.657776,5.657776,True,True,True
1650925,63779589533950,-13.59247,2.59411,-0.05774504,-0.1234605,0.8976599,0.1194223,-0.4058356,0.0007622528,0.003383942,-0.02465508,0.6144562,0.03274536,0.788269,0.02747948,0.002819092,-0.0235168,0.02747948,0.002819092,-0.0235168,0.597641,0.0957489,0.7960205,0.597641,0.0957489,0.7960205,5.688492,5.688492,True,True,True
1650933,63779589533961,-13.59254,2.59415,-0.05771208,-0.1239139,0.8973497,0.1204235,-0.4060875,0.02740251,0.002798401,-0.02357982,0.6131287,0.0980072,0.7838745,0.02740251,0.002798401,-0.02357982,0.02740251,0.002798401,-0.02357982,0.6131287,0.0980072,0.7838745,0.6131287,0.0980072,0.7838745,5.744171,5.744171,True,True,True
1650942,63779589533961,-13.59254,2.59415,-0.05771208,-0.1239139,0.8973497,0.1204235,-0.4060875,0.02730357,0.002741425,-0.0236489,0.615036,0.1066589,0.7812347,0.02730357,0.002741425,-0.0236489,0.02730357,0.002741425,-0.0236489,0.615036,0.1066589,0.7812347,0.615036,0.1066589,0.7812347,5.657318,5.657318,True,True,True
1650950,63779589533972,-13.59259,2.594178,-0.05773306,-0.1244458,0.897068,0.1213858,-0.4062607,0.02731938,0.002777069,-0.02365659,0.6252899,0.1103668,0.7725372,0.02731938,0.002777069,-0.02365659,0.02731938,0.002777069,-0.02365659,0.6252899,0.1103668,0.7725372,0.6252899,0.1103668,0.7725372,5.666718,5.666718,True,True,True
1650958,63779589533983,-13.59256,2.594202,-0.05773139,-0.1248259,0.8969111,0.1218933,-0.4063384,-0.001,-0.001,-0.001,1,-1,-1,0.02731697,0.002772949,-0.0236713,0.02731697,0.002772949,-0.0236713,0,0,0,0,0,0,-1,-1,False,True,True
1650967,63779589533994,-13.59261,2.594187,-0.05773872,-0.1253447,0.8968152,0.1224926,-0.4062102,-0.001,-0.001,-0.001,1,-1,-1,0.02727413,0.002725098,-0.02370731,0.02727413,0.002725098,-0.02370731,0,0,0,0,0,0,-1,-1,False,True,True
1650975,63779589533994,-13.59261,2.594187,-0.05773872,-0.1253447,0.8968152,0.1224926,-0.4062102,0.02727785,0.002704758,-0.02370297,0.6291046,0.1214905,0.767746,0.02727785,0.002704758,-0.02370297,0.02727785,0.002704758,-0.02370297,0.6291046,0.1214905,0.767746,0.6291046,0.1214905,0.767746,5.732269,5.732269,True,True,True
1650983,63779589534005,-13.59262,2.59416,-0.05769712,-0.1258167,0.8967997,0.1226793,-0.406042,0.02728444,0.002675949,-0.02366928,0.6214905,0.1093597,0.7757416,0.02728444,0.002675949,-0.02366928,0.02728444,0.002675949,-0.02366928,0.6214905,0.1093597,0.7757416,0.6214905,0.1093597,0.7757416,5.667664,5.667664,True,True,True
1650992,63779589534016,-13.5926,2.594172,-0.05765408,-0.126019,0.8968493,0.1225202,-0.405918,-0.001,-0.001,-0.001,1,-1,-1,0.02732272,0.002695679,-0.02368123,0.02732272,0.002695679,-0.02368123,0,0,0,0,0,0,-1,-1,False,True,True
1651000,63779589534028,-13.59259,2.594209,-0.05769759,-0.1262066,0.8968346,0.1222331,-0.4059789,0.02732508,0.002687027,-0.02365585,0.6323853,0.1059113,0.7673645,0.02732508,0.002687027,-0.02365585,0.02732508,0.002687027,-0.02365585,0.6323853,0.1059113,0.7673645,0.6323853,0.1059113,0.7673645,5.790192,5.790192,True,True,True
1651008,63779589534028,-13.59259,2.594209,-0.05769759,-0.1262066,0.8968346,0.1222331,-0.4059789,0.02732717,0.002680664,-0.02364003,0.622879,0.1105957,0.7744446,0.02732717,0.002680664,-0.02364003,0.02732717,0.002680664,-0.02364003,0.622879,0.1105957,0.7744446,0.622879,0.1105957,0.7744446,5.664795,5.664795,True,True,True
1651017,63779589534039,-13.59262,2.594198,-0.05767739,-0.1261251,0.8968931,0.121872,-0.4059832,0.02732498,0.002677124,-0.02364929,0.624054,0.1160126,0.7727051,0.02732498,0.002677124,-0.02364929,0.02732498,0.002677124,-0.02364929,0.624054,0.1160126,0.7727051,0.624054,0.1160126,0.7727051,5.607971,5.607971,True,True,True
1651025,63779589534050,-13.59268,2.594251,-0.05778563,-0.1263992,0.896912,0.1215962,-0.405939,0.02732501,0.002677338,-0.02364517,0.6278229,0.1042023,0.7713318,0.02732501,0.002677338,-0.02364517,0.02732501,0.002677338,-0.02364517,0.6278229,0.1042023,0.7713318,0.6278229,0.1042023,0.7713318,5.655563,5.655563,True,True,True
1651033,63779589534060,-13.59282,2.594299,-0.05777174,-0.1265237,0.8969579,0.1220001,-0.4056774,0.0273257,0.002683487,-0.02362077,0.6204529,0.09918213,0.7779236,0.0273257,0.002683487,-0.02362077,0.0273257,0.002683487,-0.02362077,0.6204529,0.09918213,0.7779236,0.6204529,0.09918213,0.7779236,5.567886,5.567886,True,True,True
1651042,63779589534060,-13.59282,2.594299,-0.05777174,-0.1265237,0.8969579,0.1220001,-0.4056774,0.02732421,0.002683777,-0.02362348,0.615799,0.1110229,0.7800293,0.02732421,0.002683777,-0.02362348,0.02732421,0.002683777,-0.02362348,0.615799,0.1110229,0.7800293,0.615799,0.1110229,0.7800293,5.606216,5.606216,True,True,True
1651050,63779589534072,-13.59287,2.594378,-0.05779213,-0.1268366,0.8968456,0.1221664,-0.405778,0.02732276,0.002678009,-0.02362413,0.6193848,0.1051483,0.7779999,0.02732276,0.002678009,-0.02362413,0.02732276,0.002678009,-0.02362413,0.6193848,0.1051483,0.7779999,0.6193848,0.1051483,0.7779999,5.573334,5.573334,True,True,True
1651058,63779589534083,-13.59298,2.594369,-0.05788714,-0.1272808,0.8966854,0.1225592,-0.4058747,0.02732131,0.002672241,-0.02362348,0.621109,0.09902954,0.7774353,0.02732131,0.002672241,-0.02362348,0.02732131,0.002672241,-0.02362348,0.621109,0.09902954,0.7774353,0.621109,0.09902954,0.7774353,5.537781,5.537781,True,True,True
1651067,63779589534094,-13.59309,2.594324,-0.0579198,-0.1275779,0.896624,0.1228702,-0.4058229,-0.001,-0.001,-0.001,1,-1,-1,0.02731601,0.002673493,-0.02365399,0.02731601,0.002673493,-0.02365399,0,0,0,0,0,0,-1,-1,False,True,True
1651075,63779589534094,-13.59309,2.594324,-0.0579198,-0.1275779,0.896624,0.1228702,-0.4058229,0.02732334,0.002657959,-0.02360953,0.6126099,0.1078339,0.7829742,0.02732334,0.002657959,-0.02360953,0.02732334,0.002657959,-0.02360953,0.6126099,0.1078339,0.7829742,0.6126099,0.1078339,0.7829742,5.542465,5.542465,True,True,True
1651083,63779589534105,-13.59318,2.594267,-0.05796587,-0.1280127,0.8965619,0.1227316,-0.4058652,0.02732558,0.002675934,-0.02364577,0.6251221,0.1185455,0.7714539,0.02732558,0.002675934,-0.02364577,0.02732558,0.002675934,-0.02364577,0.6251221,0.1185455,0.7714539,0.6251221,0.1185455,0.7714539,5.603073,5.603073,True,True,True
1651092,63779589534117,-13.59331,2.594246,-0.05801672,-0.1284211,0.8964361,0.122717,-0.4060183,0.02732425,0.002674332,-0.02364569,0.6246033,0.1155548,0.7723236,0.02732425,0.002674332,-0.02364569,0.02732425,0.002674332,-0.02364569,0.6246033,0.1155548,0.7723236,0.6246033,0.1155548,0.7723236,5.591309,5.591309,True,True,True
1651100,63779589534127,-13.59345,2.594225,-0.05800313,-0.1286705,0.8963621,0.1228849,-0.4060518,0.02732291,0.002675934,-0.0236456,0.6241608,0.1117401,0.7732544,0.02732291,0.002675934,-0.0236456,0.02732291,0.002675934,-0.0236456,0.6241608,0.1117401,0.7732544,0.6241608,0.1117401,0.7732544,5.579498,5.579498,True,True,True
1651108,63779589534127,-13.59345,2.594225,-0.05800313,-0.1286705,0.8963621,0.1228849,-0.4060518,0.02732425,0.002676926,-0.02364345,0.6204224,0.1140289,0.7759094,0.02732425,0.002676926,-0.02364345,0.02732425,0.002676926,-0.02364345,0.6204224,0.1140289,0.7759094,0.6204224,0.1140289,0.7759094,5.552261,5.552261,True,True,True
1651117,63779589534138,-13.5936,2.594192,-0.05801409,-0.1286468,0.8962033,0.1231336,-0.4063345,0.02732558,0.002677902,-0.02364128,0.620697,0.1169281,0.7752686,0.02732558,0.002677902,-0.02364128,0.02732558,0.002677902,-0.02364128,0.620697,0.1169281,0.7752686,0.620697,0.1169281,0.7752686,5.56192,5.56192,True,True,True
1651125,63779589534150,-13.59369,2.594124,-0.05794662,-0.1286733,0.8961627,0.1228022,-0.4065159,0.02732593,0.002680008,-0.02363832,0.6209717,0.1146851,0.7753906,0.02732593,0.002680008,-0.02363832,0.02732593,0.002680008,-0.02363832,0.6209717,0.1146851,0.7753906,0.6209717,0.1146851,0.7753906,5.545074,5.545074,True,True,True
1651133,63779589534160,-13.59379,2.593937,-0.05793357,-0.1291185,0.8959163,0.1219985,-0.4071593,0.0273263,0.002682114,-0.02363535,0.6206818,0.1152954,0.775528,0.0273263,0.002682114,-0.02363535,0.0273263,0.002682114,-0.02363535,0.6206818,0.1152954,0.775528,0.6206818,0.1152954,0.775528,5.530182,5.530182,True,True,True
1651142,63779589534160,-13.59379,2.593937,-0.05793357,-0.1291185,0.8959163,0.1219985,-0.4071593,0.02733142,0.002701615,-0.02362819,0.6198578,0.1143951,0.7763214,0.02733142,0.002701615,-0.02362819,0.02733142,0.002701615,-0.02362819,0.6198578,0.1143951,0.7763214,0.6198578,0.1143951,0.7763214,5.514801,5.514801,True,True,True
1651150,63779589534172,-13.59397,2.593828,-0.05794495,-0.1294836,0.8956835,0.1217642,-0.4076256,0.02733127,0.002715836,-0.0236321,0.6150818,0.1260376,0.7783051,0.02733127,0.002715836,-0.0236321,0.02733127,0.002715836,-0.0236321,0.6150818,0.1260376,0.7783051,0.6150818,0.1260376,0.7783051,5.498596,5.498596,True,True,True
1651158,63779589534183,-13.59414,2.593681,-0.05794227,-0.1297336,0.8954545,0.1218585,-0.4080208,0.02733081,0.002719605,-0.02363539,0.6200409,0.1256561,0.7744293,0.02733081,0.002719605,-0.02363539,0.02733081,0.002719605,-0.02363539,0.6200409,0.1256561,0.7744293,0.6200409,0.1256561,0.7744293,5.515274,5.515274,True,True,True
1651167,63779589534194,-13.59429,2.593587,-0.05797637,-0.1301161,0.895226,0.1217257,-0.4084398,0.02733127,0.002723038,-0.02363451,0.6189728,0.1242371,0.7755127,0.02733127,0.002723038,-0.02363451,0.02733127,0.002723038,-0.02363451,0.6189728,0.1242371,0.7755127,0.6189728,0.1242371,0.7755127,5.522873,5.522873,True,True,True
1651175,63779589534194,-13.59429,2.593587,-0.05797637,-0.1301161,0.895226,0.1217257,-0.4084398,0.02733246,0.002722519,-0.0236333,0.6184082,0.1222992,0.7762604,0.02733246,0.002722519,-0.0236333,0.02733246,0.002722519,-0.0236333,0.6184082,0.1222992,0.7762604,0.6184082,0.1222992,0.7762604,5.509689,5.509689,True,True,True
1651183,63779589534205,-13.59448,2.593445,-0.05799222,-0.1302252,0.8950695,0.1214814,-0.4088207,0.02733367,0.002723038,-0.0236321,0.6179657,0.1200867,0.7769623,0.02733367,0.002723038,-0.0236321,0.02733367,0.002723038,-0.0236321,0.6179657,0.1200867,0.7769623,0.6179657,0.1200867,0.7769623,5.496353,5.496353,True,True,True
1651192,63779589534216,-13.59454,2.593396,-0.058061,-0.1306288,0.894795,0.1211042,-0.4094042,0.02733554,0.002723038,-0.02363098,0.6188965,0.1220245,0.7759247,0.02733554,0.002723038,-0.02363098,0.02733554,0.002723038,-0.02363098,0.6188965,0.1220245,0.7759247,0.6188965,0.1220245,0.7759247,5.508804,5.508804,True,True,True
1651200,63779589534227,-13.59457,2.593276,-0.05806935,-0.1305331,0.8946735,0.1210221,-0.4097243,0.02733742,0.002723038,-0.02362987,0.619873,0.1223297,0.7751007,0.02733742,0.002723038,-0.02362987,0.02733742,0.002723038,-0.02362987,0.619873,0.1223297,0.7751007,0.619873,0.1223297,0.7751007,5.519791,5.519791,True,True,True
1651208,63779589534227,-13.59457,2.593276,-0.05806935,-0.1305331,0.8946735,0.1210221,-0.4097243,0.02733858,0.002723206,-0.02362755,0.6196747,0.1229248,0.7751617,0.02733858,0.002723206,-0.02362755,0.02733858,0.002723206,-0.02362755,0.6196747,0.1229248,0.7751617,0.6196747,0.1229248,0.7751617,5.5159,5.5159,True,True,True
1651217,63779589534239,-13.59463,2.593266,-0.05813688,-0.1303405,0.8945746,0.120925,-0.4100302,0.02733975,0.002723373,-0.02362525,0.6195374,0.1236267,0.7751617,0.02733975,0.002723373,-0.02362525,0.02733975,0.002723373,-0.02362525,0.6195374,0.1236267,0.7751617,0.6195374,0.1236267,0.7751617,5.51889,5.51889,True,True,True
1651225,63779589534250,-13.59467,2.593152,-0.05813283,-0.130426,0.8945794,0.1202768,-0.4101833,0.02734003,0.002725266,-0.0236249,0.6195679,0.1233673,0.775177,0.02734003,0.002725266,-0.0236249,0.02734003,0.002725266,-0.0236249,0.6195679,0.1233673,0.775177,0.6195679,0.1233673,0.775177,5.519684,5.519684,True,True,True
1651233,63779589534260,-13.59458,2.59304,-0.05834603,-0.1306896,0.8944613,0.1194439,-0.4106,0.02734032,0.002727173,-0.02362456,0.6196747,0.1231842,0.775116,0.02734032,0.002727173,-0.02362456,0.02734032,0.002727173,-0.02362456,0.6196747,0.1231842,0.775116,0.6196747,0.1231842,0.775116,5.518692,5.518692,True,True,True
1651242,63779589534260,-13.59458,2.59304,-0.05834603,-0.1306896,0.8944613,0.1194439,-0.4106,0.005163605,0.003278092,-0.02457237,0.6274109,0.08413696,0.7741241,0.02735272,0.002739441,-0.02361183,0.02735272,0.002739441,-0.02361183,0.6186981,0.1218109,0.7761078,0.6186981,0.1218109,0.7761078,5.548096,5.548096,True,True,True
1651250,63779589534273,-13.59462,2.59304,-0.05841351,-0.1308243,0.8944903,0.1194645,-0.4104878,0.005164093,0.003291077,-0.0245797,0.6271515,0.09066772,0.7735901,0.0273532,0.002752441,-0.02361914,0.0273532,0.002752441,-0.02361914,0.6183014,0.1283112,0.7753906,0.6183014,0.1283112,0.7753906,5.511551,5.511551,True,True,True
1651258,63779589534283,-13.59469,2.593167,-0.05849129,-0.1305938,0.8946006,0.1198648,-0.4102041,0.005164459,0.00329213,-0.02458104,0.6276703,0.09284973,0.7729034,0.02735358,0.002753494,-0.0236205,0.02735358,0.002753494,-0.0236205,0.6187592,0.1304932,0.7746582,0.6187592,0.1304932,0.7746582,5.513306,5.513306,True,True,True
1651267,63779589534294,-13.59473,2.593201,-0.0586049,-0.130276,0.8946958,0.1199999,-0.4100581,0.005164841,0.003291077,-0.0245824,0.6273041,0.09542847,0.7728882,0.02735394,0.002752441,-0.02362184,0.02735394,0.002752441,-0.02362184,0.6183319,0.1330566,0.7745514,0.6183319,0.1330566,0.7745514,5.516541,5.516541,True,True,True
1651275,63779589534294,-13.59473,2.593201,-0.0586049,-0.130276,0.8946958,0.1199999,-0.4100581,0.005165131,0.003289459,-0.02458248,0.6273193,0.09370422,0.7730865,0.02735425,0.002750824,-0.02362192,0.02735425,0.002750824,-0.02362192,0.6183777,0.1313477,0.7748108,0.6183777,0.1313477,0.7748108,5.538086,5.538086,True,True,True
1651283,63779589534305,-13.59472,2.593215,-0.05873406,-0.1298851,0.8948023,0.1202129,-0.4098873,0.005165436,0.003287857,-0.0245824,0.6268921,0.0916748,0.7736816,0.02735454,0.002749222,-0.02362184,0.02735454,0.002749222,-0.02362184,0.6180115,0.1293182,0.7754517,0.6180115,0.1293182,0.7754517,5.512375,5.512375,True,True,True
1651292,63779589534316,-13.59468,2.593237,-0.05883789,-0.1295082,0.8949386,0.1203263,-0.4096756,0.005165131,0.00328476,-0.02458104,0.6271057,0.09370422,0.7732544,0.02735425,0.002746124,-0.0236205,0.02735425,0.002746124,-0.0236205,0.6181793,0.1313477,0.7749786,0.6181793,0.1313477,0.7749786,5.513809,5.513809,True,True,True
1651300,63779589534327,-13.59466,2.59332,-0.05896658,-0.1291279,0.8950777,0.1206521,-0.4093958,0.005164841,0.003281677,-0.0245797,0.6273346,0.09320068,0.7731476,0.02735394,0.002743042,-0.02361914,0.02735394,0.002743042,-0.02361914,0.6184082,0.1308441,0.7748718,0.6184082,0.1308441,0.7748718,5.512955,5.512955,True,True,True
1651308,63779589534327,-13.59466,2.59332,-0.05896658,-0.1291279,0.8950777,0.1206521,-0.4093958,0.005164459,0.003280975,-0.02457939,0.6268463,0.09289551,0.7735748,0.02735358,0.00274234,-0.02361884,0.02735358,0.00274234,-0.02361884,0.6179199,0.1305389,0.7753143,0.6179199,0.1305389,0.7753143,5.497009,5.497009,True,True,True
1651317,63779589534338,-13.59461,2.593332,-0.05905294,-0.1286814,0.8952008,0.1208651,-0.4092044,0.005164093,0.003280258,-0.02457909,0.6263885,0.09332275,0.7738953,0.0273532,0.002741623,-0.02361853,0.0273532,0.002741623,-0.02361853,0.6174622,0.1309509,0.7756042,0.6174622,0.1309509,0.7756042,5.485901,5.485901,True,True,True
1651325,63779589534350,-13.59451,2.593375,-0.05918854,-0.1286383,0.8952933,0.1208966,-0.4090062,0.005163727,0.003279984,-0.02457877,0.6264954,0.09307861,0.7738342,0.02735285,0.002741348,-0.02361821,0.02735285,0.002741348,-0.02361821,0.617569,0.130722,0.7755585,0.617569,0.130722,0.7755585,5.498718,5.498718,True,True,True
1651333,63779589534360,-13.59446,2.593365,-0.05929416,-0.1286217,0.8953736,0.1209292,-0.4088261,0.005163376,0.003279709,-0.02457843,0.626236,0.09269714,0.7740936,0.0273525,0.002741074,-0.02361789,0.0273525,0.002741074,-0.02361789,0.6173096,0.1303406,0.7758331,0.6173096,0.1303406,0.7758331,5.485092,5.485092,True,True,True
1651342,63779589534360,-13.59446,2.593365,-0.05929416,-0.1286217,0.8953736,0.1209292,-0.4088261,0.0273513,0.002740753,-0.02361737,0.6172333,0.1301422,0.7759247,0.0273513,0.002740753,-0.02361737,0.0273513,0.002740753,-0.02361737,0.6172333,0.1301422,0.7759247,0.6172333,0.1301422,0.7759247,5.497543,5.497543,True,True,True
1651350,63779589534372,-13.59434,2.593402,-0.05940598,-0.128416,0.8955035,0.1209435,-0.408602,0.02735011,0.002740433,-0.02361684,0.6170197,0.1299286,0.776123,0.02735011,0.002740433,-0.02361684,0.02735011,0.002740433,-0.02361684,0.6170197,0.1299286,0.776123,0.6170197,0.1299286,0.776123,5.509705,5.509705,True,True,True
1651358,63779589534372,-13.59434,2.593402,-0.05940598,-0.128416,0.8955035,0.1209435,-0.408602,0.02734622,0.002714294,-0.02361727,0.6201477,0.1286011,0.7738495,0.02734622,0.002714294,-0.02361727,0.02734622,0.002714294,-0.02361727,0.6201477,0.1286011,0.7738495,0.6201477,0.1286011,0.7738495,5.5466,5.5466,True,True,True
1651367,63779589534391,-13.5943,2.593397,-0.05950415,-0.1282593,0.8955904,0.1209086,-0.4084709,0.02730695,0.002679688,-0.02362598,0.610672,0.1264496,0.7817078,0.02730695,0.002679688,-0.02362598,0.02730695,0.002679688,-0.02362598,0.610672,0.1264496,0.7817078,0.610672,0.1264496,0.7817078,5.451508,5.451508,True,True,True
1651375,63779589534397,-13.59426,2.593468,-0.05954939,-0.1280297,0.8956881,0.1208414,-0.4083487,0.02736563,0.002716034,-0.02360066,0.624588,0.1144714,0.7725067,0.02736563,0.002716034,-0.02360066,0.02736563,0.002716034,-0.02360066,0.624588,0.1144714,0.7725067,0.624588,0.1144714,0.7725067,5.547638,5.547638,True,True,True
1651383,63779589534403,-13.59413,2.593423,-0.05972821,-0.1275297,0.8958912,0.1205016,-0.4081597,0.004824158,0.003278504,-0.02452336,0.6276855,0.08158875,0.7741699,0.02752487,0.002732926,-0.02353792,0.02752487,0.002732926,-0.02353792,0.6191864,0.1232147,0.7754974,0.6191864,0.1232147,0.7754974,5.535019,5.535019,True,True,True
1651392,63779589534411,-13.59413,2.593423,-0.05972821,-0.1275297,0.8958912,0.1205016,-0.4081597,0.007938843,0.003223053,-0.02422147,0.5919952,0.08485413,0.8014526,0.02783428,0.00272995,-0.02335707,0.02783428,0.00272995,-0.02335707,0.5840607,0.1204681,0.8027039,0.5840607,0.1204681,0.8027039,5.612885,5.612885,True,True,True
1651400,63779589534422,-13.59415,2.593425,-0.05979139,-0.1273151,0.8960381,0.1203276,-0.4079557,0.01336917,0.003140335,-0.02379222,0.5327454,0.08197021,0.8422852,0.02817163,0.002772202,-0.02315642,0.02817163,0.002772202,-0.02315642,0.5201416,0.1146393,0.846344,0.5201416,0.1146393,0.846344,5.383881,5.383881,True,True,True
1651408,63779589534433,-13.59409,2.593415,-0.05988073,-0.1270434,0.8961234,0.1202389,-0.4078791,-0.004882111,0.003662995,-0.02453714,0.5372162,0.08183289,0.839447,0.02852034,0.00277388,-0.0230433,0.02852034,0.00277388,-0.0230433,0.4816895,0.1301422,0.8666229,0.4816895,0.1301422,0.8666229,5.430405,5.430405,True,True,True
1651417,63779589534433,-13.59409,2.593415,-0.05988073,-0.1270434,0.8961234,0.1202389,-0.4078791,-0.02915471,0.004512116,-0.02534529,0.5082855,-0.04563904,0.8599701,0.02876094,0.002846863,-0.02295925,0.02876094,0.002846863,-0.02295925,0,0,0,0,0,0,-1,-1,True,True,True
1651425,63779589534444,-13.59405,2.593358,-0.05997789,-0.1270326,0.8962322,0.1201743,-0.4076625,-0.001,-0.001,-0.001,1,-1,-1,0.02916943,0.002955216,-0.02275522,0.02916943,0.002955216,-0.02275522,0,0,0,0,0,0,-1,-1,False,True,True
1651433,63779589534455,-13.59398,2.593345,-0.06008315,-0.1269809,0.8963134,0.1200043,-0.4075502,-0.001,-0.001,-0.001,1,-1,-1,0.02961234,0.002828934,-0.02256685,0.02961234,0.002828934,-0.02256685,0,0,0,0,0,0,-1,-1,False,True,True
1651442,63779589534467,-13.59394,2.593306,-0.06000572,-0.126937,0.8964619,0.1198312,-0.407288,-0.001,-0.001,-0.001,1,-1,-1,0.03078626,0.001699829,-0.02250206,0.03078626,0.001699829,-0.02250206,0,0,0,0,0,0,-1,-1,False,True,True
1651450,63779589534467,-13.59394,2.593306,-0.06000572,-0.126937,0.8964619,0.1198312,-0.407288,-0.001,-0.001,-0.001,1,-1,-1,0.03078626,0.001699829,-0.02250206,0.03078626,0.001699829,-0.02250206,0,0,0,0,0,0,-1,-1,False,False,False
1651458,63779589534478,-13.59386,2.593309,-0.06008869,-0.1267782,0.8966134,0.1195348,-0.4070912,-0.001,-0.001,-0.001,1,-1,-1,0.03132277,0.000534607,-0.02267827,0.03132277,0.000534607,-0.02267827,0,0,0,0,0,0,-1,-1,False,True,True
1651467,63779589534488,-13.59383,2.593327,-0.06009984,-0.1266513,0.8967534,0.1193521,-0.4068759,-0.001,-0.001,-0.001,1,-1,-1,0.03478619,0.0002559815,-0.02481371,0.03478619,0.0002559815,-0.02481371,0,0,0,0,0,0,-1,-1,False,True,True
1651475,63779589534500,-13.59375,2.593382,-0.06019461,-0.1263467,0.8969786,0.1191956,-0.4065197,-0.001,-0.001,-0.001,1,-1,-1,0.03539603,0.0009424744,-0.02498001,0.03539603,0.0009424744,-0.02498001,0,0,0,0,0,0,-1,-1,False,True,True
1651483,63779589534500,-13.59375,2.593382,-0.06019461,-0.1263467,0.8969786,0.1191956,-0.4065197,-0.001,-0.001,-0.001,1,-1,-1,0.03539603,0.0009424744,-0.02498001,0.03539603,0.0009424744,-0.02498001,0,0,0,0,0,0,-1,-1,False,False,False
1651492,63779589534511,-13.59367,2.593461,-0.06026685,-0.1259198,0.8972843,0.1190533,-0.4060189,-0.001,-0.001,-0.001,1,-1,-1,0.03169505,0.000529892,-0.02274768,0.03169505,0.000529892,-0.02274768,0,0,0,0,0,0,-1,-1,False,True,True
1651500,63779589534522,-13.59349,2.593539,-0.06036198,-0.1253659,0.8975364,0.1190157,-0.4056442,-0.001,-0.001,-0.001,1,-1,-1,0.03165912,0.0002438812,-0.02281168,0.03165912,0.0002438812,-0.02281168,0,0,0,0,0,0,-1,-1,False,True,True
1651508,63779589534533,-13.59339,2.59367,-0.06044763,-0.1250432,0.8977683,0.1191182,-0.4052002,-0.001,-0.001,-0.001,1,-1,-1,0.03222048,0.0001760407,-0.02310977,0.03222048,0.0001760407,-0.02310977,0,0,0,0,0,0,-1,-1,False,True,True
1651517,63779589534533,-13.59339,2.59367,-0.06044763,-0.1250432,0.8977683,0.1191182,-0.4052002,-0.001,-0.001,-0.001,1,-1,-1,0.03287677,0.0007409516,-0.02271491,0.03287677,0.0007409516,-0.02271491,0,0,0,0,0,0,-1,-1,False,True,True
1651525,63779589534544,-13.59327,2.593722,-0.06048006,-0.1246428,0.8979954,0.1191549,-0.4048094,-0.001,-0.001,-0.001,1,-1,-1,0.03466468,0.002808197,-0.02219408,0.03466468,0.002808197,-0.02219408,0,0,0,0,0,0,-1,-1,False,True,True
1651533,63779589534555,-13.59322,2.593804,-0.06058615,-0.1243032,0.8981628,0.1193265,-0.4044918,-0.001,-0.001,-0.001,1,-1,-1,0.03223329,0.001340195,-0.02262785,0.03223329,0.001340195,-0.02262785,0,0,0,0,0,0,-1,-1,False,True,True
1651542,63779589534566,-13.5931,2.593815,-0.06068313,-0.124088,0.8983199,0.1194334,-0.4041771,-0.001,-0.001,-0.001,1,-1,-1,0.03230455,0.001735855,-0.02269891,0.03230455,0.001735855,-0.02269891,0,0,0,0,0,0,-1,-1,False,True,True
1651550,63779589534577,-13.59296,2.593788,-0.06086308,-0.1239201,0.8984815,0.1192868,-0.4039127,-0.001,-0.001,-0.001,1,-1,-1,0.03100849,0.002262024,-0.0194189,0.03100849,0.002262024,-0.0194189,0,0,0,0,0,0,-1,-1,False,True,True
1651558,63779589534577,-13.59296,2.593788,-0.06086308,-0.1239201,0.8984815,0.1192868,-0.4039127,-0.001,-0.001,-0.001,1,-1,-1,0.03213367,-0.000591919,-0.01154263,0.03213367,-0.000591919,-0.01154263,0,0,0,0,0,0,-1,-1,False,True,True
1651567,63779589534589,-13.59285,2.593772,-0.06094629,-0.1239198,0.8986261,0.1189995,-0.4036759,-0.001,-0.001,-0.001,1,-1,-1,0.03127132,0.002254593,-0.01998398,0.03127132,0.002254593,-0.01998398,0,0,0,0,0,0,-1,-1,False,True,True
1651575,63779589534600,-13.59264,2.593781,-0.0610851,-0.1237439,0.8987415,0.1188361,-0.403521,-0.001,-0.001,-0.001,1,-1,-1,0.03138251,0.003117157,-0.024392,0.03138251,0.003117157,-0.024392,0,0,0,0,0,0,-1,-1,False,True,True
1651583,63779589534600,-13.59264,2.593781,-0.0610851,-0.1237439,0.8987415,0.1188361,-0.403521,-0.001,-0.001,-0.001,1,-1,-1,0.03037523,0.0003300934,-0.01363213,0.03037523,0.0003300934,-0.01363213,0,0,0,0,0,0,-1,-1,False,True,True
1651592,63779589534611,-13.59253,2.59376,-0.06111383,-0.123539,0.8988538,0.1188743,-0.4033222,-0.001,-0.001,-0.001,1,-1,-1,0.03141667,0.003051178,-0.02440428,0.03141667,0.003051178,-0.02440428,0,0,0,0,0,0,-1,-1,False,True,True
1651600,63779589534622,-13.59246,2.593816,-0.06116849,-0.1232013,0.8990364,0.1185666,-0.403109,-0.001,-0.001,-0.001,1,-1,-1,0.03140965,0.00303624,-0.02448313,0.03140965,0.00303624,-0.02448313,0,0,0,0,0,0,-1,-1,False,True,True
1651608,63779589534633,-13.59231,2.593857,-0.06124264,-0.1226794,0.8991354,0.118763,-0.4029898,-0.001,-0.001,-0.001,1,-1,-1,0.03140433,0.003044342,-0.02452344,0.03140433,0.003044342,-0.02452344,0,0,0,0,0,0,-1,-1,False,True,True
1651617,63779589534644,-13.59221,2.59384,-0.06128901,-0.1220729,0.8992569,0.118768,-0.4029012,-0.004812134,0.003804962,-0.025312,0.07139587,-0.00743103,0.997406,0.03146349,0.00266893,-0.02358708,0.03146349,0.00266893,-0.02358708,0.07583618,0.01126099,0.9970551,0.07583618,0.01126099,0.9970551,5.312454,5.312454,True,True,True
1651625,63779589534644,-13.59221,2.59384,-0.06128901,-0.1220729,0.8992569,0.118768,-0.4029012,0.005941406,0.003648346,-0.0253456,0.07112122,-0.0118866,0.9973907,0.03136598,0.00303566,-0.0246414,0.03136598,0.00303566,-0.0246414,0.0740509,0.004547119,0.9972382,0.0740509,0.004547119,0.9972382,5.313461,5.313461,True,True,True
1651633,63779589534655,-13.59208,2.593821,-0.06133538,-0.1216692,0.8993355,0.1186037,-0.4028965,0.006517731,0.003423279,-0.02474191,0.07843018,0.01373291,0.9968109,0.03143712,0.002706589,-0.02375482,0.03143712,0.002706589,-0.02375482,0.1027679,0.05335999,0.9932709,0.1027679,0.05335999,0.9932709,5.408722,5.408722,True,True,True
1651642,63779589534666,-13.59196,2.593841,-0.06136817,-0.1214297,0.8994018,0.1186271,-0.4028136,-0.02714443,0.004575409,-0.02710095,0.04116821,-0.059021,0.997406,0.03142039,0.002695389,-0.02376364,0.03142039,0.002695389,-0.02376364,0.09524536,0.004196167,0.9954376,0.09524536,0.004196167,0.9954376,5.277832,5.277832,True,True,True
1651650,63779589534666,-13.59196,2.593841,-0.06136817,-0.1214297,0.8994018,0.1186271,-0.4028136,-0.02714186,0.004520752,-0.02692183,0.04464722,-0.05723572,0.9973602,0.03141718,0.00268866,-0.02373479,0.03141718,0.00268866,-0.02373479,0.08534241,0.02940369,0.9959106,0.08534241,0.02940369,0.9959106,5.344315,5.344315,True,True,True
1651658,63779589534677,-13.59189,2.593829,-0.06132489,-0.1209855,0.8994477,0.1187012,-0.402823,-0.02713789,0.004461914,-0.02677542,0.0459137,-0.05053711,0.9976654,0.03139758,0.002921295,-0.02460474,0.03139758,0.002921295,-0.02460474,0.08363342,0.01914978,0.9963074,0.08363342,0.01914978,0.9963074,5.328812,5.328812,True,True,True
1651667,63779589534688,-13.59188,2.593891,-0.06136245,-0.1207717,0.8994545,0.1187717,-0.4028511,0.03100844,0.002667755,-0.02376006,0.09117126,0.01673889,0.9956818,0.03139973,0.002661255,-0.02376076,0.03139973,0.002661255,-0.02376076,0.09114075,0.0171051,0.9956818,0.09114075,0.0171051,0.9956818,5.300659,5.300659,True,True,True
1651675,63779589534699,-13.59178,2.593878,-0.06138498,-0.1203059,0.899483,0.1189996,-0.4028596,0.03138699,0.002606278,-0.02363596,0.08879089,-0.0141449,0.9959412,0.03138701,0.002606278,-0.02363596,0.03138701,0.002606278,-0.02363596,0.08879089,-0.0141449,0.9959412,0.08879089,-0.0141449,0.9959412,5.160065,5.160065,True,True,True
1651683,63779589534699,-13.59178,2.593878,-0.06138498,-0.1203059,0.899483,0.1189996,-0.4028596,0.03136661,0.002629532,-0.02378513,0.08604431,-0.01049805,0.9962311,0.03136661,0.002629532,-0.02378513,0.03136661,0.002629532,-0.02378513,0.08604431,-0.01049805,0.9962311,0.08604431,-0.01049805,0.9962311,5.103729,5.103729,True,True,True
1651692,63779589534710,-13.59165,2.593799,-0.06145114,-0.1200228,0.8995013,0.1191446,-0.4028605,0.03146774,0.002330506,-0.02288909,0.1121521,0.0005950928,0.9936829,0.03146774,0.002330506,-0.02288909,0.03146774,0.002330506,-0.02288909,0.1121521,0.0005950928,0.9936829,0.1121521,0.0005950928,0.9936829,5.157181,5.157181,True,True,True
1651700,63779589534721,-13.59154,2.593781,-0.06148165,-0.119657,0.8995307,0.1193054,-0.402856,0.03133322,0.002450455,-0.02313953,0.07302856,-0.005187988,0.9973145,0.03133322,0.002450455,-0.02313953,0.03133322,0.002450455,-0.02313953,0.07302856,-0.005187988,0.9973145,0.07302856,-0.005187988,0.9973145,5.202133,5.202133,True,True,True
1651708,63779589534733,-13.59146,2.593741,-0.06152791,-0.1192768,0.8996063,0.1195218,-0.4027358,0.03122994,0.002801621,-0.0243073,0.04658508,-0.02406311,0.9986115,0.03122994,0.002801621,-0.0243073,0.03122994,0.002801621,-0.0243073,0.04658508,-0.02406311,0.9986115,0.04658508,-0.02406311,0.9986115,5.189194,5.189194,True,True,True
1651717,63779589534733,-13.59146,2.593741,-0.06152791,-0.1192768,0.8996063,0.1195218,-0.4027358,0.03127937,0.00262825,-0.02376498,0.06256104,-0.01463318,0.9979248,0.03127937,0.00262825,-0.02376498,0.03127937,0.00262825,-0.02376498,0.06256104,-0.01463318,0.9979248,0.06256104,-0.01463318,0.9979248,5.178711,5.178711,True,True,True
1651725,63779589534744,-13.59134,2.593705,-0.0615927,-0.1189379,0.8996224,0.1197061,-0.4027453,0.0313179,0.00245488,-0.02322269,0.07606506,-0.004882813,0.9970856,0.0313179,0.00245488,-0.02322269,0.0313179,0.00245488,-0.02322269,0.07606506,-0.004882813,0.9970856,0.07606506,-0.004882813,0.9970856,5.242142,5.242142,True,True,True
1651733,63779589534755,-13.59125,2.593642,-0.0616464,-0.1187198,0.8996086,0.1200899,-0.4027263,0.03131679,0.002454086,-0.02321162,0.07652283,-0.005935669,0.9970398,0.03131679,0.002454086,-0.02321162,0.03131679,0.002454086,-0.02321162,0.07652283,-0.005935669,0.9970398,0.07652283,-0.005935669,0.9970398,5.241241,5.241241,True,True,True
1651742,63779589534766,-13.59118,2.593636,-0.06170249,-0.1185716,0.899594,0.1203849,-0.4027142,0.03132233,0.002438583,-0.02313165,0.08773804,-0.01156616,0.9960632,0.03132233,0.002438583,-0.02313165,0.03132233,0.002438583,-0.02313165,0.08773804,-0.01156616,0.9960632,0.08773804,-0.01156616,0.9960632,5.158279,5.158279,True,True,True
1651750,63779589534766,-13.59118,2.593636,-0.06170249,-0.1185716,0.899594,0.1203849,-0.4027142,0.03130206,0.002476364,-0.02328644,0.07707214,-0.01625061,0.9968872,0.03130206,0.002476364,-0.02328644,0.03130206,0.002476364,-0.02328644,0.07707214,-0.01625061,0.9968872,0.07707214,-0.01625061,0.9968872,5.203186,5.203186,True,True,True
1651758,63779589534777,-13.5911,2.593525,-0.06175214,-0.1185227,0.8995692,0.1208032,-0.402659,0.03130583,0.002458756,-0.02323718,0.07260132,-0.01670837,0.9972076,0.03130583,0.002458756,-0.02323718,0.03130583,0.002458756,-0.02323718,0.07260132,-0.01670837,0.9972076,0.07260132,-0.01670837,0.9972076,5.236771,5.236771,True,True,True
1651767,63779589534788,-13.59105,2.593407,-0.06180018,-0.1184969,0.8995888,0.121108,-0.402531,0.03129717,0.00243866,-0.02321161,0.06860352,-0.02069092,0.9974213,0.03129717,0.00243866,-0.02321161,0.03129717,0.00243866,-0.02321161,0.06860352,-0.02069092,0.9974213,0.06860352,-0.02069092,0.9974213,5.319077,5.319077,True,True,True
1651775,63779589534799,-13.59091,2.593296,-0.06182092,-0.1184228,0.8996194,0.1211198,-0.402481,0.03130533,0.002396408,-0.02309461,0.07489014,-0.01286316,0.9971008,0.03130533,0.002396408,-0.02309461,0.03130533,0.002396408,-0.02309461,0.07489014,-0.01286316,0.9971008,0.07489014,-0.01286316,0.9971008,5.274918,5.274918,True,True,True
1651783,63779589534799,-13.59091,2.593296,-0.06182092,-0.1184228,0.8996194,0.1211198,-0.402481,0.03130824,0.002380585,-0.02304826,0.07687378,-0.01316833,0.9969482,0.03130824,0.002380585,-0.02304826,0.03130824,0.002380585,-0.02304826,0.07687378,-0.01316833,0.9969482,0.07687378,-0.01316833,0.9969482,5.290161,5.290161,True,True,True
1651792,63779589534811,-13.59081,2.593201,-0.06184012,-0.1182945,0.8996728,0.1212297,-0.4023663,0.03131116,0.002364746,-0.02300192,0.07879639,-0.01341248,0.9967957,0.03131116,0.002364746,-0.02300192,0.03131116,0.002364746,-0.02300192,0.07879639,-0.01341248,0.9967957,0.07879639,-0.01341248,0.9967957,5.293762,5.293762,True,True,True
1651800,63779589534822,-13.59066,2.593094,-0.06187427,-0.1184671,0.8996953,0.1212415,-0.4022616,0.0313161,0.002345078,-0.02294083,0.08110046,-0.0115509,0.9966278,0.0313161,0.002345078,-0.02294083,0.0313161,0.002345078,-0.02294083,0.08110046,-0.0115509,0.9966278,0.08110046,-0.0115509,0.9966278,5.302994,5.302994,True,True,True
1651808,63779589534834,-13.59055,2.59296,-0.06192183,-0.1185432,0.8997095,0.1211463,-0.4022362,0.03132105,0.002325394,-0.02287973,0.08149719,-0.0110321,0.9965973,0.03132105,0.002325394,-0.02287973,0.03132105,0.002325394,-0.02287973,0.08149719,-0.0110321,0.9965973,0.08149719,-0.0110321,0.9965973,5.311264,5.311264,True,True,True
1651817,63779589534834,-13.59055,2.59296,-0.06192183,-0.1185432,0.8997095,0.1211463,-0.4022362,0.03132129,0.002318695,-0.02285965,0.08088684,-0.01423645,0.9966125,0.03132129,0.002318695,-0.02285965,0.03132129,0.002318695,-0.02285965,0.08088684,-0.01423645,0.9966125,0.08088684,-0.01423645,0.9966125,5.307068,5.307068,True,True,True
1651825,63779589534845,-13.59049,2.592893,-0.06184322,-0.118661,0.8996969,0.1209909,-0.4022763,0.03132105,0.002311981,-0.02283957,0.08015442,-0.01741028,0.9966278,0.03132105,0.002311981,-0.02283957,0.03132105,0.002311981,-0.02283957,0.08015442,-0.01741028,0.9966278,0.08015442,-0.01741028,0.9966278,5.302597,5.302597,True,True,True
1651833,63779589534856,-13.59037,2.59288,-0.06184042,-0.118775,0.8997747,0.1207627,-0.4021371,0.03132129,0.002311386,-0.02283605,0.07977295,-0.0184021,0.9966278,0.03132129,0.002311386,-0.02283605,0.03132129,0.002311386,-0.02283605,0.07977295,-0.0184021,0.9966431,0.07977295,-0.0184021,0.9966431,5.305328,5.305328,True,True,True
1651842,63779589534867,-13.5902,2.592868,-0.06184006,-0.1188428,0.8998464,0.1204598,-0.4020477,0.03132153,0.002310791,-0.02283251,0.07939148,-0.01948547,0.9966431,0.03132153,0.002310791,-0.02283251,0.03132153,0.002310791,-0.02283251,0.07939148,-0.01948547,0.9966431,0.07939148,-0.01948547,0.9966431,5.307831,5.307831,True,True,True
1651850,63779589534867,-13.5902,2.592868,-0.06184006,-0.1188428,0.8998464,0.1204598,-0.4020477,0.03132158,0.00230716,-0.0228225,0.07933044,-0.01824951,0.9966736,0.03132158,0.00230716,-0.0228225,0.03132158,0.00230716,-0.0228225,0.07933044,-0.01824951,0.9966736,0.07933044,-0.01824951,0.9966736,5.308868,5.308868,True,True,True
1651858,63779589534879,-13.59006,2.59283,-0.06181741,-0.1188585,0.8999627,0.1201204,-0.401884,0.03132163,0.002303528,-0.0228125,0.07940674,-0.01887512,0.9966583,0.03132163,0.002303528,-0.0228125,0.03132163,0.002303528,-0.0228125,0.07940674,-0.01887512,0.9966583,0.07940674,-0.01887512,0.9966583,5.309525,5.309525,True,True,True
1651867,63779589534879,-13.59006,2.59283,-0.06181741,-0.1188585,0.8999627,0.1201204,-0.401884,0.0313227,0.002294388,-0.02277071,0.0796051,-0.01843262,0.9966431,0.0313227,0.002294388,-0.02277071,0.0313227,0.002294388,-0.02277071,0.0796051,-0.01843262,0.9966431,0.0796051,-0.01843262,0.9966431,5.310867,5.310867,True,True,True
1651875,63779589534900,-13.58993,2.592833,-0.06177074,-0.1186787,0.9001759,0.1193516,-0.4016887,0.03132375,0.002285248,-0.02272891,0.07992554,-0.0178833,0.9966278,0.03132375,0.002285248,-0.02272891,0.03132375,0.002285248,-0.02272891,0.07992554,-0.0178833,0.9966278,0.07992554,-0.0178833,0.9966278,5.312714,5.312714,True,True,True
1651883,63779589534900,-13.58993,2.592833,-0.06177074,-0.1186787,0.9001759,0.1193516,-0.4016887,0.03134624,0.002269959,-0.02275163,0.08651733,-0.01194763,0.99617,0.03134624,0.002269959,-0.02275163,0.03134624,0.002269959,-0.02275163,0.08651733,-0.01194763,0.99617,0.08651733,-0.01194763,0.99617,5.312546,5.312546,True,True,True
1651892,63779589534913,-13.58968,2.592757,-0.06174117,-0.1185545,0.9004267,0.1187857,-0.4013311,0.03136353,0.002261826,-0.02277435,0.09172058,-0.008026123,0.9957428,0.03136353,0.002261826,-0.02277435,0.03136353,0.002261826,-0.02277435,0.09172058,-0.008026123,0.9957428,0.09172058,-0.008026123,0.9957428,5.317047,5.317047,True,True,True
1651900,63779589534924,-13.58959,2.592797,-0.06168884,-0.1185799,0.9005269,0.1186951,-0.4011254,0.03136348,0.002261826,-0.02277435,0.09172058,-0.008071899,0.9957428,0.03136353,0.002261826,-0.02277435,0.03136353,0.002261826,-0.02277435,0.09172058,-0.008071899,0.9957428,0.09172058,-0.008071899,0.9957428,5.317429,5.317429,True,True,True
1651908,63779589534924,-13.58959,2.592797,-0.06168884,-0.1185799,0.9005269,0.1186951,-0.4011254,0.005457306,0.002698807,-0.02281822,0.09194946,-0.008743286,0.9957123,0.03136353,0.002254654,-0.02272891,0.03136353,0.002254654,-0.02272891,0.09173584,-0.00920105,0.9957275,0.09173584,-0.00920105,0.9957275,5.323318,5.323318,True,True,True
1651917,63779589534936,-13.58948,2.592791,-0.06164336,-0.1185237,0.9006425,0.1186149,-0.4009063,0.005253403,0.002699967,-0.02281662,0.0919342,-0.008270264,0.9957275,0.03136353,0.002250656,-0.02272891,0.03136353,0.002250656,-0.02272891,0.0917511,-0.007995605,0.9957428,0.0917511,-0.007995605,0.9957428,5.326324,5.326324,True,True,True
1651925,63779589534946,-13.58937,2.592804,-0.06160945,-0.1185616,0.9007182,0.1186177,-0.400724,0.00500177,0.002704163,-0.02281516,0.09185791,-0.008529663,0.9957275,0.03136353,0.002250656,-0.02272891,0.03136353,0.002250656,-0.02272891,0.09173584,-0.008071899,0.9957428,0.09173584,-0.008071899,0.9957428,5.323975,5.323975,True,True,True
1651933,63779589534957,-13.58925,2.592801,-0.061593,-0.1186382,0.9007264,0.1188013,-0.4006285,0.005573303,0.002692124,-0.02280766,0.09449768,-0.008346558,0.9954834,0.03136353,0.002247605,-0.02272234,0.03136353,0.002247605,-0.02272234,0.0965271,-0.007629395,0.9953003,0.0965271,-0.007629395,0.9953003,5.325012,5.325012,True,True,True
1651942,63779589534957,-13.58925,2.592801,-0.061593,-0.1186382,0.9007264,0.1188013,-0.4006285,0.0063331,0.002678528,-0.02280396,0.09490967,-0.008346558,0.9954376,0.03136353,0.002247605,-0.0227169,0.03136353,0.002247605,-0.0227169,0.09724426,-0.007843018,0.995224,0.09724426,-0.007843018,0.995224,5.327698,5.327698,True,True,True
1651950,63779589534969,-13.58913,2.592729,-0.06152606,-0.1186121,0.9007312,0.1191131,-0.4005328,0.006739884,0.002671601,-0.02280444,0.09513855,-0.007949829,0.9954224,0.03136353,0.002246918,-0.02271646,0.03136353,0.002246918,-0.02271646,0.09797668,-0.006713867,0.995163,0.09797668,-0.006713867,0.995163,5.328903,5.328903,True,True,True
1651958,63779589534980,-13.58893,2.592705,-0.06150645,-0.1185296,0.900669,0.1193496,-0.4006268,0.006582642,0.002674759,-0.02280718,0.09498596,-0.007492065,0.9954376,0.03135887,0.002246918,-0.02271646,0.03135887,0.002246918,-0.02271646,0.09738159,-0.00642395,0.995224,0.09738159,-0.00642395,0.995224,5.3311,5.3311,True,True,True
1651967,63779589534991,-13.58883,2.592697,-0.0614655,-0.1185309,0.9006404,0.1196478,-0.4006018,0.02960083,0.001995133,-0.02166998,0.0899353,0.003326416,0.9959412,0.03102332,0.001952027,-0.02159606,0.03102332,0.001952027,-0.02159606,0.09024048,0.004150391,0.9959106,0.09024048,0.004150391,0.9959106,5.420319,5.420319,True,True,True
1651975,63779589534991,-13.58883,2.592697,-0.0614655,-0.1185309,0.9006404,0.1196478,-0.4006018,0.03024808,0.002087143,-0.02214623,0.0925293,0.01594543,0.995575,0.03039372,0.002083481,-0.0221415,0.03039372,0.002083481,-0.0221415,0.09230042,0.01596069,0.9955902,0.09230042,0.01596069,0.9955902,5.434998,5.434998,True,True,True
1651983,63779589535002,-13.58871,2.592682,-0.0613904,-0.1184511,0.9006182,0.1198006,-0.4006296,0.02989055,0.002269943,-0.02278366,0.151886,0.0287323,0.9879761,0.0298947,0.002269852,-0.02278356,0.0298947,0.002269852,-0.02278356,0.1518707,0.0287323,0.9879761,0.1518707,0.0287323,0.9879761,5.474167,5.474167,True,True,True
1651991,63779589535013,-13.5886,2.592654,-0.06136942,-0.1183544,0.9004707,0.1201895,-0.400873,0.02953655,0.002367005,-0.02294435,0.230896,0.03800964,0.972229,0.02953696,0.002366989,-0.02294435,0.02953696,0.002366989,-0.02294435,0.230896,0.03800964,0.972229,0.230896,0.03800964,0.972229,5.366165,5.366165,True,True,True
1652000,63779589535024,-13.5885,2.592686,-0.061306,-0.1184827,0.9003369,0.120556,-0.4010257,0.02918001,0.002432068,-0.02305962,0.2952576,0.05241394,0.9539642,0.02918018,0.002432068,-0.02305962,0.02918018,0.002432068,-0.02305962,0.2952576,0.05241394,0.9539642,0.2952576,0.05241394,0.9539642,5.407547,5.407547,True,True,True
1652008,63779589535024,-13.5885,2.592686,-0.061306,-0.1184827,0.9003369,0.120556,-0.4010257,0.02887827,0.002446335,-0.02320578,0.3360138,0.07827759,0.9385834,0.02887871,0.00244632,-0.02320578,0.02887871,0.00244632,-0.02320578,0.3360138,0.07827759,0.9385834,0.3360138,0.07827759,0.9385834,5.491745,5.491745,True,True,True
1652016,63779589535035,-13.58838,2.592731,-0.06123453,-0.1184576,0.9002174,0.1208492,-0.4012132,0.02865848,0.002584671,-0.0232997,0.39534,0.07015991,0.9158478,0.0286653,0.002584534,-0.02329953,0.0286653,0.002584534,-0.02329953,0.3953247,0.07015991,0.9158478,0.3953247,0.07015991,0.9158478,5.419464,5.419464,True,True,True
1652025,63779589535047,-13.5883,2.592711,-0.06111687,-0.118501,0.9000735,0.1212886,-0.4013905,0.02695152,0.002631867,-0.02346954,0.4367218,0.06520081,0.8972168,0.02834497,0.002603424,-0.0234361,0.02834497,0.002603424,-0.0234361,0.4350433,0.06546021,0.8980103,0.4350433,0.06546021,0.8980103,5.580505,5.580505,True,True,True
1652033,63779589535058,-13.58821,2.592722,-0.06104392,-0.1185328,0.8999444,0.1215723,-0.4015845,-0.01943915,0.003596665,-0.02473509,0.5313416,0.05410767,0.8454132,0.02803862,0.002602615,-0.02361572,0.02803862,0.002602615,-0.02361572,0.456543,0.1046143,0.8835144,0.456543,0.1046143,0.8835144,5.409012,5.409012,True,True,True
1652041,63779589535058,-13.58821,2.592722,-0.06104392,-0.1185328,0.8999444,0.1215723,-0.4015845,-0.0293698,0.003806931,-0.02508643,0.574295,0.03379822,0.8179321,0.02787232,0.002710281,-0.02376483,0.02787232,0.002710281,-0.02376483,0.5339813,0.08485413,0.841217,0.5339813,0.08485413,0.841217,5.638855,5.638855,True,True,True
1652050,63779589535069,-13.58814,2.592772,-0.06098336,-0.1185473,0.8998364,0.1220155,-0.4016879,-0.01390292,0.003534241,-0.02488199,0.5944214,0.0579071,0.8020477,0.02766738,0.002770325,-0.02388345,0.02766738,0.002770325,-0.02388345,0.5585938,0.07223511,0.8262787,0.5585938,0.07223511,0.8262787,5.718552,5.718552,True,True,True
1652058,63779589535080,-13.58804,2.592802,-0.06091595,-0.1186379,0.8996454,0.1224237,-0.4019648,-0.008127396,0.003436783,-0.02484929,0.6120148,0.05097961,0.7891846,0.02751155,0.002777252,-0.02400133,0.02751155,0.002777252,-0.02400133,0.575592,0.08187866,0.8136139,0.575592,0.08187866,0.8136139,5.762329,5.762329,True,True,True
1652066,63779589535091,-13.58798,2.592808,-0.06091088,-0.1187539,0.8994712,0.1228549,-0.4021887,0.02741206,0.002809464,-0.02407182,0.5862579,0.08909607,0.805191,0.02741206,0.002809464,-0.02407182,0.02741206,0.002809464,-0.02407182,0.5862579,0.08909607,0.805191,0.5862579,0.08909607,0.805191,5.686859,5.686859,True,True,True
1652075,63779589535091,-13.58798,2.592808,-0.06091088,-0.1187539,0.8994712,0.1228549,-0.4021887,0.02741325,0.00281308,-0.02407439,0.5905609,0.08601379,0.8023834,0.02741325,0.00281308,-0.02407439,0.02741325,0.00281308,-0.02407439,0.5905609,0.08601379,0.8023834,0.5905609,0.08601379,0.8023834,5.636047,5.636047,True,True,True
1652083,63779589535102,-13.58792,2.592815,-0.06076622,-0.1187236,0.8993587,0.1231666,-0.4023539,0.02743283,0.002802628,-0.02404514,0.5836639,0.08364868,0.807663,0.02743283,0.002802628,-0.02404514,0.02743283,0.002802628,-0.02404514,0.5836639,0.08364868,0.807663,0.5836639,0.08364868,0.807663,5.610931,5.610931,True,True,True
1652091,63779589535113,-13.58792,2.592905,-0.06068063,-0.1187956,0.8991874,0.1236069,-0.4025804,0.02744711,0.00280748,-0.02406999,0.5944519,0.09529114,0.7984467,0.02744711,0.00280748,-0.02406999,0.02744711,0.00280748,-0.02406999,0.5944519,0.09529114,0.7984467,0.5944519,0.09529114,0.7984467,5.688187,5.688187,True,True,True
1652100,63779589535124,-13.58788,2.592933,-0.06050324,-0.1188794,0.8989717,0.124152,-0.4028697,0.02745332,0.002789215,-0.02403766,0.5908966,0.07641602,0.8031158,0.02745332,0.002789215,-0.02403766,0.02745332,0.002789215,-0.02403766,0.5908966,0.07641602,0.8031158,0.5908966,0.07641602,0.8031158,5.700912,5.700912,True,True,True
1652108,63779589535135,-13.58786,2.592916,-0.06041461,-0.1189118,0.8987745,0.1246203,-0.4031554,0.02746156,0.002791992,-0.02405055,0.5946198,0.08337402,0.7996521,0.02746156,0.002791992,-0.02405055,0.02746156,0.002791992,-0.02405055,0.5946198,0.08337402,0.7996521,0.5946198,0.08337402,0.7996521,5.619308,5.619308,True,True,True
1652116,63779589535135,-13.58786,2.592916,-0.06041461,-0.1189118,0.8987745,0.1246203,-0.4031554,0.02746809,0.002793289,-0.02403342,0.5899506,0.0827179,0.8031769,0.02746809,0.002793289,-0.02403342,0.02746809,0.002793289,-0.02403342,0.5899506,0.0827179,0.8031769,0.5899506,0.0827179,0.8031769,5.711533,5.711533,True,True,True
1652125,63779589535146,-13.58781,2.592899,-0.06033695,-0.1191178,0.8985246,0.1250676,-0.4035129,0.02747492,0.00280426,-0.02404021,0.5925446,0.08837891,0.8006592,0.02747492,0.00280426,-0.02404021,0.02747492,0.00280426,-0.02404021,0.5925446,0.08837891,0.8006592,0.5925446,0.08837891,0.8006592,5.698517,5.698517,True,True,True
1652133,63779589535158,-13.58773,2.592925,-0.06027591,-0.1193328,0.8983071,0.1254444,-0.4038166,0.02749223,0.002792816,-0.02400536,0.5856018,0.07702637,0.8069153,0.02749223,0.002792816,-0.02400536,0.02749223,0.002792816,-0.02400536,0.5856018,0.07702637,0.8069153,0.5856018,0.07702637,0.8069153,5.665649,5.665649,True,True,True
1652141,63779589535169,-13.58767,2.592938,-0.06015921,-0.1194994,0.898105,0.1257839,-0.404111,0.02750272,0.00278627,-0.02400006,0.5833893,0.08120728,0.8081055,0.02750272,0.00278627,-0.02400006,0.02750272,0.00278627,-0.02400006,0.5833893,0.08120728,0.8081055,0.5833893,0.08120728,0.8081055,5.69722,5.69722,True,True,True
1652150,63779589535169,-13.58767,2.592938,-0.06015921,-0.1194994,0.898105,0.1257839,-0.404111,0.02750865,0.00277977,-0.02400246,0.5872498,0.07867432,0.8055573,0.02750865,0.00277977,-0.02400246,0.02750865,0.00277977,-0.02400246,0.5872498,0.07867432,0.8055573,0.5872498,0.07867432,0.8055573,5.608658,5.608658,True,True,True
1652158,63779589535180,-13.58765,2.592887,-0.05998868,-0.1197708,0.8979012,0.126115,-0.4043803,0.02750681,0.002781601,-0.02402405,0.5932007,0.09136963,0.7998352,0.02750681,0.002781601,-0.02402405,0.02750681,0.002781601,-0.02402405,0.5932007,0.09136963,0.7998352,0.5932007,0.09136963,0.7998352,5.743164,5.743164,True,True,True
1652166,63779589535191,-13.58769,2.592904,-0.0598802,-0.1200195,0.8977358,0.1262016,-0.4046465,0.02751253,0.002769364,-0.02400614,0.5964661,0.07357788,0.7992554,0.02751253,0.002769364,-0.02400614,0.02751253,0.002769364,-0.02400614,0.5964661,0.07357788,0.7992554,0.5964661,0.07357788,0.7992554,5.724106,5.724106,True,True,True
1652175,63779589535191,-13.58769,2.592904,-0.0598802,-0.1200195,0.8977358,0.1262016,-0.4046465,0.02751343,0.00276767,-0.02400166,0.5903015,0.07746887,0.8034363,0.02751343,0.00276767,-0.02400166,0.02751343,0.00276767,-0.02400166,0.5903015,0.07746887,0.8034363,0.5903015,0.07746887,0.8034363,5.69838,5.69838,True,True,True
1652183,63779589535202,-13.58767,2.592866,-0.05971652,-0.1202205,0.8975457,0.1264689,-0.4049253,0.02751431,0.002765961,-0.02399719,0.584198,0.07223511,0.8083801,0.02751431,0.002765961,-0.02399719,0.02751431,0.002765961,-0.02399719,0.584198,0.07223511,0.8083801,0.584198,0.07223511,0.8083801,5.664459,5.664459,True,True,True
1652191,63779589535213,-13.58762,2.592846,-0.05962163,-0.1204354,0.8973817,0.1264665,-0.4052257,0.02751787,0.002762604,-0.02398873,0.5827332,0.07691956,0.8090057,0.02751787,0.002762604,-0.02398873,0.02751787,0.002762604,-0.02398873,0.5827332,0.07691956,0.8090057,0.5827332,0.07691956,0.8090057,5.657257,5.657257,True,True,True
1652200,63779589535224,-13.58763,2.592815,-0.05953473,-0.1206312,0.897269,0.1265465,-0.4053919,0.002953385,0.003232193,-0.02462546,0.6075134,0.06225586,0.7918549,0.02752142,0.002759232,-0.02398026,0.02752142,0.002759232,-0.02398026,0.5838776,0.07286072,0.808548,0.5838776,0.07286072,0.808548,5.651138,5.651138,True,True,True
1652208,63779589535235,-13.58762,2.592765,-0.05946028,-0.1209254,0.8971435,0.1266603,-0.4055463,0.003511948,0.003220642,-0.02460854,0.6052856,0.06570435,0.7932892,0.02752359,0.002757935,-0.02398015,0.02752359,0.002757935,-0.02398015,0.5830994,0.07757568,0.80867,0.5830994,0.07757568,0.80867,5.651764,5.651764,True,True,True
1652216,63779589535235,-13.58762,2.592765,-0.05946028,-0.1209254,0.8971435,0.1266603,-0.4055463,0.003454086,0.003220886,-0.02460982,0.6046906,0.06387329,0.7938843,0.02752574,0.002756638,-0.02398003,0.02752574,0.002756638,-0.02398003,0.582428,0.0758667,0.8093262,0.582428,0.0758667,0.8093262,5.652634,5.652634,True,True,True
1652225,63779589535247,-13.58761,2.592722,-0.05939066,-0.1210986,0.8970249,0.1268938,-0.4056838,0.002783554,0.003228653,-0.02460854,0.6010132,0.0640564,0.7966614,0.0275403,0.002747543,-0.0239469,0.0275403,0.002747543,-0.0239469,0.5751801,0.07537842,0.8145294,0.5751801,0.07537842,0.8145294,5.679932,5.679932,True,True,True
1652233,63779589535258,-13.58758,2.592744,-0.05940527,-0.121299,0.8968464,0.1272315,-0.4059131,0.002236801,0.003240173,-0.02462181,0.6014709,0.06707764,0.7960663,0.0275495,0.002749268,-0.02394519,0.0275495,0.002749268,-0.02394519,0.5757141,0.07730103,0.8139801,0.5757141,0.07730103,0.8139801,5.667252,5.667252,True,True,True
1652241,63779589535258,-13.58758,2.592744,-0.05940527,-0.121299,0.8968464,0.1272315,-0.4059131,0.002187271,0.003242005,-0.02462392,0.6032867,0.06860352,0.7945557,0.02755275,0.002750748,-0.02394849,0.02755275,0.002750748,-0.02394849,0.5791779,0.07931519,0.8113251,0.5791779,0.07931519,0.8113251,5.644699,5.644699,True,True,True
1652250,63779589535269,-13.58759,2.592724,-0.0593735,-0.1216144,0.896683,0.1276182,-0.4060579,0.001937378,0.003247711,-0.02462962,0.6049957,0.06765747,0.793335,0.02755599,0.002752228,-0.02395177,0.02755599,0.002752228,-0.02395177,0.5827637,0.07763672,0.8089142,0.5827637,0.07763672,0.8089142,5.62883,5.62883,True,True,True
1652258,63779589535280,-13.58757,2.592713,-0.05938119,-0.1220106,0.8965014,0.1279034,-0.4062503,0.001922958,0.003248078,-0.0246263,0.6035309,0.06712341,0.7944946,0.02755859,0.002752335,-0.02395011,0.02755859,0.002752335,-0.02395011,0.581131,0.0769043,0.8101501,0.581131,0.0769043,0.8101501,5.649811,5.649811,True,True,True
1652266,63779589535291,-13.58755,2.592696,-0.05934304,-0.1224124,0.8963433,0.127943,-0.4064658,0.00251828,0.003236649,-0.02460889,0.6044617,0.06837463,0.7936859,0.02756119,0.002752426,-0.02395177,0.02756119,0.002752426,-0.02395177,0.5839996,0.07777405,0.8079987,0.5839996,0.07777405,0.8079987,5.630798,5.630798,True,True,True
1652275,63779589535291,-13.58755,2.592696,-0.05934304,-0.1224124,0.8963433,0.127943,-0.4064658,0.003202271,0.003224076,-0.02458988,0.6024475,0.06996155,0.7950745,0.02756383,0.002753189,-0.02395053,0.02756383,0.002753189,-0.02395053,0.5820923,0.07910156,0.8092499,0.5820923,0.07910156,0.8092499,5.62471,5.62471,True,True,True
1652283,63779589535303,-13.58755,2.592722,-0.05932367,-0.1225055,0.896261,0.1279773,-0.4066084,0.004407578,0.003201554,-0.02455704,0.5986176,0.07081604,0.7978821,0.02756647,0.002753952,-0.0239493,0.02756647,0.002753952,-0.0239493,0.5802002,0.08039856,0.8104858,0.5802002,0.08039856,0.8104858,5.618912,5.618912,True,True,True
1652291,63779589535314,-13.58755,2.592716,-0.05931389,-0.122678,0.896178,0.1280892,-0.4067041,0.004480667,0.003200363,-0.02455432,0.5990906,0.07087708,0.7975159,0.0275687,0.002754028,-0.02394887,0.0275687,0.002754028,-0.02394887,0.5811462,0.08061218,0.8097839,0.5811462,0.08061218,0.8097839,5.604446,5.604446,True,True,True
1652300,63779589535325,-13.58749,2.592776,-0.05931896,-0.1225186,0.8961483,0.1279752,-0.4068535,0.004933472,0.003191727,-0.02454219,0.5988007,0.07112122,0.7977142,0.02757091,0.002753952,-0.02394844,0.02757091,0.002753952,-0.02394844,0.5809631,0.08070374,0.809906,0.5809631,0.08070374,0.809906,5.58812,5.58812,True,True,True
1652308,63779589535325,-13.58749,2.592776,-0.05931896,-0.1225186,0.8961483,0.1279752,-0.4068535,0.004790405,0.003194214,-0.0245461,0.598877,0.07305908,0.7974854,0.02757236,0.002753189,-0.02394887,0.02757236,0.002753189,-0.02394887,0.5806274,0.08396912,0.8098145,0.5806274,0.08396912,0.8098145,5.576904,5.576904,True,True,True
1652316,63779589535337,-13.58748,2.592796,-0.05933881,-0.1223591,0.8961506,0.127915,-0.4069153,0.004597092,0.003198074,-0.02455007,0.5986786,0.07466125,0.7974854,0.02757382,0.002752426,-0.0239493,0.02757382,0.002752426,-0.0239493,0.5802917,0.08721924,0.8097076,0.5802917,0.08721924,0.8097076,5.565643,5.565643,True,True,True
1652325,63779589535348,-13.58747,2.59281,-0.05935556,-0.1222175,0.8962172,0.1277098,-0.4068756,0.004315292,0.00320549,-0.02455742,0.5992279,0.07470703,0.7970734,0.02757752,0.002752335,-0.02394933,0.02757752,0.002752335,-0.02394933,0.5810242,0.08700562,0.8092194,0.5810242,0.08700562,0.8092194,5.560516,5.560516,True,True,True
1652333,63779589535359,-13.58743,2.5928,-0.05938125,-0.1220098,0.8962966,0.1275504,-0.4068132,0.004194107,0.003209717,-0.02455983,0.598587,0.07377625,0.7976379,0.02758122,0.002752228,-0.0239493,0.02758122,0.002752228,-0.0239493,0.5817413,0.08670044,0.8087311,0.5817413,0.08670044,0.8087311,5.554977,5.554977,True,True,True
1652341,63779589535359,-13.58743,2.5928,-0.05938125,-0.1220098,0.8962966,0.1275504,-0.4068132,0.004370926,0.003207566,-0.02455019,0.5976563,0.07281494,0.7984161,0.02758261,0.002750748,-0.02394922,0.02758261,0.002750748,-0.02394922,0.5807648,0.08636475,0.8094635,0.5807648,0.08636475,0.8094635,5.510818,5.510818,True,True,True
1652350,63779589535371,-13.58744,2.592779,-0.05940247,-0.1217832,0.8963093,0.1275213,-0.4068622,0.004623428,0.003201752,-0.02454292,0.596344,0.07437134,0.7992706,0.027584,0.002749268,-0.02394913,0.027584,0.002749268,-0.02394913,0.5797882,0.08694458,0.8101044,0.5797882,0.08694458,0.8101044,5.467682,5.467682,True,True,True
1652358,63779589535382,-13.58745,2.592767,-0.05944937,-0.121615,0.8963824,0.1274692,-0.4067677,0.004850251,0.003197266,-0.02453708,0.5954742,0.07514954,0.7998352,0.02758894,0.002749146,-0.02394913,0.02758894,0.002749146,-0.02394913,0.578476,0.08752441,0.8109741,0.578476,0.08752441,0.8109741,5.465561,5.465561,True,True,True
1652366,63779589535393,-13.58751,2.592725,-0.05948359,-0.1215028,0.8964249,0.1273143,-0.4067562,0.004984024,0.003193436,-0.02453316,0.5962372,0.07577515,0.7992096,0.02759494,0.00274701,-0.02394844,0.02759494,0.00274701,-0.02394844,0.5797424,0.08891296,0.8099213,0.5797424,0.08891296,0.8099213,5.458923,5.458923,True,True,True
1652375,63779589535393,-13.58751,2.592725,-0.05948359,-0.1215028,0.8964249,0.1273143,-0.4067562,0.005009171,0.003191162,-0.02453189,0.5964355,0.07723999,0.7989197,0.02759937,0.002743973,-0.02394775,0.02759937,0.002743973,-0.02394775,0.5798492,0.09127808,0.8095703,0.5798492,0.09127808,0.8095703,5.439163,5.439163,True,True,True
1652383,63779589535404,-13.58748,2.592726,-0.05954933,-0.1214977,0.8964541,0.1271077,-0.4067578,0.004920715,0.003191147,-0.02453304,0.595871,0.07830811,0.7992401,0.02760088,0.002741013,-0.02394707,0.02760088,0.002741013,-0.02394707,0.5800934,0.09294128,0.8092194,0.5800934,0.09294128,0.8092194,5.430283,5.430283,True,True,True
1652391,63779589535415,-13.58753,2.592638,-0.05962527,-0.1213343,0.896549,0.1270817,-0.4066056,0.004731659,0.003194901,-0.02453531,0.5964355,0.07865906,0.7987823,0.02760088,0.002741013,-0.02394609,0.02760088,0.002741013,-0.02394609,0.5797272,0.09378052,0.8093872,0.5797272,0.09378052,0.8093872,5.405609,5.405609,True,True,True
1652400,63779589535415,-13.58753,2.592638,-0.05962527,-0.1213343,0.896549,0.1270817,-0.4066056,0.004509796,0.003199295,-0.02454009,0.5950623,0.07826233,0.7998352,0.02760088,0.002741013,-0.02394576,0.02760088,0.002741013,-0.02394576,0.5782471,0.09407043,0.8104095,0.5782471,0.09407043,0.8104095,5.403336,5.403336,True,True,True
1652408,63779589535426,-13.58754,2.592608,-0.05969596,-0.1212561,0.8966721,0.126956,-0.4063968,0.00432457,0.003202972,-0.02454344,0.595108,0.07914734,0.7997284,0.02760088,0.002741013,-0.02394354,0.02760088,0.002741013,-0.02394354,0.578186,0.09588623,0.8102417,0.578186,0.09588623,0.8102417,5.396835,5.396835,True,True,True
1652416,63779589535438,-13.58754,2.592598,-0.05976409,-0.1210271,0.8967581,0.1267761,-0.4063313,0.004156784,0.003205948,-0.02454492,0.5948944,0.07957458,0.7998505,0.02760088,0.002741013,-0.02393904,0.02760088,0.002741013,-0.02393904,0.5776215,0.09666443,0.8105469,0.5776215,0.09666443,0.8105469,5.375092,5.375092,True,True,True
1652425,63779589535449,-13.58756,2.592597,-0.0597977,-0.1209018,0.8968409,0.1267096,-0.4062065,0.00407692,0.003205414,-0.02454651,0.5936737,0.07925415,0.8007813,0.02760088,0.002741013,-0.0239386,0.02760088,0.002741013,-0.0239386,0.5771027,0.09645081,0.8109436,0.5771027,0.09645081,0.8109436,5.343552,5.343552,True,True,True
1652433,63779589535449,-13.58756,2.592597,-0.0597977,-0.1209018,0.8968409,0.1267096,-0.4062065,0.003956482,0.00320755,-0.02454851,0.593689,0.07913208,0.8007813,0.02760088,0.002741013,-0.02393701,0.02760088,0.002741013,-0.02393701,0.5769806,0.09628296,0.8110504,0.5769806,0.09628296,0.8110504,5.330444,5.330444,True,True,True
1652441,63779589535460,-13.58757,2.592591,-0.05986589,-0.1207008,0.89695,0.126513,-0.4060869,0.003935684,0.003207535,-0.02454814,0.5933533,0.08023071,0.8009186,0.02760088,0.002741013,-0.02393604,0.02760088,0.002741013,-0.02393604,0.5764313,0.09806824,0.8112335,0.5764313,0.09806824,0.8112335,5.331467,5.331467,True,True,True
1652450,63779589535471,-13.58756,2.592595,-0.05990601,-0.1204153,0.8970795,0.1261708,-0.4059919,0.003666962,0.003214951,-0.02455426,0.5939941,0.08236694,0.8002319,0.02760024,0.002744827,-0.02393466,0.02760024,0.002744827,-0.02393466,0.5760956,0.1011505,0.8110809,0.5760956,0.1011505,0.8110809,5.318146,5.318146,True,True,True
1652458,63779589535482,-13.58758,2.592636,-0.05995595,-0.1201962,0.8971674,0.1259797,-0.4059219,0.003536545,0.003217469,-0.0245558,0.5932922,0.08247375,0.8007355,0.02759892,0.002745133,-0.0239324,0.02759892,0.002745133,-0.0239324,0.5762634,0.1017151,0.8108978,0.5762634,0.1017151,0.8108978,5.308212,5.308212,True,True,True
1652466,63779589535482,-13.5876,2.592631,-0.05999345,-0.120039,0.8972222,0.1258159,-0.4058983,0.003505448,0.003218323,-0.02455637,0.5941315,0.08287048,0.8000793,0.02759821,0.002745651,-0.02393204,0.02759821,0.002745651,-0.02393204,0.5766144,0.1022797,0.8105774,0.5766144,0.1022797,0.8105774,5.298645,5.298645,True,True,True
1652475,63779589535493,-13.5876,2.592631,-0.05999345,-0.120039,0.8972222,0.1258159,-0.4058983,0.003538483,0.003217972,-0.0245555,0.5939636,0.08459473,0.8000183,0.02759778,0.002746674,-0.02393204,0.02759778,0.002746674,-0.02393204,0.5763245,0.1056213,0.8103638,0.5763245,0.1056213,0.8103638,5.286285,5.286285,True,True,True
1652483,63779589535504,-13.58765,2.592604,-0.05998802,-0.1199139,0.8972636,0.1257087,-0.405877,0.004164582,0.003205719,-0.02453911,0.592041,0.08566284,0.8013306,0.02759615,0.002747604,-0.02393204,0.02759615,0.002747604,-0.02393204,0.5758362,0.1067505,0.8105469,0.5758362,0.1067505,0.8105469,5.278458,5.278458,True,True,True
1652491,63779589535515,-13.58769,2.592599,-0.06000638,-0.1198201,0.8972859,0.1254588,-0.4059327,0.004118027,0.003207489,-0.02454031,0.5924225,0.08547974,0.8010559,0.02759605,0.002749405,-0.02393204,0.02759605,0.002749405,-0.02393204,0.5765991,0.1065063,0.8100433,0.5765991,0.1065063,0.8100433,5.2686,5.2686,True,True,True
1652500,63779589535515,-13.58769,2.592599,-0.06000638,-0.1198201,0.8972859,0.1254588,-0.4059327,0.004125824,0.003206894,-0.02454009,0.5926208,0.08586121,0.8008728,0.02759488,0.002749466,-0.02393204,0.02759488,0.002749466,-0.02393204,0.5770569,0.1069489,0.8096619,0.5770569,0.1069489,0.8096619,5.253174,5.253174,True,True,True
1652508,63779589535527,-13.58774,2.592583,-0.06002486,-0.1199214,0.8972404,0.1253252,-0.4060444,0.004069,0.003208954,-0.02454161,0.593277,0.08488464,0.8004913,0.02759236,0.00275145,-0.02393204,0.02759236,0.00275145,-0.02393204,0.5766449,0.1064148,0.8100128,0.5766449,0.1064148,0.8100128,5.252014,5.252014,True,True,True
1652516,63779589535538,-13.58775,2.592546,-0.06010419,-0.1199265,0.8972582,0.1252602,-0.4060239,0.003988846,0.003209381,-0.02454364,0.5940704,0.08596802,0.7997894,0.02759071,0.002753708,-0.02393204,0.02759071,0.002753708,-0.02393204,0.5782623,0.1078796,0.80867,0.5782623,0.1078796,0.80867,5.254974,5.254974,True,True,True
1652525,63779589535549,-13.58779,2.592529,-0.06012076,-0.1199808,0.8972211,0.1252098,-0.4061051,0.00403508,0.003209824,-0.02454286,0.5941467,0.08666992,0.7996674,0.02759071,0.002756775,-0.0239324,0.02759071,0.002756775,-0.0239324,0.578186,0.1092834,0.808548,0.578186,0.1092834,0.808548,5.249252,5.249252,True,True,True
1652533,63779589535549,-13.58779,2.592529,-0.06012076,-0.1199808,0.8972211,0.1252098,-0.4061051,0.003979797,0.003210465,-0.02454553,0.5940094,0.0867157,0.7997589,0.02759071,0.002758804,-0.02393407,0.02759071,0.002758804,-0.02393407,0.5781555,0.1088409,0.8086243,0.5781555,0.1088409,0.8086243,5.24855,5.24855,True,True,True
1652541,63779589535560,-13.58786,2.592541,-0.06014222,-0.1199878,0.8971859,0.1251622,-0.4061956,0.003752731,0.003212936,-0.02455173,0.5944977,0.08708191,0.7993469,0.02759071,0.002760437,-0.02393408,0.02759071,0.002760437,-0.02393408,0.5781403,0.1085358,0.80867,0.5781403,0.1085358,0.80867,5.248062,5.248062,True,True,True
1652550,63779589535571,-13.58792,2.592524,-0.06015044,-0.1199733,0.8971822,0.1251879,-0.4062001,0.003816727,0.003212647,-0.02455087,0.596283,0.08752441,0.7979736,0.02759071,0.00276207,-0.02393431,0.02759071,0.00276207,-0.02393431,0.5808716,0.1084747,0.8067169,0.5808716,0.1084747,0.8067169,5.251053,5.251053,True,True,True
1652558,63779589535582,-13.58794,2.59253,-0.06014627,-0.1198553,0.8972085,0.1250505,-0.4062192,0.003711411,0.003215729,-0.0245542,0.596756,0.08709717,0.7976685,0.02759071,0.002763931,-0.02393497,0.02759071,0.002763931,-0.02393497,0.5809479,0.1078796,0.8067474,0.5809479,0.1078796,0.8067474,5.257919,5.257919,True,True,True
1652566,63779589535582,-13.58794,2.59253,-0.06014627,-0.1198553,0.8972085,0.1250505,-0.4062192,0.003619156,0.003218536,-0.02455791,0.5968018,0.08821106,0.7975159,0.02759071,0.002765762,-0.02393536,0.02759071,0.002765762,-0.02393536,0.5808563,0.109726,0.8065643,0.5808563,0.109726,0.8065643,5.252319,5.252319,True,True,True
1652575,63779589535593,-13.58798,2.592533,-0.06014323,-0.1197925,0.8971651,0.1249826,-0.4063546,0.003555634,0.003220673,-0.02456108,0.5973969,0.08789063,0.7971039,0.02759071,0.00276738,-0.02393791,0.02759071,0.00276738,-0.02393791,0.5808258,0.1096344,0.8065948,0.5808258,0.1096344,0.8065948,5.252274,5.252274,True,True,True
1652583,63779589535604,-13.58808,2.592587,-0.06008184,-0.1197118,0.8971509,0.1249432,-0.4064216,0.003626968,0.003220123,-0.02455988,0.5975342,0.08761597,0.7970276,0.02759103,0.002768738,-0.02393871,0.02759103,0.002768738,-0.02393871,0.5809631,0.1094666,0.8065186,0.5809631,0.1094666,0.8065186,5.259308,5.259308,True,True,True
1652591,63779589535615,-13.58811,2.592568,-0.06003445,-0.1197265,0.8970819,0.1249446,-0.4065694,0.003621414,0.00322081,-0.0245602,0.5977173,0.08755493,0.7968903,0.02759197,0.002769699,-0.02393897,0.02759197,0.002769699,-0.02393897,0.5812836,0.1093597,0.8063049,0.5812836,0.1093597,0.8063049,5.270279,5.270279,True,True,True
1652600,63779589535615,-13.58811,2.592568,-0.06003445,-0.1197265,0.8970819,0.1249446,-0.4065694,0.003782288,0.003217926,-0.02455724,0.5959778,0.08755493,0.7982025,0.02759409,0.002769928,-0.02393897,0.02759409,0.002769928,-0.02393897,0.5784912,0.1090088,0.8083649,0.5784912,0.1090088,0.8083649,5.268539,5.268539,True,True,True
1652608,63779589535627,-13.58815,2.592569,-0.05997658,-0.1197468,0.8970173,0.1248962,-0.4067206,0.003960922,0.003214981,-0.02455405,0.5958557,0.08747864,0.7982941,0.02759415,0.002770386,-0.02393897,0.02759415,0.002770386,-0.02393897,0.5785217,0.1085358,0.8083954,0.5785217,0.1085358,0.8083954,5.277451,5.277451,True,True,True
1652616,63779589535637,-13.58828,2.592483,-0.05994844,-0.1198229,0.8969362,0.1249484,-0.4068611,0.004039322,0.003213806,-0.02455306,0.5960083,0.08633423,0.7983093,0.02759502,0.002770889,-0.02393897,0.02759502,0.002770889,-0.02393897,0.5788422,0.1063843,0.8084564,0.5788422,0.1063843,0.8084564,5.285339,5.285339,True,True,True
1652625,63779589535649,-13.58832,2.592512,-0.05989206,-0.1198995,0.8968297,0.1249203,-0.4070817,0.004168381,0.003212174,-0.02455011,0.5956116,0.08566284,0.7986755,0.02759515,0.00277208,-0.02393897,0.02759515,0.00277208,-0.02393897,0.5778961,0.1060333,0.8091736,0.5778961,0.1060333,0.8091736,5.321808,5.321808,True,True,True
1652633,63779589535649,-13.58832,2.592512,-0.05989206,-0.1198995,0.8968297,0.1249203,-0.4070817,0.004318497,0.003209732,-0.02454746,0.5957336,0.08496094,0.7986603,0.02759573,0.002772629,-0.02393897,0.02759573,0.002772629,-0.02393897,0.5777283,0.1053162,0.8094025,0.5777283,0.1053162,0.8094025,5.333511,5.333511,True,True,True
1652641,63779589535661,-13.58837,2.592475,-0.05965316,-0.120025,0.8967577,0.1249745,-0.4071868,0.004412445,0.003208206,-0.02454508,0.5957642,0.08435059,0.7987061,0.02759738,0.002772934,-0.02393897,0.02759738,0.002772934,-0.02393897,0.5778198,0.1041107,0.809494,0.5778198,0.1041107,0.809494,5.334763,5.334763,True,True,True
1652650,63779589535670,-13.58837,2.592499,-0.05959672,-0.1200918,0.8967004,0.1250541,-0.4072687,0.004505661,0.003206681,-0.02454237,0.5957947,0.08258057,0.7988586,0.02759779,0.002773285,-0.02393791,0.02759779,0.002773285,-0.02393791,0.5779877,0.1012115,0.8097229,0.5779877,0.1012115,0.8097229,5.335693,5.335693,True,True,True
1652658,63779589535682,-13.58842,2.592524,-0.05951321,-0.1202438,0.8965889,0.1251279,-0.4074467,0.00464682,0.003204422,-0.02453595,0.5956116,0.08166504,0.7990875,0.02759953,0.002773667,-0.02393289,0.02759953,0.002773667,-0.02393289,0.5776672,0.1000671,0.8101044,0.5776672,0.1000671,0.8101044,5.334579,5.334579,True,True,True
1652666,63779589535692,-13.58848,2.59256,-0.05946052,-0.1204111,0.8964958,0.1252832,-0.4075542,0.004602326,0.003205567,-0.02453615,0.5937347,0.08105469,0.8005524,0.02759964,0.002774155,-0.02393126,0.02759964,0.002774155,-0.02393126,0.577713,0.09983826,0.8100891,0.577713,0.09983826,0.8100891,5.335541,5.335541,True,True,True
1652675,63779589535692,-13.58848,2.59256,-0.05946052,-0.1204111,0.8964958,0.1252832,-0.4075542,0.004504654,0.003207306,-0.02453717,0.5931091,0.08076477,0.8010406,0.02760106,0.002774185,-0.02392861,0.02760106,0.002774185,-0.02392861,0.5776367,0.09959412,0.8101807,0.5776367,0.09959412,0.8101807,5.335281,5.335281,True,True,True
1652683,63779589535704,-13.58852,2.592517,-0.05940324,-0.1205204,0.896369,0.1254831,-0.4077396,0.004423615,0.003208969,-0.02453703,0.5937347,0.08058167,0.8005981,0.02760404,0.002774384,-0.02392471,0.02760404,0.002774384,-0.02392471,0.5783997,0.09942627,0.8096619,0.5783997,0.09942627,0.8096619,5.337479,5.337479,True,True,True
1652691,63779589535715,-13.58862,2.592542,-0.05935127,-0.1207315,0.896273,0.1257016,-0.4078206,0.003353134,0.003229233,-0.02456389,0.5955658,0.07975769,0.7993164,0.02760573,0.002774658,-0.0239222,0.02760573,0.002774658,-0.0239222,0.5789337,0.09925842,0.8092957,0.5789337,0.09925842,0.8092957,5.347763,5.347763,True,True,True
1652700,63779589535726,-13.58864,2.592543,-0.05925423,-0.1208694,0.8961627,0.1259446,-0.4079471,0.004619095,0.003205582,-0.02452895,0.5949249,0.08068848,0.7997131,0.02761069,0.002774674,-0.02391962,0.02761069,0.002774674,-0.02391962,0.580246,0.09927368,0.8083649,0.580246,0.09927368,0.8083649,5.360428,5.360428,True,True,True
1652708,63779589535726,-13.58864,2.592543,-0.05925423,-0.1208694,0.8961627,0.1259446,-0.4079471,0.003005615,0.003235977,-0.02456937,0.5958862,0.07907104,0.7991486,0.02761385,0.002774857,-0.02391539,0.02761385,0.002774857,-0.02391539,0.5809479,0.0990448,0.8078766,0.5809479,0.0990448,0.8078766,5.3629,5.3629,True,True,True
1652716,63779589535738,-13.58871,2.592554,-0.05915749,-0.1209595,0.8960748,0.1261816,-0.4080402,0.002889374,0.00323819,-0.02457045,0.5950012,0.07872009,0.7998505,0.0276147,0.002774857,-0.02391185,0.0276147,0.002774857,-0.02391185,0.5791168,0.09858704,0.8092499,0.5791168,0.09858704,0.8092499,5.363861,5.363861,True,True,True
1652725,63779589535749,-13.58878,2.592551,-0.0589934,-0.121013,0.895955,0.1264012,-0.4082195,0.003054672,0.003235382,-0.02456143,0.5956421,0.07875061,0.7993622,0.0276169,0.002774857,-0.0239104,0.0276169,0.002774857,-0.0239104,0.5799713,0.0987854,0.808609,0.5799713,0.0987854,0.808609,5.398438,5.398438,True,True,True
1652733,63779589535749,-13.58878,2.592551,-0.0589934,-0.121013,0.895955,0.1264012,-0.4082195,0.003282333,0.003231323,-0.02455452,0.5948639,0.07888794,0.799942,0.02761728,0.002774857,-0.02390939,0.02761728,0.002774857,-0.02390939,0.5794373,0.09866333,0.809021,0.5794373,0.09866333,0.809021,5.412109,5.412109,True,True,True
1652741,63779589535760,-13.58883,2.592558,-0.05889511,-0.1209712,0.8958914,0.1265925,-0.4083124,0.004497376,0.003208573,-0.02451969,0.5944672,0.08041382,0.8000793,0.02761905,0.002774857,-0.0239074,0.02761905,0.002774857,-0.0239074,0.5791168,0.09957886,0.8091278,0.5791168,0.09957886,0.8091278,5.428421,5.428421,True,True,True
1652750,63779589535771,-13.5889,2.592604,-0.05876046,-0.121056,0.8957531,0.1267773,-0.4085331,0.004363465,0.003211121,-0.02452289,0.5947266,0.08033752,0.7998962,0.02762172,0.002774674,-0.02390701,0.02762172,0.002774674,-0.02390701,0.5791931,0.09963989,0.8090668,0.5791931,0.09963989,0.8090668,5.428589,5.428589,True,True,True
1652758,63779589535782,-13.58893,2.59262,-0.05860287,-0.1211175,0.895669,0.1270462,-0.4086159,0.00429187,0.003213181,-0.02452408,0.5946045,0.08096313,0.7999268,0.02762329,0.002774658,-0.02390592,0.02762329,0.002774658,-0.02390592,0.5796204,0.1006317,0.8086395,0.5796204,0.1006317,0.8086395,5.435516,5.435516,True,True,True
1652766,63779589535782,-13.58893,2.59262,-0.05860287,-0.1211175,0.895669,0.1270462,-0.4086159,0.004201203,0.00321576,-0.02452489,0.5942535,0.08128357,0.8001556,0.02762576,0.002774384,-0.02390424,0.02762576,0.002774384,-0.02390424,0.5784149,0.1004181,0.8095245,0.5784149,0.1004181,0.8095245,5.436401,5.436401,True,True,True
1652775,63779589535793,-13.58898,2.59264,-0.05851084,-0.1212489,0.8955573,0.1272452,-0.4087597,0.004069413,0.00321872,-0.02452596,0.5948029,0.08137512,0.7997284,0.02762808,0.002773209,-0.02390006,0.02762808,0.002773209,-0.02390006,0.5790253,0.1009674,0.809021,0.5790253,0.1009674,0.809021,5.449921,5.449921,True,True,True
1652783,63779589535804,-13.58903,2.592674,-0.0584498,-0.121293,0.8954732,0.1273186,-0.4089082,0.003661621,0.00322638,-0.02453575,0.5941772,0.08091736,0.8002472,0.02762808,0.002773117,-0.0238989,0.02762808,0.002773117,-0.0238989,0.5783844,0.1008759,0.809494,0.5783844,0.1008759,0.809494,5.458572,5.458572,True,True,True
1652791,63779589535815,-13.58909,2.592673,-0.05835742,-0.1213794,0.8954034,0.1274912,-0.4089817,0.004710419,0.003197556,-0.02453394,0.6015167,0.08432007,0.7943726,0.0275669,0.002756943,-0.02391141,0.0275669,0.002756943,-0.02391141,0.5853424,0.09643555,0.8050232,0.5853424,0.09643555,0.8050232,5.673996,5.673996,True,True,True
1652800,63779589535815,-13.58909,2.592673,-0.05835742,-0.1213794,0.8954034,0.1274912,-0.4089817,0.006232758,0.003204758,-0.02450881,0.6003265,0.08514404,0.7951965,0.02752385,0.002796356,-0.02392101,0.02752385,0.002796356,-0.02392101,0.5783386,0.09892273,0.8097687,0.5783386,0.09892273,0.8097687,5.623352,5.623352,True,True,True
1652808,63779589535826,-13.58922,2.59269,-0.05832618,-0.1214983,0.8953058,0.1275971,-0.409127,0.007283859,0.003219269,-0.02447696,0.5955505,0.09078979,0.7981567,0.02752521,0.002827454,-0.02392377,0.02752521,0.002827454,-0.02392377,0.5765228,0.1031036,0.8105316,0.5765228,0.1031036,0.8105316,5.62149,5.62149,True,True,True
1652816,63779589535838,-13.58929,2.592732,-0.05822825,-0.1214975,0.89525,0.1276647,-0.409228,0.00780568,0.003230225,-0.02447089,0.6003723,0.09210205,0.7943878,0.02753432,0.002842514,-0.02393462,0.02753432,0.002842514,-0.02393462,0.5809479,0.1090546,0.8065948,0.5809479,0.1090546,0.8065948,5.597717,5.597717,True,True,True
1652825,63779589535849,-13.58937,2.592708,-0.05817437,-0.1215525,0.895179,0.1279381,-0.4092816,0.007511994,0.003240265,-0.02448991,0.606842,0.08930969,0.7897644,0.02752684,0.002850906,-0.02395154,0.02752684,0.002850906,-0.02395154,0.5909882,0.1052399,0.7997742,0.5909882,0.1052399,0.7997742,5.546616,5.546616,True,True,True
1652833,63779589535849,-13.58937,2.592708,-0.05817437,-0.1215525,0.895179,0.1279381,-0.4092816,0.006941971,0.003246353,-0.02449854,0.600174,0.09057617,0.7947083,0.02752841,0.002846207,-0.0239433,0.02752841,0.002846207,-0.0239433,0.5838318,0.1041107,0.8051605,0.5838318,0.1041107,0.8051605,5.632126,5.632126,True,True,True
1652841,63779589535860,-13.5894,2.592785,-0.05813044,-0.1215516,0.8950853,0.1280864,-0.4094402,0.006107041,0.003257568,-0.02451441,0.5976715,0.09024048,0.7966309,0.02753,0.002841507,-0.02393506,0.02753,0.002841507,-0.02393506,0.582901,0.1060181,0.8055725,0.582901,0.1060181,0.8055725,5.645447,5.645447,True,True,True
1652850,63779589535871,-13.58947,2.592793,-0.05804998,-0.1215241,0.8950426,0.1281422,-0.4095245,0.004952057,0.003281113,-0.02454553,0.6004944,0.09463501,0.7939911,0.02753325,0.002843384,-0.02393738,0.02753325,0.002843384,-0.02393738,0.5831604,0.1139374,0.804306,0.5831604,0.1139374,0.804306,5.671814,5.671814,True,True,True
1652858,63779589535882,-13.58957,2.592778,-0.05798399,-0.1216123,0.8949178,0.128309,-0.4097186,0.003612595,0.003306076,-0.02458196,0.6036835,0.08918762,0.7922058,0.0275365,0.002841507,-0.02393506,0.0275365,0.002841507,-0.02393506,0.5836792,0.106308,0.8049774,0.5836792,0.106308,0.8049774,5.683487,5.683487,True,True,True
1652866,63779589535882,-13.58957,2.592778,-0.05798399,-0.1216123,0.8949178,0.128309,-0.4097186,0.003460541,0.003308792,-0.02458557,0.6035156,0.08747864,0.7925262,0.02753795,0.002841156,-0.02393421,0.02753795,0.002841156,-0.02393421,0.5838928,0.1051483,0.8049774,0.5838928,0.1051483,0.8049774,5.705856,5.705856,True,True,True
1652875,63779589535893,-13.58963,2.592767,-0.05793482,-0.12169,0.8948727,0.1282958,-0.4097982,0.003713654,0.003303803,-0.02457825,0.6036682,0.08802795,0.7923431,0.02753942,0.00284111,-0.02393334,0.02753942,0.00284111,-0.02393334,0.5837708,0.1058655,0.8049622,0.5837708,0.1058655,0.8049622,5.695999,5.695999,True,True,True
1652883,63779589535905,-13.58968,2.592736,-0.0577538,-0.1218383,0.8947841,0.1283943,-0.4099169,0.003601975,0.003306107,-0.0245807,0.6036224,0.08853149,0.7923279,0.02754114,0.002841217,-0.02393151,0.02754114,0.002841217,-0.02393151,0.5834656,0.1059875,0.8051758,0.5834656,0.1059875,0.8051758,5.702911,5.702911,True,True,True
1652891,63779589535916,-13.58973,2.592705,-0.05761391,-0.1220521,0.8947617,0.1284077,-0.4098978,0.003602814,0.003306229,-0.02458006,0.6031647,0.08802795,0.7927246,0.02754286,0.002841324,-0.02392966,0.02754286,0.002841324,-0.02392966,0.5831299,0.1060028,0.8054199,0.5831299,0.1060028,0.8054199,5.704926,5.704926,True,True,True
1652900,63779589535916,-13.58973,2.592705,-0.05761391,-0.1220521,0.8947617,0.1284077,-0.4098978,0.003458725,0.003309204,-0.02458289,0.6022644,0.0892334,0.7932892,0.02754428,0.002841416,-0.02392809,0.02754428,0.002841416,-0.02392809,0.5819702,0.1076202,0.8060455,0.5819702,0.1076202,0.8060455,5.703644,5.703644,True,True,True
1652908,63779589535927,-13.58978,2.592671,-0.05756199,-0.1221633,0.8947486,0.1285482,-0.4098493,0.003546417,0.003307694,-0.02457942,0.6011658,0.08963013,0.7940674,0.02754569,0.002841507,-0.02392652,0.02754569,0.002841507,-0.02392652,0.5808258,0.1091766,0.8066559,0.5808258,0.1091766,0.8066559,5.702972,5.702972,True,True,True
1652916,63779589535938,-13.58984,2.59268,-0.05752814,-0.1223988,0.8946868,0.1286112,-0.4098942,0.003541947,0.003308518,-0.02457913,0.6009521,0.08998108,0.7941895,0.02754648,0.002841873,-0.02392626,0.02754648,0.002841873,-0.02392626,0.5808716,0.1092377,0.8066101,0.5808716,0.1092377,0.8066101,5.70433,5.70433,True,True,True
1652925,63779589535950,-13.58989,2.592658,-0.05748987,-0.1226726,0.8946291,0.1287447,-0.4098963,0.003453461,0.003319855,-0.02457826,0.6004333,0.09178162,0.7943726,0.02756473,0.002857193,-0.02392056,0.02756473,0.002857193,-0.02392056,0.5801392,0.1136169,0.8065338,0.5801392,0.1136169,0.8065338,5.467178,5.467178,True,True,True
1652933,63779589535950,-13.58989,2.592658,-0.05748987,-0.1226726,0.8946291,0.1287447,-0.4098963,0.003447403,0.003307373,-0.02455907,0.604538,0.08517456,0.7919922,0.02760037,0.002843399,-0.0238997,0.02760037,0.002843399,-0.0238997,0.586319,0.1066437,0.803009,0.586319,0.1066437,0.803009,5.750244,5.750244,True,True,True
1652941,63779589535961,-13.58993,2.592624,-0.05745369,-0.1229151,0.8945209,0.1289423,-0.4099976,0.002494492,0.00332666,-0.02448432,0.5784149,0.08995056,0.8107605,0.02780608,0.002825562,-0.02378188,0.02780608,0.002825562,-0.02378188,0.5542145,0.1096649,0.8251038,0.5542145,0.1096649,0.8251038,5.61586,5.61586,True,True,True
1652950,63779589535972,-13.58986,2.592612,-0.05739111,-0.1232085,0.8944752,0.1289663,-0.4100019,0.0008868561,0.003404968,-0.02434032,0.5373688,0.07572937,0.83992,0.02816211,0.002843949,-0.02359462,0.02816211,0.002843949,-0.02359462,0.4992371,0.1073914,0.8597717,0.4992371,0.1073914,0.8597717,5.592804,5.592804,True,True,True
1652958,63779589535983,-13.58988,2.592645,-0.05738771,-0.1233085,0.8943889,0.1289734,-0.4101577,-0.001647263,0.003498154,-0.02424167,0.4914551,0.08297729,0.8669281,0.02855422,0.002872177,-0.02343309,0.02855422,0.002872177,-0.02343309,0.4546814,0.09992981,0.8850098,0.4546814,0.09992981,0.8850098,5.625336,5.625336,True,True,True
1652966,63779589535983,-13.58988,2.592645,-0.05738771,-0.1233085,0.8943889,0.1289734,-0.4101577,0.01658548,0.003136673,-0.02364545,0.4208069,0.08790588,0.9028778,0.02888039,0.002857712,-0.02334931,0.02888039,0.002857712,-0.02334931,0.4055328,0.1136322,0.9069824,0.4055328,0.1136322,0.9069824,5.521072,5.521072,True,True,True
1652975,63779589535994,-13.58987,2.592665,-0.05741322,-0.1234531,0.8943996,0.1289411,-0.410101,-0.02865621,0.004308899,-0.02464252,0.4619293,-0.008880615,0.8868561,0.02924526,0.002979737,-0.02328474,0.02924526,0.002979737,-0.02328474,0,0,0,0,0,0,-1,-1,True,True,True
1652983,63779589536005,-13.58989,2.59268,-0.0573796,-0.1234094,0.8944023,0.1290018,-0.4100892,-0.02841907,0.00447435,-0.02442062,0.4027405,-0.09934998,0.9098969,0.02957787,0.002874237,-0.02318947,0.02957787,0.002874237,-0.02318947,0,0,0,0,0,0,-1,-1,True,True,True
1652991,63779589536016,-13.5899,2.592708,-0.05737394,-0.1233775,0.8943464,0.1289792,-0.410228,-0.001,-0.001,-0.001,1,-1,-1,0.02994235,0.002956635,-0.02294271,0.02994235,0.002956635,-0.02294271,0,0,0,0,0,0,-1,-1,False,True,True
1653000,63779589536016,-13.5899,2.592708,-0.05737394,-0.1233775,0.8943464,0.1289792,-0.410228,-0.001,-0.001,-0.001,1,-1,-1,0.03049139,0.00208432,-0.02057282,0.03049139,0.00208432,-0.02057282,0,0,0,0,0,0,-1,-1,False,True,True
1653008,63779589536027,-13.58989,2.592699,-0.05729693,-0.1230871,0.894405,0.1288627,-0.4102239,-0.001,-0.001,-0.001,1,-1,-1,0.03066443,0.001032562,-0.01554686,0.03066443,0.001032562,-0.01554686,0,0,0,0,0,0,-1,-1,False,True,True
1653016,63779589536038,-13.5899,2.59271,-0.0572862,-0.1229281,0.8944601,0.1288833,-0.4101451,-0.001,-0.001,-0.001,1,-1,-1,0.03066443,0.001032562,-0.01554686,0.03066443,0.001032562,-0.01554686,0,0,0,0,0,0,-1,-1,False,False,False
1653025,63779589536049,-13.5899,2.59273,-0.05726808,-0.1227645,0.8945602,0.1287606,-0.4100143,-0.001,-0.001,-0.001,1,-1,-1,0.03133696,0.001024719,-0.02310445,0.03133696,0.001024719,-0.02310445,0,0,0,0,0,0,-1,-1,False,True,True
1653033,63779589536049,-13.5899,2.59273,-0.05726808,-0.1227645,0.8945602,0.1287606,-0.4100143,-0.001,-0.001,-0.001,1,-1,-1,0.03133696,0.001024719,-0.02310445,0.03133696,0.001024719,-0.02310445,0,0,0,0,0,0,-1,-1,False,False,False
1653041,63779589536060,-13.58989,2.592742,-0.05726224,-0.1225955,0.8946167,0.1287545,-0.4099435,-0.001,-0.001,-0.001,1,-1,-1,0.03243848,0.0001047821,-0.02221387,0.03243848,0.0001047821,-0.02221387,0,0,0,0,0,0,-1,-1,False,True,True
1653050,63779589536072,-13.58982,2.592741,-0.05727142,-0.1223512,0.8946768,0.1287004,-0.4099023,-0.001,-0.001,-0.001,1,-1,-1,0.0310921,0.002866196,-0.02287219,0.0310921,0.002866196,-0.02287219,0,0,0,0,0,0,-1,-1,False,True,True
1653058,63779589536083,-13.58981,2.592747,-0.05728668,-0.1222261,0.8947484,0.128592,-0.4098172,-0.001,-0.001,-0.001,1,-1,-1,0.03143442,0.003557633,-0.02685756,0.03143442,0.003557633,-0.02685756,0,0,0,0,0,0,-1,-1,False,True,True
1653066,63779589536094,-13.58978,2.592751,-0.05729282,-0.1221639,0.8948385,0.1284712,-0.4096771,-0.001,-0.001,-0.001,1,-1,-1,0.03052423,0.000954834,-0.01306259,0.03052423,0.000954834,-0.01306259,0,0,0,0,0,0,-1,-1,False,True,True
1653075,63779589536094,-13.58978,2.592751,-0.05729282,-0.1221639,0.8948385,0.1284712,-0.4096771,-0.001,-0.001,-0.001,1,-1,-1,0.0305822,0.002629959,-0.02027751,0.0305822,0.002629959,-0.02027751,0,0,0,0,0,0,-1,-1,False,True,True
1653083,63779589536105,-13.58973,2.592749,-0.05731112,-0.122011,0.8948794,0.1284025,-0.4096547,-0.001,-0.001,-0.001,1,-1,-1,0.03084979,0.002627976,-0.02013867,0.03084979,0.002627976,-0.02013867,0,0,0,0,0,0,-1,-1,False,True,True
1653091,63779589536116,-13.58968,2.592765,-0.05730915,-0.1218883,0.8949709,0.128331,-0.4095137,-0.001,-0.001,-0.001,1,-1,-1,0.03093062,0.002652252,-0.01975339,0.03093062,0.002652252,-0.01975339,0,0,0,0,0,0,-1,-1,False,True,True
1653100,63779589536127,-13.58967,2.592733,-0.05721408,-0.1216677,0.895108,0.128195,-0.4093224,-0.001,-0.001,-0.001,1,-1,-1,0.03082506,0.003079651,-0.02310188,0.03082506,0.003079651,-0.02310188,0,0,0,0,0,0,-1,-1,False,True,True
1653108,63779589536127,-13.58967,2.592733,-0.05721408,-0.1216677,0.895108,0.128195,-0.4093224,-0.001,-0.001,-0.001,1,-1,-1,0.03080168,0.003078995,-0.02310475,0.03080168,0.003078995,-0.02310475,0,0,0,0,0,0,-1,-1,False,True,True
1653116,63779589536138,-13.58964,2.59275,-0.05722135,-0.1214123,0.8952715,0.1280368,-0.40909,-0.001,-0.001,-0.001,1,-1,-1,0.03071291,0.003000916,-0.02289157,0.03071291,0.003000916,-0.02289157,0,0,0,0,0,0,-1,-1,False,True,True
1653125,63779589536150,-13.58958,2.592767,-0.05731332,-0.1212526,0.895425,0.127877,-0.4088513,-0.02732031,0.004238419,-0.02407822,0.123764,-0.03500366,0.991684,0.03070032,0.002926712,-0.0227013,0.03070032,0.002926712,-0.0227013,0.1231995,0.06863403,0.9899902,0.1231995,0.06863403,0.9899902,5.432892,5.432892,True,True,True
1653133,63779589536160,-13.58952,2.592746,-0.05731589,-0.1209499,0.8955932,0.1276592,-0.4086405,-0.02732648,0.00422879,-0.02411951,0.1518555,0.02009583,0.9881897,0.0306995,0.0028797,-0.02256433,0.0306995,0.0028797,-0.02256433,0.1145935,0.08758545,0.9895325,0.1145935,0.08758545,0.9895325,5.572495,5.572495,True,True,True
1653141,63779589536160,-13.58952,2.592746,-0.05731589,-0.1209499,0.8955932,0.1276592,-0.4086405,-0.02731333,0.004267532,-0.02411615,0.1609192,0.02992249,0.9865112,0.03067719,0.002858521,-0.02258902,0.03067719,0.002858521,-0.02258902,0.1098328,0.1042023,0.9884644,0.1098328,0.1042023,0.9884644,5.631271,5.631271,True,True,True
1653150,63779589536171,-13.5895,2.592721,-0.05732727,-0.120703,0.8957915,0.1274862,-0.4083329,-0.02732445,0.004181656,-0.02410327,0.1598206,-0.0025177,0.9871368,0.03068184,0.002765259,-0.02252402,0.03068184,0.002765259,-0.02252402,0.1221313,0.08416748,0.9889221,0.1221313,0.08416748,0.9889221,5.493973,5.493973,True,True,True
1653158,63779589536183,-13.58946,2.592765,-0.05736768,-0.120542,0.8959187,0.1273951,-0.4081296,-0.02734647,0.004171585,-0.02412746,0.1671143,0.01528931,0.9858093,0.03067876,0.002814179,-0.02275112,0.03067876,0.002814179,-0.02275112,0.1161957,0.1052399,0.9876251,0.1161957,0.1052399,0.9876251,5.503433,5.503433,True,True,True
1653166,63779589536194,-13.58941,2.592798,-0.05737978,-0.1205079,0.8959873,0.1273881,-0.4079914,-0.02734967,0.004159287,-0.02411539,0.1475983,0.007080078,0.9890137,0.03065556,0.002756363,-0.0225117,0.03065556,0.002756363,-0.0225117,0.1154938,0.08535767,0.989624,0.1154938,0.08535767,0.989624,5.518097,5.518097,True,True,True
1653175,63779589536194,-13.58941,2.592798,-0.05737978,-0.1205079,0.8959873,0.1273881,-0.4079914,-0.02658112,0.004126907,-0.02410263,0.1447906,0.01530457,0.9893341,0.03062613,0.002779282,-0.0224744,0.03062613,0.002779282,-0.0224744,0.1044464,0.05108643,0.9932098,0.1044464,0.05108643,0.9932098,5.336151,5.336151,True,True,True
1653183,63779589536205,-13.58938,2.592787,-0.05730128,-0.120421,0.8960714,0.1273006,-0.4078594,-0.02560021,0.004092407,-0.02409514,0.1575317,0.03930664,0.9867249,0.03060747,0.002743912,-0.02242362,0.03060747,0.002743912,-0.02242362,0.1020355,0.07794189,0.9917145,0.1020355,0.07794189,0.9917145,5.527725,5.527725,True,True,True
1653191,63779589536215,-13.58929,2.592789,-0.05727541,-0.1203715,0.8961734,0.1272172,-0.407676,-0.02137203,0.003989304,-0.02399918,0.1507263,0.03582764,0.987915,0.03058548,0.002827439,-0.022761,0.03058548,0.002827439,-0.022761,0.1007233,0.07647705,0.9919586,0.1007233,0.07647705,0.9919586,5.531326,5.531326,True,True,True
1653200,63779589536227,-13.58925,2.592741,-0.05728549,-0.1205488,0.8962059,0.1273649,-0.407506,-0.01557233,0.003831497,-0.02381531,0.1484222,0.05696106,0.9872742,0.03060416,0.002738419,-0.02245908,0.03060416,0.002738419,-0.02245908,0.09971619,0.07550049,0.9921417,0.09971619,0.07550049,0.9921417,5.531723,5.531723,True,True,True
1653208,63779589536227,-13.58925,2.592741,-0.05728549,-0.1205488,0.8962059,0.1273649,-0.407506,-0.01589137,0.003805573,-0.02387219,0.1485901,0.0690155,0.9864807,0.03058362,0.002808151,-0.02270967,0.03058362,0.002808151,-0.02270967,0.1074066,0.06617737,0.9920044,0.1074066,0.06617737,0.9920044,5.420441,5.420441,True,True,True
1653216,63779589536238,-13.5892,2.592748,-0.05728585,-0.1205992,0.8962488,0.1273316,-0.4074071,-0.01538365,0.003813156,-0.02384181,0.1480255,0.07029724,0.9864655,0.03059572,0.002774002,-0.0225713,0.03059572,0.002774002,-0.0225713,0.09674072,0.07394409,0.9925537,0.09674072,0.07394409,0.9925537,5.530243,5.530243,True,True,True
1653225,63779589536249,-13.58923,2.592737,-0.05729586,-0.1207984,0.8962376,0.1274497,-0.407336,-0.02740558,0.004056946,-0.02416823,0.1504974,0.06515503,0.9864502,0.03075545,0.002168122,-0.02045807,0.03075545,0.002168122,-0.02045807,0.1444244,0.09757996,0.9846802,0.1444244,0.09757996,0.9846802,5.576096,5.576096,True,True,True
1653233,63779589536249,-13.58923,2.592737,-0.05729586,-0.1207984,0.8962376,0.1274497,-0.407336,-0.02739867,0.004073517,-0.02418111,0.1595612,0.07017517,0.9846802,0.03073778,0.002143356,-0.02040057,0.03073778,0.002143356,-0.02040057,0.1465912,0.09902954,0.9842224,0.1465912,0.09902954,0.9842224,5.622879,5.622879,True,True,True
1653241,63779589536261,-13.58917,2.592736,-0.05730498,-0.120794,0.8962729,0.1275514,-0.4072276,-0.02740129,0.004067902,-0.02417566,0.1574707,0.06306458,0.9855042,0.03073425,0.002175751,-0.02052269,0.03073425,0.002175751,-0.02052269,0.1472626,0.09498596,0.9845123,0.1472626,0.09498596,0.9845123,5.606186,5.606186,True,True,True
1653250,63779589536271,-13.58912,2.592704,-0.0572893,-0.1209422,0.8963415,0.1275547,-0.4070317,-0.02741226,0.003990707,-0.02417526,0.1519318,0.0827179,0.9849091,0.03073074,0.00220816,-0.02064482,0.03073074,0.00220816,-0.02064482,0.147644,0.09103394,0.9848328,0.147644,0.09103394,0.9848328,5.589951,5.589951,True,True,True
1653258,63779589536283,-13.58908,2.592727,-0.05730641,-0.1209924,0.8963389,0.1276057,-0.4070063,-0.02741083,0.004003861,-0.02417476,0.1595612,0.07939148,0.9839783,0.03072753,0.00222583,-0.02071962,0.03072753,0.00222583,-0.02071962,0.1467133,0.09231567,0.984848,0.1467133,0.09231567,0.984848,5.573959,5.573959,True,True,True
1653266,63779589536293,-13.58902,2.592712,-0.05732006,-0.1210486,0.8963293,0.1276777,-0.4069882,-0.02741348,0.004063095,-0.02417865,0.1543579,0.06248474,0.9860229,0.03072432,0.0022435,-0.02079443,0.03072432,0.0022435,-0.02079443,0.1457214,0.09150696,0.9850769,0.1457214,0.09150696,0.9850769,5.583588,5.583588,True,True,True
1653275,63779589536293,-13.58902,2.592712,-0.05732006,-0.1210486,0.8963293,0.1276777,-0.4069882,-0.02741628,0.004060395,-0.0241918,0.1588287,0.07302856,0.9845886,0.03072591,0.00222583,-0.02073303,0.03072591,0.00222583,-0.02073303,0.1464081,0.09204102,0.9849243,0.1464081,0.09204102,0.9849243,5.593826,5.593826,True,True,True
1653283,63779589536306,-13.589,2.59274,-0.05728149,-0.1210715,0.8963469,0.1277309,-0.4069259,-0.02741071,0.00405304,-0.02418997,0.1597748,0.07032776,0.9846344,0.03072432,0.002210922,-0.02071854,0.03072432,0.002210922,-0.02071854,0.1462097,0.09545898,0.9846344,0.1462097,0.09545898,0.9846344,5.604736,5.604736,True,True,True
1653291,63779589536316,-13.58896,2.592753,-0.05723482,-0.1210857,0.8963947,0.1277885,-0.4067983,-0.0274111,0.004045517,-0.02418782,0.1579742,0.06765747,0.9851074,0.03072196,0.002226151,-0.02075649,0.03072196,0.002226151,-0.02075649,0.146347,0.09365845,0.984787,0.146347,0.09365845,0.984787,5.602783,5.602783,True,True,True
1653299,63779589536327,-13.5889,2.592732,-0.05721653,-0.1211052,0.8963364,0.1279357,-0.4068745,-0.0206846,0.003769943,-0.02378075,0.1485138,0.08534241,0.9852142,0.03071957,0.002234055,-0.02079443,0.03071957,0.002234055,-0.02079443,0.1464996,0.09378052,0.9847412,0.1464996,0.09378052,0.9847412,5.602493,5.602493,True,True,True
1653308,63779589536327,-13.5889,2.592732,-0.05721653,-0.1211052,0.8963364,0.1279357,-0.4068745,-0.0167236,0.003646851,-0.02355444,0.1574097,0.08047485,0.9842377,0.0307188,0.002232391,-0.02080325,0.0307188,0.002232391,-0.02080325,0.1475677,0.09434509,0.9845276,0.1475677,0.09434509,0.9845276,5.601517,5.601517,True,True,True
1653316,63779589536338,-13.58885,2.592739,-0.05717224,-0.1210298,0.8963386,0.1280841,-0.4068456,-0.005567383,0.003314469,-0.02291164,0.1546936,0.08551025,0.9842377,0.030718,0.00223262,-0.02081209,0.030718,0.00223262,-0.02081209,0.1486511,0.09432983,0.984375,0.1486511,0.09432983,0.984375,5.600113,5.600113,True,True,True
1653325,63779589536350,-13.5888,2.592772,-0.0571233,-0.1210836,0.8962873,0.1281822,-0.4069118,8.952332E-05,0.003146103,-0.02258415,0.1531525,0.08580017,0.9844666,0.03071668,0.002233338,-0.02081291,0.03071668,0.002233338,-0.02081291,0.1483917,0.09352112,0.9844818,0.1483917,0.09352112,0.9844818,5.592316,5.592316,True,True,True
1653333,63779589536360,-13.5888,2.592787,-0.05707526,-0.1210628,0.8962506,0.1283877,-0.406934,0.00258429,0.003072189,-0.02244087,0.152832,0.08703613,0.9844055,0.03071536,0.002234055,-0.02081374,0.03071536,0.002234055,-0.02081374,0.1482697,0.09289551,0.9845734,0.1482697,0.09289551,0.9845734,5.598892,5.598892,True,True,True
1653341,63779589536360,-13.5888,2.592787,-0.05707526,-0.1210628,0.8962506,0.1283877,-0.406934,0.003903671,0.003033203,-0.02236523,0.1522522,0.08650208,0.9845428,0.03071187,0.002234558,-0.02081412,0.03071187,0.002234558,-0.02081412,0.1470795,0.09138489,0.9848785,0.1470795,0.09138489,0.9848785,5.590302,5.590302,True,True,True
1653350,63779589536372,-13.58876,2.592829,-0.05711275,-0.1209253,0.8962275,0.1284672,-0.4070008,0.0036185,0.003058441,-0.02238342,0.1519775,0.08140564,0.9850159,0.03070838,0.002235077,-0.02081448,0.03070838,0.002235077,-0.02081448,0.1463776,0.09007263,0.9851074,0.1463776,0.09007263,0.9851074,5.596359,5.596359,True,True,True
1653358,63779589536383,-13.58878,2.592791,-0.05710578,-0.1208835,0.8962271,0.1287025,-0.4069396,0.00492128,0.003006622,-0.02231168,0.151535,0.08430481,0.984848,0.03070697,0.002241379,-0.02082243,0.03070697,0.002241379,-0.02082243,0.1459198,0.0881958,0.9853516,0.1459198,0.0881958,0.9853516,5.586777,5.586777,True,True,True
1653366,63779589536394,-13.58875,2.592812,-0.05714494,-0.1209079,0.8961845,0.1288361,-0.4069838,0.006698273,0.002955048,-0.02221062,0.1506348,0.08425903,0.9849854,0.03070503,0.0022435,-0.02082543,0.03070503,0.0022435,-0.02082543,0.1456299,0.08773804,0.9854279,0.1456299,0.08773804,0.9854279,5.593811,5.593811,True,True,True
1653375,63779589536394,-13.58875,2.592812,-0.05714494,-0.1209079,0.8961845,0.1288361,-0.4069838,0.007532441,0.002933045,-0.02216554,0.150589,0.08348083,0.9850616,0.03070299,0.002248169,-0.02083037,0.03070299,0.002248169,-0.02083037,0.1450653,0.08616638,0.9856567,0.1450653,0.08616638,0.9856567,5.592392,5.592392,True,True,True
1653383,63779589536405,-13.58874,2.592826,-0.05708909,-0.1207904,0.8961802,0.1288631,-0.4070198,0.007374283,0.002937058,-0.02217693,0.150116,0.08247375,0.9852142,0.03070224,0.002248169,-0.02083426,0.03070224,0.002248169,-0.02083426,0.1448669,0.08486938,0.9857941,0.1448669,0.08486938,0.9857941,5.591278,5.591278,True,True,True
1653391,63779589536416,-13.58868,2.592877,-0.05707496,-0.1207978,0.8961678,0.1290706,-0.4069792,0.005081833,0.003012772,-0.02236398,0.1497498,0.08302307,0.9852295,0.03069138,0.002264084,-0.02093353,0.03069138,0.002264084,-0.02093353,0.1440277,0.0866394,0.9857635,0.1440277,0.0866394,0.9857635,5.580566,5.580566,True,True,True
1653400,63779589536427,-13.58865,2.592896,-0.05709922,-0.1207817,0.8961372,0.1292807,-0.4069844,-0.001073303,0.003195954,-0.02273625,0.1508484,0.08268738,0.9850769,0.03069049,0.002274918,-0.02099646,0.03069049,0.002274918,-0.02099646,0.1413574,0.08778381,0.9860535,0.1413574,0.08778381,0.9860535,5.569504,5.569504,True,True,True
1653408,63779589536427,-13.58865,2.592896,-0.05709922,-0.1207817,0.8961372,0.1292807,-0.4069844,-0.01848302,0.003707016,-0.02373471,0.1556244,0.08018494,0.9845428,0.03068817,0.002332321,-0.02128922,0.03068817,0.002332321,-0.02128922,0.140213,0.08959961,0.9860535,0.140213,0.08959961,0.9860535,5.557571,5.557571,True,True,True
1653416,63779589536438,-13.58858,2.592973,-0.05707651,-0.1206631,0.8961768,0.1293957,-0.4068959,-0.02467099,0.003879685,-0.02404195,0.1573792,0.07881165,0.984375,0.03068703,0.002332321,-0.02128922,0.03068703,0.002332321,-0.02128922,0.1398926,0.0894165,0.9861145,0.1398926,0.0894165,0.9861145,5.557541,5.557541,True,True,True
1653424,63779589536449,-13.58856,2.593039,-0.05709332,-0.1206293,0.8961611,0.1296025,-0.4068748,-0.0263519,0.003926346,-0.02412506,0.1577301,0.0783844,0.9843597,0.03068675,0.002332321,-0.02129282,0.03068675,0.002332321,-0.02129282,0.1393585,0.08935547,0.9861908,0.1393585,0.08935547,0.9861908,5.542709,5.542709,True,True,True
1653433,63779589536449,-13.58856,2.593039,-0.05709332,-0.1206293,0.8961611,0.1296025,-0.4068748,-0.02685819,0.003938401,-0.02415019,0.1577301,0.07641602,0.9845123,0.03068675,0.002332321,-0.02129282,0.03068675,0.002332321,-0.02129282,0.139801,0.08700562,0.9863434,0.139801,0.08700562,0.9863434,5.555313,5.555313,True,True,True
1653441,63779589536461,-13.58853,2.593044,-0.05711603,-0.120576,0.8961015,0.1297819,-0.4069645,-0.0269128,0.003939392,-0.02415293,0.1578064,0.07650757,0.9844971,0.03068653,0.002332321,-0.02129283,0.03068653,0.002332321,-0.02129283,0.1397095,0.08666992,0.9863892,0.1397095,0.08666992,0.9863892,5.552017,5.552017,True,True,True
1653449,63779589536472,-13.58853,2.593024,-0.05709577,-0.1204781,0.8961097,0.1298863,-0.4069423,-0.02661641,0.003928711,-0.0241382,0.1574402,0.07670593,0.9845428,0.03068605,0.002332321,-0.02129283,0.03068605,0.002332321,-0.02129283,0.138916,0.08581543,0.9865723,0.138916,0.08581543,0.9865723,5.551315,5.551315,True,True,True
1653458,63779589536482,-13.5885,2.593036,-0.05714458,-0.1204592,0.8960899,0.1299624,-0.406967,-0.02518839,0.00386586,-0.02405417,0.1557007,0.07133484,0.9852142,0.03068514,0.002332321,-0.02129283,0.03068514,0.002332321,-0.02129283,0.1386719,0.08227539,0.986908,0.1386719,0.08227539,0.986908,5.548645,5.548645,True,True,True
1653466,63779589536494,-13.58847,2.593072,-0.05716985,-0.1203722,0.8961163,0.1299936,-0.4069248,-0.02690366,0.003866654,-0.02415494,0.1625519,0.04174805,0.9858093,0.03047028,0.002470001,-0.02233934,0.03047028,0.002470001,-0.02233934,0.1032867,0.06065369,0.9927979,0.1032867,0.06065369,0.9927979,5.511108,5.511108,True,True,True
1653474,63779589536494,-13.58847,2.593072,-0.05716985,-0.1203722,0.8961163,0.1299936,-0.4069248,-0.02743417,0.003685791,-0.02415907,0.1709747,0.01028442,0.9852142,0.03037921,0.002150192,-0.02199515,0.03037921,0.002150192,-0.02199515,0.1183167,0.03129578,0.9924774,0.1183167,0.03129578,0.9924774,5.53804,5.53804,True,True,True
1653483,63779589536505,-13.58846,2.59306,-0.05722135,-0.1202542,0.8961148,0.1300773,-0.4069363,-0.02745525,0.00347226,-0.02413617,0.1757507,-0.01834106,0.9842529,0.03031609,0.001816528,-0.02147063,0.03031609,0.001816528,-0.02147063,0.1358337,0.009963989,0.9906769,0.1358337,0.009963989,0.9906769,5.451416,5.451416,True,True,True
1653491,63779589536516,-13.58845,2.593074,-0.05724007,-0.1201419,0.8961727,0.1299978,-0.4068672,-0.02745943,0.003308594,-0.02413612,0.1872253,-0.04992676,0.9810333,0.03027843,0.001638321,-0.02136813,0.03027843,0.001638321,-0.02136813,0.1306763,-0.0161438,0.9912872,0.1306763,-0.0161438,0.9912872,5.369507,5.369507,True,True,True
1653499,63779589536516,-13.58833,2.593063,-0.05728757,-0.1201135,0.8962222,0.1299568,-0.4067796,-0.02744977,0.003239639,-0.02412341,0.1834564,-0.06309509,0.9809875,0.03027181,0.001610474,-0.0214057,0.03027181,0.001610474,-0.0214057,0.1389771,-0.03666687,0.9896088,0.1389771,-0.03666687,0.9896088,5.311661,5.311661,True,True,True
1653508,63779589536527,-13.58833,2.593063,-0.05728757,-0.1201135,0.8962222,0.1299568,-0.4067796,-0.02744556,0.00324289,-0.02412848,0.1777039,-0.05171204,0.9827118,0.03030025,0.001638138,-0.02151222,0.03030025,0.001638138,-0.02151222,0.1465149,-0.03352356,0.9886322,0.1465149,-0.03352356,0.9886322,5.349808,5.349808,True,True,True
1653516,63779589536538,-13.5883,2.593073,-0.05734521,-0.1200364,0.8962861,0.1298694,-0.4066897,-0.02742182,0.003245361,-0.02412238,0.1840363,-0.0675354,0.9805908,0.03031557,0.001634659,-0.02149278,0.03031557,0.001634659,-0.02149278,0.144928,-0.03601074,0.9887848,0.144928,-0.03601074,0.9887848,5.416977,5.416977,True,True,True
1653524,63779589536549,-13.58826,2.593134,-0.05738986,-0.1199433,0.89633,0.1298019,-0.4066418,-0.0273963,0.0032491,-0.02412319,0.1855621,-0.0619812,0.9806671,0.03032066,0.00162825,-0.02145931,0.03032066,0.00162825,-0.02145931,0.1399384,-0.03935242,0.9893646,0.1399384,-0.03935242,0.9893646,5.39798,5.39798,True,True,True
1653533,63779589536560,-13.58823,2.593131,-0.05741405,-0.1198957,0.8964028,0.1297379,-0.406516,-0.02737767,0.003253006,-0.02412427,0.1871033,-0.05718994,0.9806671,0.03032578,0.001621841,-0.02142583,0.03032578,0.001621841,-0.02142583,0.1453857,-0.03739929,0.9886627,0.1453857,-0.03739929,0.9886627,5.395569,5.395569,True,True,True
1653541,63779589536560,-13.58823,2.593131,-0.05741405,-0.1198957,0.8964028,0.1297379,-0.406516,-0.02735404,0.003253022,-0.02412566,0.1897888,-0.05662537,0.9801788,0.03032814,0.00162175,-0.0214196,0.03032814,0.00162175,-0.0214196,0.1437225,-0.03752136,0.9888916,0.1437225,-0.03752136,0.9888916,5.389603,5.389603,True,True,True
1653549,63779589536571,-13.58826,2.593103,-0.0574947,-0.1197789,0.8964999,0.1296308,-0.4063704,-0.01773433,0.002981537,-0.02367543,0.1848145,-0.052948,0.9813385,0.03033049,0.001621643,-0.02141336,0.03033049,0.001621643,-0.02141336,0.1461945,-0.0375824,0.9885406,0.1461945,-0.0375824,0.9885406,5.384369,5.384369,True,True,True
1653558,63779589536582,-13.58819,2.593102,-0.05754548,-0.1195948,0.8965973,0.1294401,-0.4062702,0.001464386,0.002437927,-0.02276821,0.1669617,-0.04640198,0.9848633,0.03033298,0.001619888,-0.02140608,0.03033298,0.001619888,-0.02140608,0.1447906,-0.0358429,0.9888,0.1447906,-0.0358429,0.9888,5.384521,5.384521,True,True,True
1653566,63779589536593,-13.58818,2.593084,-0.05761111,-0.1194975,0.8966535,0.1293488,-0.4062041,0.002058456,0.002421387,-0.02273642,0.1663818,-0.04598999,0.9849854,0.03033547,0.001619598,-0.02139881,0.03033547,0.001619598,-0.02139881,0.1450043,-0.03562927,0.9887848,0.1450043,-0.03562927,0.9887848,5.385727,5.385727,True,True,True
1653574,63779589536593,-13.58818,2.593084,-0.05761111,-0.1194975,0.8966535,0.1293488,-0.4062041,0.002426621,0.00241156,-0.02271617,0.1651459,-0.04595947,0.9851837,0.03033663,0.001620621,-0.02139354,0.03033663,0.001620621,-0.02139354,0.144516,-0.03581238,0.9888458,0.144516,-0.03581238,0.9888458,5.384796,5.384796,True,True,True
1653583,63779589536605,-13.58817,2.59304,-0.05768543,-0.1194982,0.8966541,0.1292817,-0.4062239,0.002094635,0.002421341,-0.0227292,0.1652527,-0.04606628,0.9851685,0.03033777,0.001621643,-0.02138826,0.03033777,0.001621643,-0.02138826,0.1456299,-0.03593445,0.988678,0.1456299,-0.03593445,0.988678,5.386307,5.386307,True,True,True
1653591,63779589536616,-13.58816,2.593049,-0.05778247,-0.1194798,0.8966581,0.1292845,-0.4062197,0.004375137,0.002356552,-0.02262384,0.1622467,-0.04473877,0.985733,0.03033817,0.00162175,-0.02139354,0.03033817,0.00162175,-0.02139354,0.1452026,-0.03541565,0.9887543,0.1452026,-0.03541565,0.9887543,5.389603,5.389603,True,True,True
1653599,63779589536627,-13.58815,2.593025,-0.0578739,-0.1196818,0.8965936,0.1293591,-0.4062786,0.005858902,0.002314407,-0.02255635,0.1612549,-0.04415894,0.9859161,0.03033855,0.001621841,-0.02139881,0.03033855,0.001621841,-0.02139881,0.1458588,-0.03492737,0.988678,0.1458588,-0.03492737,0.988678,5.389481,5.389481,True,True,True
1653608,63779589536627,-13.58815,2.593025,-0.0578739,-0.1196818,0.8965936,0.1293591,-0.4062786,0.006733109,0.002292175,-0.02251671,0.160202,-0.04380798,0.9860992,0.03033859,0.001625885,-0.02140186,0.03033859,0.001625885,-0.02140186,0.1452942,-0.03521729,0.9887543,0.1452942,-0.03521729,0.9887543,5.387451,5.387451,True,True,True
1653616,63779589536638,-13.58815,2.593013,-0.05789447,-0.1198703,0.8966108,0.1292836,-0.4062092,0.007002533,0.002287079,-0.02250571,0.160202,-0.04412842,0.986084,0.03033864,0.001629913,-0.02140489,0.03033864,0.001629913,-0.02140489,0.1458588,-0.03546143,0.9886627,0.1458588,-0.03546143,0.9886627,5.388977,5.388977,True,True,True
1653624,63779589536649,-13.58815,2.592988,-0.05798161,-0.1199622,0.8965533,0.1291582,-0.406349,0.007099243,0.002284531,-0.02250356,0.1595612,-0.04333496,0.9862213,0.03033888,0.001630142,-0.02140914,0.03033888,0.001630142,-0.02140914,0.14534,-0.03451538,0.9887695,0.14534,-0.03451538,0.9887695,5.387421,5.387421,True,True,True
1653633,63779589536660,-13.58822,2.592968,-0.05798817,-0.1200436,0.8965438,0.1290645,-0.4063756,0.007214982,0.002281449,-0.0224955,0.1589355,-0.04286194,0.9863434,0.03033914,0.001630356,-0.02140489,0.03033914,0.001630356,-0.02140489,0.1448669,-0.03411865,0.9888611,0.1448669,-0.03411865,0.9888611,5.386398,5.386398,True,True,True
1653641,63779589536660,-13.58822,2.592968,-0.05798817,-0.1200436,0.8965438,0.1290645,-0.4063756,0.007231583,0.002281372,-0.02249466,0.1589661,-0.04292297,0.9863434,0.03033924,0.001630356,-0.0214048,0.03033924,0.001630356,-0.0214048,0.1444092,-0.03410339,0.9889221,0.1444092,-0.03410339,0.9889221,5.386536,5.386536,True,True,True
1653649,63779589536671,-13.58822,2.592965,-0.05805898,-0.1201117,0.896513,0.1289817,-0.4064496,0.007235352,0.002282974,-0.02249085,0.1581879,-0.04226685,0.986496,0.0303394,0.001633286,-0.02139881,0.0303394,0.001633286,-0.02139881,0.144455,-0.03300476,0.9889526,0.144455,-0.03300476,0.9889526,5.388336,5.388336,True,True,True
1653658,63779589536682,-13.58814,2.592965,-0.05811048,-0.1199424,0.8966011,0.1287836,-0.4063682,0.007238236,0.002285095,-0.02248721,0.1579437,-0.04251099,0.9865265,0.03033951,0.001636536,-0.02139292,0.03033951,0.001636536,-0.02139292,0.1443787,-0.03326416,0.9889526,0.1443787,-0.03326416,0.9889526,5.385284,5.385284,True,True,True
1653666,63779589536682,-13.58814,2.592965,-0.05811048,-0.1199424,0.8966011,0.1287836,-0.4063682,0.007253052,0.002284744,-0.02248386,0.1578522,-0.04069519,0.986618,0.03034001,0.001636536,-0.02138826,0.03034001,0.001636536,-0.02138826,0.1444702,-0.03048706,0.9890289,0.1444702,-0.03048706,0.9890289,5.390091,5.390091,True,True,True
1653674,63779589536694,-13.58813,2.593004,-0.05816168,-0.1197513,0.8966471,0.1285548,-0.4063955,0.007195557,0.00228775,-0.0224866,0.1583862,-0.04084778,0.9865265,0.03034103,0.001636536,-0.02138826,0.03034103,0.001636536,-0.02138826,0.1447449,-0.03016663,0.9889984,0.1447449,-0.03016663,0.9889984,5.39238,5.39238,True,True,True
1653683,63779589536705,-13.58812,2.593003,-0.0582459,-0.1196618,0.8966542,0.1284004,-0.4064549,0.007077149,0.002294281,-0.02249341,0.158905,-0.04067993,0.9864502,0.03034366,0.001637466,-0.02138826,0.03034366,0.001637466,-0.02138826,0.145462,-0.02972412,0.9889069,0.145462,-0.02972412,0.9889069,5.392471,5.392471,True,True,True
1653691,63779589536716,-13.58814,2.592967,-0.05827874,-0.1194919,0.8967077,0.1281262,-0.4064737,0.007258057,0.002290787,-0.02248944,0.1602325,-0.0402832,0.9862518,0.03034772,0.001637466,-0.02138826,0.03034772,0.001637466,-0.02138826,0.1465302,-0.02970886,0.9887543,0.1465302,-0.02970886,0.9887543,5.390686,5.390686,True,True,True
1653699,63779589536727,-13.58814,2.592928,-0.05829757,-0.119406,0.8967664,0.1279031,-0.4064396,0.007450577,0.002287094,-0.02247595,0.1609802,-0.04063416,0.9861145,0.03035141,0.001640259,-0.02138055,0.03035141,0.001640259,-0.02138055,0.1475525,-0.03067017,0.9885712,0.1475525,-0.03067017,0.9885712,5.390945,5.390945,True,True,True
1653708,63779589536727,-13.58814,2.592928,-0.05829757,-0.119406,0.8967664,0.1279031,-0.4064396,0.008168793,0.002266953,-0.02244989,0.1613312,-0.03840637,0.986145,0.03035312,0.001640457,-0.02139292,0.03035312,0.001640457,-0.02139292,0.147934,-0.02845764,0.9885712,0.147934,-0.02845764,0.9885712,5.385239,5.385239,True,True,True
1653716,63779589536738,-13.58809,2.592885,-0.05836058,-0.1192725,0.8968172,0.1277855,-0.4064036,0.008260361,0.002264374,-0.02244556,0.1613007,-0.03834534,0.986145,0.03035417,0.001640457,-0.02139292,0.03035417,0.001640457,-0.02139292,0.1481628,-0.02838135,0.9885406,0.1481628,-0.02838135,0.9885406,5.379593,5.379593,True,True,True
1653724,63779589536749,-13.58804,2.592882,-0.05845916,-0.1192084,0.8968484,0.1275414,-0.4064304,0.008486969,0.002257965,-0.0224355,0.1611176,-0.03814697,0.9861908,0.03035492,0.001640457,-0.02139292,0.03035492,0.001640457,-0.02139292,0.1483307,-0.02827454,0.9885254,0.1483307,-0.02827454,0.9885254,5.375137,5.375137,True,True,True
1653733,63779589536760,-13.58804,2.592866,-0.05851293,-0.1190172,0.8969417,0.1273613,-0.4063368,0.008574693,0.002255478,-0.02243021,0.1607513,-0.03749084,0.9862671,0.03035495,0.001640457,-0.02139041,0.03035495,0.001640457,-0.02139041,0.1478119,-0.02832031,0.9886017,0.1478119,-0.02832031,0.9886017,5.379684,5.379684,True,True,True
1653741,63779589536760,-13.58804,2.592866,-0.05851293,-0.1190172,0.8969417,0.1273613,-0.4063368,0.008495072,0.002257736,-0.02243494,0.1604462,-0.037323,0.9863281,0.030355,0.001640457,-0.02139041,0.030355,0.001640457,-0.02139041,0.1472626,-0.02833557,0.988678,0.1472626,-0.02833557,0.988678,5.379623,5.379623,True,True,True
1653750,63779589536772,-13.58803,2.59287,-0.05860853,-0.1190377,0.896983,0.1272,-0.4062903,0.008322327,0.002263306,-0.02244431,0.1605377,-0.03746033,0.9863129,0.03035542,0.001640457,-0.02139041,0.03035542,0.001640457,-0.02139041,0.1473846,-0.02828979,0.9886627,0.1473846,-0.02828979,0.9886627,5.380737,5.380737,True,True,True
1653758,63779589536782,-13.58802,2.592834,-0.0586713,-0.1188714,0.8970403,0.12713,-0.4062342,0.00822731,0.002265976,-0.02244985,0.1604614,-0.0375061,0.9863129,0.03035542,0.001640457,-0.02139041,0.03035542,0.001640457,-0.02139041,0.1471863,-0.02815247,0.9886932,0.1471863,-0.02815247,0.9886932,5.380829,5.380829,True,True,True
1653766,63779589536793,-13.58794,2.592787,-0.05875379,-0.1188879,0.8971164,0.1270019,-0.4061015,0.008207871,0.002274262,-0.02245139,0.1593323,-0.0393219,0.9864349,0.03035542,0.001652969,-0.02139041,0.03035542,0.001652969,-0.02139041,0.1453705,-0.03112793,0.9888763,0.1453705,-0.03112793,0.9888763,5.379211,5.379211,True,True,True
1653775,63779589536793,-13.58794,2.592787,-0.05875379,-0.1188879,0.8971164,0.1270019,-0.4061015,0.008143876,0.002277069,-0.0224615,0.159317,-0.03912354,0.9864349,0.03035542,0.001654617,-0.0214016,0.03035542,0.001654617,-0.0214016,0.1453094,-0.03076172,0.9888916,0.1453094,-0.03076172,0.9888916,5.373047,5.373047,True,True,True
1653783,63779589536805,-13.58797,2.592755,-0.05880111,-0.1187509,0.8971499,0.1268438,-0.4061171,0.008126633,0.002278671,-0.02246295,0.1605835,-0.03840637,0.9862671,0.03035542,0.001656448,-0.02140181,0.03035542,0.001656448,-0.02140181,0.1470947,-0.02966309,0.9886627,0.1470947,-0.02966309,0.9886627,5.374008,5.374008,True,True,True
1653791,63779589536815,-13.58796,2.592732,-0.05885601,-0.1187089,0.8972292,0.1267235,-0.4059916,0.007978638,0.00228363,-0.02247487,0.1608429,-0.03819275,0.9862366,0.03035542,0.001657791,-0.02140843,0.03035542,0.001657791,-0.02140843,0.1470642,-0.02932739,0.988678,0.1470642,-0.02932739,0.988678,5.371796,5.371796,True,True,True
1653800,63779589536827,-13.58801,2.592644,-0.05892122,-0.1187519,0.8972917,0.126564,-0.4058906,0.007574997,0.002295471,-0.02249527,0.1609955,-0.03842163,0.9862061,0.03035515,0.001658707,-0.02140942,0.03035515,0.001658707,-0.02140942,0.1469421,-0.0294342,0.9886932,0.1469421,-0.0294342,0.9886932,5.366074,5.366074,True,True,True
1653808,63779589536827,-13.58801,2.592644,-0.05892122,-0.1187519,0.8972917,0.126564,-0.4058906,0.006857819,0.002324966,-0.02254952,0.1616211,-0.03869629,0.986084,0.030355,0.001674591,-0.02144295,0.030355,0.001674591,-0.02144295,0.1468658,-0.02941895,0.9887085,0.1468658,-0.02941895,0.9887085,5.37056,5.37056,True,True,True
1653816,63779589536838,-13.58799,2.592618,-0.05897045,-0.1186125,0.8973664,0.1263804,-0.4058234,0.005944565,0.002352997,-0.02259778,0.1634827,-0.03915405,0.9857635,0.03035492,0.001679306,-0.02145133,0.03035492,0.001679306,-0.02145133,0.1468201,-0.0294342,0.9887238,0.1468201,-0.0294342,0.9887238,5.370102,5.370102,True,True,True
1653825,63779589536848,-13.58797,2.59261,-0.05900776,-0.118596,0.8974634,0.1261455,-0.4056866,0.004363693,0.0024021,-0.02268558,0.1641998,-0.04032898,0.9855957,0.03035332,0.001688492,-0.02147542,0.03035332,0.001688492,-0.02147542,0.1463165,-0.03025818,0.9887695,0.1463165,-0.03025818,0.9887695,5.364395,5.364395,True,True,True
1653833,63779589536860,-13.58792,2.592622,-0.05908716,-0.1185967,0.8975221,0.1259697,-0.4056115,0.002072617,0.002477158,-0.02281296,0.1643524,-0.04284668,0.9854584,0.03035053,0.001711594,-0.02151534,0.03035053,0.001711594,-0.02151534,0.1436615,-0.0324707,0.98909,0.1436615,-0.0324707,0.98909,5.361023,5.361023,True,True,True
1653841,63779589536860,-13.58792,2.592622,-0.05908716,-0.1185967,0.8975221,0.1259697,-0.4056115,0.0005733185,0.00251857,-0.02288658,0.1659546,-0.04316711,0.9851837,0.03034876,0.001712891,-0.02152402,0.03034876,0.001712891,-0.02152402,0.1449585,-0.03189087,0.9889069,0.1449585,-0.03189087,0.9889069,5.361328,5.361328,True,True,True
1653850,63779589536871,-13.58792,2.592595,-0.05912334,-0.1186162,0.8976068,0.1257988,-0.4054711,-0.0006701203,0.002554962,-0.0229464,0.1665039,-0.04325867,0.9850769,0.03034775,0.001717926,-0.02152998,0.03034775,0.001717926,-0.02152998,0.1446686,-0.03198242,0.9889526,0.1446686,-0.03198242,0.9889526,5.361008,5.361008,True,True,True
1653858,63779589536882,-13.58787,2.592554,-0.05921423,-0.1186703,0.897655,0.1255263,-0.405433,-0.001268692,0.002571259,-0.02297374,0.1670837,-0.04396057,0.9849548,0.03034752,0.001717926,-0.02152998,0.03034752,0.001717926,-0.02152998,0.1446533,-0.03189087,0.9889526,0.1446533,-0.03189087,0.9889526,5.349533,5.349533,True,True,True
1653866,63779589536893,-13.58785,2.592503,-0.05927503,-0.1188295,0.8976855,0.1254082,-0.4053554,-0.0007622986,0.00255806,-0.02295076,0.1673737,-0.04391479,0.9849091,0.03034491,0.001717926,-0.02152998,0.03034491,0.001717926,-0.02152998,0.1447144,-0.03193665,0.9889526,0.1447144,-0.03193665,0.9889526,5.337738,5.337738,True,True,True
1653874,63779589536893,-13.58785,2.592503,-0.05927503,-0.1188295,0.8976855,0.1254082,-0.4053554,0.0005858002,0.002521683,-0.02289006,0.166687,-0.04272461,0.9850769,0.03034445,0.001717926,-0.02152998,0.03034445,0.001717926,-0.02152998,0.1446381,-0.03070068,0.9889984,0.1446381,-0.03070068,0.9889984,5.338562,5.338562,True,True,True
1653883,63779589536904,-13.58786,2.592501,-0.05930781,-0.1189438,0.8977386,0.1253247,-0.4052302,0.002980927,0.002457184,-0.02278105,0.1646729,-0.04112244,0.9854736,0.03034368,0.001717926,-0.02152998,0.03034368,0.001717926,-0.02152998,0.1447906,-0.03022766,0.9889984,0.1447906,-0.03022766,0.9889984,5.338501,5.338501,True,True,True
1653891,63779589536915,-13.58782,2.592504,-0.05932921,-0.1190577,0.8977225,0.1252326,-0.4052608,0.004902588,0.002405273,-0.02269325,0.1633301,-0.04017639,0.9857483,0.03034226,0.001717926,-0.02152998,0.03034226,0.001717926,-0.02152998,0.1449738,-0.03027344,0.9889679,0.1449738,-0.03027344,0.9889679,5.338516,5.338516,True,True,True
1653899,63779589536915,-13.5878,2.592507,-0.05936688,-0.1190911,0.8977755,0.1251436,-0.4051612,0.006651673,0.002358002,-0.02260988,0.1625824,-0.03956604,0.9858856,0.03034125,0.001717926,-0.02152402,0.03034125,0.001717926,-0.02152402,0.1459351,-0.03051758,0.9888153,0.1459351,-0.03051758,0.9888153,5.350967,5.350967,True,True,True
1653908,63779589536927,-13.5878,2.592507,-0.05936688,-0.1190911,0.8977755,0.1251436,-0.4051612,0.007480728,0.002332962,-0.02256668,0.161972,-0.0388031,0.9860229,0.03034058,0.001712891,-0.02151534,0.03034058,0.001712891,-0.02151534,0.1459503,-0.0297699,0.9888306,0.1459503,-0.0297699,0.9888306,5.339813,5.339813,True,True,True
1653916,63779589536938,-13.58776,2.592563,-0.05933362,-0.1189118,0.8978049,0.1251296,-0.4051529,0.007150696,0.00234198,-0.02257097,0.1624908,-0.03973389,0.9859009,0.03034004,0.001712555,-0.02149684,0.03034004,0.001712555,-0.02149684,0.1464233,-0.0308075,0.988739,0.1464233,-0.0308075,0.988739,5.339371,5.339371,True,True,True
1653924,63779589536949,-13.58774,2.592588,-0.0593347,-0.1187542,0.8978378,0.1250566,-0.4051489,0.006350022,0.002363876,-0.02260257,0.1635742,-0.039505,0.985733,0.03033957,0.001711472,-0.02148749,0.03033957,0.001711472,-0.02148749,0.147522,-0.02958679,0.9886017,0.147522,-0.02958679,0.9886017,5.34053,5.34053,True,True,True
1653933,63779589536960,-13.58778,2.59256,-0.05925465,-0.1187107,0.8978095,0.1251419,-0.4051979,0.00484198,0.002402008,-0.0226517,0.1643219,-0.04045105,0.9855652,0.03033759,0.001702484,-0.02145,0.03033759,0.001702484,-0.02145,0.1470642,-0.02941895,0.988678,0.1470642,-0.02941895,0.988678,5.341858,5.341858,True,True,True
1653941,63779589536960,-13.58778,2.59256,-0.05925465,-0.1187107,0.8978095,0.1251419,-0.4051979,0.003042038,0.002451553,-0.02272649,0.1664276,-0.04182434,0.9851532,0.03033691,0.001697815,-0.02143094,0.03033691,0.001697815,-0.02143094,0.1469269,-0.0294342,0.9886932,0.1469269,-0.0294342,0.9886932,5.342422,5.342422,True,True,True
1653949,63779589536971,-13.58778,2.592515,-0.05924553,-0.1185504,0.897855,0.1251056,-0.4051551,0.001352951,0.002499558,-0.02280011,0.1680603,-0.04277039,0.9848328,0.03033589,0.001697815,-0.02141742,0.03033589,0.001697815,-0.02141742,0.146637,-0.02926636,0.9887543,0.146637,-0.02926636,0.9887543,5.338577,5.338577,True,True,True
1653958,63779589536982,-13.58782,2.592486,-0.05913383,-0.1186163,0.8977798,0.1251892,-0.4052767,2.270508E-05,0.002536911,-0.02286362,0.1690674,-0.04302979,0.9846497,0.03033582,0.001697815,-0.02141742,0.03033582,0.001697815,-0.02141742,0.1466827,-0.02816772,0.9887695,0.1466827,-0.02816772,0.9887695,5.344101,5.344101,True,True,True
1653966,63779589536982,-13.58782,2.592486,-0.05913383,-0.1186163,0.8977798,0.1251892,-0.4052767,0.0001829376,0.00255014,-0.02285904,0.156189,-0.05041504,0.9864349,0.03041234,0.001712662,-0.02142801,0.03041234,0.001712662,-0.02142801,0.1360931,-0.03796387,0.9899597,0.1360931,-0.03796387,0.9899597,5.293747,5.293747,True,True,True
1653974,63779589536994,-13.58789,2.592473,-0.05907393,-0.1184497,0.8977696,0.1251865,-0.4053488,-0.001830185,0.002634476,-0.02303459,0.1460419,-0.03814697,0.9885406,0.0304868,0.00177507,-0.02162875,0.0304868,0.00177507,-0.02162875,0.1133423,-0.03631592,0.9928894,0.1133423,-0.03631592,0.9928894,5.271713,5.271713,True,True,True
1653983,63779589537005,-13.58787,2.59248,-0.05903244,-0.1184648,0.8977263,0.1252422,-0.4054233,-0.006064194,0.002778748,-0.02323232,0.1367798,-0.04057312,0.9897614,0.03055461,0.001780365,-0.02166716,0.03055461,0.001780365,-0.02166716,0.1033173,-0.02536011,0.9943237,0.1033173,-0.02536011,0.9943237,5.30098,5.30098,True,True,True
1653991,63779589537016,-13.5879,2.59246,-0.05903977,-0.1183599,0.8976935,0.125284,-0.4055136,-0.01668779,0.003085571,-0.02370632,0.1419678,-0.04216003,0.9889679,0.03055411,0.001826859,-0.0217793,0.03055411,0.001826859,-0.0217793,0.1091309,-0.02297974,0.9937592,0.1091309,-0.02297974,0.9937592,5.339127,5.339127,True,True,True
1653999,63779589537026,-13.58788,2.592441,-0.05900544,-0.1182872,0.8976353,0.1254655,-0.4056074,-0.02092976,0.003194351,-0.02387247,0.1487122,-0.04159546,0.9879913,0.03054491,0.001806488,-0.02170731,0.03054491,0.001806488,-0.02170731,0.1110229,-0.0342865,0.9932251,0.1110229,-0.0342865,0.9932251,5.367767,5.367767,True,True,True
1654008,63779589537026,-13.58788,2.592441,-0.05900544,-0.1182872,0.8976353,0.1254655,-0.4056074,-0.02263457,0.003238556,-0.02394344,0.1514282,-0.04536438,0.9874115,0.03054291,0.001807144,-0.02170773,0.03054291,0.001807144,-0.02170773,0.1120605,-0.03256226,0.9931641,0.1120605,-0.03256226,0.9931641,5.370422,5.370422,True,True,True
1654016,63779589537038,-13.58792,2.592457,-0.05898392,-0.1182747,0.8976651,0.1255219,-0.4055277,-0.02240561,0.003230652,-0.02393448,0.1526337,-0.04470825,0.9872589,0.03054462,0.0018078,-0.02170816,0.03054462,0.0018078,-0.02170816,0.1109619,-0.03088379,0.9933319,0.1109619,-0.03088379,0.9933319,5.372711,5.372711,True,True,True
1654024,63779589537049,-13.5879,2.59247,-0.05896419,-0.1183303,0.8976194,0.1255382,-0.4056074,-0.02004947,0.003167542,-0.02383556,0.1491394,-0.04194641,0.987915,0.03054477,0.001808579,-0.02170773,0.03054477,0.001808579,-0.02170773,0.1100311,-0.02882385,0.9934998,0.1100311,-0.02882385,0.9934998,5.372314,5.372314,True,True,True
1654033,63779589537060,-13.58793,2.592438,-0.05892944,-0.1183832,0.8976139,0.1257079,-0.4055518,-0.01446005,0.003017655,-0.02360077,0.1435547,-0.03996277,0.9888306,0.03054491,0.001809357,-0.02170816,0.03054491,0.001809357,-0.02170816,0.1104126,-0.02740479,0.9934998,0.1104126,-0.02740479,0.9934998,5.374268,5.374268,True,True,True
1654041,63779589537060,-13.58793,2.592438,-0.05892944,-0.1183832,0.8976139,0.1257079,-0.4055518,-0.005073212,0.002766495,-0.02320891,0.1354828,-0.03811646,0.990036,0.03054558,0.001811401,-0.02171466,0.03054558,0.001811401,-0.02171466,0.1099243,-0.0271759,0.9935608,0.1099243,-0.0271759,0.9935608,5.372772,5.372772,True,True,True
1654050,63779589537071,-13.58787,2.592443,-0.05892915,-0.1183163,0.8976132,0.125827,-0.4055359,0.004570649,0.002509094,-0.0228082,0.1290894,-0.03469849,0.9910126,0.03054627,0.001813461,-0.02172116,0.03054627,0.001813461,-0.02172116,0.109436,-0.0269928,0.9936218,0.109436,-0.0269928,0.9936218,5.371063,5.371063,True,True,True
1654058,63779589537082,-13.58786,2.592498,-0.0589028,-0.1183266,0.8975782,0.1259208,-0.4055814,0.005881485,0.002474274,-0.02275261,0.1276093,-0.0345459,0.9912109,0.03054651,0.001813675,-0.02171976,0.03054651,0.001813675,-0.02171976,0.1086121,-0.02659607,0.9937134,0.1086121,-0.02659607,0.9937134,5.358749,5.358749,True,True,True
1654066,63779589537093,-13.5878,2.592499,-0.05884856,-0.1183788,0.8975238,0.1260924,-0.4056333,0.006410782,0.002460404,-0.02273132,0.1278229,-0.03436279,0.9911957,0.03054677,0.001813889,-0.02172116,0.03054677,0.001813889,-0.02172116,0.1095734,-0.02583313,0.9936371,0.1095734,-0.02583313,0.9936371,5.371887,5.371887,True,True,True
1654075,63779589537093,-13.5878,2.592499,-0.05884856,-0.1183788,0.8975238,0.1260924,-0.4056333,0.007434235,0.002434067,-0.02268893,0.1265717,-0.03430176,0.9913483,0.03054727,0.001815506,-0.02172165,0.03054727,0.001815506,-0.02172165,0.1088104,-0.02694702,0.9936829,0.1088104,-0.02694702,0.9936829,5.358505,5.358505,True,True,True
1654083,63779589537104,-13.58778,2.592516,-0.05879903,-0.1183291,0.8975116,0.1261467,-0.4056578,0.007441071,0.002434967,-0.0226891,0.1262054,-0.0337677,0.9914246,0.03054779,0.001817108,-0.02172212,0.03054779,0.001817108,-0.02172212,0.1082153,-0.0266571,0.9937592,0.1082153,-0.0266571,0.9937592,5.37117,5.37117,True,True,True
1654091,63779589537115,-13.58776,2.592514,-0.05874252,-0.1183713,0.8975084,0.1262637,-0.405616,0.007478501,0.002434174,-0.02268771,0.1266327,-0.03453064,0.991333,0.03054787,0.001817581,-0.02172228,0.03054787,0.001817581,-0.02172228,0.1090546,-0.02731323,0.9936523,0.1090546,-0.02731323,0.9936523,5.370377,5.370377,True,True,True
1654100,63779589537126,-13.58775,2.592527,-0.05873281,-0.118371,0.8975092,0.1263884,-0.4055756,0.007585694,0.002431366,-0.02268306,0.1260681,-0.03375244,0.9914398,0.03054793,0.001817795,-0.02172212,0.03054793,0.001817795,-0.02172212,0.1082611,-0.02677917,0.9937592,0.1082611,-0.02677917,0.9937592,5.370071,5.370071,True,True,True
1654108,63779589537126,-13.58775,2.592527,-0.05873281,-0.118371,0.8975092,0.1263884,-0.4055756,0.007770828,0.002426361,-0.02267526,0.1259308,-0.03424072,0.9914398,0.03054804,0.001817734,-0.02172228,0.03054804,0.001817734,-0.02172228,0.1082306,-0.0274353,0.9937439,0.1082306,-0.0274353,0.9937439,5.370087,5.370087,True,True,True
1654116,63779589537138,-13.58774,2.592523,-0.05870765,-0.118405,0.8974978,0.1264971,-0.4055569,0.007979249,0.002420792,-0.02266649,0.1258087,-0.03468323,0.9914398,0.03054813,0.001817795,-0.02172243,0.03054813,0.001817795,-0.02172243,0.1083069,-0.02806091,0.9937134,0.1083069,-0.02806091,0.9937134,5.369537,5.369537,True,True,True
1654125,63779589537149,-13.58773,2.59255,-0.0587762,-0.1184947,0.8975001,0.1265615,-0.4055057,0.008171296,0.002415375,-0.02265846,0.1257324,-0.03507996,0.9914398,0.03054857,0.001817795,-0.02172243,0.03054857,0.001817795,-0.02172243,0.108429,-0.02806091,0.9936981,0.108429,-0.02806091,0.9936981,5.369354,5.369354,True,True,True
1654133,63779589537160,-13.58771,2.592535,-0.05877203,-0.1184851,0.8974803,0.1266026,-0.4055394,0.008268769,0.002412766,-0.0226544,0.1257172,-0.03442383,0.9914551,0.03054898,0.001817795,-0.02172243,0.03054898,0.001817795,-0.02172243,0.1085205,-0.02703857,0.9937134,0.1085205,-0.02703857,0.9937134,5.367432,5.367432,True,True,True
1654141,63779589537160,-13.58771,2.592535,-0.05877203,-0.1184851,0.8974803,0.1266026,-0.4055394,0.008285462,0.002412338,-0.02265354,0.1258087,-0.03450012,0.9914398,0.03054984,0.001817795,-0.02172212,0.03054984,0.001817795,-0.02172212,0.1086884,-0.02713013,0.9936981,0.1086884,-0.02713013,0.9936981,5.358292,5.358292,True,True,True
1654150,63779589537170,-13.58772,2.592541,-0.05875576,-0.1185479,0.897523,0.1266368,-0.405416,0.00835524,0.002410477,-0.02265053,0.1265717,-0.03520203,0.9913177,0.03054994,0.001817795,-0.02172212,0.03054994,0.001817795,-0.02172212,0.109848,-0.02804565,0.9935455,0.109848,-0.02804565,0.9935455,5.366928,5.366928,True,True,True
1654158,63779589537182,-13.58769,2.592548,-0.05870491,-0.1184552,0.8975319,0.1266245,-0.4054271,0.008352341,0.002409515,-0.02264966,0.1287079,-0.0349884,0.9910583,0.03055106,0.001817795,-0.02172116,0.03055106,0.001817795,-0.02172116,0.1089172,-0.02819824,0.9936371,0.1089172,-0.02819824,0.9936371,5.357758,5.357758,True,True,True
1654166,63779589537193,-13.58766,2.592577,-0.05867201,-0.1184577,0.8975456,0.1265554,-0.4054177,0.008321259,0.002410202,-0.02264905,0.1305542,-0.0355835,0.990799,0.03055228,0.001817795,-0.02171834,0.03055228,0.001817795,-0.02171834,0.1104889,-0.02928162,0.9934387,0.1104889,-0.02928162,0.9934387,5.366745,5.366745,True,True,True
1654175,63779589537193,-13.58766,2.592577,-0.05867201,-0.1184577,0.8975456,0.1265554,-0.4054177,0.008322861,0.002409958,-0.02264762,0.1312408,-0.03575134,0.9906921,0.03055234,0.001817688,-0.02171622,0.03055234,0.001817688,-0.02171622,0.1115265,-0.02931213,0.9933167,0.1115265,-0.02931213,0.9933167,5.366852,5.366852,True,True,True
1654183,63779589537204,-13.58764,2.59259,-0.05864131,-0.1185058,0.897615,0.1265865,-0.4052401,0.0084366,0.002403092,-0.02264183,0.1311646,-0.03500366,0.9907379,0.03055234,0.00181247,-0.02171457,0.03055234,0.00181247,-0.02171457,0.111557,-0.02865601,0.9933319,0.111557,-0.02865601,0.9933319,5.369812,5.369812,True,True,True
1654191,63779589537215,-13.5876,2.592612,-0.05861956,-0.1183784,0.8976123,0.1266612,-0.4052598,0.007832978,0.002418854,-0.02266412,0.1316986,-0.0355072,0.9906464,0.03055234,0.00181189,-0.02170961,0.03055234,0.00181189,-0.02170961,0.1115417,-0.02919006,0.9933167,0.1115417,-0.02919006,0.9933167,5.367111,5.367111,True,True,True
1654200,63779589537226,-13.58751,2.5926,-0.058559,-0.1182984,0.8976349,0.1267429,-0.4052079,0.00767067,0.00242244,-0.0226687,0.1320801,-0.03610229,0.9905701,0.03055234,0.001810638,-0.02170593,0.03055234,0.001810638,-0.02170593,0.1119385,-0.02955627,0.9932709,0.1119385,-0.02955627,0.9932709,5.367172,5.367172,True,True,True
1654208,63779589537226,-13.58751,2.5926,-0.058559,-0.1182984,0.8976349,0.1267429,-0.4052079,0.007507904,0.002433304,-0.02269248,0.1330566,-0.03593445,0.990448,0.03054769,0.001822037,-0.02173425,0.03054769,0.001822037,-0.02173425,0.1134186,-0.02912903,0.9931183,0.1134186,-0.02912903,0.9931183,5.405899,5.405899,True,True,True
1654216,63779589537237,-13.58749,2.592635,-0.05849767,-0.1182076,0.897647,0.126781,-0.4051954,-0.002965683,0.002737213,-0.02326128,0.1391602,-0.03692627,0.9895782,0.03055738,0.001861435,-0.02201611,0.03055738,0.001861435,-0.02201611,0.1176147,-0.01309204,0.9929657,0.1176147,-0.01309204,0.9929657,5.38414,5.38414,True,True,True
1654225,63779589537248,-13.58746,2.592663,-0.05847526,-0.118003,0.8976909,0.126835,-0.405141,-0.006299973,0.00277858,-0.0231525,0.1488647,-0.04432678,0.987854,0.03057286,0.001730011,-0.0214227,0.03057286,0.001730011,-0.0214227,0.1200104,-0.03157043,0.9922638,0.1200104,-0.03157043,0.9922638,5.43042,5.43042,True,True,True
1654233,63779589537259,-13.58747,2.592684,-0.05841005,-0.117846,0.8977346,0.126916,-0.4050645,-0.007121705,0.002851639,-0.02333707,0.1392822,-0.04751587,0.9891052,0.03052785,0.001842392,-0.021763,0.03052785,0.001842392,-0.021763,0.1097107,-0.02627563,0.9936066,0.1097107,-0.02627563,0.9936066,5.354828,5.354828,True,True,True
1654241,63779589537259,-13.58747,2.592684,-0.05841005,-0.117846,0.8977346,0.126916,-0.4050645,-0.02458612,0.003353821,-0.02409999,0.1401978,-0.08428955,0.9865265,0.03051305,0.001972748,-0.02230495,0.03051305,0.001972748,-0.02230495,0.1078949,-0.004776001,0.9941406,0.1078949,-0.004776001,0.9941406,5.378189,5.378189,True,True,True
1654250,63779589537270,-13.58745,2.592658,-0.05839288,-0.1176107,0.8977863,0.126828,-0.4050458,-0.02728862,0.003434403,-0.02417897,0.1478271,-0.1170044,0.9820557,0.0305074,0.002179749,-0.02257825,0.0305074,0.002179749,-0.02257825,0.1082458,-0.08601379,0.990387,0.1082458,-0.08601379,0.990387,5.154648,5.154648,True,True,True
1654258,63779589537281,-13.58743,2.592656,-0.05838341,-0.1174907,0.8978159,0.1269752,-0.4049689,-0.02737964,0.003514389,-0.02432185,0.1266479,-0.121521,0.9844666,0.03053676,0.002438324,-0.02340213,0.03053676,0.002438324,-0.02340213,0.09764099,-0.01803589,0.9950562,0.09764099,-0.01803589,0.9950562,5.474854,5.474854,True,True,True
1654266,63779589537292,-13.58742,2.592673,-0.05836594,-0.1173933,0.8978109,0.1271842,-0.4049427,-0.02732988,0.003643158,-0.02433832,0.1292877,-0.1251221,0.9836731,0.03083182,0.001521027,-0.01869151,0.03083182,0.001521027,-0.01869151,0,0,0,0,0,0,-1,-1,True,True,True
1654275,63779589537292,-13.58742,2.592673,-0.05836594,-0.1173933,0.8978109,0.1271842,-0.4049427,-0.0272988,0.003700318,-0.02434308,0.1494293,-0.1659088,0.9747467,0.03061995,0.002610733,-0.02332512,0.03061995,0.002610733,-0.02332512,0,0,0,0,0,0,-1,-1,True,True,True
1654283,63779589537304,-13.58746,2.592701,-0.0583688,-0.1175366,0.8977487,0.1274531,-0.4049545,-0.001,-0.001,-0.001,1,-1,-1,0.03095333,0.001175537,-0.0218215,0.03095333,0.001175537,-0.0218215,0,0,0,0,0,0,-1,-1,False,True,True
1654291,63779589537314,-13.58739,2.592708,-0.05829322,-0.1175266,0.8977525,0.127637,-0.4048912,-0.001,-0.001,-0.001,1,-1,-1,0.03095333,0.001175537,-0.0218215,0.03095333,0.001175537,-0.0218215,0,0,0,0,0,0,-1,-1,False,False,False
1654300,63779589537325,-13.58742,2.59269,-0.05830055,-0.1177031,0.8976715,0.1278057,-0.404966,-0.001,-0.001,-0.001,1,-1,-1,0.03190657,0.0002385407,-0.02197777,0.03190657,0.0002385407,-0.02197777,0,0,0,0,0,0,-1,-1,False,True,True
1654308,63779589537325,-13.58742,2.59269,-0.05830055,-0.1177031,0.8976715,0.1278057,-0.404966,-0.001,-0.001,-0.001,1,-1,-1,0.03142262,8.985902E-05,-0.02205596,0.03142262,8.985902E-05,-0.02205596,0,0,0,0,0,0,-1,-1,False,True,True
1654316,63779589537337,-13.58737,2.592705,-0.05838299,-0.117786,0.8975956,0.1279573,-0.4050624,-0.001,-0.001,-0.001,1,-1,-1,0.03136932,0.0001596832,-0.02203021,0.03136932,0.0001596832,-0.02203021,0,0,0,0,0,0,-1,-1,False,True,True
1654325,63779589537348,-13.58737,2.592689,-0.05828708,-0.1177926,0.8975522,0.127977,-0.4051506,-0.001,-0.001,-0.001,1,-1,-1,0.03179871,0.001115006,-0.02168872,0.03179871,0.001115006,-0.02168872,0,0,0,0,0,0,-1,-1,False,True,True
1654333,63779589537348,-13.58737,2.592689,-0.05828708,-0.1177926,0.8975522,0.127977,-0.4051506,-0.001,-0.001,-0.001,1,-1,-1,0.03313118,7.507324E-05,-0.02212798,0.03313118,7.507324E-05,-0.02212798,0,0,0,0,0,0,-1,-1,False,True,True
1654341,63779589537359,-13.58736,2.592738,-0.05824476,-0.1177225,0.8975481,0.1279552,-0.4051867,-0.001,-0.001,-0.001,1,-1,-1,0.03228321,0.001487335,-0.02164439,0.03228321,0.001487335,-0.02164439,0,0,0,0,0,0,-1,-1,False,True,True
1654350,63779589537370,-13.58735,2.592788,-0.05814147,-0.1177523,0.89757,0.1279215,-0.4051402,-0.001,-0.001,-0.001,1,-1,-1,0.03187677,0.0007016144,-0.02198094,0.03187677,0.0007016144,-0.02198094,0,0,0,0,0,0,-1,-1,False,True,True
1654358,63779589537383,-13.58735,2.592788,-0.05810887,-0.1177287,0.8975511,0.1279734,-0.4051725,-0.001,-0.001,-0.001,1,-1,-1,0.03146686,-0.0009529114,-0.01673721,0.03146686,-0.0009529114,-0.01673721,0,0,0,0,0,0,-1,-1,False,True,True
1654366,63779589537393,-13.58732,2.5928,-0.05806321,-0.1177418,0.8975548,0.1279307,-0.4051742,-0.001,-0.001,-0.001,1,-1,-1,0.03133113,0.001949982,-0.02560195,0.03133113,0.001949982,-0.02560195,0,0,0,0,0,0,-1,-1,False,True,True
1654375,63779589537393,-13.58732,2.5928,-0.05806321,-0.1177418,0.8975548,0.1279307,-0.4051742,-0.001,-0.001,-0.001,1,-1,-1,0.03115271,0.003277786,-0.01741701,0.03115271,0.003277786,-0.01741701,0,0,0,0,0,0,-1,-1,False,True,True
1654383,63779589537404,-13.58732,2.592803,-0.05801719,-0.1178176,0.8975928,0.1279386,-0.4050654,-0.001,-0.001,-0.001,1,-1,-1,0.03061398,0.003059113,-0.0240957,0.03061398,0.003059113,-0.0240957,0,0,0,0,0,0,-1,-1,False,True,True
1654391,63779589537415,-13.58731,2.592825,-0.05794376,-0.1178636,0.8975775,0.1279936,-0.4050685,-0.001,-0.001,-0.001,1,-1,-1,0.03124237,0.0008655091,-0.01734811,0.03124237,0.0008655091,-0.01734811,0,0,0,0,0,0,-1,-1,False,True,True
1654400,63779589537426,-13.58729,2.592805,-0.05792993,-0.1178061,0.8975999,0.1281108,-0.4049987,-0.001,-0.001,-0.001,1,-1,-1,0.03066173,0.002195465,-0.0225439,0.03066173,0.002195465,-0.0225439,0,0,0,0,0,0,-1,-1,False,True,True
1654408,63779589537426,-13.58729,2.592805,-0.05792993,-0.1178061,0.8975999,0.1281108,-0.4049987,-0.001,-0.001,-0.001,1,-1,-1,0.03057897,0.001736862,-0.01998419,0.03057897,0.001736862,-0.01998419,0,0,0,0,0,0,-1,-1,False,True,True
1654416,63779589537437,-13.58724,2.592798,-0.05789292,-0.1177518,0.8976217,0.1281514,-0.4049531,-0.001,-0.001,-0.001,1,-1,-1,0.03064472,0.002289581,-0.02299048,0.03064472,0.002289581,-0.02299048,0,0,0,0,0,0,-1,-1,False,True,True
1654425,63779589537448,-13.58722,2.592786,-0.05786544,-0.1177949,0.897679,0.1281788,-0.4048049,-0.001,-0.001,-0.001,1,-1,-1,0.03064729,0.002267014,-0.02293471,0.03064729,0.002267014,-0.02293471,0,0,0,0,0,0,-1,-1,False,True,True
1654433,63779589537460,-13.58726,2.592809,-0.05781519,-0.1177092,0.8977473,0.128182,-0.4046774,-0.001,-0.001,-0.001,1,-1,-1,0.03076927,0.00197348,-0.02121716,0.03076927,0.00197348,-0.02121716,0,0,0,0,0,0,-1,-1,False,True,True
1654441,63779589537460,-13.58726,2.592809,-0.05781519,-0.1177092,0.8977473,0.128182,-0.4046774,-0.001,-0.001,-0.001,1,-1,-1,0.03066675,0.002143799,-0.02267979,0.03066675,0.002143799,-0.02267979,0,0,0,0,0,0,-1,-1,False,True,True
1654449,63779589537471,-13.58724,2.592817,-0.05780715,-0.1176609,0.8977509,0.1284074,-0.4046117,-0.0274504,0.003457627,-0.02423331,0.1517487,-0.09545898,0.9837952,0.03065164,0.002160202,-0.02275171,0.03065164,0.002160202,-0.02275171,0.0814209,-0.0508728,0.9953766,0.0814209,-0.0508728,0.9953766,5.393143,5.393143,True,True,True
1654458,63779589537481,-13.58721,2.592832,-0.05777806,-0.1176751,0.8977873,0.1283813,-0.4045352,-0.02745906,0.003446808,-0.02423758,0.1411743,-0.1256561,0.9819641,0.03064942,0.002159226,-0.02279944,0.03064942,0.002159226,-0.02279944,0.09887695,-0.05909729,0.9933319,0.09887695,-0.05909729,0.9933319,5.369324,5.369324,True,True,True
1654466,63779589537492,-13.58715,2.592929,-0.05769426,-0.117733,0.8978159,0.1284803,-0.4044234,-0.02746181,0.003451752,-0.02426056,0.1364441,-0.09565735,0.9860077,0.03063596,0.002227921,-0.0229684,0.03063596,0.002227921,-0.0229684,0.09545898,-0.0521698,0.9940491,0.09545898,-0.0521698,0.9940491,5.388931,5.388931,True,True,True
1654474,63779589537492,-13.58715,2.592929,-0.05769426,-0.117733,0.8978159,0.1284803,-0.4044234,-0.02747089,0.003413559,-0.02425752,0.1359253,-0.129837,0.9821625,0.03064804,0.002058502,-0.02261136,0.03064804,0.002058502,-0.02261136,0.1080475,-0.05140686,0.9928131,0.1080475,-0.05140686,0.9928131,5.430557,5.430557,True,True,True
1654483,63779589537504,-13.58712,2.592929,-0.05763,-0.1178167,0.8977473,0.1285489,-0.4045295,-0.02746973,0.003407334,-0.02423477,0.149826,-0.1087341,0.9827118,0.03064717,0.002063004,-0.02264648,0.03064717,0.002063004,-0.02264648,0.1067963,-0.04881287,0.9930725,0.1067963,-0.04881287,0.9930725,5.402863,5.402863,True,True,True
1654491,63779589537514,-13.5872,2.592982,-0.05758125,-0.117862,0.8977447,0.1285695,-0.4045157,-0.02743753,0.003403259,-0.02424023,0.1453705,-0.103653,0.9839172,0.03064612,0.002125046,-0.02277976,0.03064612,0.002125046,-0.02277976,0.1055298,-0.04058838,0.993576,0.1055298,-0.04058838,0.993576,5.406525,5.406525,True,True,True
1654499,63779589537526,-13.58721,2.592952,-0.05757707,-0.1178417,0.8977285,0.1286481,-0.4045324,-0.02742084,0.003399506,-0.02424036,0.1467743,-0.1044464,0.9836273,0.03064221,0.002071564,-0.0226465,0.03064221,0.002071564,-0.0226465,0.1088715,-0.06280518,0.9920654,0.1088715,-0.06280518,0.9920654,5.390244,5.390244,True,True,True
1654508,63779589537526,-13.58721,2.592952,-0.05757707,-0.1178417,0.8977285,0.1286481,-0.4045324,-0.02741048,0.003389389,-0.0242547,0.1470795,-0.09436035,0.9846039,0.03063835,0.00209053,-0.02275708,0.03063835,0.00209053,-0.02275708,0.1113739,-0.06044006,0.9919281,0.1113739,-0.06044006,0.9919281,5.295731,5.295731,True,True,True
1654516,63779589537537,-13.58725,2.592978,-0.0575186,-0.1178471,0.8977005,0.1287099,-0.4045731,-0.007100876,0.002930603,-0.023747,0.1283264,-0.09025574,0.9876099,0.03063744,0.002084259,-0.02275363,0.03063744,0.002084259,-0.02275363,0.1146545,-0.06887817,0.9909973,0.1146545,-0.06887817,0.9909973,5.302231,5.302231,True,True,True
1654524,63779589537548,-13.58729,2.593019,-0.05749691,-0.1179414,0.897665,0.1288694,-0.4045739,-0.005449188,0.002880798,-0.02370844,0.1309662,-0.08987427,0.9872894,0.03063835,0.002077988,-0.0227502,0.03063835,0.002077988,-0.0227502,0.1182861,-0.07740784,0.9899445,0.1182861,-0.07740784,0.9899445,5.288589,5.288589,True,True,True
1654533,63779589537559,-13.58732,2.593013,-0.0574556,-0.1179512,0.8976699,0.1289024,-0.4045497,-0.007583252,0.002917954,-0.02374472,0.1315765,-0.09075928,0.9871368,0.03065238,0.002031769,-0.02267874,0.03065238,0.002031769,-0.02267874,0.1185455,-0.06947327,0.990509,0.1185455,-0.06947327,0.990509,5.263504,5.263504,True,True,True
1654541,63779589537559,-13.58732,2.593013,-0.0574556,-0.1179512,0.8976699,0.1289024,-0.4045497,-0.009120652,0.002936371,-0.02377747,0.130722,-0.08396912,0.987854,0.03065073,0.00198555,-0.0226073,0.03065073,0.00198555,-0.0226073,0.11586,-0.06118774,0.9913635,0.11586,-0.06118774,0.9913635,5.301056,5.301056,True,True,True
1654550,63779589537570,-13.58734,2.592961,-0.05742651,-0.1180208,0.8976305,0.1289077,-0.404615,-0.001009781,0.002738999,-0.02354187,0.1276398,-0.07901001,0.9886627,0.03064871,0.001983109,-0.02260552,0.03064871,0.001983109,-0.02260552,0.1171417,-0.06135559,0.9912109,0.1171417,-0.06135559,0.9912109,5.288559,5.288559,True,True,True
1654558,63779589537581,-13.58736,2.592943,-0.0573799,-0.11809,0.8975834,0.1289713,-0.4046794,-0.0006476288,0.002727051,-0.02353426,0.1278076,-0.07789612,0.9887238,0.03065073,0.001980682,-0.02260373,0.03065073,0.001980682,-0.02260373,0.1158752,-0.06015015,0.9914246,0.1158752,-0.06015015,0.9914246,5.301575,5.301575,True,True,True
1654566,63779589537593,-13.58738,2.592928,-0.05736166,-0.1181284,0.8975307,0.1290845,-0.4047487,-0.004815964,0.002821304,-0.02362557,0.1311493,-0.07861328,0.9882355,0.03065857,0.001970322,-0.02253645,0.03065857,0.001970322,-0.02253645,0.1175385,-0.06265259,0.9910736,0.1175385,-0.06265259,0.9910736,5.290497,5.290497,True,True,True
1654574,63779589537593,-13.58738,2.592928,-0.05736166,-0.1181284,0.8975307,0.1290845,-0.4047487,-0.006192551,0.002851593,-0.02367415,0.1296692,-0.0730896,0.9888458,0.03066599,0.001959961,-0.02246919,0.03066599,0.001959961,-0.02246919,0.1191101,-0.06517029,0.9907379,0.1191101,-0.06517029,0.9907379,5.282928,5.282928,True,True,True
1654583,63779589537603,-13.58738,2.592969,-0.05732119,-0.1181771,0.897542,0.1290046,-0.404735,-0.01129656,0.002974625,-0.02383948,0.1307678,-0.07658386,0.9884491,0.03065836,0.001958923,-0.0224608,0.03065836,0.001958923,-0.0224608,0.1153717,-0.06523132,0.9911652,0.1153717,-0.06523132,0.9911652,5.283722,5.283722,True,True,True
1654591,63779589537614,-13.58738,2.592965,-0.05727047,-0.1181903,0.8975388,0.1291042,-0.4047065,-0.01133531,0.002975174,-0.02383746,0.1307678,-0.0790863,0.9882507,0.03065073,0.001957886,-0.02245241,0.03065073,0.001957886,-0.02245241,0.1116333,-0.06535339,0.9915924,0.1116333,-0.06535339,0.9915924,5.284317,5.284317,True,True,True
1654599,63779589537625,-13.58743,2.592994,-0.05723488,-0.1181484,0.8975369,0.1291544,-0.4047068,-0.01310304,0.002996247,-0.0238622,0.1354828,-0.07711792,0.9877625,0.03065196,0.001932526,-0.02238428,0.03065196,0.001932526,-0.02238428,0.1126099,-0.06341553,0.9916077,0.1126099,-0.06341553,0.9916077,5.298233,5.298233,True,True,True
1654608,63779589537625,-13.58743,2.592994,-0.05723488,-0.1181484,0.8975369,0.1291544,-0.4047068,-0.01367067,0.002988327,-0.02384822,0.1394348,-0.07302856,0.9875183,0.03065238,0.001907166,-0.02231615,0.03065238,0.001907166,-0.02231615,0.112381,-0.06147766,0.991745,0.112381,-0.06147766,0.991745,5.311707,5.311707,True,True,True
1654616,63779589537625,-13.58743,2.592994,-0.05723488,-0.1181484,0.8975369,0.1291544,-0.4047068,-0.0126385,0.002962158,-0.02381203,0.1396027,-0.07341003,0.9874725,0.03065271,0.001906082,-0.02231511,0.03065271,0.001906082,-0.02231511,0.1122894,-0.06130981,0.9917755,0.1122894,-0.06130981,0.9917755,5.311111,5.311111,True,True,True
1654624,63779589537650,-13.58742,2.593007,-0.05720168,-0.118026,0.8975676,0.1291822,-0.4046656,-0.0127759,0.002964508,-0.02381674,0.1402588,-0.07400513,0.9873352,0.03065305,0.001904999,-0.02231407,0.03065305,0.001904999,-0.02231407,0.1125793,-0.06103516,0.9917603,0.1125793,-0.06103516,0.9917603,5.312195,5.312195,True,True,True
1654633,63779589537654,-13.58743,2.593026,-0.05716819,-0.1180263,0.8975769,0.129187,-0.4046436,-0.01189984,0.002941651,-0.02378623,0.1392365,-0.07394409,0.9874878,0.03065305,0.001904999,-0.02231407,0.03065305,0.001904999,-0.02231407,0.1123657,-0.06427002,0.9915771,0.1123657,-0.06427002,0.9915771,5.330429,5.330429,True,True,True
1654641,63779589537665,-13.58735,2.593047,-0.05712831,-0.1180078,0.8975933,0.1291381,-0.4046281,-0.007105912,0.002823532,-0.02362056,0.1362,-0.07304382,0.9879761,0.03065305,0.001904999,-0.02231407,0.03065305,0.001904999,-0.02231407,0.1112518,-0.06495667,0.9916534,0.1112518,-0.06495667,0.9916534,5.317688,5.317688,True,True,True
1654649,63779589537676,-13.58732,2.593129,-0.05715311,-0.1179881,0.8975982,0.1292033,-0.4046021,-0.00288263,0.002720459,-0.02347424,0.1330566,-0.0718689,0.9884949,0.03065238,0.001904999,-0.02231407,0.03065238,0.001904999,-0.02231407,0.1111755,-0.06504822,0.9916534,0.1111755,-0.06504822,0.9916534,5.332916,5.332916,True,True,True
1654658,63779589537676,-13.58732,2.593129,-0.05715311,-0.1179881,0.8975982,0.1292033,-0.4046021,0.0001746063,0.002645798,-0.0233683,0.1313324,-0.07106018,0.9887848,0.03065073,0.001904999,-0.02231407,0.03065073,0.001904999,-0.02231407,0.1107483,-0.06538391,0.991684,0.1107483,-0.06538391,0.991684,5.334503,5.334503,True,True,True
1654666,63779589537687,-13.58729,2.593168,-0.05711198,-0.1178788,0.8976212,0.1290773,-0.4046229,0.00374707,0.002558777,-0.02324446,0.1278381,-0.07060242,0.9892731,0.03064668,0.001904999,-0.02231407,0.03064668,0.001904999,-0.02231407,0.108551,-0.06646729,0.9918518,0.108551,-0.06646729,0.9918518,5.332169,5.332169,True,True,True
1654674,63779589537699,-13.58732,2.593202,-0.05707014,-0.1178346,0.8976316,0.1291552,-0.4045879,0.006913178,0.00248169,-0.02313475,0.125412,-0.07054138,0.9895782,0.03064516,0.001904999,-0.02231407,0.03064516,0.001904999,-0.02231407,0.1081543,-0.06666565,0.9918823,0.1081543,-0.06666565,0.9918823,5.333603,5.333603,True,True,True
1654683,63779589537709,-13.58731,2.593228,-0.05705887,-0.1176857,0.8976329,0.1292633,-0.4045939,0.008298355,0.002449036,-0.023088,0.1247559,-0.07077026,0.9896545,0.03064343,0.001907166,-0.02231615,0.03064343,0.001907166,-0.02231615,0.1087799,-0.06724548,0.9917755,0.1087799,-0.06724548,0.9917755,5.333496,5.333496,True,True,True
1654691,63779589537709,-13.58731,2.593228,-0.05705887,-0.1176857,0.8976329,0.1292633,-0.4045939,-0.003346146,0.002776871,-0.02361171,0.1290894,-0.07629395,0.988678,0.03061222,0.002018494,-0.02261014,0.03061222,0.002018494,-0.02261014,0.0993042,-0.07696533,0.9920654,0.0993042,-0.07696533,0.9920654,5.325043,5.325043,True,True,True
1654699,63779589537721,-13.58728,2.593244,-0.05704534,-0.117673,0.8976344,0.1293004,-0.4045824,-0.01482028,0.002945618,-0.02389882,0.1421661,-0.05845642,0.9880981,0.03061214,0.002018494,-0.02261014,0.03061214,0.002018494,-0.02261014,0.1000214,-0.07688904,0.9920044,0.1000214,-0.07688904,0.9920044,5.325455,5.325455,True,True,True
1654708,63779589537731,-13.58727,2.593327,-0.05703884,-0.1175118,0.8976434,0.1295154,-0.4045405,-0.02072516,0.003061508,-0.02406503,0.1480713,-0.05499268,0.987442,0.03061157,0.002018494,-0.02261014,0.03061157,0.002018494,-0.02261014,0.09986877,-0.07691956,0.9920197,0.09986877,-0.07691956,0.9920197,5.325348,5.325348,True,True,True
1654716,63779589537742,-13.58724,2.593362,-0.05704015,-0.1174751,0.8975966,0.1296356,-0.4046165,-0.02293794,0.003104538,-0.02412636,0.1502991,-0.0536499,0.9871674,0.03061127,0.002018494,-0.02261014,0.03061127,0.002018494,-0.02261014,0.09988403,-0.07719421,0.9919891,0.09988403,-0.07719421,0.9919891,5.325134,5.325134,True,True,True
1654724,63779589537742,-13.58724,2.593362,-0.05704015,-0.1174751,0.8975966,0.1296356,-0.4046165,-0.02302771,0.003102875,-0.02412666,0.1500244,-0.05412292,0.9871979,0.03062349,0.001972443,-0.02258031,0.03062349,0.001972443,-0.02258031,0.09495544,-0.08406067,0.9919128,0.09495544,-0.08406067,0.9919128,5.29715,5.29715,True,True,True
1654733,63779589537754,-13.58729,2.593372,-0.05703366,-0.1173225,0.8975864,0.129846,-0.4046161,-0.02122948,0.003105576,-0.0242345,0.1270599,-0.1071014,0.986084,0.0307655,0.001782288,-0.02237024,0.0307655,0.001782288,-0.02237024,0.1034088,-0.09992981,0.9895935,0.1034088,-0.09992981,0.9895935,5.353516,5.353516,True,True,True
1654741,63779589537765,-13.58727,2.593401,-0.05699116,-0.1173522,0.8975302,0.1299627,-0.4046945,-0.01085013,0.00271608,-0.0239982,0.1120453,-0.122757,0.986084,0.03086693,0.001579956,-0.02244538,0.03086693,0.001579956,-0.02244538,0.1094818,-0.1050568,0.9884186,0.1094818,-0.1050568,0.9884186,5.354477,5.354477,True,True,True
1654749,63779589537776,-13.58731,2.593382,-0.05699933,-0.1173864,0.8974754,0.1301147,-0.4047574,-0.01729303,0.002655197,-0.02397536,0.09960938,-0.1410065,0.9849701,0.03101399,0.001302612,-0.02208016,0.03101399,0.001302612,-0.02208016,0.1005707,-0.1201324,0.9876404,0.1005707,-0.1201324,0.9876404,5.338928,5.338928,True,True,True
1654758,63779589537776,-13.58731,2.593382,-0.05699933,-0.1173864,0.8974754,0.1301147,-0.4047574,-0.01779276,0.002581726,-0.02429012,0.08282471,-0.177948,0.980545,0.03112453,0.001085892,-0.02188393,0.03112453,0.001085892,-0.02188393,0.08543396,-0.1711731,0.9815216,0.08543396,-0.1711731,0.9815216,5.468475,5.468475,True,True,True
1654766,63779589537787,-13.58732,2.593401,-0.05691105,-0.1172908,0.8974493,0.1302023,-0.4048149,-0.01085838,0.00225502,-0.02409422,0.07348633,-0.1923218,0.9785614,0.03118257,0.0009676819,-0.02206059,0.03118257,0.0009676819,-0.02206059,0.065979,-0.1886292,0.9798126,0.065979,-0.1886292,0.9798126,5.267242,5.267242,True,True,True
1654774,63779589537798,-13.58722,2.593434,-0.05687785,-0.1172111,0.8974526,0.1302955,-0.4048007,-0.002719513,0.001624695,-0.022717,0.06752014,-0.2165222,0.9739227,0.03127115,0.0007317048,-0.02173755,0.03127115,0.0007317048,-0.02173755,0.06291199,-0.2123871,0.9751434,0.06291199,-0.2123871,0.9751434,5.29422,5.29422,True,True,True
1654783,63779589537798,-13.58722,2.593434,-0.05687785,-0.1172111,0.8974526,0.1302955,-0.4048007,0.0142034,0.001142853,-0.02225008,0.06175232,-0.2353973,0.9699249,0.03128517,0.0006845703,-0.02169383,0.03128517,0.0006845703,-0.02169383,0.05688477,-0.2358398,0.970108,0.05688477,-0.2358398,0.970108,5.220963,5.220963,True,True,True
1654791,63779589537809,-13.58721,2.593516,-0.05682415,-0.117038,0.8974738,0.1304591,-0.4047512,0.02994206,0.0006863861,-0.02160617,0.06271362,-0.2286072,0.9714813,0.03129733,0.0006496735,-0.02156037,0.03129733,0.0006496735,-0.02156037,0.06237793,-0.2287292,0.9714813,0.06237793,-0.2287292,0.9714813,5.287857,5.287857,True,True,True
1654799,63779589537820,-13.58721,2.593562,-0.05680388,-0.1169324,0.8974959,0.130526,-0.4047109,0.03120833,0.000657013,-0.02155176,0.05577087,-0.2256165,0.9726105,0.03129676,0.0006546173,-0.02154875,0.03129676,0.0006546173,-0.02154875,0.05574036,-0.2256165,0.9726105,0.05574036,-0.2256165,0.9726105,5.36084,5.36084,True,True,True
1654808,63779589537831,-13.58723,2.593557,-0.0567866,-0.1168582,0.89749,0.1306028,-0.4047206,0.03129575,0.0006569214,-0.02152678,0.06318665,-0.2325134,0.9705353,0.03130244,0.0006567383,-0.02152655,0.03130244,0.0006567383,-0.02152655,0.06318665,-0.2325134,0.9705353,0.06318665,-0.2325134,0.9705353,5.296341,5.296341,True,True,True
1654816,63779589537831,-13.58723,2.593557,-0.0567866,-0.1168582,0.89749,0.1306028,-0.4047206,0.03130589,0.0006577454,-0.02153633,0.05575562,-0.2313385,0.9712677,0.03130889,0.0006576691,-0.02153623,0.03130889,0.0006576691,-0.02153623,0.05575562,-0.2313385,0.9712677,0.05575562,-0.2313385,0.9712677,5.340576,5.340576,True,True,True
1654824,63779589537843,-13.58723,2.593515,-0.05684471,-0.1167969,0.897509,0.1306357,-0.4046856,0.03131281,0.0006586609,-0.02154601,0.04788208,-0.2303314,0.9719238,0.03131531,0.0006585999,-0.02154591,0.03131531,0.0006585999,-0.02154591,0.04788208,-0.2303314,0.9719238,0.04788208,-0.2303314,0.9719238,5.295898,5.295898,True,True,True
1654833,63779589537854,-13.58723,2.593529,-0.05686086,-0.116745,0.8975386,0.1304128,-0.4047069,0.03131071,0.000660965,-0.02155817,0.04908752,-0.2275696,0.9725189,0.03131935,0.0006607209,-0.02155786,0.03131935,0.0006607209,-0.02155786,0.04907227,-0.2275696,0.9725189,0.04907227,-0.2275696,0.9725189,5.325424,5.325424,True,True,True
1654841,63779589537865,-13.58726,2.593475,-0.05699569,-0.1165024,0.8975915,0.1302163,-0.4047226,0.03094631,0.0006735382,-0.02158464,0.05053711,-0.2267761,0.9726257,0.03132338,0.0006628418,-0.02156979,0.03132338,0.0006628418,-0.02156979,0.05041504,-0.2267609,0.972641,0.05041504,-0.2267609,0.972641,5.353958,5.353958,True,True,True
1654849,63779589537865,-13.58726,2.593475,-0.05699569,-0.1165024,0.8975915,0.1299713,-0.4046879,0.02589238,0.0008233185,-0.02179852,0.05430603,-0.2278442,0.972168,0.03132491,0.0006697236,-0.02158609,0.03132491,0.0006697236,-0.02158609,0.05273438,-0.2276001,0.9723206,0.05273438,-0.2276001,0.9723206,5.340469,5.340469,True,True,True
1654858,63779589537876,-13.58727,2.593455,-0.05704719,-0.1165083,0.897642,0.1299713,-0.4046879,0.02877525,0.0007484742,-0.02170146,0.05206299,-0.2281647,0.972229,0.03132642,0.0006766205,-0.02160239,0.03132642,0.0006766205,-0.02160239,0.05125427,-0.2280273,0.97229,0.05125427,-0.2280273,0.97229,5.352295,5.352295,True,True,True
1654866,63779589537887,-13.58721,2.593475,-0.05712235,-0.1164169,0.8977607,0.1296401,-0.404557,0.02991704,0.0007179718,-0.02165741,0.05348206,-0.2275238,0.97229,0.03132962,0.0006782227,-0.02160254,0.03132962,0.0006782227,-0.02160254,0.05310059,-0.2274475,0.9723358,0.05310059,-0.2274475,0.9723358,5.339996,5.339996,True,True,True
1654874,63779589537898,-13.58717,2.593484,-0.05720729,-0.1165063,0.8978108,0.129214,-0.4045564,0.02976863,0.0007238159,-0.02166345,0.05529785,-0.2269745,0.9723206,0.03133281,0.0006798249,-0.02160269,0.03133281,0.0006798249,-0.02160269,0.05493164,-0.2268677,0.9723663,0.05493164,-0.2268677,0.9723663,5.327682,5.327682,True,True,True
1654883,63779589537909,-13.58709,2.593404,-0.05728954,-0.1163828,0.8979965,0.128495,-0.4044084,0.02911972,0.0007462616,-0.02169901,0.05709839,-0.2262268,0.9723969,0.03133551,0.0006841126,-0.02161334,0.03133551,0.0006841126,-0.02161334,0.05667114,-0.2260284,0.9724579,0.05667114,-0.2260284,0.9724579,5.340088,5.340088,True,True,True
1654891,63779589537909,-13.58709,2.593404,-0.05728954,-0.1163828,0.8979965,0.128495,-0.4044084,0.02713342,0.0008060609,-0.02178581,0.05734253,-0.2256927,0.9725037,0.03133823,0.0006884003,-0.02162398,0.03133823,0.0006884003,-0.02162398,0.05654907,-0.225296,0.972641,0.05654907,-0.225296,0.972641,5.352249,5.352249,True,True,True
1654899,63779589537921,-13.58705,2.593331,-0.05733281,-0.1164046,0.8981521,0.1278598,-0.4042581,0.02135091,0.0009715119,-0.02202043,0.05812073,-0.2256012,0.9724731,0.03134041,0.000692749,-0.02163785,0.03134041,0.000692749,-0.02163785,0.05601501,-0.2246246,0.9728241,0.05601501,-0.2246246,0.9728241,5.33934,5.33934,True,True,True
1654908,63779589537932,-13.58704,2.593289,-0.05743736,-0.1162727,0.8984111,0.1269043,-0.4040216,0.01038188,0.001280441,-0.02245053,0.06187439,-0.2265472,0.9720306,0.03134259,0.0006970978,-0.02165173,0.03134259,0.0006970978,-0.02165173,0.05773926,-0.224762,0.9726868,0.05773926,-0.224762,0.9726868,5.351425,5.351425,True,True,True
1654916,63779589537932,-13.58704,2.593289,-0.05743736,-0.1162727,0.8984111,0.1269043,-0.4040216,0.005549576,0.001417694,-0.02264113,0.06256104,-0.2272797,0.9718018,0.03134508,0.0007014008,-0.02166254,0.03134508,0.0007014008,-0.02166254,0.05735779,-0.2246704,0.9727325,0.05735779,-0.2246704,0.9727325,5.351227,5.351227,True,True,True
1654924,63779589537944,-13.5871,2.593238,-0.05753428,-0.1161705,0.8985815,0.1262901,-0.4038644,0.005384552,0.001425537,-0.02265617,0.06307983,-0.2274475,0.9717407,0.03134757,0.0007056885,-0.02167334,0.03134757,0.0007056885,-0.02167334,0.05815125,-0.2245636,0.9727173,0.05815125,-0.2245636,0.9727173,5.351105,5.351105,True,True,True
1654933,63779589537955,-13.58712,2.593163,-0.05765742,-0.1160592,0.8988107,0.1256325,-0.4035914,0.005339737,0.001430512,-0.02265918,0.0627594,-0.2281952,0.9715881,0.03134781,0.0007097779,-0.02167394,0.03134781,0.0007097779,-0.02167394,0.05705261,-0.2254639,0.9725647,0.05705261,-0.2254639,0.9725647,5.350845,5.350845,True,True,True
1654941,63779589537966,-13.58717,2.593123,-0.05781299,-0.1159664,0.8989527,0.125212,-0.4034327,0.005306915,0.00143541,-0.02266419,0.06344604,-0.2285309,0.9714508,0.03134781,0.0007154236,-0.0216796,0.03134781,0.0007154236,-0.0216796,0.05821228,-0.2260742,0.9723663,0.05821228,-0.2260742,0.9723663,5.350403,5.350403,True,True,True
1654949,63779589537966,-13.58717,2.593123,-0.05781299,-0.1159664,0.8989527,0.125212,-0.4034327,0.005660111,0.001429214,-0.0226553,0.06317139,-0.2275696,0.9716949,0.03134781,0.0007216187,-0.02168643,0.03134781,0.0007216187,-0.02168643,0.05838013,-0.2241058,0.9728088,0.05838013,-0.2241058,0.9728088,5.353683,5.353683,True,True,True
1654958,63779589537977,-13.58723,2.59311,-0.05804688,-0.1158065,0.899034,0.1250854,-0.4033367,0.006220047,0.001414993,-0.02263812,0.06404114,-0.2267151,0.9718475,0.03134781,0.0007238007,-0.02169309,0.03134781,0.0007238007,-0.02169309,0.05918884,-0.223053,0.9729919,0.05918884,-0.223053,0.9729919,5.358078,5.358078,True,True,True
1654966,63779589537988,-13.58732,2.593189,-0.05826199,-0.1155206,0.8990358,0.1254004,-0.4033169,0.006781952,0.001402313,-0.02261972,0.06388855,-0.2253723,0.972168,0.03134781,0.0007279969,-0.02169652,0.03134781,0.0007279969,-0.02169652,0.05917358,-0.2212982,0.9734039,0.05917358,-0.2212982,0.9734039,5.358582,5.358582,True,True,True
1654974,63779589537999,-13.58747,2.593389,-0.05843228,-0.1147104,0.8990314,0.1265548,-0.4031972,0.007289658,0.00139444,-0.02260248,0.06303406,-0.2257996,0.9721222,0.03134781,0.0007383576,-0.02169939,0.03134781,0.0007383576,-0.02169939,0.05838013,-0.2230988,0.9730377,0.05838013,-0.2230988,0.9730377,5.357864,5.357864,True,True,True
1654983,63779589537999,-13.58747,2.593389,-0.05843228,-0.1147104,0.8990314,0.1265548,-0.4031972,0.007310715,0.001403961,-0.02261109,0.06311035,-0.2229919,0.9727631,0.03134781,0.0007543335,-0.02171362,0.03134781,0.0007543335,-0.02171362,0.05911255,-0.218277,0.9740906,0.05911255,-0.218277,0.9740906,5.358643,5.358643,True,True,True
1654991,63779589538010,-13.58757,2.593637,-0.05866075,-0.1137309,0.8989187,0.1279336,-0.4032907,0.006999298,0.001424713,-0.02263532,0.06314087,-0.2249756,0.9723053,0.03134781,0.0007744446,-0.02173413,0.03134781,0.0007744446,-0.02173413,0.05914307,-0.2217712,0.9732971,0.05914307,-0.2217712,0.9732971,5.359344,5.359344,True,True,True
1654999,63779589538021,-13.58765,2.593887,-0.05884975,-0.1124024,0.8988572,0.1292539,-0.4033793,0.006075867,0.001457016,-0.02268228,0.06033325,-0.2271423,0.9719849,0.03133202,0.000783844,-0.02175743,0.03133202,0.000783844,-0.02175743,0.05461121,-0.225296,0.9727478,0.05461121,-0.225296,0.9727478,5.375931,5.375931,True,True,True
1655008,63779589538032,-13.58768,2.594042,-0.05903286,-0.1112015,0.8988842,0.1302786,-0.4033225,0.006166199,0.001442215,-0.02265378,0.06530762,-0.2229004,0.972641,0.03133034,0.0007561951,-0.02171324,0.03133034,0.0007561951,-0.02171324,0.06271362,-0.216507,0.9742584,0.06271362,-0.216507,0.9742584,5.337128,5.337128,True,True,True
1655016,63779589538043,-13.58765,2.594129,-0.05919665,-0.1100974,0.8989335,0.1309187,-0.4033082,0.006407425,0.001423492,-0.0226323,0.06163025,-0.2326965,0.9705811,0.03133501,0.0007338867,-0.02169135,0.03133501,0.0007338867,-0.02169135,0.05679321,-0.2325439,0.9709167,0.05679321,-0.2325439,0.9709167,5.352753,5.352753,True,True,True
1655024,63779589538043,-13.58765,2.594129,-0.05919665,-0.1100974,0.8989335,0.1309187,-0.4033082,0.006498551,0.001416168,-0.02262773,0.06036377,-0.2309113,0.9710846,0.03133742,0.0007255097,-0.02168941,0.03133742,0.0007255097,-0.02168941,0.05519104,-0.2293549,0.9717712,0.05519104,-0.2293549,0.9717712,5.360046,5.360046,True,True,True
1655033,63779589538054,-13.58763,2.594135,-0.0593437,-0.1090202,0.8990921,0.1307497,-0.4033021,0.006485779,0.001411758,-0.0226286,0.06266785,-0.2298126,0.9712067,0.03133981,0.0007171326,-0.02169135,0.03133981,0.0007171326,-0.02169135,0.05737305,-0.2282104,0.9719086,0.05737305,-0.2282104,0.9719086,5.353287,5.353287,True,True,True
1655041,63779589538066,-13.58751,2.594147,-0.05948198,-0.1079288,0.8992601,0.1300139,-0.4034589,0.006467011,0.001410797,-0.02263266,0.06278992,-0.2297058,0.9712219,0.03134079,0.0007145081,-0.02169719,0.03134079,0.0007145081,-0.02169719,0.05575562,-0.2280884,0.9720306,0.05575562,-0.2280884,0.9720306,5.359787,5.359787,True,True,True
1655049,63779589538077,-13.58736,2.594134,-0.05964833,-0.1069899,0.899584,0.1285328,-0.4034614,0.006518769,0.001407837,-0.02263405,0.06517029,-0.2296143,0.9710846,0.03134071,0.0007118836,-0.02170302,0.03134071,0.0007118836,-0.02170302,0.057724,-0.2280121,0.9719391,0.057724,-0.2280121,0.9719391,5.36673,5.36673,True,True,True
1655058,63779589538077,-13.58736,2.594134,-0.05964833,-0.1069899,0.899584,0.1285328,-0.4034614,0.006606369,0.001404633,-0.02263574,0.06521606,-0.2299652,0.970993,0.03134027,0.0007106171,-0.02171173,0.03134027,0.0007106171,-0.02171173,0.05793762,-0.2278442,0.9719543,0.05793762,-0.2278442,0.9719543,5.359268,5.359268,True,True,True
1655066,63779589538088,-13.58712,2.59412,-0.05984908,-0.1059096,0.9000614,0.1269726,-0.4031757,0.00666391,0.001402267,-0.02263274,0.0652771,-0.2306976,0.9708252,0.03133981,0.0007093506,-0.02171188,0.03133981,0.0007093506,-0.02171188,0.05751038,-0.2282257,0.9718933,0.05751038,-0.2282257,0.9718933,5.366379,5.366379,True,True,True
1655074,63779589538100,-13.58697,2.594048,-0.06005394,-0.105172,0.9004734,0.1254271,-0.4029326,0.007365174,0.00138205,-0.02259874,0.06417847,-0.2305756,0.970932,0.03133948,0.0007084809,-0.02170746,0.03133948,0.0007084809,-0.02170746,0.05604553,-0.2276001,0.9721375,0.05604553,-0.2276001,0.9721375,5.359436,5.359436,True,True,True
1655083,63779589538100,-13.58697,2.594048,-0.06005394,-0.105172,0.9004734,0.1254271,-0.4029326,0.008431443,0.001346726,-0.0225564,0.06452942,-0.2292328,0.9712219,0.03133914,0.0007093506,-0.02170302,0.03133914,0.0007093506,-0.02170302,0.05722046,-0.227417,0.9721069,0.05722046,-0.227417,0.9721069,5.352814,5.352814,True,True,True
1655091,63779589538111,-13.5869,2.593972,-0.06028241,-0.1047173,0.9010472,0.1233985,-0.4023941,0.00913205,0.001348419,-0.02252838,0.05990601,-0.2332764,0.9705505,0.03132677,0.0007537995,-0.0217004,0.03132677,0.0007537995,-0.0217004,0.04971313,-0.2337799,0.9710083,0.04971313,-0.2337799,0.9710083,5.313828,5.313828,True,True,True
1655099,63779589538122,-13.58685,2.593814,-0.06060523,-0.1043771,0.9015594,0.1217216,-0.4018457,0.007441956,0.001423004,-0.02264128,0.06925964,-0.2384491,0.9686737,0.03131525,0.0008074951,-0.0217854,0.03131525,0.0008074951,-0.0217854,0.06430054,-0.2398682,0.9686584,0.06430054,-0.2398682,0.9686584,5.307556,5.307556,True,True,True
1655108,63779589538134,-13.5869,2.593806,-0.06092018,-0.1040199,0.902001,0.1205002,-0.4013151,-0.009133209,0.001892288,-0.02334032,0.06237793,-0.2444763,0.9676361,0.03131894,0.0009254151,-0.02209581,0.03131894,0.0009254151,-0.02209581,0.03634644,-0.2257996,0.9734802,0.03634644,-0.2257996,0.9734802,5.340744,5.340744,True,True,True
1655116,63779589538134,-13.5869,2.593806,-0.06092018,-0.1040199,0.902001,0.1205002,-0.4013151,-0.02162491,0.002214401,-0.0237137,0.07791138,-0.2581482,0.9629517,0.03128693,0.0009931794,-0.02213338,0.03128693,0.0009931794,-0.02213338,0.06132507,-0.2021179,0.9774323,0.06132507,-0.2021179,0.9774323,5.544327,5.544327,True,True,True
1655124,63779589538145,-13.58695,2.5939,-0.06133389,-0.1034543,0.9023532,0.1202922,-0.4007316,-0.02145697,0.002309708,-0.02371019,0.07632446,-0.2395477,0.967865,0.03120477,0.0009556122,-0.02160433,0.03120477,0.0009556122,-0.02160433,0.04582214,-0.1782684,0.9829102,0.04582214,-0.1782684,0.9829102,5.582123,5.582123,True,True,True
1655133,63779589538157,-13.58704,2.594131,-0.06165868,-0.1025116,0.9027203,0.1203671,-0.400124,-0.02684725,0.002547852,-0.023872,0.06852722,-0.2845612,0.956192,0.03131253,0.0005672608,-0.01883957,0.03131253,0.0005672608,-0.01883957,0.07725525,-0.3136749,0.9463654,0.07725525,-0.3136749,0.9463654,5.346909,5.346909,True,True,True
1655141,63779589538157,-13.58704,2.594131,-0.06165868,-0.1025116,0.9027203,0.1203671,-0.400124,-0.02682643,0.002724671,-0.02381882,0.08779907,-0.312088,0.9459686,0.03114797,0.001121475,-0.02080397,0.03114797,0.001121475,-0.02080397,0,0,0,0,0,0,-1,-1,True,True,True
1655149,63779589538169,-13.58712,2.594375,-0.06198597,-0.1016486,0.9029648,0.1205607,-0.399734,-0.001,-0.001,-0.001,1,-1,-1,0.03111942,0.001291626,-0.02094226,0.03111942,0.001291626,-0.02094226,0,0,0,0,0,0,-1,-1,False,True,True
1655158,63779589538180,-13.5872,2.594683,-0.06227636,-0.1002413,0.9032189,0.1208682,-0.3994223,-0.001,-0.001,-0.001,1,-1,-1,0.03111942,0.001291626,-0.02094226,0.03111942,0.001291626,-0.02094226,0,0,0,0,0,0,-1,-1,False,False,False
1655166,63779589538190,-13.58716,2.594937,-0.06243026,-0.09866165,0.9034858,0.121418,-0.3990451,-0.001,-0.001,-0.001,1,-1,-1,0.03505155,-0.0006626282,-0.02384183,0.03505155,-0.0006626282,-0.02384183,0,0,0,0,0,0,-1,-1,False,True,True
1655174,63779589538190,-13.58716,2.594937,-0.06243026,-0.09866165,0.9034858,0.121418,-0.3990451,-0.001,-0.001,-0.001,1,-1,-1,0.03505155,-0.0006626282,-0.02384183,0.03505155,-0.0006626282,-0.02384183,0,0,0,0,0,0,-1,-1,False,False,False
1655183,63779589538203,-13.58713,2.595149,-0.06259573,-0.09696119,0.9037514,0.1215509,-0.3988201,-0.001,-0.001,-0.001,1,-1,-1,0.03505155,-0.0006626282,-0.02384183,0.03505155,-0.0006626282,-0.02384183,0,0,0,0,0,0,-1,-1,False,False,False
1655191,63779589538213,-13.58706,2.595245,-0.06277752,-0.0953252,0.9039236,0.1213792,-0.3988765,-0.001,-0.001,-0.001,1,-1,-1,0.03109848,-0.0008139496,-0.02220226,0.03109848,-0.0008139496,-0.02220226,0,0,0,0,0,0,-1,-1,False,True,True
1655199,63779589538225,-13.58697,2.595304,-0.06286561,-0.09383401,0.904129,0.1209517,-0.3988943,-0.001,-0.001,-0.001,1,-1,-1,0.0342061,-0.001282623,-0.02349956,0.0342061,-0.001282623,-0.02349956,0,0,0,0,0,0,-1,-1,False,True,True
1655208,63779589538225,-13.58697,2.595304,-0.06286561,-0.09383401,0.904129,0.1209517,-0.3988943,-0.001,-0.001,-0.001,1,-1,-1,0.0342061,-0.001282623,-0.02349956,0.0342061,-0.001282623,-0.02349956,0,0,0,0,0,0,-1,-1,False,False,False
1655216,63779589538237,-13.58688,2.595372,-0.06295544,-0.09268969,0.9042047,0.1205427,-0.3991142,-0.001,-0.001,-0.001,1,-1,-1,0.0342061,-0.001282623,-0.02349956,0.0342061,-0.001282623,-0.02349956,0,0,0,0,0,0,-1,-1,False,False,False
1655224,63779589538248,-13.58685,2.595444,-0.06305462,-0.0916642,0.904318,0.1199602,-0.3992696,-0.001,-0.001,-0.001,1,-1,-1,0.03135487,-0.0008234101,-0.02220367,0.03135487,-0.0008234101,-0.02220367,0,0,0,0,0,0,-1,-1,False,True,True
1655233,63779589538248,-13.58685,2.595444,-0.06305462,-0.0916642,0.904318,0.1199602,-0.3992696,-0.001,-0.001,-0.001,1,-1,-1,0.03160105,-0.0007170258,-0.02215984,0.03160105,-0.0007170258,-0.02215984,0,0,0,0,0,0,-1,-1,False,True,True
1655241,63779589538259,-13.58683,2.595394,-0.06314856,-0.09087825,0.9044608,0.1192805,-0.3993297,-0.001,-0.001,-0.001,1,-1,-1,0.03341582,0.000304657,-0.02175705,0.03341582,0.000304657,-0.02175705,0,0,0,0,0,0,-1,-1,False,True,True
1655249,63779589538270,-13.58671,2.595321,-0.06321561,-0.09045815,0.9045591,0.1187052,-0.3993738,-0.001,-0.001,-0.001,1,-1,-1,0.0342932,-0.0008466492,-0.0244017,0.0342932,-0.0008466492,-0.0244017,0,0,0,0,0,0,-1,-1,False,True,True
1655258,63779589538281,-13.5866,2.595228,-0.06321478,-0.09015368,0.9047202,0.1180155,-0.399282,-0.001,-0.001,-0.001,1,-1,-1,0.0342932,-0.0008466492,-0.0244017,0.0342932,-0.0008466492,-0.0244017,0,0,0,0,0,0,-1,-1,False,False,False
1655266,63779589538281,-13.5866,2.595228,-0.06321478,-0.09015368,0.9047202,0.1180155,-0.399282,-0.001,-0.001,-0.001,1,-1,-1,0.031802,-0.0002123413,-0.02196069,0.031802,-0.0002123413,-0.02196069,0,0,0,0,0,0,-1,-1,False,True,True
1655274,63779589538293,-13.58649,2.595129,-0.06326723,-0.09019209,0.9048697,0.1172366,-0.3991638,-0.001,-0.001,-0.001,1,-1,-1,0.03249425,0.0009463807,-0.02153334,0.03249425,0.0009463807,-0.02153334,0,0,0,0,0,0,-1,-1,False,True,True
1655283,63779589538304,-13.58632,2.59497,-0.06336325,-0.09027446,0.905034,0.1166238,-0.3989522,-0.001,-0.001,-0.001,1,-1,-1,0.03230007,0.001028397,-0.02161434,0.03230007,0.001028397,-0.02161434,0,0,0,0,0,0,-1,-1,False,True,True
1655291,63779589538315,-13.58628,2.594921,-0.06342357,-0.09058663,0.905233,0.1160451,-0.3985988,-0.001,-0.001,-0.001,1,-1,-1,0.03250606,0.0003591767,-0.01956394,0.03250606,0.0003591767,-0.01956394,0,0,0,0,0,0,-1,-1,False,True,True
1655299,63779589538315,-13.58623,2.594816,-0.06349903,-0.09084199,0.905353,0.1157655,-0.3983491,-0.001,-0.001,-0.001,1,-1,-1,0.03121346,0.001615769,-0.02229337,0.03121346,0.001615769,-0.02229337,0,0,0,0,0,0,-1,-1,False,True,True
1655308,63779589538327,-13.58623,2.594816,-0.06349903,-0.09084199,0.905353,0.1157655,-0.3983491,-0.001,-0.001,-0.001,1,-1,-1,0.03169991,-0.0004165802,-0.01167499,0.03169991,-0.0004165802,-0.01167499,0,0,0,0,0,0,-1,-1,False,True,True
1655316,63779589538337,-13.5862,2.594656,-0.06355828,-0.09134252,0.9054334,0.115539,-0.3981178,-0.001,-0.001,-0.001,1,-1,-1,0.03112711,0.0007596436,-0.01489267,0.03112711,0.0007596436,-0.01489267,0,0,0,0,0,0,-1,-1,False,True,True
1655324,63779589538348,-13.58617,2.594584,-0.06361389,-0.09182733,0.9055044,0.1152827,-0.3979189,-0.001,-0.001,-0.001,1,-1,-1,0.03077356,0.00356099,-0.02230135,0.03077356,0.00356099,-0.02230135,0,0,0,0,0,0,-1,-1,False,True,True
1655333,63779589538359,-13.58614,2.594476,-0.06364661,-0.09249837,0.9055738,0.1150572,-0.3976706,-0.001,-0.001,-0.001,1,-1,-1,0.03093935,0.002179627,-0.02232665,0.03093935,0.002179627,-0.02232665,0,0,0,0,0,0,-1,-1,False,True,True
1655341,63779589538359,-13.58614,2.594476,-0.06364661,-0.09249837,0.9055738,0.1150572,-0.3976706,-0.001,-0.001,-0.001,1,-1,-1,0.03090885,0.00222226,-0.02254894,0.03090885,0.00222226,-0.02254894,0,0,0,0,0,0,-1,-1,False,True,True
1655349,63779589538371,-13.58611,2.594363,-0.063667,-0.09332401,0.9055698,0.1148434,-0.3975486,-0.001,-0.001,-0.001,1,-1,-1,0.03091295,0.002196625,-0.02263197,0.03091295,0.002196625,-0.02263197,0,0,0,0,0,0,-1,-1,False,True,True
1655358,63779589538381,-13.58608,2.594273,-0.06370336,-0.09407977,0.905622,0.1147448,-0.39728,-0.001,-0.001,-0.001,1,-1,-1,0.03093944,0.002167694,-0.02223158,0.03093944,0.002167694,-0.02223158,0,0,0,0,0,0,-1,-1,False,True,True
1655366,63779589538393,-13.58616,2.594201,-0.06380022,-0.09473229,0.9056746,0.114719,-0.3970123,-0.001,-0.001,-0.001,1,-1,-1,0.0309203,0.002162201,-0.02264703,0.0309203,0.002162201,-0.02264703,0,0,0,0,0,0,-1,-1,False,True,True
1655374,63779589538393,-13.58616,2.594201,-0.06380022,-0.09473229,0.9056746,0.114719,-0.3970123,-0.001,-0.001,-0.001,1,-1,-1,0.03091005,0.002175354,-0.02265091,0.03091005,0.002175354,-0.02265091,0,0,0,0,0,0,-1,-1,False,True,True
1655383,63779589538404,-13.58615,2.594133,-0.06387007,-0.09524165,0.9057562,0.1146178,-0.3967335,-0.001,-0.001,-0.001,1,-1,-1,0.03094682,0.002074081,-0.02239783,0.03094682,0.002074081,-0.02239783,0,0,0,0,0,0,-1,-1,False,True,True
1655391,63779589538415,-13.58613,2.594098,-0.06396234,-0.09554628,0.905832,0.1145003,-0.3965211,-0.02726055,0.003502014,-0.02417879,0.1128998,-0.06259155,0.9916229,0.03094429,0.002328812,-0.02335529,0.03094429,0.002328812,-0.02335529,0.06150818,-0.04838562,0.9969177,0.06150818,-0.04838562,0.9969177,5.450745,5.450745,True,True,True
1655399,63779589538426,-13.58613,2.594113,-0.06401747,-0.0957361,0.9059323,0.1143439,-0.3962913,0.03091977,0.002299668,-0.02328708,0.07305908,-0.06300354,0.9953308,0.03093518,0.002299362,-0.02328687,0.03093518,0.002299362,-0.02328687,0.07304382,-0.06300354,0.9953308,0.07304382,-0.06300354,0.9953308,5.36763,5.36763,True,True,True
1655408,63779589538426,-13.58613,2.594113,-0.06401747,-0.0957361,0.9059323,0.1143439,-0.3962913,0.03073042,0.002316772,-0.0232927,0.08164978,-0.02989197,0.9962006,0.03093808,0.002312622,-0.02328943,0.03093808,0.002312622,-0.02328943,0.08157349,-0.02983093,0.9962158,0.08157349,-0.02983093,0.9962158,5.517517,5.517517,True,True,True
1655416,63779589538437,-13.58611,2.594112,-0.0640499,-0.09574989,0.9060295,0.114221,-0.3961012,0.03015811,0.002068695,-0.02259174,0.10289,-0.04444885,0.9936829,0.03097817,0.002047913,-0.02256548,0.03097817,0.002047913,-0.02256548,0.1029968,-0.04414368,0.9936981,0.1029968,-0.04414368,0.9936981,5.431137,5.431137,True,True,True
1655424,63779589538448,-13.5862,2.594131,-0.0640713,-0.0958057,0.9061442,0.114169,-0.3958401,0.02827509,0.002181534,-0.02291315,0.09938049,-0.05145264,0.9937134,0.03094173,0.002116318,-0.02283862,0.03094173,0.002116318,-0.02283862,0.09913635,-0.05099487,0.9937592,0.09913635,-0.05099487,0.9937592,5.422897,5.422897,True,True,True
1655433,63779589538459,-13.5862,2.594149,-0.06414056,-0.09584181,0.9062155,0.1141677,-0.3956684,0.02728391,0.002107086,-0.022606,0.1033783,-0.05285645,0.9932251,0.03097727,0.002002228,-0.02244113,0.03097727,0.002002228,-0.02244113,0.1044464,-0.04986572,0.9932709,0.1044464,-0.04986572,0.9932709,5.343658,5.343658,True,True,True
1655441,63779589538459,-13.5862,2.594149,-0.06414056,-0.09584181,0.9062155,0.1141677,-0.3956684,0.02989645,0.002034775,-0.0225172,0.1082764,-0.04747009,0.992981,0.03097641,0.002003647,-0.02246649,0.03097641,0.002003647,-0.02246649,0.1087189,-0.04644775,0.992981,0.1087189,-0.04644775,0.992981,5.378647,5.378647,True,True,True
1655449,63779589538470,-13.58625,2.594194,-0.06420726,-0.09588698,0.9062641,0.1142234,-0.3955301,0.009972657,0.00260463,-0.02342948,0.1020813,-0.06362915,0.9927368,0.03097852,0.002009613,-0.02247696,0.03097852,0.002009613,-0.02247696,0.1078186,-0.04486084,0.9931488,0.1078186,-0.04486084,0.9931488,5.416946,5.416946,True,True,True
1655458,63779589538482,-13.58624,2.594246,-0.06432253,-0.0958506,0.9062998,0.1142987,-0.3954354,0.01418851,0.002487167,-0.02316207,0.09004211,-0.06401062,0.993866,0.03092899,0.002030212,-0.0224124,0.03092899,0.002030212,-0.0224124,0.08726501,-0.05160522,0.9948425,0.08726501,-0.05160522,0.9948425,5.392975,5.392975,True,True,True
1655466,63779589538493,-13.58624,2.59429,-0.06441391,-0.09570985,0.9063708,0.1144552,-0.3952615,0.02725025,0.00212883,-0.0226173,0.08889771,-0.06748962,0.9937439,0.03092674,0.002026138,-0.02244466,0.03092674,0.002026138,-0.02244466,0.08900452,-0.06521606,0.9938812,0.08900452,-0.06521606,0.9938812,5.453827,5.453827,True,True,True
1655474,63779589538493,-13.58624,2.59429,-0.06441391,-0.09570985,0.9063708,0.1144552,-0.3952615,0.02965939,0.002030564,-0.02241205,0.09864807,-0.07745361,0.9920959,0.03093373,0.001994461,-0.02235057,0.03093373,0.001994461,-0.02235057,0.09881592,-0.07678223,0.9921265,0.09881592,-0.07678223,0.9921265,5.31601,5.31601,True,True,True
1655483,63779589538504,-13.58629,2.594381,-0.06452352,-0.09540343,0.9065033,0.1144,-0.3950478,0.0299702,0.001997986,-0.02232898,0.098526,-0.07327271,0.9924316,0.03092726,0.001970657,-0.02228178,0.03092726,0.001970657,-0.02228178,0.09863281,-0.07267761,0.9924622,0.09863281,-0.07267761,0.9924622,5.364105,5.364105,True,True,True
1655491,63779589538515,-13.58635,2.594416,-0.06467533,-0.09528635,0.9065668,0.1145953,-0.3948736,0.03010925,0.002010239,-0.0223741,0.09350586,-0.06388855,0.9935608,0.03092519,0.001986908,-0.02233296,0.03092519,0.001986908,-0.02233296,0.09356689,-0.06343079,0.993576,0.09356689,-0.06343079,0.993576,5.335876,5.335876,True,True,True
1655499,63779589538526,-13.58641,2.594526,-0.06475776,-0.09497108,0.9066407,0.1147717,-0.3947285,0.02493663,0.002163849,-0.02269252,0.09849548,-0.06561279,0.9929657,0.03093915,0.001993973,-0.02239757,0.03093915,0.001993973,-0.02239757,0.098526,-0.06239319,0.9931641,0.098526,-0.06239319,0.9931641,5.335327,5.335327,True,True,True
1655508,63779589538526,-13.58641,2.594526,-0.06475776,-0.09497108,0.9066407,0.1147717,-0.3947285,0.01385042,0.00247287,-0.02326201,0.1013489,-0.06964111,0.9924011,0.03095004,0.001986908,-0.02242822,0.03095004,0.001986908,-0.02242822,0.1026611,-0.05981445,0.9929047,0.1026611,-0.05981445,0.9929047,5.334427,5.334427,True,True,True
1655516,63779589538537,-13.58647,2.594605,-0.06489635,-0.0947106,0.9067164,0.1150469,-0.394537,0.01599809,0.002414169,-0.02319042,0.09999084,-0.07093811,0.9924469,0.03094539,0.001986801,-0.02243338,0.03094539,0.001986801,-0.02243338,0.1004333,-0.06550598,0.9927826,0.1004333,-0.06550598,0.9927826,5.326843,5.326843,True,True,True
1655524,63779589538548,-13.58651,2.594665,-0.06505078,-0.0945005,0.9068034,0.1150683,-0.3943811,0.01971559,0.002304215,-0.02299426,0.09793091,-0.07536316,0.9923248,0.03094074,0.001986908,-0.02243854,0.03094074,0.001986908,-0.02243854,0.09872437,-0.07113647,0.9925537,0.09872437,-0.07113647,0.9925537,5.319778,5.319778,True,True,True
1655533,63779589538559,-13.58654,2.594692,-0.06518871,-0.09426688,0.9068707,0.114995,-0.3943037,0.01919008,0.002315887,-0.02301164,0.09698486,-0.07395935,0.9925232,0.03093979,0.001986801,-0.02243338,0.03093979,0.001986801,-0.02243338,0.09912109,-0.06977844,0.9926147,0.09912109,-0.06977844,0.9926147,5.315506,5.315506,True,True,True
1655541,63779589538559,-13.58654,2.594692,-0.06518871,-0.09426688,0.9068707,0.114995,-0.3943037,0.01166299,0.002518951,-0.02336305,0.09608459,-0.07749939,0.9923401,0.03093883,0.001986908,-0.02243854,0.03093883,0.001986908,-0.02243854,0.09959412,-0.0703125,0.9925385,0.09959412,-0.0703125,0.9925385,5.320419,5.320419,True,True,True
1655549,63779589538570,-13.5866,2.594733,-0.06536233,-0.09421654,0.9068712,0.1150324,-0.3943037,0.00913298,0.002590271,-0.02349796,0.09693909,-0.07556152,0.9924164,0.03093201,0.001989456,-0.02245037,0.03093201,0.001989456,-0.02245037,0.09712219,-0.06890869,0.9928741,0.09712219,-0.06890869,0.9928741,5.315201,5.315201,True,True,True
1655558,63779589538582,-13.58668,2.594773,-0.06550795,-0.09409286,0.9069173,0.1149934,-0.3942384,0.008149567,0.002623291,-0.02357202,0.09494019,-0.07373047,0.9927368,0.03092519,0.001992004,-0.02246217,0.03092519,0.001992004,-0.02246217,0.09587097,-0.06750488,0.9930878,0.09587097,-0.06750488,0.9930878,5.320694,5.320694,True,True,True
1655566,63779589538593,-13.58674,2.594823,-0.06565297,-0.0938853,0.9069586,0.1148567,-0.3942329,0.009795136,0.002576462,-0.02349642,0.0932312,-0.07429504,0.9928589,0.03091423,0.001996521,-0.0224847,0.03091423,0.001996521,-0.0224847,0.09353638,-0.06838989,0.9932556,0.09353638,-0.06838989,0.9932556,5.321655,5.321655,True,True,True
1655574,63779589538593,-13.58674,2.594823,-0.06565297,-0.0938853,0.9069586,0.1148567,-0.3942329,0.01106558,0.002540222,-0.02343584,0.09303284,-0.07429504,0.9928741,0.03090329,0.002001038,-0.02250722,0.03090329,0.002001038,-0.02250722,0.09114075,-0.06686401,0.993576,0.09114075,-0.06686401,0.993576,5.318573,5.318573,True,True,True
1655583,63779589538604,-13.58683,2.59488,-0.06581801,-0.09358006,0.9069381,0.1146606,-0.3944097,0.0005587769,0.002854523,-0.02405513,0.08953857,-0.07510376,0.9931335,0.03088168,0.002066132,-0.02278673,0.03088168,0.002066132,-0.02278673,0.08554077,-0.06643677,0.9941101,0.08554077,-0.06643677,0.9941101,5.310196,5.310196,True,True,True
1655591,63779589538615,-13.58691,2.594913,-0.06597304,-0.09335082,0.9069458,0.1146132,-0.3944601,-0.02229518,0.003454758,-0.02503871,0.09074402,-0.08460999,0.9922638,0.03086006,0.002119187,-0.02303378,0.03086006,0.002119187,-0.02303378,0.07991028,-0.06420898,0.9947205,0.07991028,-0.06420898,0.9947205,5.298813,5.298813,True,True,True
1655599,63779589538626,-13.58703,2.595001,-0.06611902,-0.09298515,0.9069679,0.1143919,-0.3945598,-0.02671396,0.003567383,-0.02521225,0.09310913,-0.08280945,0.9922028,0.03086002,0.002120972,-0.02304465,0.03086002,0.002120972,-0.02304465,0.07989502,-0.06428528,0.9947205,0.07989502,-0.06428528,0.9947205,5.301056,5.301056,True,True,True
1655608,63779589538626,-13.58703,2.595001,-0.06611902,-0.09298515,0.9069679,0.1143919,-0.3945598,-0.02718199,0.003579117,-0.0252323,0.09414673,-0.08351135,0.9920349,0.03085997,0.002122635,-0.02305422,0.03085997,0.002122635,-0.02305422,0.07987976,-0.06446838,0.9947052,0.07987976,-0.06446838,0.9947052,5.303223,5.303223,True,True,True
1655616,63779589538637,-13.58716,2.59503,-0.0662564,-0.09272276,0.9069383,0.1142163,-0.3947403,-0.02724893,0.003580765,-0.02523241,0.0932312,-0.08442688,0.9920502,0.03085997,0.002122635,-0.02305422,0.03085997,0.002122635,-0.02305422,0.07991028,-0.0650177,0.9946747,0.07991028,-0.0650177,0.9946747,5.303055,5.303055,True,True,True
1655624,63779589538648,-13.58727,2.595029,-0.06641513,-0.09236604,0.9068742,0.1140084,-0.3950313,-0.02722235,0.003578537,-0.02523386,0.09393311,-0.08576965,0.9918671,0.03085997,0.002122635,-0.02305422,0.03085997,0.002122635,-0.02305422,0.08039856,-0.06532288,0.9946136,0.08039856,-0.06532288,0.9946136,5.302994,5.302994,True,True,True
1655633,63779589538659,-13.58738,2.595026,-0.06658733,-0.09210555,0.9068404,0.1136341,-0.3952777,-0.0271133,0.003570282,-0.02523499,0.09286499,-0.09255981,0.9913635,0.03085997,0.002122635,-0.02305422,0.03085997,0.002122635,-0.02305422,0.08113098,-0.06503296,0.9945679,0.08113098,-0.06503296,0.9945679,5.307068,5.307068,True,True,True
1655641,63779589538659,-13.58738,2.595026,-0.06658733,-0.09210555,0.9068404,0.1136341,-0.3952777,-0.02654552,0.003547653,-0.02516289,0.09970093,-0.0974884,0.9902191,0.03085997,0.002122635,-0.02305422,0.03085997,0.002122635,-0.02305422,0.08128357,-0.0645752,0.9945831,0.08128357,-0.0645752,0.9945831,5.32132,5.32132,True,True,True
1655649,63779589538670,-13.58751,2.594983,-0.06673217,-0.0917315,0.906866,0.1132102,-0.3954275,-0.02160556,0.003455658,-0.02511026,0.08178711,-0.09700012,0.9919128,0.03085997,0.002122635,-0.02305422,0.03085997,0.002122635,-0.02305422,0.08128357,-0.0645752,0.9945831,0.08128357,-0.0645752,0.9945831,5.321533,5.321533,True,True,True
1655658,63779589538681,-13.5876,2.594995,-0.0669325,-0.09156821,0.9068096,0.1128026,-0.395711,-0.02378716,0.003456986,-0.02497208,0.1053925,-0.09934998,0.9894409,0.03084387,0.001952972,-0.02237578,0.03084387,0.001952972,-0.02237578,0.08331299,-0.05189514,0.995163,0.08331299,-0.05189514,0.995163,5.379959,5.379959,True,True,True
1655666,63779589538693,-13.58771,2.59497,-0.0671019,-0.09153388,0.9067695,0.1123874,-0.395929,-0.02652434,0.003486511,-0.0249196,0.102356,-0.1059265,0.9890747,0.0308002,0.001968063,-0.02232365,0.0308002,0.001968063,-0.02232365,0.07830811,-0.04606628,0.9958496,0.07830811,-0.04606628,0.9958496,5.470657,5.470657,True,True,True
1655674,63779589538693,-13.58771,2.59497,-0.0671019,-0.09153388,0.9067695,0.1123874,-0.395929,-0.02659831,0.003568711,-0.02522821,0.09086609,-0.1243591,0.9880524,0.03079125,0.002210724,-0.02305597,0.03079125,0.002210724,-0.02305597,0.06173706,-0.06629944,0.9958801,0.06173706,-0.06629944,0.9958801,5.46666,5.46666,True,True,True
1655683,63779589538704,-13.58782,2.594984,-0.06726658,-0.09181751,0.9066995,0.1120462,-0.3961203,-0.02720705,0.003521668,-0.02490724,0.09576416,-0.1319427,0.986618,0.03073592,0.002202362,-0.02285532,0.03073592,0.002202362,-0.02285532,0,0,0,0,0,0,-1,-1,True,True,True
1655691,63779589538715,-13.58793,2.594984,-0.06744629,-0.09202121,0.9066771,0.1115807,-0.3962555,-0.001,-0.001,-0.001,1,-1,-1,0.03077623,0.002099381,-0.02229971,0.03077623,0.002099381,-0.02229971,0,0,0,0,0,0,-1,-1,False,True,True
1655699,63779589538726,-13.58805,2.594976,-0.06765205,-0.09226152,0.9066165,0.1112422,-0.3964334,-0.001,-0.001,-0.001,1,-1,-1,0.03131183,0.001722092,-0.02257231,0.03131183,0.001722092,-0.02257231,0,0,0,0,0,0,-1,-1,False,True,True
1655708,63779589538726,-13.58805,2.594976,-0.06765205,-0.09226152,0.9066165,0.1112422,-0.3964334,-0.001,-0.001,-0.001,1,-1,-1,0.03131183,0.001722092,-0.02257231,0.03131183,0.001722092,-0.02257231,0,0,0,0,0,0,-1,-1,False,False,False
1655716,63779589538737,-13.58813,2.59499,-0.06772608,-0.09258737,0.9065865,0.1106757,-0.3965847,-0.001,-0.001,-0.001,1,-1,-1,0.0316149,0.0001322174,-0.02290924,0.0316149,0.0001322174,-0.02290924,0,0,0,0,0,0,-1,-1,False,True,True
1655724,63779589538748,-13.58831,2.595006,-0.06791675,-0.09263097,0.9066341,0.1100015,-0.3966533,-0.001,-0.001,-0.001,1,-1,-1,0.0316149,0.0001322174,-0.02290924,0.0316149,0.0001322174,-0.02290924,0,0,0,0,0,0,-1,-1,False,False,False
1655733,63779589538748,-13.58831,2.595006,-0.06791675,-0.09263097,0.9066341,0.1100015,-0.3966533,-0.001,-0.001,-0.001,1,-1,-1,0.0316149,0.0001322174,-0.02290924,0.0316149,0.0001322174,-0.02290924,0,0,0,0,0,0,-1,-1,False,False,False
1655741,63779589538760,-13.58849,2.594998,-0.06809908,-0.09241293,0.9067759,0.1092608,-0.3965845,-0.001,-0.001,-0.001,1,-1,-1,0.03170583,-0.000258255,-0.02307715,0.03170583,-0.000258255,-0.02307715,0,0,0,0,0,0,-1,-1,False,True,True
1655749,63779589538770,-13.58858,2.595015,-0.06830084,-0.09205396,0.9069405,0.10836,-0.3965389,-0.001,-0.001,-0.001,1,-1,-1,0.0350665,-0.0003418427,-0.02505559,0.0350665,-0.0003418427,-0.02505559,0,0,0,0,0,0,-1,-1,False,True,True
1655758,63779589538781,-13.58861,2.594994,-0.06848532,-0.09154891,0.907118,0.1075401,-0.3964729,-0.001,-0.001,-0.001,1,-1,-1,0.03530597,-0.0002692108,-0.02533995,0.03530597,-0.0002692108,-0.02533995,0,0,0,0,0,0,-1,-1,False,True,True
1655766,63779589538781,-13.58861,2.594994,-0.06848532,-0.09154891,0.907118,0.1075401,-0.3964729,-0.001,-0.001,-0.001,1,-1,-1,0.03217873,0.0005925904,-0.02277907,0.03217873,0.0005925904,-0.02277907,0,0,0,0,0,0,-1,-1,False,True,True
1655774,63779589538793,-13.58867,2.594989,-0.06867611,-0.09126934,0.9072497,0.1067669,-0.396445,-0.001,-0.001,-0.001,1,-1,-1,0.03199071,0.0003891144,-0.02281438,0.03199071,0.0003891144,-0.02281438,0,0,0,0,0,0,-1,-1,False,True,True
1655783,63779589538804,-13.58878,2.594991,-0.06888109,-0.09103467,0.9074134,0.1060128,-0.3963267,-0.001,-0.001,-0.001,1,-1,-1,0.0332214,0.0008883667,-0.02272437,0.0332214,0.0008883667,-0.02272437,0,0,0,0,0,0,-1,-1,False,True,True
1655791,63779589538815,-13.58884,2.594983,-0.0690763,-0.09068327,0.9075642,0.1052663,-0.396261,-0.001,-0.001,-0.001,1,-1,-1,0.03270951,0.001753052,-0.0224541,0.03270951,0.001753052,-0.0224541,0,0,0,0,0,0,-1,-1,False,True,True
1655799,63779589538826,-13.5889,2.594987,-0.06925023,-0.09040714,0.9076934,0.1044705,-0.3962389,-0.001,-0.001,-0.001,1,-1,-1,0.03086629,0.0001322327,-0.01710561,0.03086629,0.0001322327,-0.01710561,0,0,0,0,0,0,-1,-1,False,True,True
1655808,63779589538826,-13.5889,2.594987,-0.06925023,-0.09040714,0.9076934,0.1044705,-0.3962389,-0.001,-0.001,-0.001,1,-1,-1,0.03102702,0.001326737,-0.02074495,0.03102702,0.001326737,-0.02074495,0,0,0,0,0,0,-1,-1,False,True,True
1655816,63779589538837,-13.58895,2.595012,-0.06944662,-0.09012024,0.9078453,0.1037082,-0.3961563,-0.001,-0.001,-0.001,1,-1,-1,0.03143788,0.000843567,-0.01339722,0.03143788,0.000843567,-0.01339722,0,0,0,0,0,0,-1,-1,False,True,True
1655824,63779589538848,-13.58899,2.595008,-0.06960434,-0.08980609,0.9079809,0.1028324,-0.3961455,-0.001,-0.001,-0.001,1,-1,-1,0.03068063,0.002062271,-0.02219904,0.03068063,0.002062271,-0.02219904,0,0,0,0,0,0,-1,-1,False,True,True
1655833,63779589538859,-13.58906,2.594958,-0.06978661,-0.08932364,0.9081709,0.1019884,-0.396037,-0.001,-0.001,-0.001,1,-1,-1,0.03062401,0.002015183,-0.02290723,0.03062401,0.002015183,-0.02290723,0,0,0,0,0,0,-1,-1,False,True,True
1655841,63779589538859,-13.58906,2.594958,-0.06978661,-0.08932364,0.9081709,0.1019884,-0.396037,-0.001,-0.001,-0.001,1,-1,-1,0.03120262,9.96399E-05,-0.01465524,0.03120262,9.96399E-05,-0.01465524,0,0,0,0,0,0,-1,-1,False,True,True
1655849,63779589538870,-13.58905,2.594957,-0.06993717,-0.08887287,0.9083866,0.1009353,-0.3959134,-0.001,-0.001,-0.001,1,-1,-1,0.03061063,0.002101029,-0.02259805,0.03061063,0.002101029,-0.02259805,0,0,0,0,0,0,-1,-1,False,True,True
1655858,63779589538881,-13.58908,2.59492,-0.07005286,-0.08826574,0.9085814,0.09974685,-0.3959036,-0.001,-0.001,-0.001,1,-1,-1,0.0307332,0.001557648,-0.01933382,0.0307332,0.001557648,-0.01933382,0,0,0,0,0,0,-1,-1,False,True,True
1655866,63779589538893,-13.58909,2.594923,-0.07017177,-0.0877265,0.9088393,0.09854763,-0.3957316,-0.001,-0.001,-0.001,1,-1,-1,0.03064191,0.001945313,-0.0215824,0.03064191,0.001945313,-0.0215824,0,0,0,0,0,0,-1,-1,False,True,True
1655874,63779589538893,-13.58909,2.594923,-0.07017177,-0.0877265,0.9088393,0.09854763,-0.3957316,-0.001,-0.001,-0.001,1,-1,-1,0.03060283,0.002230972,-0.02306954,0.03060283,0.002230972,-0.02306954,0,0,0,0,0,0,-1,-1,False,True,True
1655883,63779589538904,-13.58909,2.594896,-0.07026243,-0.08709814,0.9091305,0.09695629,-0.3955948,-0.02754453,0.00358104,-0.02501155,0.1378326,-0.1448364,0.9797974,0.0306071,0.002149551,-0.02291721,0.0306071,0.002149551,-0.02291721,0.09660339,-0.07171631,0.9927216,0.09660339,-0.07171631,0.9927216,5.417953,5.417953,True,True,True
1655891,63779589538915,-13.58911,2.594827,-0.07035404,-0.08661815,0.9094219,0.0954114,-0.395406,-0.0275679,0.003586792,-0.02505129,0.1518097,-0.09939575,0.9833984,0.03058811,0.00220929,-0.02305911,0.03058811,0.00220929,-0.02305911,0.07873535,-0.06506348,0.9947662,0.07873535,-0.06506348,0.9947662,5.399124,5.399124,True,True,True
1655899,63779589538926,-13.58917,2.594711,-0.07053667,-0.08620442,0.9096463,0.09390286,-0.3953412,-0.02754456,0.003529938,-0.02498277,0.1451721,-0.1099854,0.9832611,0.03059773,0.002145798,-0.02285716,0.03059773,0.002145798,-0.02285716,0.09272766,-0.02487183,0.9953766,0.09272766,-0.02487183,0.9953766,5.590805,5.590805,True,True,True
1655908,63779589538926,-13.58917,2.594711,-0.07053667,-0.08620442,0.9096463,0.09390286,-0.3953412,-0.02756474,0.003533417,-0.02502088,0.1492615,-0.125,0.9808502,0.03058318,0.002142822,-0.02286687,0.03058318,0.002142822,-0.02286687,0.09893799,-0.05229187,0.9937134,0.09893799,-0.05229187,0.9937134,5.448029,5.448029,True,True,True
1655916,63779589538937,-13.5892,2.594635,-0.07060808,-0.08590116,0.9098457,0.09244097,-0.395293,-0.02756183,0.003515076,-0.02500763,0.1586914,-0.1231232,0.9796143,0.03056478,0.002242432,-0.02313465,0.03056478,0.002242432,-0.02313465,0.09889221,-0.06916809,0.9926758,0.09889221,-0.06916809,0.9926758,5.398041,5.398041,True,True,True
1655924,63779589538948,-13.58927,2.594525,-0.07067227,-0.08575577,0.9099626,0.09125344,-0.3953314,-0.02756897,0.003516144,-0.02503148,0.1475983,-0.09968567,0.9839935,0.03057935,0.002173416,-0.02288684,0.03057935,0.002173416,-0.02288684,0.1135254,-0.06718445,0.9912567,0.1135254,-0.06718445,0.9912567,5.381134,5.381134,True,True,True
1655933,63779589538959,-13.5893,2.594405,-0.07071817,-0.0857515,0.9099741,0.09030903,-0.3955225,-0.02758064,0.003519135,-0.02503006,0.1487732,-0.1121979,0.9824677,0.03057903,0.002186737,-0.02291417,0.03057903,0.002186737,-0.02291417,0.1142731,-0.06628418,0.9912262,0.1142731,-0.06628418,0.9912262,5.381622,5.381622,True,True,True
1655941,63779589538959,-13.5893,2.594405,-0.07071817,-0.0857515,0.9099741,0.09030903,-0.3955225,-0.02743797,0.003496857,-0.02503575,0.1429443,-0.1026154,0.9843903,0.03057022,0.002158875,-0.02285619,0.03057022,0.002158875,-0.02285619,0.1041412,-0.06411743,0.9924774,0.1041412,-0.06411743,0.9924774,5.397156,5.397156,True,True,True
1655949,63779589538970,-13.58934,2.594345,-0.07077831,-0.08576035,0.910028,0.08941136,-0.3956006,-0.0160032,0.003213669,-0.02457219,0.1352234,-0.08984375,0.9867249,0.0306284,0.002065872,-0.02264588,0.0306284,0.002065872,-0.02264588,0.1188812,-0.05865479,0.9911652,0.1188812,-0.05865479,0.9911652,5.353012,5.353012,True,True,True
1655958,63779589538981,-13.58936,2.594268,-0.070858,-0.08586021,0.9100263,0.08846971,-0.3957945,-0.01611336,0.003215256,-0.02458495,0.142807,-0.09332275,0.9853363,0.03062308,0.002076874,-0.02267092,0.03062308,0.002076874,-0.02267092,0.1284027,-0.0680542,0.9893799,0.1284027,-0.0680542,0.9893799,5.278336,5.278336,True,True,True
1655966,63779589538993,-13.58939,2.594173,-0.07090688,-0.08594033,0.909995,0.0876065,-0.396041,-0.01607297,0.003229157,-0.02462961,0.1339111,-0.0952301,0.9864044,0.03057578,0.002165344,-0.02291449,0.03057578,0.002165344,-0.02291449,0.1037903,-0.08232117,0.9911804,0.1037903,-0.08232117,0.9911804,5.25766,5.25766,True,True,True
1655974,63779589538993,-13.58939,2.594173,-0.07090688,-0.08594033,0.909995,0.0876065,-0.396041,-0.01487296,0.003214554,-0.02462166,0.1267853,-0.08084106,0.9886169,0.03055093,0.002228714,-0.02302371,0.03055093,0.002228714,-0.02302371,0.09953308,-0.07501221,0.9921875,0.09953308,-0.07501221,0.9921875,5.361664,5.361664,True,True,True
1655983,63779589539003,-13.58937,2.594104,-0.07102734,-0.08594159,0.9099812,0.08663661,-0.3962859,-0.02672859,0.003469559,-0.02500334,0.1347504,-0.08442688,0.9872742,0.0306145,0.001968704,-0.022148,0.0306145,0.001968704,-0.022148,0.119751,-0.06784058,0.9904785,0.119751,-0.06784058,0.9904785,5.414398,5.414398,True,True,True
1655991,63779589539015,-13.58939,2.594002,-0.07108182,-0.08592346,0.9099688,0.08579069,-0.3965022,-0.02695708,0.003483246,-0.0250343,0.1371002,-0.08934021,0.9865112,0.0305428,0.002229508,-0.02302289,0.0305428,0.002229508,-0.02302289,0.08947754,-0.07037354,0.9934845,0.08947754,-0.07037354,0.9934845,5.319962,5.319962,True,True,True
1655999,63779589539026,-13.58947,2.593974,-0.07109362,-0.08560683,0.9099678,0.08488494,-0.3967678,-0.02685771,0.003490799,-0.0250461,0.1386414,-0.08482361,0.9866943,0.03053726,0.002239517,-0.02304213,0.03053726,0.002239517,-0.02304213,0.0930481,-0.07237244,0.9930267,0.0930481,-0.07237244,0.9930267,5.306854,5.306854,True,True,True
1656007,63779589539026,-13.58947,2.593974,-0.07109362,-0.08560683,0.9099678,0.08488494,-0.3967678,-0.02703864,0.003505966,-0.02505576,0.138031,-0.08660889,0.986618,0.03053882,0.002245529,-0.02304015,0.03053882,0.002245529,-0.02304015,0.09405518,-0.06594849,0.9933777,0.09405518,-0.06594849,0.9933777,5.39151,5.39151,True,True,True
1656016,63779589539037,-13.58944,2.593844,-0.07109332,-0.08546519,0.9099225,0.08406516,-0.3970764,-0.02708302,0.003514435,-0.02508043,0.1399536,-0.06600952,0.9879456,0.03053742,0.00222786,-0.02297687,0.03053742,0.00222786,-0.02297687,0.09162903,-0.06427002,0.9937134,0.09162903,-0.06427002,0.9937134,5.378967,5.378967,True,True,True
1656024,63779589539048,-13.58945,2.593769,-0.07108229,-0.08523282,0.90988,0.08320441,-0.397405,-0.02711453,0.003518387,-0.02509837,0.1395111,-0.06614685,0.9880066,0.03053882,0.00221019,-0.02291359,0.03053882,0.00221019,-0.02291359,0.09420776,-0.06246948,0.993576,0.09420776,-0.06246948,0.993576,5.398117,5.398117,True,True,True
1656032,63779589539059,-13.58941,2.593658,-0.07103306,-0.08505163,0.9098278,0.08244205,-0.3977222,-0.02683241,0.003511887,-0.02510973,0.1380768,-0.06758118,0.9880981,0.03054836,0.002151932,-0.0227305,0.03054836,0.002151932,-0.0227305,0.09954834,-0.06047058,0.9931793,0.09954834,-0.06047058,0.9931793,5.409042,5.409042,True,True,True
1656041,63779589539059,-13.58941,2.593658,-0.07103306,-0.08505163,0.9098278,0.08244205,-0.3977222,-0.0270779,0.003468079,-0.02495261,0.1387329,-0.06466675,0.988205,0.03055788,0.002093689,-0.02254741,0.03055788,0.002093689,-0.02254741,0.099823,-0.05609131,0.9934082,0.099823,-0.05609131,0.9934082,5.41597,5.41597,True,True,True
1656049,63779589539070,-13.58937,2.593536,-0.07102251,-0.08479625,0.9097354,0.08166602,-0.398148,-0.02733936,0.003475479,-0.02497847,0.1513824,-0.0612793,0.986557,0.03055724,0.002089706,-0.02251827,0.03055724,0.002089706,-0.02251827,0.09889221,-0.05709839,0.993454,0.09889221,-0.05709839,0.993454,5.415192,5.415192,True,True,True
1656057,63779589539081,-13.5893,2.593393,-0.07099199,-0.08450988,0.9097111,0.08078939,-0.3984432,-0.02734746,0.003466492,-0.02496135,0.1498718,-0.05970764,0.9868927,0.03055788,0.002085709,-0.02248914,0.03055788,0.002085709,-0.02248914,0.09832764,-0.05801392,0.993454,0.09832764,-0.05801392,0.993454,5.417114,5.417114,True,True,True
1656066,63779589539092,-13.58928,2.593334,-0.07098293,-0.08428267,0.9096759,0.07989343,-0.3987522,-0.02698515,0.003504959,-0.02509511,0.1426544,-0.07073975,0.9872284,0.03055753,0.002083435,-0.022476,0.03055753,0.002083435,-0.022476,0.09735107,-0.05732727,0.9935913,0.09735107,-0.05732727,0.9935913,5.416763,5.416763,True,True,True
1656074,63779589539092,-13.58928,2.593334,-0.07098293,-0.08428267,0.9096759,0.07989343,-0.3987522,-0.02687141,0.003516647,-0.02512126,0.1321869,-0.06350708,0.9891815,0.03055788,0.002082336,-0.02246286,0.03055788,0.002082336,-0.02246286,0.0983429,-0.05682373,0.993515,0.0983429,-0.05682373,0.993515,5.418671,5.418671,True,True,True
1656082,63779589539104,-13.58921,2.593229,-0.07092881,-0.08404012,0.9096544,0.07904113,-0.399022,-0.02625174,0.00350119,-0.02507916,0.1387177,-0.06568909,0.9881439,0.03055884,0.002081741,-0.02245606,0.03055884,0.002081741,-0.02245606,0.09828186,-0.05638123,0.9935455,0.09828186,-0.05638123,0.9935455,5.420837,5.420837,True,True,True
1656091,63779589539114,-13.5892,2.593181,-0.07079327,-0.0836964,0.909726,0.07799935,-0.3991361,-0.02262689,0.0034216,-0.02493678,0.1247101,-0.06655884,0.9899445,0.0305598,0.002081146,-0.02244925,0.0305598,0.002081146,-0.02244925,0.09889221,-0.05581665,0.9935303,0.09889221,-0.05581665,0.9935303,5.422958,5.422958,True,True,True
1656099,63779589539126,-13.58913,2.593132,-0.07069069,-0.08330826,0.9097518,0.07714953,-0.3993238,-0.008041061,0.003050736,-0.02423998,0.122467,-0.06056213,0.9906158,0.03056058,0.002072632,-0.02240999,0.03056058,0.002072632,-0.02240999,0.09881592,-0.05500793,0.993576,0.09881592,-0.05500793,0.993576,5.425995,5.425995,True,True,True
1656107,63779589539126,-13.58913,2.593132,-0.07069069,-0.08330826,0.9097518,0.07714953,-0.3993238,0.01086702,0.002565811,-0.0233185,0.110672,-0.05783081,0.992157,0.03056136,0.002064102,-0.02237074,0.03056136,0.002064102,-0.02237074,0.09873962,-0.05419922,0.9936218,0.09873962,-0.05419922,0.9936218,5.428787,5.428787,True,True,True
1656116,63779589539137,-13.58908,2.593153,-0.07062191,-0.08296753,0.9098242,0.07623438,-0.3994054,-0.01488625,0.003164337,-0.02471976,0.1269989,-0.0717926,0.9892883,0.03058931,0.002229508,-0.02319483,0.03058931,0.002229508,-0.02319483,0.1026459,-0.07293701,0.9920349,0.1026459,-0.07293701,0.9920349,5.31868,5.31868,True,True,True
1656124,63779589539148,-13.589,2.59312,-0.07053363,-0.08249948,0.9099346,0.07558876,-0.3993737,-0.01669585,0.002996216,-0.02457334,0.1296082,-0.1070557,0.9857635,0.03062959,0.001811524,-0.02250792,0.03062959,0.001811524,-0.02250792,0.1035004,-0.09422302,0.9901428,0.1035004,-0.09422302,0.9901428,5.45491,5.45491,True,True,True
1656132,63779589539159,-13.58893,2.593095,-0.07045478,-0.08214281,0.9100046,0.07487559,-0.3994219,-0.02245056,0.002965836,-0.02481528,0.1400452,-0.1212616,0.9826813,0.03064731,0.001427155,-0.02196986,0.03064731,0.001427155,-0.02196986,0.119873,-0.0965271,0.9880676,0.119873,-0.0965271,0.9880676,5.437241,5.437241,True,True,True
1656141,63779589539159,-13.58893,2.593095,-0.07045478,-0.08214281,0.9100046,0.07487559,-0.3994219,-0.02727724,0.00292926,-0.02502162,0.1402588,-0.156189,0.9777069,0.03069428,0.001123856,-0.0214243,0.03069428,0.001123856,-0.0214243,0.1405792,-0.1278534,0.9817657,0.1405792,-0.1278534,0.9817657,5.468018,5.468018,True,True,True
1656149,63779589539170,-13.58885,2.593095,-0.07041794,-0.08179353,0.9101431,0.07428179,-0.3992887,-0.02737229,0.002907288,-0.02503159,0.1255798,-0.1759033,0.9763489,0.03070403,0.001081451,-0.02154214,0.03070403,0.001081451,-0.02154214,0.1452026,-0.1534729,0.977417,0.1452026,-0.1534729,0.977417,5.455536,5.455536,True,True,True
1656157,63779589539181,-13.58877,2.593055,-0.07033372,-0.08154984,0.910247,0.07384098,-0.3991835,-0.02739465,0.002914703,-0.02505513,0.1315002,-0.1650391,0.977478,0.03072299,0.001069138,-0.02143529,0.03072299,0.001069138,-0.02143529,0.1423187,-0.1438141,0.9793091,0.1423187,-0.1438141,0.9793091,5.484375,5.484375,True,True,True
1656166,63779589539192,-13.58876,2.593036,-0.07025534,-0.08158375,0.9103216,0.07352938,-0.399064,-0.02740378,0.00291478,-0.02505322,0.1286163,-0.1753387,0.976059,0.03073172,0.001062164,-0.02132593,0.03073172,0.001062164,-0.02132593,0.1470184,-0.1596069,0.9761658,0.1470184,-0.1596069,0.9761658,5.520981,5.520981,True,True,True
1656174,63779589539192,-13.58876,2.593036,-0.07025534,-0.08158375,0.9103216,0.07352938,-0.399064,-0.0274091,0.002920456,-0.02505657,0.1310577,-0.1803741,0.974823,0.03073148,0.001081802,-0.02131775,0.03073148,0.001081802,-0.02131775,0.1431274,-0.1487274,0.9784546,0.1431274,-0.1487274,0.9784546,5.491684,5.491684,True,True,True
1656182,63779589539204,-13.58867,2.593062,-0.07018268,-0.0815701,0.9104017,0.0732105,-0.3989426,-0.02741559,0.002925125,-0.02505846,0.1345367,-0.1709137,0.9760437,0.03072933,0.001095703,-0.0213434,0.03072933,0.001095703,-0.0213434,0.1470032,-0.1469421,0.9781494,0.1470032,-0.1469421,0.9781494,5.534561,5.534561,True,True,True
1656191,63779589539215,-13.5886,2.593055,-0.07009679,-0.08154178,0.9104979,0.0731088,-0.3987475,-0.02741469,0.002921188,-0.02504601,0.1257629,-0.175766,0.9763641,0.03072745,0.001101868,-0.0213618,0.03072745,0.001101868,-0.0213618,0.1466217,-0.1490631,0.97789,0.1466217,-0.1490631,0.97789,5.490311,5.490311,True,True,True
1656199,63779589539226,-13.58856,2.593073,-0.07001734,-0.08141312,0.9106076,0.0730831,-0.3985278,-0.02735372,0.002919464,-0.02504376,0.1287689,-0.1744232,0.9762115,0.03072846,0.001106186,-0.02136879,0.03072846,0.001106186,-0.02136879,0.1462555,-0.1482086,0.9780731,0.1462555,-0.1482086,0.9780731,5.471832,5.471832,True,True,True
1656207,63779589539226,-13.58856,2.593073,-0.07001734,-0.08141312,0.9106076,0.0730831,-0.3985278,-0.02143971,0.002735077,-0.02467156,0.1333466,-0.170639,0.9762573,0.030728,0.001107117,-0.02137418,0.030728,0.001107117,-0.02137418,0.1468048,-0.1478424,0.9780426,0.1468048,-0.1478424,0.9780426,5.496796,5.496796,True,True,True
1656216,63779589539237,-13.5885,2.593066,-0.06992972,-0.08123635,0.9107312,0.07316427,-0.3982666,-0.000739914,0.00209079,-0.02336624,0.1391144,-0.161911,0.976944,0.03072754,0.001108032,-0.02137955,0.03072754,0.001108032,-0.02137955,0.1463928,-0.1475983,0.9781494,0.1463928,-0.1475983,0.9781494,5.5215,5.5215,True,True,True
1656224,63779589539248,-13.58844,2.593086,-0.06984866,-0.08104218,0.9108476,0.07328486,-0.3980177,0.0005206604,0.002053528,-0.02328735,0.1400146,-0.1604767,0.9770508,0.03072656,0.001109955,-0.02137987,0.03072656,0.001109955,-0.02137987,0.1464081,-0.1457825,0.9784088,0.1464081,-0.1457825,0.9784088,5.497314,5.497314,True,True,True
1656232,63779589539259,-13.58841,2.593107,-0.06975031,-0.08075394,0.9110241,0.07340578,-0.39765,0.004790619,0.001920929,-0.0230181,0.1411285,-0.157135,0.9774323,0.03072557,0.001111878,-0.02138019,0.03072557,0.001111878,-0.02138019,0.1464233,-0.1439972,0.9786682,0.1464233,-0.1439972,0.9786682,5.473282,5.473282,True,True,True
1656241,63779589539259,-13.58841,2.593107,-0.06975031,-0.08075394,0.9110241,0.07340578,-0.39765,0.005433335,0.001902115,-0.02298503,0.1414337,-0.155365,0.9776764,0.03072382,0.001114563,-0.02139322,0.03072382,0.001114563,-0.02139322,0.1463928,-0.1412354,0.9790802,0.1463928,-0.1412354,0.9790802,5.498474,5.498474,True,True,True
1656249,63779589539270,-13.58836,2.593167,-0.06967866,-0.08043302,0.9111062,0.07344528,-0.3975196,0.005836487,0.001890793,-0.02296701,0.1414032,-0.1534119,0.9779816,0.03072205,0.001117249,-0.02140625,0.03072205,0.001117249,-0.02140625,0.1459503,-0.1387329,0.9795074,0.1459503,-0.1387329,0.9795074,5.47406,5.47406,True,True,True
1656257,63779589539281,-13.58827,2.593222,-0.06950825,-0.08017738,0.9112151,0.07355549,-0.3973013,0.006533448,0.001869461,-0.02292334,0.1419067,-0.1528473,0.9779968,0.03072193,0.001118286,-0.02140657,0.03072193,0.001118286,-0.02140657,0.1463623,-0.1382294,0.9795227,0.1463623,-0.1382294,0.9795227,5.473602,5.473602,True,True,True
1656266,63779589539292,-13.58821,2.593239,-0.06936109,-0.07992475,0.9113577,0.07350148,-0.3970351,0.006448578,0.001872192,-0.02292853,0.1421204,-0.1526794,0.9779968,0.0307218,0.001119339,-0.02140689,0.0307218,0.001119339,-0.02140689,0.1467743,-0.1378479,0.9795074,0.1467743,-0.1378479,0.9795074,5.474533,5.474533,True,True,True
1656274,63779589539292,-13.58821,2.593239,-0.06936109,-0.07992475,0.9113577,0.07350148,-0.3970351,0.006324478,0.001878327,-0.02293881,0.1413422,-0.1528625,0.9780731,0.03071874,0.001124298,-0.02141191,0.03071874,0.001124298,-0.02141191,0.1454926,-0.1380463,0.9796753,0.1454926,-0.1380463,0.9796753,5.475525,5.475525,True,True,True
1656282,63779589539303,-13.58813,2.593253,-0.06926608,-0.07977195,0.9114367,0.0733816,-0.3969065,0.006263138,0.001882935,-0.02294531,0.1408539,-0.1528778,0.9781494,0.03071567,0.001129242,-0.02141695,0.03071567,0.001129242,-0.02141695,0.1450958,-0.1381836,0.9797058,0.1450958,-0.1381836,0.9797058,5.473679,5.473679,True,True,True
1656291,63779589539315,-13.58802,2.593261,-0.06915754,-0.07966295,0.9115625,0.07323563,-0.3966662,0.006229294,0.001886734,-0.02295343,0.1407776,-0.1530609,0.9781342,0.03071428,0.001134216,-0.02142763,0.03071428,0.001134216,-0.02142763,0.1454163,-0.1382751,0.9796448,0.1454163,-0.1382751,0.9796448,5.474915,5.474915,True,True,True
1656299,63779589539325,-13.58797,2.593278,-0.06904954,-0.07955585,0.9117186,0.07312591,-0.3963492,0.006321045,0.001886643,-0.02295352,0.1405029,-0.1531677,0.9781494,0.03071291,0.001139191,-0.0214383,0.03071291,0.001139191,-0.0214383,0.1453857,-0.1384125,0.9796295,0.1453857,-0.1384125,0.9796295,5.47554,5.47554,True,True,True
1656307,63779589539325,-13.58797,2.593278,-0.06904954,-0.07955585,0.9117186,0.07312591,-0.3963492,0.005408112,0.001919434,-0.02303163,0.1394653,-0.1532745,0.9782867,0.0307094,0.001148056,-0.02147606,0.0307094,0.001148056,-0.02147606,0.1443787,-0.1378021,0.9798737,0.1443787,-0.1378021,0.9798737,5.471542,5.471542,True,True,True
1656316,63779589539336,-13.58788,2.593239,-0.06885117,-0.07952549,0.9118991,0.07304047,-0.3959557,0.004531357,0.001945831,-0.02308685,0.1396942,-0.1536407,0.9781952,0.03070725,0.001150986,-0.02147856,0.03070725,0.001150986,-0.02147856,0.1437836,-0.138382,0.9798737,0.1437836,-0.138382,0.9798737,5.471039,5.471039,True,True,True
1656324,63779589539348,-13.5878,2.593244,-0.0687412,-0.07942297,0.9120888,0.07305281,-0.3955367,0.002879028,0.002001175,-0.02320662,0.139801,-0.1540375,0.9781189,0.03070511,0.001161102,-0.02151303,0.03070511,0.001161102,-0.02151303,0.1435394,-0.1371155,0.9800873,0.1435394,-0.1371155,0.9800873,5.472916,5.472916,True,True,True
1656332,63779589539359,-13.58777,2.593313,-0.06867266,-0.07924168,0.9122683,0.07300534,-0.3951678,0.001020493,0.002056137,-0.02332387,0.138916,-0.1543121,0.9781952,0.03070278,0.001162872,-0.02152179,0.03070278,0.001162872,-0.02152179,0.1428986,-0.1362762,0.9803009,0.1428986,-0.1362762,0.9803009,5.473022,5.473022,True,True,True
1656341,63779589539359,-13.58777,2.593313,-0.06867266,-0.07924168,0.9122683,0.07300534,-0.3951678,8.250427E-05,0.002085022,-0.02338368,0.1402283,-0.1546631,0.977951,0.03070235,0.001164276,-0.02152789,0.03070235,0.001164276,-0.02152789,0.1447754,-0.1357727,0.9801025,0.1447754,-0.1357727,0.9801025,5.46907,5.46907,True,True,True
1656349,63779589539370,-13.58769,2.593346,-0.06858265,-0.07904135,0.9124359,0.07324552,-0.3947762,6.439209E-06,0.00209256,-0.02339772,0.1399231,-0.1553192,0.97789,0.0306976,0.001175552,-0.02154813,0.0306976,0.001175552,-0.02154813,0.1437683,-0.1359253,0.9802246,0.1437683,-0.1359253,0.9802246,5.467865,5.467865,True,True,True
1656357,63779589539382,-13.58767,2.593374,-0.06849855,-0.07891645,0.9126113,0.07349973,-0.3943482,-0.000110611,0.002096481,-0.0234055,0.1399841,-0.1560822,0.9777679,0.03069371,0.001176712,-0.02154977,0.03069371,0.001176712,-0.02154977,0.1427612,-0.1369629,0.9802246,0.1427612,-0.1369629,0.9802246,5.471588,5.471588,True,True,True
1656366,63779589539392,-13.5877,2.593396,-0.06837904,-0.07881229,0.9127291,0.07392784,-0.3940163,-3.15857E-06,0.002100891,-0.02341991,0.1405487,-0.1568604,0.9775543,0.03069042,0.001192978,-0.02159422,0.03069042,0.001192978,-0.02159422,0.141861,-0.1374207,0.9802856,0.141861,-0.1374207,0.9802856,5.465286,5.465286,True,True,True
1656374,63779589539392,-13.5877,2.593396,-0.06837904,-0.07881229,0.9127291,0.07392784,-0.3940163,0.0007088471,0.002079178,-0.02338085,0.1405792,-0.156311,0.9776459,0.03068848,0.001193542,-0.0216005,0.03068848,0.001193542,-0.0216005,0.1413269,-0.137146,0.9804077,0.1413269,-0.137146,0.9804077,5.46492,5.46492,True,True,True
1656382,63779589539403,-13.58766,2.59341,-0.06829703,-0.07883688,0.9128686,0.07447237,-0.3935855,0.001070114,0.002069672,-0.02336121,0.1405792,-0.1567993,0.9775696,0.03068559,0.001196274,-0.02160347,0.03068559,0.001196274,-0.02160347,0.1424866,-0.1375732,0.9801788,0.1424866,-0.1375732,0.9801788,5.465179,5.465179,True,True,True
1656391,63779589539415,-13.58767,2.593352,-0.06831157,-0.07897897,0.9129313,0.07495974,-0.3933191,0.001298019,0.002062988,-0.02334761,0.140976,-0.1578217,0.9773407,0.03067932,0.001197937,-0.02160367,0.03067932,0.001197937,-0.02160367,0.1418457,-0.1380463,0.9802094,0.1418457,-0.1380463,0.9802094,5.464371,5.464371,True,True,True
1656399,63779589539425,-13.58762,2.593303,-0.06826109,-0.0790928,0.9129983,0.07548597,-0.39304,0.001944458,0.002044464,-0.02331082,0.1403351,-0.1575623,0.977478,0.03067577,0.001199173,-0.02160565,0.03067577,0.001199173,-0.02160565,0.1411438,-0.1382599,0.9802704,0.1411438,-0.1382599,0.9802704,5.462357,5.462357,True,True,True
1656407,63779589539425,-13.58762,2.593303,-0.06826109,-0.0790928,0.9129983,0.07548597,-0.39304,0.002818466,0.0020186,-0.02325952,0.1398315,-0.1571045,0.9776154,0.03066953,0.001199173,-0.02160565,0.03066953,0.001199173,-0.02160565,0.13974,-0.1386414,0.980423,0.13974,-0.1386414,0.980423,5.463776,5.463776,True,True,True
1656416,63779589539437,-13.5876,2.593344,-0.06816703,-0.07926383,0.9130313,0.07588345,-0.3928522,0.004120652,0.001982285,-0.02318416,0.1407928,-0.1563873,0.9776001,0.03066443,0.001203064,-0.02160944,0.03066443,0.001203064,-0.02160944,0.1407623,-0.1389771,0.9802246,0.1407623,-0.1389771,0.9802246,5.463043,5.463043,True,True,True
1656424,63779589539449,-13.58755,2.593351,-0.06800133,-0.07925468,0.9131112,0.07623124,-0.3926009,0.005749665,0.001934937,-0.02308855,0.1414185,-0.1555176,0.9776459,0.03065914,0.001203064,-0.02161173,0.03065914,0.001203064,-0.02161173,0.1406097,-0.1392975,0.9802094,0.1406097,-0.1392975,0.9802094,5.461533,5.461533,True,True,True
1656432,63779589539459,-13.58752,2.593384,-0.06787211,-0.07912757,0.9132127,0.07664821,-0.3923091,0.006858444,0.001902878,-0.02302597,0.1419678,-0.1549377,0.9776611,0.03065331,0.001203064,-0.02161737,0.03065331,0.001203064,-0.02161737,0.1396637,-0.1392975,0.9803467,0.1396637,-0.1392975,0.9803467,5.452057,5.452057,True,True,True
1656441,63779589539459,-13.58752,2.593384,-0.06787211,-0.07912757,0.9132127,0.07664821,-0.3923091,0.007607331,0.001880707,-0.02298418,0.1422119,-0.1542511,0.9777374,0.03064708,0.001203064,-0.02162164,0.03064708,0.001203064,-0.02162164,0.1399231,-0.1389923,0.9803467,0.1399231,-0.1389923,0.9803467,5.451996,5.451996,True,True,True
1656449,63779589539469,-13.5875,2.593467,-0.06774086,-0.07878731,0.9133133,0.07689863,-0.3920945,0.007486176,0.001884094,-0.02299271,0.1423492,-0.1551514,0.9775696,0.03064073,0.001203064,-0.02162444,0.03064073,0.001203064,-0.02162444,0.1402283,-0.140213,0.9801331,0.1402283,-0.140213,0.9801331,5.451477,5.451477,True,True,True
1656457,63779589539481,-13.58746,2.593543,-0.06760097,-0.07857303,0.9133495,0.07716506,-0.3920008,0.007340607,0.00188768,-0.02300139,0.1424408,-0.155426,0.9775085,0.03063907,0.001203064,-0.02162465,0.03063907,0.001203064,-0.02162465,0.1397858,-0.1406403,0.9801331,0.1397858,-0.1406403,0.9801331,5.451111,5.451111,True,True,True
1656466,63779589539492,-13.58748,2.593652,-0.06747055,-0.07832352,0.9133484,0.07749286,-0.3919885,0.007255326,0.001889603,-0.02300674,0.1437988,-0.1569824,0.977066,0.03063878,0.001203064,-0.02162465,0.03063878,0.001203064,-0.02162465,0.1411285,-0.1434479,0.979538,0.1411285,-0.1434479,0.979538,5.450546,5.450546,True,True,True
1656474,63779589539492,-13.58748,2.593652,-0.06747055,-0.07832352,0.9133484,0.07749286,-0.3919885,0.00730449,0.001884811,-0.0230035,0.1427917,-0.1562042,0.9773407,0.0306333,0.001198273,-0.02162444,0.0306333,0.001198273,-0.02162444,0.1396942,-0.1423492,0.9799042,0.1396942,-0.1423492,0.9799042,5.450272,5.450272,True,True,True
1656482,63779589539503,-13.58746,2.593753,-0.06732947,-0.07822302,0.9133176,0.07796524,-0.3919866,0.007405304,0.001881516,-0.02299762,0.1434631,-0.1567535,0.9771576,0.03063181,0.001198151,-0.02162465,0.03063181,0.001198151,-0.02162465,0.1402283,-0.1434631,0.97966,0.1402283,-0.1434631,0.97966,5.450165,5.450165,True,True,True
1656491,63779589539514,-13.58744,2.593785,-0.06714761,-0.07823802,0.9132265,0.0786171,-0.3920658,0.007611344,0.001872406,-0.02298593,0.1430817,-0.1566467,0.9772339,0.03062508,0.001195221,-0.02162576,0.03062508,0.001195221,-0.02162576,0.1390991,-0.1439667,0.9797516,0.1390991,-0.1439667,0.9797516,5.460175,5.460175,True,True,True
1656499,63779589539525,-13.58746,2.593855,-0.06694543,-0.07840683,0.9130906,0.07935162,-0.3922004,0.00782631,0.001865509,-0.02297365,0.1425171,-0.1566772,0.9773102,0.03062309,0.001194717,-0.02162576,0.03062309,0.001194717,-0.02162576,0.1385803,-0.1438599,0.9798431,0.1385803,-0.1438599,0.9798431,5.461655,5.461655,True,True,True
1656507,63779589539525,-13.58746,2.593855,-0.06694543,-0.07840683,0.9130906,0.07935162,-0.3922004,0.007645829,0.001869721,-0.02298454,0.1427612,-0.1568604,0.9772339,0.03061722,0.001193436,-0.02162576,0.03061722,0.001193436,-0.02162576,0.1390228,-0.1435089,0.9798279,0.1390228,-0.1435089,0.9798279,5.465546,5.465546,True,True,True
1656516,63779589539537,-13.58748,2.59391,-0.06679487,-0.07864437,0.9129282,0.08013994,-0.3923708,0.007577805,0.001871475,-0.02298854,0.1428223,-0.1575317,0.9771271,0.03061005,0.001193375,-0.02162581,0.03061005,0.001193375,-0.02162581,0.1374512,-0.1442871,0.9799347,0.1374512,-0.1442871,0.9799347,5.465134,5.465134,True,True,True
1656524,63779589539548,-13.58756,2.593952,-0.06662101,-0.0790519,0.9126303,0.08110271,-0.3927838,0.007533981,0.00187146,-0.02299403,0.144989,-0.1596832,0.9764557,0.03061005,0.001191238,-0.02162897,0.03061005,0.001191238,-0.02162897,0.1412811,-0.1472321,0.9789581,0.1412811,-0.1472321,0.9789581,5.469101,5.469101,True,True,True
1656532,63779589539559,-13.58762,2.594013,-0.06647468,-0.07930104,0.9123703,0.08213673,-0.3931224,0.007569184,0.001866501,-0.0229991,0.1431732,-0.1596222,0.9767303,0.03060021,0.00118866,-0.02164098,0.03060021,0.00118866,-0.02164098,0.1386108,-0.1478424,0.9792328,0.1386108,-0.1478424,0.9792328,5.467285,5.467285,True,True,True
1656541,63779589539559,-13.58762,2.594013,-0.06647468,-0.07930104,0.9123703,0.08213673,-0.3931224,0.007666031,0.001861633,-0.02299474,0.144928,-0.1596222,0.9764709,0.03060021,0.00118782,-0.02164098,0.03060021,0.00118782,-0.02164098,0.141983,-0.148468,0.9786682,0.141983,-0.148468,0.9786682,5.467377,5.467377,True,True,True
1656549,63779589539570,-13.58766,2.594033,-0.06632841,-0.07967618,0.9119837,0.08329058,-0.3937005,0.007661759,0.001860336,-0.02299587,0.144989,-0.163208,0.9758759,0.03060021,0.001187561,-0.02164098,0.03060021,0.001187561,-0.02164098,0.141983,-0.1521454,0.9781036,0.141983,-0.1521454,0.9781036,5.465973,5.465973,True,True,True
1656557,63779589539581,-13.58771,2.594155,-0.06615978,-0.07998037,0.9115897,0.08443194,-0.3943079,0.007687531,0.0018564,-0.02299443,0.144989,-0.1626129,0.9759674,0.03060021,0.001185425,-0.02164098,0.03060021,0.001185425,-0.02164098,0.1420135,-0.1518555,0.9781342,0.1420135,-0.1518555,0.9781342,5.469452,5.469452,True,True,True
1656566,63779589539592,-13.58782,2.594235,-0.06595939,-0.08024909,0.9110838,0.08586726,-0.3951116,0.007678986,0.001853287,-0.02299494,0.1450043,-0.1652832,0.9755249,0.03060021,0.001183746,-0.02164098,0.03060021,0.001183746,-0.02164098,0.1420135,-0.1568909,0.9773407,0.1420135,-0.1568909,0.9773407,5.46759,5.46759,True,True,True
1656574,63779589539592,-13.58782,2.594235,-0.06595939,-0.08024909,0.9110838,0.08586726,-0.3951116,0.007674653,0.001847794,-0.02298621,0.1435242,-0.1655731,0.9756927,0.03060021,0.001178284,-0.02162581,0.03060021,0.001178284,-0.02162581,0.1395721,-0.1578217,0.9775391,0.1395721,-0.1578217,0.9775391,5.464218,5.464218,True,True,True
1656582,63779589539603,-13.58797,2.594362,-0.06570691,-0.0803295,0.9105689,0.08743896,-0.3959366,0.00632663,0.001881088,-0.02302217,0.1438141,-0.1685028,0.9751434,0.03060021,0.001168839,-0.02155013,0.03060021,0.001168839,-0.02155013,0.1396637,-0.1620941,0.9768372,0.1396637,-0.1620941,0.9768372,5.465927,5.465927,True,True,True
1656591,63779589539614,-13.58815,2.594583,-0.0654918,-0.08014472,0.9098654,0.08944652,-0.3971412,0.003808136,0.001933365,-0.02317551,0.1425323,-0.1683655,0.9753571,0.03060021,0.001151337,-0.02154721,0.03060021,0.001151337,-0.02154721,0.1397247,-0.1585236,0.9774017,0.1397247,-0.1585236,0.9774017,5.470154,5.470154,True,True,True
1656599,63779589539625,-13.58848,2.594839,-0.06523061,-0.07963905,0.9090666,0.0917767,-0.3985382,0.001423874,0.001994446,-0.02332103,0.1438904,-0.1739349,0.9741821,0.03060256,0.001144363,-0.02154721,0.03060256,0.001144363,-0.02154721,0.1394806,-0.1639862,0.9765472,0.1394806,-0.1639862,0.9765472,5.471146,5.471146,True,True,True
1656607,63779589539625,-13.58848,2.594839,-0.06523061,-0.07963905,0.9090666,0.0917767,-0.3985382,-0.009479173,0.002258698,-0.02390775,0.1421356,-0.1818542,0.9729919,0.0306902,0.0009919892,-0.02130031,0.0306902,0.0009919892,-0.02130031,0.1382446,-0.1643524,0.9766541,0.1382446,-0.1643524,0.9766541,5.494736,5.494736,True,True,True
1656616,63779589539636,-13.58872,2.595078,-0.06491345,-0.07912659,0.9081371,0.09408305,-0.4002178,-0.01397728,0.00239299,-0.02421176,0.1399384,-0.1874237,0.9722443,0.03069748,0.0009941101,-0.02136679,0.03069748,0.0009941101,-0.02136679,0.1418762,-0.1682892,0.9754639,0.1418762,-0.1682892,0.9754639,5.456955,5.456955,True,True,True
1656624,63779589539647,-13.58911,2.595407,-0.0645377,-0.0783646,0.9069909,0.09644452,-0.4023988,-0.01472626,0.002405914,-0.02427992,0.1413269,-0.1816711,0.9731445,0.03070592,0.001012207,-0.02148067,0.03070592,0.001012207,-0.02148067,0.1416931,-0.1723785,0.9747772,0.1416931,-0.1723785,0.9747772,5.486038,5.486038,True,True,True
1656632,63779589539659,-13.58949,2.595644,-0.06401014,-0.07756173,0.9057292,0.09907296,-0.404751,-0.01476845,0.002429993,-0.02430647,0.1411591,-0.1884155,0.9718781,0.03070772,0.001052216,-0.0216698,0.03070772,0.001052216,-0.0216698,0.1463318,-0.1675262,0.9749298,0.1463318,-0.1675262,0.9749298,5.448044,5.448044,True,True,True
1656641,63779589539659,-13.58949,2.595644,-0.06401014,-0.07756173,0.9057292,0.09907296,-0.404751,-0.01394777,0.002376206,-0.02425539,0.1256256,-0.1938324,0.9729462,0.0307249,0.001025513,-0.02160632,0.0307249,0.001025513,-0.02160632,0.1326447,-0.1750183,0.9755859,0.1326447,-0.1750183,0.9755859,5.367523,5.367523,True,True,True
1656649,63779589539670,-13.58982,2.595936,-0.06351084,-0.07666556,0.9042563,0.1018316,-0.4075209,-0.01361491,0.002352005,-0.02424863,0.1362152,-0.1996307,0.9703522,0.03074146,0.00101033,-0.02162259,0.03074146,0.00101033,-0.02162259,0.1295776,-0.1836853,0.9743958,0.1295776,-0.1836853,0.9743958,5.431488,5.431488,True,True,True
1656657,63779589539681,-13.59017,2.596254,-0.06299287,-0.07571606,0.9026403,0.1046458,-0.4105566,-0.01457065,0.002364517,-0.02430652,0.1280975,-0.2025757,0.9708405,0.03076242,0.001013824,-0.02169333,0.03076242,0.001013824,-0.02169333,0.1199036,-0.1812439,0.9760895,0.1199036,-0.1812439,0.9760895,5.35759,5.35759,True,True,True
1656666,63779589539692,-13.59056,2.596588,-0.06244379,-0.07456459,0.9008172,0.1079421,-0.4139045,-0.02175787,0.002571427,-0.02474872,0.1288452,-0.2023315,0.9707947,0.03078316,0.00105043,-0.02191705,0.03078316,0.00105043,-0.02191705,0.1148987,-0.1824493,0.9764709,0.1148987,-0.1824493,0.9764709,5.372162,5.372162,True,True,True
1656674,63779589539692,-13.59056,2.596588,-0.06244379,-0.07456459,0.9008172,0.1079421,-0.4139045,-0.02480127,0.002637299,-0.02489455,0.1219788,-0.2137146,0.9692383,0.03077863,0.001040314,-0.02194692,0.03077863,0.001040314,-0.02194692,0.1054993,-0.1868439,0.9766998,0.1054993,-0.1868439,0.9766998,5.411224,5.411224,True,True,True
1656682,63779589539703,-13.59089,2.596924,-0.06184214,-0.07347097,0.8989255,0.1110788,-0.4173684,-0.02490488,0.002617432,-0.02488893,0.1199951,-0.2148132,0.9692383,0.03077741,0.0009197083,-0.02153111,0.03077741,0.0009197083,-0.02153111,0.1075134,-0.1927795,0.9753265,0.1075134,-0.1927795,0.9753265,5.430359,5.430359,True,True,True
1656691,63779589539714,-13.59133,2.59719,-0.06117314,-0.07192193,0.8969417,0.1139375,-0.421119,-0.02603658,0.002643189,-0.02495709,0.1124878,-0.2317657,0.9662323,0.03077863,0.0007991028,-0.0211153,0.03077863,0.0007991028,-0.0211153,0.1062012,-0.1988678,0.9742432,0.1062012,-0.1988678,0.9742432,5.440704,5.440704,True,True,True
1656699,63779589539726,-13.59176,2.597476,-0.06047863,-0.07026244,0.8948811,0.1167502,-0.4249944,-0.02598525,0.002629563,-0.02496225,0.1105957,-0.2479095,0.9624481,0.03093038,0.0009443513,-0.02189531,0.03093038,0.0009443513,-0.02189531,0.1177979,-0.2046204,0.9717102,0.1177979,-0.2046204,0.9717102,5.399429,5.399429,True,True,True
1656707,63779589539726,-13.59176,2.597476,-0.06047863,-0.07026244,0.8948811,0.1167502,-0.4249944,-0.02585213,0.002572113,-0.0249384,0.1022644,-0.2509766,0.9625702,0.03095352,0.0008366242,-0.0214996,0.03095352,0.0008366242,-0.0214996,0.1064301,-0.2301178,0.9673157,0.1064301,-0.2301178,0.9673157,5.333618,5.333618,True,True,True
1656716,63779589539736,-13.59217,2.597737,-0.05963176,-0.06848509,0.8927996,0.1193842,-0.4289127,-0.02590366,0.002559219,-0.02495453,0.1025848,-0.2652893,0.9586945,0.03098766,0.0008411713,-0.02158804,0.03098766,0.0008411713,-0.02158804,0.113205,-0.234436,0.9654999,0.113205,-0.234436,0.9654999,5.394913,5.394913,True,True,True
1656724,63779589539748,-13.59256,2.598023,-0.05874944,-0.06650218,0.8904647,0.121843,-0.433364,-0.02589655,0.002519119,-0.02494663,0.102478,-0.2705231,0.9572296,0.03102892,0.0008708344,-0.02168831,0.03102892,0.0008708344,-0.02168831,0.07829285,-0.2201996,0.9723053,0.07829285,-0.2201996,0.9723053,5.405777,5.405777,True,True,True
1656732,63779589539759,-13.59298,2.598212,-0.05776006,-0.06472408,0.8880327,0.1243194,-0.4378967,-0.02633882,0.002569107,-0.02498146,0.1067047,-0.2822418,0.9533844,0.03094902,0.000854477,-0.02152319,0.03094902,0.000854477,-0.02152319,0.08877563,-0.2213898,0.9711304,0.08877563,-0.2213898,0.9711304,5.564133,5.564133,True,True,True
1656741,63779589539759,-13.59298,2.598212,-0.05776006,-0.06472408,0.8880327,0.1243194,-0.4378967,-0.02661073,0.002650421,-0.02498982,0.1240845,-0.3211365,0.938858,0.03056328,0.0009634095,-0.02152904,0.03056328,0.0009634095,-0.02152904,0.09094238,-0.2279358,0.9694061,0.09094238,-0.2279358,0.9694061,5.463303,5.463303,True,True,True
1656749,63779589539770,-13.59334,2.598475,-0.05679977,-0.06312868,0.8853537,0.1267712,-0.4428234,-0.02731311,0.002809433,-0.02509891,0.2124634,-0.2620087,0.9413757,0.03016815,0.00134465,-0.02215358,0.03016815,0.00134465,-0.02215358,0.151413,-0.2294617,0.9614563,0.151413,-0.2294617,0.9614563,5.535568,5.535568,True,True,True
1656757,63779589539780,-13.59367,2.598657,-0.05586535,-0.06178989,0.8826951,0.1291893,-0.4475953,-0.02776171,0.003019196,-0.0251144,0.2912445,-0.3144684,0.9034729,0.02979407,0.001482407,-0.02188318,0.02979407,0.001482407,-0.02188318,0,0,0,0,0,0,-1,-1,True,True,True
1656766,63779589539792,-13.59401,2.598816,-0.05491078,-0.06093972,0.8798969,0.1316087,-0.4524898,-0.001,-0.001,-0.001,1,-1,-1,0.03001071,0.001375488,-0.02167301,0.03001071,0.001375488,-0.02167301,0,0,0,0,0,0,-1,-1,False,True,True
1656774,63779589539792,-13.59401,2.598816,-0.05491078,-0.06093972,0.8798969,0.1316087,-0.4524898,-0.001,-0.001,-0.001,1,-1,-1,0.02941027,0.001744385,-0.02157559,0.02941027,0.001744385,-0.02157559,0,0,0,0,0,0,-1,-1,False,True,True
1656782,63779589539803,-13.59431,2.598987,-0.05399323,-0.06019368,0.8772043,0.1338529,-0.4571354,-0.001,-0.001,-0.001,1,-1,-1,0.03065534,0.000807129,-0.02164472,0.03065534,0.000807129,-0.02164472,0,0,0,0,0,0,-1,-1,False,True,True
1656791,63779589539814,-13.5946,2.599084,-0.05310822,-0.05973831,0.8746362,0.1358753,-0.4614985,-0.001,-0.001,-0.001,1,-1,-1,0.03065534,0.000807129,-0.02164472,0.03065534,0.000807129,-0.02164472,0,0,0,0,0,0,-1,-1,False,False,False
1656799,63779589539814,-13.5946,2.599084,-0.05310822,-0.05973831,0.8746362,0.1358753,-0.4614985,-0.001,-0.001,-0.001,1,-1,-1,0.03076999,0.001062393,-0.02160167,0.03076999,0.001062393,-0.02160167,0,0,0,0,0,0,-1,-1,False,True,True
1656807,63779589539826,-13.59488,2.599174,-0.05227989,-0.05911562,0.8722535,0.1377469,-0.4655157,-0.001,-0.001,-0.001,1,-1,-1,0.03008896,-0.001607727,-0.01560042,0.03008896,-0.001607727,-0.01560042,0,0,0,0,0,0,-1,-1,False,True,True
1656816,63779589539837,-13.59503,2.59927,-0.05161005,-0.0587044,0.8701283,0.1391525,-0.4691132,-0.001,-0.001,-0.001,1,-1,-1,0.02931384,0.0002975617,-0.02162097,0.02931384,0.0002975617,-0.02162097,0,0,0,0,0,0,-1,-1,False,True,True
1656824,63779589539848,-13.59521,2.599264,-0.05095285,-0.05842603,0.8682624,0.1402529,-0.4722669,-0.001,-0.001,-0.001,1,-1,-1,0.03080734,0.001337189,-0.02157541,0.03080734,0.001337189,-0.02157541,0,0,0,0,0,0,-1,-1,False,True,True
1656832,63779589539859,-13.59537,2.599302,-0.05031675,-0.05853383,0.8665966,0.1412285,-0.4750144,-0.001,-0.001,-0.001,1,-1,-1,0.02804657,0.002167526,-0.0222328,0.02804657,0.002167526,-0.0222328,0,0,0,0,0,0,-1,-1,False,True,True
1656841,63779589539859,-13.59537,2.599302,-0.05031675,-0.05853383,0.8665966,0.1412285,-0.4750144,-0.001,-0.001,-0.001,1,-1,-1,0.02805608,0.002006821,-0.02246375,0.02805608,0.002006821,-0.02246375,0,0,0,0,0,0,-1,-1,False,True,True
1656849,63779589539869,-13.59551,2.599231,-0.04975951,-0.0589755,0.865346,0.1418133,-0.477061,-0.001,-0.001,-0.001,1,-1,-1,0.02803333,0.001996918,-0.02251589,0.02803333,0.001996918,-0.02251589,0,0,0,0,0,0,-1,-1,False,True,True
1656857,63779589539881,-13.59571,2.599229,-0.04928684,-0.05956453,0.8643078,0.1425239,-0.4786556,-0.001,-0.001,-0.001,1,-1,-1,0.02804296,0.00197374,-0.02244397,0.02804296,0.00197374,-0.02244397,0,0,0,0,0,0,-1,-1,False,True,True
1656866,63779589539891,-13.59577,2.59914,-0.04888964,-0.06042578,0.8636224,0.1430021,-0.479641,-0.001,-0.001,-0.001,1,-1,-1,0.02809412,0.001944885,-0.0224184,0.02809412,0.001944885,-0.0224184,0,0,0,0,0,0,-1,-1,False,True,True
1656874,63779589539891,-13.59577,2.59914,-0.04888964,-0.06042578,0.8636224,0.1430021,-0.479641,-0.001,-0.001,-0.001,1,-1,-1,0.02812471,0.0019086,-0.02242368,0.02812471,0.0019086,-0.02242368,0,0,0,0,0,0,-1,-1,False,True,True
1656882,63779589539903,-13.59588,2.599083,-0.04867566,-0.061125,0.8630816,0.143542,-0.4803639,-0.001,-0.001,-0.001,1,-1,-1,0.02813622,0.001864655,-0.0223979,0.02813622,0.001864655,-0.0223979,0,0,0,0,0,0,-1,-1,False,True,True
1656891,63779589539914,-13.59594,2.599059,-0.04848129,-0.06186035,0.8630885,0.1436885,-0.4802135,0.02817262,0.001819428,-0.02239885,0.5441895,-0.03091431,0.8383789,0.02817262,0.001819428,-0.02239885,0.02817262,0.001819428,-0.02239885,0.5441895,-0.03091431,0.8383789,0.5441895,-0.03091431,0.8383789,5.581528,5.581528,True,True,True
1656899,63779589539925,-13.59603,2.598989,-0.04837847,-0.06234873,0.8631987,0.1437657,-0.4799292,-0.02683159,0.003453659,-0.02580402,0.5431061,-0.1073303,0.8327637,0.02817516,0.001823441,-0.02237482,0.02817516,0.001823441,-0.02237482,0.537384,-0.04202271,0.8422852,0.537384,-0.04202271,0.8422852,5.586655,5.586655,True,True,True
1656907,63779589539925,-13.59603,2.598989,-0.04837847,-0.06234873,0.8631987,0.1437657,-0.4799292,0.01572887,0.00220845,-0.02313648,0.5371399,-0.054245,0.8417358,0.0281837,0.001841538,-0.02235545,0.0281837,0.001841538,-0.02235545,0.5345459,-0.04031372,0.844162,0.5345459,-0.04031372,0.844162,5.5858,5.5858,True,True,True
1656916,63779589539937,-13.59616,2.598873,-0.04835784,-0.06274818,0.8636377,0.1435684,-0.4791457,0.01030403,0.002357788,-0.02347119,0.5335236,-0.05705261,0.8438416,0.02818244,0.001833939,-0.02235542,0.02818244,0.001833939,-0.02235542,0.5312042,-0.03269958,0.8466034,0.5312042,-0.03269958,0.8466034,5.567368,5.567368,True,True,True
1656924,63779589539948,-13.59627,2.598783,-0.04830724,-0.06308699,0.8640593,0.1433469,-0.478407,0.004496323,0.002530655,-0.02384473,0.5355225,-0.04800415,0.8431396,0.0281798,0.001827225,-0.02235193,0.0281798,0.001827225,-0.02235193,0.5290222,-0.03042603,0.848053,0.5290222,-0.03042603,0.848053,5.578476,5.578476,True,True,True
1656932,63779589539958,-13.59636,2.598697,-0.04822361,-0.06332564,0.8644992,0.1431296,-0.4776452,0.01129862,0.002330826,-0.0234167,0.5348663,-0.04405212,0.8437805,0.02818001,0.001831589,-0.02235848,0.02818001,0.001831589,-0.02235848,0.5336761,-0.02674866,0.8452606,0.5336761,-0.02674866,0.8452606,5.602493,5.602493,True,True,True
1656941,63779589539958,-13.59636,2.598697,-0.04822361,-0.06332564,0.8644992,0.1431296,-0.4776452,0.008108261,0.002420151,-0.02361704,0.5361938,-0.04592896,0.8428345,0.02818173,0.001834046,-0.02236098,0.02818173,0.001834046,-0.02236098,0.5346069,-0.02301025,0.8447723,0.5346069,-0.02301025,0.8447723,5.630203,5.630203,True,True,True
1656949,63779589539969,-13.5965,2.598617,-0.04821736,-0.06383616,0.8648959,0.1428469,-0.4769433,0.005497635,0.002503937,-0.02378137,0.5322418,-0.04203796,0.8455353,0.02817629,0.001844849,-0.02235161,0.02817629,0.001844849,-0.02235161,0.5266876,-0.02523804,0.8496704,0.5266876,-0.02523804,0.8496704,5.578186,5.578186,True,True,True
1656957,63779589539980,-13.59659,2.598532,-0.04811299,-0.06433615,0.865172,0.1427916,-0.4763914,0.007194398,0.002450974,-0.02366536,0.526825,-0.04753113,0.8486328,0.02816649,0.001848572,-0.02235434,0.02816649,0.001848572,-0.02235434,0.524704,-0.02316284,0.8509521,0.524704,-0.02316284,0.8509521,5.592651,5.592651,True,True,True
1656966,63779589539992,-13.59667,2.598442,-0.04808903,-0.06487708,0.8654547,0.1428561,-0.4757849,0.006995728,0.002462708,-0.02368152,0.532959,-0.05488586,0.8443451,0.02816382,0.0018564,-0.02236493,0.02816382,0.0018564,-0.02236493,0.5357819,-0.02636719,0.8439331,0.5357819,-0.02636719,0.8439331,5.673752,5.673752,True,True,True
1656974,63779589539992,-13.59667,2.598442,-0.04808903,-0.06487708,0.8654547,0.1428561,-0.4757849,0.006686631,0.002474259,-0.02370081,0.5325317,-0.05137634,0.8448334,0.02816563,0.001860962,-0.02235668,0.02816563,0.001860962,-0.02235668,0.5348663,-0.03196716,0.8443298,0.5348663,-0.03196716,0.8443298,5.654816,5.654816,True,True,True
1656982,63779589540003,-13.59671,2.598373,-0.04801834,-0.06542392,0.865619,0.1429569,-0.4753807,0.007020859,0.002471741,-0.02369069,0.5364838,-0.04330444,0.8427887,0.02816257,0.001861481,-0.02235765,0.02816257,0.001861481,-0.02235765,0.5334473,-0.02749634,0.8453827,0.5334473,-0.02749634,0.8453827,5.654861,5.654861,True,True,True
1656990,63779589540014,-13.59679,2.598389,-0.04804033,-0.06560021,0.8657954,0.1430071,-0.47502,0.007179123,0.002470902,-0.0236767,0.535965,-0.04292297,0.8431396,0.02816164,0.00186229,-0.02235797,0.02816164,0.00186229,-0.02235797,0.5349731,-0.02687073,0.8444366,0.5349731,-0.02687073,0.8444366,5.665192,5.665192,True,True,True
1656999,63779589540025,-13.59696,2.59839,-0.0479849,-0.06557991,0.8660242,0.1429658,-0.474618,0.007153656,0.002469696,-0.02367134,0.5343475,-0.05241394,0.8436279,0.02815544,0.001862824,-0.0223652,0.02815544,0.001862824,-0.0223652,0.5365906,-0.02484131,0.8434601,0.5365906,-0.02484131,0.8434601,5.655106,5.655106,True,True,True
1657007,63779589540025,-13.59696,2.59839,-0.0479849,-0.06557991,0.8660242,0.1429658,-0.474618,0.007103089,0.002472443,-0.02367284,0.535614,-0.05262756,0.842804,0.02815477,0.001862518,-0.02235761,0.02815477,0.001862518,-0.02235761,0.5347443,-0.03013611,0.8444672,0.5347443,-0.03013611,0.8444672,5.661835,5.661835,True,True,True
1657015,63779589540037,-13.59703,2.598374,-0.04794419,-0.06541158,0.8661312,0.1428203,-0.4744896,0.007044281,0.002476868,-0.02367986,0.5353546,-0.0504303,0.8431091,0.02815216,0.001864899,-0.02236038,0.02815216,0.001864899,-0.02236038,0.5359039,-0.027771,0.843811,0.5359039,-0.027771,0.843811,5.559326,5.559326,True,True,True
1657024,63779589540047,-13.59713,2.598378,-0.04790676,-0.06522635,0.8662757,0.1425224,-0.4743409,0.00736731,0.002468613,-0.02366486,0.5394745,-0.05130005,0.8404236,0.02814899,0.001865372,-0.02235698,0.02814899,0.001865372,-0.02235698,0.5376434,-0.03141785,0.8425751,0.5376434,-0.03141785,0.8425751,5.665955,5.665955,True,True,True
1657032,63779589540058,-13.59724,2.59837,-0.0479033,-0.06506038,0.8664496,0.1423223,-0.4741063,0.007120331,0.002472382,-0.02367508,0.537384,-0.05384827,0.8415985,0.02814722,0.001866684,-0.02235651,0.02814722,0.001866684,-0.02235651,0.5377655,-0.03056335,0.8425293,0.5377655,-0.03056335,0.8425293,5.643661,5.643661,True,True,True
1657040,63779589540058,-13.59724,2.59837,-0.0479033,-0.06506038,0.8664496,0.1423223,-0.4741063,0.008005173,0.00245163,-0.02363797,0.5423737,-0.0410614,0.8391113,0.02814543,0.001867996,-0.02235605,0.02814543,0.001867996,-0.02235605,0.5366974,-0.02970886,0.8432312,0.5366974,-0.02970886,0.8432312,5.658539,5.658539,True,True,True
1657049,63779589540070,-13.59731,2.598373,-0.04787618,-0.0651432,0.8665719,0.1421673,-0.4739177,0.008415009,0.002439011,-0.02360774,0.5392456,-0.045578,0.8408966,0.02814363,0.00186882,-0.02235474,0.02814363,0.00186882,-0.02235474,0.5358582,-0.03143311,0.8437042,0.5358582,-0.03143311,0.8437042,5.652817,5.652817,True,True,True
1657057,63779589540081,-13.59737,2.598364,-0.04788494,-0.06512091,0.8666975,0.1421269,-0.4737031,0.008580597,0.002432404,-0.02359393,0.5366974,-0.04736328,0.8424225,0.02814185,0.001867996,-0.02235466,0.02814185,0.001867996,-0.02235466,0.5357513,-0.03134155,0.8437805,0.5357513,-0.03134155,0.8437805,5.649078,5.649078,True,True,True
1657065,63779589540092,-13.59742,2.598301,-0.04781514,-0.06523587,0.8668509,0.1421028,-0.4734138,0.008701768,0.002427368,-0.02358411,0.536972,-0.04733276,0.8422546,0.02814159,0.001867188,-0.02235536,0.02814159,0.001867188,-0.02235536,0.536377,-0.03030396,0.8434143,0.536377,-0.03030396,0.8434143,5.651306,5.651306,True,True,True
1657074,63779589540092,-13.59742,2.598301,-0.04781514,-0.06523587,0.8668509,0.1421028,-0.4734138,0.008718796,0.002425827,-0.02358089,0.5374756,-0.04714966,0.8419495,0.02814133,0.001866379,-0.02235605,0.02814133,0.001866379,-0.02235605,0.5369873,-0.03067017,0.8430176,0.5369873,-0.03067017,0.8430176,5.65065,5.65065,True,True,True
1657082,63779589540103,-13.59744,2.598288,-0.04779661,-0.0652786,0.8669716,0.1419783,-0.4732243,0.008184342,0.002441208,-0.02361546,0.5384674,-0.04756165,0.8412933,0.02814008,0.001865875,-0.02235651,0.02814008,0.001865875,-0.02235651,0.5368195,-0.02983093,0.8431549,0.5368195,-0.02983093,0.8431549,5.651993,5.651993,True,True,True
1657090,63779589540114,-13.59752,2.598253,-0.04765415,-0.06526849,0.8670865,0.1420074,-0.4730061,0.007642273,0.002456818,-0.02365053,0.539505,-0.04718018,0.8406372,0.02813881,0.001865372,-0.02235698,0.02813881,0.001865372,-0.02235698,0.5366364,-0.02908325,0.8432922,0.5366364,-0.02908325,0.8432922,5.651184,5.651184,True,True,True
1657099,63779589540125,-13.59759,2.598243,-0.04758859,-0.06537055,0.8671308,0.1420747,-0.4728909,0.007228836,0.002467926,-0.02367815,0.5393982,-0.0473938,0.8407135,0.02813844,0.001863419,-0.0223579,0.02813844,0.001863419,-0.0223579,0.5363617,-0.02806091,0.8435059,0.5363617,-0.02806091,0.8435059,5.64537,5.64537,True,True,True
1657107,63779589540125,-13.59759,2.598243,-0.04758859,-0.06537055,0.8671308,0.1420747,-0.4728909,0.005348648,0.00250911,-0.02380605,0.5397491,-0.04495239,0.8406067,0.02814389,0.001839752,-0.02237206,0.02814389,0.001839752,-0.02237206,0.5344696,-0.02236938,0.8448792,0.5344696,-0.02236938,0.8448792,5.648132,5.648132,True,True,True
1657115,63779589540137,-13.59762,2.598227,-0.04746515,-0.06551619,0.8670758,0.1421454,-0.4729502,0.005681046,0.002500046,-0.0237084,0.5164032,-0.04986572,0.8548737,0.02823805,0.001845673,-0.0222755,0.02823805,0.001845673,-0.0222755,0.5054474,-0.03053284,0.8623047,0.5054474,-0.03053284,0.8623047,5.682465,5.682465,True,True,True
1657124,63779589540147,-13.59767,2.598213,-0.04736471,-0.06569199,0.8670445,0.1421274,-0.4729885,0.005397934,0.002480438,-0.02368733,0.4986267,-0.04884338,0.8654327,0.02826706,0.001813812,-0.02224602,0.02826706,0.001813812,-0.02224602,0.4869537,-0.02593994,0.8730316,0.4869537,-0.02593994,0.8730316,5.58255,5.58255,True,True,True
1657132,63779589540159,-13.59772,2.598194,-0.04724497,-0.06602309,0.8668917,0.1421122,-0.4732271,0.004732239,0.002493439,-0.0237283,0.5019073,-0.05596924,0.8630981,0.02826575,0.001797424,-0.0222337,0.02826575,0.001797424,-0.0222337,0.485199,-0.0357666,0.8736572,0.485199,-0.0357666,0.8736572,5.61734,5.61734,True,True,True
1657140,63779589540159,-13.59772,2.598194,-0.04724497,-0.06602309,0.8668917,0.1421122,-0.4732271,0.004937928,0.002494217,-0.02372952,0.5085907,-0.0513916,0.8594666,0.02825545,0.00180928,-0.02226117,0.02825545,0.00180928,-0.02226117,0.5012054,-0.02897644,0.8648224,0.5012054,-0.02897644,0.8648224,5.63736,5.63736,True,True,True
1657149,63779589540170,-13.59776,2.598177,-0.04705656,-0.06625007,0.8667058,0.1420973,-0.4735402,0.004142868,0.002513031,-0.02376238,0.5000458,-0.05738831,0.8640747,0.02826062,0.001801331,-0.02222966,0.02826062,0.001801331,-0.02222966,0.4847412,-0.03973389,0.8737488,0.4847412,-0.03973389,0.8737488,5.597992,5.597992,True,True,True
1657157,63779589540181,-13.59785,2.598232,-0.04687953,-0.06653947,0.8665248,0.1420371,-0.4738489,0.004118698,0.002514115,-0.02376296,0.4987183,-0.05711365,0.8648682,0.02826311,0.00180098,-0.02223015,0.02826311,0.00180098,-0.02223015,0.4855347,-0.0369873,0.8734131,0.4855347,-0.0369873,0.8734131,5.578629,5.578629,True,True,True
1657165,63779589540192,-13.59791,2.598244,-0.04669863,-0.06668914,0.8663067,0.1420399,-0.4742258,0.00477945,0.002494324,-0.02372255,0.4990082,-0.05435181,0.8648682,0.0282656,0.001801331,-0.02223039,0.0282656,0.001801331,-0.02223039,0.4859009,-0.03504944,0.8733063,0.4859009,-0.03504944,0.8733063,5.587997,5.587997,True,True,True
1657174,63779589540192,-13.59791,2.598244,-0.04669863,-0.06668914,0.8663067,0.1420399,-0.4742258,0.005153855,0.002483521,-0.02369835,0.498291,-0.05387878,0.8653259,0.02826711,0.001801773,-0.02223003,0.02826711,0.001801773,-0.02223003,0.4857788,-0.03492737,0.8733673,0.4857788,-0.03492737,0.8733673,5.573074,5.573074,True,True,True
1657182,63779589540203,-13.59798,2.598274,-0.046529,-0.06688785,0.8661365,0.1420709,-0.4744992,0.005152145,0.002483429,-0.02369804,0.497879,-0.05397034,0.8655548,0.0282686,0.001801605,-0.02222966,0.0282686,0.001801605,-0.02222966,0.4858246,-0.03520203,0.8733368,0.4858246,-0.03520203,0.8733368,5.573715,5.573715,True,True,True
1657190,63779589540214,-13.59811,2.598321,-0.04633486,-0.06689698,0.8659003,0.1421294,-0.4749114,0.005386353,0.002474793,-0.0236825,0.4959564,-0.05265808,0.8667297,0.02827071,0.001801468,-0.02222897,0.02827071,0.001801468,-0.02222897,0.4835052,-0.03569031,0.8746033,0.4835052,-0.03569031,0.8746033,5.563675,5.563675,True,True,True
1657199,63779589540225,-13.59816,2.598313,-0.04614705,-0.067033,0.8656458,0.1423078,-0.4753025,0.005293381,0.0024758,-0.02368774,0.4942169,-0.05160522,0.8677826,0.02827281,0.001801331,-0.02222827,0.02827281,0.001801331,-0.02222827,0.4812164,-0.03617859,0.8758545,0.4812164,-0.03617859,0.8758545,5.553726,5.553726,True,True,True
1657207,63779589540225,-13.59816,2.598313,-0.04614705,-0.067033,0.8656458,0.1423078,-0.4753025,0.005396607,0.002472504,-0.02368071,0.4949493,-0.0514679,0.8673859,0.02827315,0.00180098,-0.02222763,0.02827315,0.00180098,-0.02222763,0.4822235,-0.03588867,0.8753052,0.4822235,-0.03588867,0.8753052,5.552551,5.552551,True,True,True
1657215,63779589540236,-13.59826,2.5983,-0.04598922,-0.06709746,0.8654729,0.1423285,-0.4756021,0.00537497,0.002472885,-0.02368181,0.4946136,-0.05148315,0.867569,0.02827348,0.001800644,-0.02222701,0.02827348,0.001800644,-0.02222701,0.4813538,-0.0357666,0.8757935,0.4813538,-0.0357666,0.8757935,5.549759,5.549759,True,True,True
1657224,63779589540247,-13.59831,2.598268,-0.0458017,-0.0671256,0.8652646,0.1424752,-0.475933,0.006215699,0.002448181,-0.02362677,0.4941101,-0.051651,0.8678589,0.02827431,0.001800751,-0.02222447,0.02827431,0.001800751,-0.02222447,0.4815216,-0.03565979,0.8757019,0.4815216,-0.03565979,0.8757019,5.547989,5.547989,True,True,True
1657232,63779589540258,-13.59833,2.598303,-0.04563737,-0.06716957,0.8651092,0.1425396,-0.4761899,0.006214142,0.002448212,-0.02362526,0.4941101,-0.05076599,0.8679047,0.02827513,0.001800858,-0.02222194,0.02827513,0.001800858,-0.02222194,0.4816895,-0.03552246,0.8756104,0.4816895,-0.03552246,0.8756104,5.546448,5.546448,True,True,True
1657240,63779589540258,-13.59833,2.598303,-0.04563737,-0.06716957,0.8651092,0.1425396,-0.4761899,0.005607407,0.002470047,-0.02365778,0.4967041,-0.05508423,0.8661499,0.02829889,0.001806625,-0.02221042,0.02829889,0.001806625,-0.02221042,0.4854126,-0.04115295,0.8733063,0.4854126,-0.04115295,0.8733063,5.49176,5.49176,True,True,True
1657249,63779589540270,-13.59841,2.598297,-0.04549974,-0.06714741,0.8649238,0.1426322,-0.4765019,0.004909439,0.002485077,-0.02368955,0.4913025,-0.0607605,0.8688507,0.02830371,0.001797608,-0.02218868,0.02830371,0.001797608,-0.02218868,0.4756012,-0.05084229,0.8781738,0.4756012,-0.05084229,0.8781738,5.484283,5.484283,True,True,True
1657257,63779589540280,-13.59842,2.598324,-0.04537946,-0.06713952,0.8647692,0.1426961,-0.4767644,0.004271271,0.002504028,-0.02373151,0.4922638,-0.05688477,0.868576,0.02830626,0.001797913,-0.02219055,0.02830626,0.001797913,-0.02219055,0.4766083,-0.04368591,0.8780212,0.4766083,-0.04368591,0.8780212,5.480804,5.480804,True,True,True
1657265,63779589540292,-13.59846,2.598274,-0.04527611,-0.06716487,0.8646507,0.142873,-0.476923,0.003903076,0.002514725,-0.02375638,0.4918518,-0.05384827,0.8690033,0.02830881,0.001797608,-0.02219243,0.02830881,0.001797608,-0.02219243,0.4769745,-0.03796387,0.8780823,0.4769745,-0.03796387,0.8780823,5.490677,5.490677,True,True,True
1657274,63779589540292,-13.59846,2.598274,-0.04527611,-0.06716487,0.8646507,0.142873,-0.476923,0.003737976,0.00251915,-0.02376595,0.4902039,-0.05636597,0.8697662,0.02831075,0.001797028,-0.02219055,0.02831075,0.001797028,-0.02219055,0.4744415,-0.04212952,0.8792725,0.4744415,-0.04212952,0.8792725,5.485611,5.485611,True,True,True
1657282,63779589540303,-13.59851,2.598302,-0.04522574,-0.06723474,0.8645425,0.1428797,-0.477107,0.003680206,0.002520538,-0.02376875,0.4892731,-0.05426025,0.8704224,0.02831268,0.001796433,-0.02218868,0.02831268,0.001796433,-0.02218868,0.4719849,-0.03852844,0.8807526,0.4719849,-0.03852844,0.8807526,5.485336,5.485336,True,True,True
1657290,63779589540314,-13.59854,2.598298,-0.04512382,-0.06719728,0.8644458,0.1431406,-0.4772093,0.005407776,0.002469269,-0.02365778,0.4865112,-0.05386353,0.871994,0.02831348,0.001795731,-0.02218851,0.02831348,0.001795731,-0.02218851,0.4703522,-0.0395813,0.8815765,0.4703522,-0.0395813,0.8815765,5.476517,5.476517,True,True,True
1657299,63779589540325,-13.59845,2.598308,-0.04499274,-0.06716289,0.8643878,0.1432265,-0.4772936,0.005832871,0.002456207,-0.0236304,0.4853363,-0.05392456,0.8726501,0.02831429,0.001795014,-0.02218834,0.02831429,0.001795014,-0.02218834,0.4688721,-0.04052734,0.8823242,0.4688721,-0.04052734,0.8823242,5.481506,5.481506,True,True,True
1657307,63779589540325,-13.59845,2.598308,-0.04499274,-0.06716289,0.8643878,0.1432265,-0.4772936,0.006409745,0.002437988,-0.02359282,0.4854889,-0.05363464,0.8725891,0.02831683,0.001794067,-0.02218772,0.02831683,0.001794067,-0.02218772,0.4701385,-0.040802,0.8816376,0.4701385,-0.040802,0.8816376,5.475922,5.475922,True,True,True
1657315,63779589540337,-13.59841,2.598309,-0.04488611,-0.06722045,0.8642817,0.1434102,-0.4774223,0.007049988,0.00241832,-0.02355139,0.4857788,-0.05282593,0.872467,0.0283194,0.001793121,-0.0221871,0.0283194,0.001793121,-0.0221871,0.4714203,-0.03987122,0.8809967,0.4714203,-0.03987122,0.8809967,5.470581,5.470581,True,True,True
1657324,63779589540348,-13.5984,2.598355,-0.0447824,-0.06712723,0.864266,0.1435013,-0.4774364,0.007573792,0.002401886,-0.02351549,0.4852753,-0.05274963,0.872757,0.02832096,0.001791962,-0.02218527,0.02832096,0.001791962,-0.02218527,0.4710846,-0.0402832,0.8811493,0.4710846,-0.0402832,0.8811493,5.466995,5.466995,True,True,True
1657332,63779589540358,-13.59834,2.598338,-0.04464126,-0.0670497,0.8642753,0.1436812,-0.4773764,0.00769188,0.002397553,-0.02350649,0.4849548,-0.0511322,0.8730316,0.02832251,0.001790802,-0.02218344,0.02832251,0.001790802,-0.02218344,0.4722443,-0.03945923,0.8805695,0.4722443,-0.03945923,0.8805695,5.472,5.472,True,True,True
1657340,63779589540358,-13.59834,2.598338,-0.04464126,-0.0670497,0.8642753,0.1436812,-0.4773764,0.007800736,0.002392838,-0.02349816,0.4842987,-0.0511322,0.8733978,0.02832309,0.001788681,-0.02218135,0.02832309,0.001788681,-0.02218135,0.4716644,-0.0395813,0.8808746,0.4716644,-0.0395813,0.8808746,5.467957,5.467957,True,True,True
1657349,63779589540370,-13.59831,2.598352,-0.04455018,-0.06707273,0.864259,0.1437893,-0.4773702,0.008027664,0.002385681,-0.02348108,0.4838867,-0.05131531,0.8736115,0.02832367,0.001788056,-0.02217926,0.02832367,0.001788056,-0.02217926,0.4710846,-0.04020691,0.8811646,0.4710846,-0.04020691,0.8811646,5.463867,5.463867,True,True,True
1657357,63779589540380,-13.59831,2.598393,-0.04446197,-0.0671766,0.8643014,0.1438499,-0.4772605,0.008103028,0.002383164,-0.02347617,0.4838715,-0.05116272,0.8736267,0.02832382,0.001787857,-0.02217911,0.02832382,0.001787857,-0.02217911,0.4709167,-0.03991699,0.8812714,0.4709167,-0.03991699,0.8812714,5.462967,5.462967,True,True,True
1657365,63779589540391,-13.59831,2.598343,-0.04430312,-0.06735586,0.8643444,0.1440444,-0.4770987,0.008105057,0.00238266,-0.0234755,0.4838409,-0.05125427,0.873642,0.02832398,0.001787644,-0.02217896,0.02832398,0.001787644,-0.02217896,0.4707489,-0.04014587,0.8813477,0.4707489,-0.04014587,0.8813477,5.463654,5.463654,True,True,True
1657374,63779589540391,-13.59831,2.598343,-0.04430312,-0.06735586,0.8643444,0.1440444,-0.4770987,0.008064865,0.002382813,-0.02347777,0.4837952,-0.05130005,0.8736572,0.02832419,0.00178656,-0.02217891,0.02832419,0.00178656,-0.02217891,0.4707947,-0.03936768,0.8813629,0.4707947,-0.03936768,0.8813629,5.461807,5.461807,True,True,True
1657382,63779589540403,-13.59822,2.598357,-0.04419231,-0.06743906,0.8643787,0.1441241,-0.4770008,0.007872117,0.002388184,-0.0234886,0.4840546,-0.05169678,0.8735046,0.028325,0.001786255,-0.02217653,0.028325,0.001786255,-0.02217653,0.4708862,-0.03987122,0.8812866,0.4708862,-0.03987122,0.8812866,5.461853,5.461853,True,True,True
1657390,63779589540413,-13.59826,2.59834,-0.04412264,-0.06763488,0.8644115,0.1441086,-0.4769183,0.007826493,0.002387878,-0.02349004,0.4842682,-0.05192566,0.8733673,0.0283255,0.001784683,-0.02217584,0.0283255,0.001784683,-0.02217584,0.4710083,-0.04032898,0.8811951,0.4710083,-0.04032898,0.8811951,5.461548,5.461548,True,True,True
1657399,63779589540425,-13.59823,2.598351,-0.04403907,-0.0676944,0.8644773,0.1440703,-0.4768021,0.007835816,0.002386246,-0.02348718,0.4844055,-0.05239868,0.8732605,0.0283255,0.00178421,-0.02217261,0.0283255,0.00178421,-0.02217261,0.4711761,-0.04043579,0.8811035,0.4711761,-0.04043579,0.8811035,5.462112,5.462112,True,True,True
1657407,63779589540425,-13.59823,2.598351,-0.04403907,-0.0676944,0.8644773,0.1440703,-0.4768021,0.00787378,0.002384476,-0.02348244,0.4844971,-0.05238342,0.8732147,0.0283255,0.001783295,-0.02216905,0.0283255,0.001783295,-0.02216905,0.4712219,-0.04049683,0.881073,0.4712219,-0.04049683,0.881073,5.464401,5.464401,True,True,True
1657415,63779589540436,-13.5982,2.598347,-0.04396594,-0.0677589,0.8645536,0.1441053,-0.476644,0.007786789,0.002386414,-0.02348712,0.4858398,-0.05227661,0.872467,0.0283255,0.001782318,-0.02216776,0.0283255,0.001782318,-0.02216776,0.4732361,-0.04011536,0.8800049,0.4732361,-0.04011536,0.8800049,5.482346,5.482346,True,True,True
1657424,63779589540447,-13.59816,2.59836,-0.04387963,-0.06779539,0.8646508,0.1440323,-0.4764847,0.007239228,0.002402497,-0.02352153,0.4862976,-0.05310059,0.8721619,0.0283255,0.001782272,-0.02216663,0.0283255,0.001782272,-0.02216663,0.4734344,-0.04093933,0.8798676,0.4734344,-0.04093933,0.8798676,5.481979,5.481979,True,True,True
1657432,63779589540458,-13.59823,2.598287,-0.04382497,-0.06791507,0.8647729,0.1439189,-0.4762801,0.007166581,0.002403809,-0.02352565,0.4864502,-0.05358887,0.8720551,0.0283255,0.001781189,-0.02216591,0.0283255,0.001781189,-0.02216591,0.4737244,-0.04167175,0.8796692,0.4737244,-0.04167175,0.8796692,5.498489,5.498489,True,True,True
1657440,63779589540458,-13.59823,2.598287,-0.04382497,-0.06791507,0.8647729,0.1439189,-0.4762801,0.005598252,0.002449616,-0.02362486,0.4875031,-0.05448914,0.8714142,0.0283255,0.001780655,-0.02216361,0.0283255,0.001780655,-0.02216361,0.4738159,-0.04165649,0.8796234,0.4738159,-0.04165649,0.8796234,5.504761,5.504761,True,True,True
1657449,63779589540470,-13.59826,2.598241,-0.04370081,-0.06810884,0.8648589,0.143965,-0.4760824,0.005559128,0.002450272,-0.0236265,0.4883881,-0.05444336,0.8709106,0.0283255,0.001779831,-0.02216217,0.0283255,0.001779831,-0.02216217,0.4750977,-0.04135132,0.878952,0.4750977,-0.04135132,0.878952,5.510895,5.510895,True,True,True
1657457,63779589540481,-13.59825,2.598226,-0.04360378,-0.06820918,0.8649721,0.1439846,-0.4758564,0.00557666,0.002449051,-0.0236245,0.4892426,-0.05427551,0.8704376,0.02832501,0.001778824,-0.02216078,0.02832501,0.001778824,-0.02216078,0.475296,-0.04129028,0.8788452,0.475296,-0.04129028,0.8788452,5.511261,5.511261,True,True,True
1657465,63779589540491,-13.59817,2.598272,-0.04353195,-0.0683559,0.8650683,0.1438915,-0.4756886,0.005593491,0.002448364,-0.02362328,0.4897614,-0.05400085,0.8701782,0.02832349,0.001778565,-0.02216065,0.02832349,0.001778565,-0.02216065,0.4752197,-0.04122925,0.878891,0.4752197,-0.04122925,0.878891,5.513596,5.513596,True,True,True
1657474,63779589540491,-13.59817,2.598272,-0.04353195,-0.0683559,0.8650683,0.1438915,-0.4756886,0.005637344,0.002447006,-0.02362001,0.4897461,-0.05400085,0.8701782,0.02832312,0.00177832,-0.02215994,0.02832312,0.00177832,-0.02215994,0.4752502,-0.04122925,0.8788757,0.4752502,-0.04122925,0.8788757,5.514526,5.514526,True,True,True
1657482,63779589540503,-13.59813,2.598277,-0.043446,-0.06850062,0.8650919,0.1439583,-0.4756047,0.005688278,0.002445481,-0.02361617,0.4890137,-0.05426025,0.870575,0.02832161,0.00177832,-0.02215909,0.02832161,0.00177832,-0.02215909,0.4750061,-0.04159546,0.8789825,0.4750061,-0.04159546,0.8789825,5.521042,5.521042,True,True,True
1657490,63779589540514,-13.59808,2.598306,-0.04328847,-0.06869788,0.8651053,0.1440898,-0.4755119,0.006374695,0.002425217,-0.02357021,0.4877014,-0.05384827,0.8713379,0.02831946,0.00177832,-0.02215648,0.02831946,0.00177832,-0.02215648,0.4748383,-0.04147339,0.8790894,0.4748383,-0.04147339,0.8790894,5.530426,5.530426,True,True,True
1657499,63779589540525,-13.59808,2.598288,-0.04318041,-0.06886094,0.8651118,0.1441838,-0.4754478,0.006372315,0.002425247,-0.02356964,0.4892883,-0.05345154,0.8704681,0.02831754,0.001778061,-0.02215535,0.02831754,0.001778061,-0.02215535,0.4760895,-0.0413208,0.878418,0.4760895,-0.0413208,0.878418,5.540497,5.540497,True,True,True
1657507,63779589540525,-13.59808,2.598288,-0.04318041,-0.06886094,0.8651118,0.1441838,-0.4754478,0.006358872,0.00242569,-0.02357031,0.489624,-0.05331421,0.870285,0.0283142,0.001778061,-0.02215527,0.0283142,0.001778061,-0.02215527,0.4758606,-0.04121399,0.87854,0.4758606,-0.04121399,0.87854,5.54213,5.54213,True,True,True
1657515,63779589540536,-13.59805,2.598294,-0.04309177,-0.06914396,0.8651208,0.1442388,-0.4753738,0.006381913,0.002424957,-0.0235679,0.4895935,-0.05235291,0.8703613,0.02830997,0.001778061,-0.02215405,0.02830997,0.001778061,-0.02215405,0.4766998,-0.04060364,0.8781128,0.4766998,-0.04060364,0.8781128,5.567261,5.567261,True,True,True
1657524,63779589540547,-13.59804,2.598284,-0.04299849,-0.06935991,0.8651382,0.1443809,-0.4752675,0.006346436,0.002426056,-0.02356966,0.4882965,-0.05258179,0.8710785,0.0283053,0.001778061,-0.02215291,0.0283053,0.001778061,-0.02215291,0.4759674,-0.04072571,0.8785095,0.4759674,-0.04072571,0.8785095,5.566513,5.566513,True,True,True
1657532,63779589540558,-13.59803,2.598282,-0.04288489,-0.06950453,0.8651835,0.1444478,-0.4751437,0.00650528,0.00242186,-0.02355886,0.4885101,-0.05258179,0.8709564,0.02830499,0.00177832,-0.02215167,0.02830499,0.00177832,-0.02215167,0.476593,-0.04083252,0.8781586,0.476593,-0.04083252,0.8781586,5.57103,5.57103,True,True,True
1657540,63779589540558,-13.59803,2.598282,-0.04288489,-0.06950453,0.8651835,0.1444478,-0.4751437,0.006471527,0.002423447,-0.02356024,0.4886017,-0.05278015,0.8708954,0.02830171,0.001778565,-0.02215071,0.02830171,0.001778565,-0.02215071,0.4771576,-0.04086304,0.8778534,0.4771576,-0.04086304,0.8778534,5.571472,5.571472,True,True,True
1657549,63779589540569,-13.59802,2.598303,-0.04276758,-0.06964688,0.8652004,0.1445366,-0.475065,0.006444504,0.00242482,-0.02356191,0.4881439,-0.05220032,0.8711853,0.02829921,0.00177919,-0.02215071,0.02829921,0.00177919,-0.02215071,0.4765472,-0.03982544,0.8782349,0.4765472,-0.03982544,0.8782349,5.572113,5.572113,True,True,True
1657557,63779589540581,-13.59802,2.598287,-0.04267645,-0.06969181,0.8651785,0.1446931,-0.4750507,0.006481125,0.002424576,-0.0235591,0.4897919,-0.05200195,0.8702698,0.028297,0.001780609,-0.02214952,0.028297,0.001780609,-0.02214952,0.4768829,-0.03991699,0.8780518,0.4768829,-0.03991699,0.8780518,5.581314,5.581314,True,True,True
1657565,63779589540592,-13.59804,2.598323,-0.04259533,-0.06973529,0.8651406,0.144711,-0.4751078,0.00645166,0.002426086,-0.02356101,0.4896545,-0.0509491,0.8704071,0.02829541,0.00178067,-0.02214952,0.02829541,0.00178067,-0.02214952,0.4765472,-0.03915405,0.8782654,0.4765472,-0.03915405,0.8782654,5.586609,5.586609,True,True,True
1657574,63779589540592,-13.59804,2.598323,-0.04259533,-0.06973529,0.8651406,0.144711,-0.4751078,0.006622757,0.002421112,-0.02355005,0.4895172,-0.05058289,0.8705139,0.02829469,0.001780701,-0.02214952,0.02829469,0.001780701,-0.02214952,0.4764862,-0.03910828,0.8782959,0.4764862,-0.03910828,0.8782959,5.593063,5.593063,True,True,True
1657582,63779589540602,-13.59808,2.598356,-0.04255337,-0.0697134,0.865151,0.1447054,-0.4750938,0.006585404,0.002422318,-0.02355295,0.4894562,-0.04978943,0.8705902,0.02829405,0.001780808,-0.02214952,0.02829405,0.001780808,-0.02214952,0.4763794,-0.0390625,0.8783569,0.4763794,-0.0390625,0.8783569,5.59848,5.59848,True,True,True
1657590,63779589540614,-13.59807,2.598362,-0.04244483,-0.06974477,0.8651062,0.144684,-0.4751772,0.006660523,0.002420868,-0.02354808,0.4893341,-0.04930115,0.870697,0.02829376,0.001781891,-0.02214952,0.02829376,0.001781891,-0.02214952,0.4762115,-0.03915405,0.8784485,0.4762115,-0.03915405,0.8784485,5.592773,5.592773,True,True,True
1657599,63779589540624,-13.59802,2.598374,-0.04232603,-0.06980606,0.865093,0.1446389,-0.4752061,0.006493775,0.002428162,-0.02355884,0.4893951,-0.04997253,0.8706207,0.02829331,0.001785385,-0.02214952,0.02829331,0.001785385,-0.02214952,0.4761353,-0.04003906,0.8784485,0.4761353,-0.04003906,0.8784485,5.594574,5.594574,True,True,True
1657607,63779589540624,-13.59802,2.598374,-0.04232603,-0.06980606,0.865093,0.1446389,-0.4752061,0.006469834,0.002429718,-0.02356087,0.4894257,-0.05014038,0.8705902,0.02829331,0.001786697,-0.02214952,0.02829331,0.001786697,-0.02214952,0.4761658,-0.04034424,0.878418,0.4761658,-0.04034424,0.878418,5.597458,5.597458,True,True,True
1657615,63779589540636,-13.59799,2.598352,-0.04224128,-0.06994715,0.8651097,0.1445462,-0.4751832,0.0063779,0.002436173,-0.0235679,0.4897308,-0.05075073,0.8703918,0.02829331,0.001791245,-0.02214952,0.02829331,0.001791245,-0.02214952,0.4762878,-0.0413208,0.8783112,0.4762878,-0.0413208,0.8783112,5.601395,5.601395,True,True,True
1657624,63779589540647,-13.59802,2.598332,-0.04215777,-0.07008195,0.865126,0.1445809,-0.4751231,0.006427979,0.002435257,-0.02356503,0.4895325,-0.05072021,0.8704987,0.02829331,0.001791245,-0.02214923,0.02829331,0.001791245,-0.02214923,0.4763184,-0.04136658,0.8782959,0.4763184,-0.04136658,0.8782959,5.604446,5.604446,True,True,True
1657632,63779589540658,-13.59804,2.598276,-0.04207647,-0.07021015,0.8651503,0.1445475,-0.4750699,0.006493775,0.002433411,-0.02356096,0.4893951,-0.04911804,0.8706665,0.02829331,0.001791367,-0.02214923,0.02829331,0.001791367,-0.02214923,0.4772186,-0.03884888,0.8779144,0.4772186,-0.03884888,0.8779144,5.607071,5.607071,True,True,True
1657640,63779589540658,-13.59804,2.598276,-0.04207647,-0.07021015,0.8651503,0.1445475,-0.4750699,0.006535004,0.002432709,-0.02355847,0.489502,-0.04942322,0.8705902,0.02829326,0.001791367,-0.0221492,0.02829326,0.001791367,-0.0221492,0.4762878,-0.03956604,0.8783875,0.4762878,-0.03956604,0.8783875,5.609421,5.609421,True,True,True
1657649,63779589540669,-13.59802,2.598264,-0.04200822,-0.07023989,0.8652114,0.1446384,-0.4749267,0.006579117,0.002432083,-0.02355566,0.4895325,-0.04876709,0.8706055,0.02829326,0.001792007,-0.02214885,0.02829326,0.001792007,-0.02214885,0.4763031,-0.03970337,0.8783722,0.4763031,-0.03970337,0.8783722,5.615707,5.615707,True,True,True
1657657,63779589540680,-13.59792,2.598283,-0.04197443,-0.07025404,0.8652312,0.1446888,-0.4748732,0.006542008,0.002433517,-0.02355808,0.4887085,-0.04959106,0.8710327,0.02829326,0.001792313,-0.02214885,0.02829326,0.001792313,-0.02214885,0.4761353,-0.03982544,0.8784637,0.4761353,-0.03982544,0.8784637,5.618454,5.618454,True,True,True
1657665,63779589540691,-13.59787,2.598342,-0.04193622,-0.07028013,0.8652453,0.1449904,-0.4747515,0.006647431,0.002430786,-0.02355141,0.4893951,-0.04893494,0.8706665,0.02829317,0.001792847,-0.02214842,0.02829317,0.001792847,-0.02214842,0.4762115,-0.03994751,0.8784027,0.4762115,-0.03994751,0.8784027,5.627258,5.627258,True,True,True
1657674,63779589540691,-13.59787,2.598342,-0.04193622,-0.07028013,0.8652453,0.1449904,-0.4747515,0.006588975,0.002433182,-0.02355484,0.4887695,-0.04985046,0.8709717,0.02829317,0.001793396,-0.02214781,0.02829317,0.001793396,-0.02214781,0.4763489,-0.04109192,0.8782806,0.4763489,-0.04109192,0.8782806,5.621048,5.621048,True,True,True
1657682,63779589540702,-13.59777,2.598356,-0.04192537,-0.07022743,0.8652946,0.1452177,-0.4746,0.006648026,0.002431503,-0.02355036,0.4883881,-0.04949951,0.8712158,0.02829317,0.001793396,-0.02214674,0.02829317,0.001793396,-0.02214674,0.4762268,-0.04118347,0.8783417,0.4762268,-0.04118347,0.8783417,5.626846,5.626846,True,True,True
1657690,63779589540713,-13.59775,2.598336,-0.04184288,-0.07013094,0.8653186,0.1455683,-0.4744631,0.006577713,0.002433411,-0.02355489,0.4881134,-0.0506134,0.8713074,0.02829303,0.001792847,-0.02214673,0.02829303,0.001792847,-0.02214673,0.4764252,-0.04208374,0.8781891,0.4764252,-0.04208374,0.8781891,5.630157,5.630157,True,True,True
1657699,63779589540725,-13.59771,2.598406,-0.04177958,-0.07009224,0.8653831,0.1457032,-0.4743097,0.006584732,0.002433304,-0.02355437,0.4880066,-0.05065918,0.8713531,0.0282926,0.001792313,-0.02214665,0.0282926,0.001792313,-0.02214665,0.4762726,-0.04197693,0.8782806,0.4762726,-0.04197693,0.8782806,5.626404,5.626404,True,True,True
1657707,63779589540725,-13.59771,2.598406,-0.04177958,-0.07009224,0.8653831,0.1457032,-0.4743097,0.006574952,0.002433411,-0.02355435,0.4881744,-0.04995728,0.8712921,0.02829198,0.001792007,-0.02214563,0.02829198,0.001792007,-0.02214563,0.4765778,-0.04110718,0.8781586,0.4765778,-0.04110718,0.8781586,5.630829,5.630829,True,True,True
1657715,63779589540736,-13.5977,2.598381,-0.04168665,-0.07011017,0.865434,0.1461395,-0.47408,0.006493225,0.002435669,-0.02355829,0.4892578,-0.04948425,0.8707275,0.02829198,0.001791748,-0.02214345,0.02829198,0.001791748,-0.02214345,0.478241,-0.04072571,0.8772736,0.478241,-0.04072571,0.8772736,5.639008,5.639008,True,True,True
1657724,63779589540747,-13.59767,2.598441,-0.0416581,-0.06991643,0.8654953,0.1462501,-0.4739625,0.007899933,0.002394348,-0.02346668,0.4884033,-0.04832458,0.8712616,0.02829132,0.001791748,-0.02214345,0.02829132,0.001791748,-0.02214345,0.4780884,-0.03970337,0.8773956,0.4780884,-0.03970337,0.8773956,5.639343,5.639343,True,True,True
1657732,63779589540758,-13.59768,2.598476,-0.04161572,-0.06981685,0.8655676,0.1464336,-0.4737886,0.006472458,0.002436264,-0.02355898,0.4891815,-0.04873657,0.8708038,0.02829022,0.001791367,-0.02214334,0.02829022,0.001791367,-0.02214334,0.4781494,-0.03933716,0.8773804,0.4781494,-0.03933716,0.8773804,5.642365,5.642365,True,True,True
1657740,63779589540758,-13.59768,2.598476,-0.04161572,-0.06981685,0.8655676,0.1464336,-0.4737886,0.006323777,0.002440628,-0.02356848,0.4889221,-0.04928589,0.8709259,0.02828809,0.001791367,-0.02214333,0.02828809,0.001791367,-0.02214333,0.4776764,-0.03970337,0.8776245,0.4776764,-0.03970337,0.8776245,5.648773,5.648773,True,True,True
1657749,63779589540769,-13.59766,2.598478,-0.04161912,-0.06970448,0.8656249,0.146524,-0.4736724,0.006223145,0.002443543,-0.02357471,0.4891663,-0.04917908,0.8707886,0.02828494,0.001791367,-0.02214314,0.02828494,0.001791367,-0.02214314,0.4779968,-0.03941345,0.8774719,0.4779968,-0.03941345,0.8774719,5.650742,5.650742,True,True,True
1657757,63779589540780,-13.59762,2.598523,-0.04164648,-0.06958754,0.8656946,0.1464525,-0.4735841,0.006217148,0.00244252,-0.02357504,0.4890747,-0.0489502,0.8708649,0.0282845,0.001789444,-0.02214311,0.0282845,0.001789444,-0.02214311,0.4779053,-0.03883362,0.8775482,0.4779053,-0.03883362,0.8775482,5.651031,5.651031,True,True,True
1657765,63779589540791,-13.59763,2.598539,-0.04171067,-0.06945781,0.865818,0.1464127,-0.4733901,0.00587909,0.002445496,-0.02357916,0.4881592,-0.04948425,0.8713379,0.02836005,0.001774963,-0.0221189,0.02836005,0.001774963,-0.0221189,0.4784088,-0.04055786,0.877182,0.4784088,-0.04055786,0.877182,5.614365,5.614365,True,True,True
1657774,63779589540791,-13.59763,2.598539,-0.04171067,-0.06945781,0.865818,0.1464127,-0.4733901,0.005413376,0.002448136,-0.02354964,0.4663696,-0.04551697,0.8834076,0.02850516,0.001763351,-0.02204556,0.02850516,0.001763351,-0.02204556,0.4515076,-0.03678894,0.8914948,0.4515076,-0.03678894,0.8914948,5.643311,5.643311,True,True,True
1657782,63779589540803,-13.59763,2.598518,-0.04173923,-0.06931058,0.8659465,0.14638,-0.4731866,0.00522255,0.002449646,-0.02351975,0.4489288,-0.04841614,0.8922424,0.0285833,0.001757721,-0.02200824,0.0285833,0.001757721,-0.02200824,0.4375458,-0.04133606,0.8982239,0.4375458,-0.04133606,0.8982239,5.669861,5.669861,True,True,True
1657790,63779589540814,-13.59763,2.598485,-0.04174203,-0.06925133,0.8660789,0.1462786,-0.4729844,0.005173004,0.002457642,-0.02351906,0.4479675,-0.03829956,0.893219,0.02861229,0.001763275,-0.0220038,0.02861229,0.001763275,-0.0220038,0.4385071,-0.03561401,0.8980103,0.4385071,-0.03561401,0.8980103,5.700424,5.700424,True,True,True
1657798,63779589540825,-13.59764,2.598476,-0.04178357,-0.06909459,0.8661402,0.1463329,-0.4728781,0.005062943,0.00245665,-0.02351309,0.4375763,-0.04350281,0.8981171,0.02859746,0.001761383,-0.02199265,0.02859746,0.001761383,-0.02199265,0.4250793,-0.03713989,0.9043732,0.4250793,-0.03713989,0.9043732,5.664841,5.664841,True,True,True
1657807,63779589540825,-13.59764,2.598476,-0.04178357,-0.06909459,0.8661402,0.1463329,-0.4728781,0.007532227,0.002388092,-0.02336472,0.446701,-0.04124451,0.8937225,0.02858986,0.001769318,-0.02201032,0.02858986,0.001769318,-0.02201032,0.4420624,-0.03599548,0.8962555,0.4420624,-0.03599548,0.8962555,5.706451,5.706451,True,True,True
1657815,63779589540836,-13.59762,2.598477,-0.04193699,-0.06905928,0.8662297,0.1464387,-0.4726867,0.008495301,0.002359055,-0.02330074,0.4457703,-0.04486084,0.8940125,0.02859212,0.001768829,-0.02200667,0.02859212,0.001768829,-0.02200667,0.4412994,-0.04304504,0.8963165,0.4412994,-0.04304504,0.8963165,5.722275,5.722275,True,True,True
1657824,63779589540847,-13.59767,2.598528,-0.04195899,-0.0691445,0.866173,0.1466049,-0.4727264,0.009377716,0.002332993,-0.02324152,0.4443359,-0.04396057,0.8947754,0.02859392,0.001769318,-0.02200301,0.02859392,0.001769318,-0.02200301,0.440094,-0.04084778,0.8970032,0.440094,-0.04084778,0.8970032,5.702209,5.702209,True,True,True
1657832,63779589540858,-13.5977,2.598505,-0.04203033,-0.06941112,0.8661234,0.1467622,-0.4727295,0.009093674,0.002340515,-0.02325934,0.4423981,-0.04563904,0.8956451,0.02859415,0.001768829,-0.02200237,0.02859415,0.001768829,-0.02200237,0.4369812,-0.04252625,0.8984528,0.4369812,-0.04252625,0.8984528,5.707581,5.707581,True,True,True
1657840,63779589540858,-13.5977,2.598505,-0.04203033,-0.06941112,0.8661234,0.1467622,-0.4727295,0.008310944,0.002362839,-0.02330934,0.4405975,-0.04415894,0.8966064,0.02859436,0.001768356,-0.02200171,0.02859436,0.001768356,-0.02200171,0.4337158,-0.04124451,0.9000854,0.4337158,-0.04124451,0.9000854,5.697769,5.697769,True,True,True
1657849,63779589540869,-13.59768,2.598459,-0.04212743,-0.06974354,0.8661017,0.1467963,-0.4727098,0.007467163,0.002387833,-0.02336186,0.4424896,-0.04516602,0.8956299,0.02859436,0.001768356,-0.02199878,0.02859436,0.001768356,-0.02199878,0.4360962,-0.04142761,0.898941,0.4360962,-0.04142761,0.898941,5.678009,5.678009,True,True,True
1657857,63779589540880,-13.59771,2.598484,-0.04218787,-0.07004714,0.8661195,0.146669,-0.4726718,0.006646714,0.002412018,-0.02341377,0.4441071,-0.0450592,0.8948364,0.02859438,0.001768341,-0.02199721,0.02859438,0.001768341,-0.02199721,0.4388123,-0.04135132,0.8976135,0.4388123,-0.04135132,0.8976135,5.690643,5.690643,True,True,True
1657865,63779589540891,-13.59766,2.598451,-0.04224163,-0.07020777,0.8661424,0.146547,-0.4726439,0.006569687,0.002413788,-0.02341829,0.4421844,-0.04481506,0.8957977,0.02859485,0.001767319,-0.02199654,0.02859485,0.001767319,-0.02199654,0.4361877,-0.04129028,0.8988953,0.4361877,-0.04129028,0.8988953,5.672897,5.672897,True,True,True
1657874,63779589540891,-13.59766,2.598451,-0.04224163,-0.07020777,0.8661424,0.146547,-0.4726439,0.005777725,0.002436829,-0.02346897,0.44104,-0.04457092,0.8963623,0.02859534,0.001766312,-0.02199587,0.02859534,0.001766312,-0.02199587,0.4338989,-0.04133606,0.9000092,0.4338989,-0.04133606,0.9000092,5.687012,5.687012,True,True,True
1657882,63779589540902,-13.59773,2.598432,-0.0423333,-0.07034935,0.8661696,0.1463215,-0.4726428,0.004255844,0.002482544,-0.023567,0.4411774,-0.04452515,0.8963013,0.02859485,0.001767319,-0.02199565,0.02859485,0.001767319,-0.02199565,0.4332733,-0.04164124,0.9002838,0.4332733,-0.04164124,0.9002838,5.670593,5.670593,True,True,True
1657890,63779589540913,-13.59776,2.598374,-0.04244405,-0.07040717,0.8662654,0.1460773,-0.4725342,0.004333771,0.002480957,-0.02356169,0.4411926,-0.04522705,0.8962555,0.02859438,0.001768341,-0.02199542,0.02859438,0.001768341,-0.02199542,0.4334564,-0.04205322,0.900177,0.4334564,-0.04205322,0.900177,5.668991,5.668991,True,True,True
1657899,63779589540925,-13.59784,2.598368,-0.04252249,-0.07034171,0.8663952,0.1457854,-0.4723961,0.005156601,0.002456925,-0.023508,0.4424744,-0.04473877,0.8956451,0.02859436,0.001768356,-0.02199468,0.02859436,0.001768356,-0.02199468,0.436142,-0.04200745,0.89888,0.436142,-0.04200745,0.89888,5.679901,5.679901,True,True,True
1657907,63779589540925,-13.59784,2.598368,-0.04252249,-0.07034171,0.8663952,0.1457854,-0.4723961,0.004480255,0.002477127,-0.02355129,0.44133,-0.04559326,0.8961792,0.02859436,0.001768356,-0.02199393,0.02859436,0.001768356,-0.02199393,0.4334564,-0.04257202,0.9001617,0.4334564,-0.04257202,0.9001617,5.668839,5.668839,True,True,True
1657915,63779589540936,-13.59781,2.598331,-0.04261547,-0.07025813,0.8665312,0.1455369,-0.4722357,0.004544495,0.002475723,-0.02354679,0.4423523,-0.04589844,0.8956604,0.02859415,0.001768646,-0.02199355,0.02859415,0.001768646,-0.02199355,0.4359894,-0.04217529,0.898941,0.4359894,-0.04217529,0.898941,5.67038,5.67038,True,True,True
1657924,63779589540947,-13.59781,2.598327,-0.04275405,-0.07016001,0.8666484,0.1452628,-0.4721196,0.004603348,0.002476059,-0.02354268,0.4435272,-0.0464325,0.89505,0.02859392,0.001768921,-0.02199317,0.02859392,0.001768921,-0.02199317,0.4385223,-0.04222107,0.8977203,0.4385223,-0.04222107,0.8977203,5.671814,5.671814,True,True,True
1657932,63779589540958,-13.59785,2.598277,-0.04286879,-0.0701692,0.8667052,0.1451542,-0.4720473,0.006091721,0.002432907,-0.02344476,0.4437714,-0.04716492,0.8948822,0.02859436,0.001768356,-0.02199027,0.02859436,0.001768356,-0.02199027,0.4386444,-0.04354858,0.8975983,0.4386444,-0.04354858,0.8975983,5.671295,5.671295,True,True,True
1657940,63779589540958,-13.59785,2.598277,-0.04286879,-0.0701692,0.8667052,0.1451542,-0.4720473,0.006044342,0.002434906,-0.02344685,0.4416656,-0.046875,0.8959503,0.02859438,0.001768356,-0.02198871,0.02859438,0.001768356,-0.02198871,0.4352875,-0.04273987,0.8992615,0.4352875,-0.04273987,0.8992615,5.662521,5.662521,True,True,True
1657949,63779589540969,-13.59785,2.598229,-0.04298717,-0.07015815,0.8667629,0.1449611,-0.4720023,0.00597078,0.002436417,-0.02345081,0.4440155,-0.04722595,0.8947601,0.02859534,0.001766556,-0.02198738,0.02859534,0.001766556,-0.02198738,0.4389191,-0.04324341,0.8974762,0.4389191,-0.04324341,0.8974762,5.671722,5.671722,True,True,True
1657957,63779589540980,-13.59782,2.598155,-0.04314446,-0.07010034,0.8668352,0.1448247,-0.4719199,0.005909699,0.002438477,-0.02345464,0.4451141,-0.04563904,0.8943024,0.02859572,0.001766556,-0.02198717,0.02859572,0.001766556,-0.02198717,0.4394073,-0.04199219,0.8972931,0.4394073,-0.04199219,0.8972931,5.666229,5.666229,True,True,True
1657965,63779589540991,-13.59779,2.598092,-0.04328924,-0.06994929,0.8668727,0.1446871,-0.4719157,0.005882187,0.002439911,-0.02345613,0.4452209,-0.04574585,0.8942413,0.02859616,0.001766998,-0.02198667,0.02859616,0.001766998,-0.02198667,0.4395905,-0.04206848,0.8972015,0.4395905,-0.04206848,0.8972015,5.673019,5.673019,True,True,True
1657974,63779589540991,-13.59779,2.598092,-0.04328924,-0.06994929,0.8668727,0.1446871,-0.4719157,0.005890915,0.002439697,-0.02345517,0.4452057,-0.04577637,0.8942413,0.02859616,0.001766998,-0.02198602,0.02859616,0.001766998,-0.02198602,0.4395905,-0.04211426,0.8972015,0.4395905,-0.04211426,0.8972015,5.67305,5.67305,True,True,True
1657982,63779589541002,-13.59781,2.59804,-0.04339147,-0.06975643,0.8669254,0.1444552,-0.4719185,0.00591391,0.002439133,-0.02345338,0.4449768,-0.04660034,0.8943176,0.02859409,0.001766998,-0.02198569,0.02859409,0.001766998,-0.02198569,0.4390564,-0.043396,0.8973999,0.4390564,-0.043396,0.8973999,5.671799,5.671799,True,True,True
1657990,63779589541013,-13.59784,2.598003,-0.04352725,-0.06949658,0.8669978,0.1442221,-0.4718951,0.005944229,0.002438797,-0.02345053,0.4449158,-0.04760742,0.8943024,0.0285927,0.001766998,-0.02198431,0.0285927,0.001766998,-0.02198431,0.4387207,-0.04354858,0.8975525,0.4387207,-0.04354858,0.8975525,5.672653,5.672653,True,True,True
1657999,63779589541024,-13.59782,2.597943,-0.04365504,-0.06920183,0.867098,0.1438657,-0.4718632,0.006003922,0.002437241,-0.02344644,0.4455109,-0.04762268,0.8939972,0.02859247,0.001766998,-0.02198393,0.02859247,0.001766998,-0.02198393,0.4394836,-0.04350281,0.8971863,0.4394836,-0.04350281,0.8971863,5.673096,5.673096,True,True,True
1658007,63779589541024,-13.59782,2.597943,-0.04365504,-0.06920183,0.867098,0.1438657,-0.4718632,0.006055512,0.002435791,-0.02344307,0.445816,-0.04756165,0.8938446,0.02859247,0.001766998,-0.0219839,0.02859247,0.001766998,-0.0219839,0.4396362,-0.04342651,0.89711,0.4396362,-0.04342651,0.89711,5.687363,5.687363,True,True,True
1658015,63779589541036,-13.59783,2.597889,-0.04373419,-0.06908059,0.8670879,0.143657,-0.471963,0.006067505,0.002435776,-0.02344162,0.4455414,-0.04647827,0.894043,0.02859247,0.001766998,-0.02198277,0.02859247,0.001766998,-0.02198277,0.438858,-0.04150391,0.897583,0.438858,-0.04150391,0.897583,5.689011,5.689011,True,True,True
1658024,63779589541046,-13.59789,2.59786,-0.04385316,-0.06892868,0.8671666,0.1433562,-0.471932,0.006067139,0.002435852,-0.02344136,0.446167,-0.04606628,0.8937531,0.02859247,0.001766998,-0.02198242,0.02859247,0.001766998,-0.02198242,0.4382324,-0.04101563,0.8979187,0.4382324,-0.04101563,0.8979187,5.688065,5.688065,True,True,True
1658032,63779589541058,-13.59787,2.597837,-0.04404765,-0.06894696,0.8671989,0.1430395,-0.4719661,0.006486984,0.002423767,-0.02341403,0.4464722,-0.04620361,0.8936005,0.02859218,0.001766998,-0.02198218,0.02859218,0.001766998,-0.02198218,0.4387817,-0.04098511,0.897644,0.4387817,-0.04098511,0.897644,5.688217,5.688217,True,True,True
1658040,63779589541058,-13.59787,2.597837,-0.04404765,-0.06894696,0.8671989,0.1430395,-0.4719661,0.006088074,0.002438141,-0.02343939,0.447464,-0.04716492,0.8930511,0.02859218,0.001766998,-0.02198105,0.02859218,0.001766998,-0.02198105,0.4387817,-0.04161072,0.8976135,0.4387817,-0.04161072,0.8976135,5.688812,5.688812,True,True,True
1658049,63779589541069,-13.59791,2.597781,-0.0441913,-0.06891978,0.867309,0.1427282,-0.4718621,0.006099716,0.002438004,-0.02343868,0.4485474,-0.04675293,0.8925323,0.02859218,0.001766998,-0.02198038,0.02859218,0.001766998,-0.02198038,0.4402466,-0.04096985,0.8969269,0.4402466,-0.04096985,0.8969269,5.691925,5.691925,True,True,True
1658057,63779589541080,-13.59788,2.597802,-0.04441935,-0.06881779,0.8674012,0.1424854,-0.4717808,0.006485489,0.002426956,-0.02341297,0.4479523,-0.04545593,0.8928986,0.0285912,0.001767304,-0.02197974,0.0285912,0.001767304,-0.02197974,0.4394989,-0.03862,0.8973999,0.4394989,-0.03862,0.8973999,5.691177,5.691177,True,True,True
1658065,63779589541091,-13.59782,2.597782,-0.04459631,-0.06870399,0.867529,0.1422627,-0.4716297,0.006474152,0.002427628,-0.02341292,0.4484711,-0.0471344,0.8925476,0.0285901,0.001767624,-0.02197853,0.0285901,0.001767624,-0.02197853,0.4397125,-0.04127502,0.897171,0.4397125,-0.04127502,0.897171,5.689789,5.689789,True,True,True
1658074,63779589541091,-13.59782,2.597782,-0.04459631,-0.06870399,0.867529,0.1422627,-0.4716297,0.006575974,0.002424652,-0.02340559,0.4480133,-0.04730225,0.8927612,0.02858748,0.001767822,-0.02197753,0.02858748,0.001767822,-0.02197753,0.4390564,-0.04145813,0.8974915,0.4390564,-0.04145813,0.8974915,5.689178,5.689178,True,True,True
1658082,63779589541102,-13.59776,2.597803,-0.0447554,-0.06866729,0.8676084,0.1422632,-0.471489,0.006524109,0.002426651,-0.02340837,0.4484863,-0.04751587,0.8925171,0.02858631,0.00176854,-0.02197666,0.02858631,0.00176854,-0.02197666,0.4388275,-0.04174805,0.8975983,0.4388275,-0.04174805,0.8975983,5.694763,5.694763,True,True,True
1658090,63779589541113,-13.59776,2.597783,-0.04487634,-0.06858582,0.867777,0.1420274,-0.4712614,0.00648433,0.00242836,-0.02341051,0.4490967,-0.04666138,0.8922577,0.02858542,0.001769409,-0.021976,0.02858542,0.001769409,-0.021976,0.4397888,-0.04023743,0.8971863,0.4397888,-0.04023743,0.8971863,5.690582,5.690582,True,True,True
1658099,63779589541125,-13.59776,2.597762,-0.04501003,-0.06858208,0.8679013,0.1419273,-0.4710631,0.006096298,0.002434341,-0.02343965,0.4497833,-0.04904175,0.8917694,0.02854082,0.001773331,-0.0219829,0.02854082,0.001773331,-0.0219829,0.4415436,-0.03970337,0.896347,0.4415436,-0.03970337,0.896347,5.655228,5.655228,True,True,True
1658107,63779589541125,-13.59776,2.597762,-0.04501003,-0.06858208,0.8679013,0.1419273,-0.4710631,0.01004942,0.002281937,-0.02323317,0.4693146,-0.05537415,0.8812866,0.02841232,0.001747772,-0.0220329,0.02841232,0.001747772,-0.0220329,0.4599609,-0.04795837,0.8866272,0.4599609,-0.04795837,0.8866272,5.707611,5.707611,True,True,True
1658115,63779589541135,-13.59774,2.597676,-0.04508138,-0.06881705,0.8679517,0.1418487,-0.4709598,0.005039597,0.002430725,-0.02362332,0.4997406,-0.06169128,0.8639679,0.02823985,0.001728729,-0.02212329,0.02823985,0.001728729,-0.02212329,0.4931946,-0.04864502,0.8685455,0.4931946,-0.04864502,0.8685455,5.708344,5.708344,True,True,True
1658124,63779589541147,-13.59778,2.597646,-0.04520452,-0.06883495,0.8679959,0.1417432,-0.4709074,0.005454758,0.002419678,-0.02364388,0.5152588,-0.0539856,0.8553162,0.02820708,0.001749634,-0.02215851,0.02820708,0.001749634,-0.02215851,0.5119781,-0.04371643,0.8578796,0.5119781,-0.04371643,0.8578796,5.645905,5.645905,True,True,True
1658132,63779589541158,-13.59781,2.597578,-0.04533261,-0.06885215,0.8680465,0.1416408,-0.4708425,0.004932831,0.002430374,-0.02367215,0.5120392,-0.05828857,0.8569641,0.02820639,0.00174411,-0.02214967,0.02820639,0.00174411,-0.02214967,0.5074463,-0.04541016,0.8604736,0.5074463,-0.04541016,0.8604736,5.629089,5.629089,True,True,True
1658140,63779589541158,-13.59781,2.597578,-0.04533261,-0.06885215,0.8680465,0.1416408,-0.4708425,0.004616883,0.002439148,-0.02369266,0.5131378,-0.05795288,0.8563385,0.02820873,0.001742722,-0.02215173,0.02820873,0.001742722,-0.02215173,0.5099335,-0.04431152,0.8590698,0.5099335,-0.04431152,0.8590698,5.65332,5.65332,True,True,True
1658149,63779589541169,-13.59778,2.597569,-0.04546326,-0.06893449,0.8680969,0.1414984,-0.4707803,0.004420044,0.002445313,-0.02370622,0.5151978,-0.06033325,0.8549347,0.02820798,0.001742157,-0.02215134,0.02820798,0.001742157,-0.02215134,0.5111542,-0.04681396,0.8582001,0.5111542,-0.04681396,0.8582001,5.638351,5.638351,True,True,True
1658157,63779589541180,-13.59778,2.597527,-0.04557467,-0.06893476,0.8681913,0.1413596,-0.4706479,0.00444603,0.002445557,-0.02370403,0.514801,-0.06221008,0.8550262,0.02820723,0.001742722,-0.02215093,0.02820723,0.001742722,-0.02215093,0.5110931,-0.04815674,0.8581696,0.5110931,-0.04815674,0.8581696,5.651917,5.651917,True,True,True
1658165,63779589541191,-13.59775,2.597537,-0.04574531,-0.06893374,0.8682544,0.1411965,-0.4705804,0.005163636,0.002426315,-0.02365645,0.5145264,-0.06072998,0.8553009,0.02820659,0.001744949,-0.0221501,0.02820659,0.001744949,-0.0221501,0.5115814,-0.04742432,0.8579102,0.5115814,-0.04742432,0.8579102,5.638977,5.638977,True,True,True
1658174,63779589541191,-13.59775,2.597537,-0.04574531,-0.06893374,0.8682544,0.1411965,-0.4705804,0.009625946,0.002296387,-0.02336461,0.5144348,-0.05699158,0.8556213,0.02820595,0.001747177,-0.02214992,0.02820595,0.001747177,-0.02214992,0.5122223,-0.04653931,0.8575745,0.5122223,-0.04653931,0.8575745,5.641586,5.641586,True,True,True
1658182,63779589541202,-13.59769,2.597501,-0.04588789,-0.06894904,0.8683064,0.1411892,-0.4704845,0.007350785,0.002364166,-0.02351346,0.5147095,-0.05874634,0.8553314,0.02820592,0.001747391,-0.0221496,0.02820592,0.001747391,-0.0221496,0.5115509,-0.0460968,0.8580017,0.5115509,-0.0460968,0.8580017,5.647446,5.647446,True,True,True
1658190,63779589541213,-13.59762,2.597539,-0.04614806,-0.0690002,0.868364,0.1412135,-0.4703635,0.007124268,0.002371384,-0.0235284,0.5149689,-0.05938721,0.8551331,0.02820589,0.001747589,-0.02214926,0.02820589,0.001747589,-0.02214926,0.5111694,-0.0456543,0.8582458,0.5111694,-0.0456543,0.8582458,5.653458,5.653458,True,True,True
1658199,63779589541224,-13.59759,2.597551,-0.04627657,-0.06904977,0.8684332,0.1411104,-0.4702594,0.00640651,0.002393357,-0.0235752,0.5151825,-0.05961609,0.8549957,0.02820528,0.00174855,-0.0221489,0.02820528,0.00174855,-0.0221489,0.5112915,-0.04647827,0.858139,0.5112915,-0.04647827,0.858139,5.651321,5.651321,True,True,True
1658207,63779589541224,-13.59759,2.597551,-0.04627657,-0.06904977,0.8684332,0.1411104,-0.4702594,0.006277924,0.002397903,-0.02358345,0.5153656,-0.06092834,0.8547821,0.02820503,0.001749512,-0.02214851,0.02820503,0.001749512,-0.02214851,0.5115509,-0.04711914,0.8579559,0.5115509,-0.04711914,0.8579559,5.652954,5.652954,True,True,True
1658215,63779589541235,-13.5976,2.597541,-0.04640764,-0.06898709,0.8684955,0.1412144,-0.4701222,0.006333512,0.002396744,-0.02357948,0.5154419,-0.06027222,0.8547821,0.02820485,0.001750076,-0.022148,0.02820485,0.001750076,-0.022148,0.5119476,-0.0473175,0.8576965,0.5119476,-0.0473175,0.8576965,5.666138,5.666138,True,True,True
1658224,63779589541247,-13.59759,2.597538,-0.04650062,-0.06896353,0.8685387,0.1411771,-0.4700569,0.006330094,0.002397324,-0.02357936,0.5149994,-0.05963135,0.8551025,0.02820467,0.001750641,-0.02214749,0.02820467,0.001750641,-0.02214749,0.5114746,-0.04750061,0.8579712,0.5114746,-0.04750061,0.8579712,5.652847,5.652847,True,True,True
1658232,63779589541258,-13.5976,2.597517,-0.04663193,-0.06889883,0.8686204,0.1410032,-0.4699677,0.006470139,0.002394425,-0.02356978,0.5151215,-0.05950928,0.8550415,0.02820455,0.001752289,-0.02214662,0.02820455,0.001752289,-0.02214662,0.5118713,-0.04750061,0.8577423,0.5118713,-0.04750061,0.8577423,5.665802,5.665802,True,True,True
1658240,63779589541258,-13.5976,2.597517,-0.04663193,-0.06889883,0.8686204,0.1410032,-0.4699677,0.006452194,0.002396179,-0.02357054,0.5153503,-0.05995178,0.8548737,0.02820442,0.001753937,-0.02214577,0.02820442,0.001753937,-0.02214577,0.5122681,-0.04827881,0.8574524,0.5122681,-0.04827881,0.8574524,5.678543,5.678543,True,True,True
1658249,63779589541269,-13.59754,2.597546,-0.04675144,-0.06881433,0.8686947,0.1407667,-0.4699138,0.006338883,0.002400086,-0.02357793,0.5152893,-0.06031799,0.8548737,0.02820427,0.001754074,-0.02214525,0.02820427,0.001754074,-0.02214525,0.5123596,-0.0484314,0.8573914,0.5123596,-0.0484314,0.8573914,5.687378,5.687378,True,True,True
1658257,63779589541280,-13.59749,2.597518,-0.04689735,-0.06874915,0.868795,0.1406286,-0.469779,0.006212204,0.002404373,-0.0235862,0.5151978,-0.06056213,0.8549194,0.02820412,0.001754211,-0.02214475,0.02820412,0.001754211,-0.02214475,0.5122681,-0.04837036,0.8574524,0.5122681,-0.04837036,0.8574524,5.678268,5.678268,True,True,True
1658265,63779589541291,-13.59745,2.597537,-0.04700714,-0.06875975,0.868914,0.1404615,-0.4696074,0.006016694,0.002410538,-0.02359836,0.5154572,-0.0610199,0.8547363,0.02820377,0.001754334,-0.02214368,0.02820377,0.001754334,-0.02214368,0.5124054,-0.04850769,0.8573608,0.5124054,-0.04850769,0.8573608,5.678436,5.678436,True,True,True
1658274,63779589541291,-13.59745,2.597537,-0.04700714,-0.06875975,0.868914,0.1404615,-0.4696074,0.006052841,0.00241005,-0.02359551,0.51651,-0.06054688,0.854126,0.02820355,0.001754639,-0.02214241,0.02820355,0.001754639,-0.02214241,0.513443,-0.04774475,0.856781,0.513443,-0.04774475,0.856781,5.680222,5.680222,True,True,True
1658282,63779589541302,-13.59739,2.597507,-0.04712552,-0.06867871,0.8689566,0.1404632,-0.4695399,0.005829407,0.002416855,-0.02360973,0.516983,-0.05990601,0.8538818,0.02820345,0.001755035,-0.02214133,0.02820345,0.001755035,-0.02214133,0.5142975,-0.04722595,0.856308,0.5142975,-0.04722595,0.856308,5.699905,5.699905,True,True,True
1658290,63779589541313,-13.59735,2.597496,-0.04723674,-0.06872006,0.8690456,0.1405505,-0.4693429,0.005818817,0.002417313,-0.02360999,0.5174713,-0.05964661,0.8536072,0.02820317,0.001755142,-0.02214055,0.02820317,0.001755142,-0.02214055,0.5142822,-0.04685974,0.8563232,0.5142822,-0.04685974,0.8563232,5.703979,5.703979,True,True,True
1658299,63779589541324,-13.59726,2.597518,-0.047297,-0.06886347,0.8691137,0.1406127,-0.4691772,0.00579332,0.002418198,-0.02361112,0.5175018,-0.05986023,0.8535767,0.02820258,0.001755325,-0.02213969,0.02820258,0.001755325,-0.02213969,0.514389,-0.04695129,0.8562622,0.514389,-0.04695129,0.8562622,5.704041,5.704041,True,True,True
1658307,63779589541324,-13.59726,2.597518,-0.047297,-0.06886347,0.8691137,0.1406127,-0.4691772,0.005766877,0.002419815,-0.023612,0.517868,-0.05845642,0.8534393,0.02820256,0.00175592,-0.02213825,0.02820256,0.00175592,-0.02213825,0.5149384,-0.04466248,0.8560486,0.5149384,-0.04466248,0.8560486,5.706253,5.706253,True,True,True
1658315,63779589541335,-13.59722,2.59752,-0.04742968,-0.06882535,0.8692107,0.1407095,-0.4689741,0.007215149,0.002377136,-0.02351637,0.5177002,-0.05761719,0.8536072,0.02820253,0.001756134,-0.0221373,0.02820253,0.001756134,-0.0221373,0.5149231,-0.04476929,0.8560486,0.5149231,-0.04476929,0.8560486,5.705917,5.705917,True,True,True
1658324,63779589541346,-13.59718,2.597564,-0.04753023,-0.06888188,0.8693091,0.1407414,-0.4687737,0.007198242,0.002378952,-0.02351738,0.5174713,-0.05654907,0.8538208,0.02820186,0.001758118,-0.02213648,0.02820186,0.001758118,-0.02213648,0.514801,-0.04304504,0.8562164,0.514801,-0.04304504,0.8562164,5.708069,5.708069,True,True,True
1658332,63779589541346,-13.59718,2.597564,-0.04753023,-0.06888188,0.8693091,0.1407414,-0.4687737,0.007633362,0.00236731,-0.0234897,0.5180969,-0.05604553,0.8534698,0.02820155,0.001759949,-0.02213614,0.02820155,0.001759949,-0.02213614,0.5150146,-0.04309082,0.8560791,0.5150146,-0.04309082,0.8560791,5.73587,5.73587,True,True,True
1658340,63779589541364,-13.59715,2.597542,-0.04765707,-0.06882078,0.8694677,0.1408199,-0.4684649,0.006180435,0.002411331,-0.02358606,0.5191193,-0.05706787,0.8527832,0.02820018,0.001761826,-0.022136,0.02820018,0.001761826,-0.022136,0.5165863,-0.04330444,0.8551331,0.5165863,-0.04330444,0.8551331,5.73877,5.73877,True,True,True
1658349,63779589541375,-13.59708,2.597554,-0.04796869,-0.06884509,0.8697826,0.1407313,-0.4679032,0.00771579,0.00236644,-0.02348549,0.5187073,-0.05487061,0.8531799,0.0281996,0.001762116,-0.022136,0.0281996,0.001762116,-0.022136,0.5173645,-0.04217529,0.8547058,0.5173645,-0.04217529,0.8547058,5.745361,5.745361,True,True,True
1658357,63779589541375,-13.59708,2.597554,-0.04796869,-0.06884509,0.8697826,0.1407313,-0.4679032,0.006129242,0.002413727,-0.02359,0.5197296,-0.05639648,0.8524475,0.02819939,0.001762924,-0.022136,0.02819939,0.001762924,-0.022136,0.5180511,-0.04212952,0.8543091,0.5180511,-0.04212952,0.8543091,5.740921,5.740921,True,True,True
1658365,63779589541386,-13.59699,2.597543,-0.04810619,-0.06878307,0.8700119,0.1405161,-0.4675504,0.006209336,0.002412354,-0.02358473,0.519989,-0.0561676,0.8523102,0.02819913,0.001763474,-0.022136,0.02819913,0.001763474,-0.022136,0.5185089,-0.0415802,0.8540497,0.5185089,-0.0415802,0.8540497,5.741608,5.741608,True,True,True
1658374,63779589541397,-13.59699,2.597549,-0.04824442,-0.06883391,0.8702201,0.1402577,-0.467233,0.006249527,0.002413346,-0.02358215,0.5209656,-0.05601501,0.8517303,0.02819905,0.001764923,-0.022136,0.02819905,0.001764923,-0.022136,0.5184784,-0.04203796,0.8540344,0.5184784,-0.04203796,0.8540344,5.741501,5.741501,True,True,True
1658382,63779589541408,-13.59693,2.597504,-0.04841071,-0.06899564,0.8704275,0.1398888,-0.4669332,0.006267731,0.002413498,-0.02358109,0.5217285,-0.05644226,0.8512268,0.02819904,0.001765106,-0.022136,0.02819904,0.001765106,-0.022136,0.5196533,-0.04252625,0.853302,0.5196533,-0.04252625,0.853302,5.742142,5.742142,True,True,True
1658390,63779589541408,-13.59693,2.597504,-0.04841071,-0.06899564,0.8704275,0.1398888,-0.4669332,0.006242828,0.002415024,-0.02358292,0.5233002,-0.05644226,0.8502655,0.02819852,0.001765167,-0.02213612,0.02819852,0.001765167,-0.02213612,0.521637,-0.04229736,0.8521118,0.521637,-0.04229736,0.8521118,5.744003,5.744003,True,True,True
1658399,63779589541419,-13.59696,2.597384,-0.0485298,-0.06906971,0.8706265,0.1395864,-0.4666416,0.006151611,0.002417847,-0.02358949,0.5236816,-0.05596924,0.8500671,0.02819782,0.001765244,-0.02213612,0.02819782,0.001765244,-0.02213612,0.5224609,-0.04162598,0.8516235,0.5224609,-0.04162598,0.8516235,5.745331,5.745331,True,True,True
1658407,63779589541431,-13.59691,2.597319,-0.0486517,-0.06920228,0.8708546,0.1391608,-0.4663235,0.006323135,0.002412888,-0.02357813,0.5236359,-0.05577087,0.8500977,0.0281967,0.001765305,-0.02213612,0.0281967,0.001765305,-0.02213612,0.5221863,-0.04147339,0.8518066,0.5221863,-0.04147339,0.8518066,5.74382,5.74382,True,True,True
1658415,63779589541441,-13.59678,2.597266,-0.04880005,-0.06937736,0.8709957,0.1389185,-0.4661062,0.006345825,0.002412522,-0.02357674,0.5252991,-0.05563354,0.8490906,0.02819661,0.001765488,-0.02213622,0.02819661,0.001765488,-0.02213622,0.5235596,-0.04138184,0.8509674,0.5235596,-0.04138184,0.8509674,5.732086,5.732086,True,True,True
1658424,63779589541441,-13.59678,2.597266,-0.04880005,-0.06937736,0.8709957,0.1389185,-0.4661062,0.006285569,0.002414398,-0.02358098,0.5252686,-0.05560303,0.8491058,0.02819576,0.001765488,-0.02213622,0.02819576,0.001765488,-0.02213622,0.5234833,-0.04133606,0.8510132,0.5234833,-0.04133606,0.8510132,5.744904,5.744904,True,True,True
1658432,63779589541452,-13.59673,2.597238,-0.04889739,-0.06944481,0.8711455,0.13872,-0.4658751,0.007744294,0.002371582,-0.02348683,0.5251465,-0.0536499,0.8493042,0.0281955,0.0017659,-0.02213622,0.0281955,0.0017659,-0.02213622,0.5238647,-0.04133606,0.8507843,0.5238647,-0.04133606,0.8507843,5.745377,5.745377,True,True,True
1658440,63779589541464,-13.59669,2.597229,-0.04903656,-0.06934525,0.8713048,0.1384403,-0.4656753,0.006280518,0.002415939,-0.02358353,0.5251007,-0.0524292,0.849411,0.02819431,0.001767532,-0.02213622,0.02819431,0.001767532,-0.02213622,0.5237579,-0.03901672,0.8509674,0.5237579,-0.03901672,0.8509674,5.733856,5.733856,True,True,True
1658449,63779589541474,-13.59662,2.597181,-0.04920852,-0.0692774,0.8715434,0.1381941,-0.4653121,0.006345536,0.002416336,-0.02358011,0.5250702,-0.05229187,0.8494415,0.02819267,0.001769943,-0.02213622,0.02819267,0.001769943,-0.02213622,0.5240784,-0.03857422,0.8507843,0.5240784,-0.03857422,0.8507843,5.732697,5.732697,True,True,True
1658457,63779589541474,-13.59662,2.597181,-0.04920852,-0.0692774,0.8715434,0.1381941,-0.4653121,0.006496613,0.002414032,-0.02357053,0.525589,-0.0526123,0.8491058,0.02819145,0.001773224,-0.02213684,0.02819145,0.001773224,-0.02213684,0.5251617,-0.03915405,0.8500977,0.5251617,-0.03915405,0.8500977,5.733353,5.733353,True,True,True
1658465,63779589541486,-13.59659,2.597167,-0.04932868,-0.06897353,0.8716845,0.1379256,-0.4651724,0.006712387,0.002410446,-0.02355632,0.5254211,-0.0528717,0.8491821,0.02819013,0.001776596,-0.02213684,0.02819013,0.001776596,-0.02213684,0.5247955,-0.03752136,0.8503876,0.5247955,-0.03752136,0.8503876,5.729095,5.729095,True,True,True
1658474,63779589541496,-13.59655,2.597116,-0.04946285,-0.06883443,0.8717927,0.1376488,-0.4650722,0.006639008,0.002415924,-0.02356262,0.5257111,-0.05363464,0.8489532,0.02818909,0.00177974,-0.02213658,0.02818909,0.00177974,-0.02213658,0.5253143,-0.0382843,0.8500366,0.5253143,-0.0382843,0.8500366,5.729294,5.729294,True,True,True
1658482,63779589541508,-13.5965,2.597017,-0.04955548,-0.0687211,0.8718914,0.1373733,-0.4649855,0.006723191,0.002416382,-0.02355701,0.5264587,-0.05348206,0.8485107,0.02818782,0.001783035,-0.02213643,0.02818782,0.001783035,-0.02213643,0.5249939,-0.03927612,0.8501892,0.5249939,-0.03927612,0.8501892,5.728333,5.728333,True,True,True
1658490,63779589541508,-13.5965,2.597017,-0.04955548,-0.0687211,0.8718914,0.1373733,-0.4649855,0.006403473,0.002427262,-0.02357834,0.5278931,-0.05419922,0.8475647,0.02818646,0.001784103,-0.02213622,0.02818646,0.001784103,-0.02213622,0.5250244,-0.04017639,0.8501282,0.5250244,-0.04017639,0.8501282,5.727295,5.727295,True,True,True
1658498,63779589541519,-13.59651,2.597012,-0.0496158,-0.06859048,0.8719844,0.137029,-0.4649318,0.007985901,0.002382813,-0.02347339,0.5285492,-0.05323792,0.8472137,0.02818363,0.001786697,-0.02213614,0.02818363,0.001786697,-0.02213614,0.5260315,-0.04008484,0.8495026,0.5260315,-0.04008484,0.8495026,5.718231,5.718231,True,True,True
1658507,63779589541530,-13.59652,2.596951,-0.04967254,-0.06858362,0.872052,0.1366759,-0.4649101,0.008287384,0.00237558,-0.02345348,0.5286255,-0.05317688,0.8471832,0.02818181,0.001789322,-0.02213614,0.02818181,0.001789322,-0.02213614,0.5262604,-0.0402832,0.84935,0.5262604,-0.0402832,0.84935,5.728119,5.728119,True,True,True
1658515,63779589541542,-13.59649,2.596931,-0.0497154,-0.06853466,0.8720788,0.1364204,-0.4649419,0.008167725,0.002379959,-0.02346144,0.5318146,-0.05256653,0.8452148,0.02818103,0.001790634,-0.02213614,0.02818103,0.001790634,-0.02213614,0.5307007,-0.03997803,0.8466034,0.5307007,-0.03997803,0.8466034,5.722916,5.722916,True,True,True
1658523,63779589541542,-13.59649,2.596931,-0.0497154,-0.06853466,0.8720788,0.1364204,-0.4649419,0.008161408,0.002380966,-0.02346176,0.5316315,-0.05255127,0.8453217,0.02817908,0.001791855,-0.02213614,0.02817908,0.001791855,-0.02213614,0.5303345,-0.04039001,0.846817,0.5303345,-0.04039001,0.846817,5.711914,5.711914,True,True,True
1658532,63779589541552,-13.59647,2.596888,-0.04981452,-0.06843716,0.8721064,0.1362803,-0.4649456,0.008216157,0.002380676,-0.02345804,0.5321655,-0.05184937,0.845047,0.02817728,0.001793945,-0.02213614,0.02817728,0.001793945,-0.02213614,0.5310822,-0.03933716,0.8463898,0.5310822,-0.03933716,0.8463898,5.713684,5.713684,True,True,True
1658540,63779589541563,-13.59643,2.596918,-0.04988027,-0.06849401,0.8720633,0.1361807,-0.4650473,0.007999878,0.002387054,-0.02347466,0.5318146,-0.05117798,0.8453064,0.0281754,0.001794052,-0.02213614,0.0281754,0.001794052,-0.02213614,0.5306244,-0.03875732,0.8467102,0.5306244,-0.03875732,0.8467102,5.713242,5.713242,True,True,True
1658548,63779589541574,-13.59637,2.59689,-0.04993421,-0.06856064,0.8720216,0.136222,-0.4651037,0.007919739,0.002390091,-0.02348261,0.5316772,-0.05198669,0.8453369,0.02817345,0.001795197,-0.02213643,0.02817345,0.001795197,-0.02213643,0.5301514,-0.0397644,0.8469696,0.5301514,-0.0397644,0.8469696,5.712341,5.712341,True,True,True
1658557,63779589541574,-13.59637,2.59689,-0.04993421,-0.06856064,0.8720216,0.136222,-0.4651037,0.007999833,0.002388901,-0.023478,0.5311432,-0.05226135,0.8456573,0.02817125,0.001797073,-0.02213658,0.02817125,0.001797073,-0.02213658,0.5295105,-0.0403595,0.8473358,0.5295105,-0.0403595,0.8473358,5.703964,5.703964,True,True,True
1658565,63779589541586,-13.59625,2.59693,-0.05001134,-0.0687665,0.8719666,0.1361558,-0.4651956,0.008157624,0.002385315,-0.02346784,0.5310211,-0.05200195,0.8457489,0.0281709,0.001798843,-0.02213684,0.0281709,0.001798843,-0.02213684,0.5296173,-0.03929138,0.8473206,0.5296173,-0.03929138,0.8473206,5.711899,5.711899,True,True,True
1658573,63779589541596,-13.5962,2.596927,-0.05003089,-0.06878883,0.8720413,0.1360647,-0.4650789,0.008265442,0.002383362,-0.02346204,0.5319366,-0.05232239,0.8451538,0.02816951,0.001800766,-0.02213756,0.02816951,0.001800766,-0.02213756,0.5302887,-0.03970337,0.8468781,0.5302887,-0.03970337,0.8468781,5.712296,5.712296,True,True,True
1658582,63779589541608,-13.59612,2.596921,-0.0500828,-0.06870389,0.8720224,0.136123,-0.4651101,0.008339264,0.00238266,-0.02345819,0.5324097,-0.05088806,0.8449402,0.02816881,0.001803024,-0.02213803,0.02816881,0.001803024,-0.02213803,0.5301361,-0.03778076,0.8470612,0.5301361,-0.03778076,0.8470612,5.713333,5.713333,True,True,True
1658590,63779589541608,-13.59612,2.596921,-0.0500828,-0.06870389,0.8720224,0.136123,-0.4651101,0.008305023,0.002385269,-0.02346073,0.5333099,-0.0509491,0.8443756,0.02816736,0.001805542,-0.02213812,0.02816736,0.001805542,-0.02213812,0.5298462,-0.03849792,0.8471985,0.5298462,-0.03849792,0.8471985,5.713837,5.713837,True,True,True
1658598,63779589541619,-13.59605,2.596947,-0.0501101,-0.06852575,0.8720467,0.1362623,-0.4650499,0.00816391,0.002389664,-0.02347035,0.5331726,-0.0508728,0.8444672,0.02816736,0.001805847,-0.02213812,0.02816736,0.001805847,-0.02213812,0.5298462,-0.03855896,0.8471985,0.5298462,-0.03855896,0.8471985,5.713715,5.713715,True,True,True
1658607,63779589541630,-13.59592,2.596996,-0.05020112,-0.06827759,0.8720186,0.1364461,-0.4650853,0.007983582,0.002394913,-0.02348248,0.53302,-0.05117798,0.8445435,0.02816736,0.001805847,-0.02213812,0.02816736,0.001805847,-0.02213812,0.5298462,-0.03848267,0.8472137,0.5298462,-0.03848267,0.8472137,5.713669,5.713669,True,True,True
1658615,63779589541641,-13.59582,2.59706,-0.0502249,-0.06796524,0.8720303,0.1367603,-0.4650168,0.007810913,0.002399948,-0.02349434,0.5330963,-0.05102539,0.8444977,0.02816736,0.001805847,-0.02213812,0.02816736,0.001805847,-0.02213812,0.5298157,-0.03848267,0.847229,0.5298157,-0.03848267,0.847229,5.717987,5.717987,True,True,True
1658623,63779589541641,-13.59582,2.59706,-0.0502249,-0.06796524,0.8720303,0.1367603,-0.4650168,0.007683869,0.002403656,-0.0235029,0.5330811,-0.0513916,0.8444977,0.02816736,0.001805847,-0.02213812,0.02816736,0.001805847,-0.02213812,0.5298157,-0.03857422,0.8472137,0.5298157,-0.03857422,0.8472137,5.717941,5.717941,True,True,True
1658632,63779589541652,-13.59574,2.597107,-0.05027175,-0.06760363,0.8720092,0.1371793,-0.4649856,0.007683365,0.002403809,-0.02350348,0.5330811,-0.05123901,0.8444977,0.02816736,0.001805847,-0.02213812,0.02816736,0.001805847,-0.02213812,0.5298767,-0.03831482,0.8471985,0.5298767,-0.03831482,0.8471985,5.715622,5.715622,True,True,True
1658640,63779589541663,-13.59557,2.597203,-0.05024743,-0.06723834,0.8720084,0.1374175,-0.4649697,0.007639802,0.00240506,-0.02350768,0.5332336,-0.05285645,0.8442993,0.02816736,0.001805847,-0.02213809,0.02816736,0.001805847,-0.02213809,0.5297852,-0.04100037,0.8471375,0.5297852,-0.04100037,0.8471375,5.714005,5.714005,True,True,True
1658648,63779589541674,-13.59546,2.597248,-0.05025584,-0.06693725,0.8720159,0.137692,-0.4649178,0.007751343,0.002401779,-0.02350249,0.5325317,-0.0532074,0.8447266,0.02816736,0.001805847,-0.02213803,0.02816736,0.001805847,-0.02213803,0.529068,-0.04110718,0.8475647,0.529068,-0.04110718,0.8475647,5.715958,5.715958,True,True,True
1658657,63779589541674,-13.59546,2.597248,-0.05025584,-0.06693725,0.8720159,0.137692,-0.4649178,0.007888215,0.002397583,-0.02349319,0.5323486,-0.05267334,0.8448792,0.02816777,0.001805542,-0.02213765,0.02816777,0.001805542,-0.02213765,0.5289001,-0.04107666,0.8476715,0.5289001,-0.04107666,0.8476715,5.715652,5.715652,True,True,True
1658665,63779589541686,-13.59528,2.597274,-0.05026603,-0.06648808,0.8720577,0.1378793,-0.4648485,0.007982361,0.002394242,-0.02348688,0.5325928,-0.05285645,0.8447113,0.02816811,0.001804657,-0.02213756,0.02816811,0.001804657,-0.02213756,0.5292511,-0.04083252,0.8474731,0.5292511,-0.04083252,0.8474731,5.716248,5.716248,True,True,True
1658673,63779589541696,-13.59518,2.59738,-0.05016774,-0.06619477,0.8720953,0.1379139,-0.4648094,0.008021043,0.002391846,-0.02348465,0.5327148,-0.05249023,0.8446503,0.02816939,0.001802689,-0.0221375,0.02816939,0.001802689,-0.0221375,0.5295563,-0.04026794,0.8473053,0.5295563,-0.04026794,0.8473053,5.714371,5.714371,True,True,True
1658682,63779589541708,-13.59507,2.597404,-0.05015665,-0.06579603,0.8722108,0.1379851,-0.4646281,0.008025056,0.002391174,-0.02348405,0.5336304,-0.05400085,0.8439789,0.0281702,0.001801849,-0.02213673,0.0281702,0.001801849,-0.02213673,0.5312958,-0.04216003,0.8461151,0.5312958,-0.04216003,0.8461151,5.715149,5.715149,True,True,True
1658690,63779589541708,-13.59507,2.597404,-0.05015665,-0.06579603,0.8722108,0.1379851,-0.4646281,0.006228241,0.002423782,-0.02359013,0.5261841,-0.04623413,0.8491058,0.02819443,0.001780853,-0.02212007,0.02819443,0.001780853,-0.02212007,0.5236359,-0.02923584,0.8514252,0.5236359,-0.02923584,0.8514252,5.72345,5.72345,True,True,True
1658698,63779589541719,-13.59497,2.597439,-0.05016613,-0.06549696,0.8722464,0.1380134,-0.4645953,0.006889252,0.002403366,-0.02350623,0.5106659,-0.05291748,0.858139,0.0282325,0.001775391,-0.02207448,0.0282325,0.001775391,-0.02207448,0.5048981,-0.0418396,0.8621521,0.5048981,-0.0418396,0.8621521,5.751694,5.751694,True,True,True
1658707,63779589541730,-13.59488,2.597456,-0.05014962,-0.06527608,0.8723876,0.1380157,-0.4643603,0.005553742,0.002446747,-0.02359136,0.5091705,-0.05053711,0.8591614,0.02823508,0.001782471,-0.02207851,0.02823508,0.001782471,-0.02207851,0.5055389,-0.03564453,0.8620605,0.5055389,-0.03564453,0.8620605,5.681671,5.681671,True,True,True
1658715,63779589541730,-13.59478,2.597471,-0.05011714,-0.06515036,0.8725289,0.137925,-0.4641395,0.005289307,0.002459473,-0.02361534,0.5110931,-0.04904175,0.8581085,0.02823317,0.001783661,-0.02207463,0.02823317,0.001783661,-0.02207463,0.5031281,-0.03965759,0.8632965,0.5031281,-0.03965759,0.8632965,5.675354,5.675354,True,True,True
1658723,63779589541742,-13.59478,2.597471,-0.05011714,-0.06515036,0.8725289,0.137925,-0.4641395,0.005033051,0.002466202,-0.02362853,0.51091,-0.05725098,0.8577118,0.02823128,0.001784851,-0.02207074,0.02823128,0.001784851,-0.02207074,0.5029755,-0.04324341,0.863205,0.5029755,-0.04324341,0.863205,5.675018,5.675018,True,True,True
1658732,63779589541753,-13.59472,2.597485,-0.05007803,-0.06492015,0.8726689,0.137887,-0.4639199,0.004786957,0.002471695,-0.02364517,0.510849,-0.0526123,0.8580475,0.02823059,0.0017845,-0.02206937,0.02823059,0.0017845,-0.02206937,0.5037994,-0.04312134,0.8627319,0.5037994,-0.04312134,0.8627319,5.691513,5.691513,True,True,True
1658740,63779589541764,-13.59465,2.597491,-0.05004454,-0.06487598,0.8728222,0.1378966,-0.4636346,0.004767762,0.002472183,-0.02364472,0.5097504,-0.0549469,0.858551,0.02822992,0.001784851,-0.02206801,0.02822992,0.001784851,-0.02206801,0.503006,-0.043396,0.8631897,0.503006,-0.043396,0.8631897,5.70636,5.70636,True,True,True
1658748,63779589541764,-13.59465,2.597491,-0.05004454,-0.06487598,0.8728222,0.1378966,-0.4636346,0.004979264,0.002465744,-0.02362959,0.5094147,-0.05708313,0.8586121,0.02822989,0.001784882,-0.02206798,0.02822989,0.001784882,-0.02206798,0.5036926,-0.0435791,0.8627777,0.5036926,-0.0435791,0.8627777,5.696777,5.696777,True,True,True
1658757,63779589541776,-13.59459,2.597482,-0.05001009,-0.06495973,0.8729046,0.137892,-0.4634691,0.005310303,0.002454712,-0.023607,0.5101776,-0.05511475,0.8582916,0.02822986,0.001784912,-0.02206795,0.02822986,0.001784912,-0.02206795,0.5046082,-0.04364014,0.8622437,0.5046082,-0.04364014,0.8622437,5.707535,5.707535,True,True,True
1658765,63779589541787,-13.59454,2.597478,-0.04997647,-0.0649977,0.8730043,0.1380153,-0.4632392,0.006396088,0.002421921,-0.02353363,0.5100861,-0.05513,0.8583374,0.0282291,0.001785294,-0.02206684,0.0282291,0.001785294,-0.02206684,0.5044708,-0.04498291,0.8622437,0.5044708,-0.04498291,0.8622437,5.707153,5.707153,True,True,True
1658773,63779589541798,-13.59453,2.597424,-0.04994678,-0.0650849,0.8731561,0.1381124,-0.4629119,0.006425293,0.002420883,-0.02353069,0.5097046,-0.05615234,0.8585052,0.02822835,0.001785614,-0.02206572,0.02822835,0.001785614,-0.02206572,0.5043488,-0.04606628,0.8622589,0.5043488,-0.04606628,0.8622589,5.70723,5.70723,True,True,True
1658782,63779589541798,-13.59453,2.597424,-0.04994678,-0.0650849,0.8731561,0.1381124,-0.4629119,0.006412216,0.002420929,-0.02353144,0.5107117,-0.05563354,0.8579407,0.02822795,0.00178566,-0.02206517,0.02822795,0.00178566,-0.02206517,0.505661,-0.04603577,0.861496,0.505661,-0.04603577,0.861496,5.724319,5.724319,True,True,True
1658790,63779589541810,-13.59438,2.597416,-0.04997236,-0.06525054,0.8732535,0.1381104,-0.4627053,0.007897293,0.002377503,-0.02343128,0.510376,-0.05528259,0.8581543,0.02822756,0.00178569,-0.02206462,0.02822756,0.00178569,-0.02206462,0.505661,-0.04605103,0.8614807,0.505661,-0.04605103,0.8614807,5.708572,5.708572,True,True,True
1658798,63779589541821,-13.59434,2.597406,-0.04991764,-0.06525964,0.8733869,0.1381706,-0.4624342,0.007802628,0.002380722,-0.02343735,0.5097656,-0.05593872,0.8584747,0.02822676,0.001786179,-0.02206438,0.02822676,0.001786179,-0.02206438,0.5050964,-0.04629517,0.8618011,0.5050964,-0.04629517,0.8618011,5.723465,5.723465,True,True,True
1658807,63779589541833,-13.59432,2.597372,-0.04983872,-0.06550933,0.8734964,0.1381957,-0.4621844,0.007528946,0.002389023,-0.02345531,0.5096893,-0.05610657,0.8585205,0.02822598,0.001786667,-0.02206413,0.02822598,0.001786667,-0.02206413,0.5053406,-0.04627991,0.8616638,0.5053406,-0.04627991,0.8616638,5.714005,5.714005,True,True,True
1658815,63779589541833,-13.59432,2.597372,-0.04983872,-0.06550933,0.8734964,0.1381957,-0.4621844,0.007272492,0.002396561,-0.02347182,0.5102539,-0.05566406,0.8582001,0.02822592,0.001786728,-0.02206342,0.02822592,0.001786728,-0.02206342,0.5059662,-0.04534912,0.8613434,0.5059662,-0.04534912,0.8613434,5.727692,5.727692,True,True,True
1658823,63779589541844,-13.59428,2.597351,-0.04980886,-0.06569707,0.8735641,0.1382324,-0.462019,0.007640198,0.002385895,-0.02344664,0.5104065,-0.05610657,0.8580933,0.02822586,0.001786667,-0.0220627,0.02822586,0.001786667,-0.0220627,0.5062714,-0.04631042,0.8611145,0.5062714,-0.04631042,0.8611145,5.714722,5.714722,True,True,True
1658832,63779589541856,-13.59421,2.597354,-0.04979736,-0.06585435,0.8736655,0.138172,-0.4618228,0.005787231,0.002439896,-0.02357034,0.5109558,-0.05693054,0.8576965,0.0282254,0.001786667,-0.0220613,0.0282254,0.001786667,-0.0220613,0.5065002,-0.04621887,0.8609924,0.5065002,-0.04621887,0.8609924,5.740417,5.740417,True,True,True
1658840,63779589541856,-13.59421,2.597354,-0.04979736,-0.06585435,0.8736655,0.138172,-0.4618228,0.005661911,0.002443512,-0.02357866,0.5118713,-0.05693054,0.8571625,0.0282245,0.001786667,-0.02206127,0.0282245,0.001786667,-0.02206127,0.5083313,-0.04605103,0.8599243,0.5083313,-0.04605103,0.8599243,5.742279,5.742279,True,True,True
1658848,63779589541867,-13.59415,2.597345,-0.04971528,-0.06605363,0.8737581,0.1381362,-0.4616299,0.005703781,0.002442261,-0.02357535,0.5119019,-0.05691528,0.8571472,0.02822318,0.001786667,-0.02206053,0.02822318,0.001786667,-0.02206053,0.5084839,-0.04605103,0.8598328,0.5084839,-0.04605103,0.8598328,5.742462,5.742462,True,True,True
1658857,63779589541878,-13.59413,2.597342,-0.04963917,-0.0661999,0.8738126,0.1380369,-0.4615356,0.005646851,0.002443955,-0.02357823,0.512558,-0.05589294,0.8568115,0.02822292,0.001786789,-0.02205908,0.02822292,0.001786789,-0.02205908,0.5085907,-0.04449463,0.859848,0.5085907,-0.04449463,0.859848,5.743729,5.743729,True,True,True
1658865,63779589541889,-13.59402,2.597378,-0.04953992,-0.06626297,0.8738568,0.138057,-0.4614366,0.005672791,0.002443207,-0.0235762,0.5119629,-0.05595398,0.8571625,0.02822028,0.001786926,-0.02205892,0.02822028,0.001786926,-0.02205892,0.5079651,-0.04457092,0.8602142,0.5079651,-0.04457092,0.8602142,5.742798,5.742798,True,True,True
1658873,63779589541889,-13.59402,2.597378,-0.04953992,-0.06626297,0.8738568,0.138057,-0.4614366,0.007157166,0.002400345,-0.02348094,0.5136719,-0.05044556,0.8564911,0.02821759,0.001787445,-0.0220665,0.02821759,0.001787445,-0.0220665,0.5114136,-0.03701782,0.8585205,0.5114136,-0.03701782,0.8585205,5.752182,5.752182,True,True,True
1658882,63779589541901,-13.59397,2.597409,-0.04945439,-0.06638639,0.8739007,0.1379842,-0.4613576,0.003772492,0.002492386,-0.02372711,0.5196381,-0.05409241,0.8526611,0.02821619,0.001761887,-0.02209357,0.02821619,0.001761887,-0.02209357,0.5162506,-0.02992249,0.8559113,0.5162506,-0.02992249,0.8559113,5.785553,5.785553,True,True,True
1658890,63779589541911,-13.59392,2.597367,-0.04938966,-0.06636669,0.873926,0.1379802,-0.4613136,0.009743424,0.002331482,-0.02329385,0.5126495,-0.05859375,0.8565826,0.02823316,0.001800186,-0.02207033,0.02823316,0.001800186,-0.02207033,0.5172424,-0.03465271,0.8551178,0.5172424,-0.03465271,0.8551178,5.767151,5.767151,True,True,True
1658898,63779589541923,-13.59392,2.59738,-0.04935378,-0.06640054,0.8739931,0.1379263,-0.4611976,0.009539948,0.002349655,-0.02326554,0.5050964,-0.06718445,0.8604279,0.02832762,0.001807907,-0.02201355,0.02832762,0.001807907,-0.02201355,0.499115,-0.04167175,0.8655243,0.499115,-0.04167175,0.8655243,5.680618,5.680618,True,True,True
1658907,63779589541923,-13.59392,2.59738,-0.04935378,-0.06640054,0.8739931,0.1379263,-0.4611976,0.008580613,0.002427521,-0.02324861,0.4802399,-0.07424927,0.8739777,0.0285762,0.001854782,-0.02192471,0.0285762,0.001854782,-0.02192471,0.4810486,-0.0566864,0.8748474,0.4810486,-0.0566864,0.8748474,5.655197,5.655197,True,True,True
1658915,63779589541935,-13.59387,2.597352,-0.04928863,-0.06650084,0.874024,0.1379804,-0.4611085,-0.02906049,0.00353653,-0.02566271,0.4524536,-0.126358,0.882782,0.02879253,0.001932861,-0.02189566,0.02879253,0.001932861,-0.02189566,0,0,0,0,0,0,-1,-1,True,True,True
1658923,63779589541946,-13.5938,2.597354,-0.04922682,-0.06646956,0.8740824,0.1379018,-0.4610259,-0.02889137,0.003645065,-0.02562619,0.4758759,-0.1335602,0.8692932,0.02896701,0.002034973,-0.02180176,0.02896701,0.002034973,-0.02180176,0,0,0,0,0,0,-1,-1,True,True,True
1658932,63779589541958,-13.59377,2.597345,-0.04917967,-0.06656023,0.8741398,0.1379269,-0.4608963,-0.001,-0.001,-0.001,1,-1,-1,0.0290952,0.002058747,-0.02169069,0.0290952,0.002058747,-0.02169069,0,0,0,0,0,0,-1,-1,False,True,True
1658940,63779589541958,-13.59377,2.597345,-0.04917967,-0.06656023,0.8741398,0.1379269,-0.4608963,-0.001,-0.001,-0.001,1,-1,-1,0.02937897,0.002051682,-0.02144478,0.02937897,0.002051682,-0.02144478,0,0,0,0,0,0,-1,-1,False,True,True
1658948,63779589541968,-13.59378,2.59737,-0.04911113,-0.06646609,0.8741485,0.1380291,-0.4608628,-0.001,-0.001,-0.001,1,-1,-1,0.03110451,0.0002741394,-0.02164163,0.03110451,0.0002741394,-0.02164163,0,0,0,0,0,0,-1,-1,False,True,True
1658957,63779589541979,-13.59377,2.597366,-0.04902053,-0.06651124,0.8742114,0.1380695,-0.4607248,-0.001,-0.001,-0.001,1,-1,-1,0.03122475,-9.036256E-05,-0.02175942,0.03122475,-9.036256E-05,-0.02175942,0,0,0,0,0,0,-1,-1,False,True,True
1658965,63779589541990,-13.59373,2.597368,-0.04894602,-0.06636957,0.8742877,0.1382135,-0.4605574,-0.001,-0.001,-0.001,1,-1,-1,0.03131603,0.000210434,-0.02167648,0.03131603,0.000210434,-0.02167648,0,0,0,0,0,0,-1,-1,False,True,True
1658973,63779589541990,-13.59373,2.597368,-0.04894602,-0.06636957,0.8742877,0.1382135,-0.4605574,-0.001,-0.001,-0.001,1,-1,-1,0.03251283,-0.0002709351,-0.02178423,0.03251283,-0.0002709351,-0.02178423,0,0,0,0,0,0,-1,-1,False,True,True
1658982,63779589542002,-13.59367,2.597427,-0.048908,-0.06634937,0.8742936,0.1382829,-0.4605283,-0.001,-0.001,-0.001,1,-1,-1,0.03139116,0.0007813874,-0.02158199,0.03139116,0.0007813874,-0.02158199,0,0,0,0,0,0,-1,-1,False,True,True
1658990,63779589542012,-13.59362,2.597435,-0.04886746,-0.06628216,0.8743652,0.1384555,-0.4603502,-0.001,-0.001,-0.001,1,-1,-1,0.03263152,0.0005102234,-0.02156687,0.03263152,0.0005102234,-0.02156687,0,0,0,0,0,0,-1,-1,False,True,True
1658998,63779589542024,-13.59361,2.597448,-0.04877329,-0.06627358,0.874395,0.1387416,-0.4602086,-0.001,-0.001,-0.001,1,-1,-1,0.03183534,0.0007807618,-0.02159523,0.03183534,0.0007807618,-0.02159523,0,0,0,0,0,0,-1,-1,False,True,True
1659007,63779589542024,-13.59361,2.597448,-0.04877329,-0.06627358,0.874395,0.1387416,-0.4602086,-0.001,-0.001,-0.001,1,-1,-1,0.03183713,-0.001025848,-0.01307919,0.03183713,-0.001025848,-0.01307919,0,0,0,0,0,0,-1,-1,False,True,True
1659015,63779589542035,-13.59355,2.597446,-0.04874474,-0.06634661,0.8744847,0.1389457,-0.4599662,-0.001,-0.001,-0.001,1,-1,-1,0.02964047,0.002412369,-0.02137302,0.02964047,0.002412369,-0.02137302,0,0,0,0,0,0,-1,-1,False,True,True
1659023,63779589542046,-13.5935,2.597494,-0.04868209,-0.06627786,0.8745845,0.1390645,-0.4597502,-0.001,-0.001,-0.001,1,-1,-1,0.02979761,0.002213425,-0.02304379,0.02979761,0.002213425,-0.02304379,0,0,0,0,0,0,-1,-1,False,True,True
1659032,63779589542057,-13.5934,2.597507,-0.04858071,-0.0662915,0.8746452,0.1393076,-0.4595591,-0.001,-0.001,-0.001,1,-1,-1,0.02954862,0.001831497,-0.01999809,0.02954862,0.001831497,-0.01999809,0,0,0,0,0,0,-1,-1,False,True,True
1659040,63779589542057,-13.5934,2.597507,-0.04858071,-0.0662915,0.8746452,0.1393076,-0.4595591,-0.001,-0.001,-0.001,1,-1,-1,0.02979494,0.002090271,-0.02159833,0.02979494,0.002090271,-0.02159833,0,0,0,0,0,0,-1,-1,False,True,True
1659048,63779589542069,-13.59333,2.597566,-0.04852504,-0.06623445,0.8747706,0.1394266,-0.4592925,-0.001,-0.001,-0.001,1,-1,-1,0.02907858,0.003103638,-0.02072955,0.02907858,0.003103638,-0.02072955,0,0,0,0,0,0,-1,-1,False,True,True
1659057,63779589542079,-13.59329,2.597591,-0.04845208,-0.06614823,0.8748942,0.1394896,-0.4590503,-0.001,-0.001,-0.001,1,-1,-1,0.02974399,0.002006119,-0.02153977,0.02974399,0.002006119,-0.02153977,0,0,0,0,0,0,-1,-1,False,True,True
1659065,63779589542091,-13.59321,2.597612,-0.0484342,-0.06615864,0.874984,0.1396212,-0.4588376,-0.001,-0.001,-0.001,1,-1,-1,0.02975101,0.001967011,-0.02139189,0.02975101,0.001967011,-0.02139189,0,0,0,0,0,0,-1,-1,False,True,True
1659073,63779589542091,-13.59321,2.597612,-0.0484342,-0.06615864,0.874984,0.1396212,-0.4588376,-0.001,-0.001,-0.001,1,-1,-1,0.02976847,0.001977661,-0.02130199,0.02976847,0.001977661,-0.02130199,0,0,0,0,0,0,-1,-1,False,True,True
1659082,63779589542102,-13.59316,2.597621,-0.04839617,-0.06614788,0.8751273,0.1398538,-0.458495,-0.001,-0.001,-0.001,1,-1,-1,0.0297433,0.001850464,-0.02023857,0.0297433,0.001850464,-0.02023857,0,0,0,0,0,0,-1,-1,False,True,True
1659090,63779589542113,-13.59312,2.597645,-0.04834181,-0.06618194,0.8752612,0.1400046,-0.4581882,-0.001,-0.001,-0.001,1,-1,-1,0.02975498,0.001903015,-0.02146683,0.02975498,0.001903015,-0.02146683,0,0,0,0,0,0,-1,-1,False,True,True
1659098,63779589542124,-13.59308,2.597673,-0.04832768,-0.06622846,0.875385,0.1401935,-0.4578873,-0.02828133,0.003604233,-0.02525719,0.3123169,-0.1333466,0.9405518,0.02967972,0.001912033,-0.0215053,0.02967972,0.001912033,-0.0215053,0.2697754,-0.08200073,0.9594116,0.2697754,-0.08200073,0.9594116,5.349045,5.349045,True,True,True
1659107,63779589542124,-13.59308,2.597673,-0.04832768,-0.06622846,0.875385,0.1401935,-0.4578873,-0.02828729,0.003587906,-0.02525768,0.309845,-0.1342926,0.9412384,0.02968262,0.001894974,-0.0215089,0.02968262,0.001894974,-0.0215089,0.2619019,-0.0592804,0.9632568,0.2619019,-0.0592804,0.9632568,5.452713,5.452713,True,True,True
1659115,63779589542135,-13.59317,2.597672,-0.0483284,-0.06610691,0.875517,0.1404305,-0.4575798,-0.02825139,0.003596756,-0.02525873,0.3110504,-0.122818,0.9424133,0.02968892,0.001887787,-0.02153642,0.02968892,0.001887787,-0.02153642,0.2695618,-0.03309631,0.9624023,0.2695618,-0.03309631,0.9624023,5.631775,5.631775,True,True,True
1659123,63779589542146,-13.59314,2.597684,-0.04832292,-0.06599292,0.8756348,0.1407157,-0.4572832,-0.02825829,0.003596726,-0.02526792,0.3185883,-0.1230469,0.9398651,0.02969521,0.001869278,-0.02146686,0.02969521,0.001869278,-0.02146686,0.2653503,-0.07385254,0.9613037,0.2653503,-0.07385254,0.9613037,5.38205,5.38205,True,True,True
1659132,63779589542158,-13.59309,2.59774,-0.04837435,-0.06588659,0.8757073,0.1407953,-0.4571351,-0.02796735,0.003555313,-0.02523532,0.3215485,-0.1584625,0.9335327,0.0297034,0.001887818,-0.0215147,0.0297034,0.001887818,-0.0215147,0.2673645,-0.02703857,0.9632111,0.2673645,-0.02703857,0.9632111,5.613068,5.613068,True,True,True
1659140,63779589542158,-13.59309,2.59774,-0.04837435,-0.06588659,0.8757073,0.1407953,-0.4571351,-0.02799147,0.003589295,-0.02525589,0.3149414,-0.09939575,0.9438782,0.02972649,0.001918213,-0.02153345,0.02972649,0.001918213,-0.02153345,0.290741,-0.01803589,0.9566193,0.290741,-0.01803589,0.9566193,5.717712,5.717712,True,True,True
1659148,63779589542168,-13.59306,2.597734,-0.04840422,-0.06578249,0.8757583,0.1408545,-0.4570341,-0.02818892,0.003608872,-0.02520177,0.2873535,-0.1631317,0.9438171,0.02968842,0.002000656,-0.02158093,0.02968842,0.002000656,-0.02158093,0,0,0,0,0,0,-1,-1,True,True,True
1659157,63779589542180,-13.59301,2.597718,-0.04837984,-0.06585215,0.8757986,0.1408344,-0.4569529,-0.02813702,0.003662171,-0.02517835,0.2787933,-0.1669312,0.9457245,0.02969946,0.002042237,-0.02152446,0.02969946,0.002042237,-0.02152446,0,0,0,0,0,0,-1,-1,True,True,True
1659165,63779589542190,-13.59297,2.59774,-0.0484314,-0.06598621,0.8758563,0.1408565,-0.4568162,-0.001,-0.001,-0.001,1,-1,-1,0.03149671,-0.001509476,-0.01494801,0.03149671,-0.001509476,-0.01494801,0,0,0,0,0,0,-1,-1,False,True,True
1659173,63779589542190,-13.59297,2.59774,-0.0484314,-0.06598621,0.8758563,0.1408565,-0.4568162,-0.001,-0.001,-0.001,1,-1,-1,0.03088634,0.0003563995,-0.02159929,0.03088634,0.0003563995,-0.02159929,0,0,0,0,0,0,-1,-1,False,True,True
1659182,63779589542203,-13.59289,2.597725,-0.0484243,-0.06611381,0.8758444,0.1409248,-0.4567994,-0.001,-0.001,-0.001,1,-1,-1,0.03372565,-0.0001188507,-0.0226452,0.03372565,-0.0001188507,-0.0226452,0,0,0,0,0,0,-1,-1,False,True,True
1659190,63779589542213,-13.59284,2.597727,-0.04844016,-0.06629226,0.8758868,0.1408316,-0.4567211,-0.001,-0.001,-0.001,1,-1,-1,0.0343306,-0.0004424439,-0.02329978,0.0343306,-0.0004424439,-0.02329978,0,0,0,0,0,0,-1,-1,False,True,True
1659198,63779589542223,-13.59269,2.597754,-0.04839808,-0.06639221,0.8759429,0.1408391,-0.4565965,-0.001,-0.001,-0.001,1,-1,-1,0.03374562,-0.0005378113,-0.02346117,0.03374562,-0.0005378113,-0.02346117,0,0,0,0,0,0,-1,-1,False,True,True
1659207,63779589542223,-13.59269,2.597754,-0.04839808,-0.06639221,0.8759429,0.1408391,-0.4565965,-0.001,-0.001,-0.001,1,-1,-1,0.03442977,-0.0007633362,-0.02361375,0.03442977,-0.0007633362,-0.02361375,0,0,0,0,0,0,-1,-1,False,True,True
1659215,63779589542235,-13.59275,2.597757,-0.04839897,-0.06647263,0.8760076,0.1408467,-0.4564585,-0.001,-0.001,-0.001,1,-1,-1,0.03454564,-0.0003124237,-0.02331484,0.03454564,-0.0003124237,-0.02331484,0,0,0,0,0,0,-1,-1,False,True,True
1659223,63779589542246,-13.59273,2.597741,-0.04838187,-0.06650976,0.8760811,0.1405992,-0.4563881,-0.001,-0.001,-0.001,1,-1,-1,0.03379077,0.001291733,-0.02278685,0.03379077,0.001291733,-0.02278685,0,0,0,0,0,0,-1,-1,False,True,True
1659232,63779589542257,-13.59284,2.597669,-0.04839849,-0.06656298,0.876176,0.1405417,-0.4562158,-0.001,-0.001,-0.001,1,-1,-1,0.03177181,0.0003938904,-0.02153632,0.03177181,0.0003938904,-0.02153632,0,0,0,0,0,0,-1,-1,False,True,True
1659240,63779589542257,-13.59284,2.597669,-0.04839849,-0.06656298,0.876176,0.1405417,-0.4562158,-0.001,-0.001,-0.001,1,-1,-1,0.03142157,0.001268723,-0.02121468,0.03142157,0.001268723,-0.02121468,0,0,0,0,0,0,-1,-1,False,True,True
1659248,63779589542269,-13.59283,2.597653,-0.04835534,-0.06651302,0.8762313,0.1403655,-0.4561714,-0.001,-0.001,-0.001,1,-1,-1,0.03179703,0.001314896,-0.01984967,0.03179703,0.001314896,-0.01984967,0,0,0,0,0,0,-1,-1,False,True,True
1659257,63779589542279,-13.59282,2.597594,-0.04836291,-0.06656054,0.8762755,0.1401507,-0.4561453,-0.001,-0.001,-0.001,1,-1,-1,0.0312629,-0.0002927246,-0.01347357,0.0312629,-0.0002927246,-0.01347357,0,0,0,0,0,0,-1,-1,False,True,True
1659265,63779589542290,-13.59289,2.597556,-0.04833609,-0.06656546,0.876278,0.1402109,-0.4561214,-0.001,-0.001,-0.001,1,-1,-1,0.03021012,0.00210025,-0.01975429,0.03021012,0.00210025,-0.01975429,0,0,0,0,0,0,-1,-1,False,True,True
1659273,63779589542290,-13.59289,2.597556,-0.04833609,-0.06656546,0.876278,0.1402109,-0.4561214,-0.001,-0.001,-0.001,1,-1,-1,0.03020226,0.002197205,-0.02089577,0.03020226,0.002197205,-0.02089577,0,0,0,0,0,0,-1,-1,False,True,True
1659282,63779589542301,-13.59291,2.597555,-0.04833061,-0.06668261,0.8762476,0.1402805,-0.4561414,-0.001,-0.001,-0.001,1,-1,-1,0.03016533,0.002237763,-0.02206754,0.03016533,0.002237763,-0.02206754,0,0,0,0,0,0,-1,-1,False,True,True
1659290,63779589542313,-13.59296,2.59754,-0.04832423,-0.0669673,0.8762291,0.1403871,-0.4561023,-0.02787148,0.003666138,-0.02512566,0.2448883,-0.09989929,0.964386,0.03046899,0.001508469,-0.01852654,0.03046899,0.001508469,-0.01852654,0.2743988,-0.1196747,0.9541321,0.2743988,-0.1196747,0.9541321,5.682419,5.682419,True,True,True
1659298,63779589542324,-13.59295,2.597548,-0.04834872,-0.06719362,0.8762667,0.1403132,-0.4560195,-0.0278841,0.003690552,-0.02515755,0.2461853,-0.05154419,0.9678345,0.03020941,0.001377228,-0.01782427,0.03020941,0.001377228,-0.01782427,0.1798706,-0.1182251,0.9765472,0.1798706,-0.1182251,0.9765472,5.698318,5.698318,True,True,True
1659307,63779589542324,-13.59295,2.597548,-0.04834872,-0.06719362,0.8762667,0.1403132,-0.4560195,-0.02790273,0.003664139,-0.02513077,0.2372742,-0.09077454,0.9671783,0.0302188,0.002038498,-0.02100159,0.0302188,0.002038498,-0.02100159,0.1419525,-0.04467773,0.9888611,0.1419525,-0.04467773,0.9888611,5.782913,5.782913,True,True,True
1659315,63779589542335,-13.59298,2.597503,-0.04837894,-0.06741296,0.8762679,0.140395,-0.4559597,-0.02789359,0.003654785,-0.02512407,0.2267303,-0.0896759,0.9698029,0.03015544,0.002142441,-0.02196457,0.03015544,0.002142441,-0.02196457,0.1441956,-0.03688049,0.9888611,0.1441956,-0.03688049,0.9888611,5.826843,5.826843,True,True,True
1659323,63779589542347,-13.59296,2.59756,-0.04839861,-0.06759223,0.8763186,0.1403597,-0.4558465,-0.02789389,0.0036418,-0.02513408,0.2357483,-0.08554077,0.9680328,0.03016444,0.002097275,-0.02190331,0.03016444,0.002097275,-0.02190331,0.1531525,-0.02154541,0.9879608,0.1531525,-0.02154541,0.9879608,5.817261,5.817261,True,True,True
1659332,63779589542358,-13.59291,2.597567,-0.04844373,-0.06759025,0.8763688,0.1404662,-0.4557177,-0.02790337,0.003626114,-0.02512825,0.2332611,-0.0958252,0.9676666,0.03014999,0.002021866,-0.02168224,0.03014999,0.002021866,-0.02168224,0.1647034,-0.02967834,0.9858856,0.1647034,-0.02967834,0.9858856,5.583923,5.583923,True,True,True
1659340,63779589542358,-13.59291,2.597567,-0.04844373,-0.06759025,0.8763688,0.1404662,-0.4557177,-0.0278953,0.003609207,-0.02509767,0.2167664,-0.1304932,0.967453,0.03013962,0.001979035,-0.02163642,0.03013962,0.001979035,-0.02163642,0.1682129,-0.03872681,0.9849854,0.1682129,-0.03872681,0.9849854,5.541046,5.541046,True,True,True
1659348,63779589542370,-13.59284,2.597692,-0.04842985,-0.06754775,0.8764153,0.1406049,-0.4555917,-0.02789296,0.003606186,-0.02510863,0.2223511,-0.1192322,0.9676361,0.03013127,0.001977188,-0.02173103,0.03013127,0.001977188,-0.02173103,0.1629791,-0.02120972,0.9863892,0.1629791,-0.02120972,0.9863892,5.511932,5.511932,True,True,True
1659357,63779589542380,-13.5928,2.597716,-0.04845768,-0.0674484,0.8765024,0.1405556,-0.4554541,-0.02790586,0.003600403,-0.02511843,0.2218475,-0.1033478,0.969574,0.03013031,0.001975311,-0.02177918,0.03013031,0.001975311,-0.02177918,0.1687012,-0.007415771,0.9856262,0.1687012,-0.007415771,0.9856262,5.537827,5.537827,True,True,True
1659365,63779589542391,-13.59279,2.597775,-0.04842603,-0.0671238,0.8766927,0.1404369,-0.4551723,-0.02793584,0.003598709,-0.0251073,0.2109528,-0.1200409,0.9700928,0.03010584,0.001987854,-0.02187311,0.03010584,0.001987854,-0.02187311,0.1819,-0.05516052,0.9817657,0.1819,-0.05516052,0.9817657,5.455048,5.455048,True,True,True
1659373,63779589542391,-13.59279,2.597775,-0.04842603,-0.0671238,0.8766927,0.1404369,-0.4551723,-0.02794272,0.003600311,-0.02512914,0.2252655,-0.09361267,0.9697723,0.03010793,0.001976914,-0.02181993,0.03010793,0.001976914,-0.02181993,0.1703949,-0.06791687,0.983017,0.1703949,-0.06791687,0.983017,5.439926,5.439926,True,True,True
1659382,63779589542402,-13.59274,2.597787,-0.04846251,-0.06698596,0.8767833,0.1404556,-0.4550123,-0.02611815,0.003531647,-0.02500789,0.2107391,-0.1036987,0.9720154,0.03009889,0.00193895,-0.02174788,0.03009889,0.00193895,-0.02174788,0.1715393,-0.06428528,0.9830627,0.1715393,-0.06428528,0.9830627,5.401947,5.401947,True,True,True
1659390,63779589542414,-13.59278,2.597799,-0.04848939,-0.06684658,0.8768851,0.1403776,-0.4548607,-0.01603117,0.003231552,-0.02438056,0.1925659,-0.09158325,0.9769897,0.03010518,0.00189737,-0.0215777,0.03010518,0.00189737,-0.0215777,0.1758118,-0.05082703,0.9831085,0.1758118,-0.05082703,0.9831085,5.448654,5.448654,True,True,True
1659398,63779589542425,-13.5927,2.59778,-0.04850477,-0.06667916,0.8769697,0.1404131,-0.4547113,-0.009833314,0.003051895,-0.02407109,0.2028198,-0.0763855,0.9762268,0.03008521,0.00191774,-0.02173547,0.03008521,0.00191774,-0.02173547,0.1687775,-0.04847717,0.9844513,0.1687775,-0.04847717,0.9844513,5.431076,5.431076,True,True,True
1659407,63779589542425,-13.5927,2.59778,-0.04850477,-0.06667916,0.8769697,0.1404131,-0.4547113,-0.004429428,0.002881241,-0.02375945,0.2012482,-0.05509949,0.9779816,0.03009593,0.001906738,-0.02172659,0.03009593,0.001906738,-0.02172659,0.1652985,-0.02586365,0.9859009,0.1652985,-0.02586365,0.9859009,5.523407,5.523407,True,True,True
1659415,63779589542436,-13.59266,2.597796,-0.04848993,-0.06664156,0.8770576,0.1403586,-0.4545639,-0.01744986,0.003228943,-0.02446132,0.2085114,-0.07546997,0.9750977,0.03007114,0.001841797,-0.02136832,0.03007114,0.001841797,-0.02136832,0.1587982,-0.05853271,0.9855652,0.1587982,-0.05853271,0.9855652,5.424255,5.424255,True,True,True
1659423,63779589542447,-13.59256,2.597818,-0.04845607,-0.06660322,0.8771584,0.1403178,-0.4543876,-0.02721887,0.003509537,-0.02508316,0.2201843,-0.09443665,0.970871,0.03011351,0.001678314,-0.02098628,0.03011351,0.001678314,-0.02098628,0.1785583,-0.02748108,0.9835358,0.1785583,-0.02748108,0.9835358,5.540512,5.540512,True,True,True
1659432,63779589542458,-13.5925,2.597799,-0.04842359,-0.06672034,0.8772645,0.1402925,-0.4541734,-0.02789626,0.003521607,-0.02513309,0.2175751,-0.09104919,0.9717712,0.0301109,0.001673309,-0.02098291,0.0301109,0.001673309,-0.02098291,0.1755829,-0.03134155,0.983963,0.1755829,-0.03134155,0.983963,5.511459,5.511459,True,True,True
1659440,63779589542458,-13.5925,2.597799,-0.04842359,-0.06672034,0.8772645,0.1402925,-0.4541734,-0.02794176,0.003513458,-0.02513426,0.2104187,-0.08686829,0.9737396,0.03009337,0.001714447,-0.0211489,0.03009337,0.001714447,-0.0211489,0.1734924,-0.03845215,0.9840698,0.1734924,-0.03845215,0.9840698,5.481735,5.481735,True,True,True
1659448,63779589542470,-13.59245,2.597798,-0.04842597,-0.06673563,0.877332,0.140269,-0.4540482,-0.02794116,0.003512375,-0.02513786,0.2164307,-0.08137512,0.9728851,0.03009259,0.001713471,-0.02113527,0.03009259,0.001713471,-0.02113527,0.1788635,-0.03297424,0.9833069,0.1788635,-0.03297424,0.9833069,5.476547,5.476547,True,True,True
1659457,63779589542480,-13.59251,2.597772,-0.0484637,-0.06678008,0.8774449,0.1402933,-0.4538158,-0.02791048,0.003511765,-0.02514272,0.220047,-0.07769775,0.9723816,0.03008418,0.001723465,-0.02117902,0.03008418,0.001723465,-0.02117902,0.175766,-0.03265381,0.9838867,0.175766,-0.03265381,0.9838867,5.500031,5.500031,True,True,True
1659465,63779589542491,-13.59247,2.597784,-0.04844052,-0.06689116,0.8775741,0.1402325,-0.4535682,-0.02777413,0.00351062,-0.02512126,0.2156525,-0.08085632,0.9730988,0.03007095,0.001734421,-0.02124005,0.03007095,0.001734421,-0.02124005,0.1742096,-0.02688599,0.9843292,0.1742096,-0.02688599,0.9843292,5.444565,5.444565,True,True,True
1659473,63779589542491,-13.59247,2.597784,-0.04844052,-0.06689116,0.8775741,0.1402325,-0.4535682,-0.02740723,0.003499207,-0.02509796,0.2184448,-0.07713318,0.9727783,0.03006082,0.001737961,-0.02125965,0.03006082,0.001737961,-0.02125965,0.1804504,-0.0304718,0.9831085,0.1804504,-0.0304718,0.9831085,5.512375,5.512375,True,True,True
1659482,63779589542502,-13.5924,2.597768,-0.04840517,-0.06683268,0.8777016,0.1401888,-0.4533436,-0.02470117,0.003419525,-0.0249218,0.2254181,-0.07650757,0.9712372,0.03005869,0.001739868,-0.02126526,0.03005869,0.001739868,-0.02126526,0.1732025,-0.03083801,0.9843903,0.1732025,-0.03083801,0.9843903,5.478821,5.478821,True,True,True
1659490,63779589542513,-13.59236,2.597753,-0.04834789,-0.06684379,0.8778244,0.1402223,-0.4530939,-0.01685288,0.003180039,-0.02438979,0.2100983,-0.06985474,0.975174,0.03005655,0.00174176,-0.02127087,0.03005655,0.00174176,-0.02127087,0.175827,-0.03097534,0.9839172,0.175827,-0.03097534,0.9839172,5.488403,5.488403,True,True,True
1659498,63779589542524,-13.59231,2.597759,-0.04833913,-0.06690136,0.8779068,0.1401627,-0.452944,-0.01550853,0.003139984,-0.02431037,0.2088623,-0.06933594,0.9754791,0.03005151,0.001753662,-0.02131589,0.03005151,0.001753662,-0.02131589,0.169693,-0.0324707,0.9849548,0.169693,-0.0324707,0.9849548,5.478317,5.478317,True,True,True
1659507,63779589542524,-13.59231,2.597759,-0.04833913,-0.06690136,0.8779068,0.1401627,-0.452944,-0.01136874,0.003010132,-0.02403287,0.2063293,-0.0663147,0.9762268,0.03004929,0.001744141,-0.02129546,0.03004929,0.001744141,-0.02129546,0.1714325,-0.03237915,0.9846497,0.1714325,-0.03237915,0.9846497,5.47374,5.47374,True,True,True
1659515,63779589542535,-13.59236,2.597728,-0.048338,-0.06699701,0.8779918,0.1401979,-0.4527542,-0.00268335,0.002737946,-0.02345319,0.1991119,-0.05743408,0.9782867,0.03005045,0.001742951,-0.02128317,0.03005045,0.001742951,-0.02128317,0.1729126,-0.03271484,0.9843903,0.1729126,-0.03271484,0.9843903,5.474472,5.474472,True,True,True
1659523,63779589542547,-13.59235,2.597744,-0.04831064,-0.06696147,0.8780678,0.1403185,-0.4525746,0.0004875183,0.002635346,-0.02323699,0.1975403,-0.05432129,0.978775,0.03004929,0.00174176,-0.02127087,0.03004929,0.00174176,-0.02127087,0.1737823,-0.03340149,0.9842072,0.1737823,-0.03340149,0.9842072,5.475021,5.475021,True,True,True
1659532,63779589542557,-13.59238,2.597698,-0.04830426,-0.06688709,0.8781257,0.1403808,-0.4524541,0.004480744,0.002513382,-0.02296834,0.1948547,-0.05158997,0.9794617,0.03004903,0.001739868,-0.02126526,0.03004903,0.001739868,-0.02126526,0.1748657,-0.03358459,0.9840088,0.1748657,-0.03358459,0.9840088,5.476776,5.476776,True,True,True
1659540,63779589542557,-13.59238,2.597698,-0.04830426,-0.06688709,0.8781257,0.1403808,-0.4524541,0.005696305,0.002475327,-0.02288417,0.1946411,-0.05075073,0.9795532,0.03004877,0.001737961,-0.02125965,0.03004877,0.001737961,-0.02125965,0.1759644,-0.0337677,0.9838104,0.1759644,-0.0337677,0.9838104,5.478699,5.478699,True,True,True
1659548,63779589542569,-13.59236,2.597707,-0.04832131,-0.0669183,0.878144,0.1405333,-0.4523665,0.005236893,0.002478668,-0.02288613,0.1951141,-0.04985046,0.9795074,0.03004779,0.001719986,-0.02120957,0.03004779,0.001719986,-0.02120957,0.1759033,-0.03231812,0.9838715,0.1759033,-0.03231812,0.9838715,5.485413,5.485413,True,True,True
1659557,63779589542580,-13.59233,2.597682,-0.04830724,-0.06711179,0.8782018,0.1405834,-0.4522101,0.002596466,0.002550247,-0.02303821,0.1975403,-0.05065918,0.9789734,0.03004877,0.001702011,-0.02115948,0.03004877,0.001702011,-0.02115948,0.1763,-0.03092957,0.9838409,0.1763,-0.03092957,0.9838409,5.484268,5.484268,True,True,True
1659565,63779589542591,-13.59226,2.597722,-0.04837245,-0.06726915,0.8782172,0.1406926,-0.4521228,-0.001809799,0.002683716,-0.0233319,0.2013855,-0.05332947,0.9780426,0.03004903,0.001695755,-0.02114205,0.03004903,0.001695755,-0.02114205,0.1769257,-0.03031921,0.9837494,0.1769257,-0.03031921,0.9837494,5.489395,5.489395,True,True,True
1659573,63779589542591,-13.59226,2.597722,-0.04837245,-0.06726915,0.8782172,0.1406926,-0.4521228,-0.005705872,0.002802307,-0.02359302,0.2044373,-0.05569458,0.9772797,0.03004929,0.001689514,-0.02112462,0.03004929,0.001689514,-0.02112462,0.1766205,-0.02981567,0.9838257,0.1766205,-0.02981567,0.9838257,5.494263,5.494263,True,True,True
1659582,63779589542603,-13.59223,2.597739,-0.04833508,-0.06744777,0.878289,0.1407475,-0.4519396,-0.006597092,0.002829666,-0.02365366,0.2055817,-0.05526733,0.977066,0.0300495,0.001688233,-0.02112113,0.0300495,0.001688233,-0.02112113,0.1771393,-0.02998352,0.9837189,0.1771393,-0.02998352,0.9837189,5.492661,5.492661,True,True,True
1659590,63779589542613,-13.59217,2.597794,-0.04826766,-0.06753416,0.8782898,0.1409866,-0.4518506,-0.006770081,0.002834686,-0.02366474,0.2057953,-0.05433655,0.9770813,0.03004947,0.001686966,-0.02111763,0.03004947,0.001686966,-0.02111763,0.176651,-0.03015137,0.9837952,0.176651,-0.03015137,0.9837952,5.490723,5.490723,True,True,True
1659598,63779589542625,-13.59218,2.597811,-0.04817504,-0.06759845,0.8783725,0.1412234,-0.4516063,-0.005497239,0.002794571,-0.02357524,0.204895,-0.05393982,0.9772949,0.03004929,0.001685364,-0.02111279,0.03004929,0.001685364,-0.02111279,0.17659,-0.03182983,0.9837646,0.17659,-0.03182983,0.9837646,5.485687,5.485687,True,True,True
1659607,63779589542625,-13.59218,2.597811,-0.04817504,-0.06759845,0.8783725,0.1412234,-0.4516063,-0.003287705,0.002722244,-0.02340894,0.2042236,-0.05271912,0.9774933,0.03004877,0.001677033,-0.02108077,0.03004877,0.001677033,-0.02108077,0.178894,-0.03285217,0.9833069,0.178894,-0.03285217,0.9833069,5.491058,5.491058,True,True,True
1659615,63779589542636,-13.59209,2.59787,-0.04814065,-0.06761231,0.8783309,0.1413283,-0.4516522,-0.002297257,0.002679291,-0.02330342,0.2043304,-0.052948,0.9774628,0.03004877,0.001650955,-0.02099695,0.03004877,0.001650955,-0.02099695,0.1802368,-0.03538513,0.9829712,0.1802368,-0.03538513,0.9829712,5.488983,5.488983,True,True,True
1659623,63779589542647,-13.59207,2.597895,-0.04810107,-0.06760939,0.8783798,0.1414652,-0.4515147,-0.008094574,0.00284903,-0.02367269,0.2090912,-0.05458069,0.9763641,0.03004877,0.001608948,-0.02086742,0.03004877,0.001608948,-0.02086742,0.1815338,-0.03315735,0.9828186,0.1815338,-0.03315735,0.9828186,5.495529,5.495529,True,True,True
1659632,63779589542658,-13.59204,2.597929,-0.04805547,-0.06761898,0.8784179,0.1415334,-0.4514177,-0.01795187,0.003164658,-0.02438315,0.2160034,-0.05973816,0.9745483,0.03004682,0.00158374,-0.02078342,0.03004682,0.00158374,-0.02078342,0.181427,-0.03245544,0.9828644,0.181427,-0.03245544,0.9828644,5.499298,5.499298,True,True,True
1659640,63779589542658,-13.59204,2.597929,-0.04805547,-0.06761898,0.8784179,0.1415334,-0.4514177,-0.02274608,0.003321991,-0.02474201,0.2194824,-0.06196594,0.9736328,0.03004672,0.001577561,-0.02076975,0.03004672,0.001577561,-0.02076975,0.181488,-0.03251648,0.9828491,0.181488,-0.03251648,0.9828491,5.503906,5.503906,True,True,True
1659648,63779589542669,-13.59201,2.597935,-0.04807037,-0.06762101,0.8784423,0.1417093,-0.4513148,-0.02507881,0.003396134,-0.02491708,0.2218628,-0.06248474,0.9730682,0.0300456,0.001552368,-0.0207292,0.0300456,0.001552368,-0.0207292,0.1819,-0.02935791,0.9828644,0.1819,-0.02935791,0.9828644,5.50322,5.50322,True,True,True
1659657,63779589542680,-13.59198,2.59798,-0.04805124,-0.0677407,0.8785084,0.1418015,-0.451139,-0.02588129,0.00342276,-0.0249774,0.2221222,-0.06195068,0.9730377,0.03004128,0.001547745,-0.0207086,0.03004128,0.001547745,-0.0207086,0.1828766,-0.02944946,0.9826813,0.1828766,-0.02944946,0.9826813,5.508453,5.508453,True,True,True
1659665,63779589542691,-13.59196,2.598021,-0.04802185,-0.06784228,0.8785505,0.14188,-0.4510173,-0.02550769,0.003410202,-0.02494946,0.221756,-0.06144714,0.9731598,0.0300398,0.001547745,-0.0207086,0.0300398,0.001547745,-0.0207086,0.1847229,-0.02941895,0.9823456,0.1847229,-0.02941895,0.9823456,5.499084,5.499084,True,True,True
1659673,63779589542691,-13.59196,2.598021,-0.04802185,-0.06784228,0.8785505,0.14188,-0.4510173,-0.02378967,0.00333136,-0.02483727,0.2204437,-0.05412292,0.9738922,0.03003621,0.0015457,-0.02070661,0.03003621,0.0015457,-0.02070661,0.1841125,-0.02815247,0.9824982,0.1841125,-0.02815247,0.9824982,5.499634,5.499634,True,True,True
1659682,63779589542702,-13.59186,2.598015,-0.04802722,-0.06787022,0.8786078,0.1420531,-0.4508468,-0.01860977,0.00315802,-0.02443994,0.2169037,-0.05099487,0.9748535,0.03003441,0.001544083,-0.02070661,0.03003441,0.001544083,-0.02070661,0.1837921,-0.02859497,0.9825439,0.1837921,-0.02859497,0.9825439,5.509125,5.509125,True,True,True
1659690,63779589542713,-13.59183,2.598058,-0.04800761,-0.06788526,0.8786168,0.1422712,-0.4507584,-0.007636582,0.00279335,-0.02359772,0.2094421,-0.04623413,0.9767151,0.03003362,0.001543152,-0.02070661,0.03003362,0.001543152,-0.02070661,0.1852875,-0.02857971,0.982254,0.1852875,-0.02857971,0.982254,5.499664,5.499664,True,True,True
1659698,63779589542724,-13.59175,2.598151,-0.04793465,-0.06787654,0.8786606,0.1424127,-0.4506297,0.001110413,0.002501709,-0.02292079,0.2032928,-0.04234314,0.9781952,0.03002854,0.001541123,-0.02069579,0.03002854,0.001541123,-0.02069579,0.1839294,-0.02909851,0.9824982,0.1839294,-0.02909851,0.9824982,5.497391,5.497391,True,True,True
1659707,63779589542724,-13.59175,2.598151,-0.04793465,-0.06787654,0.8786606,0.1424127,-0.4506297,0.005312348,0.002361511,-0.02259729,0.2012939,-0.04025269,0.9786987,0.0300262,0.001540955,-0.02069566,0.0300262,0.001540955,-0.02069566,0.1856995,-0.0289917,0.9821625,0.1856995,-0.0289917,0.9821625,5.497879,5.497879,True,True,True
1659715,63779589542736,-13.59172,2.598176,-0.04785919,-0.0679542,0.8786824,0.1425902,-0.4505191,-0.004398636,0.00271402,-0.02346201,0.205719,-0.05921936,0.9768066,0.0300751,0.001598374,-0.02101979,0.0300751,0.001598374,-0.02101979,0.1803894,-0.03660583,0.9829102,0.1803894,-0.03660583,0.9829102,5.459366,5.459366,True,True,True
1659723,63779589542746,-13.59166,2.598217,-0.04783851,-0.06804513,0.878751,0.1428297,-0.4502958,-0.0267535,0.00338858,-0.02504204,0.2005615,-0.08161926,0.9762726,0.03023131,0.001709991,-0.02154923,0.03023131,0.001709991,-0.02154923,0.1503601,-0.07540894,0.9857483,0.1503601,-0.07540894,0.9857483,5.49205,5.49205,True,True,True
1659732,63779589542757,-13.59164,2.598255,-0.04776675,-0.06810339,0.8787857,0.1430074,-0.4501629,-0.02762169,0.003325119,-0.02508945,0.168396,-0.09692383,0.9809265,0.03039591,0.001845154,-0.02248483,0.03039591,0.001845154,-0.02248483,0.1266632,-0.08650208,0.9881592,0.1266632,-0.08650208,0.9881592,5.467056,5.467056,True,True,True
1659740,63779589542757,-13.59164,2.598255,-0.04776675,-0.06810339,0.8787857,0.1430074,-0.4501629,-0.02746129,0.003254974,-0.02502696,0.144928,-0.1139526,0.9828491,0.03059282,0.001613815,-0.02220898,0.03059282,0.001613815,-0.02220898,0.1018677,-0.09153748,0.9905701,0.1018677,-0.09153748,0.9905701,5.433548,5.433548,True,True,True
1659748,63779589542770,-13.5916,2.598285,-0.04772931,-0.06823305,0.8788621,0.1432017,-0.4499322,-0.02735857,0.003186814,-0.02504686,0.118576,-0.1213684,0.9854889,0.03074748,0.001598755,-0.02246846,0.03074748,0.001598755,-0.02246846,0.1097565,-0.1075439,0.9881134,0.1097565,-0.1075439,0.9881134,5.478195,5.478195,True,True,True
1659757,63779589542780,-13.59155,2.598293,-0.04764307,-0.06821838,0.8789177,0.1433638,-0.4497741,-0.02726334,0.003016175,-0.02449849,0.1201477,-0.1247864,0.9848785,0.03083859,0.001406479,-0.02180696,0.03083859,0.001406479,-0.02180696,0.1130676,-0.1281433,0.9852753,0.1130676,-0.1281433,0.9852753,5.496521,5.496521,True,True,True
1659765,63779589542791,-13.59152,2.598341,-0.04760045,-0.06821926,0.8790157,0.1434636,-0.4495506,-0.02728204,0.003021668,-0.02455414,0.125824,-0.1278534,0.9837646,0.03084251,0.001399353,-0.02179445,0.03084251,0.001399353,-0.02179445,0.1170197,-0.1191711,0.9859467,0.1170197,-0.1191711,0.9859467,5.436066,5.436066,True,True,True
1659773,63779589542791,-13.59152,2.598341,-0.04760045,-0.06821926,0.8790157,0.1434636,-0.4495506,-0.02726877,0.00300383,-0.02448854,0.1210327,-0.1312256,0.9839325,0.03083827,0.001388626,-0.02175963,0.03083827,0.001388626,-0.02175963,0.1180725,-0.1206512,0.9856415,0.1180725,-0.1206512,0.9856415,5.435165,5.435165,True,True,True
1659782,63779589542802,-13.59146,2.598313,-0.04751712,-0.06828185,0.8790916,0.1436196,-0.449343,-0.02548752,0.00295903,-0.02442387,0.121109,-0.1328125,0.9837036,0.03083972,0.00138414,-0.02174689,0.03083972,0.00138414,-0.02174689,0.1171875,-0.1208649,0.9857178,0.1171875,-0.1208649,0.9857178,5.449692,5.449692,True,True,True
1659790,63779589542813,-13.59136,2.59828,-0.04747564,-0.06833553,0.8791634,0.143765,-0.4491476,-0.007391144,0.002458008,-0.02358153,0.1214752,-0.1301575,0.9840088,0.03083988,0.001388626,-0.02175963,0.03083988,0.001388626,-0.02175963,0.1186066,-0.120575,0.9855804,0.1186066,-0.120575,0.9855804,5.449402,5.449402,True,True,True
1659798,63779589542824,-13.59129,2.598299,-0.04744709,-0.06841633,0.8792499,0.1438459,-0.44894,0.00232251,0.0021922,-0.02316592,0.1201782,-0.1267853,0.9846191,0.03083983,0.001394028,-0.02178261,0.03083983,0.001394028,-0.02178261,0.1171417,-0.1195984,0.9858856,0.1171417,-0.1195984,0.9858856,5.441696,5.441696,True,True,True
1659807,63779589542824,-13.59129,2.598299,-0.04744709,-0.06841633,0.8792499,0.1438459,-0.44894,-0.0110159,0.002568848,-0.02387163,0.12146,-0.125946,0.9845581,0.03083978,0.001399429,-0.02180559,0.03083978,0.001399429,-0.02180559,0.1156616,-0.1193542,0.986084,0.1156616,-0.1193542,0.986084,5.43338,5.43338,True,True,True
1659815,63779589542836,-13.59125,2.598337,-0.04745811,-0.06850018,0.8793124,0.1440066,-0.4487533,-0.001435288,0.002302902,-0.02340024,0.1202698,-0.1246185,0.9848785,0.03083902,0.001400971,-0.02180872,0.03083902,0.001400971,-0.02180872,0.1143341,-0.1200714,0.986145,0.1143341,-0.1200714,0.986145,5.433853,5.433853,True,True,True
1659823,63779589542847,-13.59119,2.598372,-0.04744875,-0.06862328,0.8794442,0.144199,-0.4484142,0.004550079,0.002136124,-0.02310471,0.1191254,-0.1238861,0.9851074,0.03083827,0.00140033,-0.02180841,0.03083827,0.00140033,-0.02180841,0.1134644,-0.1204681,0.9862061,0.1134644,-0.1204681,0.9862061,5.432739,5.432739,True,True,True
1659832,63779589542857,-13.59111,2.598424,-0.04745293,-0.0686475,0.8795057,0.1443327,-0.448247,0.01961717,0.001715256,-0.02235918,0.1151886,-0.1216736,0.9858551,0.0308366,0.001401413,-0.02181012,0.0308366,0.001401413,-0.02181012,0.1127014,-0.1201477,0.9863281,0.1127014,-0.1201477,0.9863281,5.423538,5.423538,True,True,True
1659840,63779589542857,-13.59111,2.598424,-0.04745293,-0.0686475,0.8795057,0.1443327,-0.448247,0.01837676,0.001750794,-0.02242093,0.1152954,-0.1213379,0.9858856,0.03083493,0.001402512,-0.02181184,0.03083493,0.001402512,-0.02181184,0.1125488,-0.1198425,0.9863892,0.1125488,-0.1198425,0.9863892,5.432999,5.432999,True,True,True
1659848,63779589542869,-13.59096,2.598487,-0.04741204,-0.06858036,0.8796355,0.1444299,-0.4479712,0.01768187,0.001769745,-0.02245441,0.1157532,-0.1212006,0.9858398,0.03083476,0.001401688,-0.02181278,0.03083476,0.001401688,-0.02181278,0.1133423,-0.1195221,0.9863281,0.1133423,-0.1195221,0.9863281,5.423965,5.423965,True,True,True
1659857,63779589542880,-13.59091,2.598502,-0.04738677,-0.06848975,0.8798329,0.1445116,-0.4475708,0.01460787,0.001855347,-0.02260504,0.1167297,-0.1213074,0.9857178,0.0308346,0.001400864,-0.02181184,0.0308346,0.001400864,-0.02181184,0.1142426,-0.1193542,0.9862518,0.1142426,-0.1193542,0.9862518,5.432037,5.432037,True,True,True
1659865,63779589542892,-13.59086,2.598545,-0.04739904,-0.06847814,0.8799447,0.1444911,-0.4473594,0.01170566,0.001938263,-0.0227468,0.1159973,-0.1223602,0.985672,0.03083411,0.001400604,-0.02181012,0.03083411,0.001400604,-0.02181012,0.1132355,-0.1196594,0.9863281,0.1132355,-0.1196594,0.9863281,5.432678,5.432678,True,True,True
1659873,63779589542892,-13.59086,2.598545,-0.04739904,-0.06847814,0.8799447,0.1444911,-0.4473594,0.00948259,0.002002625,-0.02285573,0.1152496,-0.1231232,0.985672,0.03083362,0.00140033,-0.02180841,0.03083362,0.00140033,-0.02180841,0.1121826,-0.1198425,0.9864197,0.1121826,-0.1198425,0.9864197,5.431534,5.431534,True,True,True
1659882,63779589542902,-13.59079,2.598564,-0.04739702,-0.06843472,0.8801031,0.1445989,-0.4470194,0.00927797,0.002008408,-0.02286739,0.1154938,-0.1229858,0.9856567,0.03083312,0.001399872,-0.02180699,0.03083312,0.001399872,-0.02180699,0.1128845,-0.1199188,0.9863281,0.1128845,-0.1199188,0.9863281,5.42337,5.42337,True,True,True
1659890,63779589542913,-13.59075,2.598532,-0.04747784,-0.06841002,0.8802857,0.1445514,-0.4466788,0.009276002,0.002008484,-0.02286913,0.1157532,-0.1230621,0.985611,0.03083261,0.001399429,-0.02180559,0.03083261,0.001399429,-0.02180559,0.1136475,-0.1199036,0.9862518,0.1136475,-0.1199036,0.9862518,5.421982,5.421982,True,True,True
1659898,63779589542924,-13.59069,2.598511,-0.04751915,-0.0684616,0.8804287,0.1445604,-0.4463861,0.009238068,0.002009705,-0.02287102,0.1151276,-0.1231384,0.9856873,0.0308295,0.001399429,-0.02180559,0.0308295,0.001399429,-0.02180559,0.1127777,-0.1199188,0.9863434,0.1127777,-0.1199188,0.9863434,5.41951,5.41951,True,True,True
1659907,63779589542924,-13.59069,2.598511,-0.04751915,-0.0684616,0.8804287,0.1445604,-0.4463861,0.009490906,0.002003357,-0.02286522,0.115036,-0.1228333,0.985733,0.03082674,0.00140033,-0.02180841,0.03082674,0.00140033,-0.02180841,0.112381,-0.119873,0.9864044,0.112381,-0.119873,0.9864044,5.419464,5.419464,True,True,True
1659915,63779589542936,-13.59066,2.598563,-0.04763436,-0.06841569,0.8806181,0.144496,-0.4460404,0.009730897,0.001996872,-0.02285562,0.1147919,-0.1227722,0.9857635,0.0308259,0.001400864,-0.02181184,0.0308259,0.001400864,-0.02181184,0.1121674,-0.1198425,0.9864349,0.1121674,-0.1198425,0.9864349,5.419189,5.419189,True,True,True
1659923,63779589542946,-13.59066,2.598543,-0.04769856,-0.06853697,0.8808011,0.14436,-0.4457043,0.01025327,0.001981903,-0.02283908,0.115799,-0.1220551,0.985733,0.03082173,0.001400864,-0.02181268,0.03082173,0.001400864,-0.02181268,0.1152649,-0.1196442,0.9860992,0.1152649,-0.1196442,0.9860992,5.419861,5.419861,True,True,True
1659932,63779589542957,-13.59059,2.598541,-0.04776627,-0.06850788,0.8810042,0.1441892,-0.4453625,0.01089468,0.001963715,-0.0228111,0.1158905,-0.1217651,0.9857635,0.0308212,0.001400864,-0.02181268,0.0308212,0.001400864,-0.02181268,0.1156921,-0.1197052,0.9860382,0.1156921,-0.1197052,0.9860382,5.419922,5.419922,True,True,True
1659940,63779589542957,-13.59059,2.598541,-0.04776627,-0.06850788,0.8810042,0.1441892,-0.4453625,0.01147749,0.001947281,-0.02278595,0.1155396,-0.1212311,0.9858704,0.0308212,0.001400864,-0.02181268,0.0308212,0.001400864,-0.02181268,0.1158295,-0.1196442,0.9860229,0.1158295,-0.1196442,0.9860229,5.419739,5.419739,True,True,True
1659948,63779589542969,-13.59058,2.598502,-0.04776448,-0.06854051,0.8812907,0.143973,-0.4448603,0.01214981,0.001929169,-0.02275366,0.1151123,-0.1212921,0.9859161,0.03081568,0.001401871,-0.02181372,0.03081568,0.001401871,-0.02181372,0.1143188,-0.1198273,0.9861755,0.1143188,-0.1198273,0.9861755,5.419388,5.419388,True,True,True
1659957,63779589542980,-13.59053,2.598532,-0.0478183,-0.06864259,0.8815329,0.1438875,-0.4443921,0.01258693,0.001916718,-0.02273648,0.1140442,-0.1213837,0.9860229,0.03081298,0.001401871,-0.02181372,0.03081298,0.001401871,-0.02181372,0.113678,-0.1198273,0.9862518,0.113678,-0.1198273,0.9862518,5.419556,5.419556,True,True,True
1659965,63779589542991,-13.59053,2.598597,-0.04786474,-0.06851464,0.8817313,0.1437557,-0.4440609,0.01262904,0.001915024,-0.02273416,0.1119843,-0.1214142,0.9862518,0.03078897,0.001401871,-0.02181268,0.03078897,0.001401871,-0.02181268,0.1108856,-0.1199951,0.986557,0.1108856,-0.1199951,0.986557,5.413239,5.413239,True,True,True
1659973,63779589542991,-13.59053,2.598597,-0.04786474,-0.06851464,0.8817313,0.1437557,-0.4440609,0.01227467,0.00192659,-0.02274294,0.1122742,-0.1226501,0.9860687,0.03078497,0.001403778,-0.02179694,0.03078497,0.001403778,-0.02179694,0.1102448,-0.1215668,0.9864349,0.1102448,-0.1215668,0.9864349,5.413223,5.413223,True,True,True
1659982,63779589543002,-13.59046,2.598618,-0.04788715,-0.06825756,0.881937,0.1436648,-0.443721,0.0118985,0.001938202,-0.0227749,0.1119537,-0.1216736,0.9862213,0.03078168,0.001404312,-0.02181268,0.03078168,0.001404312,-0.02181268,0.1095886,-0.1200256,0.9866943,0.1095886,-0.1200256,0.9866943,5.411041,5.411041,True,True,True
1659990,63779589543013,-13.59042,2.598613,-0.04794163,-0.06813245,0.8821334,0.1436823,-0.4433441,0.01170232,0.001948807,-0.02279146,0.1115417,-0.1226654,0.986145,0.03077992,0.001411606,-0.02181569,0.03077992,0.001411606,-0.02181569,0.1092224,-0.1217346,0.9865265,0.1092224,-0.1217346,0.9865265,5.410355,5.410355,True,True,True
1659998,63779589543024,-13.59031,2.598638,-0.04797208,-0.06808538,0.8823001,0.1437343,-0.4430027,0.01116559,0.001968353,-0.02282605,0.1104736,-0.1255798,0.9859009,0.03077518,0.001413406,-0.02182245,0.03077518,0.001413406,-0.02182245,0.1082764,-0.1213684,0.9866791,0.1082764,-0.1213684,0.9866791,5.412369,5.412369,True,True,True
1660007,63779589543024,-13.59031,2.598638,-0.04797208,-0.06808538,0.8823001,0.1437343,-0.4430027,0.01115465,0.001973892,-0.02283629,0.1138611,-0.1253357,0.9855499,0.03077356,0.001418991,-0.02182605,0.03077356,0.001418991,-0.02182605,0.1102448,-0.1217041,0.9864197,0.1102448,-0.1217041,0.9864197,5.411926,5.411926,True,True,True
1660015,63779589543035,-13.59026,2.598659,-0.04803079,-0.06817977,0.8824392,0.1437879,-0.4426937,0.01134311,0.001970627,-0.0228272,0.1130829,-0.125824,0.9855804,0.03076924,0.001422974,-0.02182605,0.03076924,0.001422974,-0.02182605,0.1092224,-0.122345,0.9864502,0.1092224,-0.122345,0.9864502,5.411819,5.411819,True,True,True
1660023,63779589543047,-13.59019,2.598682,-0.04810965,-0.06842463,0.8825475,0.1438242,-0.4424281,0.01138142,0.001969681,-0.02282581,0.1124115,-0.1252899,0.9857178,0.0307646,0.001424088,-0.02182605,0.0307646,0.001424088,-0.02182605,0.1083069,-0.1221771,0.9865723,0.1083069,-0.1221771,0.9865723,5.411453,5.411453,True,True,True
1660032,63779589543057,-13.59018,2.598685,-0.04824185,-0.06860637,0.8826694,0.1439409,-0.4421188,0.01119029,0.001975357,-0.02283391,0.1127167,-0.1248932,0.985733,0.03076001,0.001424088,-0.02182245,0.03076001,0.001424088,-0.02182245,0.1079712,-0.1220245,0.9866333,0.1079712,-0.1220245,0.9866333,5.410614,5.410614,True,True,True
1660040,63779589543057,-13.59018,2.598685,-0.04824185,-0.06860637,0.8826694,0.1439409,-0.4421188,0.01099139,0.00198085,-0.02284413,0.1097717,-0.1239166,0.9861908,0.03073424,0.001424088,-0.02182245,0.03073424,0.001424088,-0.02182245,0.1026917,-0.1204834,0.987381,0.1026917,-0.1204834,0.987381,5.410568,5.410568,True,True,True
1660048,63779589543069,-13.59014,2.598707,-0.04829425,-0.06881708,0.8828449,0.1439665,-0.4417272,0.0106481,0.001992447,-0.02286595,0.1139679,-0.1236115,0.9857483,0.03072942,0.001427033,-0.02182605,0.03072942,0.001427033,-0.02182605,0.1088104,-0.1203613,0.9867401,0.1088104,-0.1203613,0.9867401,5.410248,5.410248,True,True,True
1660057,63779589543080,-13.59007,2.598775,-0.04836398,-0.06901807,0.8829865,0.1437901,-0.44147,0.01038262,0.002001602,-0.02288159,0.116684,-0.1231842,0.9854889,0.03072939,0.001429489,-0.02182605,0.03072939,0.001429489,-0.02182605,0.1127777,-0.1200714,0.9863281,0.1127777,-0.1200714,0.9863281,5.410965,5.410965,True,True,True
1660065,63779589543091,-13.59007,2.598823,-0.04842269,-0.06875614,0.8832109,0.1438219,-0.4410515,0.009663071,0.002021729,-0.02291696,0.1163483,-0.1232605,0.9855194,0.03072493,0.001429489,-0.02182245,0.03072493,0.001429489,-0.02182245,0.1117401,-0.1203918,0.9864044,0.1117401,-0.1203918,0.9864044,5.411667,5.411667,True,True,True
1660073,63779589543091,-13.59007,2.598823,-0.04842269,-0.06875614,0.8832109,0.1438219,-0.4410515,0.009337128,0.002031525,-0.02293436,0.1172333,-0.1231842,0.9854279,0.030724,0.001430557,-0.02182245,0.030724,0.001430557,-0.02182245,0.1126862,-0.120636,0.9862671,0.1126862,-0.120636,0.9862671,5.411682,5.411682,True,True,True
1660082,63779589543101,-13.59004,2.59887,-0.04846537,-0.06868869,0.8833713,0.1438023,-0.440747,0.001096603,0.002290543,-0.02347904,0.1183014,-0.1229248,0.9853363,0.03071691,0.001485474,-0.0220577,0.03071691,0.001485474,-0.0220577,0.1132813,-0.1179047,0.9865265,0.1132813,-0.1179047,0.9865265,5.403427,5.403427,True,True,True
1660090,63779589543113,-13.59002,2.598909,-0.04850537,-0.06844471,0.8836064,0.1436409,-0.4403661,-0.009343003,0.002576065,-0.02398222,0.1205902,-0.1252594,0.9847565,0.03071288,0.001488678,-0.02206072,0.03071288,0.001488678,-0.02206072,0.1130676,-0.1191711,0.9864044,0.1130676,-0.1191711,0.9864044,5.401321,5.401321,True,True,True
1660098,63779589543124,-13.58995,2.598915,-0.04854703,-0.0684398,0.883786,0.143449,-0.4400689,-0.01762886,0.002805176,-0.02438698,0.1220245,-0.1264038,0.984436,0.030711,0.001504303,-0.02209491,0.030711,0.001504303,-0.02209491,0.1125336,-0.1203308,0.9863281,0.1125336,-0.1203308,0.9863281,5.39946,5.39946,True,True,True
1660107,63779589543124,-13.58995,2.598915,-0.04854703,-0.0684398,0.883786,0.143449,-0.4400689,-0.02140805,0.002909088,-0.02456827,0.1228485,-0.1266174,0.9842987,0.03070773,0.001509705,-0.02209946,0.03070773,0.001509705,-0.02209946,0.1135559,-0.1210632,0.9861145,0.1135559,-0.1210632,0.9861145,5.400833,5.400833,True,True,True
1660115,63779589543135,-13.58992,2.598917,-0.04863417,-0.06856996,0.8839675,0.1432603,-0.4397456,-0.02389175,0.002979599,-0.02469701,0.122757,-0.1277008,0.9841766,0.03066522,0.001520187,-0.02221298,0.03066522,0.001520187,-0.02221298,0.1065216,-0.1159973,0.9875183,0.1065216,-0.1159973,0.9875183,5.396484,5.396484,True,True,True
1660123,63779589543147,-13.58989,2.598884,-0.04870433,-0.06888459,0.8841637,0.143193,-0.4393237,-0.02432857,0.002994812,-0.02472221,0.1229706,-0.1277008,0.9841461,0.03066473,0.001524658,-0.02223253,0.03066473,0.001524658,-0.02223253,0.109848,-0.1149445,0.9872742,0.109848,-0.1149445,0.9872742,5.396591,5.396591,True,True,True
1660132,63779589543157,-13.5898,2.598843,-0.04891139,-0.06914364,0.8843551,0.1429307,-0.4389831,-0.0235508,0.002978302,-0.02469533,0.1224365,-0.1279144,0.9841919,0.03066437,0.001545578,-0.02230042,0.03066437,0.001545578,-0.02230042,0.1113281,-0.115036,0.9870911,0.1113281,-0.115036,0.9870911,5.393555,5.393555,True,True,True
1660140,63779589543157,-13.5898,2.598843,-0.04891139,-0.06914364,0.8843551,0.1429307,-0.4389831,-0.02324814,0.002972794,-0.02469904,0.1226044,-0.1272736,0.9842529,0.03065849,0.001564697,-0.02235742,0.03065849,0.001564697,-0.02235742,0.1114502,-0.1162109,0.9869385,0.1114502,-0.1162109,0.9869385,5.386627,5.386627,True,True,True
1660148,63779589543169,-13.58977,2.598805,-0.04901999,-0.0693967,0.8845726,0.1428774,-0.438522,-0.02231911,0.002951767,-0.02465628,0.121048,-0.1276855,0.9843903,0.03062294,0.001594086,-0.02232533,0.03062294,0.001594086,-0.02232533,0.1028137,-0.1220245,0.9871826,0.1028137,-0.1220245,0.9871826,5.414276,5.414276,True,True,True
1660157,63779589543179,-13.58971,2.59883,-0.0491724,-0.06944334,0.8848226,0.1427312,-0.4380576,-0.01791113,0.00286673,-0.02450107,0.1246643,-0.1286621,0.9838104,0.03060614,0.001629868,-0.02238934,0.03060614,0.001629868,-0.02238934,0.1055908,-0.1247864,0.9865417,0.1055908,-0.1247864,0.9865417,5.332626,5.332626,True,True,True
1660165,63779589543190,-13.58969,2.598782,-0.04918408,-0.06936888,0.8850569,0.1425805,-0.437645,-0.01380693,0.002767227,-0.02428775,0.1204681,-0.1283722,0.984375,0.03055972,0.001613632,-0.02226883,0.03055972,0.001613632,-0.02226883,0.09916687,-0.105545,0.9894562,0.09916687,-0.105545,0.9894562,5.437698,5.437698,True,True,True
1660173,63779589543190,-13.58969,2.598782,-0.04918408,-0.06936888,0.8850569,0.1425805,-0.437645,-0.01607063,0.002883682,-0.02445122,0.1226807,-0.1507568,0.9809265,0.03052513,0.001788361,-0.02256455,0.03052513,0.001788361,-0.02256455,0.1059875,-0.1077118,0.9885101,0.1059875,-0.1077118,0.9885101,5.597656,5.597656,True,True,True
1660182,63779589543201,-13.58966,2.598773,-0.04927593,-0.06947048,0.885313,0.1423664,-0.4371804,-0.01139908,0.00275708,-0.02415433,0.1084137,-0.1628113,0.9806671,0.03054694,0.001767197,-0.02235751,0.03054694,0.001767197,-0.02235751,0.0696106,-0.1373749,0.9880676,0.0696106,-0.1373749,0.9880676,5.508575,5.508575,True,True,True
1660190,63779589543213,-13.58968,2.598692,-0.04936063,-0.06951811,0.8855743,0.1421357,-0.4367181,-0.02723094,0.0032081,-0.02505179,0.1296692,-0.1484833,0.9803619,0.03067673,0.0016801,-0.0217809,0.03067673,0.0016801,-0.0217809,0,0,0,0,0,0,-1,-1,True,True,True
1660198,63779589543224,-13.58965,2.598668,-0.04944277,-0.06957401,0.8858158,0.141921,-0.4362892,-0.02716737,0.003179993,-0.02485178,0.148056,-0.2505493,0.9567108,0.03076283,0.001692734,-0.02153026,0.03076283,0.001692734,-0.02153026,0,0,0,0,0,0,-1,-1,True,True,True
1660207,63779589543224,-13.58965,2.598668,-0.04944277,-0.06957401,0.8858158,0.141921,-0.4362892,-0.02693713,0.002118424,-0.02519025,0.1803589,-0.2659912,0.9469452,0.03076283,0.001692734,-0.02153026,0.03076283,0.001692734,-0.02153026,0,0,0,0,0,0,-1,-1,True,False,False
1660215,63779589543236,-13.58959,2.598639,-0.0495742,-0.06975792,0.8860086,0.1416924,-0.4359426,-0.001,-0.001,-0.001,1,-1,-1,0.03076283,0.001692734,-0.02153026,0.03076283,0.001692734,-0.02153026,0,0,0,0,0,0,-1,-1,False,False,False
1660223,63779589543247,-13.58958,2.59866,-0.04964769,-0.0698919,0.8861962,0.1415556,-0.4355839,-0.001,-0.001,-0.001,1,-1,-1,0.03424503,-0.0007582093,-0.02400304,0.03424503,-0.0007582093,-0.02400304,0,0,0,0,0,0,-1,-1,False,True,True
1660232,63779589543257,-13.58958,2.598654,-0.04972303,-0.06978023,0.886399,0.1414462,-0.4352247,-0.001,-0.001,-0.001,1,-1,-1,0.03101759,-0.0005953522,-0.02263078,0.03101759,-0.0005953522,-0.02263078,0,0,0,0,0,0,-1,-1,False,True,True
1660240,63779589543257,-13.58958,2.598654,-0.04972303,-0.06978023,0.886399,0.1414462,-0.4352247,-0.001,-0.001,-0.001,1,-1,-1,0.03105771,-0.0009091339,-0.02279691,0.03105771,-0.0009091339,-0.02279691,0,0,0,0,0,0,-1,-1,False,True,True
1660248,63779589543269,-13.58963,2.598634,-0.04977715,-0.06981336,0.886526,0.1413633,-0.4349875,-0.001,-0.001,-0.001,1,-1,-1,0.03405571,-0.0004026642,-0.02417008,0.03405571,-0.0004026642,-0.02417008,0,0,0,0,0,0,-1,-1,False,True,True
1660257,63779589543280,-13.58966,2.598614,-0.04988599,-0.0698643,0.8866028,0.1414506,-0.4347945,-0.001,-0.001,-0.001,1,-1,-1,0.03463291,-0.0007657166,-0.02441089,0.03463291,-0.0007657166,-0.02441089,0,0,0,0,0,0,-1,-1,False,True,True
1660265,63779589543290,-13.58967,2.59855,-0.05000681,-0.06979761,0.886701,0.1415335,-0.4345779,-0.001,-0.001,-0.001,1,-1,-1,0.03183817,-0.0006109314,-0.02271916,0.03183817,-0.0006109314,-0.02271916,0,0,0,0,0,0,-1,-1,False,True,True
1660273,63779589543290,-13.58967,2.59855,-0.05000681,-0.06979761,0.886701,0.1415335,-0.4345779,-0.001,-0.001,-0.001,1,-1,-1,0.03220438,-0.0003548126,-0.02267949,0.03220438,-0.0003548126,-0.02267949,0,0,0,0,0,0,-1,-1,False,True,True
1660282,63779589543302,-13.58969,2.598531,-0.05008841,-0.06979442,0.8867676,0.1414578,-0.4344672,-0.001,-0.001,-0.001,1,-1,-1,0.03245677,-0.0001342316,-0.02262546,0.03245677,-0.0001342316,-0.02262546,0,0,0,0,0,0,-1,-1,False,True,True
1660290,63779589543313,-13.58972,2.598462,-0.05016303,-0.06988239,0.8867969,0.1413915,-0.4344147,-0.001,-0.001,-0.001,1,-1,-1,0.03234946,-0.0005075531,-0.02270625,0.03234946,-0.0005075531,-0.02270625,0,0,0,0,0,0,-1,-1,False,True,True
1660298,63779589543324,-13.5897,2.59838,-0.05022609,-0.07000626,0.8867887,0.141337,-0.4344293,-0.001,-0.001,-0.001,1,-1,-1,0.03159876,0.0008351441,-0.02188712,0.03159876,0.0008351441,-0.02188712,0,0,0,0,0,0,-1,-1,False,True,True
1660307,63779589543324,-13.5897,2.59838,-0.05022609,-0.07000626,0.8867887,0.141337,-0.4344293,-0.001,-0.001,-0.001,1,-1,-1,0.0321864,0.001452164,-0.02196511,0.0321864,0.001452164,-0.02196511,0,0,0,0,0,0,-1,-1,False,True,True
1660315,63779589543335,-13.58973,2.598333,-0.05027848,-0.07011544,0.8867701,0.1411603,-0.4345069,-0.001,-0.001,-0.001,1,-1,-1,0.03145633,0.0004489594,-0.02251257,0.03145633,0.0004489594,-0.02251257,0,0,0,0,0,0,-1,-1,False,True,True
1660323,63779589543346,-13.58972,2.598322,-0.05031914,-0.0702149,0.8867212,0.1410354,-0.4346313,-0.001,-0.001,-0.001,1,-1,-1,0.03121802,0.00174852,-0.02730968,0.03121802,0.00174852,-0.02730968,0,0,0,0,0,0,-1,-1,False,True,True
1660332,63779589543357,-13.58977,2.598245,-0.0503819,-0.0703229,0.8866861,0.14079,-0.434765,-0.001,-0.001,-0.001,1,-1,-1,0.03097588,-0.001778229,-0.01659749,0.03097588,-0.001778229,-0.01659749,0,0,0,0,0,0,-1,-1,False,True,True
1660340,63779589543357,-13.58977,2.598245,-0.0503819,-0.0703229,0.8866861,0.14079,-0.434765,-0.001,-0.001,-0.001,1,-1,-1,0.03058963,0.001415711,-0.02143471,0.03058963,0.001415711,-0.02143471,0,0,0,0,0,0,-1,-1,False,True,True
1660348,63779589543369,-13.5898,2.598215,-0.05050254,-0.07038191,0.8866439,0.1405961,-0.4349044,-0.001,-0.001,-0.001,1,-1,-1,0.03067006,0.001246079,-0.0211355,0.03067006,0.001246079,-0.0211355,0,0,0,0,0,0,-1,-1,False,True,True
1660357,63779589543380,-13.5898,2.598179,-0.05050123,-0.0702856,0.8866302,0.1402902,-0.4350465,-0.001,-0.001,-0.001,1,-1,-1,0.03088701,0.000904007,-0.01883692,0.03088701,0.000904007,-0.01883692,0,0,0,0,0,0,-1,-1,False,True,True
1660365,63779589543391,-13.5899,2.598123,-0.05055046,-0.07032025,0.8866445,0.1400873,-0.4350771,-0.001,-0.001,-0.001,1,-1,-1,0.03101242,0.0008672333,-0.01901209,0.03101242,0.0008672333,-0.01901209,0,0,0,0,0,0,-1,-1,False,True,True
1660373,63779589543391,-13.5899,2.598123,-0.05055046,-0.07032025,0.8866445,0.1400873,-0.4350771,-0.001,-0.001,-0.001,1,-1,-1,0.03006424,-0.001430893,-0.0107097,0.03006424,-0.001430893,-0.0107097,0,0,0,0,0,0,-1,-1,False,True,True
1660382,63779589543402,-13.58994,2.598091,-0.05063534,-0.0702073,0.8866643,0.1398155,-0.4351425,-0.001,-0.001,-0.001,1,-1,-1,0.03089067,0.001244736,-0.02122311,0.03089067,0.001244736,-0.02122311,0,0,0,0,0,0,-1,-1,False,True,True
1660390,63779589543413,-13.59002,2.598029,-0.05068719,-0.07017255,0.8866783,0.1395099,-0.4352177,-0.001,-0.001,-0.001,1,-1,-1,0.03092349,0.001155396,-0.02061047,0.03092349,0.001155396,-0.02061047,0,0,0,0,0,0,-1,-1,False,True,True
1660398,63779589543424,-13.59003,2.598024,-0.05078405,-0.07027328,0.8866928,0.1391725,-0.43528,-0.001,-0.001,-0.001,1,-1,-1,0.03093068,0.001160477,-0.020914,0.03093068,0.001160477,-0.020914,0,0,0,0,0,0,-1,-1,False,True,True
1660407,63779589543424,-13.59003,2.598024,-0.05078405,-0.07027328,0.8866928,0.1391725,-0.43528,-0.001,-0.001,-0.001,1,-1,-1,0.03093408,0.001116547,-0.02080419,0.03093408,0.001116547,-0.02080419,0,0,0,0,0,0,-1,-1,False,True,True
1660415,63779589543435,-13.59005,2.597984,-0.05086291,-0.0702482,0.8866911,0.1388634,-0.435386,-0.02732257,0.002994476,-0.02487059,0.1137238,-0.1544495,0.9814301,0.03095825,0.001245651,-0.02147301,0.03095825,0.001245651,-0.02147301,0.08668518,-0.1103058,0.990097,0.08668518,-0.1103058,0.990097,5.813492,5.813492,True,True,True
1660423,63779589543446,-13.58998,2.597906,-0.050915,-0.07027349,0.886741,0.1385988,-0.4353648,-0.02732575,0.002976364,-0.0248114,0.1170044,-0.2085724,0.9709778,0.03091216,0.001350586,-0.02188173,0.03091216,0.001350586,-0.02188173,0.1068573,-0.1652679,0.9804382,0.1068573,-0.1652679,0.9804382,5.531174,5.531174,True,True,True
1660432,63779589543458,-13.58996,2.597901,-0.05101198,-0.07030757,0.8867524,0.1383686,-0.4354093,-0.02733077,0.002956986,-0.02482707,0.1296692,-0.1907043,0.9730377,0.03090729,0.001316315,-0.02174507,0.03090729,0.001316315,-0.02174507,0.1146851,-0.1757965,0.9777069,0.1146851,-0.1757965,0.9777069,5.465408,5.465408,True,True,True
1660440,63779589543458,-13.58996,2.597901,-0.05101198,-0.07030757,0.8867524,0.1383686,-0.4354093,-0.02732802,0.002937225,-0.02483104,0.1203308,-0.1883392,0.9747009,0.03091347,0.001322327,-0.02183812,0.03091347,0.001322327,-0.02183812,0.1127167,-0.1341553,0.9845123,0.1127167,-0.1341553,0.9845123,5.683792,5.683792,True,True,True
1660448,63779589543468,-13.58997,2.597888,-0.05105925,-0.07024431,0.8867868,0.1382503,-0.435387,-0.02733257,0.002937638,-0.02483437,0.1255493,-0.1845551,0.974762,0.03090019,0.001305161,-0.02180304,0.03090019,0.001305161,-0.02180304,0.1056366,-0.1378021,0.9848022,0.1056366,-0.1378021,0.9848022,5.65126,5.65126,True,True,True
1660457,63779589543480,-13.58997,2.597836,-0.05108815,-0.0702067,0.8868284,0.138056,-0.4353697,-0.02733164,0.002919876,-0.0248145,0.1208649,-0.2070618,0.9708252,0.03091336,0.0012789,-0.02173274,0.03091336,0.0012789,-0.02173274,0.1119537,-0.1579285,0.9810791,0.1119537,-0.1579285,0.9810791,5.531601,5.531601,True,True,True
1660465,63779589543490,-13.58994,2.597806,-0.05111796,-0.07021883,0.8868522,0.1378918,-0.4353714,-0.02732787,0.002919571,-0.02481682,0.1237183,-0.2052307,0.9708557,0.03090387,0.001279755,-0.02180278,0.03090387,0.001279755,-0.02180278,0.1104279,-0.1655426,0.9799957,0.1104279,-0.1655426,0.9799957,5.500702,5.500702,True,True,True
1660473,63779589543490,-13.58994,2.597806,-0.05111796,-0.07021883,0.8868522,0.1378918,-0.4353714,-0.02731386,0.002910157,-0.0248129,0.1230164,-0.1875763,0.9745026,0.03094013,0.001156479,-0.02134947,0.03094013,0.001156479,-0.02134947,0.1283417,-0.1745453,0.9762421,0.1283417,-0.1745453,0.9762421,5.486679,5.486679,True,True,True
1660481,63779589543501,-13.58995,2.597753,-0.05120468,-0.0702564,0.8868555,0.1378857,-0.4353607,-0.02714936,0.002891434,-0.024788,0.1178284,-0.1785278,0.9768372,0.03092171,0.001210007,-0.02156149,0.03092171,0.001210007,-0.02156149,0.120697,-0.1706238,0.9779053,0.120697,-0.1706238,0.9779053,5.500946,5.500946,True,True,True
1660490,63779589543513,-13.58995,2.597726,-0.05121267,-0.07040256,0.8868625,0.1377653,-0.435361,-0.02320625,0.002767502,-0.02457874,0.1176605,-0.1915283,0.9743958,0.03090329,0.001252838,-0.02174643,0.03090329,0.001252838,-0.02174643,0.1158905,-0.165451,0.9793701,0.1158905,-0.165451,0.9793701,5.517487,5.517487,True,True,True
1660498,63779589543524,-13.58995,2.597662,-0.05127782,-0.07053569,0.8868914,0.1376259,-0.4353246,-0.01789783,0.002617264,-0.02430759,0.1200104,-0.1830139,0.9757538,0.0309021,0.001258179,-0.02175998,0.0309021,0.001258179,-0.02175998,0.1168823,-0.167038,0.9789886,0.1168823,-0.167038,0.9789886,5.519333,5.519333,True,True,True
1660506,63779589543524,-13.58995,2.597662,-0.05127782,-0.07053569,0.8868914,0.1376259,-0.4353246,-0.01659795,0.002578445,-0.02423378,0.116333,-0.1733856,0.977951,0.03090091,0.001263519,-0.02177353,0.03090091,0.001263519,-0.02177353,0.1152191,-0.1679535,0.9790344,0.1152191,-0.1679535,0.9790344,5.515701,5.515701,True,True,True
1660515,63779589543534,-13.58996,2.597634,-0.05134374,-0.07072735,0.8869351,0.1376125,-0.4352088,-0.01672225,0.002579437,-0.02424129,0.1193848,-0.1774292,0.9768524,0.03089984,0.001258179,-0.02175998,0.03089984,0.001258179,-0.02175998,0.1161652,-0.1678772,0.9789276,0.1161652,-0.1678772,0.9789276,5.502579,5.502579,True,True,True
1660523,63779589543546,-13.58996,2.597603,-0.05140334,-0.07109857,0.8869705,0.1375106,-0.4351083,-0.0159465,0.00255542,-0.02419943,0.1190186,-0.1812439,0.9761963,0.03089877,0.001252838,-0.02174643,0.03089877,0.001252838,-0.02174643,0.1170807,-0.167038,0.9789581,0.1170807,-0.167038,0.9789581,5.489883,5.489883,True,True,True
1660531,63779589543557,-13.58999,2.597547,-0.05146813,-0.07144345,0.8870119,0.1374292,-0.4349929,-0.01988213,0.002657379,-0.02437935,0.1209717,-0.1867828,0.9749146,0.03089595,0.001204666,-0.02154796,0.03089595,0.001204666,-0.02154796,0.1164246,-0.1684723,0.9787903,0.1164246,-0.1684723,0.9787903,5.496521,5.496521,True,True,True
1660540,63779589543557,-13.58999,2.597547,-0.05146813,-0.07144345,0.8870119,0.1374292,-0.4349929,-0.02461145,0.002789017,-0.02463297,0.1198578,-0.1834412,0.9756927,0.03089313,0.001156479,-0.02134947,0.03089313,0.001156479,-0.02134947,0.1157684,-0.1699524,0.9786224,0.1157684,-0.1699524,0.9786224,5.50296,5.50296,True,True,True
1660548,63779589543567,-13.58999,2.597497,-0.05151504,-0.07161783,0.8870894,0.1373895,-0.4348187,-0.02595335,0.0028293,-0.02470813,0.1208496,-0.1825867,0.9757233,0.03088761,0.001129898,-0.0212607,0.03088761,0.001129898,-0.0212607,0.1143646,-0.1700287,0.978775,0.1143646,-0.1700287,0.978775,5.506592,5.506592,True,True,True
1660556,63779589543580,-13.58998,2.597433,-0.05160797,-0.07181659,0.8871551,0.137323,-0.434673,-0.02655461,0.002848373,-0.02474126,0.119339,-0.1835785,0.9757233,0.03088207,0.001103317,-0.02117194,0.03088207,0.001103317,-0.02117194,0.1129608,-0.1700134,0.9789429,0.1129608,-0.1700134,0.9789429,5.509918,5.509918,True,True,True
1660565,63779589543590,-13.58998,2.597411,-0.05169058,-0.07180962,0.8872319,0.1373571,-0.4345065,-0.02713069,0.0028676,-0.02477596,0.1201935,-0.1846924,0.9754028,0.03088005,0.001101654,-0.02117189,0.03088005,0.001101654,-0.02117189,0.1125336,-0.1690369,0.9791565,0.1125336,-0.1690369,0.9791565,5.510696,5.510696,True,True,True
1660573,63779589543590,-13.58998,2.597411,-0.05169058,-0.07180962,0.8872319,0.1373571,-0.4345065,-0.02720247,0.002870804,-0.02477933,0.1210022,-0.1844482,0.9753571,0.03087802,0.001099976,-0.02117186,0.03087802,0.001099976,-0.02117186,0.1121216,-0.1691437,0.979187,0.1121216,-0.1691437,0.979187,5.51123,5.51123,True,True,True
1660581,63779589543602,-13.58994,2.597369,-0.05175257,-0.07179372,0.8872864,0.1373079,-0.4344135,-0.02715001,0.002867829,-0.02476932,0.1205902,-0.1835022,0.9755859,0.03087532,0.001098572,-0.02117029,0.03087532,0.001098572,-0.02117029,0.1118774,-0.1685028,0.9793243,0.1118774,-0.1685028,0.9793243,5.511017,5.511017,True,True,True
1660590,63779589543613,-13.58996,2.597325,-0.05186886,-0.07181431,0.887334,0.1373423,-0.4343018,-0.02675044,0.002854263,-0.02473786,0.1201324,-0.1825714,0.9758148,0.03087578,0.001097168,-0.02117186,0.03087578,0.001097168,-0.02117186,0.1125031,-0.1682587,0.9792938,0.1125031,-0.1682587,0.9792938,5.511292,5.511292,True,True,True
1660598,63779589543624,-13.58993,2.597315,-0.05196768,-0.07184591,0.8873757,0.1372185,-0.4342506,-0.02480336,0.002793472,-0.02461255,0.1199036,-0.1829376,0.975769,0.03087261,0.001097168,-0.02117186,0.03087261,0.001097168,-0.02117186,0.1129456,-0.1674805,0.9793701,0.1129456,-0.1674805,0.9793701,5.518311,5.518311,True,True,True
1660606,63779589543624,-13.58993,2.597315,-0.05196768,-0.07184591,0.8873757,0.1372185,-0.4342506,-0.0136808,0.002453415,-0.02392123,0.1182404,-0.1790924,0.9766846,0.03087261,0.001097168,-0.02117186,0.03087261,0.001097168,-0.02117186,0.1135864,-0.1674805,0.9792938,0.1135864,-0.1674805,0.9792938,5.518356,5.518356,True,True,True
1660615,63779589543635,-13.58994,2.59723,-0.0520817,-0.07202844,0.8873741,0.1371287,-0.434252,0.001277008,0.001997406,-0.02299652,0.1173248,-0.1760254,0.977356,0.03087039,0.001096542,-0.02116872,0.03087039,0.001096542,-0.02116872,0.1151428,-0.1682892,0.9789734,0.1151428,-0.1682892,0.9789734,5.518494,5.518494,True,True,True
1660623,63779589543646,-13.58991,2.597224,-0.05222833,-0.07207383,0.887435,0.1370308,-0.4341511,0.007409424,0.001809113,-0.02261736,0.116684,-0.1736145,0.9778748,0.03086983,0.001093399,-0.02116814,0.03086983,0.001093399,-0.02116814,0.114975,-0.167511,0.979126,0.114975,-0.167511,0.979126,5.516068,5.516068,True,True,True
1660631,63779589543657,-13.58976,2.597178,-0.05230999,-0.0721827,0.8874759,0.1369319,-0.4340805,0.00952504,0.0017444,-0.02248416,0.1160126,-0.1740112,0.9778748,0.03086861,0.001093308,-0.02116698,0.03086861,0.001093308,-0.02116698,0.1149139,-0.1676941,0.9791107,0.1149139,-0.1676941,0.9791107,5.518723,5.518723,True,True,True
1660640,63779589543657,-13.58976,2.597178,-0.05230999,-0.0721827,0.8874759,0.1369319,-0.4340805,0.009366013,0.00174881,-0.02249286,0.1151428,-0.1731873,0.9781189,0.03086486,0.001092743,-0.02116565,0.03086486,0.001092743,-0.02116565,0.1139069,-0.1674347,0.9792633,0.1139069,-0.1674347,0.9792633,5.519592,5.519592,True,True,True
1660648,63779589543668,-13.58966,2.597166,-0.05233806,-0.07214906,0.8875321,0.1368665,-0.4339919,0.009011704,0.001757904,-0.02251018,0.1144714,-0.173233,0.9781952,0.03086246,0.001089966,-0.02115862,0.03086246,0.001089966,-0.02115862,0.1132813,-0.1673279,0.9793549,0.1132813,-0.1673279,0.9793549,5.52179,5.52179,True,True,True
1660656,63779589543680,-13.58959,2.597148,-0.0524295,-0.07222489,0.8875542,0.1368037,-0.4339537,0.00813025,0.001781525,-0.02254929,0.1145782,-0.1735077,0.9781342,0.03085922,0.001083496,-0.02113487,0.03085922,0.001083496,-0.02113487,0.1138611,-0.1670685,0.9793396,0.1138611,-0.1670685,0.9793396,5.530289,5.530289,True,True,True
1660665,63779589543691,-13.58958,2.59715,-0.05247086,-0.0720885,0.8876292,0.1366272,-0.4338787,0.006928589,0.001816818,-0.02261353,0.1151733,-0.1741486,0.977951,0.0308571,0.001080551,-0.02111713,0.0308571,0.001080551,-0.02111713,0.1148529,-0.1675262,0.9791412,0.1148529,-0.1675262,0.9791412,5.536499,5.536499,True,True,True
1660673,63779589543691,-13.58958,2.59715,-0.05247086,-0.0720885,0.8876292,0.1366272,-0.4338787,0.005061615,0.001870041,-0.0227125,0.1135406,-0.1747437,0.9780426,0.03084615,0.001073624,-0.02108614,0.03084615,0.001073624,-0.02108614,0.111908,-0.1677551,0.9794464,0.111908,-0.1677551,0.9794464,5.537186,5.537186,True,True,True
1660681,63779589543702,-13.58951,2.597122,-0.05253977,-0.07196961,0.8877006,0.1364538,-0.4338069,0.00314502,0.001925964,-0.02282291,0.115036,-0.1750793,0.9777985,0.03084603,0.001067612,-0.02106844,0.03084603,0.001067612,-0.02106844,0.1144867,-0.1673126,0.9792175,0.1144867,-0.1673126,0.9792175,5.538544,5.538544,True,True,True
1660690,63779589543712,-13.58941,2.597076,-0.05262065,-0.07182641,0.887789,0.1362426,-0.4337161,0.001787888,0.001966461,-0.02290682,0.1155701,-0.1751404,0.9777222,0.03084544,0.001065643,-0.02106462,0.03084544,0.001065643,-0.02106462,0.1156158,-0.1671143,0.979126,0.1156158,-0.1671143,0.979126,5.538589,5.538589,True,True,True
1660698,63779589543724,-13.5894,2.597054,-0.05266398,-0.07183611,0.8878367,0.1360577,-0.433675,0.0009137879,0.001993317,-0.02295688,0.1156921,-0.1753845,0.9776764,0.03084541,0.001065643,-0.02105785,0.03084541,0.001065643,-0.02105785,0.1158752,-0.1669617,0.979126,0.1158752,-0.1669617,0.979126,5.533737,5.533737,True,True,True
1660706,63779589543724,-13.5894,2.597054,-0.05266398,-0.07183611,0.8878367,0.1360577,-0.433675,0.0008195496,0.001996231,-0.02295979,0.1162567,-0.1750488,0.9776611,0.03084493,0.001065643,-0.02105785,0.03084493,0.001065643,-0.02105785,0.1175537,-0.1656952,0.9791412,0.1175537,-0.1656952,0.9791412,5.554688,5.554688,True,True,True
1660715,63779589543735,-13.58935,2.597028,-0.0527488,-0.07175388,0.8879009,0.1359348,-0.4335955,0.001834229,0.001964752,-0.02289394,0.116333,-0.1747284,0.9777069,0.0308431,0.001065643,-0.02105785,0.0308431,0.001065643,-0.02105785,0.1179962,-0.1656494,0.9790955,0.1179962,-0.1656494,0.9790955,5.557068,5.557068,True,True,True
1660723,63779589543746,-13.58932,2.596953,-0.05288404,-0.07172987,0.8879208,0.1358835,-0.4335751,0.003901642,0.00190065,-0.02275983,0.1169891,-0.1732635,0.97789,0.03084194,0.001065643,-0.02105785,0.03084194,0.001065643,-0.02105785,0.1187286,-0.1637878,0.9793091,0.1187286,-0.1637878,0.9793091,5.565033,5.565033,True,True,True
1660731,63779589543757,-13.58926,2.596927,-0.05299002,-0.07189516,0.8878999,0.1359998,-0.4335538,0.005924973,0.001837936,-0.02263152,0.1172791,-0.173111,0.97789,0.03084154,0.001065643,-0.02105785,0.03084154,0.001065643,-0.02105785,0.1190338,-0.1645966,0.9791412,0.1190338,-0.1645966,0.9791412,5.564667,5.564667,True,True,True
1660740,63779589543757,-13.58926,2.596927,-0.05299002,-0.07189516,0.8878999,0.1359998,-0.4335538,0.007592881,0.001786194,-0.02252608,0.1170197,-0.172287,0.9780579,0.03083885,0.001065643,-0.02105785,0.03083885,0.001065643,-0.02105785,0.1184082,-0.1641846,0.9792938,0.1184082,-0.1641846,0.9792938,5.57872,5.57872,True,True,True
1660748,63779589543768,-13.58919,2.59695,-0.05305231,-0.07186949,0.8878621,0.1359997,-0.4336355,0.008629044,0.001754532,-0.02246053,0.1168823,-0.1721344,0.9781036,0.03083855,0.001067612,-0.02105785,0.03083855,0.001067612,-0.02105785,0.1183167,-0.1647644,0.9792023,0.1183167,-0.1647644,0.9792023,5.578598,5.578598,True,True,True
1660756,63779589543779,-13.58911,2.596953,-0.05314332,-0.07203999,0.8878434,0.1358696,-0.4336864,0.008923097,0.001745529,-0.02244641,0.1169434,-0.1713867,0.9782257,0.03083844,0.00106778,-0.02106516,0.03083844,0.00106778,-0.02106516,0.1194305,-0.1637573,0.9792328,0.1194305,-0.1637573,0.9792328,5.578751,5.578751,True,True,True
1660765,63779589543790,-13.58908,2.596949,-0.0532167,-0.07214176,0.8878419,0.1357912,-0.4336971,0.008853546,0.001751801,-0.02245053,0.1168976,-0.1727142,0.9779968,0.03083707,0.001074539,-0.02106516,0.03083707,0.001074539,-0.02106516,0.1204681,-0.1658173,0.9787598,0.1204681,-0.1658173,0.9787598,5.575516,5.575516,True,True,True
1660773,63779589543790,-13.58908,2.596949,-0.0532167,-0.07214176,0.8878419,0.1357912,-0.4336971,0.008026443,0.001779617,-0.02250771,0.115799,-0.1731567,0.9780579,0.03083676,0.001078369,-0.02107373,0.03083676,0.001078369,-0.02107373,0.1188965,-0.1659698,0.9789276,0.1188965,-0.1659698,0.9789276,5.568954,5.568954,True,True,True
1660781,63779589543802,-13.58905,2.59694,-0.05329001,-0.07204245,0.8878725,0.1357384,-0.4336675,0.007917328,0.001784042,-0.02251727,0.1164703,-0.1734161,0.9779205,0.03083661,0.001080154,-0.021079,0.03083661,0.001080154,-0.021079,0.1200256,-0.1664124,0.978714,0.1200256,-0.1664124,0.978714,5.563461,5.563461,True,True,True
1660790,63779589543813,-13.58897,2.596973,-0.05339211,-0.07173225,0.8879705,0.135569,-0.4335712,0.007548905,0.001795349,-0.02254103,0.1165619,-0.1730194,0.9779816,0.0308363,0.001080154,-0.02108028,0.0308363,0.001080154,-0.02108028,0.1202545,-0.1659546,0.9787598,0.1202545,-0.1659546,0.9787598,5.563416,5.563416,True,True,True
1660798,63779589543824,-13.58893,2.596952,-0.05352473,-0.07150961,0.8880632,0.1353748,-0.4334787,0.005760773,0.001850342,-0.02269518,0.116333,-0.1709442,0.9783783,0.03083566,0.001080307,-0.02115414,0.03083566,0.001080307,-0.02115414,0.1207428,-0.1608887,0.9795532,0.1207428,-0.1608887,0.9795532,5.562119,5.562119,True,True,True
1660806,63779589543824,-13.58893,2.596952,-0.05352473,-0.07150961,0.8880632,0.1353748,-0.4334787,0.003704086,0.001913483,-0.02282143,0.1155701,-0.1699677,0.9786377,0.03083435,0.001080307,-0.02115414,0.03083435,0.001080307,-0.02115414,0.1204071,-0.1574707,0.9801483,0.1204071,-0.1574707,0.9801483,5.566116,5.566116,True,True,True
1660815,63779589543835,-13.58882,2.596981,-0.0536871,-0.07127655,0.8881445,0.1350966,-0.4334374,0.001686844,0.001975311,-0.02294534,0.1147308,-0.1705322,0.9786377,0.0308338,0.001080307,-0.02115724,0.0308338,0.001080307,-0.02115724,0.1195374,-0.1571808,0.9803009,0.1195374,-0.1571808,0.9803009,5.563232,5.563232,True,True,True
1660823,63779589543846,-13.58873,2.596976,-0.05380255,-0.07111692,0.888252,0.1348688,-0.4333142,0.0006070099,0.002008881,-0.02300804,0.1145325,-0.1713104,0.9785309,0.0308338,0.001081406,-0.02115749,0.0308338,0.001081406,-0.02115749,0.1195374,-0.1562958,0.9804382,0.1195374,-0.1562958,0.9804382,5.563492,5.563492,True,True,True
1660831,63779589543857,-13.58864,2.596954,-0.05389535,-0.07099288,0.8883869,0.134626,-0.4331336,0.0007473297,0.002004623,-0.02299564,0.1148376,-0.17099,0.9785461,0.0308338,0.001081406,-0.02115749,0.0308338,0.001081406,-0.02115749,0.1192322,-0.1548767,0.9806976,0.1192322,-0.1548767,0.9806976,5.566788,5.566788,True,True,True
1660840,63779589543857,-13.58864,2.596954,-0.05389535,-0.07099288,0.8883869,0.134626,-0.4331336,-4.21753E-05,0.001997574,-0.02296295,0.1142731,-0.1786957,0.9772339,0.03081458,0.001033218,-0.02101077,0.03081458,0.001033218,-0.02101077,0.1109619,-0.1775055,0.977829,0.1109619,-0.1775055,0.977829,5.527206,5.527206,True,True,True
1660848,63779589543868,-13.58854,2.596924,-0.05401838,-0.07084282,0.8885643,0.1343805,-0.4328702,-0.004395279,0.002102081,-0.02338704,0.1079559,-0.1852264,0.9767303,0.0309639,0.001045761,-0.02138204,0.0309639,0.001045761,-0.02138204,0.116684,-0.1757507,0.9774933,0.116684,-0.1757507,0.9774933,5.559418,5.559418,True,True,True
1660856,63779589543880,-13.58843,2.596856,-0.05422169,-0.07070327,0.8887252,0.1340328,-0.4326704,-0.005295243,0.002074905,-0.02343768,0.0960083,-0.1941681,0.9762573,0.03101898,0.0009531861,-0.02127376,0.03101898,0.0009531861,-0.02127376,0.09519958,-0.1865082,0.9778137,0.09519958,-0.1865082,0.9778137,5.512878,5.512878,True,True,True
1660865,63779589543891,-13.58833,2.596808,-0.05435991,-0.07063425,0.8889607,0.1337715,-0.4322787,-0.0266174,0.002692444,-0.02473662,0.08251953,-0.2163696,0.9728088,0.03112287,0.001160233,-0.02224515,0.03112287,0.001160233,-0.02224515,0.08630371,-0.1940155,0.9771881,0.08630371,-0.1940155,0.9771881,5.383331,5.383331,True,True,True
1660873,63779589543891,-13.58833,2.596808,-0.05435991,-0.07063425,0.8889607,0.1337715,-0.4322787,-0.02689035,0.002573242,-0.02444122,0.06938171,-0.2259216,0.9716644,0.03120723,0.001173386,-0.02245558,0.03120723,0.001173386,-0.02245558,0.06271362,-0.2039642,0.9769592,0.06271362,-0.2039642,0.9769592,5.418991,5.418991,True,True,True
1660881,63779589543902,-13.58821,2.596733,-0.05451518,-0.07060153,0.8891844,0.1334086,-0.431936,-0.02688141,0.002569382,-0.02446829,0.08512878,-0.2302856,0.9693756,0.03121369,0.001173248,-0.02249205,0.03121369,0.001173248,-0.02249205,0.07337952,-0.2042999,0.9761505,0.07337952,-0.2042999,0.9761505,5.419083,5.419083,True,True,True
1660890,63779589543913,-13.58809,2.596662,-0.05459166,-0.07053483,0.8894164,0.1331306,-0.4315549,-0.02689131,0.002544312,-0.02438291,0.0728302,-0.2218933,0.9723358,0.03120993,0.001170746,-0.02247353,0.03120993,0.001170746,-0.02247353,0.0748291,-0.2005463,0.9768066,0.0748291,-0.2005463,0.9768066,5.489655,5.489655,True,True,True
1660898,63779589543925,-13.588,2.596632,-0.05473155,-0.07047712,0.8896371,0.1326872,-0.4312459,-0.02690504,0.002566254,-0.02446634,0.08108521,-0.2234192,0.9713287,0.03120879,0.001169418,-0.02245735,0.03120879,0.001169418,-0.02245735,0.07246399,-0.2060547,0.9758453,0.07246399,-0.2060547,0.9758453,5.439743,5.439743,True,True,True
1660906,63779589543925,-13.588,2.596632,-0.05473155,-0.07047712,0.8896371,0.1326872,-0.4312459,-0.02690624,0.002566452,-0.02447347,0.08041382,-0.22435,0.9711761,0.03120908,0.001170746,-0.02246492,0.03120908,0.001170746,-0.02246492,0.07080078,-0.2013855,0.976944,0.07080078,-0.2013855,0.976944,5.444763,5.444763,True,True,True
1660915,63779589543935,-13.58792,2.596575,-0.05484426,-0.07046545,0.8898858,0.1323606,-0.4308347,-0.02690706,0.002566635,-0.02448059,0.0796814,-0.2245178,0.9711914,0.03120836,0.001176132,-0.02246922,0.03120836,0.001176132,-0.02246922,0.07243347,-0.201828,0.9767303,0.07243347,-0.201828,0.9767303,5.457474,5.457474,True,True,True
1660923,63779589543946,-13.58781,2.596531,-0.0549807,-0.07037339,0.8901215,0.1319744,-0.4304813,-0.02686954,0.002568405,-0.02448483,0.0796051,-0.2241821,0.971283,0.03120764,0.001181519,-0.02247353,0.03120764,0.001181519,-0.02247353,0.07408142,-0.2032013,0.9763184,0.07408142,-0.2032013,0.9763184,5.470215,5.470215,True,True,True
1660931,63779589543957,-13.58773,2.596482,-0.05513269,-0.07028011,0.8903227,0.1316199,-0.4301886,-0.0255909,0.002540604,-0.02444591,0.07940674,-0.2234192,0.9714661,0.03120719,0.001186813,-0.0224715,0.03120719,0.001186813,-0.0224715,0.07446289,-0.2042999,0.976059,0.07446289,-0.2042999,0.976059,5.456985,5.456985,True,True,True
1660940,63779589543957,-13.58773,2.596482,-0.05513269,-0.07028011,0.8903227,0.1316199,-0.4301886,0.01201494,0.00164827,-0.02313921,0.07681274,-0.2113495,0.9743805,0.03120673,0.001192124,-0.02246948,0.03120673,0.001192124,-0.02246948,0.07484436,-0.2053375,0.9758148,0.07484436,-0.2053375,0.9758148,5.443878,5.443878,True,True,True
1660948,63779589543968,-13.58768,2.596427,-0.0552488,-0.07024217,0.8905588,0.1312094,-0.4298316,0.01152133,0.001660629,-0.02315685,0.07659912,-0.2108002,0.9745178,0.0312054,0.001192398,-0.02246721,0.0312054,0.001192398,-0.02246721,0.07380676,-0.2044525,0.9760895,0.07380676,-0.2044525,0.9760895,5.432877,5.432877,True,True,True
1660956,63779589543980,-13.5876,2.596373,-0.05537647,-0.07007233,0.8907316,0.1309614,-0.4295768,0.0114306,0.00166362,-0.0231602,0.07572937,-0.2104187,0.9746704,0.03120407,0.001192673,-0.02246492,0.03120407,0.001192673,-0.02246492,0.07275391,-0.2035522,0.9763489,0.07275391,-0.2035522,0.9763489,5.421829,5.421829,True,True,True
1660965,63779589543990,-13.5875,2.596325,-0.05552191,-0.07005725,0.8908809,0.1307449,-0.4293355,0.01188455,0.001653717,-0.02314443,0.07470703,-0.2098846,0.9748535,0.03120343,0.00119307,-0.02246271,0.03120343,0.00119307,-0.02246271,0.0716095,-0.203064,0.976532,0.0716095,-0.203064,0.976532,5.418274,5.418274,True,True,True
1660973,63779589543990,-13.5875,2.596325,-0.05552191,-0.07005725,0.8908809,0.1307449,-0.4293355,0.01027907,0.001694183,-0.02320191,0.07522583,-0.2112885,0.9745178,0.03120279,0.001193451,-0.0224605,0.03120279,0.001193451,-0.0224605,0.07235718,-0.2040863,0.9762726,0.07235718,-0.2040863,0.9762726,5.414154,5.414154,True,True,True
1660981,63779589544002,-13.58743,2.596285,-0.05562896,-0.06997421,0.8910677,0.1304175,-0.429061,0.01020486,0.001698212,-0.023203,0.07536316,-0.2115784,0.9744415,0.03120252,0.001193924,-0.02245453,0.03120252,0.001193924,-0.02245453,0.07290649,-0.2042084,0.9761963,0.07290649,-0.2042084,0.9761963,5.418213,5.418213,True,True,True
1660990,63779589544013,-13.58728,2.59624,-0.05576736,-0.06988805,0.8912269,0.1301661,-0.4288205,0.01002498,0.001704407,-0.0232094,0.0749054,-0.211853,0.974411,0.03120226,0.001194382,-0.02244858,0.03120226,0.001194382,-0.02244858,0.07275391,-0.2043304,0.976181,0.07275391,-0.2043304,0.976181,5.414627,5.414627,True,True,True
1660998,63779589544024,-13.58719,2.596226,-0.0559355,-0.06986265,0.8913342,0.1298982,-0.4286829,0.009980027,0.001707169,-0.02321246,0.07467651,-0.2124786,0.9743042,0.03120172,0.00119455,-0.02244489,0.03120172,0.00119455,-0.02244489,0.07296753,-0.2050171,0.9760284,0.07296753,-0.2050171,0.9760284,5.418472,5.418472,True,True,True
1661006,63779589544024,-13.58719,2.596226,-0.0559355,-0.06986265,0.8913342,0.1298982,-0.4286829,0.01001805,0.001706482,-0.02321118,0.07447815,-0.2122955,0.97435,0.0312012,0.001194717,-0.02244119,0.0312012,0.001194717,-0.02244119,0.07312012,-0.2049255,0.9760284,0.07312012,-0.2049255,0.9760284,5.414734,5.414734,True,True,True
1661015,63779589544035,-13.58714,2.596177,-0.05603564,-0.07002432,0.8914558,0.1297911,-0.4284362,0.009656937,0.001716095,-0.02320937,0.07415771,-0.2132416,0.9741669,0.03119946,0.001196503,-0.02241727,0.03119946,0.001196503,-0.02241727,0.0730896,-0.2063751,0.9757385,0.0730896,-0.2063751,0.9757385,5.415741,5.415741,True,True,True
1661023,63779589544046,-13.58705,2.596151,-0.05613637,-0.07004381,0.8915099,0.1296372,-0.4283669,0.009113572,0.001729492,-0.02322282,0.07382202,-0.2138367,0.9740601,0.03119631,0.00119725,-0.02240605,0.03119631,0.00119725,-0.02240605,0.07347107,-0.2071075,0.9755402,0.07347107,-0.2071075,0.9755402,5.423431,5.423431,True,True,True
1661031,63779589544057,-13.58697,2.596121,-0.05622452,-0.07024428,0.8916122,0.1294792,-0.4281689,0.007781037,0.001761933,-0.02325928,0.07336426,-0.2138367,0.9741058,0.03119461,0.00119725,-0.02238474,0.03119461,0.00119725,-0.02238474,0.07322693,-0.2069855,0.9755859,0.07322693,-0.2069855,0.9755859,5.423889,5.423889,True,True,True
1661040,63779589544057,-13.58697,2.596121,-0.05622452,-0.07024428,0.8916122,0.1294792,-0.4281689,0.006058915,0.00180423,-0.02331273,0.0735321,-0.2134857,0.9741669,0.03119182,0.00119725,-0.02236583,0.03119182,0.00119725,-0.02236583,0.0735321,-0.2059174,0.9757996,0.0735321,-0.2059174,0.9757996,5.424942,5.424942,True,True,True
1661048,63779589544068,-13.58689,2.596093,-0.05631828,-0.07036962,0.8917368,0.1292688,-0.4279522,0.004451233,0.001843079,-0.02336391,0.07350159,-0.2136536,0.9741364,0.03119025,0.00119725,-0.0223486,0.03119025,0.00119725,-0.0223486,0.07304382,-0.2056732,0.9758759,0.07304382,-0.2056732,0.9758759,5.418594,5.418594,True,True,True
1661056,63779589544079,-13.58685,2.596142,-0.05639392,-0.07046988,0.8918592,0.1292117,-0.427698,0.002862534,0.001883026,-0.02341682,0.07276917,-0.2143707,0.9740295,0.03118405,0.00119725,-0.02233455,0.03118405,0.00119725,-0.02233455,0.07167053,-0.2057648,0.9759674,0.07167053,-0.2057648,0.9759674,5.419357,5.419357,True,True,True
1661065,63779589544090,-13.58677,2.596139,-0.05647707,-0.07057936,0.8920037,0.1290639,-0.427423,0.001274521,0.001921723,-0.02346979,0.07354736,-0.2148285,0.9738617,0.03118118,0.00119725,-0.02231429,0.03118118,0.00119725,-0.02231429,0.07223511,-0.2070465,0.975647,0.07223511,-0.2070465,0.975647,5.426697,5.426697,True,True,True
1661073,63779589544090,-13.58677,2.596139,-0.05647707,-0.07057936,0.8920037,0.1290639,-0.427423,0.0005981445,0.001938126,-0.02349385,0.07330322,-0.2147675,0.9738922,0.03117722,0.00119725,-0.02230704,0.03117722,0.00119725,-0.02230704,0.07174683,-0.2068329,0.9757385,0.07174683,-0.2068329,0.9757385,5.42691,5.42691,True,True,True
1661081,63779589544101,-13.58671,2.596155,-0.05662423,-0.0705151,0.8921482,0.1288894,-0.4271847,0.001023819,0.00192955,-0.02347461,0.07211304,-0.2126923,0.9744415,0.03117386,0.00119725,-0.02229874,0.03117386,0.00119725,-0.02229874,0.07081604,-0.2034149,0.9765167,0.07081604,-0.2034149,0.9765167,5.428619,5.428619,True,True,True
1661090,63779589544113,-13.58664,2.596179,-0.05671269,-0.07047743,0.8923394,0.1288035,-0.4268173,0.001144531,0.001926163,-0.02344965,0.07307434,-0.2134705,0.9741974,0.03117262,0.001196426,-0.0222571,0.03117262,0.001196426,-0.0222571,0.07072449,-0.2052917,0.9761353,0.07072449,-0.2052917,0.9761353,5.443024,5.443024,True,True,True
1661098,63779589544124,-13.58657,2.596217,-0.0567764,-0.07032666,0.892525,0.1286378,-0.4265041,0.0008872986,0.001932251,-0.02345221,0.07247925,-0.2125854,0.9744415,0.03116966,0.001196289,-0.02224146,0.03116966,0.001196289,-0.02224146,0.06996155,-0.2059326,0.976059,0.06996155,-0.2059326,0.976059,5.445862,5.445862,True,True,True
1661106,63779589544124,-13.58657,2.596217,-0.0567764,-0.07032666,0.892525,0.1286378,-0.4265041,0.0003795319,0.001941803,-0.02345584,0.07510376,-0.2122803,0.9743042,0.03116673,0.001190506,-0.02220627,0.03116673,0.001190506,-0.02220627,0.07218933,-0.206131,0.9758453,0.07218933,-0.206131,0.9758453,5.447708,5.447708,True,True,True
1661115,63779589544135,-13.58648,2.596247,-0.05689055,-0.07027404,0.8926402,0.128573,-0.4262911,-0.00131424,0.001983749,-0.02352104,0.07475281,-0.210907,0.9746399,0.03116493,0.001187546,-0.02219255,0.03116493,0.001187546,-0.02219255,0.07192993,-0.2026672,0.976593,0.07192993,-0.2026672,0.976593,5.448822,5.448822,True,True,True
1661123,63779589544145,-13.58641,2.596267,-0.05697304,-0.0701909,0.8928113,0.1285596,-0.4259503,-0.00200911,0.002005524,-0.02354755,0.07460022,-0.2119598,0.974411,0.03116325,0.001186615,-0.02218498,0.03116325,0.001186615,-0.02218498,0.07302856,-0.2019501,0.9766541,0.07302856,-0.2019501,0.9766541,5.449615,5.449615,True,True,True
1661131,63779589544156,-13.58638,2.596308,-0.05706197,-0.07010829,0.8929517,0.1285576,-0.4256701,-0.002104523,0.00200679,-0.02354503,0.07417297,-0.2111053,0.9746399,0.03116265,0.001179352,-0.02216068,0.03116265,0.001179352,-0.02216068,0.07298279,-0.1993866,0.9771881,0.07298279,-0.1993866,0.9771881,5.452332,5.452332,True,True,True
1661140,63779589544156,-13.58638,2.596308,-0.05706197,-0.07010829,0.8929517,0.1285576,-0.4256701,-0.00241153,0.002018906,-0.02355387,0.07498169,-0.2124786,0.9742737,0.03116171,0.001177399,-0.02212201,0.03116171,0.001177399,-0.02212201,0.07272339,-0.2039032,0.9762726,0.07272339,-0.2039032,0.9762726,5.452515,5.452515,True,True,True
1661148,63779589544168,-13.58632,2.596338,-0.05713439,-0.07004365,0.8931288,0.1284997,-0.4253267,-0.00140828,0.001994293,-0.02351071,0.07437134,-0.2109222,0.9746552,0.03116107,0.001174927,-0.02211403,0.03116107,0.001174927,-0.02211403,0.07258606,-0.2014618,0.9767914,0.07258606,-0.2014618,0.9767914,5.452545,5.452545,True,True,True
1661156,63779589544179,-13.58625,2.596336,-0.05712914,-0.07014695,0.8932592,0.1285269,-0.4250274,0.0005064697,0.001946747,-0.02343242,0.07473755,-0.2095337,0.9749298,0.03115833,0.001173935,-0.02211327,0.03115833,0.001173935,-0.02211327,0.07319641,-0.1997375,0.9770966,0.07319641,-0.1997375,0.9770966,5.453201,5.453201,True,True,True
1661165,63779589544191,-13.58618,2.59639,-0.05720872,-0.07010841,0.8934197,0.1285172,-0.4246992,0.002502701,0.001897247,-0.02335094,0.07420349,-0.2088165,0.9751282,0.03115361,0.001171539,-0.02210852,0.03115361,0.001171539,-0.02210852,0.07252502,-0.1993866,0.9772186,0.07252502,-0.1993866,0.9772186,5.45076,5.45076,True,True,True
1661173,63779589544191,-13.58618,2.59639,-0.05720872,-0.07010841,0.8934197,0.1285172,-0.4246992,0.004242386,0.001853897,-0.0232769,0.07499695,-0.207489,0.9753418,0.03114896,0.001171433,-0.02210812,0.03114896,0.001171433,-0.02210812,0.07383728,-0.198349,0.9773407,0.07383728,-0.198349,0.9773407,5.451065,5.451065,True,True,True
1661181,63779589544201,-13.5861,2.596424,-0.05731565,-0.06996907,0.8935814,0.1284936,-0.424389,0.005840439,0.00181134,-0.02320546,0.07531738,-0.2064667,0.9755402,0.03114424,0.001166779,-0.02210391,0.03114424,0.001166779,-0.02210391,0.07345581,-0.1973419,0.9775696,0.07345581,-0.1973419,0.9775696,5.4478,5.4478,True,True,True
1661190,63779589544212,-13.58599,2.596496,-0.0574035,-0.07006025,0.893692,0.1284964,-0.4241402,0.007074448,0.001779663,-0.02314835,0.07557678,-0.2055511,0.975708,0.03114052,0.001165054,-0.02209743,0.03114052,0.001165054,-0.02209743,0.07395935,-0.1967468,0.9776459,0.07395935,-0.1967468,0.9776459,5.444519,5.444519,True,True,True
1661198,63779589544224,-13.58593,2.596508,-0.05745512,-0.07004241,0.8938206,0.1286231,-0.4238337,0.008207627,0.001751633,-0.0230903,0.07736206,-0.2058258,0.9755096,0.03113782,0.001164551,-0.02208286,0.03113782,0.001164551,-0.02208286,0.07659912,-0.1974945,0.9772949,0.07659912,-0.1974945,0.9772949,5.444611,5.444611,True,True,True
1661206,63779589544224,-13.58593,2.596508,-0.05745512,-0.07004241,0.8938206,0.1286231,-0.4238337,0.008437959,0.001746948,-0.02306903,0.07717896,-0.2050629,0.9756927,0.03113645,0.001164551,-0.02206429,0.03113645,0.001164551,-0.02206429,0.07623291,-0.1980438,0.9772186,0.07623291,-0.1980438,0.9772186,5.445313,5.445313,True,True,True
1661215,63779589544235,-13.58595,2.596555,-0.05754238,-0.07013112,0.8939441,0.128784,-0.4235093,0.007724167,0.001765778,-0.02309952,0.07722473,-0.2052155,0.975647,0.03113315,0.001164139,-0.02206242,0.03113315,0.001164139,-0.02206242,0.0761261,-0.1980438,0.9772186,0.0761261,-0.1980438,0.9772186,5.445358,5.445358,True,True,True
1661223,63779589544245,-13.58592,2.596507,-0.05762333,-0.07019696,0.8940547,0.1289635,-0.4232102,0.00674054,0.001790619,-0.02314217,0.07807922,-0.205368,0.9755554,0.03113074,0.00116217,-0.02206038,0.03113074,0.00116217,-0.02206038,0.0766449,-0.197525,0.9772797,0.0766449,-0.197525,0.9772797,5.445557,5.445557,True,True,True
1661231,63779589544256,-13.58594,2.59653,-0.05767411,-0.0702067,0.8941181,0.1291182,-0.4230275,0.005994293,0.001810425,-0.02317265,0.07978821,-0.2055664,0.9753723,0.03113025,0.00116185,-0.0220553,0.03113025,0.00116185,-0.0220553,0.079422,-0.1972504,0.9771118,0.079422,-0.1972504,0.9771118,5.445251,5.445251,True,True,True
1661240,63779589544256,-13.58594,2.59653,-0.05767411,-0.0702067,0.8941181,0.1291182,-0.4230275,0.00569693,0.001819092,-0.02318497,0.08010864,-0.2059631,0.9752655,0.03112712,0.001161774,-0.02205335,0.03112712,0.001161774,-0.02205335,0.08021545,-0.1973419,0.9770355,0.08021545,-0.1973419,0.9770355,5.445816,5.445816,True,True,True
1661248,63779589544269,-13.58591,2.596504,-0.05773783,-0.07018282,0.8942019,0.1292611,-0.4228107,0.00584848,0.001814896,-0.02317716,0.08236694,-0.2051086,0.9752655,0.03112609,0.001160278,-0.0220515,0.03112609,0.001160278,-0.0220515,0.08364868,-0.1957092,0.9770813,0.08364868,-0.1957092,0.9770813,5.446472,5.446472,True,True,True
1661256,63779589544279,-13.58591,2.596487,-0.05778068,-0.07007895,0.8942208,0.1294861,-0.4227189,0.00654744,0.001797623,-0.02314826,0.08586121,-0.2043304,0.9751282,0.03112581,0.001159287,-0.02204953,0.03112581,0.001159287,-0.02204953,0.08625793,-0.1954803,0.9768982,0.08625793,-0.1954803,0.9768982,5.441956,5.441956,True,True,True
1661265,63779589544290,-13.58581,2.596494,-0.05779815,-0.0700701,0.8942974,0.1295578,-0.4225366,0.007606171,0.001770752,-0.0231033,0.08850098,-0.2041931,0.9749146,0.03112462,0.001157349,-0.02204767,0.03112462,0.001157349,-0.02204767,0.08924866,-0.1949921,0.9767303,0.08924866,-0.1949921,0.9767303,5.442505,5.442505,True,True,True
1661273,63779589544290,-13.58581,2.596494,-0.05779815,-0.0700701,0.8942974,0.1295578,-0.4225366,0.005286148,0.001890823,-0.0232666,0.07316589,-0.2058411,0.9758301,0.03116011,0.001252701,-0.02218587,0.03116011,0.001252701,-0.02218587,0.06991577,-0.1967316,0.977951,0.06991577,-0.1967316,0.977951,5.504608,5.504608,True,True,True
1661281,63779589544301,-13.58578,2.596552,-0.05782819,-0.07008868,0.8942869,0.1296618,-0.4225237,0.01625163,0.001689469,-0.02266913,0.07145691,-0.1950073,0.9781799,0.03124803,0.001331131,-0.02209724,0.03124803,0.001331131,-0.02209724,0.07150269,-0.1963043,0.9779205,0.07150269,-0.1963043,0.9779205,5.468338,5.468338,True,True,True
1661290,63779589544312,-13.58577,2.596556,-0.05782032,-0.07008157,0.8942941,0.1296542,-0.422512,0.01599297,0.001862503,-0.02282175,0.07006836,-0.1598358,0.9846497,0.03127345,0.001470413,-0.02212685,0.03127345,0.001470413,-0.02212685,0.07566833,-0.1496124,0.9858398,0.07566833,-0.1496124,0.9858398,5.567169,5.567169,True,True,True
1661298,63779589544323,-13.58574,2.596556,-0.0578925,-0.07018609,0.8943196,0.1296394,-0.4224453,0.01948389,0.001910507,-0.02265248,0.04214478,-0.1157379,0.9923706,0.03130171,0.001621338,-0.02218683,0.03130171,0.001621338,-0.02218683,0.03826904,-0.1079102,0.9934082,0.03826904,-0.1079102,0.9934082,5.549088,5.549088,True,True,True
1661306,63779589544323,-13.58574,2.596556,-0.0578925,-0.07018609,0.8943196,0.1296394,-0.4224453,0.004446167,0.002371704,-0.02299672,0.03781128,-0.1825104,0.9824677,0.03129245,0.001611023,-0.02156189,0.03129245,0.001611023,-0.02156189,0.01574707,-0.2013397,0.9793854,0.01574707,-0.2013397,0.9793854,5.18837,5.18837,True,True,True
1661315,63779589544335,-13.58575,2.596545,-0.05790216,-0.07027663,0.8943844,0.1295635,-0.4223163,-0.001,-0.001,-0.001,1,-1,-1,0.03132761,0.001967865,-0.02221803,0.03132761,0.001967865,-0.02221803,0,0,0,0,0,0,-1,-1,False,True,True
1661323,63779589544346,-13.58573,2.596591,-0.05799884,-0.07040256,0.8944058,0.1295275,-0.4222608,-0.001,-0.001,-0.001,1,-1,-1,0.03136643,0.001916001,-0.02104578,0.03136643,0.001916001,-0.02104578,0,0,0,0,0,0,-1,-1,False,True,True
1661331,63779589544357,-13.58572,2.596563,-0.05804652,-0.07040729,0.8944332,0.1294683,-0.4222203,-0.001,-0.001,-0.001,1,-1,-1,0.03163831,0.00156044,-0.02202249,0.03163831,0.00156044,-0.02202249,0,0,0,0,0,0,-1,-1,False,True,True
1661340,63779589544357,-13.58572,2.596563,-0.05804652,-0.07040729,0.8944332,0.1294683,-0.4222203,-0.001,-0.001,-0.001,1,-1,-1,0.03163831,0.00156044,-0.02202249,0.03163831,0.00156044,-0.02202249,0,0,0,0,0,0,-1,-1,False,False,False
1661348,63779589544368,-13.58575,2.596545,-0.05805629,-0.07030132,0.8945031,0.1293223,-0.4221348,-0.001,-0.001,-0.001,1,-1,-1,0.03163831,0.00156044,-0.02202249,0.03163831,0.00156044,-0.02202249,0,0,0,0,0,0,-1,-1,False,False,False
1661356,63779589544379,-13.58572,2.596506,-0.05802912,-0.07028301,0.8944941,0.1292498,-0.422179,-0.001,-0.001,-0.001,1,-1,-1,0.03213571,0.001276566,-0.02188112,0.03213571,0.001276566,-0.02188112,0,0,0,0,0,0,-1,-1,False,True,True
1661365,63779589544390,-13.58571,2.596532,-0.05802214,-0.07031344,0.8944772,0.129011,-0.4222828,-0.001,-0.001,-0.001,1,-1,-1,0.0319917,0.0007857666,-0.02216741,0.0319917,0.0007857666,-0.02216741,0,0,0,0,0,0,-1,-1,False,True,True
1661373,63779589544390,-13.58571,2.596532,-0.05802214,-0.07031344,0.8944772,0.129011,-0.4222828,-0.001,-0.001,-0.001,1,-1,-1,0.03166582,0.001198364,-0.02206058,0.03166582,0.001198364,-0.02206058,0,0,0,0,0,0,-1,-1,False,True,True
1661381,63779589544401,-13.58576,2.59652,-0.05792701,-0.07025755,0.8945405,0.1288349,-0.4222117,-0.001,-0.001,-0.001,1,-1,-1,0.03306139,0.01570709,-0.07332432,0.03306139,0.01570709,-0.07332432,0,0,0,0,0,0,-1,-1,False,True,True
1661390,63779589544412,-13.58577,2.596494,-0.05793619,-0.07021882,0.894515,0.1286917,-0.4223158,-0.001,-0.001,-0.001,1,-1,-1,0.03153392,0.002538468,-0.02255054,0.03153392,0.002538468,-0.02255054,0,0,0,0,0,0,-1,-1,False,True,True
1661398,63779589544423,-13.58579,2.596483,-0.0579471,-0.07023042,0.8945093,0.1284128,-0.4224108,-0.001,-0.001,-0.001,1,-1,-1,0.03227953,0.001526032,-0.02210956,0.03227953,0.001526032,-0.02210956,0,0,0,0,0,0,-1,-1,False,True,True
1661406,63779589544423,-13.58579,2.596483,-0.0579471,-0.07023042,0.8945093,0.1284128,-0.4224108,-0.001,-0.001,-0.001,1,-1,-1,0.03188582,-6.469727E-06,-0.01300816,0.03188582,-6.469727E-06,-0.01300816,0,0,0,0,0,0,-1,-1,False,True,True
1661415,63779589544434,-13.58582,2.59642,-0.05796987,-0.07021807,0.8945079,0.128261,-0.4224619,-0.001,-0.001,-0.001,1,-1,-1,0.03186716,0.00405658,-0.02978444,0.03186716,0.00405658,-0.02978444,0,0,0,0,0,0,-1,-1,False,True,True
1661423,63779589544446,-13.58593,2.596425,-0.05794966,-0.07029456,0.8945208,0.128198,-0.4224412,-0.001,-0.001,-0.001,1,-1,-1,0.03220197,0.001979965,-0.01832568,0.03220197,0.001979965,-0.01832568,0,0,0,0,0,0,-1,-1,False,True,True
1661431,63779589544457,-13.58599,2.596451,-0.05797929,-0.07047708,0.894429,0.128221,-0.422598,-0.001,-0.001,-0.001,1,-1,-1,0.03220943,0.002822159,-0.01823431,0.03220943,0.002822159,-0.01823431,0,0,0,0,0,0,-1,-1,False,True,True
1661440,63779589544457,-13.58599,2.596451,-0.05797929,-0.07047708,0.894429,0.128221,-0.422598,-0.001,-0.001,-0.001,1,-1,-1,0.0314224,0.002557572,-0.02131122,0.0314224,0.002557572,-0.02131122,0,0,0,0,0,0,-1,-1,False,True,True
1661448,63779589544468,-13.58605,2.596403,-0.05800188,-0.07064816,0.8943583,0.1283402,-0.422683,-0.001,-0.001,-0.001,1,-1,-1,0.03150304,0.002978348,-0.02388341,0.03150304,0.002978348,-0.02388341,0,0,0,0,0,0,-1,-1,False,True,True
1661456,63779589544479,-13.58613,2.596381,-0.05802703,-0.07091861,0.8943174,0.1282907,-0.4227393,-0.001,-0.001,-0.001,1,-1,-1,0.0314995,0.003017639,-0.02400119,0.0314995,0.003017639,-0.02400119,0,0,0,0,0,0,-1,-1,False,True,True
1661465,63779589544490,-13.58618,2.59638,-0.05800098,-0.07111785,0.8943377,0.1281362,-0.4227095,-0.001,-0.001,-0.001,1,-1,-1,0.03148706,0.00302861,-0.02403369,0.03148706,0.00302861,-0.02403369,0,0,0,0,0,0,-1,-1,False,True,True
1661473,63779589544490,-13.58618,2.59638,-0.05800098,-0.07111785,0.8943377,0.1281362,-0.4227095,-0.001,-0.001,-0.001,1,-1,-1,0.03152567,0.00297992,-0.02413643,0.03152567,0.00297992,-0.02413643,0,0,0,0,0,0,-1,-1,False,True,True
1661481,63779589544501,-13.58624,2.596337,-0.05798328,-0.07123372,0.8942885,0.1280857,-0.4228094,-0.001,-0.001,-0.001,1,-1,-1,0.03154108,0.002773712,-0.02344434,0.03154108,0.002773712,-0.02344434,0,0,0,0,0,0,-1,-1,False,True,True
1661490,63779589544513,-13.58629,2.596349,-0.05797732,-0.07123329,0.894298,0.1280166,-0.4228104,-0.001,-0.001,-0.001,1,-1,-1,0.03153636,0.002771561,-0.02341536,0.03153636,0.002771561,-0.02341536,0,0,0,0,0,0,-1,-1,False,True,True
1661498,63779589544523,-13.58634,2.596335,-0.05798358,-0.07131028,0.8942968,0.1280042,-0.4228036,-0.001,-0.001,-0.001,1,-1,-1,0.0315392,0.002782028,-0.02351627,0.0315392,0.002782028,-0.02351627,0,0,0,0,0,0,-1,-1,False,True,True
1661506,63779589544523,-13.58634,2.596335,-0.05798358,-0.07131028,0.8942968,0.1280042,-0.4228036,-0.01802217,0.003913071,-0.02513915,0.03886414,-0.02555847,0.9989166,0.03153213,0.002782456,-0.02351964,0.03153213,0.002782456,-0.02351964,0.05844116,0.006591797,0.9982605,0.05844116,0.006591797,0.9982605,5.618912,5.618912,True,True,True
1661515,63779589544535,-13.58643,2.596312,-0.05797696,-0.07123143,0.8943195,0.1278412,-0.4228183,0.03154776,0.002825012,-0.02358272,0.04241943,0.06500244,0.9969788,0.03154776,0.002825012,-0.02358272,0.03154776,0.002825012,-0.02358272,0.04241943,0.06500244,0.9969788,0.04241943,0.06500244,0.9969788,6.031418,6.031418,True,True,True
1661523,63779589544546,-13.58649,2.596297,-0.05798304,-0.07124007,0.894353,0.1278003,-0.4227583,-0.02096997,0.003999664,-0.02526408,0.03067017,-0.03581238,0.9988861,0.03146202,0.003057114,-0.02428366,0.03146202,0.003057114,-0.02428366,0.007034302,-0.001144409,0.9999695,0.007034302,-0.001144409,0.9999695,5.725555,5.725555,True,True,True
1661531,63779589544557,-13.58652,2.596314,-0.05803007,-0.07119336,0.8943679,0.1276761,-0.4227722,-0.02556975,0.004214203,-0.02580019,0.03326416,-0.03366089,0.9988708,0.03147846,0.003024231,-0.02420288,0.03147846,0.003024231,-0.02420288,0.02966309,-0.0383606,0.9988098,0.02966309,-0.0383606,0.9988098,5.524704,5.524704,True,True,True
1661540,63779589544557,-13.58652,2.596314,-0.05803007,-0.07119336,0.8943679,0.1276761,-0.4227722,-0.02484935,0.004255677,-0.02601602,0.04484558,-0.05462646,0.9974976,0.03145301,0.002937409,-0.0238918,0.03145301,0.002937409,-0.0238918,0.04360962,-0.0921936,0.9947815,0.04360962,-0.0921936,0.9947815,5.31749,5.31749,True,True,True
1661548,63779589544568,-13.58653,2.596277,-0.05802613,-0.07113747,0.8944032,0.1275341,-0.42275,-0.02673992,0.004346985,-0.02579295,0.03050232,-0.1026306,0.9942474,0.03136427,0.003145539,-0.02424629,0.03136427,0.003145539,-0.02424629,0,0,0,0,0,0,-1,-1,True,True,True
1661556,63779589544579,-13.58658,2.596246,-0.05801105,-0.07123035,0.894455,0.127473,-0.4226432,-0.02701578,0.004669358,-0.02689461,-0.004470825,-0.205658,0.9786072,0.03131322,0.003150437,-0.02390706,0.03131322,0.003150437,-0.02390706,0,0,0,0,0,0,-1,-1,True,True,True
1661565,63779589544590,-13.58661,2.596237,-0.05798537,-0.07131455,0.8945022,0.127257,-0.422594,-0.02674388,0.003850479,-0.02191296,0.08145142,-0.3811035,0.920929,0.03183655,0.001973709,-0.02245548,0.03183655,0.001973709,-0.02245548,0,0,0,0,0,0,-1,-1,True,True,True
1661573,63779589544590,-13.58661,2.596237,-0.05798537,-0.07131455,0.8945022,0.127257,-0.422594,-0.001,-0.001,-0.001,1,-1,-1,0.03252023,-0.002806,-0.01061304,0.03252023,-0.002806,-0.01061304,0,0,0,0,0,0,-1,-1,False,True,True
1661581,63779589544601,-13.58659,2.596243,-0.05797261,-0.07135107,0.8945635,0.1271108,-0.4225022,-0.001,-0.001,-0.001,1,-1,-1,0.03133295,0.00128801,-0.02248377,0.03133295,0.00128801,-0.02248377,0,0,0,0,0,0,-1,-1,False,True,True
1661590,63779589544613,-13.58662,2.596227,-0.05801636,-0.07141964,0.8946132,0.1269798,-0.4224247,-0.001,-0.001,-0.001,1,-1,-1,0.03133295,0.00128801,-0.02248377,0.03133295,0.00128801,-0.02248377,0,0,0,0,0,0,-1,-1,False,False,False
1661598,63779589544623,-13.58667,2.596214,-0.05800802,-0.0714914,0.894632,0.126859,-0.422409,-0.001,-0.001,-0.001,1,-1,-1,0.03201659,0.001194916,-0.02254926,0.03201659,0.001194916,-0.02254926,0,0,0,0,0,0,-1,-1,False,True,True
1661606,63779589544623,-13.58667,2.596214,-0.05800802,-0.0714914,0.894632,0.126859,-0.422409,-0.001,-0.001,-0.001,1,-1,-1,0.03187657,0.001069443,-0.02266649,0.03187657,0.001069443,-0.02266649,0,0,0,0,0,0,-1,-1,False,True,True
1661615,63779589544634,-13.58672,2.596167,-0.05797762,-0.07151075,0.894694,0.1268442,-0.4222787,-0.001,-0.001,-0.001,1,-1,-1,0.03229242,0.002362885,-0.0218503,0.03229242,0.002362885,-0.0218503,0,0,0,0,0,0,-1,-1,False,True,True
1661623,63779589544646,-13.58674,2.596129,-0.05790895,-0.07168124,0.894733,0.1267474,-0.4221963,-0.001,-0.001,-0.001,1,-1,-1,0.03228087,0.0002715759,-0.01393672,0.03228087,0.0002715759,-0.01393672,0,0,0,0,0,0,-1,-1,False,True,True
1661631,63779589544656,-13.58667,2.596122,-0.05787414,-0.07173197,0.8947294,0.1267124,-0.4222057,-0.001,-0.001,-0.001,1,-1,-1,0.03191229,0.002727249,-0.01746578,0.03191229,0.002727249,-0.01746578,0,0,0,0,0,0,-1,-1,False,True,True
1661640,63779589544656,-13.58667,2.596122,-0.05787414,-0.07173197,0.8947294,0.1267124,-0.4222057,-0.001,-0.001,-0.001,1,-1,-1,0.03102799,0.003940964,-0.02479689,0.03102799,0.003940964,-0.02479689,0,0,0,0,0,0,-1,-1,False,True,True
1661648,63779589544668,-13.58669,2.596124,-0.05786443,-0.07175693,0.8947753,0.1265143,-0.4221638,-0.001,-0.001,-0.001,1,-1,-1,0.03070444,0.003249374,-0.02496115,0.03070444,0.003249374,-0.02496115,0,0,0,0,0,0,-1,-1,False,True,True
1661656,63779589544668,-13.58669,2.596124,-0.05786443,-0.07175693,0.8947753,0.1265143,-0.4221638,-0.001,-0.001,-0.001,1,-1,-1,0.03110304,0.003484085,-0.02472759,0.03110304,0.003484085,-0.02472759,0,0,0,0,0,0,-1,-1,False,True,True
1661665,63779589544690,-13.58671,2.59614,-0.057814,-0.07185221,0.8948033,0.1264476,-0.4221083,-0.001,-0.001,-0.001,1,-1,-1,0.03109262,0.003472794,-0.02470705,0.03109262,0.003472794,-0.02470705,0,0,0,0,0,0,-1,-1,False,True,True
1661673,63779589544699,-13.58672,2.596138,-0.05777627,-0.07195109,0.8947849,0.1264246,-0.4221374,-0.01307973,0.004221939,-0.02555327,0.06721497,-0.06072998,0.9958801,0.03104126,0.003089569,-0.02307868,0.03104126,0.003089569,-0.02307868,0.02099609,-0.1408844,0.9897919,0.02099609,-0.1408844,0.9897919,4.875778,4.875778,True,True,True
1661681,63779589544708,-13.58687,2.596082,-0.0577094,-0.07193975,0.8948148,0.1263313,-0.4221037,-0.0158351,0.004252991,-0.02546906,0.08666992,-0.009552002,0.9961853,0.03113783,0.003309265,-0.02438225,0.03113783,0.003309265,-0.02438225,0.04652405,0.01074219,0.9988556,0.04652405,0.01074219,0.9988556,5.654648,5.654648,True,True,True
1661690,63779589544708,-13.58687,2.596082,-0.0577094,-0.07193975,0.8948148,0.1263313,-0.4221037,-0.0133719,0.004194809,-0.02557823,0.08204651,-0.02027893,0.9964142,0.03105623,0.003482453,-0.02499748,0.03105623,0.003482453,-0.02499748,0.04397583,0.005661011,0.9990082,0.04397583,0.005661011,0.9990082,5.64502,5.64502,True,True,True
1661698,63779589544718,-13.58693,2.59603,-0.05766934,-0.07190265,0.8948275,0.126296,-0.4220936,0.0008481446,0.003965027,-0.02543616,0.06747437,-0.00402832,0.9977112,0.03106107,0.003471741,-0.02500766,0.03106107,0.003471741,-0.02500766,0.03863525,0.01422119,0.9991455,0.03863525,0.01422119,0.9991455,5.678741,5.678741,True,True,True
1661706,63779589544729,-13.58697,2.596093,-0.05764771,-0.07219081,0.8947463,0.1263494,-0.4222006,-0.02712357,0.004538254,-0.02651451,0.06417847,-0.01780701,0.9977722,0.03112096,0.003146164,-0.02400032,0.03112096,0.003146164,-0.02400032,0.0609436,0.01689148,0.9979858,0.0609436,0.01689148,0.9979858,5.621643,5.621643,True,True,True
1661715,63779589544740,-13.58703,2.596078,-0.05756646,-0.07224257,0.8947072,0.1264049,-0.422258,0.03109259,0.003144608,-0.02402976,0.09318542,0.02345276,0.9953613,0.0310927,0.003144608,-0.02402976,0.0310927,0.003144608,-0.02402976,0.09318542,0.02345276,0.9953613,0.09318542,0.02345276,0.9953613,5.615936,5.615936,True,True,True
1661723,63779589544740,-13.58703,2.596078,-0.05756646,-0.07224257,0.8947072,0.1264049,-0.422258,0.03060764,0.003154053,-0.02403835,0.09486389,0.01651001,0.9953461,0.0310965,0.003143616,-0.02402216,0.0310965,0.003143616,-0.02402216,0.09494019,0.01708984,0.9953308,0.09494019,0.01708984,0.9953308,5.548477,5.548477,True,True,True
1661731,63779589544752,-13.58705,2.596063,-0.05750602,-0.07240701,0.8946552,0.1264432,-0.4223284,-0.02710745,0.00436824,-0.02596875,0.06980896,-0.04335022,0.9966125,0.03111069,0.003107544,-0.02395537,0.03111069,0.003107544,-0.02395537,0.06489563,0.01716614,0.9977417,0.06489563,0.01716614,0.9977417,5.5858,5.5858,True,True,True
1661740,63779589544762,-13.58707,2.596045,-0.05748272,-0.07245207,0.894624,0.126418,-0.4223945,-0.0270869,0.004400956,-0.02608106,0.06954956,-0.03407288,0.996994,0.03118083,0.002989395,-0.02378772,0.03118083,0.002989395,-0.02378772,0.1107941,0.0489502,0.99263,0.1107941,0.0489502,0.99263,5.645447,5.645447,True,True,True
1661748,63779589544773,-13.5871,2.596053,-0.05742455,-0.07258576,0.894618,0.1264289,-0.422381,-0.02712169,0.00432135,-0.02575583,0.07746887,-0.05969238,0.9951935,0.03118881,0.002711273,-0.02284633,0.03118881,0.002711273,-0.02284633,0.1152039,0.01524353,0.9932098,0.1152039,0.01524353,0.9932098,5.550995,5.550995,True,True,True
1661756,63779589544773,-13.5871,2.596053,-0.05742455,-0.07258576,0.894618,0.1264289,-0.422381,-0.02714401,0.004302109,-0.02577231,0.07546997,-0.05334473,0.9957123,0.03118633,0.002687027,-0.02281819,0.03118633,0.002687027,-0.02281819,0.1066589,0.02758789,0.9939117,0.1066589,0.02758789,0.9939117,5.572128,5.572128,True,True,True
1661765,63779589544785,-13.58708,2.596062,-0.05736297,-0.07259036,0.8946375,0.1263781,-0.422354,-0.02705522,0.004134232,-0.02514467,0.09356689,-0.04202271,0.9947205,0.0311803,0.002694733,-0.02293683,0.0311803,0.002694733,-0.02293683,0.1153564,0.02853394,0.9929047,0.1153564,0.02853394,0.9929047,5.611603,5.611603,True,True,True
1661773,63779589544796,-13.58711,2.596029,-0.0572449,-0.07260168,0.8946381,0.126355,-0.4223578,-0.02707227,0.004007141,-0.02488098,0.08580017,-0.03370667,0.9957275,0.03113793,0.002590439,-0.02241766,0.03113793,0.002590439,-0.02241766,0.09942627,0.02581787,0.9947052,0.09942627,0.02581787,0.9947052,5.58313,5.58313,True,True,True
1661781,63779589544807,-13.58713,2.596039,-0.05717981,-0.07267855,0.8946048,0.1263298,-0.4224227,-0.02699487,0.004007019,-0.02490769,0.100708,-0.0329895,0.9943542,0.03114964,0.00255838,-0.02237093,0.03114964,0.00255838,-0.02237093,0.09913635,0.00894165,0.9950256,0.09913635,0.00894165,0.9950256,5.552505,5.552505,True,True,True
1661790,63779589544807,-13.58713,2.596039,-0.05717981,-0.07267855,0.8946048,0.1263298,-0.4224227,-0.02684485,0.0039953,-0.02489044,0.09440613,-0.02658081,0.9951782,0.0311479,0.002548706,-0.02235025,0.0311479,0.002548706,-0.02235025,0.102356,0.002258301,0.9947357,0.102356,0.002258301,0.9947357,5.51326,5.51326,True,True,True
1661798,63779589544818,-13.58715,2.596002,-0.05707842,-0.07275881,0.8945411,0.1263958,-0.4225242,-0.02078938,0.003850586,-0.02464066,0.09764099,-0.01901245,0.9950256,0.03114218,0.002564392,-0.02240622,0.03114218,0.002564392,-0.02240622,0.1020508,0.004196167,0.9947662,0.1020508,0.004196167,0.9947662,5.547028,5.547028,True,True,True
1661806,63779589544829,-13.58717,2.596041,-0.0569911,-0.07278683,0.8945396,0.1263565,-0.4225339,0.01354001,0.002992859,-0.02315248,0.09906006,-0.0007629395,0.9950714,0.03114128,0.002553147,-0.02238118,0.03114128,0.002553147,-0.02238118,0.1010437,0.007995605,0.9948425,0.1010437,0.007995605,0.9948425,5.585663,5.585663,True,True,True
1661815,63779589544840,-13.58713,2.596005,-0.05688894,-0.07295484,0.8945001,0.1264337,-0.4225656,0.02383153,0.002736466,-0.02271303,0.09857178,0.005813599,0.9951019,0.03113887,0.002553833,-0.02239145,0.03113887,0.002553833,-0.02239145,0.09910583,0.009506226,0.9950256,0.09910583,0.009506226,0.9950256,5.588287,5.588287,True,True,True
1661823,63779589544840,-13.58713,2.596005,-0.05688894,-0.07295484,0.8945001,0.1264337,-0.4225656,0.02738445,0.002660797,-0.02263704,0.09654236,0.01905823,0.9951324,0.03112786,0.002564667,-0.02246021,0.03112786,0.002564667,-0.02246021,0.09724426,0.02154541,0.9950256,0.09724426,0.02154541,0.9950256,5.599945,5.599945,True,True,True
1661831,63779589544852,-13.58713,2.596011,-0.05684561,-0.07304808,0.8944827,0.126562,-0.4225479,0.01284007,0.003080857,-0.02342787,0.09182739,0.008544922,0.9957275,0.03110317,0.002656326,-0.02272992,0.03110317,0.002656326,-0.02272992,0.0917511,0.02140808,0.9955444,0.0917511,0.02140808,0.9955444,5.669235,5.669235,True,True,True
1661840,63779589544862,-13.58715,2.596033,-0.05676842,-0.07314968,0.8944321,0.1266423,-0.4226134,-0.02155478,0.003874741,-0.02472534,0.09382629,-0.01629639,0.9954529,0.03118854,0.002608292,-0.02275124,0.03118854,0.002608292,-0.02275124,0.1150208,0.02301025,0.9930878,0.1150208,0.02301025,0.9930878,5.572968,5.572968,True,True,True
1661848,63779589544873,-13.58716,2.596039,-0.05668497,-0.07315782,0.8944041,0.126633,-0.4226742,-0.02195937,0.003888138,-0.02472499,0.09133911,-0.01806641,0.9956512,0.0310875,0.002666229,-0.02279941,0.0310875,0.002666229,-0.02279941,0.08764648,0.01605225,0.9960175,0.08764648,0.01605225,0.9960175,5.653961,5.653961,True,True,True
1661856,63779589544873,-13.58716,2.596039,-0.05668497,-0.07315782,0.8944041,0.126633,-0.4226742,-0.02462872,0.003941895,-0.02481029,0.09126282,-0.01905823,0.995636,0.0311348,0.00263234,-0.02276451,0.0311348,0.00263234,-0.02276451,0.101593,0.01791382,0.9946594,0.101593,0.01791382,0.9946594,5.615005,5.615005,True,True,True
1661865,63779589544884,-13.58717,2.596048,-0.05662125,-0.07328806,0.8943575,0.1268133,-0.4226961,-0.02470717,0.00393605,-0.02480159,0.09202576,-0.01757813,0.9955902,0.0311801,0.00259845,-0.02272961,0.0311801,0.00259845,-0.02272961,0.1130066,0.02514648,0.9932709,0.1130066,0.02514648,0.9932709,5.665009,5.665009,True,True,True
1661873,63779589544896,-13.58721,2.596071,-0.05654407,-0.07333887,0.8943222,0.1268658,-0.4227462,-0.02302879,0.00387027,-0.02471951,0.0927124,-0.01158142,0.9956207,0.03117908,0.002592362,-0.02270949,0.03117908,0.002592362,-0.02270949,0.1110382,0.02282715,0.9935455,0.1110382,0.02282715,0.9935455,5.634857,5.634857,True,True,True
1661881,63779589544907,-13.5872,2.596079,-0.05644751,-0.07344025,0.8943105,0.1269856,-0.4227175,-0.0188488,0.003794098,-0.02457869,0.09414673,-0.0138092,0.9954529,0.03117806,0.002586273,-0.02268938,0.03117806,0.002586273,-0.02268938,0.11203,0.02236938,0.9934387,0.11203,0.02236938,0.9934387,5.606293,5.606293,True,True,True
1661890,63779589544907,-13.5872,2.596079,-0.05644751,-0.07344025,0.8943105,0.1269856,-0.4227175,-0.006022843,0.003488449,-0.024101,0.0994873,-0.005249023,0.9950104,0.03117671,0.0025858,-0.02268929,0.03117671,0.0025858,-0.02268929,0.1129303,0.0222168,0.9933472,0.1129303,0.0222168,0.9933472,5.629044,5.629044,True,True,True
1661898,63779589544918,-13.5872,2.596056,-0.05638248,-0.07351824,0.8942807,0.1272364,-0.4226913,0.009524918,0.003113312,-0.02351482,0.1059265,0.005783081,0.9943542,0.03117537,0.002585327,-0.02268921,0.03117537,0.002585327,-0.02268921,0.1138306,0.02204895,0.9932404,0.1138306,0.02204895,0.9932404,5.651779,5.651779,True,True,True
1661906,63779589544929,-13.5872,2.596072,-0.05631357,-0.07342313,0.894246,0.1273152,-0.4227576,0.006370728,0.003187744,-0.02364737,0.1046143,0.004684448,0.9944916,0.03117508,0.002581024,-0.02267902,0.03117508,0.002581024,-0.02267902,0.1137848,0.02235413,0.9932404,0.1137848,0.02235413,0.9932404,5.629684,5.629684,True,True,True
1661914,63779589544940,-13.58718,2.596075,-0.05627477,-0.0734345,0.8942361,0.1275183,-0.4227152,0.02202266,0.002808792,-0.02309706,0.1100922,0.01860046,0.9937439,0.03117481,0.002576721,-0.02266882,0.03117481,0.002576721,-0.02266882,0.1135864,0.02294922,0.9932556,0.1135864,0.02294922,0.9932556,5.64122,5.64122,True,True,True
1661923,63779589544940,-13.58718,2.596075,-0.05627477,-0.0734345,0.8942361,0.1275183,-0.4227152,0.03000635,0.002604401,-0.02273372,0.1117859,0.02346802,0.993454,0.03117392,0.002574738,-0.02267902,0.03117392,0.002574738,-0.02267902,0.1121979,0.02404785,0.9933929,0.1121979,0.02404785,0.9933929,5.63324,5.63324,True,True,True
1661931,63779589544952,-13.58716,2.596104,-0.05629843,-0.07337573,0.8942091,0.1277245,-0.4227202,0.03097783,0.00258168,-0.02269832,0.1130371,0.02409363,0.9932861,0.03117304,0.002576721,-0.02268921,0.03117304,0.002576721,-0.02268921,0.1131134,0.02418518,0.9932861,0.1131134,0.02418518,0.9932861,5.641006,5.641006,True,True,True
1661940,63779589544962,-13.58715,2.596105,-0.05625498,-0.07340935,0.8942024,0.1279984,-0.422646,0.03110752,0.002582672,-0.02269232,0.1129608,0.02262878,0.9933319,0.03117235,0.002581024,-0.02268929,0.03117235,0.002581024,-0.02268929,0.1129913,0.0226593,0.9933319,0.1129913,0.0226593,0.9933319,5.644653,5.644653,True,True,True
1661948,63779589544974,-13.58711,2.596169,-0.05613315,-0.07343023,0.89418,0.1280218,-0.4226824,0.0311255,0.002586487,-0.02269153,0.112854,0.02185059,0.9933624,0.03117165,0.002585327,-0.02268938,0.03117165,0.002585327,-0.02268938,0.1128693,0.02186584,0.9933624,0.1128693,0.02186584,0.9933624,5.648819,5.648819,True,True,True
1661956,63779589544974,-13.58711,2.596169,-0.05613315,-0.07343023,0.89418,0.1280218,-0.4226824,0.03110317,0.002587524,-0.02269309,0.1127167,0.02134705,0.9933929,0.03117148,0.0025858,-0.02268987,0.03117148,0.0025858,-0.02268987,0.1127472,0.02139282,0.9933777,0.1127472,0.02139282,0.9933777,5.643784,5.643784,True,True,True
1661965,63779589544985,-13.58709,2.596157,-0.05604339,-0.07354253,0.894161,0.1283157,-0.422614,0.03098288,0.002591248,-0.02269922,0.1125488,0.02079773,0.9934235,0.03117131,0.002586273,-0.02269037,0.03117131,0.002586273,-0.02269037,0.1126251,0.02095032,0.9934082,0.1126251,0.02095032,0.9934082,5.638916,5.638916,True,True,True
1661973,63779589544996,-13.58713,2.596225,-0.05599189,-0.07353254,0.8941637,0.1284531,-0.4225683,0.03021402,0.002611572,-0.02273546,0.1120911,0.01985168,0.9934845,0.03117131,0.002586273,-0.02269037,0.03117131,0.002586273,-0.02269037,0.1125183,0.02058411,0.9934235,0.1125183,0.02058411,0.9934235,5.622604,5.622604,True,True,True
1661981,63779589545007,-13.5871,2.596265,-0.05594546,-0.07360771,0.894188,0.1286745,-0.4224364,0.02482039,0.002757126,-0.02301633,0.1066895,0.01519775,0.9941711,0.0311698,0.002586273,-0.02269037,0.0311698,0.002586273,-0.02269037,0.1090698,0.01905823,0.9938354,0.1090698,0.01905823,0.9938354,5.621353,5.621353,True,True,True
1661990,63779589545007,-13.5871,2.596265,-0.05594546,-0.07360771,0.894188,0.1286745,-0.4224364,0.02436749,0.002766983,-0.02303645,0.0874939,0.01435852,0.996048,0.03109425,0.002585327,-0.02269037,0.03109425,0.002585327,-0.02269037,0.08834839,0.01873779,0.9959106,0.08834839,0.01873779,0.9959106,5.604965,5.604965,True,True,True
1661998,63779589545018,-13.58708,2.596282,-0.05591112,-0.07364549,0.8941792,0.1287919,-0.4224128,0.02836424,0.002651062,-0.02283286,0.08987427,0.01858521,0.9957733,0.03108989,0.002576721,-0.02269037,0.03108989,0.002576721,-0.02269037,0.09031677,0.02038574,0.995697,0.09031677,0.02038574,0.995697,5.620193,5.620193,True,True,True
1662006,63779589545029,-13.5871,2.596253,-0.05581629,-0.07368001,0.8941739,0.1289408,-0.4223727,0.02961585,0.00261319,-0.02276744,0.08782959,0.02026367,0.9959259,0.03108989,0.002572754,-0.02269037,0.03108989,0.002572754,-0.02269037,0.0880127,0.02133179,0.9958801,0.0880127,0.02133179,0.9958801,5.620987,5.620987,True,True,True
1662015,63779589545040,-13.5871,2.596251,-0.05579382,-0.07375792,0.8941734,0.129079,-0.4223177,0.03073161,0.002583191,-0.02271146,0.08796692,0.02107239,0.9958954,0.03108989,0.002572754,-0.02269037,0.03108989,0.002572754,-0.02269037,0.08799744,0.0213623,0.9958801,0.08799744,0.0213623,0.9958801,5.620682,5.620682,True,True,True
1662023,63779589545040,-13.5871,2.596251,-0.05579382,-0.07375792,0.8941734,0.129079,-0.4223177,0.03088199,0.002578812,-0.02270261,0.0871582,0.0206604,0.9959717,0.03108989,0.002572754,-0.02269037,0.03108989,0.002572754,-0.02269037,0.08717346,0.02084351,0.9959717,0.08717346,0.02084351,0.9959717,5.60614,5.60614,True,True,True
1662031,63779589545051,-13.58713,2.596237,-0.05575538,-0.07373159,0.8941988,0.1290712,-0.422271,0.0309796,0.002575958,-0.02269685,0.0869751,0.02018738,0.9960022,0.03108989,0.002572754,-0.02269037,0.03108989,0.002572754,-0.02269037,0.08699036,0.02027893,0.9959869,0.08699036,0.02027893,0.9959869,5.605667,5.605667,True,True,True
1662040,63779589545062,-13.58712,2.596225,-0.05570817,-0.07382646,0.8942147,0.129072,-0.4222204,0.03104573,0.002574036,-0.02269296,0.0869751,0.01968384,0.9960022,0.03108989,0.002572754,-0.02269037,0.03108989,0.002572754,-0.02269037,0.08699036,0.01971436,0.9960022,0.08699036,0.01971436,0.9960022,5.604019,5.604019,True,True,True
1662048,63779589545073,-13.58712,2.596214,-0.05568302,-0.07389189,0.8942275,0.1290955,-0.4221747,0.03098032,0.002547592,-0.02255129,0.08709717,0.01721191,0.996048,0.03108989,0.002544357,-0.02254456,0.03108989,0.002544357,-0.02254456,0.08711243,0.01730347,0.9960327,0.08711243,0.01730347,0.9960327,5.602707,5.602707,True,True,True
1662056,63779589545073,-13.58712,2.596214,-0.05568302,-0.07389189,0.8942275,0.1290955,-0.4221747,0.03059096,0.002555664,-0.0225658,0.08702087,0.01651001,0.9960632,0.03109154,0.002540802,-0.02253501,0.03109154,0.002540802,-0.02253501,0.08706665,0.01690674,0.996048,0.08706665,0.01690674,0.996048,5.600204,5.600204,True,True,True
1662065,63779589545085,-13.58709,2.59623,-0.05570078,-0.07389672,0.8942443,0.1290736,-0.4221449,0.02934456,0.002588135,-0.0226357,0.0871582,0.01622009,0.996048,0.03109259,0.002536102,-0.02252794,0.03109259,0.002536102,-0.02252794,0.08735657,0.01768494,0.9960175,0.08735657,0.01768494,0.9960175,5.600983,5.600983,True,True,True
1662073,63779589545095,-13.58708,2.596225,-0.0556854,-0.07389456,0.8942486,0.129102,-0.4221276,0.02294454,0.002778641,-0.02303024,0.08598328,0.01069641,0.9962311,0.03109261,0.002536102,-0.02252794,0.03109261,0.002536102,-0.02252794,0.08737183,0.01760864,0.9960175,0.08737183,0.01760864,0.9960175,5.600159,5.600159,True,True,True
1662081,63779589545106,-13.587,2.596251,-0.05567932,-0.07390085,0.894269,0.1290114,-0.4221109,0.02882092,0.002597443,-0.02264153,0.08726501,0.015625,0.996048,0.03109265,0.002536102,-0.02252794,0.03109265,0.002536102,-0.02252794,0.08737183,0.01757813,0.9960175,0.08737183,0.01757813,0.9960175,5.600143,5.600143,True,True,True
1662090,63779589545106,-13.587,2.596251,-0.05567932,-0.07390085,0.894269,0.1290114,-0.4221109,0.0306266,0.002548691,-0.02255126,0.08804321,0.01591492,0.9959869,0.03109348,0.002536102,-0.02252794,0.03109348,0.002536102,-0.02252794,0.08808899,0.01629639,0.9959717,0.08808899,0.01629639,0.9959717,5.59938,5.59938,True,True,True
1662098,63779589545117,-13.58692,2.596247,-0.05564094,-0.07386352,0.8943053,0.1289407,-0.4220622,0.03105634,0.002537109,-0.02252979,0.08810425,0.01567078,0.9959869,0.03109358,0.002536102,-0.02252794,0.03109358,0.002536102,-0.02252794,0.08810425,0.01570129,0.9959717,0.08810425,0.01570129,0.9959717,5.597839,5.597839,True,True,True
1662106,63779589545129,-13.5869,2.596238,-0.05562884,-0.07389507,0.8942904,0.1289219,-0.4220938,0.03108804,0.00253627,-0.02252824,0.08842468,0.01628113,0.9959412,0.03109425,0.002536102,-0.02252794,0.03109425,0.002536102,-0.02252794,0.08842468,0.01629639,0.9959412,0.08842468,0.01629639,0.9959412,5.598221,5.598221,True,True,True
1662115,63779589545140,-13.58686,2.59622,-0.05564505,-0.07391407,0.8943116,0.1288811,-0.4220581,0.03109212,0.002540878,-0.02253511,0.08843994,0.01480103,0.9959564,0.03109456,0.002540802,-0.02253501,0.03109456,0.002540802,-0.02253501,0.08843994,0.01480103,0.9959564,0.08843994,0.01480103,0.9959564,5.579315,5.579315,True,True,True
1662123,63779589545140,-13.58686,2.59622,-0.05564505,-0.07391407,0.8943116,0.1288811,-0.4220581,0.03109204,0.002540878,-0.02254247,0.08842468,0.01420593,0.9959717,0.03109477,0.002540802,-0.02254233,0.03109477,0.002540802,-0.02254233,0.08842468,0.01420593,0.9959717,0.08842468,0.01420593,0.9959717,5.575424,5.575424,True,True,True
1662131,63779589545151,-13.58682,2.596192,-0.05563062,-0.07407354,0.8943341,0.1288113,-0.4220039,0.03108469,0.002541946,-0.02254283,0.08847046,0.01399231,0.9959717,0.0310949,0.002541672,-0.02254233,0.0310949,0.002541672,-0.02254233,0.08847046,0.01399231,0.9959717,0.08847046,0.01399231,0.9959717,5.575348,5.575348,True,True,True
1662140,63779589545163,-13.58676,2.596207,-0.05565572,-0.07406505,0.8943165,0.1288542,-0.4220295,0.0309978,0.002545777,-0.02254709,0.08843994,0.01345825,0.9959869,0.0310949,0.002543198,-0.02254233,0.0310949,0.002543198,-0.02254233,0.08843994,0.01353455,0.9959869,0.08843994,0.01353455,0.9959869,5.572815,5.572815,True,True,True
1662148,63779589545174,-13.58672,2.596207,-0.05566776,-0.0741982,0.8942605,0.1290397,-0.4220682,0.02894945,0.002600235,-0.02264236,0.08833313,0.01242065,0.9960022,0.03109532,0.002543198,-0.022537,0.03109532,0.002543198,-0.022537,0.08856201,0.01423645,0.9959564,0.08856201,0.01423645,0.9959564,5.566666,5.566666,True,True,True
1662156,63779589545174,-13.58672,2.596207,-0.05566776,-0.0741982,0.8942605,0.1290397,-0.4220682,0.009614304,0.003114227,-0.02359424,0.08609009,-0.004455566,0.9962769,0.03109534,0.002543213,-0.02254233,0.03109534,0.002543213,-0.02254233,0.08854675,0.01345825,0.9959717,0.08854675,0.01345825,0.9959717,5.562317,5.562317,True,True,True
1662165,63779589545186,-13.58671,2.596241,-0.05570072,-0.07437447,0.8942208,0.1292213,-0.4220656,0.008879181,0.003134522,-0.02363379,0.08578491,-0.005096436,0.9962921,0.03109534,0.002544434,-0.02254807,0.03109534,0.002544434,-0.02254807,0.08859253,0.01342773,0.9959717,0.08859253,0.01342773,0.9959717,5.555756,5.555756,True,True,True
1662173,63779589545197,-13.58666,2.596237,-0.05574286,-0.07458231,0.8941939,0.1291585,-0.4221053,0.008241639,0.003152512,-0.02366739,0.08595276,-0.005844116,0.9962769,0.03109545,0.002546158,-0.0225521,0.03109545,0.002546158,-0.0225521,0.088974,0.01307678,0.9959412,0.088974,0.01307678,0.9959412,5.519363,5.519363,True,True,True
1662181,63779589545197,-13.58666,2.596237,-0.05574286,-0.07458231,0.8941939,0.1291585,-0.4221053,0.008156266,0.003155655,-0.02367346,0.08610535,-0.006530762,0.9962616,0.0310956,0.002547608,-0.02255524,0.0310956,0.002547608,-0.02255524,0.0892334,0.01210022,0.9959259,0.0892334,0.01210022,0.9959259,5.509247,5.509247,True,True,True
1662190,63779589545208,-13.58663,2.596227,-0.05576432,-0.07458737,0.8942166,0.1291493,-0.4220591,0.007969361,0.003160889,-0.02368602,0.08607483,-0.006332397,0.9962616,0.0310956,0.002548065,-0.02256474,0.0310956,0.002548065,-0.02256474,0.08920288,0.0128479,0.9959259,0.08920288,0.0128479,0.9959259,5.506302,5.506302,True,True,True
1662198,63779589545220,-13.58658,2.596233,-0.05579048,-0.07454565,0.8942315,0.1291627,-0.4220308,0.007849839,0.003164642,-0.02369099,0.08590698,-0.006637573,0.9962769,0.03109574,0.002549057,-0.02256474,0.03109574,0.002549057,-0.02256474,0.088974,0.01260376,0.9959412,0.088974,0.01260376,0.9959412,5.505234,5.505234,True,True,True
1662206,63779589545231,-13.58646,2.596278,-0.0559184,-0.07466768,0.8942631,0.129068,-0.4219711,0.007800995,0.003166443,-0.02369373,0.08578491,-0.006591797,0.9962769,0.03109598,0.002549866,-0.02256532,0.03109598,0.002549866,-0.02256532,0.08903503,0.01235962,0.9959412,0.08903503,0.01235962,0.9959412,5.504898,5.504898,True,True,True
1662215,63779589545231,-13.58646,2.596278,-0.0559184,-0.07466768,0.8942631,0.129068,-0.4219711,0.007509888,0.003177139,-0.02371832,0.08538818,-0.007659912,0.9963074,0.03109627,0.002553406,-0.02258158,0.03109627,0.002553406,-0.02258158,0.08851624,0.01127625,0.9960022,0.08851624,0.01127625,0.9960022,5.503586,5.503586,True,True,True
1662223,63779589545243,-13.5864,2.596301,-0.05597055,-0.07453015,0.8943228,0.1289247,-0.4219129,0.001766525,0.003339829,-0.02408519,0.08520508,-0.009460449,0.9963074,0.03109769,0.002574967,-0.02276517,0.03109769,0.002574967,-0.02276517,0.08953857,0.01716614,0.9958191,0.08953857,0.01716614,0.9958191,5.499725,5.499725,True,True,True
1662231,63779589545254,-13.58641,2.596326,-0.05602115,-0.07436544,0.8944771,0.1287554,-0.4216665,-0.006555924,0.003558212,-0.024461,0.09190369,-0.01654053,0.9956207,0.03117725,0.002576019,-0.02276517,0.03117725,0.002576019,-0.02276517,0.1114655,0.0160675,0.9936218,0.1114655,0.0160675,0.9936218,5.500916,5.500916,True,True,True
1662240,63779589545265,-13.58637,2.596374,-0.05604768,-0.0739601,0.8946149,0.1284381,-0.421542,-0.01274915,0.003719437,-0.02473877,0.08872986,-0.02099609,0.9958191,0.03117766,0.002576019,-0.02276517,0.03117766,0.002576019,-0.02276517,0.1115723,0.0160675,0.9936218,0.1115723,0.0160675,0.9936218,5.500397,5.500397,True,True,True
1662248,63779589545265,-13.58637,2.596374,-0.05604768,-0.0739601,0.8946149,0.1284381,-0.421542,-0.01589838,0.003801773,-0.0248803,0.0872345,-0.02349854,0.9958954,0.03117958,0.002576019,-0.02276517,0.03117958,0.002576019,-0.02276517,0.1121368,0.0160675,0.9935608,0.1121368,0.0160675,0.9935608,5.500839,5.500839,True,True,True
1662256,63779589545277,-13.58632,2.59639,-0.05607969,-0.07371299,0.8947071,0.1282195,-0.4214563,-0.009447236,0.003548874,-0.02442749,0.09588623,-0.01472473,0.9952698,0.03117999,0.002525284,-0.02268263,0.03117999,0.002525284,-0.02268263,0.116684,0.007797241,0.9931335,0.116684,0.007797241,0.9931335,5.430176,5.430176,True,True,True
1662265,63779589545288,-13.58631,2.596355,-0.05611748,-0.07351836,0.8948336,0.1280105,-0.4212853,0.03078473,0.002521958,-0.02313344,0.1023407,-0.008789063,0.9947052,0.03120557,0.002515076,-0.02312761,0.03120557,0.002515076,-0.02312761,0.102417,-0.008621216,0.9946899,0.102417,-0.008621216,0.9946899,5.375641,5.375641,True,True,True
1662273,63779589545288,-13.58631,2.596355,-0.05611748,-0.07351836,0.8948336,0.1280105,-0.4212853,0.03115772,0.002323731,-0.02293347,0.08294678,-0.04382324,0.995575,0.03115807,0.002323715,-0.02293347,0.03115807,0.002323715,-0.02293347,0.08294678,-0.04382324,0.995575,0.08294678,-0.04382324,0.995575,5.43663,5.43663,True,True,True
1662281,63779589545301,-13.58633,2.596317,-0.05615014,-0.07337669,0.8949296,0.1278118,-0.4211662,0.03118012,0.001989334,-0.02239469,0.08854675,-0.03456116,0.9954681,0.03118086,0.001989319,-0.02239464,0.03118086,0.001989319,-0.02239464,0.08854675,-0.03456116,0.9954681,0.08854675,-0.03456116,0.9954681,5.472183,5.472183,True,True,True
1662290,63779589545311,-13.58632,2.596222,-0.05607861,-0.07346364,0.8950332,0.1275095,-0.4210227,0.03119777,0.001757324,-0.02205126,0.08653259,-0.06459045,0.9941406,0.03119887,0.001757294,-0.02205121,0.03119887,0.001757294,-0.02205121,0.08653259,-0.06459045,0.9941406,0.08653259,-0.06459045,0.9941406,5.427841,5.427841,True,True,True
1662298,63779589545323,-13.58626,2.596184,-0.0561052,-0.07350495,0.8951698,0.1272631,-0.4207995,0.03119322,0.001662842,-0.02196578,0.0904541,-0.08291626,0.9924316,0.03120429,0.001662552,-0.02196529,0.03120429,0.001662552,-0.02196529,0.0904541,-0.08291626,0.9924316,0.0904541,-0.08291626,0.9924316,5.421509,5.421509,True,True,True
1662306,63779589545323,-13.58626,2.596184,-0.0561052,-0.07350495,0.8951698,0.1272631,-0.4207995,0.03095577,0.001654739,-0.02193369,0.09346008,-0.08259583,0.9921875,0.03121549,0.00164769,-0.0219216,0.03121549,0.00164769,-0.0219216,0.09355164,-0.08251953,0.9921722,0.09355164,-0.08251953,0.9921722,5.366837,5.366837,True,True,True
1662315,63779589545334,-13.58625,2.596127,-0.05614907,-0.07353178,0.8952716,0.127133,-0.4206176,0.02636592,0.001770111,-0.0221124,0.09129333,-0.08799744,0.9919128,0.03121944,0.001638641,-0.02188823,0.03121944,0.001638641,-0.02188823,0.09342957,-0.08621216,0.9918823,0.09342957,-0.08621216,0.9918823,5.411621,5.411621,True,True,True
1662323,63779589545345,-13.58614,2.596131,-0.05621147,-0.07356863,0.8954359,0.126967,-0.4203113,-0.006781388,0.002674759,-0.02365715,0.07948303,-0.09619141,0.9921722,0.03121549,0.00164769,-0.0219216,0.03121549,0.00164769,-0.0219216,0.0941925,-0.08387756,0.9920044,0.0941925,-0.08387756,0.9920044,5.456253,5.456253,True,True,True
1662331,63779589545356,-13.58608,2.596122,-0.05625874,-0.07356745,0.8956337,0.1268254,-0.4199327,-0.02409775,0.003143631,-0.02444275,0.07365417,-0.1059113,0.9916382,0.03120908,0.001673843,-0.02200199,0.03120908,0.001673843,-0.02200199,0.09100342,-0.08454895,0.9922485,0.09100342,-0.08454895,0.9922485,5.441025,5.441025,True,True,True
1662340,63779589545356,-13.58608,2.596122,-0.05625874,-0.07356745,0.8956337,0.1268254,-0.4199327,-0.02240761,0.003101059,-0.02436638,0.07150269,-0.1045685,0.9919281,0.03120267,0.001699982,-0.02208237,0.03120267,0.001699982,-0.02208237,0.08781433,-0.08518982,0.9924774,0.08781433,-0.08518982,0.9924774,5.425903,5.425903,True,True,True
1662348,63779589545367,-13.58604,2.596086,-0.05631226,-0.07352371,0.895863,0.1266542,-0.4195026,-0.01273445,0.002848999,-0.02395668,0.07514954,-0.1001892,0.9921112,0.03120267,0.001704575,-0.0220943,0.03120267,0.001704575,-0.0220943,0.08764648,-0.08540344,0.9924774,0.08764648,-0.08540344,0.9924774,5.421844,5.421844,True,True,True
1662356,63779589545379,-13.58596,2.596062,-0.05636644,-0.0736114,0.8961272,0.1263323,-0.4190197,0.01724941,0.002064606,-0.02267651,0.08404541,-0.08995056,0.9923859,0.03120267,0.001699982,-0.02208237,0.03120267,0.001699982,-0.02208237,0.08782959,-0.08480835,0.9925079,0.08782959,-0.08480835,0.9925079,5.426254,5.426254,True,True,True
1662364,63779589545390,-13.58593,2.596002,-0.05646753,-0.07361171,0.8964366,0.1258917,-0.4184902,-0.003316757,0.002591644,-0.02351839,0.07937622,-0.09599304,0.9922028,0.03120908,0.001673843,-0.02200199,0.03120908,0.001673843,-0.02200199,0.09089661,-0.08241272,0.9924316,0.09089661,-0.08241272,0.9924316,5.42691,5.42691,True,True,True
1662373,63779589545390,-13.58593,2.596002,-0.05646753,-0.07361171,0.8964366,0.1258917,-0.4184902,-0.004447724,0.002614868,-0.02353806,0.07832336,-0.09571838,0.9923096,0.03121135,0.00165564,-0.0219216,0.03121135,0.00165564,-0.0219216,0.09007263,-0.08232117,0.9925232,0.09007263,-0.08232117,0.9925232,5.426315,5.426315,True,True,True
1662381,63779589545400,-13.58593,2.595939,-0.05645996,-0.07364061,0.8967535,0.1256175,-0.4178881,-0.0045065,0.00262558,-0.02355739,0.07820129,-0.09631348,0.9922638,0.031207,0.001677811,-0.0219644,0.031207,0.001677811,-0.0219644,0.09017944,-0.08416748,0.9923553,0.09017944,-0.08416748,0.9923553,5.410614,5.410614,True,True,True
1662389,63779589545412,-13.58589,2.59593,-0.05650765,-0.07355276,0.8970208,0.1252945,-0.4174265,-0.003603516,0.002611084,-0.02352637,0.07839966,-0.09773254,0.9921112,0.03120267,0.001699982,-0.02198718,0.03120267,0.001699982,-0.02198718,0.090271,-0.08740234,0.9920654,0.090271,-0.08740234,0.9920654,5.394699,5.394699,True,True,True
1662398,63779589545423,-13.58588,2.595923,-0.05652416,-0.07360775,0.8972487,0.1249522,-0.4170294,-0.0007833405,0.002539231,-0.0234111,0.07984924,-0.09701538,0.9920654,0.03120267,0.001701981,-0.02199719,0.03120267,0.001701981,-0.02199719,0.09140015,-0.08639526,0.9920502,0.09140015,-0.08639526,0.9920502,5.404953,5.404953,True,True,True
1662406,63779589545423,-13.58588,2.595923,-0.05652416,-0.07360775,0.8972487,0.1249522,-0.4170294,0.0007015534,0.002502335,-0.02335494,0.08023071,-0.09666443,0.9920654,0.03120265,0.00170398,-0.02200722,0.03120265,0.00170398,-0.02200722,0.09112549,-0.08551025,0.992157,0.09112549,-0.08551025,0.992157,5.394928,5.394928,True,True,True
1662414,63779589545434,-13.58582,2.595889,-0.05657625,-0.0736739,0.8974676,0.1246944,-0.416624,0.001341538,0.002489273,-0.02333563,0.08100891,-0.09629822,0.9920349,0.03120236,0.001704971,-0.02201428,0.03120236,0.001704971,-0.02201428,0.0916748,-0.08425903,0.9922028,0.0916748,-0.08425903,0.9922028,5.393433,5.393433,True,True,True
1662423,63779589545445,-13.58573,2.595896,-0.05666393,-0.07395025,0.89776,0.1243221,-0.4160557,0.003956009,0.002424072,-0.02322873,0.08250427,-0.09503174,0.9920349,0.03120206,0.001705979,-0.02202135,0.03120206,0.001705979,-0.02202135,0.09223938,-0.08299255,0.9922638,0.09223938,-0.08299255,0.9922638,5.395493,5.395493,True,True,True
1662431,63779589545456,-13.58558,2.595883,-0.05672234,-0.07413297,0.8979887,0.1239851,-0.41563,0.006377564,0.002363251,-0.02312352,0.08267212,-0.09146118,0.9923553,0.03119786,0.001709152,-0.02202135,0.03119786,0.001709152,-0.02202135,0.09194946,-0.07836914,0.9926605,0.09194946,-0.07836914,0.9926605,5.402725,5.402725,True,True,True
1662439,63779589545456,-13.58558,2.595883,-0.05672234,-0.07413297,0.8979887,0.1239851,-0.41563,0.00754567,0.00233316,-0.02306929,0.08261108,-0.08987427,0.9925079,0.03119666,0.001711166,-0.02202135,0.03119666,0.001711166,-0.02202135,0.09197998,-0.07676697,0.9927826,0.09197998,-0.07676697,0.9927826,5.398376,5.398376,True,True,True
1662448,63779589545467,-13.58544,2.595833,-0.05684054,-0.07448953,0.8982726,0.1236907,-0.41504,0.007404083,0.002336929,-0.02307118,0.08215332,-0.08879089,0.9926453,0.03119596,0.001711456,-0.02201431,0.03119596,0.001711456,-0.02201431,0.0922699,-0.07479858,0.9929047,0.0922699,-0.07479858,0.9929047,5.39978,5.39978,True,True,True
1662456,63779589545479,-13.58524,2.595803,-0.05695051,-0.07469127,0.8987098,0.1232642,-0.4141833,0.008798462,0.002331452,-0.02300971,0.08639526,-0.07946777,0.9930725,0.03115904,0.001741028,-0.02201938,0.03115904,0.001741028,-0.02201938,0.09402466,-0.06797791,0.9932404,0.09402466,-0.06797791,0.9932404,5.334793,5.334793,True,True,True
1662464,63779589545489,-13.58504,2.595822,-0.05710709,-0.07509595,0.8992428,0.1226331,-0.4131394,0.006490296,0.002385285,-0.02303633,0.08789063,-0.08189392,0.9927521,0.03115985,0.00171463,-0.02189633,0.03115985,0.00171463,-0.02189633,0.09579468,-0.06710815,0.9931335,0.09579468,-0.06710815,0.9931335,5.361115,5.361115,True,True,True
1662473,63779589545489,-13.58504,2.595822,-0.05710709,-0.07509595,0.8992428,0.1226331,-0.4131394,-0.003405579,0.002682648,-0.02363963,0.0770874,-0.1052094,0.9914551,0.03130415,0.001824051,-0.02235622,0.03130415,0.001824051,-0.02235622,0.08764648,-0.0974884,0.9913635,0.08764648,-0.0974884,0.9913635,5.201584,5.201584,True,True,True
1662481,63779589545501,-13.58482,2.595759,-0.05733663,-0.07527736,0.9000285,0.1216242,-0.4116912,-0.02444823,0.003134857,-0.0242406,0.05122375,-0.09854126,0.9938049,0.03154388,0.001907959,-0.02280072,0.03154388,0.001907959,-0.02280072,0.04692078,-0.06233215,0.9969482,0.04692078,-0.06233215,0.9969482,5.437454,5.437454,True,True,True
1662489,63779589545512,-13.58456,2.595691,-0.05760473,-0.07566079,0.9008279,0.1205781,-0.4101773,-0.02645455,0.003139694,-0.02404509,0.025177,-0.1255035,0.9917603,0.03175478,0.002080856,-0.02356534,0.03175478,0.002080856,-0.02356534,0.02359009,-0.07945251,0.9965515,0.02359009,-0.07945251,0.9965515,5.375916,5.375916,True,True,True
1662498,63779589545522,-13.58426,2.59559,-0.05793577,-0.07602771,0.9018891,0.1193227,-0.4081396,-0.02605248,0.002878357,-0.02335758,0.02433777,-0.1348267,0.9905548,0.0319641,0.002279343,-0.02430942,0.0319641,0.002279343,-0.02430942,-0.01286316,-0.1009369,0.9947968,-0.01286316,-0.1009369,0.9947968,5.318146,5.318146,True,True,True
1662506,63779589545522,-13.58426,2.59559,-0.05793577,-0.07602771,0.9018891,0.1193227,-0.4081396,-0.02581069,0.003026108,-0.02368115,0.01020813,-0.09144592,0.9957428,0.0321367,0.002369507,-0.02475716,0.0321367,0.002369507,-0.02475716,-0.05523682,-0.1325073,0.9896393,-0.05523682,-0.1325073,0.9896393,5.233551,5.233551,True,True,True
1662514,63779589545534,-13.5839,2.595526,-0.05833989,-0.07646764,0.9031058,0.1177504,-0.4058172,-0.02554254,0.003045044,-0.02363654,0.009170532,-0.1296692,0.9915009,0.03221295,0.002886597,-0.02621513,0.03221295,0.002886597,-0.02621513,0,0,0,0,0,0,-1,-1,True,True,True
1662523,63779589545545,-13.5835,2.595438,-0.05883455,-0.07675752,0.9046462,0.1159743,-0.4028319,-0.001,-0.001,-0.001,1,-1,-1,0.03248348,0.001922272,-0.02271086,0.03248348,0.001922272,-0.02271086,0,0,0,0,0,0,-1,-1,False,True,True
1662531,63779589545556,-13.58309,2.595385,-0.05937231,-0.07692833,0.9063524,0.114153,-0.3994703,-0.001,-0.001,-0.001,1,-1,-1,0.03181633,0.001021103,-0.02296045,0.03181633,0.001021103,-0.02296045,0,0,0,0,0,0,-1,-1,False,True,True
1662539,63779589545556,-13.58309,2.595385,-0.05937231,-0.07692833,0.9063524,0.114153,-0.3994703,-0.001,-0.001,-0.001,1,-1,-1,0.03281616,0.002020309,-0.0224652,0.03281616,0.002020309,-0.0224652,0,0,0,0,0,0,-1,-1,False,True,True
1662548,63779589545567,-13.58261,2.595416,-0.05995578,-0.07666109,0.9084979,0.1119402,-0.3952519,-0.001,-0.001,-0.001,1,-1,-1,0.03239078,0.0006847077,-0.02277286,0.03239078,0.0006847077,-0.02277286,0,0,0,0,0,0,-1,-1,False,True,True
1662556,63779589545578,-13.58208,2.595453,-0.06057507,-0.07623965,0.9106324,0.1098526,-0.3909839,-0.001,-0.001,-0.001,1,-1,-1,0.03295961,-9.748841E-05,-0.02268453,0.03295961,-9.748841E-05,-0.02268453,0,0,0,0,0,0,-1,-1,False,True,True
1662564,63779589545589,-13.58147,2.595476,-0.0612905,-0.07551241,0.9131306,0.1076073,-0.38589,-0.001,-0.001,-0.001,1,-1,-1,0.03240717,0.0004291993,-0.02284555,0.03240717,0.0004291993,-0.02284555,0,0,0,0,0,0,-1,-1,False,True,True
1662573,63779589545589,-13.58147,2.595476,-0.0612905,-0.07551241,0.9131306,0.1076073,-0.38589,-0.001,-0.001,-0.001,1,-1,-1,0.03244331,0.0003166352,-0.02288768,0.03244331,0.0003166352,-0.02288768,0,0,0,0,0,0,-1,-1,False,True,True
1662581,63779589545601,-13.58086,2.595469,-0.06206161,-0.0745912,0.9157763,0.1056025,-0.3803132,-0.001,-0.001,-0.001,1,-1,-1,0.03249686,0.0001926727,-0.02294055,0.03249686,0.0001926727,-0.02294055,0,0,0,0,0,0,-1,-1,False,True,True
1662589,63779589545611,-13.58022,2.595486,-0.06289357,-0.07401505,0.9183306,0.1035547,-0.3747894,-0.001,-0.001,-0.001,1,-1,-1,0.03252888,2.061463E-05,-0.02301128,0.03252888,2.061463E-05,-0.02301128,0,0,0,0,0,0,-1,-1,False,True,True
1662598,63779589545623,-13.57948,2.595446,-0.06381017,-0.07335728,0.921042,0.1016579,-0.3687357,-0.001,-0.001,-0.001,1,-1,-1,0.03337668,-0.0003065949,-0.02294525,0.03337668,-0.0003065949,-0.02294525,0,0,0,0,0,0,-1,-1,False,True,True
1662606,63779589545623,-13.57948,2.595446,-0.06381017,-0.07335728,0.921042,0.1016579,-0.3687357,-0.001,-0.001,-0.001,1,-1,-1,0.03329695,-4.302979E-05,-0.02263568,0.03329695,-4.302979E-05,-0.02263568,0,0,0,0,0,0,-1,-1,False,True,True
1662614,63779589545634,-13.57869,2.595407,-0.06477141,-0.07295585,0.9236944,0.09970172,-0.3626648,-0.001,-0.001,-0.001,1,-1,-1,0.03357594,-0.0002423859,-0.02273769,0.03357594,-0.0002423859,-0.02273769,0,0,0,0,0,0,-1,-1,False,True,True
1662623,63779589545645,-13.57778,2.595327,-0.06574833,-0.0727288,0.9266074,0.09754671,-0.3558004,-0.001,-0.001,-0.001,1,-1,-1,0.03412456,-0.001852539,-0.02359592,0.03412456,-0.001852539,-0.02359592,0,0,0,0,0,0,-1,-1,False,True,True
1662631,63779589545656,-13.57688,2.595293,-0.06670678,-0.07252479,0.9294652,0.0951219,-0.3489791,-0.001,-0.001,-0.001,1,-1,-1,0.03240537,-0.0008377991,-0.02320488,0.03240537,-0.0008377991,-0.02320488,0,0,0,0,0,0,-1,-1,False,True,True
1662639,63779589545656,-13.57688,2.595293,-0.06670678,-0.07252479,0.9294652,0.0951219,-0.3489791,-0.001,-0.001,-0.001,1,-1,-1,0.03241855,-5.284119E-05,-0.02301711,0.03241855,-5.284119E-05,-0.02301711,0,0,0,0,0,0,-1,-1,False,True,True
1662648,63779589545667,-13.57595,2.595198,-0.06770957,-0.07237161,0.9324119,0.09279118,-0.3417018,-0.001,-0.001,-0.001,1,-1,-1,0.03392915,-0.0006538544,-0.0231826,0.03392915,-0.0006538544,-0.0231826,0,0,0,0,0,0,-1,-1,False,True,True
1662656,63779589545678,-13.57501,2.595167,-0.06868804,-0.07224579,0.9352511,0.09049812,-0.3345088,0.03485639,-0.001826248,-0.02368796,0.4468536,0.003967285,0.8945923,0.03485639,-0.001826248,-0.02368796,0.03485639,-0.001826248,-0.02368796,0.4468536,0.003967285,0.8945923,0.4468536,0.003967285,0.8945923,5.432922,5.432922,True,True,True
1662664,63779589545689,-13.57402,2.595154,-0.06967098,-0.07178517,0.9380827,0.0884768,-0.3271386,-0.001,-0.001,-0.001,1,-1,-1,0.03485639,-0.001826248,-0.02368796,0.03485639,-0.001826248,-0.02368796,0,0,0,0,0,0,-1,-1,False,False,False
1662673,63779589545689,-13.57402,2.595154,-0.06967098,-0.07178517,0.9380827,0.0884768,-0.3271386,-0.001,-0.001,-0.001,1,-1,-1,0.03485639,-0.001826248,-0.02368796,0.03485639,-0.001826248,-0.02368796,0,0,0,0,0,0,-1,-1,False,False,False
1662681,63779589545700,-13.57302,2.595213,-0.07067895,-0.07119881,0.9407538,0.08680899,-0.3199645,0.03165554,-0.000943985,-0.02327518,-0.2755127,-0.299881,0.9133148,0.03165554,-0.000943985,-0.02327518,0.03165554,-0.000943985,-0.02327518,-0.2755127,-0.299881,0.9133148,-0.2755127,-0.299881,0.9133148,5.368576,5.368576,True,True,True
1662689,63779589545710,-13.57203,2.595269,-0.07171029,-0.07062927,0.9433324,0.08512738,-0.3128718,0.03340927,-0.0006217652,-0.02315584,0.2624969,-0.4232941,0.8671112,0.03340927,-0.0006217652,-0.02315584,0.03340927,-0.0006217652,-0.02315584,0.2624969,-0.4232941,0.8671112,0.2624969,-0.4232941,0.8671112,5.42894,5.42894,True,True,True
1662698,63779589545722,-13.57108,2.595271,-0.07272863,-0.06984408,0.9459137,0.08366988,-0.3055624,-0.001,-0.001,-0.001,1,-1,-1,0.02791596,0.001956451,-0.0237861,0.02791596,0.001956451,-0.0237861,0,0,0,0,0,0,-1,-1,False,True,True
1662706,63779589545722,-13.57108,2.595271,-0.07272863,-0.06984408,0.9459137,0.08366988,-0.3055624,-0.001,-0.001,-0.001,1,-1,-1,0.02801102,0.001969879,-0.0237719,0.02801102,0.001969879,-0.0237719,0,0,0,0,0,0,-1,-1,False,True,True
1662714,63779589545733,-13.57008,2.5953,-0.07372075,-0.06898098,0.9483812,0.08222292,-0.2984196,-0.001,-0.001,-0.001,1,-1,-1,0.03548494,-0.001095062,-0.02597763,0.03548494,-0.001095062,-0.02597763,0,0,0,0,0,0,-1,-1,False,True,True
1662723,63779589545744,-13.56912,2.595426,-0.07469934,-0.06804517,0.9506518,0.08110794,-0.2916377,-0.001,-0.001,-0.001,1,-1,-1,0.0355463,-0.001094727,-0.02610385,0.0355463,-0.001094727,-0.02610385,0,0,0,0,0,0,-1,-1,False,True,True
1662731,63779589545755,-13.56822,2.595567,-0.07568306,-0.06724849,0.9528272,0.07993192,-0.2849718,-0.001,-0.001,-0.001,1,-1,-1,0.03309468,0.000475708,-0.02290491,0.03309468,0.000475708,-0.02290491,0,0,0,0,0,0,-1,-1,False,True,True
1662739,63779589545755,-13.56822,2.595567,-0.07568306,-0.06724849,0.9528272,0.07993192,-0.2849718,0.03342348,-0.0005505524,-0.02313471,0.3140869,-0.5596924,0.7668457,0.03342348,-0.0005505524,-0.02313471,0.03342348,-0.0005505524,-0.02313471,0.3140869,-0.5596924,0.7668457,0.3140869,-0.5596924,0.7668457,4.754517,4.754517,True,True,True
1662748,63779589545766,-13.56726,2.595694,-0.07659823,-0.06633899,0.954841,0.07885518,-0.2786749,0.03208638,-0.0006541901,-0.0232464,-0.06103516,-0.5256805,0.8484802,0.03208638,-0.0006541901,-0.0232464,0.03208638,-0.0006541901,-0.0232464,-0.06103516,-0.5256805,0.8484802,-0.06103516,-0.5256805,0.8484802,5.027695,5.027695,True,True,True
1662756,63779589545778,-13.56628,2.595811,-0.07754409,-0.06551851,0.95678,0.07776783,-0.272455,0.03388091,-0.001470413,-0.02351074,0.3255005,-0.3390656,0.8826447,0.03388091,-0.001470413,-0.02351074,0.03388091,-0.001470413,-0.02351074,0.3255005,-0.3390656,0.8826447,0.3255005,-0.3390656,0.8826447,5.034866,5.034866,True,True,True
1662764,63779589545789,-13.56541,2.59596,-0.07842499,-0.06473667,0.9585431,0.07669389,-0.266688,0.0324989,-0.001260803,-0.02333844,0.2090912,-0.3666077,0.9065552,0.0324989,-0.001260803,-0.02333844,0.0324989,-0.001260803,-0.02333844,0.2090912,-0.3666077,0.9065552,0.2090912,-0.3666077,0.9065552,4.575806,4.575806,True,True,True
1662773,63779589545789,-13.56541,2.59596,-0.07842499,-0.06473667,0.9585431,0.07669389,-0.266688,0.03358426,-0.001194687,-0.02335658,0.2996063,-0.3207397,0.8985138,0.03358426,-0.001194687,-0.02335658,0.03358426,-0.001194687,-0.02335658,0.2996063,-0.3207397,0.8985138,0.2996063,-0.3207397,0.8985138,5.053604,5.053604,True,True,True
1662781,63779589545799,-13.56448,2.596016,-0.07930368,-0.06385259,0.9602512,0.0753664,-0.2610755,0.03360137,-0.0004121552,-0.02324715,0.04901123,-0.5298309,0.8466797,0.03360137,-0.0004121552,-0.02324715,0.03360137,-0.0004121552,-0.02324715,0.04901123,-0.5298309,0.8466797,0.04901123,-0.5298309,0.8466797,4.8396,4.8396,True,True,True
1662789,63779589545810,-13.56353,2.595981,-0.0801183,-0.06293993,0.9618884,0.07372371,-0.2556837,0.0334124,-0.001152405,-0.02350543,-0.05325317,-0.3084412,0.9497375,0.0334124,-0.001152405,-0.02350543,0.0334124,-0.001152405,-0.02350543,-0.05325317,-0.3084412,0.9497375,-0.05325317,-0.3084412,0.9497375,4.947083,4.947083,True,True,True
1662798,63779589545822,-13.56262,2.595952,-0.08087951,-0.06209111,0.9634573,0.07178275,-0.2504831,0.03366397,-9.129334E-05,-0.02313795,0.06430054,-0.5011292,0.8629761,0.03366397,-9.129334E-05,-0.02313795,0.03366397,-9.129334E-05,-0.02313795,0.06430054,-0.5011292,0.8629761,0.06430054,-0.5011292,0.8629761,4.743774,4.743774,True,True,True
1662806,63779589545833,-13.56175,2.595907,-0.08155584,-0.06126611,0.9649636,0.06976062,-0.2454086,0.03320856,0.0004175873,-0.02284392,0.02186584,-0.6039581,0.7967072,0.03320856,0.0004175873,-0.02284392,0.03320856,0.0004175873,-0.02284392,0.02186584,-0.6039581,0.7967072,0.02186584,-0.6039581,0.7967072,5.422729,5.422729,True,True,True
1662814,63779589545833,-13.56175,2.595907,-0.08155584,-0.06126611,0.9649636,0.06976062,-0.2454086,0.0329612,-0.000443512,-0.02322243,-0.1015472,-0.3168335,0.9430237,0.0329612,-0.000443512,-0.02322243,0.0329612,-0.000443512,-0.02322243,-0.1015472,-0.3168335,0.9430237,-0.1015472,-0.3168335,0.9430237,4.332001,4.332001,True,True,True
1662823,63779589545844,-13.56098,2.595776,-0.08219916,-0.0606476,0.9662591,0.06793043,-0.240937,0.03244948,-1.393128E-05,-0.02300781,-0.1256256,-0.415802,0.9007263,0.03244948,-1.393128E-05,-0.02300781,0.03244948,-1.393128E-05,-0.02300781,-0.1256256,-0.415802,0.9007263,-0.1256256,-0.415802,0.9007263,4.681992,4.681992,True,True,True
1662831,63779589545855,-13.56019,2.595637,-0.08279115,-0.06006427,0.9674161,0.06609084,-0.2369185,0.03322673,0.0001805573,-0.02292395,0.09481812,-0.4368744,0.8945007,0.03322673,0.0001805573,-0.02292395,0.03322673,0.0001805573,-0.02292395,0.09481812,-0.4368744,0.8945007,0.09481812,-0.4368744,0.8945007,4.636032,4.636032,True,True,True
1662839,63779589545866,-13.5594,2.595346,-0.08333898,-0.05972516,0.9684152,0.06412559,-0.2334372,0.03285039,0.00111853,-0.02252599,0.04197693,-0.5992737,0.7994232,0.03285039,0.00111853,-0.02252599,0.03285039,0.00111853,-0.02252599,0.04197693,-0.5992737,0.7994232,0.04197693,-0.5992737,0.7994232,4.889847,4.889847,True,True,True
1662848,63779589545866,-13.5594,2.595346,-0.08333898,-0.05972516,0.9684152,0.06412559,-0.2334372,-0.001,-0.001,-0.001,1,-1,-1,0.03326866,0.00110762,-0.02246587,0.03326866,0.00110762,-0.02246587,0,0,0,0,0,0,-1,-1,False,True,True
1662856,63779589545877,-13.55865,2.595058,-0.08388495,-0.05959559,0.9693509,0.06178281,-0.2301953,0.03218489,0.0006812592,-0.02275852,-0.08088684,-0.4352264,0.8966675,0.03218489,0.0006812592,-0.02275852,0.03218489,0.0006812592,-0.02275852,-0.08088684,-0.4352264,0.8966675,-0.08088684,-0.4352264,0.8966675,5.020462,5.020462,True,True,True
1662864,63779589545889,-13.55802,2.594676,-0.08438426,-0.05967453,0.9701694,0.05947401,-0.2273172,0.03172841,0.0009088288,-0.02261141,-0.1654205,-0.5088959,0.8447723,0.03172841,0.0009088288,-0.02261141,0.03172841,0.0009088288,-0.02261141,-0.1654205,-0.5088959,0.8447723,-0.1654205,-0.5088959,0.8447723,4.99324,4.99324,True,True,True
1662873,63779589545899,-13.55745,2.594372,-0.08488262,-0.05962086,0.9709786,0.05744179,-0.2243802,0.03324329,0.0006594391,-0.02249667,0.242157,-0.4141998,0.8773651,0.03324329,0.0006594391,-0.02249667,0.03324329,0.0006594391,-0.02249667,0.242157,-0.4141998,0.8773651,0.242157,-0.4141998,0.8773651,5.278931,5.278931,True,True,True
1662881,63779589545899,-13.55745,2.594372,-0.08488262,-0.05962086,0.9709786,0.05744179,-0.2243802,0.03199948,0.0007652741,-0.02278738,-0.1046143,-0.3660278,0.9246979,0.03199948,0.0007652741,-0.02278738,0.03199948,0.0007652741,-0.02278738,-0.1046143,-0.3660278,0.9246979,-0.1046143,-0.3660278,0.9246979,5.427582,5.427582,True,True,True
1662889,63779589545910,-13.557,2.594162,-0.08538926,-0.05938241,0.9715874,0.05586658,-0.2221946,0.03219162,0.0008397523,-0.02276239,-0.08247375,-0.3780518,0.9220886,0.03219162,0.0008397523,-0.02276239,0.03219162,0.0008397523,-0.02276239,-0.08247375,-0.3780518,0.9220886,-0.08247375,-0.3780518,0.9220886,5.558838,5.558838,True,True,True
1662898,63779589545922,-13.55662,2.593936,-0.08598566,-0.05895975,0.9721138,0.05483249,-0.220254,0.03200305,0.000824524,-0.02272841,-0.08157349,-0.4200439,0.9038086,0.03200305,0.000824524,-0.02272841,0.03200305,0.000824524,-0.02272841,-0.08157349,-0.4200439,0.9038086,-0.08157349,-0.4200439,0.9038086,5.203644,5.203644,True,True,True
1662906,63779589545933,-13.55625,2.593771,-0.08657539,-0.05838663,0.9725763,0.0537324,-0.2186302,-0.004042038,0.001525574,-0.02388387,-0.05944824,-0.3043671,0.9506836,0.03199315,0.0007863618,-0.02275627,0.03199315,0.0007863618,-0.02275627,-0.1189575,-0.3381805,0.9335175,-0.1189575,-0.3381805,0.9335175,5.575058,5.575058,True,True,True
1662914,63779589545933,-13.55625,2.593771,-0.08657539,-0.05838663,0.9725763,0.0537324,-0.2186302,0.003583542,0.001383057,-0.02364989,-0.05549622,-0.3078918,0.9497833,0.03198148,0.0008119965,-0.02274121,0.03198148,0.0008119965,-0.02274121,-0.1062775,-0.3371124,0.9354401,-0.1062775,-0.3371124,0.9354401,5.603378,5.603378,True,True,True
1662923,63779589545945,-13.55586,2.593594,-0.08720559,-0.05798038,0.9729043,0.05299861,-0.2174551,0.006346573,0.001340134,-0.02354443,-0.06280518,-0.3178864,0.9460297,0.03196816,0.0008243561,-0.02273685,0.03196816,0.0008243561,-0.02273685,-0.1026917,-0.3298492,0.9384155,-0.1026917,-0.3298492,0.9384155,5.671906,5.671906,True,True,True
1662931,63779589545955,-13.5555,2.593446,-0.08787364,-0.05767006,0.9732133,0.05245147,-0.2162845,0.01791257,0.001127792,-0.02318079,-0.06596375,-0.3507233,0.9341431,0.0319252,0.0008487549,-0.02273433,0.0319252,0.0008487549,-0.02273433,-0.08352661,-0.3579559,0.9299774,-0.08352661,-0.3579559,0.9299774,5.462967,5.462967,True,True,True
1662939,63779589545955,-13.5555,2.593446,-0.08787364,-0.05767006,0.9732133,0.05245147,-0.2162845,0.02137193,0.001053757,-0.02304057,-0.06817627,-0.3337097,0.9402008,0.03192526,0.000853119,-0.02273506,0.03192526,0.000853119,-0.02273506,-0.08520508,-0.3506012,0.9326324,-0.08520508,-0.3506012,0.9326324,5.494232,5.494232,True,True,True
1662948,63779589545966,-13.55525,2.593309,-0.08858442,-0.05758522,0.9734136,0.05184693,-0.2155502,0.02577406,0.0009749756,-0.02291612,-0.07789612,-0.3366241,0.9384003,0.0319252,0.000857483,-0.0227358,0.0319252,0.000857483,-0.0227358,-0.08694458,-0.3432159,0.9352112,-0.08694458,-0.3432159,0.9352112,5.525558,5.525558,True,True,True
1662956,63779589545977,-13.55499,2.593151,-0.08931386,-0.0574102,0.9736149,0.05129187,-0.2148191,0.02020111,0.001089859,-0.0230945,-0.07316589,-0.3390808,0.9378967,0.03192269,0.0008589631,-0.02273506,0.03192269,0.0008589631,-0.02273506,-0.08607483,-0.3436127,0.9351501,-0.08607483,-0.3436127,0.9351501,5.495071,5.495071,True,True,True
1662964,63779589545989,-13.55477,2.592927,-0.09010708,-0.05730198,0.9737996,0.05042375,-0.2142154,0.0205141,0.001086197,-0.02308745,-0.06973267,-0.3423004,0.9369812,0.03192015,0.0008604432,-0.02273435,0.03192015,0.0008604432,-0.02273435,-0.08520508,-0.3440857,0.9350586,-0.08520508,-0.3440857,0.9350586,5.464615,5.464615,True,True,True
1662972,63779589545999,-13.5545,2.592622,-0.09090155,-0.05722931,0.9739816,0.04943726,-0.2136366,0.01967,0.001107391,-0.02311017,-0.06771851,-0.3443146,0.9364014,0.03191779,0.0008664704,-0.02273433,0.03191779,0.0008664704,-0.02273433,-0.08488464,-0.351532,0.932312,-0.08488464,-0.351532,0.932312,5.425537,5.425537,True,True,True
1662981,63779589545999,-13.5545,2.592622,-0.09090155,-0.05722931,0.9739816,0.04943726,-0.2136366,0.01841188,0.001136826,-0.02314501,-0.06503296,-0.3451385,0.9362793,0.03191541,0.0008725129,-0.02273433,0.03191541,0.0008725129,-0.02273433,-0.08456421,-0.3588562,0.9295502,-0.08456421,-0.3588562,0.9295502,5.386429,5.386429,True,True,True
1662989,63779589546010,-13.55423,2.592354,-0.0917837,-0.05695663,0.9741852,0.04815943,-0.2130725,0.01831954,0.001129562,-0.02313242,-0.06907654,-0.3378143,0.9386597,0.03190061,0.0008664704,-0.02273433,0.03190061,0.0008664704,-0.02273433,-0.08947754,-0.3513031,0.9319611,-0.08947754,-0.3513031,0.9319611,5.426575,5.426575,True,True,True
1662997,63779589546021,-13.55398,2.592037,-0.09256095,-0.05686583,0.9743596,0.04657547,-0.2126511,0.01881671,0.0009953766,-0.02313899,-0.05143738,-0.350708,0.9350586,0.03181037,0.0007256623,-0.02276193,0.03181037,0.0007256623,-0.02276193,-0.06498718,-0.3730164,0.9255371,-0.06498718,-0.3730164,0.9255371,5.418442,5.418442,True,True,True
1663006,63779589546033,-13.55382,2.591784,-0.09338367,-0.05674642,0.9745245,0.04505821,-0.2122534,0.01555275,0.0009572602,-0.0232813,-0.03370667,-0.3682709,0.9290924,0.0317228,0.0006103669,-0.0227784,0.0317228,0.0006103669,-0.0227784,-0.05090332,-0.3794403,0.9237976,-0.05090332,-0.3794403,0.9237976,5.435318,5.435318,True,True,True
1663014,63779589546033,-13.55382,2.591784,-0.09338367,-0.05674642,0.9745245,0.04505821,-0.2122534,0.01623674,0.0007776795,-0.0232932,-0.02555847,-0.4057465,0.91362,0.03150928,0.0004190064,-0.02281723,0.03150928,0.0004190064,-0.02281723,-0.04429626,-0.4284973,0.9024506,-0.04429626,-0.4284973,0.9024506,5.296143,5.296143,True,True,True
1663022,63779589546043,-13.55363,2.591598,-0.09421784,-0.05653242,0.9746321,0.04392795,-0.2120532,0.01597403,0.0006461334,-0.02333315,-0.03421021,-0.3857422,0.9219666,0.03142159,0.0002720032,-0.02284763,0.03142159,0.0002720032,-0.02284763,-0.05799866,-0.3964996,0.9161835,-0.05799866,-0.3964996,0.9161835,5.481232,5.481232,True,True,True
1663031,63779589546055,-13.55351,2.591387,-0.0951373,-0.05636207,0.974721,0.0427684,-0.2119269,0.01656842,0.0005700836,-0.02333275,-0.01832581,-0.4080353,0.9127655,0.03139932,0.000211441,-0.02286755,0.03139932,0.000211441,-0.02286755,-0.03421021,-0.4122162,0.9104309,-0.03421021,-0.4122162,0.9104309,5.46077,5.46077,True,True,True
1663039,63779589546055,-13.55335,2.591173,-0.09612125,-0.05613309,0.974781,0.04169206,-0.2119265,0.01664172,0.0005892029,-0.02332865,-0.003112793,-0.395752,0.918335,0.03149298,0.0002424774,-0.0228602,0.03149298,0.0002424774,-0.0228602,-0.02139282,-0.4060822,0.9135742,-0.02139282,-0.4060822,0.9135742,5.575195,5.575195,True,True,True
1663047,63779589546055,-13.55335,2.591173,-0.09612125,-0.05613309,0.974781,0.04169206,-0.2119265,0.01921947,0.0005275879,-0.02323969,-0.02760315,-0.3985138,0.9167328,0.03141769,0.0002426758,-0.02285352,0.03141769,0.0002426758,-0.02285352,-0.04472351,-0.4035492,0.9138489,-0.04472351,-0.4035492,0.9138489,5.410629,5.410629,True,True,True
1663056,63779589546077,-13.55322,2.591003,-0.09708482,-0.05586599,0.9748282,0.04076133,-0.2119609,0.02002214,0.0005238953,-0.02320871,-0.01412964,-0.4015045,0.915741,0.03141634,0.0002612457,-0.02284723,0.03141634,0.0002612457,-0.02284723,-0.02365112,-0.4070129,0.9131012,-0.02365112,-0.4070129,0.9131012,5.415207,5.415207,True,True,True
1663064,63779589546088,-13.55308,2.590857,-0.09822452,-0.05531714,0.9748703,0.04009215,-0.2120389,0.01916857,0.0005481262,-0.02323474,-0.01861572,-0.4051514,0.9140472,0.03141945,0.0002669067,-0.02284685,0.03141945,0.0002669067,-0.02284685,-0.03004456,-0.4114838,0.9109192,-0.03004456,-0.4114838,0.9109192,5.409241,5.409241,True,True,True
1663073,63779589546088,-13.55308,2.590857,-0.09822452,-0.05531714,0.9748703,0.04009215,-0.2120389,0.01535883,0.0006397553,-0.02335411,-0.01950073,-0.4030609,0.9149628,0.03142255,0.0002725678,-0.02284645,0.03142255,0.0002725678,-0.02284645,-0.03643799,-0.4120026,0.9104462,-0.03643799,-0.4120026,0.9104462,5.417648,5.417648,True,True,True
1663081,63779589546102,-13.55298,2.590684,-0.09922034,-0.05480018,0.9749407,0.0390869,-0.2120374,0.01136572,0.000751236,-0.02347643,-0.008209229,-0.4062653,0.9137115,0.0314617,0.0003019867,-0.02284035,0.0314617,0.0003019867,-0.02284035,-0.0262146,-0.4190674,0.9075623,-0.0262146,-0.4190674,0.9075623,5.412109,5.412109,True,True,True
1663089,63779589546110,-13.55287,2.590555,-0.1003472,-0.05417161,0.9749935,0.03821252,-0.2121152,0.01346263,0.0007155915,-0.02341248,-0.004425049,-0.4090118,0.9125061,0.03148995,0.0003171082,-0.02284387,0.03148995,0.0003171082,-0.02284387,-0.01847839,-0.4219818,0.9064026,-0.01847839,-0.4219818,0.9064026,5.406906,5.406906,True,True,True
1663097,63779589546121,-13.55279,2.590427,-0.1015019,-0.05367922,0.9750582,0.03739124,-0.2120893,0.01111369,0.0007723847,-0.0234854,-0.000869751,-0.4072113,0.9133148,0.03149539,0.0003220978,-0.02284306,0.03149539,0.0003220978,-0.02284306,-0.01722717,-0.4227905,0.9060516,-0.01722717,-0.4227905,0.9060516,5.411133,5.411133,True,True,True
1663106,63779589546132,-13.5527,2.59027,-0.102687,-0.05323245,0.9751288,0.03643195,-0.2120446,0.01259371,0.0007445985,-0.02343762,-0.002227783,-0.4085388,0.9127197,0.03150086,0.0003270874,-0.02284224,0.03150086,0.0003270874,-0.02284224,-0.01556396,-0.4238892,0.9055634,-0.01556396,-0.4238892,0.9055634,5.406647,5.406647,True,True,True
1663114,63779589546132,-13.5527,2.59027,-0.102687,-0.05323245,0.9751288,0.03643195,-0.2120446,0.01233814,0.0007875214,-0.02342613,0.01292419,-0.4025574,0.9152985,0.03151035,0.0003814087,-0.02281369,0.03151035,0.0003814087,-0.02281369,0.007568359,-0.4136963,0.9103699,0.007568359,-0.4136963,0.9103699,5.370117,5.370117,True,True,True
1663122,63779589546143,-13.55257,2.590135,-0.1038666,-0.05275375,0.9752027,0.0352863,-0.2120178,0.01088503,0.0008089448,-0.02348579,-0.00869751,-0.4086761,0.9126282,0.03150937,0.0003655548,-0.0228354,0.03150937,0.0003655548,-0.0228354,-0.02578735,-0.4254761,0.9045868,-0.02578735,-0.4254761,0.9045868,5.40181,5.40181,True,True,True
1663131,63779589546155,-13.5525,2.589873,-0.1050562,-0.05238556,0.9752604,0.03407041,-0.2120427,0.01161742,0.0007970276,-0.02346074,-0.004837036,-0.404892,0.9143372,0.03150807,0.0003704224,-0.02283275,0.03150807,0.0003704224,-0.02283275,-0.01911926,-0.4205017,0.907074,-0.01911926,-0.4205017,0.907074,5.35228,5.35228,True,True,True
1663139,63779589546166,-13.55244,2.589644,-0.1062803,-0.05205461,0.9753382,0.03254578,-0.2120061,0.01190602,0.0007947083,-0.02344972,0.0002441406,-0.4057007,0.9140015,0.03150937,0.0003753052,-0.0228301,0.03150937,0.0003753052,-0.0228301,-0.01126099,-0.4229889,0.9060516,-0.01126099,-0.4229889,0.9060516,5.380707,5.380707,True,True,True
1663147,63779589546166,-13.55244,2.589644,-0.1062803,-0.05205461,0.9753382,0.03254578,-0.2120061,0.01153336,0.0008057557,-0.02345865,0.002593994,-0.4033356,0.9150391,0.03150945,0.0003798828,-0.02282735,0.03150945,0.0003798828,-0.02282735,-0.009658813,-0.4229736,0.9060822,-0.009658813,-0.4229736,0.9060822,5.390411,5.390411,True,True,True
1663156,63779589546177,-13.5524,2.589348,-0.1075009,-0.05177206,0.9754103,0.03110661,-0.2119594,0.01128691,0.0008317109,-0.02345896,0.006835938,-0.4197998,0.9075775,0.03150806,0.0004116211,-0.02281751,0.03150806,0.0004116211,-0.02281751,-0.001541138,-0.451355,0.892334,-0.001541138,-0.451355,0.892334,5.24295,5.24295,True,True,True
1663164,63779589546188,-13.55237,2.58901,-0.1087468,-0.05131529,0.9755224,0.0298341,-0.2117374,0.01048378,0.0008618622,-0.0234801,0.01179504,-0.4230042,0.9060364,0.0315033,0.0004289246,-0.02281404,0.0315033,0.0004289246,-0.02281404,0.005966187,-0.4604187,0.8876801,0.005966187,-0.4604187,0.8876801,5.217773,5.217773,True,True,True
1663173,63779589546199,-13.55233,2.588718,-0.1100702,-0.05103604,0.9756234,0.02833102,-0.2115459,0.01111072,0.0008520356,-0.02345831,0.009597778,-0.4194336,0.9077301,0.03150223,0.0004334717,-0.02281259,0.03150223,0.0004334717,-0.02281259,1.525879E-05,-0.4539032,0.891037,1.525879E-05,-0.4539032,0.891037,5.235184,5.235184,True,True,True
1663181,63779589546199,-13.55233,2.588718,-0.1100702,-0.05103604,0.9756234,0.02833102,-0.2115459,0.01154952,0.0008564606,-0.0234372,0.004577637,-0.4107208,0.9117432,0.03150192,0.0004535218,-0.0228035,0.03150192,0.0004535218,-0.0228035,-0.006729126,-0.4394836,0.8982086,-0.006729126,-0.4394836,0.8982086,5.304306,5.304306,True,True,True
1663189,63779589546210,-13.55228,2.588375,-0.1113563,-0.05083409,0.9757143,0.0268715,-0.2113655,0.01143985,0.0008702088,-0.02343872,0.008575439,-0.4265747,0.9044037,0.03150679,0.0004675141,-0.02280347,0.03150679,0.0004675141,-0.02280347,-0.0004425049,-0.463089,0.8862915,-0.0004425049,-0.463089,0.8862915,5.229889,5.229889,True,True,True
1663198,63779589546221,-13.55221,2.588053,-0.1126674,-0.05068759,0.9758169,0.02533458,-0.2111168,0.01264298,0.0007808686,-0.02344896,-0.006576538,-0.4069214,0.9134369,0.03149504,0.0003684082,-0.02287779,0.03149504,0.0003684082,-0.02287779,-0.02276611,-0.434082,0.9005737,-0.02276611,-0.434082,0.9005737,5.1707,5.1707,True,True,True
1663206,63779589546232,-13.55215,2.587687,-0.113977,-0.05074677,0.9758999,0.02385415,-0.2108914,0.01110811,0.0008602753,-0.02346617,-0.003799438,-0.4060974,0.9138184,0.03150771,0.0004336853,-0.0228347,0.03150771,0.0004336853,-0.0228347,-0.02050781,-0.4349976,0.9001923,-0.02050781,-0.4349976,0.9001923,5.267609,5.267609,True,True,True
1663214,63779589546232,-13.55215,2.587687,-0.113977,-0.05074677,0.9758999,0.02385415,-0.2108914,0.01106831,0.0009175721,-0.02342696,0.01077271,-0.4088898,0.9125061,0.03151508,0.000516861,-0.02277657,0.03151508,0.000516861,-0.02277657,0.003921509,-0.4341583,0.9008179,0.003921509,-0.4341583,0.9008179,5.225494,5.225494,True,True,True
1663223,63779589546243,-13.5521,2.587337,-0.1153528,-0.05084091,0.9759514,0.02255425,-0.2107736,0.01153531,0.0009211731,-0.02340958,9.155273E-05,-0.4094849,0.9123077,0.03151183,0.000532135,-0.02277568,0.03151183,0.000532135,-0.02277568,-0.0120697,-0.4373474,0.8992004,-0.0120697,-0.4373474,0.8992004,5.076187,5.076187,True,True,True
1663231,63779589546255,-13.55212,2.586956,-0.11677,-0.05090439,0.9759948,0.02128336,-0.2106886,0.01264317,0.0008683319,-0.02339606,-0.005081177,-0.3936005,0.9192657,0.0314995,0.0004838257,-0.02280963,0.0314995,0.0004838257,-0.02280963,-0.01863098,-0.411438,0.9112396,-0.01863098,-0.411438,0.9112396,5.232712,5.232712,True,True,True
1663239,63779589546266,-13.55208,2.586588,-0.1181482,-0.05092806,0.9759843,0.02021074,-0.2108377,0.01101006,0.0009349518,-0.0234233,0,-0.3910828,0.9203491,0.03150408,0.000532135,-0.02277568,0.03150408,0.000532135,-0.02277568,-0.01394653,-0.4144745,0.9099426,-0.01394653,-0.4144745,0.9099426,5.199707,5.199707,True,True,True
1663248,63779589546266,-13.55208,2.586588,-0.1181482,-0.05092806,0.9759843,0.02021074,-0.2108377,0.008301621,0.0009112549,-0.0235528,0.003082275,-0.3699341,0.9290466,0.03148406,0.0004003601,-0.02285365,0.03148406,0.0004003601,-0.02285365,-0.01327515,-0.3839722,0.923233,-0.01327515,-0.3839722,0.923233,5.368454,5.368454,True,True,True
1663256,63779589546277,-13.55205,2.586255,-0.1195616,-0.0509669,0.9759918,0.01906037,-0.2109002,0.005878769,0.0009009247,-0.0236208,-0.0005950928,-0.3689575,0.9294281,0.03147991,0.0003578339,-0.022836,0.03147991,0.0003578339,-0.022836,-0.03034973,-0.4015045,0.9153442,-0.03034973,-0.4015045,0.9153442,5.682831,5.682831,True,True,True
1663264,63779589546288,-13.55197,2.585875,-0.1210096,-0.0509821,0.9759651,0.01773575,-0.211136,0.003833603,0.0007943573,-0.02372946,-0.002914429,-0.4029694,0.9151917,0.03143056,0.0001333466,-0.0229035,0.03143056,0.0001333466,-0.0229035,-0.02577209,-0.4218903,0.9062653,-0.02577209,-0.4218903,0.9062653,5.746643,5.746643,True,True,True
1663273,63779589546288,-13.55186,2.585467,-0.1223889,-0.05100364,0.9759436,0.01628327,-0.211347,-0.000488678,0.0007739869,-0.02390978,0.01477051,-0.4450531,0.8953705,0.03137676,8.743286E-06,-0.02296741,0.03137676,8.743286E-06,-0.02296741,0.002365112,-0.475296,0.8798065,0.002365112,-0.475296,0.8798065,5.517639,5.517639,True,True,True
1663281,63779589546299,-13.55186,2.585467,-0.1223889,-0.05100364,0.9759436,0.01628327,-0.211347,-0.002402588,0.0007450562,-0.02401891,0.05265808,-0.429245,0.9016418,0.03134076,-0.0001004944,-0.02300894,0.03134076,-0.0001004944,-0.02300894,-0.007110596,-0.4463196,0.8948364,-0.007110596,-0.4463196,0.8948364,5.540314,5.540314,True,True,True
1663289,63779589546310,-13.5517,2.585027,-0.1237682,-0.05096756,0.9759017,0.01454185,-0.2116762,-0.0009549409,0.0006666107,-0.02397974,0.02481079,-0.4824371,0.8755646,0.03133623,-0.0001112518,-0.02302371,0.03133623,-0.0001112518,-0.02302371,0.01676941,-0.4807129,0.876709,0.01676941,-0.4807129,0.876709,5.570206,5.570206,True,True,True
1663298,63779589546321,-13.55161,2.584544,-0.1251419,-0.0507565,0.9758906,0.01269436,-0.2118969,-0.001123505,0.0006627045,-0.02397373,0.01560974,-0.4522552,0.8917389,0.03134513,-0.0001083527,-0.02302152,0.03134513,-0.0001083527,-0.02302152,0.004592896,-0.4743805,0.8802948,0.004592896,-0.4743805,0.8802948,5.57637,5.57637,True,True,True
1663306,63779589546321,-13.55161,2.584544,-0.1251419,-0.0507565,0.9758906,0.01269436,-0.2118969,-0.001475739,0.0006794587,-0.02399379,0.02816772,-0.4912415,0.8705597,0.03135353,-0.0001054382,-0.02301995,0.03135353,-0.0001054382,-0.02301995,-0.003326416,-0.482254,0.8760071,-0.003326416,-0.482254,0.8760071,5.572891,5.572891,True,True,True
1663314,63779589546333,-13.55139,2.58407,-0.1265466,-0.0503001,0.9758977,0.01064786,-0.2120856,-0.0003759613,0.0006642151,-0.02394408,0.04115295,-0.4452972,0.8944244,0.03135378,-9.855652E-05,-0.02301964,0.03135378,-9.855652E-05,-0.02301964,-0.002258301,-0.4804382,0.8770142,-0.002258301,-0.4804382,0.8770142,5.542847,5.542847,True,True,True
1663323,63779589546343,-13.55129,2.583605,-0.1279113,-0.04969597,0.9759001,0.008769566,-0.2123028,0.004532913,0.0005519257,-0.02379871,0.02680969,-0.4553528,0.8898926,0.03135402,-9.169007E-05,-0.02301933,0.03135402,-9.169007E-05,-0.02301933,-0.003463745,-0.4853058,0.8743286,-0.003463745,-0.4853058,0.8743286,5.514389,5.514389,True,True,True
1663331,63779589546355,-13.55104,2.583258,-0.1292815,-0.0489578,0.9758997,0.006877559,-0.2125458,0.004387894,0.0005614319,-0.02379895,0.01992798,-0.4595184,0.8879395,0.03135477,-8.425904E-05,-0.02301602,0.03135477,-8.425904E-05,-0.02301602,-0.003585815,-0.4898834,0.8717651,-0.003585815,-0.4898834,0.8717651,5.514923,5.514923,True,True,True
1663339,63779589546366,-13.55094,2.582847,-0.1306602,-0.04843602,0.9759105,0.004889362,-0.2126707,0.01161134,0.0004045563,-0.02357982,0.009429932,-0.4764709,0.8791351,0.0313555,-7.682801E-05,-0.02301271,0.0313555,-7.682801E-05,-0.02301271,-0.003036499,-0.489212,0.8721466,-0.003036499,-0.489212,0.8721466,5.51442,5.51442,True,True,True
1663348,63779589546366,-13.55094,2.582847,-0.1306602,-0.04843602,0.9759105,0.004889362,-0.2126707,0.01234224,0.0004026947,-0.02355167,0.00730896,-0.4733124,0.8808594,0.03135964,-6.916809E-05,-0.02301228,0.03135964,-6.916809E-05,-0.02301228,-0.001983643,-0.4887085,0.8724365,-0.001983643,-0.4887085,0.8724365,5.473206,5.473206,True,True,True
1663356,63779589546377,-13.55076,2.582396,-0.1320434,-0.0479865,0.9758759,0.002968099,-0.2129665,0.0124744,0.0004052429,-0.02354718,0.01013184,-0.4753418,0.8797302,0.03136377,-6.150818E-05,-0.02301187,0.03136377,-6.150818E-05,-0.02301187,-0.001235962,-0.4926147,0.8702393,-0.001235962,-0.4926147,0.8702393,5.432877,5.432877,True,True,True
1663364,63779589546388,-13.55067,2.581957,-0.1335012,-0.04761678,0.9758573,0.001190362,-0.2131524,0.01232338,0.0004148407,-0.0235504,0.01251221,-0.4743195,0.880249,0.03136427,-5.366516E-05,-0.02301106,0.03136427,-5.366516E-05,-0.02301106,-0.001434326,-0.4923859,0.8703613,-0.001434326,-0.4923859,0.8703613,5.447983,5.447983,True,True,True
1663373,63779589546399,-13.55051,2.581527,-0.1349067,-0.04723942,0.9758241,-0.0004369029,-0.2133909,0.01172598,0.0004353028,-0.02356488,0.01020813,-0.4746552,0.8800964,0.03136478,-4.582215E-05,-0.02301024,0.03136478,-4.582215E-05,-0.02301024,-0.00163269,-0.4920959,0.8705292,-0.00163269,-0.4920959,0.8705292,5.462921,5.462921,True,True,True
1663381,63779589546399,-13.55051,2.581527,-0.1349067,-0.04723942,0.9758241,-0.0004369029,-0.2133909,0.01239127,0.0004202118,-0.02354373,0.008209229,-0.4753723,0.8797302,0.03136748,-4.490662E-05,-0.02300942,0.03136748,-4.490662E-05,-0.02300942,-0.002441406,-0.4931488,0.8699341,-0.002441406,-0.4931488,0.8699341,5.44838,5.44838,True,True,True
1663389,63779589546410,-13.55036,2.58106,-0.1363326,-0.04690136,0.9758008,-0.002111826,-0.2135616,0.01096109,0.0004784394,-0.02357224,0.0113678,-0.4723969,0.8813019,0.03137018,-4.399109E-05,-0.02300859,0.03137018,-4.399109E-05,-0.02300859,-0.003143311,-0.4926758,0.8701935,-0.003143311,-0.4926758,0.8701935,5.463287,5.463287,True,True,True
1663398,63779589546421,-13.55022,2.58073,-0.1378613,-0.04666076,0.9757755,-0.003680045,-0.2137087,0.01068758,0.0004895477,-0.0235781,0.001983643,-0.4808807,0.87677,0.03137226,-3.903198E-05,-0.02300812,0.03137226,-3.903198E-05,-0.02300812,-0.002883911,-0.4928436,0.8701019,-0.002883911,-0.4928436,0.8701019,5.448441,5.448441,True,True,True
1663406,63779589546432,-13.55007,2.580359,-0.1393096,-0.04650836,0.9757224,-0.004929926,-0.2139594,0.01110667,0.0004880371,-0.02356194,0.004714966,-0.4778442,0.878418,0.03137432,-3.405762E-05,-0.02300765,0.03137432,-3.405762E-05,-0.02300765,-0.002624512,-0.4930725,0.8699646,-0.002624512,-0.4930725,0.8699646,5.434052,5.434052,True,True,True
1663414,63779589546432,-13.55007,2.580359,-0.1393096,-0.04650836,0.9757224,-0.004929926,-0.2139594,0.01006184,0.000499176,-0.02360169,0.006256104,-0.4595184,0.8881378,0.03137641,-1.565552E-05,-0.02300281,0.03137641,-1.565552E-05,-0.02300281,-0.003479004,-0.4972382,0.8675995,-0.003479004,-0.4972382,0.8675995,5.435547,5.435547,True,True,True
1663423,63779589546443,-13.54989,2.580029,-0.1407286,-0.04641892,0.9756748,-0.00609749,-0.2141654,0.009244324,0.0005348206,-0.02361838,0.006454468,-0.4634552,0.8860779,0.03137671,8.0719E-06,-0.02299318,0.03137671,8.0719E-06,-0.02299318,-0.007492065,-0.5033264,0.8640594,-0.007492065,-0.5033264,0.8640594,5.438187,5.438187,True,True,True
1663431,63779589546454,-13.54973,2.579669,-0.1421657,-0.04640187,0.9756365,-0.007235948,-0.2143078,0.00853801,0.0005642548,-0.02363255,0.00453186,-0.4502411,0.8928833,0.03137781,2.679443E-05,-0.02298416,0.03137781,2.679443E-05,-0.02298416,-0.01229858,-0.4846344,0.8746185,-0.01229858,-0.4846344,0.8746185,5.436005,5.436005,True,True,True
1663439,63779589546466,-13.54955,2.579268,-0.1436046,-0.04636236,0.9755983,-0.008538906,-0.2144422,0.005512375,0.000643631,-0.02371475,0.003936768,-0.4451447,0.8954468,0.03138005,4.019165E-05,-0.02297916,0.03138005,4.019165E-05,-0.02297916,-0.0166626,-0.4829712,0.8754578,-0.0166626,-0.4829712,0.8754578,5.436859,5.436859,True,True,True
1663447,63779589546466,-13.54955,2.579268,-0.1436046,-0.04636236,0.9755983,-0.008538906,-0.2144422,0.00507518,0.0006602173,-0.02372444,0.00302124,-0.4436798,0.8961639,0.03138014,5.049134E-05,-0.02297592,0.03138014,5.049134E-05,-0.02297592,-0.01795959,-0.480484,0.8768158,-0.01795959,-0.480484,0.8768158,5.456467,5.456467,True,True,True
1663456,63779589546477,-13.5494,2.578847,-0.1450334,-0.04629329,0.9755684,-0.009834385,-0.2145378,0.004144089,0.0006891785,-0.02374793,0.004577637,-0.4419861,0.8970032,0.03138075,6.399537E-05,-0.02297221,0.03138075,6.399537E-05,-0.02297221,-0.01785278,-0.4780426,0.8781433,-0.01785278,-0.4780426,0.8781433,5.463913,5.463913,True,True,True
1663464,63779589546488,-13.54923,2.578409,-0.146485,-0.04607418,0.9755249,-0.01110813,-0.2147208,0.00464148,0.0006905365,-0.02372795,0.003295898,-0.4424438,0.8967743,0.03138651,8.726502E-05,-0.02296318,0.03138651,8.726502E-05,-0.02296318,-0.01832581,-0.4758606,0.8793182,-0.01832581,-0.4758606,0.8793182,5.466949,5.466949,True,True,True
1663472,63779589546499,-13.54907,2.578033,-0.1479619,-0.04582679,0.9755013,-0.01242323,-0.2148088,0.007291596,0.0006573487,-0.02364279,-0.0006103516,-0.4504395,0.8927917,0.03138709,0.0001317444,-0.02294824,0.03138709,0.0001317444,-0.02294824,-0.02203369,-0.4846802,0.8744049,-0.02203369,-0.4846802,0.8744049,5.481735,5.481735,True,True,True
1663481,63779589546499,-13.54907,2.578033,-0.1479619,-0.04582679,0.9755013,-0.01242323,-0.2148088,0.006019577,0.0006954804,-0.02367713,-0.001296997,-0.4345245,0.90065,0.03138854,0.0001490021,-0.02294525,0.03138854,0.0001490021,-0.02294525,-0.02651978,-0.4612427,0.8868713,-0.02651978,-0.4612427,0.8868713,5.487671,5.487671,True,True,True
1663489,63779589546510,-13.54892,2.577633,-0.149424,-0.04559287,0.9754507,-0.01366685,-0.2150126,0.005935715,0.0007129059,-0.02366985,-0.002853394,-0.4356232,0.900116,0.03139876,0.0001694183,-0.02292954,0.03139876,0.0001694183,-0.02292954,-0.02827454,-0.4601746,0.8873749,-0.02827454,-0.4601746,0.8873749,5.529984,5.529984,True,True,True
1663498,63779589546521,-13.54879,2.577301,-0.1509918,-0.04527603,0.975401,-0.01485715,-0.2152258,0.006595215,0.0007134094,-0.02364554,-0.00440979,-0.4391174,0.898407,0.03140404,0.0001878967,-0.02292226,0.03140404,0.0001878967,-0.02292226,-0.02870178,-0.4632874,0.8857269,-0.02870178,-0.4632874,0.8857269,5.55191,5.55191,True,True,True
1663506,63779589546532,-13.54857,2.576994,-0.1525093,-0.04512723,0.9753177,-0.01593933,-0.2155572,0.00634726,0.0007272644,-0.02364932,-0.002944946,-0.4397278,0.8981171,0.03140874,0.0001998291,-0.0229169,0.03140874,0.0001998291,-0.0229169,-0.02746582,-0.4649353,0.884903,-0.02746582,-0.4649353,0.884903,5.552277,5.552277,True,True,True
1663514,63779589546532,-13.54857,2.576994,-0.1525093,-0.04512723,0.9753177,-0.01593933,-0.2155572,0.006317978,0.0007359924,-0.02364697,-0.00378418,-0.4233398,0.9059448,0.03140985,0.0002110138,-0.02291208,0.03140985,0.0002110138,-0.02291208,-0.02789307,-0.4365082,0.8992615,-0.02789307,-0.4365082,0.8992615,5.529068,5.529068,True,True,True
1663523,63779589546543,-13.54838,2.576596,-0.1540454,-0.04499363,0.9752276,-0.01715535,-0.2158991,0.004226776,0.0007859345,-0.02370389,-0.002944946,-0.4217529,0.9066925,0.03141222,0.0002179565,-0.02290653,0.03141222,0.0002179565,-0.02290653,-0.02810669,-0.4350128,0.8999786,-0.02810669,-0.4350128,0.8999786,5.529694,5.529694,True,True,True
1663531,63779589546555,-13.54818,2.57619,-0.1556664,-0.04478325,0.9751528,-0.01831853,-0.2161849,0.0044207,0.0007988587,-0.02369099,-0.00189209,-0.4250946,0.9051361,0.03141567,0.0002451172,-0.02289559,0.03141567,0.0002451172,-0.02289559,-0.02796936,-0.4393768,0.8978577,-0.02796936,-0.4393768,0.8978577,5.558273,5.558273,True,True,True
1663539,63779589546555,-13.54818,2.57619,-0.1556664,-0.04478325,0.9751528,-0.01831853,-0.2161849,0.004743591,0.0008082581,-0.02367041,-0.002746582,-0.4271851,0.9041443,0.03141855,0.0002602844,-0.02288139,0.03141855,0.0002602844,-0.02288139,-0.02894592,-0.4394379,0.8977966,-0.02894592,-0.4394379,0.8977966,5.559464,5.559464,True,True,True
1663548,63779589546566,-13.54799,2.575703,-0.1572236,-0.04452252,0.9750832,-0.01951792,-0.2164478,0.005041016,0.0008158112,-0.02365735,-0.002197266,-0.4269409,0.9042664,0.03142314,0.0002753143,-0.02287644,0.03142314,0.0002753143,-0.02287644,-0.02781677,-0.4371033,0.8989716,-0.02781677,-0.4371033,0.8989716,5.559341,5.559341,True,True,True
1663556,63779589546576,-13.54778,2.575251,-0.1587896,-0.04406683,0.9750112,-0.02056169,-0.2167682,0.005034302,0.0008322754,-0.02365138,0.000213623,-0.4273682,0.904068,0.03144858,0.0002969818,-0.02286754,0.03144858,0.0002969818,-0.02286754,-0.01957703,-0.4360504,0.899704,-0.01957703,-0.4360504,0.899704,5.531143,5.531143,True,True,True
1663564,63779589546588,-13.54759,2.574818,-0.1604266,-0.04354729,0.9749592,-0.02148767,-0.2170172,0.005266022,0.000836319,-0.02364079,-0.0002593994,-0.4280853,0.9037323,0.03145307,0.0003074188,-0.02286559,0.03145307,0.0003074188,-0.02286559,-0.01841736,-0.4357452,0.8998718,-0.01841736,-0.4357452,0.8998718,5.531204,5.531204,True,True,True
1663573,63779589546599,-13.54745,2.574367,-0.1620705,-0.04306199,0.9748961,-0.0224968,-0.2172954,0.005596405,0.0008365631,-0.02362424,-0.0004730225,-0.4266052,0.9044342,0.03145944,0.0003094483,-0.0228631,0.03145944,0.0003094483,-0.0228631,-0.01832581,-0.4330292,0.9011841,-0.01832581,-0.4330292,0.9011841,5.558777,5.558777,True,True,True
1663581,63779589546599,-13.54745,2.574367,-0.1620705,-0.04306199,0.9748961,-0.0224968,-0.2172954,0.008000214,0.0007965699,-0.02355132,-0.004943848,-0.4293213,0.9031219,0.03146575,0.0003185578,-0.02285991,0.03146575,0.0003185578,-0.02285991,-0.01663208,-0.4354858,0.9000397,-0.01663208,-0.4354858,0.9000397,5.559174,5.559174,True,True,True
1663589,63779589546610,-13.5473,2.573846,-0.1637462,-0.04258654,0.9748366,-0.02362293,-0.2175361,0.006628449,0.0008315125,-0.02358971,-0.003219604,-0.4237518,0.9057617,0.03147162,0.0003248902,-0.02285901,0.03147162,0.0003248902,-0.02285901,-0.01525879,-0.4261322,0.9045258,-0.01525879,-0.4261322,0.9045258,5.558411,5.558411,True,True,True
1663598,63779589546621,-13.54714,2.573355,-0.1654192,-0.04213147,0.9747624,-0.02483243,-0.2178219,0.009837678,0.0007700654,-0.0234912,-0.004165649,-0.4248352,0.9052582,0.03147675,0.0003295593,-0.02285635,0.03147675,0.0003295593,-0.02285635,-0.01425171,-0.4267426,0.9042511,-0.01425171,-0.4267426,0.9042511,5.562012,5.562012,True,True,True
1663606,63779589546632,-13.54703,2.572924,-0.1670507,-0.04178859,0.9747041,-0.02609503,-0.2180014,0.01029674,0.0007671967,-0.02347719,-0.003601074,-0.4264526,0.9044952,0.03148183,0.0003395996,-0.02285576,0.03148183,0.0003395996,-0.02285576,-0.01304626,-0.4291992,0.9031067,-0.01304626,-0.4291992,0.9031067,5.527252,5.527252,True,True,True
1663614,63779589546632,-13.54703,2.572924,-0.1670507,-0.04178859,0.9747041,-0.02609503,-0.2180014,0.01036929,0.0007924195,-0.02345891,-0.003875732,-0.4233093,0.9059753,0.03148183,0.0003557434,-0.02285138,0.03148183,0.0003557434,-0.02285138,-0.01319885,-0.4307709,0.902359,-0.01319885,-0.4307709,0.902359,5.500732,5.500732,True,True,True
1663623,63779589546643,-13.54689,2.572445,-0.1687775,-0.04122758,0.9746436,-0.02749717,-0.2182064,0.009915024,0.0007714844,-0.02350226,0.006195068,-0.465744,0.8848877,0.03133203,0.0003311005,-0.02288391,0.03133203,0.0003311005,-0.02288391,-0.01719666,-0.506897,0.8618317,-0.01719666,-0.506897,0.8618317,5.218994,5.218994,True,True,True
1663631,63779589546654,-13.54686,2.572006,-0.1705379,-0.04058751,0.9746377,-0.0290991,-0.2181452,0.009772431,0.0007326661,-0.02349805,0.01359558,-0.4115448,0.9112701,0.03115892,0.000270813,-0.02286472,0.03115892,0.000270813,-0.02286472,-0.01057434,-0.4075623,0.9131012,-0.01057434,-0.4075623,0.9131012,5.442001,5.442001,True,True,True
1663639,63779589546665,-13.54671,2.571631,-0.1723996,-0.03961987,0.974632,-0.03074666,-0.2181226,0.01066901,0.0006896057,-0.0234767,0.0382843,-0.4156189,0.9087219,0.03103182,0.0002405853,-0.02286345,0.03103182,0.0002405853,-0.02286345,0.01168823,-0.3996887,0.9165649,0.01168823,-0.3996887,0.9165649,5.535614,5.535614,True,True,True
1663648,63779589546665,-13.54671,2.571631,-0.1723996,-0.03961987,0.974632,-0.03074666,-0.2181226,0.01210329,0.0006852112,-0.02342346,0.1030121,-0.4492645,0.8874207,0.03087828,0.000287674,-0.02284845,0.03087828,0.000287674,-0.02284845,0.1051178,-0.4725037,0.8750305,0.1051178,-0.4725037,0.8750305,5.0233,5.0233,True,True,True
1663656,63779589546678,-13.54671,2.571179,-0.1742245,-0.03881329,0.9746448,-0.03227558,-0.2179891,0.01210098,0.0007135926,-0.0234153,0.09851074,-0.4578247,0.8835602,0.03077915,0.0003362732,-0.02282559,0.03077915,0.0003362732,-0.02282559,0.09028625,-0.4659271,0.880188,0.09028625,-0.4659271,0.880188,5.241669,5.241669,True,True,True
1663664,63779589546688,-13.54667,2.570731,-0.1760668,-0.03816043,0.9746581,-0.03368774,-0.2178316,0.01439362,0.0006682129,-0.02333759,0.1132813,-0.456665,0.8823853,0.03080988,0.0003400421,-0.02281859,0.03080988,0.0003400421,-0.02281859,0.1120911,-0.4688873,0.8760986,0.1120911,-0.4688873,0.8760986,5.264511,5.264511,True,True,True
1663673,63779589546688,-13.54667,2.570731,-0.1760668,-0.03816043,0.9746581,-0.03368774,-0.2178316,0.01503001,0.0006623535,-0.0233183,0.1212921,-0.4617004,0.8786926,0.03083377,0.0003504944,-0.02281285,0.03083377,0.0003504944,-0.02281285,0.113327,-0.4772491,0.8714142,0.113327,-0.4772491,0.8714142,5.227905,5.227905,True,True,True
1663681,63779589546699,-13.54669,2.570182,-0.1779229,-0.03778663,0.974615,-0.0352197,-0.217847,0.014161,0.0006880951,-0.02333063,0.1088867,-0.4450836,0.8888397,0.03084514,0.0003655548,-0.02279231,0.03084514,0.0003655548,-0.02279231,0.1028137,-0.4544525,0.8848114,0.1028137,-0.4544525,0.8848114,5.319702,5.319702,True,True,True
1663689,63779589546710,-13.54673,2.569496,-0.1798462,-0.0378954,0.9745585,-0.03689701,-0.2178035,0.0003775787,0.0009573823,-0.02377884,0.09719849,-0.4491577,0.8881378,0.03080597,0.0003811951,-0.02280531,0.03080597,0.0003811951,-0.02280531,0.08879089,-0.4769745,0.8744049,0.08879089,-0.4769745,0.8744049,5.200974,5.200974,True,True,True
1663698,63779589546721,-13.5468,2.568724,-0.1817048,-0.03851299,0.9744247,-0.03860786,-0.2179968,0.000973404,0.0009625244,-0.02376108,0.1020966,-0.4551849,0.8845215,0.03076569,0.0004242859,-0.0228132,0.03076569,0.0004242859,-0.0228132,0.09237671,-0.4882965,0.8677673,0.09237671,-0.4882965,0.8677673,5.244186,5.244186,True,True,True
1663706,63779589546732,-13.547,2.567899,-0.1835887,-0.03973101,0.9741771,-0.04041563,-0.2185565,0.00323349,0.0009245148,-0.02367792,0.07969666,-0.4463196,0.8913116,0.03077794,0.0004366761,-0.0227934,0.03077794,0.0004366761,-0.0227934,0.04933167,-0.4667969,0.8829651,0.04933167,-0.4667969,0.8829651,5.180496,5.180496,True,True,True
1663714,63779589546732,-13.547,2.567899,-0.1835887,-0.03973101,0.9741771,-0.04041563,-0.2185565,0.00459105,0.0009044037,-0.02363344,0.08198547,-0.4501495,0.8891754,0.03078203,0.0004407044,-0.02279231,0.03078203,0.0004407044,-0.02279231,0.05755615,-0.4676666,0.882019,0.05755615,-0.4676666,0.882019,5.217575,5.217575,True,True,True
1663723,63779589546743,-13.54708,2.567034,-0.1854674,-0.04088996,0.9739119,-0.04246764,-0.2191351,0.005219483,0.0009034577,-0.02360707,0.08131409,-0.4396667,0.894455,0.0307861,0.0004447479,-0.02279125,0.0307861,0.0004447479,-0.02279125,0.05236816,-0.4685669,0.8818665,0.05236816,-0.4685669,0.8818665,5.254929,5.254929,True,True,True
1663731,63779589546755,-13.54725,2.566186,-0.1873883,-0.04223584,0.9736019,-0.04466769,-0.2198188,0.004777497,0.0009271699,-0.02361392,0.08203125,-0.4406281,0.8939209,0.03078961,0.0004503479,-0.02278871,0.03078961,0.0004503479,-0.02278871,0.06025696,-0.4636536,0.8839569,0.06025696,-0.4636536,0.8839569,5.313004,5.313004,True,True,True
1663739,63779589546765,-13.54757,2.565419,-0.1892968,-0.04301266,0.9733299,-0.04723649,-0.2203352,0.006295395,0.0009046021,-0.0235601,0.07966614,-0.442688,0.8931274,0.03079312,0.0004458466,-0.02278619,0.03079312,0.0004458466,-0.02278619,0.06742859,-0.4559326,0.8874512,0.06742859,-0.4559326,0.8874512,5.253525,5.253525,True,True,True
1663748,63779589546765,-13.54757,2.565419,-0.1892968,-0.04301266,0.9733299,-0.04723649,-0.2203352,0.007710862,0.0008929444,-0.02351311,0.08966064,-0.4253845,0.9005432,0.03079286,0.0004508972,-0.02278285,0.03079286,0.0004508972,-0.02278285,0.06732178,-0.4461975,0.8923798,0.06732178,-0.4461975,0.8923798,5.249466,5.249466,True,True,True
1663756,63779589546777,-13.54781,2.564646,-0.1912917,-0.04339992,0.9730396,-0.04993151,-0.2209464,0.008590012,0.0008861847,-0.02347502,0.07594299,-0.435791,0.8968353,0.03079312,0.0004559479,-0.02277951,0.03079312,0.0004559479,-0.02277951,0.06724548,-0.4399567,0.8954926,0.06724548,-0.4399567,0.8954926,5.246124,5.246124,True,True,True
1663764,63779589546788,-13.54815,2.563911,-0.1932974,-0.04325915,0.972801,-0.05288527,-0.2213368,0.008813706,0.0008869629,-0.02346626,0.07894897,-0.4290619,0.8998108,0.03079317,0.0004582978,-0.0227782,0.03079317,0.0004582978,-0.0227782,0.06454468,-0.4388885,0.8962097,0.06454468,-0.4388885,0.8962097,5.248932,5.248932,True,True,True
1663773,63779589546799,-13.54857,2.563203,-0.1953855,-0.04287571,0.972559,-0.0559863,-0.2217117,0.009037598,0.0008947296,-0.02345618,0.07955933,-0.4268188,0.9008179,0.0307932,0.0004606323,-0.02277687,0.0307932,0.0004606323,-0.02277687,0.06185913,-0.4377289,0.8969574,0.06185913,-0.4377289,0.8969574,5.251968,5.251968,True,True,True
1663781,63779589546799,-13.54857,2.563203,-0.1953855,-0.04287571,0.972559,-0.0559863,-0.2217117,0.01084328,0.0008684235,-0.02339919,0.0847168,-0.414978,0.9058685,0.03079405,0.0004615631,-0.02277324,0.03079405,0.0004615631,-0.02277324,0.05825806,-0.4317932,0.9000854,0.05825806,-0.4317932,0.9000854,5.283569,5.283569,True,True,True
1663789,63779589546810,-13.54898,2.562418,-0.1975586,-0.04212272,0.9723712,-0.05949307,-0.2217668,0.008837266,0.0009126282,-0.02345671,0.07548523,-0.4175568,0.9055023,0.03079492,0.0004625092,-0.02276959,0.03079492,0.0004625092,-0.02276959,0.05465698,-0.4258118,0.9031525,0.05465698,-0.4258118,0.9031525,5.315308,5.315308,True,True,True
1663797,63779589546821,-13.54938,2.561651,-0.1997761,-0.0414671,0.9721525,-0.06305475,-0.2218651,0.001536606,0.001067169,-0.02367931,0.07225037,-0.4162598,0.9063568,0.03080152,0.0004651642,-0.02276634,0.03080152,0.0004651642,-0.02276634,0.05630493,-0.4257965,0.9030457,0.05630493,-0.4257965,0.9030457,5.334305,5.334305,True,True,True
1663806,63779589546832,-13.54979,2.56072,-0.2019898,-0.04057503,0.9719329,-0.06703808,-0.2218245,0.002305176,0.001057251,-0.02365102,0.08079529,-0.4146576,0.9063721,0.03080809,0.000467804,-0.02276311,0.03080809,0.000467804,-0.02276311,0.05793762,-0.4258575,0.9029236,0.05793762,-0.4258575,0.9029236,5.353226,5.353226,True,True,True
1663814,63779589546832,-13.54979,2.56072,-0.2019898,-0.04057503,0.9719329,-0.06703808,-0.2218245,0.00377858,0.001034821,-0.02360138,0.0869751,-0.4050903,0.9101105,0.03081452,0.0004749756,-0.02276108,0.03081452,0.0004749756,-0.02276108,0.05923462,-0.4101257,0.9100952,0.05923462,-0.4101257,0.9100952,5.360474,5.360474,True,True,True
1663822,63779589546843,-13.55013,2.55977,-0.204238,-0.03991828,0.9716656,-0.07118709,-0.2218222,0.002136078,0.001140869,-0.02361102,0.0713501,-0.3821564,0.9213257,0.03087589,0.0006148072,-0.02268427,0.03087589,0.0006148072,-0.02268427,0.03170776,-0.3674164,0.9295044,0.03170776,-0.3674164,0.9295044,5.401657,5.401657,True,True,True
1663831,63779589546854,-13.5505,2.558821,-0.2064664,-0.0393489,0.9713087,-0.07558096,-0.2220329,0.004191208,0.00111084,-0.02354204,0.09535217,-0.4131165,0.9056549,0.03090793,0.0006266327,-0.0226845,0.03090793,0.0006266327,-0.0226845,0.08705139,-0.4293976,0.8988953,0.08705139,-0.4293976,0.8988953,5.267395,5.267395,True,True,True
1663839,63779589546854,-13.5505,2.558821,-0.2064664,-0.0393489,0.9713087,-0.07558096,-0.2220329,0.005543717,0.0009868622,-0.02352409,0.07089233,-0.4017944,0.9129791,0.03085837,0.0005061341,-0.02273088,0.03085837,0.0005061341,-0.02273088,0.06245422,-0.3895874,0.9188538,0.06245422,-0.3895874,0.9188538,5.436691,5.436691,True,True,True
1663847,63779589546866,-13.55093,2.557874,-0.2087577,-0.03896706,0.9709111,-0.07957523,-0.2224434,0.005011368,0.0008952027,-0.02359602,0.08001709,-0.4303894,0.8990784,0.03091678,0.0003819885,-0.0228029,0.03091678,0.0003819885,-0.0228029,0.06257629,-0.4427948,0.8944244,0.06257629,-0.4427948,0.8944244,5.333481,5.333481,True,True,True
1663856,63779589546877,-13.55146,2.557028,-0.211142,-0.03869041,0.970496,-0.08299777,-0.2230516,0.002908432,0.0008564453,-0.02369722,0.07551575,-0.4531403,0.8882141,0.03094554,0.0002915497,-0.0228295,0.03094554,0.0002915497,-0.0228295,0.0582428,-0.4300232,0.9009247,0.0582428,-0.4300232,0.9009247,5.379501,5.379501,True,True,True
1663864,63779589546888,-13.55201,2.556179,-0.2137416,-0.0384038,0.9701257,-0.08580191,-0.2236502,0.005188233,0.0007126923,-0.02365688,0.03527832,-0.454071,0.8902588,0.03098116,0.0001850739,-0.02287607,0.03098116,0.0001850739,-0.02287607,0.03042603,-0.4314575,0.9016113,0.03042603,-0.4314575,0.9016113,5.435822,5.435822,True,True,True
1663872,63779589546888,-13.55264,2.555347,-0.2163783,-0.03793273,0.969811,-0.08817187,-0.224173,0.0004207153,0.0007684326,-0.02383856,0.05560303,-0.497818,0.8654785,0.03094684,0.0001489563,-0.02292012,0.03094684,0.0001489563,-0.02292012,0.03797913,-0.4984589,0.8660736,0.03797913,-0.4984589,0.8660736,5.184647,5.184647,True,True,True
1663881,63779589546899,-13.55264,2.555347,-0.2163783,-0.03793273,0.969811,-0.08817187,-0.224173,-0.001863449,0.0007767487,-0.02391371,0.06619263,-0.478302,0.8756866,0.03095046,0.0001386871,-0.02292708,0.03095046,0.0001386871,-0.02292708,0.04299927,-0.5079803,0.8602753,0.04299927,-0.5079803,0.8602753,5.365601,5.365601,True,True,True
1663889,63779589546910,-13.55326,2.554471,-0.2192649,-0.03731674,0.9694966,-0.09031281,-0.2247827,-0.003620209,0.0008146057,-0.02396622,0.08073425,-0.4711914,0.8783112,0.03095917,0.0001412964,-0.02292543,0.03095917,0.0001412964,-0.02292543,0.06335449,-0.497406,0.8651886,0.06335449,-0.497406,0.8651886,5.407013,5.407013,True,True,True
1663897,63779589546921,-13.554,2.553528,-0.2221345,-0.03650132,0.9692006,-0.09244298,-0.2253268,-0.005469513,0.000902771,-0.02399579,0.08015442,-0.4801483,0.8735046,0.03097795,0.0001452026,-0.02292562,0.03097795,0.0001452026,-0.02292562,0.04997253,-0.5030212,0.8628082,0.04997253,-0.5030212,0.8628082,5.333389,5.333389,True,True,True
1663906,63779589546932,-13.55483,2.552403,-0.2250577,-0.03580056,0.96891,-0.09461118,-0.2257885,-0.00360376,0.0008761444,-0.02393617,0.07211304,-0.486084,0.8709106,0.03099675,0.0001490936,-0.02292543,0.03099675,0.0001490936,-0.02292543,0.06033325,-0.4990082,0.8644867,0.06033325,-0.4990082,0.8644867,5.301086,5.301086,True,True,True
1663914,63779589546932,-13.55483,2.552403,-0.2250577,-0.03580056,0.96891,-0.09461118,-0.2257885,0.001298019,0.000780243,-0.02378836,0.06832886,-0.473587,0.8780823,0.0310013,0.0001582489,-0.02292032,0.0310013,0.0001582489,-0.02292032,0.04989624,-0.4867249,0.8721161,0.04989624,-0.4867249,0.8721161,5.352264,5.352264,True,True,True
1663922,63779589546944,-13.55568,2.551219,-0.2279927,-0.03524302,0.9685355,-0.09732726,-0.2263281,0.005057435,0.0007357788,-0.02365288,0.05075073,-0.4621887,0.8853149,0.03103079,0.0002156983,-0.02287325,0.03103079,0.0002156983,-0.02287325,0.02987671,-0.4471893,0.8939209,0.02987671,-0.4471893,0.8939209,5.306519,5.306519,True,True,True
1663931,63779589546954,-13.55676,2.549922,-0.2309927,-0.03516543,0.9681174,-0.1003318,-0.2268164,0.00591124,0.0007244568,-0.02361923,0.05497742,-0.440155,0.896225,0.03103935,0.0002298279,-0.02285727,0.03103935,0.0002298279,-0.02285727,0.04055786,-0.4093628,0.9114532,0.04055786,-0.4093628,0.9114532,5.427414,5.427414,True,True,True
1663939,63779589546965,-13.55772,2.548556,-0.2339992,-0.03517781,0.9676933,-0.103548,-0.2271785,0.006100372,0.0007338257,-0.02360932,0.04389954,-0.4459076,0.8939972,0.03104674,0.0002567291,-0.02284818,0.03104674,0.0002567291,-0.02284818,0.02047729,-0.4210052,0.9068146,0.02047729,-0.4210052,0.9068146,5.431519,5.431519,True,True,True
1663947,63779589546965,-13.55772,2.548556,-0.2339992,-0.03517781,0.9676933,-0.103548,-0.2271785,0.005348435,0.0007677308,-0.02362761,0.05635071,-0.4507904,0.8908386,0.03104704,0.0002948761,-0.02283406,0.03104704,0.0002948761,-0.02283406,0.04702759,-0.4293671,0.901886,0.04702759,-0.4293671,0.901886,5.442886,5.442886,True,True,True
1663956,63779589546976,-13.55874,2.547163,-0.2370956,-0.03569786,0.967211,-0.1068194,-0.2276361,0.004243439,0.0008118592,-0.02365132,0.04086304,-0.4384766,0.8977966,0.03105902,0.0003364411,-0.02281287,0.03105902,0.0003364411,-0.02281287,0.0231781,-0.4032898,0.9147644,0.0231781,-0.4032898,0.9147644,5.522522,5.522522,True,True,True
1663964,63779589546987,-13.55982,2.545765,-0.2402406,-0.03623354,0.9667404,-0.1101657,-0.2279556,0.001668335,0.0008962708,-0.02372171,0.05984497,-0.4716644,0.8797302,0.03104199,0.0004101715,-0.02279483,0.03104199,0.0004101715,-0.02279483,0.05714417,-0.4639282,0.8840179,0.05714417,-0.4639282,0.8840179,5.292236,5.292236,True,True,True
1663972,63779589546999,-13.56082,2.544275,-0.2434608,-0.03699,0.9662861,-0.1135427,-0.2281033,0.001146484,0.0009373627,-0.02371787,0.04759216,-0.4562378,0.8885651,0.03103944,0.0004269867,-0.02278665,0.03103944,0.0004269867,-0.02278665,0.05430603,-0.4518738,0.8904266,0.05430603,-0.4518738,0.8904266,5.329178,5.329178,True,True,True
1663981,63779589546999,-13.56082,2.544275,-0.2434608,-0.03699,0.9662861,-0.1135427,-0.2281033,0.001970276,0.0009399414,-0.02368051,0.06184387,-0.4281464,0.9015808,0.03104199,0.0004437866,-0.02277846,0.03104199,0.0004437866,-0.02277846,0.05725098,-0.4396973,0.8963013,0.05725098,-0.4396973,0.8963013,5.360855,5.360855,True,True,True
1663989,63779589547010,-13.56198,2.542797,-0.2469157,-0.03788633,0.9658186,-0.1169819,-0.2281981,0.002489822,0.0009775391,-0.02362792,0.05352783,-0.4458313,0.8935089,0.03090486,0.000517334,-0.02272408,0.03090486,0.000517334,-0.02272408,0.03829956,-0.4802551,0.8762817,0.03829956,-0.4802551,0.8762817,5.190079,5.190079,True,True,True
1663997,63779589547021,-13.5631,2.541351,-0.2502788,-0.03867241,0.9653429,-0.1204568,-0.2282707,0.006335068,0.0009233857,-0.0235063,0.02970886,-0.4243927,0.9049835,0.0309805,0.000512497,-0.02273753,0.0309805,0.000512497,-0.02273753,0.009841919,-0.4381866,0.898819,0.009841919,-0.4381866,0.898819,5.334061,5.334061,True,True,True
1664006,63779589547021,-13.5631,2.541351,-0.2502788,-0.03867241,0.9653429,-0.1204568,-0.2282707,0.01315642,0.0008243867,-0.02329242,0.03695679,-0.4258881,0.904007,0.03101403,0.0005223237,-0.02273944,0.03101403,0.0005223237,-0.02273944,0.02391052,-0.4379425,0.8986816,0.02391052,-0.4379425,0.8986816,5.282928,5.282928,True,True,True
1664014,63779589547032,-13.56431,2.539878,-0.2537991,-0.0394511,0.9648518,-0.1240354,-0.2282977,0.0144662,0.0008190919,-0.02324919,0.03533936,-0.4301453,0.9020538,0.03101321,0.0005345764,-0.02274286,0.03101321,0.0005345764,-0.02274286,0.02912903,-0.4405975,0.8972168,0.02912903,-0.4405975,0.8972168,5.242981,5.242981,True,True,True
1664022,63779589547043,-13.56556,2.538398,-0.2573126,-0.04026295,0.9643297,-0.1279057,-0.2282264,0.01391191,0.0009321595,-0.0231897,0.03915405,-0.4283447,0.9027557,0.03096086,0.0006750489,-0.02263619,0.03096086,0.0006750489,-0.02263619,0.02604675,-0.4489899,0.8931427,0.02604675,-0.4489899,0.8931427,5.259262,5.259262,True,True,True
1664031,63779589547054,-13.56688,2.536757,-0.2608554,-0.04082129,0.9637377,-0.132423,-0.228051,0.01417648,0.0008569642,-0.02324211,0.05895996,-0.3928223,0.9177094,0.03105647,0.0005639191,-0.02272473,0.03105647,0.0005639191,-0.02272473,0.05535889,-0.405838,0.9122467,0.05535889,-0.405838,0.9122467,5.255768,5.255768,True,True,True
1664039,63779589547054,-13.56688,2.536757,-0.2608554,-0.04082129,0.9637377,-0.132423,-0.228051,0.01454778,0.0009485016,-0.02316293,0.01972961,-0.4250488,0.9049377,0.03095923,0.0006905365,-0.02263954,0.03095923,0.0006905365,-0.02263954,0.002319336,-0.4361725,0.8998413,0.002319336,-0.4361725,0.8998413,5.31546,5.31546,True,True,True
1664047,63779589547066,-13.56816,2.535177,-0.2643916,-0.04144925,0.9631144,-0.1370142,-0.227859,0.007505829,0.001115341,-0.02337052,0.02723694,-0.4650574,0.8848419,0.0309522,0.0007422486,-0.02263374,0.0309522,0.0007422486,-0.02263374,0.02404785,-0.4926605,0.869873,0.02404785,-0.4926605,0.869873,5.00415,5.00415,True,True,True
1664056,63779589547077,-13.56956,2.533538,-0.2679474,-0.04203618,0.9624206,-0.14178,-0.2277672,0.001135468,0.0007622681,-0.02375214,0.1786041,-0.334137,0.9254303,0.03199812,-0.0003163605,-0.02296953,0.03199812,-0.0003163605,-0.02296953,0.231369,-0.2186584,0.9479675,0.231369,-0.2186584,0.9479675,5.179855,5.179855,True,True,True
1664064,63779589547088,-13.57085,2.531969,-0.2715222,-0.04265428,0.9616753,-0.1467405,-0.2276583,-0.002028656,0.001302933,-0.02363757,0.124115,-0.5062866,0.853363,0.03175221,0.0006899567,-0.0225027,0.03175221,0.0006899567,-0.0225027,0.1947327,-0.5105591,0.8374939,0.1947327,-0.5105591,0.8374939,4.973618,4.973618,True,True,True
1664072,63779589547099,-13.57225,2.53045,-0.2750598,-0.04334285,0.9608939,-0.1516858,-0.2275868,-0.001,-0.001,-0.001,1,-1,-1,0.031465,2.827454E-05,-0.02285259,0.031465,2.827454E-05,-0.02285259,0,0,0,0,0,0,-1,-1,False,True,True
1664081,63779589547099,-13.57225,2.53045,-0.2750598,-0.04334285,0.9608939,-0.1516858,-0.2275868,-0.001,-0.001,-0.001,1,-1,-1,0.03167516,0.0008727265,-0.02264316,0.03167516,0.0008727265,-0.02264316,0,0,0,0,0,0,-1,-1,False,True,True
1664089,63779589547111,-13.57358,2.528861,-0.278662,-0.04416184,0.9600794,-0.1564684,-0.227629,-0.001,-0.001,-0.001,1,-1,-1,0.03125988,-0.000220932,-0.02311423,0.03125988,-0.000220932,-0.02311423,0,0,0,0,0,0,-1,-1,False,True,True
1664097,63779589547122,-13.57493,2.527411,-0.2822416,-0.04509546,0.9592477,-0.1612027,-0.2276488,-0.001,-0.001,-0.001,1,-1,-1,0.03125988,-0.000220932,-0.02311423,0.03125988,-0.000220932,-0.02311423,0,0,0,0,0,0,-1,-1,False,False,False
1664106,63779589547122,-13.57493,2.527411,-0.2822416,-0.04509546,0.9592477,-0.1612027,-0.2276488,-0.001,-0.001,-0.001,1,-1,-1,0.03125988,-0.000220932,-0.02311423,0.03125988,-0.000220932,-0.02311423,0,0,0,0,0,0,-1,-1,False,False,False
1664114,63779589547133,-13.57635,2.525928,-0.2859128,-0.04602252,0.9584367,-0.1653855,-0.2278786,-0.001,-0.001,-0.001,1,-1,-1,0.0339585,-0.00110434,-0.02511258,0.0339585,-0.00110434,-0.02511258,0,0,0,0,0,0,-1,-1,False,True,True
1664122,63779589547144,-13.57773,2.524535,-0.2896032,-0.04695846,0.9576455,-0.169462,-0.2280189,-0.001,-0.001,-0.001,1,-1,-1,0.0337811,-0.001055817,-0.02486621,0.0337811,-0.001055817,-0.02486621,0,0,0,0,0,0,-1,-1,False,True,True
1664131,63779589547155,-13.57909,2.523165,-0.293319,-0.04763347,0.9568492,-0.1733072,-0.2283313,-0.001,-0.001,-0.001,1,-1,-1,0.02915979,-0.001717957,-0.02374086,0.02915979,-0.001717957,-0.02374086,0,0,0,0,0,0,-1,-1,False,True,True
1664139,63779589547155,-13.57909,2.523165,-0.293319,-0.04763347,0.9568492,-0.1733072,-0.2283313,-0.001,-0.001,-0.001,1,-1,-1,0.02915979,-0.001717957,-0.02374086,0.02915979,-0.001717957,-0.02374086,0,0,0,0,0,0,-1,-1,False,False,False
1664147,63779589547166,-13.58045,2.521895,-0.2969583,-0.04849625,0.9560699,-0.1771969,-0.2284289,-0.001,-0.001,-0.001,1,-1,-1,0.03183405,-0.001556931,-0.02367326,0.03183405,-0.001556931,-0.02367326,0,0,0,0,0,0,-1,-1,False,True,True
1664156,63779589547177,-13.58184,2.52071,-0.3005515,-0.04908875,0.9553464,-0.180898,-0.2284282,-0.001,-0.001,-0.001,1,-1,-1,0.03119734,-0.0009155884,-0.02359488,0.03119734,-0.0009155884,-0.02359488,0,0,0,0,0,0,-1,-1,False,True,True
1664164,63779589547189,-13.58311,2.519526,-0.3040286,-0.04998061,0.9545724,-0.1847836,-0.2283603,-0.001,-0.001,-0.001,1,-1,-1,0.03286755,-0.001190445,-0.0235155,0.03286755,-0.001190445,-0.0235155,0,0,0,0,0,0,-1,-1,False,True,True
1664172,63779589547189,-13.58311,2.519526,-0.3040286,-0.04998061,0.9545724,-0.1847836,-0.2283603,-0.001,-0.001,-0.001,1,-1,-1,0.03170871,-0.0006748505,-0.02347214,0.03170871,-0.0006748505,-0.02347214,0,0,0,0,0,0,-1,-1,False,True,True
1664181,63779589547199,-13.58439,2.518333,-0.3073972,-0.050877,0.9537423,-0.1889493,-0.2282219,-0.001,-0.001,-0.001,1,-1,-1,0.03188074,-0.0004802551,-0.02336842,0.03188074,-0.0004802551,-0.02336842,0,0,0,0,0,0,-1,-1,False,True,True
1664189,63779589547211,-13.5855,2.517082,-0.3106503,-0.05187409,0.9528546,-0.1928804,-0.228417,-0.001,-0.001,-0.001,1,-1,-1,0.03171909,-0.000246521,-0.02318672,0.03171909,-0.000246521,-0.02318672,0,0,0,0,0,0,-1,-1,False,True,True
1664197,63779589547222,-13.58665,2.516011,-0.3138914,-0.05303998,0.9519157,-0.1969534,-0.2285884,-0.001,-0.001,-0.001,1,-1,-1,0.03186394,-0.001569565,-0.02368568,0.03186394,-0.001569565,-0.02368568,0,0,0,0,0,0,-1,-1,False,True,True
1664206,63779589547233,-13.58774,2.514959,-0.3170731,-0.05391936,0.9510853,-0.2001383,-0.2290724,-0.001,-0.001,-0.001,1,-1,-1,0.03094785,-0.0002251129,-0.02307982,0.03094785,-0.0002251129,-0.02307982,0,0,0,0,0,0,-1,-1,False,True,True
1664214,63779589547233,-13.58774,2.514959,-0.3170731,-0.05391936,0.9510853,-0.2001383,-0.2290724,-0.001,-0.001,-0.001,1,-1,-1,0.03054265,0.0008864441,-0.02281308,0.03054265,0.0008864441,-0.02281308,0,0,0,0,0,0,-1,-1,False,True,True
1664222,63779589547245,-13.58881,2.513968,-0.3202537,-0.05486546,0.9502975,-0.2029959,-0.229602,-0.001,-0.001,-0.001,1,-1,-1,0.0318216,-0.0006728821,-0.02315549,0.0318216,-0.0006728821,-0.02315549,0,0,0,0,0,0,-1,-1,False,True,True
1664231,63779589547255,-13.58985,2.513185,-0.323498,-0.05555487,0.9495991,-0.2054118,-0.2301762,-0.001,-0.001,-0.001,1,-1,-1,0.03122272,8.00171E-05,-0.02294673,0.03122272,8.00171E-05,-0.02294673,0,0,0,0,0,0,-1,-1,False,True,True
1664239,63779589547266,-13.59087,2.512463,-0.3266307,-0.05595808,0.9489462,-0.207547,-0.230855,-0.001,-0.001,-0.001,1,-1,-1,0.03191774,-0.0001511536,-0.02300488,0.03191774,-0.0001511536,-0.02300488,0,0,0,0,0,0,-1,-1,False,True,True
1664247,63779589547266,-13.59087,2.512463,-0.3266307,-0.05595808,0.9489462,-0.207547,-0.230855,-0.001,-0.001,-0.001,1,-1,-1,0.0309178,0.0001824036,-0.02283246,0.0309178,0.0001824036,-0.02283246,0,0,0,0,0,0,-1,-1,False,True,True
1664256,63779589547277,-13.59185,2.511882,-0.3298527,-0.056245,0.9482998,-0.2095466,-0.2316338,-0.001,-0.001,-0.001,1,-1,-1,0.031095,0.0002077637,-0.0227356,0.031095,0.0002077637,-0.0227356,0,0,0,0,0,0,-1,-1,False,True,True
1664264,63779589547288,-13.59279,2.511275,-0.3329157,-0.05612396,0.9475939,-0.2119689,-0.2323468,0.03034152,0.0002883759,-0.02285665,-0.04382324,-0.5825806,0.8115845,0.03067607,0.0002824097,-0.02284618,0.03067607,0.0002824097,-0.02284618,-0.04518127,-0.5831146,0.8111267,-0.04518127,-0.5831146,0.8111267,5.23407,5.23407,True,True,True
1664272,63779589547300,-13.59372,2.51064,-0.3358284,-0.05569137,0.9468751,-0.2145325,-0.2330276,-0.02663719,0.00152768,-0.0245527,0.1544495,-0.5735626,0.8044586,0.03071225,0.0004505158,-0.02285066,0.03071225,0.0004505158,-0.02285066,0,0,0,0,0,0,-1,-1,True,True,True
1664281,63779589547300,-13.59372,2.51064,-0.3358284,-0.05569137,0.9468751,-0.2145325,-0.2330276,-0.02681119,0.001170746,-0.02465378,0.1097412,-0.4954224,0.8616791,0.0307948,0.0003468781,-0.02294028,0.0307948,0.0003468781,-0.02294028,0,0,0,0,0,0,-1,-1,True,True,True
1664289,63779589547311,-13.59462,2.509957,-0.3386577,-0.05497886,0.9461558,-0.217361,-0.2334969,-0.005488816,0.000842392,-0.02401821,0.08435059,-0.5272064,0.8455353,0.03069325,8.27179E-05,-0.02295035,0.03069325,8.27179E-05,-0.02295035,0.02154541,-0.547287,0.8366547,0.02154541,-0.547287,0.8366547,4.573074,4.573074,True,True,True
1664297,63779589547321,-13.5956,2.509312,-0.3413739,-0.05395489,0.945396,-0.2204917,-0.2338777,-0.004527268,0.0008740082,-0.02395396,0.0531311,-0.5343475,0.8435822,0.03076013,0.0001509552,-0.02286244,0.03076013,0.0001509552,-0.02286244,-0.006469727,-0.474884,0.8800201,-0.006469727,-0.474884,0.8800201,5.271744,5.271744,True,True,True
1664306,63779589547333,-13.59642,2.508693,-0.3440047,-0.05291953,0.9445843,-0.2237931,-0.2342577,-0.006912613,0.001024567,-0.02389388,0.004821777,-0.5704651,0.8212891,0.03114566,0.0006257325,-0.02255954,0.03114566,0.0006257325,-0.02255954,0.03909302,-0.6162415,0.7865601,0.03909302,-0.6162415,0.7865601,5.541245,5.541245,True,True,True
1664314,63779589547333,-13.59642,2.508693,-0.3440047,-0.05291953,0.9445843,-0.2237931,-0.2342577,-0.0179839,0.0009941254,-0.02438759,0.08303833,-0.4972992,0.8635864,0.03155025,-0.0008614655,-0.02323415,0.03155025,-0.0008614655,-0.02323415,0.2667236,-0.2258453,0.9369202,0.2667236,-0.2258453,0.9369202,5.043259,5.043259,True,True,True
1664322,63779589547344,-13.59728,2.507995,-0.3465912,-0.05194524,0.9438038,-0.2271343,-0.2344058,-0.01415923,0.001140808,-0.0242061,0.08180237,-0.521698,0.8491974,0.03070558,0.0003527832,-0.02284267,0.03070558,0.0003527832,-0.02284267,0.04376221,-0.5457306,0.8368073,0.04376221,-0.5457306,0.8368073,4.995255,4.995255,True,True,True
1664331,63779589547355,-13.59808,2.507368,-0.3489043,-0.05107315,0.9429869,-0.2304673,-0.2346319,-0.01392897,0.001135986,-0.02420482,0.08236694,-0.5232391,0.8481903,0.03066234,0.0002201538,-0.02287718,0.03066234,0.0002201538,-0.02287718,0.03520203,-0.5411377,0.8401947,0.03520203,-0.5411377,0.8401947,4.517639,4.517639,True,True,True
1664339,63779589547355,-13.59808,2.507368,-0.3489043,-0.05107315,0.9429869,-0.2304673,-0.2346319,-0.01120453,0.001108429,-0.02411588,0.081604,-0.5486145,0.832077,0.03088422,0.0004191742,-0.02283052,0.03088422,0.0004191742,-0.02283052,0.06736755,-0.6016846,0.7958679,0.06736755,-0.6016846,0.7958679,4.44458,4.44458,True,True,True
1664347,63779589547366,-13.59886,2.506669,-0.3512805,-0.05036033,0.9422002,-0.2336692,-0.2347793,-0.00773378,0.0006834107,-0.02421427,0.1174622,-0.4538116,0.8833008,0.03057749,0.0003978272,-0.02279355,0.03057749,0.0003978272,-0.02279355,-0.004379272,-0.5167084,0.8561401,-0.004379272,-0.5167084,0.8561401,5.044373,5.044373,True,True,True
1664355,63779589547377,-13.5996,2.506054,-0.3534829,-0.04982294,0.94139,-0.2367581,-0.2350493,-0.00951413,0.001058456,-0.02407851,0.05499268,-0.5437317,0.8374481,0.03062174,0.0004055329,-0.02280403,0.03062174,0.0004055329,-0.02280403,-0.009033203,-0.5309906,0.8473206,-0.009033203,-0.5309906,0.8473206,5.071747,5.071747,True,True,True
1664364,63779589547388,-13.60024,2.505485,-0.3556665,-0.04947493,0.940601,-0.2396931,-0.2353069,-0.007839661,0.0009949189,-0.0240139,0.04814148,-0.5114288,0.8579712,0.03057511,0.0004429474,-0.02276878,0.03057511,0.0004429474,-0.02276878,0.02203369,-0.5197144,0.8540497,0.02203369,-0.5197144,0.8540497,5.068726,5.068726,True,True,True
1664372,63779589547399,-13.60089,2.50488,-0.3576183,-0.0492662,0.9398596,-0.2425511,-0.2353841,-0.005782746,0.001054047,-0.02390715,0.03106689,-0.5296783,0.8476105,0.03061368,0.0004496308,-0.02277086,0.03061368,0.0004496308,-0.02277086,-0.005645752,-0.5199432,0.8541718,-0.005645752,-0.5199432,0.8541718,5.060562,5.060562,True,True,True
1664380,63779589547399,-13.60089,2.50488,-0.3576183,-0.0492662,0.9398596,-0.2425511,-0.2353841,-0.004736542,0.001011398,-0.02389229,0.05386353,-0.5053711,0.8612061,0.03065227,0.000451355,-0.02277293,0.03065227,0.000451355,-0.02277293,0.01473999,-0.5194244,0.8543854,0.01473999,-0.5194244,0.8543854,5.047333,5.047333,True,True,True
1664389,63779589547411,-13.60152,2.504349,-0.3596051,-0.04918493,0.9391762,-0.2450629,-0.2355274,-0.0001421509,0.0009385529,-0.02375263,0.01644897,-0.5329895,0.8459473,0.03056922,0.0005012818,-0.02275861,0.03056922,0.0005012818,-0.02275861,-0.02160645,-0.5527496,0.8330536,-0.02160645,-0.5527496,0.8330536,4.750519,4.750519,True,True,True
1664397,63779589547421,-13.60215,2.503839,-0.3614332,-0.049289,0.9385748,-0.2472946,-0.23557,0.01570648,0.000738678,-0.02324611,0.02090454,-0.5266113,0.8498383,0.03072669,0.0005193329,-0.02277229,0.03072669,0.0005193329,-0.02277229,0.0111084,-0.5367126,0.8436737,0.0111084,-0.5367126,0.8436737,4.731552,4.731552,True,True,True
1664405,63779589547433,-13.60275,2.503479,-0.3631122,-0.04940024,0.9379949,-0.2493744,-0.2356645,0.01773555,0.0007455903,-0.02317955,0.05201721,-0.5166321,0.8546143,0.03079924,0.0005725708,-0.022763,0.03079924,0.0005725708,-0.022763,0.04434204,-0.5376892,0.8419647,0.04434204,-0.5376892,0.8419647,4.768112,4.768112,True,True,True
1664414,63779589547433,-13.60275,2.503479,-0.3631122,-0.04940024,0.9379949,-0.2493744,-0.2356645,0.01862279,0.0008021698,-0.0231288,0.06222534,-0.5248718,0.8488922,0.03087181,0.0006258087,-0.02275371,0.03087181,0.0006258087,-0.02275371,0.0489502,-0.5386047,0.8411255,0.0489502,-0.5386047,0.8411255,4.806091,4.806091,True,True,True
1664422,63779589547444,-13.6034,2.503189,-0.3647919,-0.04930585,0.9374257,-0.2514046,-0.2357919,0.02143417,0.000787201,-0.02302377,0.05116272,-0.5157623,0.8551941,0.03087439,0.0006435395,-0.02274697,0.03087439,0.0006435395,-0.02274697,0.05180359,-0.5205841,0.8522339,0.05180359,-0.5205841,0.8522339,4.937897,4.937897,True,True,True
1664430,63779589547455,-13.60408,2.503155,-0.36624,-0.04916563,0.9368921,-0.253264,-0.2359519,0.02031058,0.0008326416,-0.02300798,0.0536499,-0.5119019,0.8573608,0.03080742,0.0006572724,-0.02270674,0.03080742,0.0006572724,-0.02270674,0.0670166,-0.5028381,0.8617706,0.0670166,-0.5028381,0.8617706,5.186981,5.186981,True,True,True
1664439,63779589547466,-13.60465,2.503276,-0.3677708,-0.04888665,0.9363712,-0.2549987,-0.2362091,0.0208972,0.0007658997,-0.02303412,0.1011353,-0.5053101,0.8569794,0.03064295,0.0006409607,-0.02271539,0.03064295,0.0006409607,-0.02271539,0.09757996,-0.5149994,0.8516083,0.09757996,-0.5149994,0.8516083,5.212952,5.212952,True,True,True
1664447,63779589547466,-13.60465,2.503276,-0.3677708,-0.04888665,0.9363712,-0.2549987,-0.2362091,0.01705948,0.0007453003,-0.02316095,0.06072998,-0.472702,0.8791199,0.03031654,0.0005583344,-0.02270972,0.03031654,0.0005583344,-0.02270972,0.03640747,-0.484024,0.8742828,0.03640747,-0.484024,0.8742828,5.370712,5.370712,True,True,True
1664455,63779589547477,-13.60526,2.503368,-0.3691034,-0.04885754,0.935846,-0.25697,-0.2361602,0.01653329,0.0007332001,-0.02316832,0.08427429,-0.4612885,0.8832245,0.03019524,0.0004944458,-0.02271341,0.03019524,0.0004944458,-0.02271341,0.06016541,-0.4583893,0.8867035,0.06016541,-0.4583893,0.8867035,5.310776,5.310776,True,True,True
1664464,63779589547488,-13.60598,2.503689,-0.3701968,-0.04861365,0.9354092,-0.2588202,-0.2359204,0.02013397,0.0007357636,-0.0230103,0.08622742,-0.4675446,0.8797455,0.0300455,0.0005906525,-0.02266559,0.0300455,0.0005906525,-0.02266559,0.07176208,-0.4747009,0.8771973,0.07176208,-0.4747009,0.8771973,5.317978,5.317978,True,True,True
1664472,63779589547499,-13.60666,2.504001,-0.3713258,-0.04848327,0.934859,-0.2609024,-0.2358344,0.02109105,0.0006616822,-0.02302992,0.09945679,-0.4407501,0.8920898,0.03020215,0.00052594,-0.02272394,0.03020215,0.00052594,-0.02272394,0.08961487,-0.4409943,0.8930054,0.08961487,-0.4409943,0.8930054,5.4879,5.4879,True,True,True
1664480,63779589547499,-13.60666,2.504001,-0.3713258,-0.04848327,0.934859,-0.2609024,-0.2358344,0.02265145,0.0006211548,-0.02297211,0.09059143,-0.4284668,0.8989868,0.03026192,0.0005062714,-0.0227152,0.03026192,0.0005062714,-0.0227152,0.07987976,-0.427124,0.90065,0.07987976,-0.427124,0.90065,5.366592,5.366592,True,True,True
1664489,63779589547510,-13.60742,2.504424,-0.3722623,-0.04837342,0.9344161,-0.2625331,-0.235803,0.02464678,0.0006315308,-0.02289017,0.09542847,-0.4262085,0.8995667,0.03026727,0.0005514221,-0.02269872,0.03026727,0.0005514221,-0.02269872,0.08877563,-0.4251404,0.9007568,0.08877563,-0.4251404,0.9007568,5.342468,5.342468,True,True,True
1664497,63779589547521,-13.60813,2.505017,-0.3731736,-0.04823778,0.9339915,-0.2642054,-0.2356448,0.02119132,0.0008329926,-0.02289499,0.06871033,-0.4725189,0.8786316,0.03012595,0.0007327576,-0.02257022,0.03012595,0.0007327576,-0.02257022,0.05395508,-0.4788818,0.8762054,0.05395508,-0.4788818,0.8762054,5.292679,5.292679,True,True,True
1664505,63779589547532,-13.60889,2.505571,-0.3739201,-0.04808091,0.9336007,-0.2658887,-0.2353317,0.0083275,0.001054321,-0.02332457,0.08216858,-0.4614716,0.8833313,0.03006096,0.0008538666,-0.02251135,0.03006096,0.0008538666,-0.02251135,0.03717041,-0.4759827,0.8786621,0.03717041,-0.4759827,0.8786621,5.389267,5.389267,True,True,True
1664514,63779589547532,-13.60889,2.505571,-0.3739201,-0.04808091,0.9336007,-0.2658887,-0.2353317,-0.006312333,0.001204178,-0.02386687,0.1176147,-0.4637299,0.8781281,0.03009897,0.0008832703,-0.0225083,0.03009897,0.0008832703,-0.0225083,0.04267883,-0.509552,0.8593597,0.04267883,-0.509552,0.8593597,5.30957,5.30957,True,True,True
1664522,63779589547544,-13.60965,2.506348,-0.3745413,-0.04809149,0.9332544,-0.2673635,-0.2350325,-0.008420365,0.001108536,-0.02400453,0.1404572,-0.4205933,0.8963013,0.03032184,0.0005177918,-0.02269701,0.03032184,0.0005177918,-0.02269701,0.08924866,-0.3876343,0.9174652,0.08924866,-0.3876343,0.9174652,5.473328,5.473328,True,True,True
1664530,63779589547554,-13.61035,2.507181,-0.3751781,-0.04828544,0.9329965,-0.2684592,-0.2347672,-0.00801178,0.0011091,-0.02398873,0.1415863,-0.4172058,0.8977051,0.03032433,0.0005303497,-0.02269254,0.03032433,0.0005303497,-0.02269254,0.08869934,-0.3892975,0.9168243,0.08869934,-0.3892975,0.9168243,5.330734,5.330734,True,True,True
1664539,63779589547565,-13.61119,2.50804,-0.375575,-0.04860004,0.9327772,-0.2693734,-0.2345269,-0.00870047,0.001147858,-0.02399783,0.1385193,-0.4301453,0.8920593,0.03031014,0.0006271973,-0.02264707,0.03031014,0.0006271973,-0.02264707,0.08216858,-0.4178162,0.9048004,0.08216858,-0.4178162,0.9048004,5.328323,5.328323,True,True,True
1664547,63779589547565,-13.61119,2.50804,-0.375575,-0.04860004,0.9327772,-0.2693734,-0.2345269,-0.005284516,0.001082977,-0.02389179,0.1367035,-0.4228363,0.8958282,0.03032433,0.0005699768,-0.02268019,0.03032433,0.0005699768,-0.02268019,0.08859253,-0.399765,0.9123077,0.08859253,-0.399765,0.9123077,5.319717,5.319717,True,True,True
1664555,63779589547577,-13.61208,2.509048,-0.3758449,-0.04902031,0.9325139,-0.2703265,-0.2343894,-0.005775391,0.001115219,-0.02389894,0.1385803,-0.4288788,0.8926544,0.03032195,0.0006442566,-0.02265311,0.03032195,0.0006442566,-0.02265311,0.09594727,-0.4172516,0.9037018,0.09594727,-0.4172516,0.9037018,5.274841,5.274841,True,True,True
1664564,63779589547588,-13.613,2.510073,-0.3760183,-0.04981015,0.9322886,-0.2710349,-0.2343012,-0.002339279,0.00110463,-0.02376813,0.1338196,-0.4360199,0.8899231,0.03031957,0.0007185364,-0.02262601,0.03031957,0.0007185364,-0.02262601,0.09359741,-0.4349365,0.8955688,0.09359741,-0.4349365,0.8955688,5.326797,5.326797,True,True,True
1664572,63779589547599,-13.6139,2.511193,-0.3761708,-0.05034516,0.9320192,-0.2718419,-0.2343235,-0.003150162,0.001113068,-0.02379172,0.1339264,-0.4353638,0.8902283,0.03030776,0.000721283,-0.0226138,0.03030776,0.000721283,-0.0226138,0.09550476,-0.4340515,0.8957977,0.09550476,-0.4340515,0.8957977,5.307159,5.307159,True,True,True
1664580,63779589547599,-13.6139,2.511193,-0.3761708,-0.05034516,0.9320192,-0.2718419,-0.2343235,-0.002031189,0.001094238,-0.02375623,0.1284027,-0.4332275,0.8920746,0.03029593,0.0007240449,-0.02260159,0.03029593,0.0007240449,-0.02260159,0.09741211,-0.4331665,0.8960266,0.09741211,-0.4331665,0.8960266,5.287537,5.287537,True,True,True
1664589,63779589547610,-13.61486,2.512403,-0.376132,-0.05094259,0.9317637,-0.2724651,-0.2344867,-0.001670578,0.001125443,-0.02372722,0.1251831,-0.441803,0.8883209,0.030291,0.0007884675,-0.02257877,0.030291,0.0007884675,-0.02257877,0.09103394,-0.4483948,0.8891754,0.09103394,-0.4483948,0.8891754,5.311234,5.311234,True,True,True
1664597,63779589547621,-13.61583,2.513545,-0.3760838,-0.0515931,0.9314256,-0.2732271,-0.2348011,-0.0004836884,0.001146683,-0.02367226,0.121048,-0.4498138,0.8848724,0.03028606,0.0008529053,-0.02255594,0.03028606,0.0008529053,-0.02255594,0.09469604,-0.4632111,0.8811646,0.09469604,-0.4632111,0.8811646,5.29538,5.29538,True,True,True
1664605,63779589547632,-13.61689,2.514686,-0.376078,-0.05226474,0.9311639,-0.2737918,-0.2350325,-0.0004909516,0.001147644,-0.02366956,0.1177673,-0.441391,0.8895416,0.03028606,0.0008532105,-0.02255489,0.03028606,0.0008532105,-0.02255489,0.0896759,-0.4572906,0.8847656,0.0896759,-0.4572906,0.8847656,5.314316,5.314316,True,True,True
1664614,63779589547632,-13.61689,2.514686,-0.376078,-0.05226474,0.9311639,-0.2737918,-0.2350325,-1.448059E-05,0.001143768,-0.02365173,0.1145172,-0.4449005,0.8882141,0.03028606,0.0008535156,-0.02255383,0.03028606,0.0008535156,-0.02255383,0.0846405,-0.4513245,0.8883209,0.0846405,-0.4513245,0.8883209,5.333511,5.333511,True,True,True
1664622,63779589547643,-13.61798,2.515824,-0.3758807,-0.05281701,0.9309133,-0.2743114,-0.2352958,-9.643555E-05,0.001145065,-0.02365428,0.1138763,-0.4387512,0.8913574,0.03028598,0.0008546143,-0.02255293,0.03028598,0.0008546143,-0.02255293,0.08299255,-0.450943,0.8886719,0.08299255,-0.450943,0.8886719,5.313232,5.313232,True,True,True
1664630,63779589547655,-13.61909,2.516973,-0.3757323,-0.05332809,0.9306417,-0.2748435,-0.235634,-0.0005085755,0.001148483,-0.02366959,0.1156616,-0.4380951,0.891449,0.03028606,0.0008535156,-0.02255383,0.03028606,0.0008535156,-0.02255383,0.08462524,-0.4499817,0.8890076,0.08462524,-0.4499817,0.8890076,5.333344,5.333344,True,True,True
1664639,63779589547666,-13.6202,2.518095,-0.3754857,-0.05371814,0.9303313,-0.2754652,-0.2360446,0.00301738,0.001115112,-0.02354126,0.1101227,-0.4393005,0.8915558,0.03028606,0.0008532105,-0.02255293,0.03028606,0.0008532105,-0.02255293,0.08314514,-0.449295,0.8894958,0.08314514,-0.449295,0.8894958,5.333466,5.333466,True,True,True
1664647,63779589547666,-13.6202,2.518095,-0.3754857,-0.05371814,0.9303313,-0.2754652,-0.2360446,0.004186127,0.001106033,-0.02349919,0.1074219,-0.4438629,0.8896179,0.03028606,0.0008529053,-0.02255383,0.03028606,0.0008529053,-0.02255383,0.08270264,-0.4498596,0.8892517,0.08270264,-0.4498596,0.8892517,5.333405,5.333405,True,True,True
1664655,63779589547677,-13.62142,2.519242,-0.37523,-0.05419541,0.9300271,-0.2762288,-0.236242,0.005376648,0.001095734,-0.02345505,0.1049957,-0.4455109,0.8890839,0.03028606,0.0008529053,-0.02255203,0.03028606,0.0008529053,-0.02255203,0.08244324,-0.4498901,0.8892517,0.08244324,-0.4498901,0.8892517,5.292999,5.292999,True,True,True
1664664,63779589547688,-13.62262,2.520341,-0.3750231,-0.0545193,0.9296304,-0.2771769,-0.2366178,0.007681107,0.001073853,-0.02336919,0.1050568,-0.4461212,0.8887634,0.03028606,0.0008529053,-0.02254936,0.03028606,0.0008529053,-0.02254936,0.08427429,-0.4500427,0.8890076,0.08427429,-0.4500427,0.8890076,5.27977,5.27977,True,True,True
1664672,63779589547699,-13.62382,2.521411,-0.3747699,-0.05485077,0.9292751,-0.2781818,-0.2367576,0.008464829,0.001068085,-0.02333864,0.1021423,-0.4450378,0.8896484,0.03028606,0.0008535156,-0.02254593,0.03028606,0.0008535156,-0.02254593,0.08236694,-0.4489136,0.8897552,0.08236694,-0.4489136,0.8897552,5.279755,5.279755,True,True,True
1664680,63779589547699,-13.62382,2.521411,-0.3747699,-0.05485077,0.9292751,-0.2781818,-0.2367576,0.007755692,0.001075638,-0.02336293,0.1019745,-0.4451447,0.8896179,0.03028589,0.0008535156,-0.02254358,0.03028589,0.0008535156,-0.02254358,0.08128357,-0.4491425,0.88974,0.08128357,-0.4491425,0.88974,5.279785,5.279785,True,True,True
1664689,63779589547711,-13.62501,2.522578,-0.3745899,-0.05494139,0.9288383,-0.2793983,-0.237018,0.008562058,0.001068024,-0.02333321,0.09686279,-0.4441681,0.890686,0.03028528,0.0008535156,-0.02254306,0.03028528,0.0008535156,-0.02254306,0.07476807,-0.4482269,0.8907776,0.07476807,-0.4482269,0.8907776,5.209732,5.209732,True,True,True
1664697,63779589547721,-13.62623,2.523628,-0.3743305,-0.05509783,0.9284801,-0.2805655,-0.237006,0.01087218,0.001041183,-0.0232473,0.09243774,-0.4423218,0.8920746,0.03028394,0.0008474427,-0.02254027,0.03028394,0.0008474427,-0.02254027,0.07164001,-0.4447632,0.8927765,0.07164001,-0.4447632,0.8927765,5.209366,5.209366,True,True,True
1664705,63779589547732,-13.62732,2.524848,-0.3740321,-0.05531537,0.9280859,-0.2817923,-0.2370441,0.01055901,0.001044296,-0.02325676,0.09225464,-0.4401703,0.893158,0.03028244,0.0008474427,-0.02253735,0.03028244,0.0008474427,-0.02253735,0.0708313,-0.4442749,0.8930817,0.0708313,-0.4442749,0.8930817,5.271423,5.271423,True,True,True
1664714,63779589547732,-13.62732,2.524848,-0.3740321,-0.05531537,0.9280859,-0.2817923,-0.2370441,0.00881131,0.001061508,-0.02329917,0.08598328,-0.4411926,0.8932648,0.03024378,0.0008474427,-0.02250466,0.03024378,0.0008474427,-0.02250466,0.05909729,-0.4463196,0.8929138,0.05909729,-0.4463196,0.8929138,5.210907,5.210907,True,True,True
1664722,63779589547743,-13.62852,2.526148,-0.3737352,-0.05560418,0.9276364,-0.2832225,-0.2370314,0.009608918,0.001053543,-0.02326962,0.08102417,-0.4385529,0.8950348,0.03024378,0.0008474427,-0.02250466,0.03024378,0.0008474427,-0.02250466,0.05267334,-0.4418335,0.8955383,0.05267334,-0.4418335,0.8955383,5.233017,5.233017,True,True,True
1664730,63779589547755,-13.62972,2.527416,-0.3734876,-0.05609003,0.9271849,-0.2846958,-0.2369188,0.00304483,0.00119867,-0.02346379,0.05639648,-0.4646301,0.8836975,0.03004732,0.0009999695,-0.02241867,0.03004732,0.0009999695,-0.02241867,-0.009155273,-0.4931488,0.8698883,-0.009155273,-0.4931488,0.8698883,5.115692,5.115692,True,True,True
1664739,63779589547766,-13.63089,2.528831,-0.3732098,-0.05673497,0.9266914,-0.2861526,-0.2369407,0.001500992,0.001158722,-0.0235853,0.1080322,-0.4349823,0.8939209,0.03040791,0.0008942719,-0.0225285,0.03040791,0.0008942719,-0.0225285,0.09332275,-0.4434509,0.8914185,0.09332275,-0.4434509,0.8914185,5.068527,5.068527,True,True,True
1664747,63779589547766,-13.63089,2.528831,-0.3732098,-0.05673497,0.9266914,-0.2861526,-0.2369407,-7.214356E-05,0.001314362,-0.02353682,0.06538391,-0.4766846,0.8766327,0.03002245,0.001123032,-0.02236061,0.03002245,0.001123032,-0.02236061,-0.001281738,-0.5077209,0.8615112,-0.001281738,-0.5077209,0.8615112,5.085663,5.085663,True,True,True
1664755,63779589547777,-13.63207,2.530362,-0.372973,-0.05745153,0.9261927,-0.2876345,-0.2369234,-9.866333E-05,0.001249619,-0.02360457,0.1027222,-0.4357605,0.8941803,0.03042629,0.0009660645,-0.02249994,0.03042629,0.0009660645,-0.02249994,0.07745361,-0.4339447,0.8975983,0.07745361,-0.4339447,0.8975983,5.144592,5.144592,True,True,True
1664764,63779589547788,-13.63324,2.532124,-0.372793,-0.05853264,0.9257106,-0.2888866,-0.2370199,0.0007557526,0.001301849,-0.02352016,0.06260681,-0.4538727,0.888855,0.030246,0.001072144,-0.02241493,0.030246,0.001072144,-0.02241493,0.0171051,-0.4636383,0.885849,0.0171051,-0.4636383,0.885849,5.210556,5.210556,True,True,True
1664772,63779589547799,-13.63439,2.534008,-0.3726201,-0.0594029,0.9253994,-0.2897076,-0.2370166,-0.0009337464,0.0014142,-0.0235276,0.05862427,-0.4656372,0.8830109,0.03021848,0.001255447,-0.02231308,0.03021848,0.001255447,-0.02231308,-0.01750183,-0.4954834,0.8684235,-0.01750183,-0.4954834,0.8684235,5.480255,5.480255,True,True,True
1664780,63779589547799,-13.63439,2.534008,-0.3726201,-0.0594029,0.9253994,-0.2897076,-0.2370166,-0.003682999,0.001462921,-0.02361105,0.09136963,-0.4599609,0.8832092,0.03017209,0.001298996,-0.02227396,0.03017209,0.001298996,-0.02227396,0.02209473,-0.4675751,0.883667,0.02209473,-0.4675751,0.883667,5.312805,5.312805,True,True,True
1664789,63779589547810,-13.63553,2.536024,-0.3724758,-0.06055164,0.9252757,-0.2899679,-0.2368905,-0.007301956,0.001539291,-0.02374564,0.08221436,-0.4737854,0.8767853,0.03019495,0.001451691,-0.02225311,0.03019495,0.001451691,-0.02225311,-0.01644897,-0.5172577,0.8556671,-0.01644897,-0.5172577,0.8556671,5.334183,5.334183,True,True,True
1664797,63779589547821,-13.63659,2.538133,-0.3723248,-0.061496,0.9252067,-0.290008,-0.2368675,-0.008668015,0.001487061,-0.02380792,0.08692932,-0.4623566,0.8824005,0.03017209,0.001298996,-0.02227396,0.03017209,0.001298996,-0.02227396,-0.0006256104,-0.4773712,0.8786926,-0.0006256104,-0.4773712,0.8786926,5.317169,5.317169,True,True,True
1664805,63779589547832,-13.63766,2.540303,-0.3722084,-0.06240893,0.9252797,-0.2896804,-0.2367445,-0.007338761,0.001475098,-0.02376477,0.07884216,-0.4638977,0.8823547,0.03019495,0.001286408,-0.02228285,0.03019495,0.001286408,-0.02228285,-0.006118774,-0.482193,0.8760223,-0.006118774,-0.482193,0.8760223,5.319702,5.319702,True,True,True
1664814,63779589547832,-13.63766,2.540303,-0.3722084,-0.06240893,0.9252797,-0.2896804,-0.2367445,-0.008413025,0.001476212,-0.02381642,0.08370972,-0.4588623,0.884552,0.03021781,0.001273834,-0.02229175,0.03021781,0.001273834,-0.02229175,0.01141357,-0.47052,0.882309,0.01141357,-0.47052,0.882309,5.31633,5.31633,True,True,True
1664822,63779589547843,-13.63868,2.542552,-0.3721596,-0.06327031,0.9254421,-0.2891438,-0.2365368,-0.002830399,0.001444428,-0.02359895,0.06581116,-0.4579468,0.8865356,0.03020105,0.00126828,-0.02230013,0.03020105,0.00126828,-0.02230013,-0.004653931,-0.4662476,0.8846283,-0.004653931,-0.4662476,0.8846283,5.328201,5.328201,True,True,True
1664830,63779589547855,-13.63973,2.544838,-0.3721153,-0.06415427,0.9255638,-0.288728,-0.2363308,-0.002040054,0.001437683,-0.02357216,0.06025696,-0.4578857,0.8869629,0.03021781,0.001262741,-0.0223085,0.03021781,0.001262741,-0.0223085,-0.0118103,-0.466629,0.8843689,-0.0118103,-0.466629,0.8843689,5.340073,5.340073,True,True,True
1664839,63779589547866,-13.64075,2.547081,-0.3720555,-0.06503286,0.9258468,-0.2878578,-0.2360427,0.001173615,0.001332932,-0.02350456,0.07472229,-0.4377136,0.8959961,0.03034313,0.001084991,-0.02242262,0.03034313,0.001084991,-0.02242262,0.03279114,-0.4255219,0.9043427,0.03279114,-0.4255219,0.9043427,5.310577,5.310577,True,True,True
1664847,63779589547866,-13.64075,2.547081,-0.3720555,-0.06503286,0.9258468,-0.2878578,-0.2360427,-0.002836228,0.001292359,-0.02370352,0.08920288,-0.4218292,0.9022675,0.03046845,0.0009072571,-0.02253674,0.03046845,0.0009072571,-0.02253674,0.05429077,-0.3832397,0.9220428,0.05429077,-0.3832397,0.9220428,5.289108,5.289108,True,True,True
1664855,63779589547877,-13.64172,2.549316,-0.3720387,-0.0658299,0.9261263,-0.2869532,-0.2358268,-0.01229221,0.001399262,-0.02403516,0.1009064,-0.4317169,0.8963318,0.03047125,0.0009038697,-0.02253793,0.03047125,0.0009038697,-0.02253793,0.0667572,-0.3826752,0.9214478,0.0667572,-0.3826752,0.9214478,5.287537,5.287537,True,True,True
1664864,63779589547888,-13.64269,2.551575,-0.3720393,-0.06673807,0.9264482,-0.2858285,-0.2356733,-0.01705023,0.001453201,-0.02420154,0.1029968,-0.4365387,0.8937531,0.03046845,0.0009072571,-0.02253674,0.03046845,0.0009072571,-0.02253674,0.06568909,-0.384079,0.9209442,0.06568909,-0.384079,0.9209442,5.286179,5.286179,True,True,True
1664872,63779589547899,-13.64361,2.553881,-0.3720355,-0.06758483,0.9267793,-0.2846233,-0.2355886,-0.01541626,0.00146991,-0.02412064,0.09855652,-0.4436188,0.8907623,0.03038263,0.001084991,-0.02242262,0.03038263,0.001084991,-0.02242262,0.0473938,-0.4426727,0.8954163,0.0473938,-0.4426727,0.8954163,5.287781,5.287781,True,True,True
1664880,63779589547899,-13.64361,2.553881,-0.3720355,-0.06758483,0.9267793,-0.2846233,-0.2355886,-0.0128279,0.001435318,-0.02402936,0.09785461,-0.4394989,0.8928833,0.03039089,0.00103418,-0.02244107,0.03039089,0.00103418,-0.02244107,0.0539856,-0.4373627,0.897644,0.0539856,-0.4373627,0.897644,5.275558,5.275558,True,True,True
1664889,63779589547910,-13.64452,2.556069,-0.3719906,-0.06829197,0.9271185,-0.283413,-0.2355095,-0.009799851,0.001388229,-0.02393266,0.09686279,-0.434494,0.8954315,0.03041156,0.0009707185,-0.02248891,0.03041156,0.0009707185,-0.02248891,0.06095886,-0.4211273,0.9049377,0.06095886,-0.4211273,0.9049377,5.260849,5.260849,True,True,True
1664897,63779589547921,-13.64539,2.558199,-0.3720561,-0.06912547,0.927372,-0.2823517,-0.2355432,-0.005684357,0.001310379,-0.0237621,0.05000305,-0.44487,0.8941803,0.03013786,0.001019363,-0.02241016,0.03013786,0.001019363,-0.02241016,-0.008834839,-0.4831543,0.875473,-0.008834839,-0.4831543,0.875473,5.06752,5.06752,True,True,True
1664905,63779589547932,-13.64633,2.560244,-0.3720463,-0.06963445,0.9276612,-0.2812661,-0.2355528,-0.003524475,0.00134195,-0.0236534,0.04762268,-0.4308014,0.9011841,0.03019394,0.001102142,-0.02237785,0.03019394,0.001102142,-0.02237785,-0.00843811,-0.4692993,0.8829956,-0.00843811,-0.4692993,0.8829956,4.956604,4.956604,True,True,True
1664914,63779589547932,-13.64633,2.560244,-0.3720463,-0.06963445,0.9276612,-0.2812661,-0.2355528,-0.001438736,0.001561035,-0.02347182,0.03753662,-0.453598,0.8903961,0.03036307,0.001318482,-0.02230222,0.03036307,0.001318482,-0.02230222,-0.02287292,-0.491333,0.8706665,-0.02287292,-0.491333,0.8706665,5.079086,5.079086,True,True,True
1664922,63779589547943,-13.64719,2.562187,-0.3720375,-0.07020904,0.9279864,-0.279995,-0.2356154,0.004864701,0.001500168,-0.02328688,0.05302429,-0.3860016,0.9209595,0.030498,0.00119603,-0.02240506,0.030498,0.00119603,-0.02240506,-0.01098633,-0.3856964,0.9225464,-0.01098633,-0.3856964,0.9225464,5.236984,5.236984,True,True,True
1664930,63779589547954,-13.648,2.564162,-0.3720229,-0.07075267,0.9283385,-0.2786421,-0.2356698,0.01152652,0.001643051,-0.02296094,-0.04298401,-0.4147644,0.908905,0.03029585,0.001338654,-0.02228954,0.03029585,0.001338654,-0.02228954,-0.07923889,-0.4242554,0.9020538,-0.07923889,-0.4242554,0.9020538,5.146027,5.146027,True,True,True
1664939,63779589547966,-13.64883,2.566121,-0.3720587,-0.07126111,0.9286951,-0.2772039,-0.2358079,0.0141071,0.001613617,-0.02283005,0.009902954,-0.4384766,0.8986816,0.03037216,0.001499161,-0.02221414,0.03037216,0.001499161,-0.02221414,-0.03730774,-0.4722595,0.880661,-0.03730774,-0.4722595,0.880661,4.891678,4.891678,True,True,True
1664947,63779589547966,-13.64883,2.566121,-0.3720587,-0.07126111,0.9286951,-0.2772039,-0.2358079,0.0134852,0.001612625,-0.02285422,0.00743103,-0.4328003,0.9014587,0.03037535,0.001496491,-0.02221491,0.03037535,0.001496491,-0.02221491,-0.04093933,-0.4650269,0.8843384,-0.04093933,-0.4650269,0.8843384,4.986572,4.986572,True,True,True
1664955,63779589547977,-13.64978,2.568055,-0.3720868,-0.07191372,0.9290115,-0.2758795,-0.2359162,0.01418633,0.001602539,-0.02282832,0.01074219,-0.4364624,0.8996429,0.03037854,0.001493835,-0.02221567,0.03037854,0.001493835,-0.02221567,-0.03541565,-0.4712067,0.8813019,-0.03541565,-0.4712067,0.8813019,4.945923,4.945923,True,True,True
1664964,63779589547988,-13.65061,2.56989,-0.372188,-0.07261693,0.9292716,-0.2745418,-0.2362373,0.01311574,0.001596542,-0.02287438,0.01885986,-0.4340668,0.9006653,0.03038378,0.001483154,-0.02222223,0.03038378,0.001483154,-0.02222223,-0.02871704,-0.470932,0.8816986,-0.02871704,-0.470932,0.8816986,4.917007,4.917007,True,True,True
1664972,63779589547999,-13.65141,2.571764,-0.3722253,-0.07333419,0.9294983,-0.2733453,-0.2365107,0.00592096,0.001629562,-0.02315114,0.0415802,-0.4153137,0.9087219,0.03038902,0.001472473,-0.02222878,0.03038902,0.001472473,-0.02222878,-0.02185059,-0.4656372,0.8846893,-0.02185059,-0.4656372,0.8846893,4.942017,4.942017,True,True,True
1664980,63779589547999,-13.65141,2.571764,-0.3722253,-0.07333419,0.9294983,-0.2733453,-0.2365107,0.002130829,0.001591415,-0.02333954,0.05534363,-0.3937836,0.9175262,0.03044811,0.001355438,-0.02231516,0.03044811,0.001355438,-0.02231516,-0.008239746,-0.431427,0.9020996,-0.008239746,-0.431427,0.9020996,4.983398,4.983398,True,True,True
1664989,63779589548010,-13.6522,2.573621,-0.3722684,-0.07420797,0.9296537,-0.2721104,-0.2370508,-0.002628449,0.001577789,-0.02354988,0.06811523,-0.3754883,0.9243011,0.03050476,0.001238403,-0.02240152,0.03050476,0.001238403,-0.02240152,0.004867554,-0.3964386,0.918045,0.004867554,-0.3964386,0.918045,5.026962,5.026962,True,True,True
1664997,63779589548010,-13.6522,2.573621,-0.3722684,-0.07420797,0.9296537,-0.2721104,-0.2370508,-0.006190445,0.00160228,-0.02367447,0.07344055,-0.3708954,0.9257507,0.03050319,0.001220688,-0.02240297,0.03050319,0.001220688,-0.02240297,0.004043579,-0.3905945,0.9205475,0.004043579,-0.3905945,0.9205475,5.042206,5.042206,True,True,True
1665005,63779589548032,-13.65362,2.577137,-0.3722187,-0.07610498,0.9298889,-0.2694404,-0.2385717,-0.006188736,0.001590256,-0.02367523,0.07276917,-0.3686829,0.9266968,0.03050163,0.001202957,-0.02240353,0.03050163,0.001202957,-0.02240353,0.004135132,-0.3847504,0.9230042,0.004135132,-0.3847504,0.9230042,5.057495,5.057495,True,True,True
1665014,63779589548040,-13.65429,2.578947,-0.3722384,-0.07708194,0.9300793,-0.2677467,-0.2394213,-0.01037038,0.001624771,-0.02382106,0.079422,-0.3671722,0.9267426,0.03050031,0.001198303,-0.02240361,0.03050031,0.001198303,-0.02240361,0.003265381,-0.3850403,0.9228821,0.003265381,-0.3850403,0.9228821,5.042252,5.042252,True,True,True
1665022,63779589548040,-13.65429,2.578947,-0.3722384,-0.07708194,0.9300793,-0.2677467,-0.2394213,-0.01000174,0.001611359,-0.02380768,0.07820129,-0.367569,0.9266968,0.03050163,0.001193634,-0.02240369,0.03050163,0.001193634,-0.02240369,0.004165649,-0.3854675,0.922699,0.004165649,-0.3854675,0.922699,5.057281,5.057281,True,True,True
1665030,63779589548052,-13.65486,2.580682,-0.3722899,-0.0781482,0.9302736,-0.2656806,-0.2406195,-0.008073258,0.001584366,-0.02374077,0.07296753,-0.3676758,0.9270782,0.03050319,0.001191559,-0.02240405,0.03050319,0.001191559,-0.02240405,0.004165649,-0.3865356,0.9222565,0.004165649,-0.3865356,0.9222565,5.064102,5.064102,True,True,True
1665039,63779589548062,-13.65547,2.582459,-0.3722931,-0.07911105,0.9304394,-0.2635901,-0.2419595,-0.005606842,0.00155249,-0.02365544,0.07020569,-0.3681488,0.9271088,0.03050476,0.001189484,-0.0224044,0.03050476,0.001189484,-0.0224044,0.004165649,-0.3876038,0.9217987,0.004165649,-0.3876038,0.9217987,5.071045,5.071045,True,True,True
1665047,63779589548074,-13.65599,2.584084,-0.3722904,-0.07997078,0.9306589,-0.2613327,-0.2432775,0.001608963,0.001418976,-0.02344191,0.07275391,-0.3856812,0.919754,0.03065282,0.001070084,-0.0224727,0.03065282,0.001070084,-0.0224727,0.03819275,-0.4144897,0.9092407,0.03819275,-0.4144897,0.9092407,4.849075,4.849075,True,True,True
1665055,63779589548074,-13.65599,2.584084,-0.3722904,-0.07997078,0.9306589,-0.2613327,-0.2432775,0.009847169,0.001207428,-0.02319148,0.0453949,-0.3855133,0.9215698,0.0306579,0.0009993287,-0.02248055,0.0306579,0.0009993287,-0.02248055,0.01899719,-0.3899841,0.9206238,0.01899719,-0.3899841,0.9206238,4.994324,4.994324,True,True,True
1665064,63779589548085,-13.65647,2.585702,-0.3723475,-0.08092438,0.9308466,-0.2590142,-0.2447191,0.01169331,0.001323151,-0.02306046,0.03437805,-0.4237061,0.9051361,0.03058009,0.001206314,-0.02237654,0.03058009,0.001206314,-0.02237654,-0.001708984,-0.4480438,0.8939972,-0.001708984,-0.4480438,0.8939972,4.95871,4.95871,True,True,True
1665072,63779589548096,-13.65687,2.587231,-0.3723254,-0.0816289,0.9310278,-0.2566287,-0.2463043,0.0113163,0.001203812,-0.02314261,0.04580688,-0.3835907,0.9223633,0.0306579,0.001027481,-0.02247733,0.0306579,0.001027481,-0.02247733,0.01850891,-0.3970032,0.9176178,0.01850891,-0.3970032,0.9176178,4.995163,4.995163,True,True,True
1665080,63779589548107,-13.65717,2.588716,-0.3723235,-0.08252474,0.9311554,-0.2542686,-0.2479652,0.03041123,0.001210724,-0.02238471,-0.006881714,-0.4385986,0.8986359,0.03058281,0.001218048,-0.02237492,0.03058281,0.001218048,-0.02237492,-0.007339478,-0.4405365,0.8976898,-0.007339478,-0.4405365,0.8976898,4.98381,4.98381,True,True,True
1665089,63779589548107,-13.65717,2.588716,-0.3723235,-0.08252474,0.9311554,-0.2542686,-0.2479652,0.03035089,0.001398071,-0.02228023,-0.01577759,-0.4963837,0.8679504,0.03052486,0.001397339,-0.02227376,0.03052486,0.001397339,-0.02227376,-0.01605225,-0.4966736,0.8677826,-0.01605225,-0.4966736,0.8677826,4.977173,4.977173,True,True,True
1665097,63779589548118,-13.65743,2.590173,-0.3722049,-0.08331862,0.9312087,-0.2521652,-0.2496417,0.03043425,0.0008562165,-0.02256427,0.04827881,-0.4279175,0.9025116,0.03065144,0.0008537751,-0.02255707,0.03065144,0.0008537751,-0.02255707,0.04814148,-0.4281311,0.90242,0.04814148,-0.4281311,0.90242,4.829941,4.829941,True,True,True
1665105,63779589548129,-13.65758,2.591568,-0.3720819,-0.08414573,0.9312418,-0.2498863,-0.2515255,0.03039115,0.0008277588,-0.02259958,0.06248474,-0.3957214,0.9162292,0.03073805,0.0008230744,-0.02258849,0.03073805,0.0008230744,-0.02258849,0.06216431,-0.3958893,0.9161835,0.06216431,-0.3958893,0.9161835,4.922943,4.922943,True,True,True
1665114,63779589548140,-13.65777,2.592901,-0.3718541,-0.08482025,0.9313142,-0.2474329,-0.2534488,0.03031584,0.0008936768,-0.02257401,0.09132385,-0.4450836,0.8908081,0.03076966,0.0008881073,-0.02255913,0.03076966,0.0008881073,-0.02255913,0.09089661,-0.4453735,0.8907166,0.09089661,-0.4453735,0.8907166,4.908813,4.908813,True,True,True
1665122,63779589548140,-13.65777,2.592901,-0.3718541,-0.08482025,0.9313142,-0.2474329,-0.2534488,0.03029958,0.0008720398,-0.02259755,0.0796814,-0.4803772,0.8734283,0.03077442,0.0008661652,-0.0225822,0.03077442,0.0008661652,-0.0225822,0.07928467,-0.4808655,0.8731842,0.07928467,-0.4808655,0.8731842,4.776199,4.776199,True,True,True
1665130,63779589548152,-13.65783,2.594229,-0.3717072,-0.08550496,0.9312904,-0.2448476,-0.2558058,0.0302681,0.0008648835,-0.02257858,-0.06318665,-0.3704529,0.9266968,0.0307934,0.0008583679,-0.02256142,0.0307934,0.0008583679,-0.02256142,-0.06491089,-0.3700714,0.9267273,-0.06491089,-0.3700714,0.9267273,5.396194,5.396194,True,True,True
1665139,63779589548163,-13.65791,2.595585,-0.3715516,-0.08614515,0.9312975,-0.2421415,-0.2581303,0.03014465,0.0008214722,-0.02260397,-0.05445862,-0.383194,0.9220581,0.03079122,0.0008130036,-0.02258312,0.03079122,0.0008130036,-0.02258312,-0.05651855,-0.3829041,0.9220428,-0.05651855,-0.3829041,0.9220428,5.328278,5.328278,True,True,True
1665147,63779589548174,-13.65791,2.596888,-0.3714343,-0.08678877,0.9312819,-0.2392676,-0.260639,0.02957079,0.001376099,-0.02234692,-0.1242218,-0.5498199,0.8259888,0.03047543,0.001373078,-0.02231329,0.03047543,0.001373078,-0.02231329,-0.1281586,-0.5516815,0.8241425,-0.1281586,-0.5516815,0.8241425,5.33667,5.33667,True,True,True
1665155,63779589548174,-13.65791,2.596888,-0.3714343,-0.08678877,0.9312819,-0.2392676,-0.260639,0.03063147,0.001090485,-0.02244167,-0.03160095,-0.5070496,0.8613281,0.03063243,0.00109053,-0.02244162,0.03063243,0.00109053,-0.02244162,-0.03160095,-0.5070648,0.8613129,-0.03160095,-0.5070648,0.8613129,5.124664,5.124664,True,True,True
1665164,63779589548185,-13.65796,2.598219,-0.3712981,-0.08723737,0.9314046,-0.2358661,-0.2631394,0.03078507,0.0008079071,-0.02257013,0.02763367,-0.4582367,0.888382,0.03078941,0.0008079987,-0.02256993,0.03078941,0.0008079987,-0.02256993,0.02761841,-0.4582825,0.8883667,0.02761841,-0.4582825,0.8883667,4.939728,4.939728,True,True,True
1665172,63779589548196,-13.65787,2.599592,-0.3711357,-0.08772314,0.9315011,-0.231719,-0.2663018,0.03079308,0.0008014985,-0.02257506,0.02156067,-0.4614868,0.8868713,0.03079507,0.0008014832,-0.022575,0.03079507,0.0008014832,-0.022575,0.02156067,-0.4614868,0.8868713,0.02156067,-0.4614868,0.8868713,5.001465,5.001465,True,True,True
1665180,63779589548207,-13.65781,2.600962,-0.370945,-0.08839013,0.9315253,-0.2273784,-0.2697165,0.03079857,0.0007949982,-0.02258012,0.03070068,-0.4644012,0.8850861,0.03080072,0.0007949677,-0.02258006,0.03080072,0.0007949677,-0.02258006,0.03070068,-0.4644012,0.8850708,0.03070068,-0.4644012,0.8850708,4.939941,4.939941,True,True,True
1665189,63779589548207,-13.65781,2.600962,-0.370945,-0.08839013,0.9315253,-0.2273784,-0.2697165,0.03080144,0.0007861481,-0.02258557,0.02371216,-0.4695129,0.8825989,0.03080409,0.0007861176,-0.0225855,0.03080409,0.0007861176,-0.0225855,0.02371216,-0.4695129,0.8825989,0.02371216,-0.4695129,0.8825989,4.933655,4.933655,True,True,True
1665197,63779589548218,-13.6578,2.602419,-0.3706877,-0.08892421,0.9315803,-0.2216879,-0.274053,0.03080364,0.000777298,-0.02259105,0.032547,-0.4746246,0.8795776,0.03080748,0.0007772675,-0.02259091,0.03080748,0.0007772675,-0.02259091,0.032547,-0.4746399,0.8795624,0.032547,-0.4746399,0.8795624,4.926254,4.926254,True,True,True
1665205,63779589548229,-13.65762,2.604009,-0.3703348,-0.08946719,0.9316289,-0.2145699,-0.279326,0.03055274,0.0007801667,-0.02258698,0.001434326,-0.4670715,0.884201,0.03055716,0.0007801209,-0.02258682,0.03055716,0.0007801209,-0.02258682,0.001419067,-0.4670868,0.884201,0.001419067,-0.4670868,0.884201,4.865021,4.865021,True,True,True
1665214,63779589548241,-13.65755,2.605718,-0.3699685,-0.08996399,0.9315235,-0.206936,-0.2852156,0.03057717,0.001012878,-0.02243494,-0.007629395,-0.4753265,0.8797607,0.03058359,0.001012833,-0.02243471,0.03058359,0.001012833,-0.02243471,-0.007644653,-0.4753265,0.8797607,-0.007644653,-0.4753265,0.8797607,5.067322,5.067322,True,True,True
1665222,63779589548241,-13.65755,2.605718,-0.3699685,-0.08996399,0.9315235,-0.206936,-0.2852156,0.03070972,0.00100824,-0.02243614,0.1033783,-0.3322754,0.9374847,0.0307215,0.001008102,-0.02243573,0.0307215,0.001008102,-0.02243573,0.1033783,-0.3322601,0.9375,0.1033783,-0.3322601,0.9375,5.285309,5.285309,True,True,True
1665230,63779589548252,-13.65743,2.607538,-0.3694569,-0.09028934,0.9312795,-0.1981158,-0.2920896,0.03023546,0.001352615,-0.0223662,0.04147339,-0.3158264,0.9479065,0.0302441,0.001352524,-0.02236588,0.0302441,0.001352524,-0.02236588,0.04144287,-0.3158112,0.9479065,0.04144287,-0.3158112,0.9479065,4.82428,4.82428,True,True,True
1665239,63779589548263,-13.6573,2.609293,-0.3687491,-0.0907132,0.9307427,-0.1889904,-0.2996193,0.02976938,0.001450943,-0.02234348,-0.03347778,-0.3607941,0.9320374,0.02976938,0.001450943,-0.02234348,0.02976938,0.001450943,-0.02234348,-0.03347778,-0.3607941,0.9320374,-0.03347778,-0.3607941,0.9320374,4.415512,4.415512,True,True,True
1665247,63779589548274,-13.65691,2.611081,-0.3678004,-0.09098504,0.9297882,-0.1801855,-0.3078129,0.03093387,0.0003500366,-0.02265482,0.006210327,-0.1776886,0.9840546,0.03093387,0.0003500366,-0.02265482,0.03093387,0.0003500366,-0.02265482,0.006210327,-0.1776886,0.9840546,0.006210327,-0.1776886,0.9840546,4.957397,4.957397,True,True,True
1665255,63779589548274,-13.65691,2.611081,-0.3678004,-0.09098504,0.9297882,-0.1801855,-0.3078129,-0.001,-0.001,-0.001,1,-1,-1,0.03114568,0.0009364472,-0.02255595,0.03114568,0.0009364472,-0.02255595,0,0,0,0,0,0,-1,-1,False,True,True
1665264,63779589548286,-13.65651,2.612718,-0.366828,-0.09127583,0.9286692,-0.1718549,-0.3157662,-0.001,-0.001,-0.001,1,-1,-1,0.03220529,0.001045731,-0.0224698,0.03220529,0.001045731,-0.0224698,0,0,0,0,0,0,-1,-1,False,True,True
1665272,63779589548296,-13.65588,2.614305,-0.3654763,-0.0911927,0.9272835,-0.1635914,-0.3241403,-0.001,-0.001,-0.001,1,-1,-1,0.03124483,0.0006445771,-0.02262576,0.03124483,0.0006445771,-0.02262576,0,0,0,0,0,0,-1,-1,False,True,True
1665280,63779589548296,-13.65588,2.614305,-0.3654763,-0.0911927,0.9272835,-0.1635914,-0.3241403,-0.001,-0.001,-0.001,1,-1,-1,0.03522002,0.0003347321,-0.02635123,0.03522002,0.0003347321,-0.02635123,0,0,0,0,0,0,-1,-1,False,True,True
1665289,63779589548307,-13.6551,2.615749,-0.3641014,-0.09092297,0.9257368,-0.1557428,-0.3323983,-0.001,-0.001,-0.001,1,-1,-1,0.03569635,0.0003717346,-0.02694612,0.03569635,0.0003717346,-0.02694612,0,0,0,0,0,0,-1,-1,False,True,True
1665297,63779589548319,-13.65409,2.616999,-0.3624169,-0.09018791,0.9238965,-0.1484107,-0.3409629,-0.001,-0.001,-0.001,1,-1,-1,0.03207256,0.001986893,-0.02217182,0.03207256,0.001986893,-0.02217182,0,0,0,0,0,0,-1,-1,False,True,True
1665305,63779589548330,-13.65307,2.618121,-0.3607109,-0.08954626,0.9219144,-0.1412201,-0.3494456,-0.001,-0.001,-0.001,1,-1,-1,0.03141353,0.001558121,-0.0223924,0.03141353,0.001558121,-0.0223924,0,0,0,0,0,0,-1,-1,False,True,True
1665314,63779589548341,-13.65174,2.619038,-0.358805,-0.08875692,0.9195791,-0.1343394,-0.3583982,-0.03073764,0.003171402,-0.02518376,0.2572937,-0.3740387,0.8909912,0.03074252,0.0008943787,-0.01308821,0.03074252,0.0008943787,-0.01308821,0,0,0,0,0,0,-1,-1,True,True,True
1665322,63779589548341,-13.65174,2.619038,-0.358805,-0.08875692,0.9195791,-0.1343394,-0.3583982,-0.02967421,0.002967423,-0.02554158,0.592453,-0.1706696,0.7873077,0.03288275,0.00144725,-0.02248099,0.03288275,0.00144725,-0.02248099,0,0,0,0,0,0,-1,-1,True,True,True
1665330,63779589548352,-13.65024,2.619843,-0.3566834,-0.08808006,0.9169438,-0.1278603,-0.3675701,-0.001,-0.001,-0.001,1,-1,-1,0.03350229,0.002123627,-0.02248052,0.03350229,0.002123627,-0.02248052,0,0,0,0,0,0,-1,-1,False,True,True
1665339,63779589548363,-13.6486,2.620587,-0.354656,-0.08723256,0.9141652,-0.1217102,-0.3766684,-0.001,-0.001,-0.001,1,-1,-1,0.03272531,0.001559021,-0.02263582,0.03272531,0.001559021,-0.02263582,0,0,0,0,0,0,-1,-1,False,True,True
1665347,63779589548363,-13.6486,2.620587,-0.354656,-0.08723256,0.9141652,-0.1217102,-0.3766684,-0.001,-0.001,-0.001,1,-1,-1,0.02757532,0.003717606,-0.02286507,0.02757532,0.003717606,-0.02286507,0,0,0,0,0,0,-1,-1,False,True,True
1665355,63779589548374,-13.64669,2.62126,-0.3523644,-0.08641758,0.9111074,-0.1165043,-0.3858007,-0.001,-0.001,-0.001,1,-1,-1,0.02765343,0.003591644,-0.02311328,0.02765343,0.003591644,-0.02311328,0,0,0,0,0,0,-1,-1,False,True,True
1665364,63779589548386,-13.64471,2.6219,-0.3501279,-0.08564796,0.9079053,-0.1115384,-0.3948819,-0.0299563,0.00367836,-0.02580505,0.6377563,-0.05622864,0.7681732,0.02752588,0.00373021,-0.02326474,0.02752588,0.00373021,-0.02326474,0,0,0,0,0,0,-1,-1,True,True,True
1665372,63779589548397,-13.6425,2.622569,-0.3478817,-0.08459271,0.9045241,-0.107393,-0.4039145,-0.0298367,0.004660248,-0.0254747,0.5783081,-0.1576843,0.800415,0.02736539,0.003940384,-0.02327699,0.02736539,0.003940384,-0.02327699,0,0,0,0,0,0,-1,-1,True,True,True
1665380,63779589548397,-13.6425,2.622569,-0.3478817,-0.08459271,0.9045241,-0.107393,-0.4039145,-0.001,-0.001,-0.001,1,-1,-1,0.0272955,0.003740799,-0.02339545,0.0272955,0.003740799,-0.02339545,0,0,0,0,0,0,-1,-1,False,True,True
1665389,63779589548408,-13.64012,2.623184,-0.3456851,-0.08334871,0.901252,-0.1030171,-0.4125351,-0.001,-0.001,-0.001,1,-1,-1,0.0272312,0.003803086,-0.02360011,0.0272312,0.003803086,-0.02360011,0,0,0,0,0,0,-1,-1,False,True,True
1665397,63779589548420,-13.63771,2.623782,-0.3435006,-0.08193426,0.8980337,-0.09818838,-0.4209291,-0.001,-0.001,-0.001,1,-1,-1,0.02720757,0.003830506,-0.02366608,0.02720757,0.003830506,-0.02366608,0,0,0,0,0,0,-1,-1,False,True,True
1665405,63779589548431,-13.63504,2.6243,-0.3413171,-0.08068828,0.8948159,-0.09353657,-0.4290045,-0.001,-0.001,-0.001,1,-1,-1,0.02718889,0.003830384,-0.02364775,0.02718889,0.003830384,-0.02364775,0,0,0,0,0,0,-1,-1,False,True,True
1665414,63779589548431,-13.63504,2.6243,-0.3413171,-0.08068828,0.8948159,-0.09353657,-0.4290045,0.02719347,0.003775803,-0.02353949,0.6112366,0.194458,0.7671814,0.02719347,0.003775803,-0.02353949,0.02719347,0.003775803,-0.02353949,0.6112366,0.194458,0.7671814,0.6112366,0.194458,0.7671814,5.447876,5.447876,True,True,True
1665422,63779589548442,-13.63234,2.62481,-0.3390668,-0.07951162,0.8916631,-0.08888455,-0.4367086,-0.001,-0.001,-0.001,1,-1,-1,0.02722099,0.003798279,-0.02365137,0.02722099,0.003798279,-0.02365137,0,0,0,0,0,0,-1,-1,False,True,True
1665430,63779589548454,-13.62957,2.625419,-0.3369228,-0.07830705,0.8885549,-0.08418683,-0.4441292,0.01323033,0.003908722,-0.02403159,0.6143646,0.1591949,0.7727814,0.0273945,0.003715515,-0.0234283,0.0273945,0.003715515,-0.0234283,0.603714,0.2013245,0.771347,0.603714,0.2013245,0.771347,5.673462,5.673462,True,True,True
1665439,63779589548465,-13.62672,2.626048,-0.3348579,-0.07760599,0.8854692,-0.07921576,-0.451272,0.02748923,0.003671722,-0.02330478,0.5838623,0.1636658,0.795166,0.02748923,0.003671722,-0.02330478,0.02748923,0.003671722,-0.02330478,0.5838623,0.1636658,0.795166,0.5838623,0.1636658,0.795166,5.360825,5.360825,True,True,True
1665447,63779589548465,-13.62672,2.626048,-0.3348579,-0.07760599,0.8854692,-0.07921576,-0.451272,0.008876191,0.003899338,-0.02408637,0.5884705,0.1427917,0.7957916,0.02756795,0.003638809,-0.02327275,0.02756795,0.003638809,-0.02327275,0.5757141,0.1773071,0.798172,0.5757141,0.1773071,0.798172,5.504395,5.504395,True,True,True
1665455,63779589548476,-13.62387,2.626787,-0.3327959,-0.07679011,0.8823363,-0.07395855,-0.4583841,-0.001394394,0.004000961,-0.02450444,0.5851746,0.1441498,0.7979736,0.02763701,0.003599991,-0.02326261,0.02763701,0.003599991,-0.02326261,0.5669098,0.2077942,0.7971191,0.5669098,0.2077942,0.7971191,5.556778,5.556778,True,True,True
1665464,63779589548487,-13.62101,2.627522,-0.3308856,-0.07631246,0.8792197,-0.06820981,-0.4652921,0.002403153,0.003906189,-0.02427583,0.5678253,0.1464386,0.8100128,0.02771245,0.003573761,-0.02322591,0.02771245,0.003573761,-0.02322591,0.5628204,0.2037048,0.8010712,0.5628204,0.2037048,0.8010712,5.484772,5.484772,True,True,True
1665472,63779589548498,-13.6182,2.628182,-0.3290042,-0.07567191,0.8762574,-0.06202881,-0.4718041,0.01050574,0.003730942,-0.02384793,0.5442047,0.1487885,0.8256378,0.02781516,0.003500031,-0.02311836,0.02781516,0.003500031,-0.02311836,0.5394287,0.183075,0.8218842,0.5394287,0.183075,0.8218842,5.469864,5.469864,True,True,True
1665480,63779589548498,-13.6182,2.628182,-0.3290042,-0.07567191,0.8762574,-0.06202881,-0.4718041,0.0212874,0.003522537,-0.02334451,0.5209198,0.1748505,0.835495,0.02789488,0.003432205,-0.02306334,0.02789488,0.003432205,-0.02306334,0.5182343,0.1852264,0.8349152,0.5182343,0.1852264,0.8349152,5.302353,5.302353,True,True,True
1665488,63779589548510,-13.61532,2.628792,-0.3272159,-0.07503818,0.873432,-0.05566256,-0.477899,0.02533878,0.003397095,-0.02313484,0.5093536,0.1816711,0.8411407,0.02795186,0.003361405,-0.02302123,0.02795186,0.003361405,-0.02302123,0.5075836,0.1841583,0.8416748,0.5075836,0.1841583,0.8416748,5.384598,5.384598,True,True,True
1665497,63779589548521,-13.61246,2.62942,-0.3254844,-0.07433835,0.8710206,-0.0494542,-0.4830646,0.01920665,0.003419174,-0.02334558,0.5043182,0.155365,0.849411,0.02802506,0.003288239,-0.02295889,0.02802506,0.003288239,-0.02295889,0.4971161,0.1618042,0.8524475,0.4971161,0.1618042,0.8524475,5.307953,5.307953,True,True,True
1665505,63779589548532,-13.60968,2.630127,-0.3236898,-0.07324605,0.8689876,-0.04397623,-0.487403,0.0142213,0.003412277,-0.02352272,0.4897461,0.1531982,0.8582916,0.02807277,0.00318216,-0.0229357,0.02807277,0.00318216,-0.0229357,0.4812469,0.1743317,0.8590698,0.4812469,0.1743317,0.8590698,5.276672,5.276672,True,True,True
1665513,63779589548532,-13.60968,2.630127,-0.3236898,-0.07324605,0.8689876,-0.04397623,-0.487403,0.01416292,0.003355362,-0.02348508,0.4764099,0.1493835,0.8664246,0.0281395,0.003106949,-0.02289472,0.0281395,0.003106949,-0.02289472,0.4676819,0.1717072,0.8670502,0.4676819,0.1717072,0.8670502,5.259415,5.259415,True,True,True
1665522,63779589548544,-13.60685,2.630821,-0.3218467,-0.072028,0.8670969,-0.03936872,-0.49133,-0.002427307,0.003610871,-0.0241563,0.472641,0.1266022,0.8721008,0.02820539,0.003027787,-0.02286505,0.02820539,0.003027787,-0.02286505,0.4580688,0.1753998,0.8714294,0.4580688,0.1753998,0.8714294,5.313583,5.313583,True,True,True
1665530,63779589548555,-13.60399,2.631391,-0.3199923,-0.07039958,0.8657287,-0.03609416,-0.4942215,-0.002772034,0.003571655,-0.02414404,0.4642487,0.1276703,0.8764343,0.02827498,0.002950485,-0.02282512,0.02827498,0.002950485,-0.02282512,0.4425659,0.1710205,0.8802643,0.4425659,0.1710205,0.8802643,5.135864,5.135864,True,True,True
1665538,63779589548555,-13.60399,2.631391,-0.3199923,-0.07039958,0.8657287,-0.03609416,-0.4942215,-0.0005112916,0.003487213,-0.02401962,0.4588013,0.1247406,0.8797302,0.02832242,0.002901962,-0.02279091,0.02832242,0.002901962,-0.02279091,0.4389343,0.1596832,0.884201,0.4389343,0.1596832,0.884201,5.289536,5.289536,True,True,True
1665547,63779589548566,-13.6011,2.631906,-0.3181335,-0.06856228,0.8644156,-0.03344075,-0.4969575,0.0003523102,0.003415787,-0.02395332,0.4553223,0.1163788,0.8826752,0.02838873,0.002835358,-0.02276232,0.02838873,0.002835358,-0.02276232,0.4408875,0.155304,0.8840179,0.4408875,0.155304,0.8840179,5.276093,5.276093,True,True,True
1665555,63779589548578,-13.59819,2.632205,-0.3163225,-0.06684914,0.8635447,-0.03188981,-0.4988033,0.01182701,0.003161118,-0.02344797,0.4436798,0.1295929,0.8867493,0.02842482,0.002817764,-0.02274701,0.02842482,0.002817764,-0.02274701,0.4367371,0.1510773,0.8868103,0.4367371,0.1510773,0.8868103,5.348694,5.348694,True,True,True
1665563,63779589548589,-13.59527,2.632328,-0.3143328,-0.06529623,0.8629177,-0.03112625,-0.5001407,0.001584061,0.00332869,-0.02386755,0.440567,0.1134644,0.8905182,0.02844197,0.002786026,-0.02272807,0.02844197,0.002786026,-0.02272807,0.4264832,0.1470795,0.8924408,0.4264832,0.1470795,0.8924408,5.281357,5.281357,True,True,True
1665572,63779589548589,-13.59527,2.632328,-0.3143328,-0.06529623,0.8629177,-0.03112625,-0.5001407,0.00233429,0.003276291,-0.02381038,0.4358063,0.1018677,0.8942413,0.02847412,0.002751846,-0.02269258,0.02847412,0.002751846,-0.02269258,0.4223175,0.129837,0.8970947,0.4223175,0.129837,0.8970947,5.355072,5.355072,True,True,True
1665580,63779589548600,-13.5924,2.63247,-0.3123787,-0.06416986,0.8622639,-0.03032858,-0.5014613,0.003195694,0.003246017,-0.02376868,0.4319,0.1077728,0.8954468,0.02850282,0.002757706,-0.02269057,0.02850282,0.002757706,-0.02269057,0.4218445,0.1345367,0.8966217,0.4218445,0.1345367,0.8966217,5.282791,5.282791,True,True,True
1665588,63779589548611,-13.58963,2.63236,-0.3103181,-0.06352431,0.862005,-0.03016708,-0.501998,0.004104675,0.003217484,-0.02371523,0.4276428,0.1056061,0.8977509,0.02853288,0.002758835,-0.02266991,0.02853288,0.002758835,-0.02266991,0.4151917,0.1302338,0.9003448,0.4151917,0.1302338,0.9003448,5.300171,5.300171,True,True,True
1665597,63779589548621,-13.5869,2.632259,-0.308318,-0.06312115,0.8617462,-0.02991067,-0.5025083,0.003463715,0.003223587,-0.02374573,0.428833,0.1032257,0.8974609,0.02853324,0.00276294,-0.02268509,0.02853324,0.00276294,-0.02268509,0.4200134,0.1349335,0.8974152,0.4200134,0.1349335,0.8974152,5.335907,5.335907,True,True,True
1665605,63779589548621,-13.5869,2.632259,-0.308318,-0.06312115,0.8617462,-0.02991067,-0.5025083,0.005266297,0.003283508,-0.02371642,0.4397583,0.1093445,0.8914185,0.02838658,0.002884476,-0.02272806,0.02838658,0.002884476,-0.02272806,0.4268646,0.133255,0.8944244,0.4268646,0.133255,0.8944244,5.346298,5.346298,True,True,True
1665613,63779589548633,-13.5843,2.632065,-0.3062458,-0.06345741,0.8616602,-0.03028859,-0.5025907,0.00540358,0.003375015,-0.02376936,0.4468231,0.1281891,0.885376,0.02825145,0.003013214,-0.0227953,0.02825145,0.003013214,-0.0227953,0.4303436,0.1575775,0.8887939,0.4303436,0.1575775,0.8887939,5.081131,5.081131,True,True,True
1665622,63779589548644,-13.58179,2.631864,-0.3042059,-0.06386751,0.8616608,-0.03089819,-0.5025008,0.004341721,0.003469971,-0.02384783,0.4547424,0.1356659,0.8802185,0.02818843,0.0031008,-0.02283162,0.02818843,0.0031008,-0.02283162,0.4360962,0.1684723,0.8839722,0.4360962,0.1684723,0.8839722,5.080429,5.080429,True,True,True
1665630,63779589548655,-13.57935,2.631704,-0.3020548,-0.06433697,0.8618624,-0.03184641,-0.5020357,0.002729614,0.003519776,-0.02392636,0.4645996,0.1290741,0.8760529,0.02818361,0.003130875,-0.02283925,0.02818361,0.003130875,-0.02283925,0.4453735,0.1645813,0.8800812,0.4453735,0.1645813,0.8800812,5.145508,5.145508,True,True,True
1665638,63779589548655,-13.57935,2.631704,-0.3020548,-0.06433697,0.8618624,-0.03184641,-0.5020357,-0.0007185364,0.003558975,-0.02407942,0.4593964,0.131012,0.8785095,0.02817655,0.003107193,-0.02285909,0.02817655,0.003107193,-0.02285909,0.4351501,0.1803436,0.8820953,0.4351501,0.1803436,0.8820953,5.119705,5.119705,True,True,True
1665647,63779589548666,-13.57697,2.631629,-0.2998646,-0.06443182,0.8620371,-0.03301992,-0.5016477,-0.001300263,0.003581757,-0.0241078,0.4622345,0.1304932,0.8770905,0.02818187,0.003117417,-0.02285536,0.02818187,0.003117417,-0.02285536,0.4369659,0.1766815,0.8819427,0.4369659,0.1766815,0.8819427,5.183029,5.183029,True,True,True
1665655,63779589548677,-13.57463,2.63163,-0.2975299,-0.06412779,0.8623734,-0.03459445,-0.5010021,-0.0004849091,0.003571961,-0.02407462,0.4611511,0.1315308,0.8775024,0.02818323,0.00312587,-0.02285166,0.02818323,0.00312587,-0.02285166,0.4355621,0.1727295,0.8834229,0.4355621,0.1727295,0.8834229,5.18924,5.18924,True,True,True
1665663,63779589548689,-13.57243,2.631713,-0.295117,-0.06345894,0.8628751,-0.03630782,-0.5001013,0.0005822907,0.003563904,-0.02401982,0.4553986,0.1318054,0.8804626,0.02818237,0.003134323,-0.02284796,0.02818237,0.003134323,-0.02284796,0.4333344,0.1712952,0.8847961,0.4333344,0.1712952,0.8847961,5.175629,5.175629,True,True,True
1665672,63779589548689,-13.57243,2.631713,-0.295117,-0.06345894,0.8628751,-0.03630782,-0.5001013,0.002124374,0.003545624,-0.02395711,0.4571686,0.1326752,0.879425,0.02818213,0.003139694,-0.02284798,0.02818213,0.003139694,-0.02284798,0.4351349,0.1708527,0.8839874,0.4351349,0.1708527,0.8839874,5.170654,5.170654,True,True,True
1665680,63779589548699,-13.57034,2.631858,-0.2925833,-0.06247136,0.8635868,-0.03819193,-0.4988552,0.003391159,0.003530319,-0.02391419,0.4621887,0.135025,0.8764343,0.02818187,0.003145065,-0.02284799,0.02818187,0.003145065,-0.02284799,0.4370575,0.1705933,0.8831024,0.4370575,0.1705933,0.8831024,5.177521,5.177521,True,True,True
1665688,63779589548711,-13.5682,2.632054,-0.2900351,-0.06121216,0.8643613,-0.04034572,-0.4974985,0.006231171,0.00348497,-0.0237918,0.459259,0.1386871,0.8773956,0.02818213,0.003147644,-0.02284798,0.02818213,0.003147644,-0.02284798,0.4377747,0.1712494,0.8826141,0.4377747,0.1712494,0.8826141,5.172684,5.172684,True,True,True
1665697,63779589548721,-13.56621,2.632253,-0.2872981,-0.06000118,0.8653266,-0.04218156,-0.4958129,0.006934922,0.003498749,-0.02376639,0.4601135,0.1399841,0.8767395,0.02818079,0.003191528,-0.02285548,0.02818079,0.003191528,-0.02285548,0.4430084,0.1707916,0.8800812,0.4430084,0.1707916,0.8800812,5.22348,5.22348,True,True,True
1665705,63779589548721,-13.56621,2.632253,-0.2872981,-0.06000118,0.8653266,-0.04218156,-0.4958129,0.006889862,0.003515396,-0.02378113,0.4656982,0.1396332,0.8738403,0.02816605,0.003227646,-0.02287439,0.02816605,0.003227646,-0.02287439,0.4513092,0.1728058,0.8754578,0.4513092,0.1728058,0.8754578,5.068512,5.068512,True,True,True
1665713,63779589548733,-13.56429,2.632557,-0.2844316,-0.05914852,0.866351,-0.04367244,-0.4939941,0.007738922,0.003516403,-0.02374523,0.466217,0.1373444,0.8739319,0.02815408,0.003256378,-0.02285651,0.02815408,0.003256378,-0.02285651,0.4479523,0.1612854,0.8793793,0.4479523,0.1612854,0.8793793,5.247986,5.247986,True,True,True
1665722,63779589548745,-13.56244,2.632993,-0.2815441,-0.05886482,0.8672563,-0.0449721,-0.4923199,0.00613887,0.003550354,-0.0238269,0.4656982,0.1334686,0.8748016,0.02811539,0.003294312,-0.02287679,0.02811539,0.003294312,-0.02287679,0.4454041,0.1593475,0.8810272,0.4454041,0.1593475,0.8810272,5.142212,5.142212,True,True,True
1665730,63779589548754,-13.56067,2.633527,-0.2784283,-0.05940937,0.8681101,-0.04579169,-0.4906715,0.00790715,0.003551285,-0.02375272,0.4714203,0.1330719,0.8717957,0.02813228,0.003339447,-0.02287612,0.02813228,0.003339447,-0.02287612,0.4554596,0.1573334,0.876236,0.4554596,0.1573334,0.876236,5.095734,5.095734,True,True,True
1665738,63779589548754,-13.56067,2.633527,-0.2784283,-0.05940937,0.8681101,-0.04579169,-0.4906715,0.008182907,0.003554611,-0.02375497,0.4748535,0.1434631,0.8682861,0.02813747,0.003358032,-0.02289342,0.02813747,0.003358032,-0.02289342,0.4630127,0.1686096,0.8701477,0.4630127,0.1686096,0.8701477,5.010498,5.010498,True,True,True
1665747,63779589548766,-13.55904,2.634122,-0.2754247,-0.06046285,0.8688189,-0.04594817,-0.4892716,0.008160523,0.00356456,-0.02375783,0.4746704,0.1422882,0.868576,0.02812576,0.003379059,-0.02289061,0.02812576,0.003379059,-0.02289061,0.4602356,0.1665802,0.8720245,0.4602356,0.1665802,0.8720245,5.042709,5.042709,True,True,True
1665755,63779589548777,-13.55741,2.634806,-0.2724022,-0.06201519,0.8693832,-0.04488026,-0.4881729,0.007637345,0.003572083,-0.02378674,0.4754486,0.1445465,0.8677673,0.02811792,0.003390595,-0.02290016,0.02811792,0.003390595,-0.02290016,0.4622803,0.1700287,0.8702698,0.4622803,0.1700287,0.8702698,5.020752,5.020752,True,True,True
1665763,63779589548789,-13.55573,2.635549,-0.2694361,-0.06371788,0.8698056,-0.04321506,-0.4873506,0.007091095,0.003582031,-0.023828,0.4827576,0.150177,0.8627625,0.02811395,0.003393952,-0.02292056,0.02811395,0.003393952,-0.02292056,0.4705048,0.1791687,0.8639984,0.4705048,0.1791687,0.8639984,5.111176,5.111176,True,True,True
1665772,63779589548789,-13.55573,2.635549,-0.2694361,-0.06371788,0.8698056,-0.04321506,-0.4873506,0.004887742,0.003601303,-0.02392155,0.4894562,0.1392517,0.8608246,0.02811447,0.003385681,-0.02292004,0.02811447,0.003385681,-0.02292004,0.4773712,0.1718445,0.8617249,0.4773712,0.1718445,0.8617249,5.155731,5.155731,True,True,True
1665780,63779589548800,-13.55418,2.636243,-0.2664691,-0.06521419,0.8704789,-0.04138611,-0.4861077,0.004843003,0.003581162,-0.02391617,0.4831238,0.1405792,0.8641815,0.02811649,0.003343598,-0.02291078,0.02811649,0.003343598,-0.02291078,0.4699402,0.1740265,0.8653564,0.4699402,0.1740265,0.8653564,4.986115,4.986115,True,True,True
1665788,63779589548810,-13.55277,2.636883,-0.2633456,-0.066178,0.8713591,-0.03965181,-0.4845427,0.002982086,0.003591553,-0.0240203,0.4992981,0.1324921,0.8562317,0.02809078,0.003314423,-0.02294092,0.02809078,0.003314423,-0.02294092,0.4905243,0.165741,0.8554993,0.4905243,0.165741,0.8554993,5.132797,5.132797,True,True,True
1665797,63779589548822,-13.55133,2.637416,-0.2603395,-0.06649183,0.8724626,-0.03839264,-0.4826115,0.00447641,0.003558472,-0.02394202,0.495285,0.1308899,0.8587952,0.02810764,0.003273758,-0.02290991,0.02810764,0.003273758,-0.02290991,0.4832458,0.1582336,0.8610535,0.4832458,0.1582336,0.8610535,5.034302,5.034302,True,True,True
1665805,63779589548822,-13.55133,2.637416,-0.2603395,-0.06603802,0.8737739,-0.0374488,-0.4803705,0.002668671,0.003580612,-0.02403009,0.4965668,0.128952,0.8583527,0.02806223,0.003259384,-0.02292441,0.02806223,0.003259384,-0.02292441,0.4862061,0.1530609,0.860321,0.4862061,0.1530609,0.860321,5.09494,5.09494,True,True,True
1665813,63779589548832,-13.55,2.637891,-0.2573578,-0.06603802,0.8737739,-0.0374488,-0.4803705,0.002286087,0.00357811,-0.02405654,0.5053253,0.1216888,0.8542938,0.02805898,0.003234497,-0.02293059,0.02805898,0.003234497,-0.02293059,0.495163,0.1453552,0.8565369,0.495163,0.1453552,0.8565369,5.041016,5.041016,True,True,True
1665822,63779589548844,-13.54877,2.638373,-0.2543478,-0.06523959,0.8750063,-0.03693902,-0.4782712,0.001804504,0.00357753,-0.02407028,0.5019531,0.119278,0.8566132,0.02805261,0.003223633,-0.02292938,0.02805261,0.003223633,-0.02292938,0.4938049,0.1448669,0.8574066,0.4938049,0.1448669,0.8574066,4.944458,4.944458,True,True,True
1665830,63779589548855,-13.5476,2.638771,-0.2514785,-0.06411056,0.8763028,-0.03681344,-0.4760545,0.001948517,0.003583451,-0.02408672,0.5109406,0.1281433,0.8499908,0.02804114,0.003235275,-0.02295096,0.02804114,0.003235275,-0.02295096,0.5016632,0.1599884,0.8501282,0.5016632,0.1599884,0.8501282,5.223679,5.223679,True,True,True
1665838,63779589548855,-13.5476,2.638771,-0.2514785,-0.06411056,0.8763028,-0.03681344,-0.4760545,0.0002923584,0.003594315,-0.02418137,0.5089111,0.1253052,0.8516388,0.02796043,0.003225861,-0.02296625,0.02796043,0.003225861,-0.02296625,0.4881897,0.1546021,0.8589172,0.4881897,0.1546021,0.8589172,5.226868,5.226868,True,True,True
1665847,63779589548866,-13.54645,2.639077,-0.2486761,-0.06324165,0.877544,-0.03678709,-0.4738815,0.002963608,0.003554459,-0.0240228,0.5073853,0.1261292,0.8524323,0.02811107,0.003216019,-0.02292456,0.02811107,0.003216019,-0.02292456,0.4986115,0.1558228,0.8526917,0.4986115,0.1558228,0.8526917,5.133255,5.133255,True,True,True
1665855,63779589548877,-13.54541,2.639372,-0.2458001,-0.06258684,0.8787344,-0.03697423,-0.4717433,0.004164993,0.003556702,-0.02384011,0.4713745,0.1249695,0.8730164,0.02845537,0.003232376,-0.02278716,0.02845537,0.003232376,-0.02278716,0.4615479,0.161499,0.8722687,0.4615479,0.161499,0.8722687,5.355164,5.355164,True,True,True
1665863,63779589548888,-13.54436,2.639599,-0.242999,-0.06250487,0.8796959,-0.03719413,-0.4699413,0.001955231,0.003643952,-0.02381334,0.4154053,0.137558,0.8991699,0.02888371,0.003301361,-0.02267014,0.02888371,0.003301361,-0.02267014,0.3978271,0.1782837,0.8999634,0.3978271,0.1782837,0.8999634,5.362961,5.362961,True,True,True
1665872,63779589548888,-13.54436,2.639599,-0.242999,-0.06250487,0.8796959,-0.03719413,-0.4699413,0.01565956,0.003504303,-0.02310785,0.353363,0.1517029,0.9230957,0.02935959,0.003325516,-0.02253754,0.02935959,0.003325516,-0.02253754,0.3442688,0.1733093,0.9227295,0.3442688,0.1733093,0.9227295,5.318314,5.318314,True,True,True
1665880,63779589548900,-13.54339,2.639769,-0.2402222,-0.06276068,0.8805081,-0.03742156,-0.4683654,-0.02828917,0.004111786,-0.0247105,0.293457,-0.002883911,0.9559631,0.02971549,0.003409302,-0.02247067,0.02971549,0.003409302,-0.02247067,0,0,0,0,0,0,-1,-1,True,True,True
1665888,63779589548910,-13.54251,2.640006,-0.2374789,-0.06310667,0.881228,-0.03774213,-0.4669371,-0.001,-0.001,-0.001,1,-1,-1,0.03012285,0.003617249,-0.02236362,0.03012285,0.003617249,-0.02236362,0,0,0,0,0,0,-1,-1,False,True,True
1665897,63779589548922,-13.54174,2.640357,-0.2347666,-0.06313292,0.8819671,-0.03797391,-0.4655172,-0.001,-0.001,-0.001,1,-1,-1,0.03057692,0.00369307,-0.02229965,0.03057692,0.00369307,-0.02229965,0,0,0,0,0,0,-1,-1,False,True,True
1665905,63779589548922,-13.54174,2.640357,-0.2347666,-0.06313292,0.8819671,-0.03797391,-0.4655172,-0.001,-0.001,-0.001,1,-1,-1,0.03094273,0.00374144,-0.0221444,0.03094273,0.00374144,-0.0221444,0,0,0,0,0,0,-1,-1,False,True,True
1665913,63779589548933,-13.54104,2.640749,-0.2321234,-0.06307197,0.8827524,-0.03805477,-0.464028,-0.001,-0.001,-0.001,1,-1,-1,0.03179593,0.002515061,-0.02240404,0.03179593,0.002515061,-0.02240404,0,0,0,0,0,0,-1,-1,False,True,True
1665922,63779589548944,-13.54037,2.641052,-0.2295281,-0.06282298,0.8836032,-0.03805907,-0.4624394,-0.001,-0.001,-0.001,1,-1,-1,0.0314641,0.001492905,-0.02257304,0.0314641,0.001492905,-0.02257304,0,0,0,0,0,0,-1,-1,False,True,True
1665930,63779589548955,-13.53991,2.641415,-0.2270504,-0.06238881,0.8844524,-0.03771784,-0.4609002,-0.001,-0.001,-0.001,1,-1,-1,0.03169524,0.001624329,-0.02274214,0.03169524,0.001624329,-0.02274214,0,0,0,0,0,0,-1,-1,False,True,True
1665938,63779589548965,-13.53943,2.641747,-0.2245879,-0.06189499,0.8852989,-0.03723389,-0.4593783,-0.001,-0.001,-0.001,1,-1,-1,0.03126918,0.003622437,-0.02085927,0.03126918,0.003622437,-0.02085927,0,0,0,0,0,0,-1,-1,False,True,True
1665947,63779589548965,-13.53943,2.641747,-0.2245879,-0.06189499,0.8852989,-0.03723389,-0.4593783,-0.001,-0.001,-0.001,1,-1,-1,0.03178258,0.003664795,-0.02207605,0.03178258,0.003664795,-0.02207605,0,0,0,0,0,0,-1,-1,False,True,True
1665955,63779589548978,-13.53918,2.641926,-0.2221296,-0.06132052,0.8861186,-0.03626592,-0.4579503,-0.001,-0.001,-0.001,1,-1,-1,0.03121442,0.004044724,-0.02243965,0.03121442,0.004044724,-0.02243965,0,0,0,0,0,0,-1,-1,False,True,True
1665963,63779589548988,-13.53885,2.642113,-0.2197253,-0.06084299,0.8867891,-0.03519181,-0.4567983,-0.001,-0.001,-0.001,1,-1,-1,0.0311203,0.003609406,-0.02232701,0.0311203,0.003609406,-0.02232701,0,0,0,0,0,0,-1,-1,False,True,True
1665972,63779589548999,-13.53863,2.642203,-0.2174345,-0.06032822,0.8873616,-0.03375832,-0.455862,-0.001,-0.001,-0.001,1,-1,-1,0.03110739,0.00358815,-0.02232157,0.03110739,0.00358815,-0.02232157,0,0,0,0,0,0,-1,-1,False,True,True
1665980,63779589548999,-13.53863,2.642203,-0.2174345,-0.06032822,0.8873616,-0.03375832,-0.455862,-0.001,-0.001,-0.001,1,-1,-1,0.031025,0.00394249,-0.02451532,0.031025,0.00394249,-0.02451532,0,0,0,0,0,0,-1,-1,False,True,True
1665988,63779589549010,-13.53843,2.642316,-0.2150987,-0.05979941,0.887853,-0.0323842,-0.4550739,-0.001,-0.001,-0.001,1,-1,-1,0.0310073,0.003570725,-0.02315471,0.0310073,0.003570725,-0.02315471,0,0,0,0,0,0,-1,-1,False,True,True
1665997,63779589549021,-13.5383,2.642352,-0.2127904,-0.05916042,0.8883618,-0.03108284,-0.4542545,-0.02713227,0.00407785,-0.02464699,0.09352112,0.021698,0.9953766,0.03096285,0.003726242,-0.02395607,0.03096285,0.003726242,-0.02395607,0.09605408,0.03381348,0.9947968,0.09605408,0.03381348,0.9947968,5.018677,5.018677,True,True,True
1666005,63779589549033,-13.53836,2.642407,-0.2105146,-0.05845272,0.8888569,-0.02990813,-0.4534559,-0.02719831,0.004030045,-0.02479181,0.1000061,0.02032471,0.9947662,0.03095539,0.003520172,-0.02319168,0.03095539,0.003520172,-0.02319168,0.1077271,0.07167053,0.9915924,0.1077271,0.07167053,0.9915924,5.169907,5.169907,True,True,True
1666013,63779589549033,-13.53836,2.642407,-0.2105146,-0.05845272,0.8888569,-0.02990813,-0.4534559,-0.0272218,0.003991318,-0.02464081,0.1008148,0.04449463,0.9938965,0.03091737,0.003623993,-0.02371997,0.03091737,0.003623993,-0.02371997,0.1194,0.07600403,0.9899292,0.1194,0.07600403,0.9899292,5.341156,5.341156,True,True,True
1666022,63779589549043,-13.53838,2.64238,-0.2082563,-0.05749614,0.8894838,-0.02893974,-0.4524106,-0.02726787,0.004192963,-0.02537271,0.08226013,-0.01945496,0.9964142,0.03088089,0.003689926,-0.02409809,0.03088089,0.003689926,-0.02409809,0.1140442,0.08079529,0.9901733,0.1140442,0.08079529,0.9901733,5.296677,5.296677,True,True,True
1666030,63779589549055,-13.53846,2.64222,-0.2059613,-0.05635347,0.8902045,-0.02857414,-0.4511581,-0.0273172,0.004130875,-0.02525282,0.08135986,-0.0004272461,0.9966736,0.03099315,0.003720352,-0.02464078,0.03099315,0.003720352,-0.02464078,0.1727295,0.100235,0.9798431,0.1727295,0.100235,0.9798431,5.283264,5.283264,True,True,True
1666038,63779589549066,-13.53864,2.641996,-0.2037035,-0.05523109,0.8910049,-0.02822155,-0.449737,-0.02730846,0.003958725,-0.02488425,0.09324646,0.01861572,0.9954681,0.03092255,0.003351273,-0.02334441,0.03092255,0.003351273,-0.02334441,0.1358185,0.04963684,0.9894867,0.1358185,0.04963684,0.9894867,5.149841,5.149841,True,True,True
1666047,63779589549066,-13.53864,2.641996,-0.2037035,-0.05523109,0.8910049,-0.02822155,-0.449737,-0.02736917,0.004221802,-0.0259083,0.07926941,-0.01583862,0.9967194,0.03094794,0.003642517,-0.02456349,0.03094794,0.003642517,-0.02456349,0.1440125,0.04473877,0.9885559,0.1440125,0.04473877,0.9885559,5.112839,5.112839,True,True,True
1666055,63779589549077,-13.53886,2.641679,-0.2014992,-0.05423832,0.8918946,-0.02826291,-0.4480887,-0.02417317,0.00404599,-0.02527248,0.09567261,0.001281738,0.9954071,0.03089998,0.003410431,-0.02375575,0.03089998,0.003410431,-0.02375575,0.1386108,0.06518555,0.9881897,0.1386108,0.06518555,0.9881897,5.08287,5.08287,True,True,True
1666063,63779589549089,-13.53916,2.64136,-0.1993522,-0.05348736,0.8928125,-0.02798197,-0.4463653,-0.02481625,0.003819428,-0.0246526,0.1178741,0.01025391,0.9929657,0.03081658,0.003205444,-0.02289609,0.03081658,0.003205444,-0.02289609,0.1191559,0.04768372,0.9917145,0.1191559,0.04768372,0.9917145,5.031601,5.031601,True,True,True
1666072,63779589549089,-13.53954,2.641064,-0.1971672,-0.05302616,0.8937814,-0.02786617,-0.4444846,-0.02652925,0.003816895,-0.02467998,0.1254272,0.003845215,0.9920807,0.03080361,0.003179733,-0.02285668,0.03080361,0.003179733,-0.02285668,0.1188812,0.04864502,0.9917145,0.1188812,0.04864502,0.9917145,5.028503,5.028503,True,True,True
1666080,63779589549099,-13.53954,2.641064,-0.1971672,-0.05302616,0.8937814,-0.02786617,-0.4444846,-0.02724643,0.003841522,-0.02474207,0.1175842,0.01174927,0.992981,0.03078102,0.003195358,-0.02286289,0.03078102,0.003195358,-0.02286289,0.1251984,0.03765869,0.9914093,0.1251984,0.03765869,0.9914093,5.121521,5.121521,True,True,True
1666088,63779589549110,-13.53994,2.640862,-0.1949403,-0.05236319,0.8947483,-0.027457,-0.4426394,-0.02733687,0.003839386,-0.024761,0.114151,0.01338196,0.9933624,0.03075862,0.003198624,-0.02285613,0.03075862,0.003198624,-0.02285613,0.1179199,0.04394531,0.9920349,0.1179199,0.04394531,0.9920349,5.090988,5.090988,True,True,True
1666097,63779589549122,-13.54055,2.640831,-0.1927555,-0.05178248,0.8957766,-0.02687334,-0.4406591,-0.02739295,0.003839081,-0.02478531,0.1147461,0.02047729,0.9931793,0.03072324,0.00324646,-0.0229921,0.03072324,0.00324646,-0.0229921,0.1135864,0.04110718,0.9926758,0.1135864,0.04110718,0.9926758,5.068298,5.068298,True,True,True
1666105,63779589549122,-13.54055,2.640831,-0.1927555,-0.05178248,0.8957766,-0.02687334,-0.4406591,-0.02739183,0.003836411,-0.02480789,0.1241608,0.01464844,0.9921417,0.0306891,0.003262238,-0.02307202,0.0306891,0.003262238,-0.02307202,0.1166229,0.0440979,0.9921875,0.1166229,0.0440979,0.9921875,5.098862,5.098862,True,True,True
1666113,63779589549133,-13.54123,2.640877,-0.1905725,-0.05091369,0.8967364,-0.02609541,-0.4388515,-0.02581446,0.003806885,-0.02477174,0.124588,0.01930237,0.9920197,0.03066071,0.003239166,-0.02303127,0.03066071,0.003239166,-0.02303127,0.1300049,0.04293823,0.9905701,0.1300049,0.04293823,0.9905701,5.196518,5.196518,True,True,True
1666122,63779589549144,-13.54201,2.640953,-0.1883775,-0.04996763,0.8976341,-0.02520996,-0.4371735,-0.02518866,0.003777619,-0.02473418,0.1257629,0.02192688,0.991806,0.03063468,0.003213471,-0.0229327,0.03063468,0.003213471,-0.0229327,0.1129608,0.04379272,0.99263,0.1129608,0.04379272,0.99263,5.135986,5.135986,True,True,True
1666130,63779589549155,-13.54302,2.641191,-0.186152,-0.04903284,0.898512,-0.02403047,-0.4355394,-0.01477886,0.00365506,-0.02439639,0.1236725,0.0275116,0.9919281,0.0305952,0.003205063,-0.02291138,0.0305952,0.003205063,-0.02291138,0.1140747,0.0425415,0.9925537,0.1140747,0.0425415,0.9925537,5.189468,5.189468,True,True,True
1666138,63779589549155,-13.54302,2.641191,-0.186152,-0.04903284,0.898512,-0.02403047,-0.4355394,-0.003863754,0.003544113,-0.02410045,0.118866,0.03079224,0.9924316,0.03056474,0.003236832,-0.02305953,0.03056474,0.003236832,-0.02305953,0.105545,0.04595947,0.9933472,0.105545,0.04595947,0.9933472,5.115524,5.115524,True,True,True
1666147,63779589549166,-13.54405,2.641381,-0.1839603,-0.04816709,0.89929,-0.02251127,-0.434109,-0.004118882,0.003516174,-0.02407159,0.1231079,0.03178406,0.9918823,0.03054755,0.003203324,-0.02297513,0.03054755,0.003203324,-0.02297513,0.1152344,0.04328918,0.9923859,0.1152344,0.04328918,0.9923859,5.199142,5.199142,True,True,True
1666155,63779589549177,-13.54527,2.641655,-0.1817629,-0.04732921,0.8999573,-0.02046666,-0.4329179,-0.002852982,0.003482437,-0.02402962,0.1251831,0.03181458,0.9916077,0.03052487,0.003202148,-0.02297719,0.03052487,0.003202148,-0.02297719,0.1094666,0.04450989,0.992981,0.1094666,0.04450989,0.992981,5.216904,5.216904,True,True,True
1666163,63779589549188,-13.54641,2.641875,-0.1795546,-0.04683516,0.9004977,-0.01830138,-0.4319438,-0.004496094,0.003467362,-0.02404501,0.1199799,0.02749634,0.9923859,0.03050923,0.003151596,-0.02285408,0.03050923,0.003151596,-0.02285408,0.1201019,0.03616333,0.9920959,0.1201019,0.03616333,0.9920959,5.283859,5.283859,True,True,True
1666172,63779589549199,-13.54776,2.642195,-0.1773974,-0.04662507,0.9009412,-0.01612639,-0.4311277,-0.01239275,0.003501297,-0.02425945,0.1215973,0.01594543,0.9924469,0.03049939,0.003067139,-0.02267029,0.03049939,0.003067139,-0.02267029,0.1168518,0.04536438,0.9921112,0.1168518,0.04536438,0.9921112,5.270889,5.270889,True,True,True
1666180,63779589549199,-13.54776,2.642195,-0.1773974,-0.04662507,0.9009412,-0.01612639,-0.4311277,-0.02185138,0.003589386,-0.02460878,0.1188202,0.01519775,0.9927979,0.03049297,0.003003418,-0.02256889,0.03049297,0.003003418,-0.02256889,0.1211243,0.04507446,0.9916077,0.1211243,0.04507446,0.9916077,5.206314,5.206314,True,True,True
1666188,63779589549211,-13.54911,2.642593,-0.1752612,-0.04605734,0.901365,-0.01408325,-0.4303737,-0.02512615,0.003624176,-0.0247399,0.1257477,0.01039124,0.9920044,0.03047868,0.002972702,-0.02254979,0.03047868,0.002972702,-0.02254979,0.1199036,0.04249573,0.9918671,0.1199036,0.04249573,0.9918671,5.283295,5.283295,True,True,True
1666197,63779589549221,-13.55059,2.642974,-0.1731379,-0.04505879,0.9018229,-0.0120879,-0.4295802,-0.02561643,0.00362648,-0.02476329,0.1228943,0.008239746,0.9923706,0.03045279,0.002974671,-0.02266829,0.03045279,0.002974671,-0.02266829,0.1121826,0.04356384,0.9927216,0.1121826,0.04356384,0.9927216,5.197876,5.197876,True,True,True
1666205,63779589549221,-13.55059,2.642974,-0.1731379,-0.04505879,0.9018229,-0.0120879,-0.4295802,-0.02627962,0.003617203,-0.02478348,0.1253967,0.004806519,0.9920807,0.03043916,0.002898895,-0.02257004,0.03043916,0.002898895,-0.02257004,0.1118011,0.04786682,0.992569,0.1118011,0.04786682,0.992569,5.24559,5.24559,True,True,True
1666213,63779589549233,-13.5521,2.643367,-0.1710532,-0.04347866,0.9022867,-0.01043753,-0.4288116,-0.02678929,0.003616852,-0.02480252,0.1292725,0.001785278,0.9915924,0.03043904,0.00280571,-0.02239766,0.03043904,0.00280571,-0.02239766,0.1129608,0.04283142,0.9926605,0.1129608,0.04283142,0.9926605,5.205261,5.205261,True,True,True
1666222,63779589549243,-13.5537,2.643702,-0.1690066,-0.04138813,0.9028699,-0.009037961,-0.4278216,-0.02549483,0.003594895,-0.02475026,0.1355438,0.001220703,0.9907684,0.03043527,0.002800446,-0.02247391,0.03043527,0.002800446,-0.02247391,0.1160126,0.0355835,0.9925995,0.1160126,0.0355835,0.9925995,5.242264,5.242264,True,True,True
1666230,63779589549254,-13.55548,2.644115,-0.1670577,-0.03836977,0.9035016,-0.007858637,-0.4267913,-0.02349649,0.003542923,-0.02465537,0.1371307,-0.003952026,0.9905396,0.03043247,0.002782517,-0.02249309,0.03043247,0.002782517,-0.02249309,0.1225891,0.02978516,0.9920044,0.1225891,0.02978516,0.9920044,5.311478,5.311478,True,True,True
1666238,63779589549265,-13.55729,2.644521,-0.1650672,-0.03544398,0.9040561,-0.006404369,-0.4258933,-0.01715787,0.003440415,-0.02439819,0.1305695,0.0009155273,0.9914246,0.03043189,0.002742554,-0.0224175,0.03043189,0.002742554,-0.0224175,0.1201477,0.03681946,0.9920654,0.1201477,0.03681946,0.9920654,5.299057,5.299057,True,True,True
1666247,63779589549265,-13.55729,2.644521,-0.1650672,-0.03544398,0.9040561,-0.006404369,-0.4258933,-0.012233,0.003337906,-0.02421086,0.133606,-0.002441406,0.9910278,0.03042258,0.002737122,-0.02241628,0.03042258,0.002737122,-0.02241628,0.1236877,0.03370667,0.991745,0.1236877,0.03370667,0.991745,5.281418,5.281418,True,True,True
1666255,63779589549277,-13.55928,2.645096,-0.1631383,-0.0326405,0.9045193,-0.005233074,-0.4251496,-0.009198807,0.003257233,-0.02407988,0.1373138,0.004425049,0.990509,0.03041327,0.002731705,-0.02241505,0.03041327,0.002731705,-0.02241505,0.1274414,0.03091431,0.9913483,0.1274414,0.03091431,0.9913483,5.295624,5.295624,True,True,True
1666263,63779589549288,-13.56137,2.645869,-0.1613346,-0.03028663,0.9049158,-0.003647384,-0.424496,-0.01175491,0.003263413,-0.02414189,0.1389618,-0.0001373291,0.9902954,0.03038361,0.002721848,-0.02229108,0.03038361,0.002721848,-0.02229108,0.1316223,0.03179932,0.9907837,0.1316223,0.03179932,0.9907837,5.286942,5.286942,True,True,True
1666272,63779589549288,-13.56137,2.645869,-0.1613346,-0.03028663,0.9049158,-0.003647384,-0.424496,-0.01654724,0.003310379,-0.02432613,0.1383972,-0.009887695,0.9903259,0.03037277,0.002692703,-0.02213767,0.03037277,0.002692703,-0.02213767,0.1225586,0.02766418,0.9920654,0.1225586,0.02766418,0.9920654,5.334335,5.334335,True,True,True
1666280,63779589549299,-13.56346,2.646871,-0.159621,-0.02864228,0.9051563,-0.001473472,-0.4241103,-0.02461867,0.003375748,-0.02467664,0.1299591,-0.03048706,0.9910431,0.03036792,0.002576248,-0.02188928,0.03036792,0.002576248,-0.02188928,0.1264648,0.01838684,0.9917908,0.1264648,0.01838684,0.9917908,5.247849,5.247849,True,True,True
1666288,63779589549310,-13.56561,2.647667,-0.1579036,-0.02704683,0.9054984,0.0003058368,-0.4234869,-0.02721272,0.003363586,-0.02483646,0.1223755,-0.03909302,0.9916992,0.03036055,0.002461853,-0.02174608,0.03036055,0.002461853,-0.02174608,0.1295166,0.01911926,0.9913788,0.1295166,0.01911926,0.9913788,5.334259,5.334259,True,True,True
1666297,63779589549321,-13.56773,2.647872,-0.1561185,-0.02515283,0.9059585,0.001754755,-0.4226151,-0.02763945,0.003307968,-0.02485031,0.1330109,-0.03288269,0.9905548,0.03035427,0.002337708,-0.0217414,0.03035427,0.002337708,-0.0217414,0.1240845,0.01797485,0.9920959,0.1240845,0.01797485,0.9920959,5.326279,5.326279,True,True,True
1666305,63779589549321,-13.56992,2.647555,-0.154394,-0.02299825,0.9064824,0.00276424,-0.4216077,-0.02769856,0.003248902,-0.0248298,0.1425018,-0.03543091,0.989151,0.03034561,0.002242874,-0.02173268,0.03034561,0.002242874,-0.02173268,0.1240082,0.006332397,0.9922485,0.1240082,0.006332397,0.9922485,5.286163,5.286163,True,True,True
1666313,63779589549332,-13.56992,2.647555,-0.154394,-0.02299825,0.9064824,0.00276424,-0.4216077,-0.02768622,0.003195557,-0.02483946,0.1458435,-0.03198242,0.9887848,0.03033307,0.002207535,-0.02183042,0.03033307,0.002207535,-0.02183042,0.1289673,0.006530762,0.9916229,0.1289673,0.006530762,0.9916229,5.152649,5.152649,True,True,True
1666322,63779589549343,-13.57217,2.647067,-0.1526779,-0.02049482,0.907015,0.003504047,-0.4205848,-0.02758177,0.00318042,-0.02484587,0.1482697,-0.03622437,0.9882813,0.03031632,0.002233002,-0.0219655,0.03031632,0.002233002,-0.0219655,0.1218872,0.003128052,0.9925385,0.1218872,0.003128052,0.9925385,5.270218,5.270218,True,True,True
1666330,63779589549355,-13.57442,2.646387,-0.150914,-0.01790718,0.9074951,0.003050148,-0.4196696,-0.02686418,0.003155731,-0.02480692,0.1490326,-0.03340149,0.9882507,0.03030898,0.002239121,-0.02194908,0.03030898,0.002239121,-0.02194908,0.1262512,-9.155273E-05,0.9919891,0.1262512,-9.155273E-05,0.9919891,5.317978,5.317978,True,True,True
1666338,63779589549355,-13.57442,2.646387,-0.150914,-0.01790718,0.9074951,0.003050148,-0.4196696,-0.02416231,0.003108948,-0.02466562,0.1430206,-0.04086304,0.9888611,0.03029157,0.002280273,-0.02200716,0.03029157,0.002280273,-0.02200716,0.1196136,0.003509521,0.9928131,0.1196136,0.003509521,0.9928131,5.226456,5.226456,True,True,True
1666347,63779589549366,-13.57674,2.645868,-0.1492519,-0.01605679,0.9079279,0.002883061,-0.4188087,-0.01735373,0.002998917,-0.02431105,0.1442413,-0.03456116,0.9889374,0.03028633,0.002287216,-0.02188275,0.03028633,0.002287216,-0.02188275,0.1259766,-0.002258301,0.9920197,0.1259766,-0.002258301,0.9920197,5.239288,5.239288,True,True,True
1666355,63779589549377,-13.57899,2.645483,-0.1477118,-0.01494481,0.908334,0.002730982,-0.4179695,-0.01607361,0.003050049,-0.02432984,0.1407928,-0.04637146,0.9889374,0.03024844,0.002444138,-0.02210463,0.03024844,0.002444138,-0.02210463,0.1180878,-0.02906799,0.992569,0.1180878,-0.02906799,0.992569,5.232559,5.232559,True,True,True
1666363,63779589549388,-13.58123,2.645167,-0.1462085,-0.01436644,0.9087089,0.00253382,-0.4171753,-0.02016997,0.003071793,-0.02447875,0.1479492,-0.0486908,0.987793,0.03025775,0.002283188,-0.02168524,0.03025775,0.002283188,-0.02168524,0.1219482,-0.008377075,0.9924927,0.1219482,-0.008377075,0.9924927,5.250351,5.250351,True,True,True
1666372,63779589549388,-13.58333,2.644895,-0.1447029,-0.0148144,0.9089299,0.001834734,-0.4166817,-0.01936461,0.003043152,-0.02444806,0.1530609,-0.0475769,0.9870605,0.03025618,0.002309616,-0.02175916,0.03025618,0.002309616,-0.02175916,0.1228333,-0.01080322,0.9923553,0.1228333,-0.01080322,0.9923553,5.228836,5.228836,True,True,True
1666380,63779589549399,-13.58333,2.644895,-0.1447029,-0.0148144,0.9089299,0.001834734,-0.4166817,-0.01651674,0.002982712,-0.02431148,0.1477051,-0.0385437,0.988266,0.03025461,0.002328232,-0.02183305,0.03025461,0.002328232,-0.02183305,0.1238556,-0.01083374,0.9922333,0.1238556,-0.01083374,0.9922333,5.230347,5.230347,True,True,True
1666388,63779589549410,-13.58543,2.644524,-0.1432081,-0.0157202,0.9090599,0.0008477869,-0.416368,-0.01364098,0.002931473,-0.02416126,0.1484375,-0.03431702,0.9883118,0.03025087,0.002316574,-0.02183025,0.03025087,0.002316574,-0.02183025,0.125351,-0.007827759,0.9920807,0.125351,-0.007827759,0.9920807,5.223175,5.223175,True,True,True
1666397,63779589549421,-13.58746,2.644052,-0.1416974,-0.01729872,0.9092612,-0.0006369513,-0.4158658,-0.01384876,0.002934235,-0.02417213,0.1456451,-0.03616333,0.9886627,0.03024713,0.002304932,-0.02182745,0.03024713,0.002304932,-0.02182745,0.1269684,-0.004669189,0.9918823,0.1269684,-0.004669189,0.9918823,5.234268,5.234268,True,True,True
1666405,63779589549421,-13.58746,2.644052,-0.1416974,-0.01729872,0.9092612,-0.0006369513,-0.4158658,-0.01273932,0.002918991,-0.02411086,0.148407,-0.03596497,0.988266,0.03024661,0.002297135,-0.02181639,0.03024661,0.002297135,-0.02181639,0.1271973,-0.001953125,0.9918671,0.1271973,-0.001953125,0.9918671,5.243134,5.243134,True,True,True
1666413,63779589549433,-13.58941,2.643396,-0.1401807,-0.0189737,0.9095268,-0.002271761,-0.4152057,-0.01112985,0.002898377,-0.02402127,0.1483307,-0.03453064,0.988327,0.03024608,0.002291611,-0.02180533,0.03024608,0.002291611,-0.02180533,0.1274261,-0.002456665,0.9918365,0.1274261,-0.002456665,0.9918365,5.25,5.25,True,True,True
1666422,63779589549443,-13.59123,2.642594,-0.1386428,-0.02068404,0.9098324,-0.004311666,-0.4144377,-0.005149033,0.002813889,-0.02369484,0.1459045,-0.02938843,0.9888458,0.03024565,0.002290482,-0.02179076,0.03024565,0.002290482,-0.02179076,0.1275177,-0.001876831,0.9918213,0.1275177,-0.001876831,0.9918213,5.253143,5.253143,True,True,True
1666430,63779589549455,-13.59289,2.641732,-0.1371319,-0.02311593,0.9100004,-0.006469027,-0.4139119,-0.01081113,0.002926514,-0.02394118,0.1542969,-0.03022766,0.9875488,0.03023171,0.00226207,-0.02159587,0.03023171,0.00226207,-0.02159587,0.1327362,0.01626587,0.9910126,0.1327362,0.01626587,0.9910126,5.285309,5.285309,True,True,True
1666438,63779589549466,-13.59451,2.640887,-0.1355957,-0.02559577,0.91012,-0.008450697,-0.4134671,-0.008963211,0.00289914,-0.02382564,0.1546021,-0.02310181,0.9877014,0.03023068,0.002295227,-0.02162755,0.03023068,0.002295227,-0.02162755,0.1340942,0.01289368,0.9908752,0.1340942,0.01289368,0.9908752,5.311844,5.311844,True,True,True
1666447,63779589549466,-13.59451,2.640887,-0.1355957,-0.02559577,0.91012,-0.008450697,-0.4134671,-0.005647187,0.002904038,-0.02370062,0.1526794,-0.01676941,0.9881287,0.03023296,0.002370804,-0.02177329,0.03023296,0.002370804,-0.02177329,0.1305695,0.006576538,0.9914093,0.1305695,0.006576538,0.9914093,5.315247,5.315247,True,True,True
1666455,63779589549477,-13.59589,2.640053,-0.1341261,-0.02814532,0.9101586,-0.01030457,-0.4131743,-0.005834961,0.002939453,-0.02373129,0.143631,-0.02067566,0.9894104,0.03024168,0.002415314,-0.02184363,0.03024168,0.002415314,-0.02184363,0.127594,0.004669189,0.991806,0.127594,0.004669189,0.991806,5.280167,5.280167,True,True,True
1666463,63779589549488,-13.59731,2.639356,-0.1327545,-0.03040236,0.9102522,-0.01198725,-0.4127626,-0.005571182,0.003001633,-0.0237229,0.1469727,-0.02256775,0.9888763,0.03024498,0.002422699,-0.02181569,0.03024498,0.002422699,-0.02181569,0.1362762,0.01159668,0.9906006,0.1362762,0.01159668,0.9906006,5.2668,5.2668,True,True,True
1666472,63779589549498,-13.59859,2.638793,-0.1314484,-0.03223536,0.9105305,-0.01333448,-0.4119675,-0.004852234,0.002959076,-0.02366867,0.1507721,-0.01437378,0.9884491,0.03029036,0.002398377,-0.0217979,0.03029036,0.002398377,-0.0217979,0.1328125,0.01216125,0.9910583,0.1328125,0.01216125,0.9910583,5.308624,5.308624,True,True,True
1666480,63779589549498,-13.59859,2.638793,-0.1314484,-0.03223536,0.9105305,-0.01333448,-0.4119675,-0.01278139,0.003062363,-0.02420642,0.1274719,-0.03709412,0.9911346,0.03046179,0.002196961,-0.0214382,0.03046179,0.002196961,-0.0214382,0.1195526,-0.0003967285,0.9928131,0.1195526,-0.0003967285,0.9928131,5.38472,5.38472,True,True,True
1666488,63779589549510,-13.59987,2.638246,-0.1301636,-0.03358627,0.9108474,-0.01437446,-0.4111232,0.02957777,0.002180069,-0.02188452,0.1282501,-0.02334595,0.9914551,0.03067891,0.002154938,-0.02180522,0.03067891,0.002154938,-0.02180522,0.128891,-0.02236938,0.991394,0.128891,-0.02236938,0.991394,5.304657,5.304657,True,True,True
1666497,63779589549521,-13.60103,2.637676,-0.1290648,-0.03476499,0.9110883,-0.01486385,-0.4104736,0.02934577,0.002031571,-0.02198692,0.1272888,-0.04824829,0.9906769,0.03087802,0.002002853,-0.02190431,0.03087802,0.002002853,-0.02190431,0.1282806,-0.04711914,0.9906158,0.1282806,-0.04711914,0.9906158,5.296509,5.296509,True,True,True
1666505,63779589549532,-13.60218,2.637063,-0.1279632,-0.03553165,0.9113471,-0.01499614,-0.4098281,0.01592175,0.002374725,-0.02349027,0.08148193,-0.08929443,0.9926605,0.03087248,0.00214328,-0.02287334,0.03087248,0.00214328,-0.02287334,0.08340454,-0.08076477,0.9932251,0.08340454,-0.08076477,0.9932251,5.246948,5.246948,True,True,True
1666513,63779589549532,-13.60218,2.637063,-0.1279632,-0.03553165,0.9113471,-0.01499614,-0.4098281,-0.02564992,0.002971802,-0.02514139,0.08222961,-0.1176758,0.9896393,0.03088565,0.002121643,-0.02289706,0.03088565,0.002121643,-0.02289706,0.08413696,-0.08236694,0.993042,0.08413696,-0.08236694,0.993042,5.310211,5.310211,True,True,True
1666522,63779589549543,-13.60325,2.636387,-0.1269431,-0.03655035,0.9115944,-0.01495203,-0.4091896,-0.0271794,0.003007507,-0.02526175,0.08039856,-0.118042,0.9897461,0.03088997,0.002095627,-0.02281322,0.03088997,0.002095627,-0.02281322,0.08253479,-0.08433533,0.9930115,0.08253479,-0.08433533,0.9930115,5.292709,5.292709,True,True,True
1666530,63779589549555,-13.60418,2.635544,-0.1259593,-0.03744578,0.9119357,-0.01474544,-0.4083549,-0.02725256,0.003026535,-0.02527194,0.07955933,-0.1123657,0.9904633,0.0308823,0.002092087,-0.02277554,0.0308823,0.002092087,-0.02277554,0.08712769,-0.0859375,0.9924774,0.08712769,-0.0859375,0.9924774,5.29248,5.29248,True,True,True
1666538,63779589549565,-13.60507,2.634702,-0.1249949,-0.03825928,0.9123502,-0.01494821,-0.407345,-0.02727669,0.003050736,-0.02529388,0.07336426,-0.1129303,0.9908752,0.03088159,0.002089005,-0.02275467,0.03088159,0.002089005,-0.02275467,0.08766174,-0.08683777,0.9923553,0.08766174,-0.08683777,0.9923553,5.281403,5.281403,True,True,True
1666547,63779589549565,-13.60507,2.634702,-0.1249949,-0.03825928,0.9123502,-0.01494821,-0.407345,-0.0272934,0.003055054,-0.02530019,0.07484436,-0.118927,0.9900665,0.03088089,0.00208635,-0.02273378,0.03088089,0.00208635,-0.02273378,0.0881958,-0.08744812,0.9922485,0.0881958,-0.08744812,0.9922485,5.270004,5.270004,True,True,True
1666555,63779589549577,-13.60582,2.633754,-0.1241141,-0.03911196,0.9127327,-0.01518565,-0.4063972,-0.02730705,0.003060806,-0.02529329,0.07652283,-0.1148224,0.9904327,0.03087816,0.002088776,-0.02272786,0.03087816,0.002088776,-0.02272786,0.08934021,-0.08743286,0.9921417,0.08934021,-0.08743286,0.9921417,5.255219,5.255219,True,True,True
1666563,63779589549588,-13.60658,2.632864,-0.1231638,-0.03977646,0.9130993,-0.01557422,-0.4054933,-0.02681665,0.003065155,-0.02525507,0.07762146,-0.1095581,0.9909363,0.03087543,0.002091202,-0.02272194,0.03087543,0.002091202,-0.02272194,0.09048462,-0.08740234,0.9920502,0.09048462,-0.08740234,0.9920502,5.240372,5.240372,True,True,True
1666572,63779589549599,-13.60718,2.63196,-0.1222293,-0.04026154,0.9134882,-0.0163524,-0.4045379,-0.02331213,0.003015808,-0.02508034,0.07414246,-0.1083221,0.991333,0.03084775,0.00212143,-0.02275629,0.03084775,0.00212143,-0.02275629,0.09298706,-0.08976746,0.9916077,0.09298706,-0.08976746,0.9916077,5.275803,5.275803,True,True,True
1666580,63779589549599,-13.60718,2.63196,-0.1222293,-0.04026154,0.9134882,-0.0163524,-0.4045379,0.001398468,0.002620301,-0.02403473,0.09080505,-0.09359741,0.9914551,0.03082857,0.002144913,-0.02282205,0.03082857,0.002144913,-0.02282205,0.1000671,-0.07951355,0.9917908,0.1000671,-0.07951355,0.9917908,5.185226,5.185226,True,True,True
1666588,63779589549610,-13.60779,2.631039,-0.121299,-0.04068395,0.913891,-0.01747155,-0.4035379,0.00777501,0.002511246,-0.02372884,0.0921936,-0.09042358,0.9916229,0.03082518,0.002144424,-0.02282262,0.03082518,0.002144424,-0.02282262,0.1008606,-0.07876587,0.9917755,0.1008606,-0.07876587,0.9917755,5.212265,5.212265,True,True,True
1666597,63779589549621,-13.60821,2.630014,-0.120311,-0.04086665,0.9144146,-0.01879197,-0.402272,0.01763834,0.00235109,-0.02331641,0.09315491,-0.08602905,0.9919128,0.03082178,0.002144913,-0.02282318,0.03082178,0.002144913,-0.02282318,0.09860229,-0.07910156,0.9919739,0.09860229,-0.07910156,0.9919739,5.238419,5.238419,True,True,True
1666605,63779589549632,-13.60864,2.628994,-0.1193963,-0.04089915,0.914977,-0.02024822,-0.4009171,0.02196462,0.002290711,-0.02317046,0.09622192,-0.08331299,0.9918518,0.03081725,0.002149124,-0.02283164,0.03081725,0.002149124,-0.02283164,0.09764099,-0.07946777,0.9920349,0.09764099,-0.07946777,0.9920349,5.218185,5.218185,True,True,True
1666613,63779589549632,-13.60864,2.628994,-0.1193963,-0.04089915,0.914977,-0.02024822,-0.4009171,0.02268376,0.002318558,-0.02318858,0.08981323,-0.07899475,0.9928131,0.03077555,0.002193772,-0.02288367,0.03077555,0.002193772,-0.02288367,0.09043884,-0.07521057,0.993042,0.09043884,-0.07521057,0.993042,5.269638,5.269638,True,True,True
1666622,63779589549643,-13.60896,2.627923,-0.1184114,-0.04077518,0.9155647,-0.02185606,-0.3995008,0.02240608,0.002337219,-0.02316649,0.09024048,-0.08380127,0.9923859,0.03075731,0.00220903,-0.02284364,0.03075731,0.00220903,-0.02284364,0.09101868,-0.08041382,0.9925842,0.09101868,-0.08041382,0.9925842,5.228088,5.228088,True,True,True
1666630,63779589549654,-13.60922,2.626785,-0.1174122,-0.04062385,0.9160948,-0.02349655,-0.3982061,0.01899423,0.002433075,-0.02339324,0.09268188,-0.08895874,0.9916992,0.03073236,0.002258972,-0.0229469,0.03073236,0.002258972,-0.0229469,0.09422302,-0.08476257,0.9919281,0.09422302,-0.08476257,0.9919281,5.184448,5.184448,True,True,True
1666638,63779589549665,-13.60949,2.62565,-0.1164086,-0.04057228,0.9166127,-0.02521077,-0.3969124,-0.02169707,0.003057526,-0.02500961,0.09033203,-0.09466553,0.991394,0.03080812,0.001939865,-0.02183055,0.03080812,0.001939865,-0.02183055,0.1184845,-0.06178284,0.9910278,0.1184845,-0.06178284,0.9910278,5.284195,5.284195,True,True,True
1666647,63779589549665,-13.60949,2.62565,-0.1164086,-0.04057228,0.9166127,-0.02521077,-0.3969124,-0.02065891,0.003100083,-0.02512958,0.08639526,-0.09509277,0.9916992,0.03070212,0.002332214,-0.02307881,0.03070212,0.002332214,-0.02307881,0.09658813,-0.07858276,0.9922028,0.09658813,-0.07858276,0.9922028,5.249817,5.249817,True,True,True
1666655,63779589549677,-13.60967,2.624528,-0.1154507,-0.04050285,0.9170986,-0.02681616,-0.3956901,-0.02011589,0.003077194,-0.02503038,0.09150696,-0.09185791,0.9915466,0.03068819,0.002347321,-0.02304881,0.03068819,0.002347321,-0.02304881,0.09524536,-0.07252502,0.9927979,0.09524536,-0.07252502,0.9927979,5.257721,5.257721,True,True,True
1666663,63779589549688,-13.60974,2.623382,-0.1144708,-0.04056596,0.9175522,-0.02808055,-0.3945425,-0.01812268,0.003057419,-0.02496845,0.08639526,-0.09155273,0.9920349,0.03065798,0.002381806,-0.02304831,0.03065798,0.002381806,-0.02304831,0.09362793,-0.06719971,0.9933319,0.09362793,-0.06719971,0.9933319,5.252731,5.252731,True,True,True
1666672,63779589549699,-13.60981,2.622303,-0.1134982,-0.04105499,0.9179057,-0.02887846,-0.3936109,-0.01584793,0.003051026,-0.02493869,0.09190369,-0.09068298,0.9916229,0.03062988,0.0024133,-0.02300603,0.03062988,0.0024133,-0.02300603,0.09075928,-0.07304382,0.9931793,0.09075928,-0.07304382,0.9931793,5.166122,5.166122,True,True,True
1666680,63779589549699,-13.60981,2.622303,-0.1134982,-0.04105499,0.9179057,-0.02887846,-0.3936109,-0.02744605,0.003237992,-0.02550556,0.08758545,-0.09388733,0.9917145,0.03071135,0.002028809,-0.02167809,0.03071135,0.002028809,-0.02167809,0.1185455,-0.04740906,0.991806,0.1185455,-0.04740906,0.991806,5.305222,5.305222,True,True,True
1666688,63779589549709,-13.60993,2.621242,-0.112534,-0.0419287,0.9182308,-0.02952641,-0.3927116,-0.02751004,0.00330574,-0.02570958,0.08503723,-0.0957489,0.9917603,0.0306893,0.002073578,-0.02174501,0.0306893,0.002073578,-0.02174501,0.1172028,-0.04875183,0.9918976,0.1172028,-0.04875183,0.9918976,5.304657,5.304657,True,True,True
1666697,63779589549721,-13.60994,2.620278,-0.1116117,-0.04320586,0.9184669,-0.02984994,-0.3919958,-0.02753035,0.003351196,-0.02582677,0.09020996,-0.09449768,0.9914246,0.03067856,0.002100494,-0.02177736,0.03067856,0.002100494,-0.02177736,0.1238708,-0.04368591,0.991333,0.1238708,-0.04368591,0.991333,5.240753,5.240753,True,True,True
1666705,63779589549732,-13.60994,2.619358,-0.1106414,-0.04442992,0.9186425,-0.03044903,-0.391401,-0.02753824,0.003395264,-0.02593298,0.08207703,-0.09535217,0.9920502,0.03066403,0.002118118,-0.02180402,0.03066403,0.002118118,-0.02180402,0.1181793,-0.04112244,0.9921265,0.1181793,-0.04112244,0.9921265,5.306717,5.306717,True,True,True
1666713,63779589549732,-13.60994,2.619358,-0.1106414,-0.04442992,0.9186425,-0.03044903,-0.391401,-0.02754492,0.003452988,-0.02609668,0.08644104,-0.0909729,0.9920807,0.0306541,0.00209967,-0.02170528,0.0306541,0.00209967,-0.02170528,0.1181335,-0.03251648,0.9924622,0.1181335,-0.03251648,0.9924622,5.311279,5.311279,True,True,True
1666722,63779589549744,-13.60989,2.618584,-0.1096536,-0.04581017,0.9187484,-0.0314446,-0.3909144,-0.02755032,0.003491089,-0.0261694,0.09280396,-0.08531189,0.9920197,0.03053095,0.00251564,-0.02300916,0.03053095,0.00251564,-0.02300916,0.09320068,-0.06195068,0.9937134,0.09320068,-0.06195068,0.9937134,5.241531,5.241531,True,True,True
1666730,63779589549754,-13.60966,2.617742,-0.1086245,-0.04705459,0.9188322,-0.03246399,-0.3904862,-0.02754132,0.003469498,-0.02601312,0.09779358,-0.09840393,0.9903259,0.03052547,0.002514679,-0.02298906,0.03052547,0.002514679,-0.02298906,0.0887146,-0.05722046,0.9944,0.0887146,-0.05722046,0.9944,5.250168,5.250168,True,True,True
1666738,63779589549765,-13.60945,2.61686,-0.1075383,-0.04822486,0.9189127,-0.03379848,-0.3900404,-0.02754808,0.003472015,-0.02596871,0.09907532,-0.07588196,0.9921722,0.03052001,0.00251564,-0.02300916,0.03052001,0.00251564,-0.02300916,0.08786011,-0.05813599,0.9944305,0.08786011,-0.05813599,0.9944305,5.254501,5.254501,True,True,True
1666747,63779589549765,-13.60945,2.61686,-0.1075383,-0.04822486,0.9189127,-0.03379848,-0.3900404,-0.02754363,0.003429367,-0.02574524,0.1042328,-0.07551575,0.9916687,0.03051677,0.002532486,-0.02303444,0.03051677,0.002532486,-0.02303444,0.08810425,-0.05979919,0.9943085,0.08810425,-0.05979919,0.9943085,5.247177,5.247177,True,True,True
1666755,63779589549777,-13.60903,2.616001,-0.1063989,-0.04929886,0.9190223,-0.03543428,-0.3895023,-0.02755232,0.003498322,-0.02589586,0.09524536,-0.08265686,0.9920044,0.03051355,0.002549332,-0.02305971,0.03051355,0.002549332,-0.02305971,0.08836365,-0.06135559,0.9941864,0.08836365,-0.06135559,0.9941864,5.240128,5.240128,True,True,True
1666763,63779589549788,-13.60862,2.61506,-0.1053328,-0.05024755,0.9191626,-0.03700396,-0.3889038,-0.02755963,0.003526917,-0.02596886,0.1048737,-0.08605957,0.9907532,0.03050891,0.002554306,-0.02305985,0.03050891,0.002554306,-0.02305985,0.08717346,-0.06016541,0.9943695,0.08717346,-0.06016541,0.9943695,5.22641,5.22641,True,True,True
1666772,63779589549798,-13.60818,2.614058,-0.1041622,-0.05100013,0.9193292,-0.03880424,-0.3882357,-0.02752289,0.003467423,-0.02606224,0.09899902,-0.07276917,0.9924164,0.03066356,0.002022751,-0.02164024,0.03066356,0.002022751,-0.02164024,0.1298523,-0.02529907,0.9911957,0.1298523,-0.02529907,0.9911957,5.329468,5.329468,True,True,True
1666780,63779589549798,-13.60818,2.614058,-0.1041622,-0.05100013,0.9193292,-0.03880424,-0.3882357,-0.02735571,0.003063553,-0.02529006,0.08729553,-0.09664917,0.9914703,0.03076344,0.001871872,-0.02195374,0.03076344,0.001871872,-0.02195374,0.1126709,-0.05082703,0.9923248,0.1126709,-0.05082703,0.9923248,5.358597,5.358597,True,True,True
1666788,63779589549810,-13.60765,2.613155,-0.1029774,-0.05172223,0.9194685,-0.04045996,-0.3876408,-0.02723985,0.00286319,-0.02523552,0.08670044,-0.149826,0.9848938,0.03073516,0.002055862,-0.02314972,0.03073516,0.002055862,-0.02314972,0.09524536,-0.1129608,0.9890137,0.09524536,-0.1129608,0.9890137,5.231461,5.231461,True,True,True
1666797,63779589549821,-13.60709,2.612455,-0.1018382,-0.0526407,0.919484,-0.04148309,-0.3873722,-0.01869786,0.00256279,-0.02474359,0.08383179,-0.1719818,0.9815216,0.03074262,0.001882736,-0.02311435,0.03074262,0.001882736,-0.02311435,0.07243347,-0.1499329,0.9860382,0.07243347,-0.1499329,0.9860382,5.206314,5.206314,True,True,True
1666805,63779589549821,-13.60709,2.612455,-0.1018382,-0.0526407,0.919484,-0.04148309,-0.3873722,0.0246702,0.001847229,-0.02312488,0.07830811,-0.1746674,0.9814911,0.03073369,0.001782242,-0.02297048,0.03073369,0.001782242,-0.02297048,0.07723999,-0.1720123,0.9820557,0.07723999,-0.1720123,0.9820557,5.117111,5.117111,True,True,True
1666813,63779589549832,-13.60658,2.611854,-0.1007992,-0.05376125,0.9194413,-0.04209082,-0.3872541,0.02866741,0.001835297,-0.02306699,0.0894928,-0.1739044,0.9806824,0.03074918,0.001810989,-0.02300417,0.03074918,0.001810989,-0.02300417,0.08966064,-0.1733398,0.9807587,0.08966064,-0.1733398,0.9807587,5.290161,5.290161,True,True,True
1666822,63779589549844,-13.60592,2.611436,-0.09981108,-0.05561439,0.9192833,-0.04229979,-0.387345,0.02643593,0.001891129,-0.0231662,0.08218384,-0.1733856,0.9814148,0.03076505,0.001839279,-0.02302318,0.03076505,0.001839279,-0.02302318,0.08207703,-0.1723175,0.9816132,0.08207703,-0.1723175,0.9816132,5.193253,5.193253,True,True,True
1666830,63779589549854,-13.60519,2.611019,-0.09894305,-0.05806121,0.9190224,-0.04210041,-0.3876265,0.01444856,0.002068817,-0.02360964,0.08047485,-0.182663,0.9798737,0.03077034,0.00184404,-0.02296364,0.03077034,0.00184404,-0.02296364,0.08018494,-0.1771088,0.9809113,0.08018494,-0.1771088,0.9809113,5.217056,5.217056,True,True,True
1666838,63779589549865,-13.60444,2.61059,-0.09803063,-0.06045552,0.9188494,-0.04181176,-0.3877018,-0.01104555,0.002440338,-0.02465109,0.08479309,-0.1793213,0.9801178,0.03077635,0.001848343,-0.02296005,0.03077635,0.001848343,-0.02296005,0.08587646,-0.1685638,0.9819336,0.08587646,-0.1685638,0.9819336,5.216492,5.216492,True,True,True
1666847,63779589549865,-13.60444,2.61059,-0.09803063,-0.06045552,0.9188494,-0.04181176,-0.3877018,-0.0232305,0.002590302,-0.02490093,0.08551025,-0.1858978,0.9788361,0.03078133,0.001846741,-0.02295473,0.03078133,0.001846741,-0.02295473,0.08259583,-0.1682892,0.982254,0.08259583,-0.1682892,0.982254,5.187592,5.187592,True,True,True
1666855,63779589549876,-13.60365,2.610211,-0.09726739,-0.06290105,0.9186504,-0.04125297,-0.3878442,0.01054376,0.002137283,-0.02367922,0.08396912,-0.1759033,0.9808044,0.0307863,0.001845139,-0.0229494,0.0307863,0.001845139,-0.0229494,0.08372498,-0.1679993,0.9822083,0.08372498,-0.1679993,0.9822083,5.18895,5.18895,True,True,True
1666863,63779589549888,-13.60284,2.609733,-0.09644914,-0.06496601,0.9185042,-0.04092311,-0.3878851,0.03003398,0.001848206,-0.0229593,0.08633423,-0.1659393,0.9823456,0.03078893,0.001836563,-0.0229297,0.03078893,0.001836563,-0.0229297,0.08639526,-0.1656952,0.9823761,0.08639526,-0.1656952,0.9823761,5.1978,5.1978,True,True,True
1666872,63779589549898,-13.60195,2.609306,-0.09577429,-0.06656833,0.9184219,-0.04049161,-0.3878535,0.03012836,0.001793213,-0.02286562,0.09196472,-0.1615601,0.9825592,0.03080411,0.001782074,-0.02283835,0.03080411,0.001782074,-0.02283835,0.09207153,-0.1612854,0.9825897,0.09207153,-0.1612854,0.9825897,5.223633,5.223633,True,True,True
1666880,63779589549898,-13.60195,2.609306,-0.09577429,-0.06656833,0.9184219,-0.04049161,-0.3878535,0.03018837,0.0017677,-0.02280728,0.09509277,-0.1595459,0.9825897,0.03080881,0.001757126,-0.02278209,0.03080881,0.001757126,-0.02278209,0.09521484,-0.1593018,0.9826202,0.09521484,-0.1593018,0.9826202,5.157257,5.157257,True,True,True
1666888,63779589549910,-13.60109,2.608743,-0.09513748,-0.06795659,0.9183958,-0.04010335,-0.387715,0.02298605,0.001882599,-0.02307045,0.09300232,-0.1605072,0.9826355,0.03081137,0.001746353,-0.0227507,0.03081137,0.001746353,-0.0227507,0.09371948,-0.1573792,0.983078,0.09371948,-0.1573792,0.983078,5.172852,5.172852,True,True,True
1666897,63779589549921,-13.60015,2.60817,-0.09455651,-0.06920451,0.9184751,-0.03959715,-0.3873582,0.005151734,0.002189774,-0.0237749,0.09228516,-0.16716,0.9815979,0.03081394,0.001735565,-0.02271933,0.03081394,0.001735565,-0.02271933,0.09663391,-0.155365,0.9831085,0.09663391,-0.155365,0.9831085,5.188934,5.188934,True,True,True
1666905,63779589549932,-13.5992,2.607533,-0.09404844,-0.07081388,0.9184984,-0.03891472,-0.387081,-0.002187271,0.002319748,-0.0240723,0.09086609,-0.1690063,0.9814148,0.03081395,0.001733063,-0.02270816,0.03081395,0.001733063,-0.02270816,0.09451294,-0.155014,0.9833679,0.09451294,-0.155014,0.9833679,5.1996,5.1996,True,True,True
1666913,63779589549932,-13.5992,2.607533,-0.09404844,-0.07081388,0.9184984,-0.03891472,-0.387081,-0.00592453,0.002385513,-0.02420555,0.09091187,-0.176712,0.9800415,0.03081394,0.001734833,-0.02269881,0.03081394,0.001734833,-0.02269881,0.09484863,-0.1564484,0.9831085,0.09484863,-0.1564484,0.9831085,5.208969,5.208969,True,True,True
1666922,63779589549943,-13.59816,2.606904,-0.09371167,-0.07282823,0.918557,-0.03814743,-0.3866442,-0.009287888,0.002457581,-0.02437424,0.09539795,-0.1735992,0.9801788,0.03081137,0.001735199,-0.02270232,0.03081137,0.001735199,-0.02270232,0.09512329,-0.155838,0.9831848,0.09512329,-0.155838,0.9831848,5.209656,5.209656,True,True,True
1666930,63779589549954,-13.59718,2.606273,-0.0933274,-0.07505988,0.918618,-0.03717384,-0.3861671,-0.005509491,0.00239389,-0.0242272,0.09425354,-0.1699066,0.9809265,0.03080881,0.001735565,-0.02270583,0.03080881,0.001735565,-0.02270583,0.09539795,-0.1552124,0.9832458,0.09539795,-0.1552124,0.9832458,5.210663,5.210663,True,True,True
1666938,63779589549965,-13.59616,2.605778,-0.09308195,-0.07744292,0.9188252,-0.03593202,-0.3853204,0.0007871094,0.00227858,-0.02393317,0.09342957,-0.1673279,0.9814606,0.03080806,0.001738648,-0.02271257,0.03080806,0.001738648,-0.02271257,0.0953064,-0.1546631,0.9833527,0.0953064,-0.1546631,0.9833527,5.212814,5.212814,True,True,True
1666947,63779589549965,-13.59616,2.605778,-0.09308195,-0.07744292,0.9188252,-0.03593202,-0.3853204,0.006785675,0.002176346,-0.02367636,0.09596252,-0.1628876,0.9819641,0.03080733,0.001739624,-0.02270583,0.03080733,0.001739624,-0.02270583,0.09518433,-0.154541,0.9833832,0.09518433,-0.154541,0.9833832,5.211105,5.211105,True,True,True
1666955,63779589549977,-13.59517,2.605294,-0.09289777,-0.07962172,0.9190721,-0.03467184,-0.3844018,0.01349901,0.00204747,-0.02336377,0.09584045,-0.1564636,0.983017,0.03080071,0.001737595,-0.02270232,0.03080071,0.001737595,-0.02270232,0.09495544,-0.1516266,0.9838562,0.09495544,-0.1516266,0.9838562,5.211884,5.211884,True,True,True
1666963,63779589549988,-13.59416,2.604882,-0.0927543,-0.08159535,0.9193525,-0.03377814,-0.3833956,0.025608,0.001824555,-0.02287442,0.09509277,-0.1548615,0.9833374,0.0307941,0.001735565,-0.02269881,0.0307941,0.001735565,-0.02269881,0.09472656,-0.1529541,0.9836731,0.09472656,-0.1529541,0.9836731,5.21138,5.21138,True,True,True
1666972,63779589549999,-13.59315,2.604547,-0.0926463,-0.08315948,0.9198442,-0.03289242,-0.3819547,0.02851418,0.001733383,-0.02263919,0.1051941,-0.1444702,0.9838867,0.0307487,0.001691788,-0.02255516,0.0307487,0.001691788,-0.02255516,0.1053009,-0.1434784,0.984024,0.1053009,-0.1434784,0.984024,5.247971,5.247971,True,True,True
1666980,63779589549999,-13.59315,2.604547,-0.0926463,-0.08315948,0.9198442,-0.03289242,-0.3819547,0.02936853,0.001746674,-0.02269852,0.1139069,-0.1518707,0.9818115,0.03073442,0.001721176,-0.02264858,0.03073442,0.001721176,-0.02264858,0.114151,-0.151413,0.981842,0.114151,-0.151413,0.981842,5.318207,5.318207,True,True,True
1666988,63779589550010,-13.59212,2.604199,-0.09246802,-0.0845333,0.9204095,-0.03226306,-0.3803415,-0.00186583,0.002235764,-0.02342375,0.1132813,-0.1567535,0.9811096,0.03075942,0.001493164,-0.02169769,0.03075942,0.001493164,-0.02169769,0.1177368,-0.1504211,0.9815826,0.1177368,-0.1504211,0.9815826,5.293854,5.293854,True,True,True
1666997,63779589550021,-13.5911,2.603973,-0.09228337,-0.08579704,0.9211873,-0.0322644,-0.378169,-0.02082361,0.002721573,-0.02451937,0.103775,-0.1630554,0.9811401,0.03072583,0.001599655,-0.02219328,0.03072583,0.001599655,-0.02219328,0.1183167,-0.1423645,0.9827118,0.1183167,-0.1423645,0.9827118,5.279587,5.279587,True,True,True
1667005,63779589550032,-13.58997,2.603754,-0.09208113,-0.08679321,0.9219991,-0.03217105,-0.375965,-0.02736011,0.002892807,-0.02488762,0.1088715,-0.1665649,0.9799957,0.03069946,0.001453369,-0.02147368,0.03069946,0.001453369,-0.02147368,0.1282501,-0.1546326,0.979599,0.1282501,-0.1546326,0.979599,5.360977,5.360977,True,True,True
1667013,63779589550032,-13.58997,2.603754,-0.09208113,-0.08679321,0.9219991,-0.03217105,-0.375965,-0.02741297,0.002946228,-0.02495685,0.1114655,-0.1752625,0.9781799,0.03062273,0.001461792,-0.02135092,0.03062273,0.001461792,-0.02135092,0.1196442,-0.1609192,0.9796753,0.1196442,-0.1609192,0.9796753,5.276932,5.276932,True,True,True
1667022,63779589550043,-13.58897,2.60359,-0.09183329,-0.08722062,0.9229198,-0.03196878,-0.3736169,-0.02741499,0.00299028,-0.0250464,0.122345,-0.1681519,0.9781342,0.03062485,0.001713776,-0.02216679,0.03062485,0.001713776,-0.02216679,0.125351,-0.1595612,0.979187,0.125351,-0.1595612,0.979187,5.358139,5.358139,True,True,True
1667030,63779589550054,-13.58798,2.603521,-0.09164679,-0.08748411,0.9237795,-0.03153398,-0.3714613,-0.02743105,0.003035996,-0.02509139,0.120697,-0.1658478,0.9787292,0.03061067,0.001605072,-0.02135103,0.03061067,0.001605072,-0.02135103,0.1281891,-0.1862183,0.9741058,0.1281891,-0.1862183,0.9741058,5.304596,5.304596,True,True,True
1667038,63779589550065,-13.58714,2.603477,-0.09131718,-0.08721455,0.9246367,-0.03056569,-0.3694679,-0.02743431,0.003077026,-0.02515366,0.1187744,-0.162674,0.9794922,0.0305694,0.001813995,-0.0221182,0.0305694,0.001813995,-0.0221182,0.1152191,-0.1482086,0.9822083,0.1152191,-0.1482086,0.9822083,5.413742,5.413742,True,True,True
1667047,63779589550065,-13.58714,2.603477,-0.09131718,-0.08721455,0.9246367,-0.03056569,-0.3694679,-0.02741121,0.00307573,-0.02508742,0.1218262,-0.2016602,0.9718323,0.03061041,0.001849655,-0.02177538,0.03061041,0.001849655,-0.02177538,0,0,0,0,0,0,-1,-1,True,True,True
1667055,63779589550076,-13.5864,2.603461,-0.09094143,-0.0868145,0.9253335,-0.02864104,-0.3679686,-0.001,-0.001,-0.001,1,-1,-1,0.03060954,0.002029251,-0.02180406,0.03060954,0.002029251,-0.02180406,0,0,0,0,0,0,-1,-1,False,True,True
1667063,63779589550088,-13.58581,2.603414,-0.09044099,-0.08677333,0.9257818,-0.02602864,-0.3670436,-0.001,-0.001,-0.001,1,-1,-1,0.03063162,0.002246964,-0.02169121,0.03063162,0.002246964,-0.02169121,0,0,0,0,0,0,-1,-1,False,True,True
1667072,63779589550088,-13.58581,2.603414,-0.09044099,-0.08677333,0.9257818,-0.02602864,-0.3670436,-0.001,-0.001,-0.001,1,-1,-1,0.03143788,0.001894745,-0.01891565,0.03143788,0.001894745,-0.01891565,0,0,0,0,0,0,-1,-1,False,True,True
1667080,63779589550098,-13.5854,2.603466,-0.08979213,-0.08772589,0.9256933,-0.0223488,-0.3672826,-0.001,-0.001,-0.001,1,-1,-1,0.03141298,0.001249161,-0.02247478,0.03141298,0.001249161,-0.02247478,0,0,0,0,0,0,-1,-1,False,True,True
1667088,63779589550109,-13.58505,2.603581,-0.08904076,-0.08949579,0.9251932,-0.01825903,-0.3683404,-0.001,-0.001,-0.001,1,-1,-1,0.03159589,0.001071167,-0.02252712,0.03159589,0.001071167,-0.02252712,0,0,0,0,0,0,-1,-1,False,True,True
1667097,63779589550122,-13.58479,2.603788,-0.0881893,-0.0924908,0.9240249,-0.01307718,-0.3707457,-0.001,-0.001,-0.001,1,-1,-1,0.03169528,0.0008563538,-0.0225896,0.03169528,0.0008563538,-0.0225896,0,0,0,0,0,0,-1,-1,False,True,True
1667105,63779589550122,-13.58479,2.603788,-0.0881893,-0.0924908,0.9240249,-0.01307718,-0.3707457,-0.001,-0.001,-0.001,1,-1,-1,0.03164763,0.0006466065,-0.02264125,0.03164763,0.0006466065,-0.02264125,0,0,0,0,0,0,-1,-1,False,True,True
1667113,63779589550131,-13.58457,2.603872,-0.08723557,-0.0956955,0.9228447,-0.007646205,-0.3730169,-0.001,-0.001,-0.001,1,-1,-1,0.03477774,0.0003679199,-0.02434232,0.03477774,0.0003679199,-0.02434232,0,0,0,0,0,0,-1,-1,False,True,True
1667122,63779589550143,-13.58442,2.603988,-0.08615881,-0.09918754,0.9213605,-0.002338264,-0.3758341,-0.001,-0.001,-0.001,1,-1,-1,0.03436958,0.0007706757,-0.02378493,0.03436958,0.0007706757,-0.02378493,0,0,0,0,0,0,-1,-1,False,True,True
1667130,63779589550154,-13.5843,2.604043,-0.08504981,-0.1018277,0.9200057,0.002082897,-0.3784393,-0.001,-0.001,-0.001,1,-1,-1,0.0316745,0.001052628,-0.02234537,0.0316745,0.001052628,-0.02234537,0,0,0,0,0,0,-1,-1,False,True,True
1667138,63779589550154,-13.5843,2.604043,-0.08504981,-0.1018277,0.9200057,0.002082897,-0.3784393,-0.001,-0.001,-0.001,1,-1,-1,0.03205258,0.001328735,-0.02239005,0.03205258,0.001328735,-0.02239005,0,0,0,0,0,0,-1,-1,False,True,True
1667147,63779589550165,-13.58423,2.604155,-0.08377343,-0.1035885,0.9187462,0.0055952,-0.3809771,-0.001,-0.001,-0.001,1,-1,-1,0.03276573,0.001103546,-0.02256371,0.03276573,0.001103546,-0.02256371,0,0,0,0,0,0,-1,-1,False,True,True
1667155,63779589550176,-13.58412,2.604164,-0.08252358,-0.1044549,0.9178262,0.007978821,-0.3829105,-0.001,-0.001,-0.001,1,-1,-1,0.03221598,0.0007188569,-0.02267818,0.03221598,0.0007188569,-0.02267818,0,0,0,0,0,0,-1,-1,False,True,True
1667163,63779589550187,-13.58401,2.604104,-0.08123928,-0.104463,0.9172689,0.009700481,-0.3842019,-0.001,-0.001,-0.001,1,-1,-1,0.03197844,0.001849152,-0.02234361,0.03197844,0.001849152,-0.02234361,0,0,0,0,0,0,-1,-1,False,True,True
1667172,63779589550198,-13.58384,2.603971,-0.08005744,-0.1036339,0.9171376,0.01020097,-0.3847266,-0.001,-0.001,-0.001,1,-1,-1,0.03295472,0.001747284,-0.02208341,0.03295472,0.001747284,-0.02208341,0,0,0,0,0,0,-1,-1,False,True,True
1667180,63779589550198,-13.58384,2.603971,-0.08005744,-0.1036339,0.9171376,0.01020097,-0.3847266,-0.001,-0.001,-0.001,1,-1,-1,0.03217496,0.001168213,-0.02260857,0.03217496,0.001168213,-0.02260857,0,0,0,0,0,0,-1,-1,False,True,True
1667188,63779589550210,-13.58372,2.603773,-0.07896197,-0.10303,0.9171836,0.01064283,-0.3847674,-0.001,-0.001,-0.001,1,-1,-1,0.03226718,0.0002832642,-0.02236881,0.03226718,0.0002832642,-0.02236881,0,0,0,0,0,0,-1,-1,False,True,True
1667197,63779589550220,-13.58356,2.603526,-0.07799959,-0.1024444,0.9174276,0.01091387,-0.3843339,-0.001,-0.001,-0.001,1,-1,-1,0.03183188,-7.18689E-05,-0.01481954,0.03183188,-7.18689E-05,-0.01481954,0,0,0,0,0,0,-1,-1,False,True,True
1667205,63779589550231,-13.58335,2.603342,-0.07706761,-0.1024223,0.9176832,0.01139744,-0.383715,-0.001,-0.001,-0.001,1,-1,-1,0.03155699,0.002077438,-0.02052342,0.03155699,0.002077438,-0.02052342,0,0,0,0,0,0,-1,-1,False,True,True
1667213,63779589550231,-13.58335,2.603342,-0.07706761,-0.1024223,0.9176832,0.01139744,-0.383715,-0.001,-0.001,-0.001,1,-1,-1,0.03111125,0.002719101,-0.02287672,0.03111125,0.002719101,-0.02287672,0,0,0,0,0,0,-1,-1,False,True,True
1667222,63779589550243,-13.58303,2.603013,-0.07621926,-0.1028816,0.9179717,0.01153676,-0.3828971,-0.001,-0.001,-0.001,1,-1,-1,0.0309567,0.003038315,-0.0256808,0.0309567,0.003038315,-0.0256808,0,0,0,0,0,0,-1,-1,False,True,True
1667230,63779589550254,-13.58273,2.602622,-0.07548732,-0.1037443,0.9181988,0.01159626,-0.3821174,-0.001,-0.001,-0.001,1,-1,-1,0.03070754,0.002483276,-0.0234758,0.03070754,0.002483276,-0.0234758,0,0,0,0,0,0,-1,-1,False,True,True
1667238,63779589550265,-13.58235,2.602122,-0.07482773,-0.1051142,0.9184483,0.01141438,-0.3811477,-0.001,-0.001,-0.001,1,-1,-1,0.03110044,0.002403824,-0.02074994,0.03110044,0.002403824,-0.02074994,0,0,0,0,0,0,-1,-1,False,True,True
1667247,63779589550265,-13.58235,2.602122,-0.07482773,-0.1051142,0.9184483,0.01141438,-0.3811477,-0.001,-0.001,-0.001,1,-1,-1,0.03134329,0.002343537,-0.02131537,0.03134329,0.002343537,-0.02131537,0,0,0,0,0,0,-1,-1,False,True,True
1667255,63779589550276,-13.58194,2.601771,-0.07420468,-0.1064106,0.9185332,0.01111759,-0.3805916,-0.001,-0.001,-0.001,1,-1,-1,0.03115617,0.002760651,-0.02279186,0.03115617,0.002760651,-0.02279186,0,0,0,0,0,0,-1,-1,False,True,True
1667263,63779589550287,-13.58165,2.601351,-0.07345271,-0.1079306,0.9184523,0.01076211,-0.3803692,-0.001,-0.001,-0.001,1,-1,-1,0.03111568,0.002733963,-0.02310075,0.03111568,0.002733963,-0.02310075,0,0,0,0,0,0,-1,-1,False,True,True
1667272,63779589550299,-13.58117,2.600932,-0.07276672,-0.1096963,0.9180887,0.0106092,-0.3807456,-0.001,-0.001,-0.001,1,-1,-1,0.03114458,0.002296402,-0.02057762,0.03114458,0.002296402,-0.02057762,0,0,0,0,0,0,-1,-1,False,True,True
1667280,63779589550299,-13.58117,2.600932,-0.07276672,-0.1096963,0.9180887,0.0106092,-0.3807456,-0.001,-0.001,-0.001,1,-1,-1,0.03116884,0.002772141,-0.02318192,0.03116884,0.002772141,-0.02318192,0,0,0,0,0,0,-1,-1,False,True,True
1667288,63779589550309,-13.58088,2.600624,-0.07204127,-0.1115933,0.9176444,0.01060455,-0.381265,-0.001,-0.001,-0.001,1,-1,-1,0.03115633,0.002852493,-0.02336983,0.03115633,0.002852493,-0.02336983,0,0,0,0,0,0,-1,-1,False,True,True
1667297,63779589550321,-13.58052,2.600235,-0.07135677,-0.1138735,0.9169884,0.01076722,-0.3821639,-0.02721277,0.004037888,-0.0257377,0.07493591,-0.0725708,0.9945374,0.03116344,0.002837204,-0.02331259,0.03116344,0.002837204,-0.02331259,0.07896423,-0.02534485,0.9965515,0.07896423,-0.02534485,0.9965515,5.344376,5.344376,True,True,True
1667305,63779589550332,-13.58016,2.599822,-0.07075894,-0.1162272,0.9163098,0.01110113,-0.3830724,-0.027179,0.004022156,-0.02578865,0.04055786,-0.05935669,0.997406,0.03118306,0.002778824,-0.02310802,0.03118306,0.002778824,-0.02310802,0.08525085,-0.02813721,0.9959564,0.08525085,-0.02813721,0.9959564,5.34079,5.34079,True,True,True
1667313,63779589550332,-13.58016,2.599822,-0.07075894,-0.1162272,0.9163098,0.01110113,-0.3830724,-0.02718044,0.004038544,-0.02591626,0.06262207,-0.06799316,0.9957123,0.03117185,0.002712235,-0.02306963,0.03117185,0.002712235,-0.02306963,0.105896,0.005050659,0.9943542,0.105896,0.005050659,0.9943542,5.468307,5.468307,True,True,True
1667322,63779589550343,-13.57978,2.599257,-0.07018143,-0.1182,0.9156711,0.01147968,-0.3839835,-0.02715631,0.004035736,-0.02579929,0.04568481,-0.08078003,0.9956818,0.03118584,0.002642639,-0.02291621,0.03118584,0.002642639,-0.02291621,0.1035461,0.02520752,0.9942932,0.1035461,0.02520752,0.9942932,5.528076,5.528076,True,True,True
1667330,63779589550354,-13.57947,2.598762,-0.06971091,-0.119711,0.9150908,0.01146272,-0.3848982,-0.02711774,0.004069748,-0.02582871,0.05285645,-0.07293701,0.9959259,0.03120313,0.00260553,-0.02286437,0.03120313,0.00260553,-0.02286437,0.08155823,0.01850891,0.9964905,0.08155823,0.01850891,0.9964905,5.511459,5.511459,True,True,True
1667338,63779589550365,-13.57909,2.598247,-0.06928253,-0.1204158,0.9145994,0.01130609,-0.38585,-0.02707716,0.004089386,-0.02578861,0.05990601,-0.07582092,0.9953156,0.03121149,0.002618271,-0.02298514,0.03121149,0.002618271,-0.02298514,0.08506775,0.01499939,0.9962616,0.08506775,0.01499939,0.9962616,5.412506,5.412506,True,True,True
1667347,63779589550365,-13.57909,2.598247,-0.06928253,-0.1204158,0.9145994,0.01130609,-0.38585,-0.02684903,0.004305771,-0.02682086,0.03967285,-0.08335876,0.9957275,0.03124391,0.002771988,-0.02347159,0.03124391,0.002771988,-0.02347159,0.08016968,-0.01109314,0.9967041,0.08016968,-0.01109314,0.9967041,5.315323,5.315323,True,True,True
1667355,63779589550376,-13.57869,2.597738,-0.0689255,-0.1204955,0.9142231,0.0109661,-0.3867256,0.03116344,0.002681427,-0.02342401,0.1049957,-0.027771,0.9940796,0.03128174,0.002678131,-0.02341725,0.03128174,0.002678131,-0.02341725,0.1051331,-0.02766418,0.9940643,0.1051331,-0.02766418,0.9940643,5.253006,5.253006,True,True,True
1667363,63779589550387,-13.57826,2.59716,-0.06866616,-0.1202029,0.9139637,0.01039129,-0.3874449,0.03125655,0.002648956,-0.02334128,0.0997467,-0.03936768,0.9942322,0.03128327,0.002648209,-0.02333977,0.03128327,0.002648209,-0.02333977,0.09977722,-0.03935242,0.9942169,0.09977722,-0.03935242,0.9942169,5.154114,5.154114,True,True,True
1667372,63779589550399,-13.57778,2.596633,-0.06846762,-0.1196237,0.9138461,0.01006035,-0.38791,0.03125587,0.002693161,-0.02346738,0.1011505,-0.01635742,0.9947205,0.03128658,0.002692337,-0.02346575,0.03128658,0.002692337,-0.02346575,0.101181,-0.0163269,0.9947205,0.101181,-0.0163269,0.9947205,5.270523,5.270523,True,True,True
1667380,63779589550399,-13.57778,2.596633,-0.06846762,-0.1196237,0.9138461,0.01006035,-0.38791,0.03115927,0.002733643,-0.02350389,0.07939148,-0.04684448,0.9957275,0.0312358,0.002731674,-0.02349997,0.0312358,0.002731674,-0.02349997,0.07943726,-0.04679871,0.9957275,0.07943726,-0.04679871,0.9957275,5.08284,5.08284,True,True,True
1667388,63779589550409,-13.57724,2.596267,-0.06828588,-0.1193286,0.9136404,0.009840094,-0.3884909,0.03087723,0.002745514,-0.02353774,0.08139038,-0.04954529,0.9954376,0.03124062,0.002736237,-0.02351942,0.03124062,0.002736237,-0.02351942,0.08164978,-0.04934692,0.9954224,0.08164978,-0.04934692,0.9954224,5.067505,5.067505,True,True,True
1667397,63779589550421,-13.57673,2.595916,-0.06828767,-0.1189348,0.9134906,0.009712054,-0.3889668,0.03007184,0.00276152,-0.02355875,0.08312988,-0.04748535,0.9953918,0.03124544,0.002731674,-0.02349997,0.03124544,0.002731674,-0.02349997,0.08401489,-0.04678345,0.9953613,0.08401489,-0.04678345,0.9953613,5.083206,5.083206,True,True,True
1667405,63779589550431,-13.57613,2.595552,-0.06834114,-0.1185303,0.913468,0.009540582,-0.3891476,0.02831014,0.002791596,-0.02363849,0.08241272,-0.04225159,0.995697,0.03125087,0.002716904,-0.02349374,0.03125087,0.002716904,-0.02349374,0.08473206,-0.04020691,0.9955902,0.08473206,-0.04020691,0.9955902,5.121796,5.121796,True,True,True
1667413,63779589550431,-13.57613,2.595552,-0.06834114,-0.1185303,0.913468,0.009540582,-0.3891476,0.02926473,0.002752625,-0.02358382,0.08398438,-0.04064941,0.995636,0.0312563,0.002702133,-0.0234875,0.0312563,0.002702133,-0.0234875,0.08547974,-0.03926086,0.9955597,0.08547974,-0.03926086,0.9955597,5.157822,5.157822,True,True,True
1667422,63779589550443,-13.57562,2.595164,-0.0684461,-0.1175087,0.9137188,0.009245977,-0.3888757,0.02920922,0.002738648,-0.02350688,0.0811615,-0.042099,0.9958038,0.03125708,0.002686325,-0.02340511,0.03125708,0.002686325,-0.02340511,0.08267212,-0.04071045,0.9957428,0.08267212,-0.04071045,0.9957428,5.146439,5.146439,True,True,True
1667430,63779589550454,-13.57515,2.594605,-0.06831843,-0.1160405,0.9141253,0.008351075,-0.3883811,0.02539029,0.002821594,-0.02362213,0.07562256,-0.04608154,0.9960632,0.03125786,0.002670517,-0.02332269,0.03125786,0.002670517,-0.02332269,0.0798645,-0.04225159,0.9958954,0.0798645,-0.04225159,0.9958954,5.134766,5.134766,True,True,True
1667438,63779589550454,-13.57515,2.594605,-0.06831843,-0.1160405,0.9141253,0.008351075,-0.3883811,0.01377014,0.003034943,-0.02401004,0.07307434,-0.04608154,0.9962463,0.0312761,0.002558792,-0.02308319,0.0312761,0.002558792,-0.02308319,0.08702087,-0.03083801,0.9957275,0.08702087,-0.03083801,0.9957275,5.163574,5.163574,True,True,True
1667447,63779589550465,-13.57465,2.593899,-0.06818652,-0.1135967,0.9145645,0.005765537,-0.3881166,-0.01239597,0.0036987,-0.02524018,0.05458069,-0.06695557,0.9962463,0.03128159,0.002447083,-0.02284369,0.03128159,0.002447083,-0.02284369,0.08810425,-0.01950073,0.9959106,0.08810425,-0.01950073,0.9959106,5.164612,5.164612,True,True,True
1667455,63779589550476,-13.57418,2.593383,-0.06800669,-0.1112328,0.9146421,0.00276654,-0.3886508,0.006830124,0.003274262,-0.0244413,0.06600952,-0.05783081,0.9961395,0.03122196,0.00271843,-0.02350792,0.03122196,0.00271843,-0.02350792,0.07670593,-0.03927612,0.9962769,0.07670593,-0.03927612,0.9962769,5.167053,5.167053,True,True,True
1667463,63779589550487,-13.57375,2.593014,-0.06785256,-0.1088179,0.9144681,0.0007593344,-0.3897513,0.02790677,0.002891434,-0.02372263,0.07987976,-0.04740906,0.9956665,0.03121768,0.002826248,-0.02361975,0.03121768,0.002826248,-0.02361975,0.08103943,-0.04519653,0.9956818,0.08103943,-0.04519653,0.9956818,5.165146,5.165146,True,True,True
1667472,63779589550498,-13.5733,2.592628,-0.06751865,-0.1076886,0.9141797,-0.001109879,-0.3907395,0.03082506,0.002841538,-0.02350046,0.06980896,-0.05085754,0.9962616,0.03122081,0.002833832,-0.02348744,0.03122081,0.002833832,-0.02348744,0.06988525,-0.05062866,0.9962616,0.06988525,-0.05062866,0.9962616,5.156006,5.156006,True,True,True
1667480,63779589550498,-13.5733,2.592628,-0.06751865,-0.1076886,0.9141797,-0.001109879,-0.3907395,0.03120769,0.00286705,-0.02349588,0.07923889,-0.04292297,0.9959259,0.03120908,0.002867035,-0.02349587,0.03120908,0.002867035,-0.02349587,0.07923889,-0.04292297,0.9959259,0.07923889,-0.04292297,0.9959259,5.2146,5.2146,True,True,True
1667488,63779589550509,-13.57275,2.592138,-0.0672484,-0.1079854,0.9135656,-0.00321119,-0.3920799,0.03120317,0.002920517,-0.02356674,0.07196045,-0.04910278,0.9961853,0.03120319,0.002920517,-0.02356674,0.03120319,0.002920517,-0.02356674,0.07196045,-0.04910278,0.9961853,0.07196045,-0.04910278,0.9961853,5.195602,5.195602,True,True,True
1667497,63779589550520,-13.57221,2.59161,-0.0669204,-0.109477,0.9125377,-0.004811268,-0.3940388,0.03121068,0.002961563,-0.02358389,0.06355286,-0.05274963,0.996582,0.03121073,0.002961563,-0.02358388,0.03121073,0.002961563,-0.02358388,0.06355286,-0.05274963,0.996582,0.06355286,-0.05274963,0.996582,5.128204,5.128204,True,True,True
1667505,63779589550532,-13.57172,2.59112,-0.06664497,-0.1111604,0.9113858,-0.005967742,-0.3962118,0.0312216,0.003009796,-0.02366568,0.07647705,-0.04695129,0.9959564,0.0312216,0.003009796,-0.02366568,0.0312216,0.003009796,-0.02366568,0.07647705,-0.04695129,0.9959564,0.07647705,-0.04695129,0.9959564,5.168777,5.168777,True,True,True
1667513,63779589550532,-13.57172,2.59112,-0.06664497,-0.1111604,0.9113858,-0.005967742,-0.3962118,0.03123329,0.00301442,-0.0236815,0.07272339,-0.04692078,0.9962463,0.03123329,0.00301442,-0.0236815,0.03123329,0.00301442,-0.0236815,0.07272339,-0.04692078,0.9962463,0.07272339,-0.04692078,0.9962463,5.155655,5.155655,True,True,True
1667522,63779589550543,-13.57117,2.590646,-0.06639808,-0.1126779,0.9101809,-0.006481429,-0.3985378,0.03126944,0.003007462,-0.023694,0.06843567,-0.04629517,0.9965668,0.03126944,0.003007462,-0.023694,0.03126944,0.003007462,-0.023694,0.06843567,-0.04629517,0.9965668,0.06843567,-0.04629517,0.9965668,5.196716,5.196716,True,True,True
1667530,63779589550554,-13.57061,2.590194,-0.06612355,-0.1134871,0.9094529,-0.007482617,-0.3999501,0.03129344,0.003011124,-0.02377582,0.06144714,-0.04768372,0.9969635,0.03129344,0.003011124,-0.02377582,0.03129344,0.003011124,-0.02377582,0.06144714,-0.04768372,0.9969635,0.06144714,-0.04768372,0.9969635,5.177979,5.177979,True,True,True
1667538,63779589550565,-13.57001,2.589775,-0.06595302,-0.1135187,0.9090926,-0.008662029,-0.4007356,0.03138321,0.002772232,-0.02316078,0.07217407,-0.003799438,0.9973755,0.03138321,0.002772232,-0.02316078,0.03138321,0.002772232,-0.02316078,0.07217407,-0.003799438,0.9973755,0.07217407,-0.003799438,0.9973755,5.287903,5.287903,True,True,True
1667547,63779589550565,-13.57001,2.589775,-0.06595302,-0.1135187,0.9090926,-0.008662029,-0.4007356,0.03140311,0.002779175,-0.02321323,0.06936646,-0.0160675,0.9974518,0.0314032,0.002779175,-0.02321323,0.0314032,0.002779175,-0.02321323,0.06936646,-0.0160675,0.9974518,0.06936646,-0.0160675,0.9974518,5.195053,5.195053,True,True,True
1667555,63779589550576,-13.56934,2.589425,-0.06581432,-0.1136598,0.9089564,-0.01016416,-0.4009693,0.03137723,0.002878235,-0.02345435,0.06694031,-0.01968384,0.9975586,0.03138725,0.002878128,-0.02345432,0.03138725,0.002878128,-0.02345432,0.06694031,-0.01968384,0.9975586,0.06694031,-0.01968384,0.9975586,5.224274,5.224274,True,True,True
1667563,63779589550587,-13.56854,2.589212,-0.06578797,-0.113532,0.9091758,-0.01155449,-0.4004701,0.03138393,0.002834,-0.02330182,0.06985474,-0.0111084,0.9974823,0.0314032,0.002833771,-0.02330168,0.0314032,0.002833771,-0.02330168,0.06985474,-0.01109314,0.9974823,0.06985474,-0.01109314,0.9974823,5.270798,5.270798,True,True,True
1667572,63779589550598,-13.56783,2.58911,-0.06577951,-0.1135076,0.9093412,-0.01268179,-0.4000673,0.03138828,0.002841797,-0.02330306,0.0708313,-0.01071167,0.9974213,0.03141562,0.002841461,-0.02330286,0.03141562,0.002841461,-0.02330286,0.0708313,-0.01071167,0.9974213,0.0708313,-0.01071167,0.9974213,5.262192,5.262192,True,True,True
1667580,63779589550598,-13.56783,2.58911,-0.06577951,-0.1135076,0.9093412,-0.01268179,-0.4000673,0.01537769,0.003112717,-0.02367929,0.05961609,-0.01365662,0.9981232,0.03142802,0.002849152,-0.02330405,0.03142802,0.002849152,-0.02330405,0.073349,-0.01019287,0.9972534,0.073349,-0.01019287,0.9972534,5.271545,5.271545,True,True,True
1667588,63779589550610,-13.56707,2.589219,-0.06588256,-0.1131339,0.909734,-0.01322309,-0.399262,0.0298952,0.002886139,-0.02334992,0.06802368,-0.01260376,0.9975891,0.03141562,0.00286145,-0.0233145,0.03141562,0.00286145,-0.0233145,0.06919861,-0.01225281,0.9975128,0.06919861,-0.01225281,0.9975128,5.260788,5.260788,True,True,True
1667597,63779589550620,-13.56632,2.589199,-0.06617093,-0.1128359,0.9103105,-0.01241473,-0.3980561,0.0313593,0.002874466,-0.02332597,0.06504822,-0.01438904,0.9977722,0.0314032,0.002873764,-0.02332495,0.0314032,0.002873764,-0.02332495,0.06507874,-0.01437378,0.9977722,0.06507874,-0.01437378,0.9977722,5.250259,5.250259,True,True,True
1667605,63779589550632,-13.56552,2.589122,-0.06645316,-0.1129276,0.9108267,-0.01149562,-0.3968753,0.03138689,0.002925461,-0.02351023,0.05943298,-0.0149231,0.9981079,0.03138934,0.00292543,-0.02351018,0.03138934,0.00292543,-0.02351018,0.05943298,-0.0149231,0.9981079,0.05943298,-0.0149231,0.9981079,5.236908,5.236908,True,True,True
1667613,63779589550632,-13.56552,2.589122,-0.06645316,-0.1129276,0.9108267,-0.01149562,-0.3968753,0.03137509,0.002977097,-0.02369541,0.05395508,-0.01542664,0.9984131,0.03137551,0.002977097,-0.02369539,0.03137551,0.002977097,-0.02369539,0.05395508,-0.01542664,0.9984131,0.05395508,-0.01542664,0.9984131,5.235123,5.235123,True,True,True
1667622,63779589550642,-13.56474,2.589084,-0.06683475,-0.113375,0.9113303,-0.01016417,-0.3956261,0.031373,0.00307898,-0.02390913,0.05581665,-0.02638245,0.9980774,0.03137479,0.003078964,-0.02390912,0.03137479,0.003078964,-0.02390912,0.05581665,-0.02638245,0.9980774,0.05581665,-0.02638245,0.9980774,5.215363,5.215363,True,True,True
1667630,63779589550654,-13.56397,2.588986,-0.06718147,-0.1139849,0.9116505,-0.008556264,-0.3947502,0.03127912,0.003181809,-0.02412372,0.05761719,-0.03742981,0.9976349,0.03137407,0.003180832,-0.02412283,0.03137407,0.003180832,-0.02412283,0.05766296,-0.03746033,0.9976196,0.05766296,-0.03746033,0.9976196,5.196075,5.196075,True,True,True
1667638,63779589550665,-13.56316,2.588814,-0.06745714,-0.1144302,0.9119853,-0.006705645,-0.3938828,0.02166737,0.003310288,-0.02431729,0.05227661,-0.03620911,0.9979706,0.03137268,0.003187424,-0.02412286,0.03137268,0.003187424,-0.02412286,0.0579834,-0.03779602,0.9975891,0.0579834,-0.03779602,0.9975891,5.197845,5.197845,True,True,True
1667647,63779589550665,-13.56316,2.588814,-0.06745714,-0.1144302,0.9119853,-0.006705645,-0.3938828,-0.0241949,0.003671646,-0.02450739,0.02471924,-0.012146,0.9996185,0.03131183,0.003161362,-0.02400104,0.03131183,0.003161362,-0.02400104,0.06396484,-0.03999329,0.9971466,0.06396484,-0.03999329,0.9971466,5.238419,5.238419,True,True,True
1667655,63779589550676,-13.56234,2.588563,-0.06774998,-0.1146567,0.912286,-0.00555313,-0.3931378,-0.02603201,0.003797074,-0.02489714,0.02420044,-0.02069092,0.9994812,0.0313053,0.003109268,-0.02386954,0.0313053,0.003109268,-0.02386954,0.0554657,-0.03604126,0.9978027,0.0554657,-0.03604126,0.9978027,5.250229,5.250229,True,True,True
1667663,63779589550687,-13.56151,2.588313,-0.06790864,-0.1141996,0.9126256,-0.005017694,-0.3924894,-0.01101964,0.003657944,-0.02478018,0.03363037,-0.0340271,0.9988403,0.0312981,0.003058319,-0.02375693,0.0312981,0.003058319,-0.02375693,0.05389404,-0.04631042,0.997467,0.05389404,-0.04631042,0.997467,5.15892,5.15892,True,True,True
1667672,63779589550698,-13.56075,2.588077,-0.06816936,-0.1135646,0.9128959,-0.004496261,-0.3920509,0.02036394,0.003207855,-0.02401309,0.05046082,-0.03903198,0.9979553,0.0312954,0.003052185,-0.02375025,0.0312954,0.003052185,-0.02375025,0.05589294,-0.04162598,0.9975586,0.05589294,-0.04162598,0.9975586,5.173004,5.173004,True,True,True
1667680,63779589550698,-13.56075,2.588077,-0.06816936,-0.1135646,0.9128959,-0.004496261,-0.3920509,0.02921443,0.003075943,-0.02379431,0.05677795,-0.04322815,0.9974365,0.03129271,0.003046067,-0.02374358,0.03129271,0.003046067,-0.02374358,0.0579071,-0.04373169,0.9973602,0.0579071,-0.04373169,0.9973602,5.184372,5.184372,True,True,True
1667688,63779589550709,-13.56012,2.587929,-0.06834549,-0.1125691,0.913238,-0.003750348,-0.3915489,0.03046396,0.003049118,-0.02375208,0.05969238,-0.04013062,0.997406,0.03129166,0.003036835,-0.02373076,0.03129166,0.003036835,-0.02373076,0.06015015,-0.04025269,0.9973755,0.06015015,-0.04025269,0.9973755,5.211411,5.211411,True,True,True
1667697,63779589550721,-13.55952,2.587827,-0.06847018,-0.1112171,0.9135309,-0.003313726,-0.3912557,0.03038942,0.003041412,-0.02374236,0.06178284,-0.04016113,0.9972687,0.03129059,0.003027619,-0.02371796,0.03129059,0.003027619,-0.02371796,0.06228638,-0.04026794,0.9972382,0.06228638,-0.04026794,0.9972382,5.220337,5.220337,True,True,True
1667705,63779589550731,-13.55891,2.587693,-0.06854612,-0.1100228,0.9137283,-0.002998811,-0.3911352,0.03076474,0.002938416,-0.02353964,0.06669617,-0.03514099,0.9971466,0.03121668,0.002932785,-0.0235336,0.03121668,0.002932785,-0.0235336,0.06672668,-0.03504944,0.9971466,0.06672668,-0.03504944,0.9971466,5.251053,5.251053,True,True,True
1667713,63779589550731,-13.55891,2.587693,-0.06854612,-0.1100228,0.9137283,-0.002998811,-0.3911352,0.03086608,0.002787018,-0.02306102,0.09260559,-0.02909851,0.9952698,0.03104219,0.002784714,-0.02305739,0.03104219,0.002784714,-0.02305739,0.09260559,-0.02908325,0.9952698,0.09260559,-0.02908325,0.9952698,5.249557,5.249557,True,True,True
1667722,63779589550743,-13.55829,2.587531,-0.06859577,-0.1088871,0.9138622,-0.003002361,-0.3911397,0.03061081,0.003090241,-0.02415675,0.06130981,-0.04077148,0.9972839,0.03068614,0.003089661,-0.0241564,0.03068614,0.003089661,-0.0241564,0.06124878,-0.040802,0.9972839,0.06124878,-0.040802,0.9972839,5.390762,5.390762,True,True,True
1667730,63779589550753,-13.55769,2.587326,-0.06866312,-0.1079098,0.9138666,-0.003123729,-0.3913996,0.0139212,0.002792969,-0.02282967,0.1134949,-0.02137756,0.9933014,0.0307421,0.002499359,-0.02219132,0.0307421,0.002499359,-0.02219132,0.114151,-0.02005005,0.9932556,0.114151,-0.02005005,0.9932556,5.359756,5.359756,True,True,True
1667738,63779589550753,-13.55769,2.587326,-0.06866312,-0.1079098,0.9138666,-0.003123729,-0.3913996,-0.02569202,0.003479508,-0.02434601,0.1169434,-0.02954102,0.992691,0.03074524,0.00248877,-0.02215192,0.03074524,0.00248877,-0.02215192,0.109436,-0.02452087,0.9936829,0.109436,-0.02452087,0.9936829,5.284882,5.284882,True,True,True
1667747,63779589550765,-13.55703,2.587126,-0.06857467,-0.1070044,0.913847,-0.003588586,-0.3916896,-0.02726051,0.003505539,-0.02440912,0.1146545,-0.03642273,0.9927216,0.03074837,0.002499359,-0.02219132,0.03074837,0.002499359,-0.02219132,0.1126404,-0.02288818,0.9933624,0.1126404,-0.02288818,0.9933624,5.357925,5.357925,True,True,True
1667755,63779589550776,-13.55641,2.586916,-0.06855005,-0.106292,0.9137461,-0.004237513,-0.3921125,-0.02728923,0.003494629,-0.02437935,0.1173706,-0.03614807,0.9924164,0.03075235,0.002498871,-0.02217543,0.03075235,0.002498871,-0.02217543,0.113739,-0.02316284,0.9932251,0.113739,-0.02316284,0.9932251,5.354523,5.354523,True,True,True
1667763,63779589550787,-13.55583,2.586736,-0.06848556,-0.1054125,0.9136941,-0.004564792,-0.3924671,-0.02729141,0.003501251,-0.024401,0.1188354,-0.03515625,0.9922791,0.03075635,0.002499359,-0.02216994,0.03075635,0.002499359,-0.02216994,0.1148834,-0.02294922,0.993103,0.1148834,-0.02294922,0.993103,5.359268,5.359268,True,True,True
1667772,63779589550798,-13.55525,2.586573,-0.06842154,-0.1044349,0.9137242,-0.004791386,-0.3926556,-0.02728368,0.003495255,-0.02438362,0.1165771,-0.03381348,0.9925995,0.03075835,0.00250119,-0.02218062,0.03075835,0.00250119,-0.02218062,0.1154175,-0.02258301,0.9930573,0.1154175,-0.02258301,0.9930573,5.363358,5.363358,True,True,True
1667780,63779589550798,-13.55525,2.586573,-0.06842154,-0.1044349,0.9137242,-0.004791386,-0.3926556,-0.02727718,0.003482178,-0.02434758,0.1137085,-0.02998352,0.9930573,0.03076035,0.002503021,-0.02219132,0.03076035,0.002503021,-0.02219132,0.1159363,-0.02232361,0.9929962,0.1159363,-0.02232361,0.9929962,5.367371,5.367371,True,True,True
1667788,63779589550809,-13.55463,2.586401,-0.06841487,-0.1036062,0.9137495,-0.005061496,-0.392813,-0.02727651,0.003481476,-0.02435469,0.1171265,-0.0335083,0.9925385,0.03076497,0.002503464,-0.02219361,0.03076497,0.002503464,-0.02219361,0.1149139,-0.02227783,0.9931183,0.1149139,-0.02227783,0.9931183,5.369202,5.369202,True,True,True
1667797,63779589550820,-13.55407,2.586219,-0.06836414,-0.10264,0.9138345,-0.005418327,-0.3928639,-0.02727138,0.003480698,-0.0243474,0.1170349,-0.03823853,0.9923859,0.03076959,0.002503906,-0.02219589,0.03076959,0.002503906,-0.02219589,0.1138916,-0.02227783,0.9932404,0.1138916,-0.02227783,0.9932404,5.371582,5.371582,True,True,True
1667805,63779589550831,-13.55349,2.586013,-0.06829292,-0.1018685,0.9139109,-0.005401652,-0.3928874,0.01031813,0.002850266,-0.02295903,0.1147614,-0.02761841,0.9929962,0.03077251,0.002511566,-0.02221085,0.03077251,0.002511566,-0.02221085,0.1142883,-0.02278137,0.9931793,0.1142883,-0.02278137,0.9931793,5.370209,5.370209,True,True,True
1667813,63779589550831,-13.55349,2.586013,-0.06829292,-0.1018685,0.9139109,-0.005401652,-0.3928874,0.01066814,0.002846726,-0.0229494,0.1149597,-0.02853394,0.9929504,0.03077542,0.002519242,-0.02222272,0.03077542,0.002519242,-0.02222272,0.1146851,-0.02458191,0.9930878,0.1146851,-0.02458191,0.9930878,5.369446,5.369446,True,True,True
1667822,63779589550843,-13.55292,2.58574,-0.06818885,-0.1009291,0.9140612,-0.005452519,-0.3927793,0.01106483,0.002837677,-0.02292693,0.1154022,-0.02888489,0.9928894,0.03077855,0.002519562,-0.02222426,0.03077855,0.002519562,-0.02222426,0.115097,-0.02459717,0.993042,0.115097,-0.02459717,0.993042,5.368942,5.368942,True,True,True
1667830,63779589550853,-13.55237,2.585541,-0.06806022,-0.1001119,0.914182,-0.006191519,-0.3926965,0.01108669,0.002834305,-0.02291596,0.11586,-0.02934265,0.9928284,0.03078168,0.002519242,-0.02222272,0.03078168,0.002519242,-0.02222272,0.1154938,-0.02459717,0.9929962,0.1154938,-0.02459717,0.9929962,5.369339,5.369339,True,True,True
1667838,63779589550864,-13.55188,2.585524,-0.06795603,-0.09894358,0.9141279,-0.00663968,-0.3931109,0.0124146,0.002811829,-0.02286145,0.1156311,-0.02838135,0.9928741,0.03078395,0.002519562,-0.02221542,0.03078395,0.002519562,-0.02221542,0.1157074,-0.02467346,0.9929657,0.1157074,-0.02467346,0.9929657,5.369675,5.369675,True,True,True
1667847,63779589550864,-13.55188,2.585524,-0.06795603,-0.09894358,0.9141279,-0.00663968,-0.3931109,0.01344492,0.002794312,-0.02281748,0.1159363,-0.02856445,0.9928436,0.03078624,0.002519882,-0.02220813,0.03078624,0.002519882,-0.02220813,0.1165924,-0.02476501,0.9928589,0.1165924,-0.02476501,0.9928589,5.370316,5.370316,True,True,True
1667855,63779589550876,-13.55145,2.58561,-0.06782484,-0.09746413,0.9140995,-0.006623967,-0.3935465,0.01387944,0.002786209,-0.02281035,0.1151886,-0.02658081,0.992981,0.03078624,0.002520783,-0.02222272,0.03078624,0.002520783,-0.02222272,0.115921,-0.02319336,0.992981,0.115921,-0.02319336,0.992981,5.370483,5.370483,True,True,True
1667863,63779589550887,-13.5511,2.585833,-0.06765097,-0.0958087,0.9141003,-0.005959821,-0.3939616,0.01420168,0.002779389,-0.02279715,0.1147766,-0.02554321,0.9930573,0.03079228,0.002520783,-0.02222272,0.03079228,0.002520783,-0.02222272,0.1157227,-0.0221405,0.9930267,0.1157227,-0.0221405,0.9930267,5.37944,5.37944,True,True,True
1667872,63779589550898,-13.55081,2.586029,-0.06757224,-0.0943498,0.9140482,-0.005164968,-0.3944456,0.01361594,0.002788376,-0.02281967,0.1143341,-0.02548218,0.993103,0.03079323,0.002520783,-0.02222272,0.03079323,0.002520783,-0.02222272,0.1148682,-0.02185059,0.9931335,0.1148682,-0.02185059,0.9931335,5.3797,5.3797,True,True,True
1667880,63779589550898,-13.55081,2.586029,-0.06757224,-0.0943498,0.9140482,-0.005164968,-0.3944456,0.01279004,0.002787552,-0.02283975,0.1121979,-0.02616882,0.9933319,0.03079372,0.002520783,-0.02222272,0.03079372,0.002520783,-0.02222272,0.1147766,-0.0214386,0.9931488,0.1147766,-0.0214386,0.9931488,5.379807,5.379807,True,True,True
1667888,63779589550909,-13.55051,2.586293,-0.06746393,-0.09316812,0.913949,-0.004191356,-0.3949676,0.01242712,0.002782349,-0.02284015,0.1125641,-0.02464294,0.9933319,0.03079456,0.0025224,-0.02222272,0.03079456,0.0025224,-0.02222272,0.1148224,-0.02183533,0.9931335,0.1148224,-0.02183533,0.9931335,5.379654,5.379654,True,True,True
1667897,63779589550921,-13.55023,2.586435,-0.06737095,-0.09243409,0.9138249,-0.003341655,-0.3954349,0.0307966,0.002522415,-0.02220815,0.1147308,-0.02330017,0.9931183,0.03079683,0.0025224,-0.02220813,0.03079683,0.0025224,-0.02220813,0.1147308,-0.02330017,0.9931183,0.1147308,-0.02330017,0.9931183,5.375366,5.375366,True,True,True
1667905,63779589550931,-13.55002,2.586576,-0.06726116,-0.09198826,0.9136252,-0.002762001,-0.3960044,0.03079924,0.002520783,-0.02220813,0.113678,-0.02287292,0.9932404,0.03079924,0.002520783,-0.02220813,0.03079924,0.002520783,-0.02220813,0.113678,-0.02287292,0.9932404,0.113678,-0.02287292,0.9932404,5.375504,5.375504,True,True,True
1667913,63779589550931,-13.55002,2.586576,-0.06726116,-0.09198826,0.9136252,-0.002762001,-0.3960044,0.03080524,0.002519882,-0.02220316,0.1145325,-0.022995,0.9931488,0.03080524,0.002519882,-0.02220316,0.03080524,0.002519882,-0.02220316,0.1145325,-0.022995,0.9931488,0.1145325,-0.022995,0.9931488,5.375519,5.375519,True,True,True
1667922,63779589550942,-13.54983,2.586612,-0.0671792,-0.0916525,0.9134361,-0.002088364,-0.3965223,0.03081563,0.002517456,-0.02220085,0.1149139,-0.02392578,0.9930725,0.03081563,0.002517456,-0.02220085,0.03081563,0.002517456,-0.02220085,0.1149139,-0.02392578,0.9930725,0.1149139,-0.02392578,0.9930725,5.370209,5.370209,True,True,True
1667930,63779589550954,-13.54963,2.58669,-0.06707364,-0.09105398,0.9132673,-0.001392345,-0.3970518,0.03081821,0.002517166,-0.02219075,0.1156616,-0.0247345,0.9929657,0.03081821,0.002517166,-0.02219075,0.03081821,0.002517166,-0.02219075,0.1156616,-0.0247345,0.9929657,0.1156616,-0.0247345,0.9929657,5.375336,5.375336,True,True,True
1667938,63779589550964,-13.54945,2.586684,-0.06688958,-0.0904011,0.9131129,-0.00121841,-0.3975562,0.03081854,0.002516922,-0.02218257,0.1138611,-0.02545166,0.9931641,0.03081854,0.002516922,-0.02218257,0.03081854,0.002516922,-0.02218257,0.1138611,-0.02545166,0.9931641,0.1138611,-0.02545166,0.9931641,5.341034,5.341034,True,True,True
1667947,63779589550964,-13.54945,2.586684,-0.06688958,-0.0904011,0.9131129,-0.00121841,-0.3975562,0.03081998,0.002515533,-0.02216811,0.1144867,-0.02577209,0.9930878,0.03081998,0.002515533,-0.02216811,0.03081998,0.002515533,-0.02216811,0.1144867,-0.02577209,0.9930878,0.1144867,-0.02577209,0.9930878,5.375198,5.375198,True,True,True
1667955,63779589550976,-13.54937,2.586687,-0.06675905,-0.09000678,0.9129164,-0.001311688,-0.3980963,0.03082028,0.002514847,-0.02216811,0.1117249,-0.0280304,0.9933319,0.03082028,0.002514847,-0.02216811,0.03082028,0.002514847,-0.02216811,0.1117249,-0.0280304,0.9933319,0.1117249,-0.0280304,0.9933319,5.340088,5.340088,True,True,True
1667963,63779589550987,-13.5494,2.586735,-0.06657529,-0.08947162,0.9126518,-0.001143485,-0.3988236,0.03082094,0.002514252,-0.02218259,0.1105499,-0.03277588,0.9933167,0.03082114,0.002514252,-0.02218257,0.03082114,0.002514252,-0.02218257,0.1105499,-0.03277588,0.9933167,0.1105499,-0.03277588,0.9933167,5.336609,5.336609,True,True,True
1667972,63779589550998,-13.54936,2.586815,-0.06634551,-0.08890849,0.9123266,-0.000816119,-0.3996933,0.01921698,0.002782303,-0.02303534,0.1017761,-0.04057312,0.9939728,0.03082501,0.002505814,-0.02218257,0.03082501,0.002505814,-0.02218257,0.1095581,-0.03482056,0.9933624,0.1095581,-0.03482056,0.9933624,5.324738,5.324738,True,True,True
1667980,63779589550998,-13.54936,2.586815,-0.06634551,-0.08890849,0.9123266,-0.000816119,-0.3996933,0.019651,0.002772782,-0.02300646,0.1012421,-0.04296875,0.993927,0.03082501,0.002505814,-0.02218257,0.03082501,0.002505814,-0.02218257,0.1086731,-0.03739929,0.9933624,0.1086731,-0.03739929,0.9933624,5.318329,5.318329,True,True,True
1667988,63779589551009,-13.54944,2.586887,-0.06612003,-0.08863021,0.9118471,-0.0005160089,-0.4008484,0.01621137,0.002841858,-0.02325238,0.09786987,-0.04548645,0.9941559,0.03082501,0.002505814,-0.02218892,0.03082501,0.002505814,-0.02218892,0.1072388,-0.03756714,0.993515,0.1072388,-0.03756714,0.993515,5.306213,5.306213,True,True,True
1667997,63779589551020,-13.54955,2.586958,-0.06578684,-0.08856429,0.9112138,-0.0005378022,-0.4023003,0.01351144,0.002895767,-0.02343828,0.09461975,-0.04769897,0.9943542,0.03082501,0.002505814,-0.02219075,0.03082501,0.002505814,-0.02219075,0.1063995,-0.0393219,0.9935303,0.1063995,-0.0393219,0.9935303,5.295929,5.295929,True,True,True
1668005,63779589551031,-13.54969,2.586961,-0.06544799,-0.08870128,0.9104638,-0.0003395895,-0.4039649,0.01432108,0.002869125,-0.02337476,0.09425354,-0.04953003,0.9943085,0.03082501,0.002505814,-0.02219841,0.03082501,0.002505814,-0.02219841,0.1058502,-0.04333496,0.9934235,0.1058502,-0.04333496,0.9934235,5.288055,5.288055,True,True,True
1668013,63779589551031,-13.54969,2.586961,-0.06544799,-0.08870128,0.9104638,-0.0003395895,-0.4039649,-0.01957103,0.003594772,-0.02578192,0.07119751,-0.06190491,0.9955292,0.03092346,0.002684525,-0.02297688,0.03092346,0.002684525,-0.02297688,0.1049805,-0.04562378,0.9934235,0.1049805,-0.04562378,0.9934235,5.234665,5.234665,True,True,True
1668022,63779589551042,-13.54984,2.586915,-0.06517118,-0.08918024,0.909504,-0.0001652146,-0.4060166,-0.02585776,0.003629685,-0.02584413,0.05827332,-0.06999207,0.9958344,0.03094953,0.002669098,-0.02295245,0.03094953,0.002669098,-0.02295245,0.1054688,-0.04940796,0.9931793,0.1054688,-0.04940796,0.9931793,5.189682,5.189682,True,True,True
1668030,63779589551053,-13.54994,2.586892,-0.06486809,-0.08955912,0.9084998,2.789439E-05,-0.4081755,-0.02635873,0.003623993,-0.02581316,0.06259155,-0.06954956,0.9956055,0.0309758,0.002658035,-0.02292737,0.0309758,0.002658035,-0.02292737,0.1130371,-0.05325317,0.992157,0.1130371,-0.05325317,0.992157,5.211929,5.211929,True,True,True
1668038,63779589551065,-13.55017,2.586877,-0.06460845,-0.09009326,0.9074236,0.0004585941,-0.4104455,-0.02651732,0.003651856,-0.02588425,0.05880737,-0.06698608,0.9960175,0.03100069,0.002643356,-0.02290126,0.03100069,0.002643356,-0.02290126,0.1114044,-0.05688477,0.9921417,0.1114044,-0.05688477,0.9921417,5.222626,5.222626,True,True,True
1668047,63779589551065,-13.55017,2.586877,-0.06460845,-0.09009326,0.9074236,0.0004585941,-0.4104455,-0.02676483,0.003700134,-0.02605055,0.06307983,-0.06829834,0.9956665,0.03101079,0.002643066,-0.02289876,0.03101079,0.002643066,-0.02289876,0.1084137,-0.05232239,0.9927216,0.1084137,-0.05232239,0.9927216,5.242355,5.242355,True,True,True
1668055,63779589551076,-13.55042,2.586848,-0.06430942,-0.09059922,0.9062917,0.0008093806,-0.4128276,-0.02628502,0.003674255,-0.02589659,0.06062317,-0.08615112,0.9944305,0.03102088,0.002643356,-0.02290126,0.03102088,0.002643356,-0.02290126,0.1051941,-0.05700684,0.9928131,0.1051941,-0.05700684,0.9928131,5.222076,5.222076,True,True,True
1668063,63779589551087,-13.55074,2.586904,-0.06406313,-0.0910302,0.9051012,0.001315816,-0.4153355,-0.02531935,0.003736725,-0.02612453,0.06051636,-0.07377625,0.9954224,0.03094878,0.002648102,-0.02289366,0.03094878,0.002648102,-0.02289366,0.09446716,-0.05331421,0.9940948,0.09446716,-0.05331421,0.9940948,5.207367,5.207367,True,True,True
1668072,63779589551097,-13.55118,2.58692,-0.06379867,-0.09106142,0.9039088,0.002076845,-0.4179144,-0.02751979,0.003805573,-0.02628528,0.1091766,-0.06954956,0.9915771,0.03048772,0.002230515,-0.02156452,0.03048772,0.002230515,-0.02156452,0.09812927,-0.0158844,0.9950409,0.09812927,-0.0158844,0.9950409,5.457977,5.457977,True,True,True
1668080,63779589551097,-13.55118,2.58692,-0.06379867,-0.09106142,0.9039088,0.002076845,-0.4179144,-0.02781955,0.003659546,-0.02582761,0.1940155,-0.04972839,0.9797211,0.03005838,0.002270203,-0.02165736,0.03005838,0.002270203,-0.02165736,0.1362915,-0.004058838,0.9906464,0.1362915,-0.004058838,0.9906464,5.458649,5.458649,True,True,True
1668088,63779589551109,-13.55162,2.58691,-0.06343055,-0.09076867,0.9025066,0.002922671,-0.420992,-0.02807272,0.003735108,-0.02592035,0.2420502,-0.02610779,0.9699097,0.0296384,0.002641342,-0.02273599,0.0296384,0.002641342,-0.02273599,0.1736298,-0.03330994,0.9842377,0.1736298,-0.03330994,0.9842377,5.269333,5.269333,True,True,True
1668097,63779589551121,-13.55214,2.586908,-0.06306338,-0.09037976,0.9009072,0.003772389,-0.4244804,-0.02827655,0.003775757,-0.02600949,0.3064575,-0.005859375,0.9518585,0.02939758,0.002756165,-0.02291016,0.02939758,0.002756165,-0.02291016,0.2445374,-0.001663208,0.969635,0.2445374,-0.001663208,0.969635,5.352219,5.352219,True,True,True
1668105,63779589551131,-13.55273,2.587005,-0.06259131,-0.08989233,0.8989968,0.004852887,-0.4286032,-0.02853771,0.003904801,-0.02609377,0.3422089,-0.03189087,0.9390717,0.02907042,0.002885086,-0.02300528,0.02907042,0.002885086,-0.02300528,0.2924805,0.0006256104,0.9562683,0.2924805,0.0006256104,0.9562683,5.367157,5.367157,True,True,True
1668113,63779589551131,-13.55273,2.587005,-0.06259131,-0.08989233,0.8989968,0.004852887,-0.4286032,-0.02873534,0.00399675,-0.02623416,0.3983154,-0.0006866455,0.9172363,0.02879335,0.002984222,-0.02313721,0.02879335,0.002984222,-0.02313721,0.329895,0.05566406,0.9423676,0.329895,0.05566406,0.9423676,5.367126,5.367126,True,True,True
1668122,63779589551143,-13.55341,2.587135,-0.0621177,-0.08940807,0.8969251,0.00608013,-0.4330066,-0.02895195,0.004058777,-0.02634294,0.4206696,0.02139282,0.9069519,0.02854762,0.00308342,-0.02324007,0.02854762,0.00308342,-0.02324007,0.3710632,0.05924988,0.9266968,0.3710632,0.05924988,0.9266968,5.270187,5.270187,True,True,True
1668130,63779589551154,-13.55417,2.587266,-0.0614931,-0.08881831,0.8947006,0.007448533,-0.4376832,-0.02913608,0.004103958,-0.02646701,0.4620209,0.02682495,0.8864441,0.02829372,0.003179993,-0.02337261,0.02829372,0.003179993,-0.02337261,0.4131317,0.07446289,0.907608,0.4131317,0.07446289,0.907608,5.343384,5.343384,True,True,True
1668138,63779589551154,-13.55417,2.587266,-0.0614931,-0.08881831,0.8947006,0.007448533,-0.4376832,-0.02931436,0.004135834,-0.02659566,0.505249,0.03063965,0.8624115,0.02807506,0.003216156,-0.02352452,0.02807506,0.003216156,-0.02352452,0.4529572,0.09111023,0.8868561,0.4529572,0.09111023,0.8868561,5.479279,5.479279,True,True,True
1668147,63779589551165,-13.55503,2.587442,-0.06074184,-0.08799309,0.892068,0.009621118,-0.443147,-0.029435,0.004156952,-0.02670165,0.5487976,0.02258301,0.8356323,0.02789072,0.003287049,-0.02362624,0.02789072,0.003287049,-0.02362624,0.4841309,0.09855652,0.8694153,0.4841309,0.09855652,0.8694153,5.395706,5.395706,True,True,True
1668155,63779589551176,-13.55594,2.587622,-0.05996776,-0.08701275,0.8892137,0.01159848,-0.4489912,-0.02853401,0.004135285,-0.02672424,0.5481873,0.03173828,0.8357391,0.02769328,0.003352188,-0.02379282,0.02769328,0.003352188,-0.02379282,0.5262909,0.1181335,0.842041,0.5262909,0.1181335,0.842041,5.542068,5.542068,True,True,True
1668163,63779589551187,-13.55687,2.587832,-0.05896086,-0.08563811,0.8857054,0.01378932,-0.4560724,-0.009530884,0.003901657,-0.02585175,0.5707245,0.07879639,0.817337,0.02751671,0.003369812,-0.02387914,0.02751671,0.003369812,-0.02387914,0.5286255,0.1246033,0.8396454,0.5286255,0.1246033,0.8396454,5.41713,5.41713,True,True,True
1668171,63779589551198,-13.55788,2.58806,-0.05801505,-0.08428679,0.8820051,0.01598095,-0.4633653,-0.00747348,0.003907074,-0.02581844,0.5913696,0.05813599,0.8042908,0.0274213,0.003422821,-0.02397693,0.0274213,0.003422821,-0.02397693,0.5661926,0.1184082,0.8157043,0.5661926,0.1184082,0.8157043,5.644485,5.644485,True,True,True
1668180,63779589551198,-13.55788,2.58806,-0.05801505,-0.08428679,0.8820051,0.01598095,-0.4633653,-0.009433274,0.003958252,-0.02599462,0.6139526,0.05410767,0.7874603,0.02736296,0.00345401,-0.02406793,0.02736296,0.00345401,-0.02406793,0.5926361,0.1287079,0.795105,0.5926361,0.1287079,0.795105,5.727386,5.727386,True,True,True
1668188,63779589551209,-13.55895,2.588336,-0.05690992,-0.08240473,0.8780046,0.01867175,-0.4711357,-0.01259963,0.004017349,-0.02616913,0.615509,0.04203796,0.7869873,0.02733606,0.003467148,-0.02408809,0.02733606,0.003467148,-0.02408809,0.5953979,0.129425,0.792923,0.5953979,0.129425,0.792923,5.781525,5.781525,True,True,True
1668196,63779589551220,-13.55995,2.588497,-0.05578011,-0.08065239,0.8739524,0.02106091,-0.4788097,-0.009209962,0.003973038,-0.02600981,0.6177826,0.05508423,0.7844086,0.02734459,0.003450165,-0.02408699,0.02734459,0.003450165,-0.02408699,0.6002197,0.1277924,0.7895508,0.6002197,0.1277924,0.7895508,5.713425,5.713425,True,True,True
1668205,63779589551232,-13.56096,2.588639,-0.05453748,-0.07866726,0.8695263,0.0230423,-0.4870366,-0.006313859,0.003921692,-0.02585126,0.6154938,0.06010437,0.7858276,0.02736377,0.003436997,-0.02408098,0.02736377,0.003436997,-0.02408098,0.6002045,0.1332703,0.7886505,0.6002045,0.1332703,0.7886505,5.745804,5.745804,True,True,True
1668213,63779589551232,-13.56096,2.588639,-0.05453748,-0.07866726,0.8695263,0.0230423,-0.4870366,-0.004645264,0.003857926,-0.02572713,0.6015015,0.06396484,0.7962952,0.02738844,0.003370163,-0.02404173,0.02738844,0.003370163,-0.02404173,0.5841522,0.1269226,0.8016357,0.5841522,0.1269226,0.8016357,5.644073,5.644073,True,True,True
1668221,63779589551242,-13.56185,2.588758,-0.05332285,-0.07681615,0.8650776,0.02505126,-0.4950884,0.0003498993,0.003725037,-0.02538959,0.5700836,0.07937622,0.8177338,0.02744783,0.003289154,-0.023942,0.02744783,0.003289154,-0.023942,0.5479431,0.1234741,0.8273315,0.5479431,0.1234741,0.8273315,5.545944,5.545944,True,True,True
1668230,63779589551254,-13.56273,2.588914,-0.05208623,-0.07505691,0.8605447,0.02663177,-0.5031105,-0.003271363,0.003753296,-0.02553137,0.5606537,0.08097839,0.8240662,0.02756387,0.003253235,-0.02387392,0.02756387,0.003253235,-0.02387392,0.5331268,0.1328888,0.8355255,0.5331268,0.1328888,0.8355255,5.555328,5.555328,True,True,True
1668238,63779589551264,-13.5635,2.589054,-0.05089021,-0.07322332,0.8561004,0.02773964,-0.5108435,-0.007251511,0.003812744,-0.02570593,0.5631561,0.07167053,0.8232269,0.02768131,0.003239197,-0.02378157,0.02768131,0.003239197,-0.02378157,0.5273895,0.1088257,0.8426208,0.5273895,0.1088257,0.8426208,5.616196,5.616196,True,True,True
1668246,63779589551264,-13.5635,2.589054,-0.05089021,-0.07322332,0.8561004,0.02773964,-0.5108435,-0.01122882,0.003760086,-0.02585893,0.5512543,0.08294678,0.8301849,0.02779157,0.003197083,-0.02373851,0.02779157,0.003197083,-0.02373851,0.5337372,0.1005249,0.8396454,0.5337372,0.1005249,0.8396454,5.62767,5.62767,True,True,True
1668255,63779589551276,-13.56429,2.589182,-0.0497297,-0.07143315,0.8519076,0.02855543,-0.518011,-0.01563792,0.003916458,-0.02605481,0.5403442,0.05854797,0.8394012,0.02789469,0.003177078,-0.02367954,0.02789469,0.003177078,-0.02367954,0.5171661,0.1078033,0.8490448,0.5171661,0.1078033,0.8490448,5.420044,5.420044,True,True,True
1668263,63779589551287,-13.56499,2.589319,-0.04862386,-0.06985756,0.8479268,0.02907427,-0.5246854,-0.01689438,0.003911377,-0.02606069,0.5214233,0.05300903,0.8516388,0.02792552,0.003121582,-0.0236718,0.02792552,0.003121582,-0.0236718,0.4964447,0.1190186,0.8598633,0.4964447,0.1190186,0.8598633,5.479782,5.479782,True,True,True
1668271,63779589551287,-13.56499,2.589319,-0.04862386,-0.06985756,0.8479268,0.02907427,-0.5246854,-0.01237596,0.003819504,-0.02578783,0.5127411,0.05690002,0.8566437,0.02802037,0.00307898,-0.02362518,0.02802037,0.00307898,-0.02362518,0.4828796,0.1175842,0.8677368,0.4828796,0.1175842,0.8677368,5.430054,5.430054,True,True,True
1668280,63779589551298,-13.56564,2.589388,-0.04757774,-0.06824315,0.8440716,0.02966772,-0.5310421,-0.005995697,0.00369455,-0.02539757,0.4929352,0.05754089,0.8681488,0.02810147,0.00306868,-0.02357152,0.02810147,0.00306868,-0.02357152,0.4718475,0.1038971,0.8755341,0.4718475,0.1038971,0.8755341,5.501144,5.501144,True,True,True
1668288,63779589551309,-13.5663,2.589529,-0.04660124,-0.0670295,0.8404313,0.02969348,-0.5369362,-0.001783188,0.003602036,-0.02514928,0.4882813,0.06184387,0.8704834,0.02818291,0.003041428,-0.02353894,0.02818291,0.003041428,-0.02353894,0.4671173,0.1007538,0.878418,0.4671173,0.1007538,0.878418,5.537552,5.537552,True,True,True
1668296,63779589551320,-13.56688,2.589701,-0.04575378,-0.06553908,0.8369172,0.03008782,-0.5425578,0.009607788,0.003418991,-0.02448103,0.4690704,0.06491089,0.8807526,0.02827695,0.003082749,-0.02346393,0.02827695,0.003082749,-0.02346393,0.4564972,0.07878113,0.8862152,0.4564972,0.07878113,0.8862152,5.39975,5.39975,True,True,True
1668305,63779589551331,-13.56743,2.589791,-0.04504126,-0.06439523,0.8339778,0.03004395,-0.5472034,0.0104971,0.003341706,-0.02441237,0.4499512,0.07575989,0.8898163,0.02833893,0.003005371,-0.02345912,0.02833893,0.003005371,-0.02345912,0.4386444,0.09805298,0.89328,0.4386444,0.09805298,0.89328,5.467667,5.467667,True,True,True
1668313,63779589551331,-13.56743,2.589791,-0.04504126,-0.06439523,0.8339778,0.03004395,-0.5472034,0.001812836,0.003435516,-0.02485587,0.4534454,0.0785675,0.8878021,0.02841138,0.002967453,-0.02342682,0.02841138,0.002967453,-0.02342682,0.4297791,0.0969696,0.8977051,0.4297791,0.0969696,0.8977051,5.480972,5.480972,True,True,True
1668321,63779589551343,-13.56799,2.58984,-0.04439771,-0.06323912,0.8313376,0.02978916,-0.5513541,0.001154831,0.003502152,-0.02484128,0.4330902,0.0521698,0.899826,0.02844191,0.00297728,-0.02336702,0.02844191,0.00297728,-0.02336702,0.4089813,0.08045959,0.9089813,0.4089813,0.08045959,0.9089813,5.527069,5.527069,True,True,True
1668330,63779589551354,-13.56847,2.589796,-0.04392266,-0.06234299,0.8292135,0.02915376,-0.5546786,0.001915985,0.00347168,-0.02477374,0.426712,0.0496521,0.9030151,0.02853783,0.0029496,-0.02333657,0.02853783,0.0029496,-0.02333657,0.4109802,0.07435608,0.9085999,0.4109802,0.07435608,0.9085999,5.465179,5.465179,True,True,True
1668338,63779589551364,-13.56897,2.589755,-0.04352456,-0.06178939,0.8276302,0.02841341,-0.5571382,0.002245789,0.003453629,-0.02472403,0.4124603,0.04484558,0.9098511,0.02859801,0.002936401,-0.02330284,0.02859801,0.002936401,-0.02330284,0.3979797,0.06764221,0.9148865,0.3979797,0.06764221,0.9148865,5.382477,5.382477,True,True,True
1668346,63779589551364,-13.56897,2.589755,-0.04352456,-0.06178939,0.8276302,0.02841341,-0.5571382,0.002878159,0.003435761,-0.02468535,0.411911,0.05180359,0.9097443,0.02863997,0.002922867,-0.02329176,0.02863997,0.002922867,-0.02329176,0.3966827,0.07081604,0.9152069,0.3966827,0.07081604,0.9152069,5.416458,5.416458,True,True,True
1668355,63779589551376,-13.56949,2.589772,-0.04315597,-0.06105476,0.8261131,0.02795686,-0.559489,0.002707703,0.003437241,-0.02468164,0.4075775,0.05203247,0.9116821,0.02869023,0.002922608,-0.02327922,0.02869023,0.002922608,-0.02327922,0.3950653,0.07098389,0.9158936,0.3950653,0.07098389,0.9158936,5.443344,5.443344,True,True,True
1668363,63779589551387,-13.57002,2.589874,-0.04298872,-0.06041108,0.8251403,0.02778078,-0.5610011,0.004370484,0.003392807,-0.02458739,0.3978424,0.06352234,0.9152374,0.02871617,0.002922943,-0.02328295,0.02871617,0.002922943,-0.02328295,0.3924103,0.08422852,0.9159088,0.3924103,0.08422852,0.9159088,5.272263,5.272263,True,True,True
1668371,63779589551398,-13.57054,2.589928,-0.04281998,-0.05974164,0.8242967,0.0277419,-0.5623134,0.005467468,0.003362213,-0.02450842,0.3833008,0.06051636,0.9216309,0.02872899,0.002913361,-0.02325913,0.02872899,0.002913361,-0.02325913,0.3717194,0.08364868,0.9245605,0.3717194,0.08364868,0.9245605,5.289948,5.289948,True,True,True
1668380,63779589551398,-13.57054,2.589928,-0.04281998,-0.05974164,0.8242967,0.0277419,-0.5623134,0.004744889,0.003367417,-0.02453481,0.379837,0.06069946,0.9230499,0.02878787,0.00290184,-0.02323673,0.02878787,0.00290184,-0.02323673,0.3648376,0.08432007,0.9272308,0.3648376,0.08432007,0.9272308,5.336868,5.336868,True,True,True
1668388,63779589551409,-13.57101,2.589985,-0.04283065,-0.05931385,0.8238904,0.02777248,-0.5629523,0.005874665,0.00336081,-0.02444563,0.3697052,0.05427551,0.9275513,0.02888762,0.002919754,-0.02321489,0.02888762,0.002919754,-0.02321489,0.3546143,0.08279419,0.9313354,0.3546143,0.08279419,0.9313354,5.274048,5.274048,True,True,True
1668396,63779589551420,-13.57153,2.590092,-0.04287028,-0.059284,0.8234913,0.02774936,-0.5635401,0.009095673,0.003333817,-0.02420718,0.3409119,0.05078125,0.9387207,0.02909862,0.002951294,-0.02314565,0.02909862,0.002951294,-0.02314565,0.3248749,0.06803894,0.9432983,0.3248749,0.06803894,0.9432983,5.345184,5.345184,True,True,True
1668405,63779589551431,-13.57213,2.590163,-0.04308051,-0.05920966,0.8236214,0.02811346,-0.5633397,0.01230196,0.003280029,-0.02400259,0.3043518,0.06124878,0.9505768,0.02923294,0.002944229,-0.02311328,0.02923294,0.002944229,-0.02311328,0.2941742,0.07582092,0.9527283,0.2941742,0.07582092,0.9527283,5.282242,5.282242,True,True,True
1668413,63779589551431,-13.57213,2.590163,-0.04308051,-0.05920966,0.8236214,0.02811346,-0.5633397,0.01467777,0.003207505,-0.02386206,0.2944336,0.06033325,0.9537506,0.0292451,0.002913742,-0.02309345,0.0292451,0.002913742,-0.02309345,0.2804871,0.07261658,0.9570923,0.2804871,0.07261658,0.9570923,5.246658,5.246658,True,True,True
1668421,63779589551442,-13.57265,2.590137,-0.04336697,-0.05929481,0.8236707,0.02845159,-0.5632415,0.01596252,0.003183212,-0.02379401,0.2920685,0.06065369,0.9544678,0.02924111,0.002918671,-0.02309354,0.02924111,0.002918671,-0.02309354,0.2796631,0.07196045,0.9573822,0.2796631,0.07196045,0.9573822,5.20903,5.20903,True,True,True
1668430,63779589551453,-13.57309,2.59008,-0.04356676,-0.05961412,0.8242359,0.02859338,-0.5623733,0.0158926,0.003186829,-0.02379842,0.2930603,0.06237793,0.9540405,0.02924263,0.002922409,-0.02309354,0.02924263,0.002922409,-0.02309354,0.2803345,0.07333374,0.9570923,0.2803345,0.07333374,0.9570923,5.191391,5.191391,True,True,True
1668438,63779589551465,-13.57354,2.590063,-0.04381299,-0.06007205,0.8247867,0.02826632,-0.5615329,0.01504338,0.003213654,-0.02384587,0.2923584,0.06570435,0.9540405,0.02925189,0.002936417,-0.02309694,0.02925189,0.002936417,-0.02309694,0.2794495,0.07891846,0.9569092,0.2794495,0.07891846,0.9569092,5.166428,5.166428,True,True,True
1668446,63779589551465,-13.57354,2.590063,-0.04381299,-0.06007205,0.8247867,0.02826632,-0.5615329,0.01405008,0.003240463,-0.02390091,0.3000793,0.06335449,0.9517975,0.02925022,0.002946259,-0.02310092,0.02925022,0.002946259,-0.02310092,0.2888947,0.07727051,0.9542236,0.2888947,0.07727051,0.9542236,5.221603,5.221603,True,True,True
1668455,63779589551476,-13.57401,2.589969,-0.04403675,-0.06037812,0.8251601,0.02781807,-0.5609736,0.01226259,0.003276169,-0.02399278,0.2977295,0.06047058,0.952713,0.02924892,0.002948181,-0.02309805,0.02924892,0.002948181,-0.02309805,0.2836304,0.07563782,0.9559326,0.2836304,0.07563782,0.9559326,5.210114,5.210114,True,True,True
1668463,63779589551487,-13.5745,2.589862,-0.04425687,-0.06095315,0.8257077,0.02758208,-0.5601168,0.009142548,0.003337555,-0.0241554,0.298172,0.05740356,0.952774,0.02924761,0.002950104,-0.02309518,0.02924761,0.002950104,-0.02309518,0.2800751,0.07530212,0.957016,0.2800751,0.07530212,0.957016,5.207199,5.207199,True,True,True
1668471,63779589551487,-13.57498,2.589792,-0.04449618,-0.06158453,0.8260367,0.02729614,-0.5595763,0.00651323,0.003390671,-0.02429237,0.3000183,0.0569458,0.9522247,0.02924649,0.002953995,-0.02309213,0.02924649,0.002953995,-0.02309213,0.2789307,0.07820129,0.9571075,0.2789307,0.07820129,0.9571075,5.205734,5.205734,True,True,True
1668480,63779589551498,-13.57498,2.589792,-0.04449618,-0.06158453,0.8260367,0.02729614,-0.5595763,0.006314499,0.003397126,-0.02430097,0.3007813,0.05607605,0.9520264,0.02924538,0.002957886,-0.02308907,0.02924538,0.002957886,-0.02308907,0.2794952,0.07733154,0.957016,0.2794952,0.07733154,0.957016,5.209015,5.209015,True,True,True
1668488,63779589551515,-13.57545,2.589756,-0.04470158,-0.06236076,0.8264227,0.02673008,-0.5589474,0.006353073,0.003399811,-0.02429862,0.3029785,0.05651855,0.9513092,0.02924535,0.002963059,-0.02308858,0.02924535,0.002963059,-0.02308858,0.2827911,0.07792664,0.9559937,0.2827911,0.07792664,0.9559937,5.207001,5.207001,True,True,True
1668496,63779589551521,-13.57599,2.589729,-0.04486758,-0.06293532,0.8267765,0.02667903,-0.5583619,0.006463257,0.003401642,-0.02429237,0.3042755,0.05702209,0.9508667,0.0292453,0.002968231,-0.02308809,0.0292453,0.002968231,-0.02308809,0.2852478,0.07862854,0.9552155,0.2852478,0.07862854,0.9552155,5.20491,5.20491,True,True,True
1668505,63779589551527,-13.57654,2.589687,-0.04499686,-0.06341945,0.8270966,0.0267466,-0.5578296,0.006381485,0.003407379,-0.02429524,0.3027344,0.05613708,0.951416,0.02924167,0.002973892,-0.02308609,0.02924167,0.002973892,-0.02308609,0.2827301,0.07730103,0.9560699,0.2827301,0.07730103,0.9560699,5.192078,5.192078,True,True,True
1668513,63779589551539,-13.57705,2.58965,-0.04512304,-0.06381549,0.8272775,0.02654753,-0.5575255,0.006274689,0.003412903,-0.02429918,0.3019867,0.05519104,0.9517059,0.02923804,0.002979553,-0.02308409,0.02923804,0.002979553,-0.02308409,0.2831268,0.0761261,0.9560394,0.2831268,0.0761261,0.9560394,5.180435,5.180435,True,True,True
1668521,63779589551539,-13.57705,2.58965,-0.04512304,-0.06381549,0.8272775,0.02654753,-0.5575255,0.006267197,0.003416733,-0.0242991,0.3006592,0.0546875,0.9521484,0.02923549,0.002985474,-0.02308406,0.02923549,0.002985474,-0.02308406,0.2826691,0.07551575,0.9562225,0.2826691,0.07551575,0.9562225,5.159805,5.159805,True,True,True
1668530,63779589551550,-13.57757,2.589606,-0.04513353,-0.06399544,0.8273811,0.02610696,-0.557372,0.006407486,0.003418869,-0.0242915,0.2995911,0.05465698,0.9524841,0.02923293,0.00299141,-0.02308403,0.02923293,0.00299141,-0.02308403,0.2813873,0.07481384,0.956665,0.2813873,0.07481384,0.956665,5.138931,5.138931,True,True,True
1668538,63779589551561,-13.57813,2.589569,-0.04508108,-0.06426203,0.8275346,0.02586071,-0.557125,0.006491333,0.003421341,-0.02428687,0.2991943,0.05578613,0.9525452,0.02923032,0.00299614,-0.02308393,0.02923032,0.00299614,-0.02308393,0.2811279,0.07611084,0.9566345,0.2811279,0.07611084,0.9566345,5.141586,5.141586,True,True,True
1668546,63779589551572,-13.57865,2.589556,-0.04513472,-0.06455003,0.8276621,0.02544242,-0.5569215,0.006574967,0.003424698,-0.0242822,0.2988739,0.05766296,0.9525452,0.02922771,0.00300087,-0.02308382,0.02922771,0.00300087,-0.02308382,0.2808228,0.07748413,0.9566193,0.2808228,0.07748413,0.9566193,5.140411,5.140411,True,True,True
1668555,63779589551572,-13.57865,2.589556,-0.04513472,-0.06455003,0.8276621,0.02544242,-0.5569215,0.006632416,0.003427124,-0.02427867,0.2976685,0.05693054,0.9529572,0.02922496,0.003001938,-0.02308331,0.02922496,0.003001938,-0.02308331,0.2796173,0.0771637,0.9570007,0.2796173,0.0771637,0.9570007,5.132721,5.132721,True,True,True
1668563,63779589551584,-13.57926,2.589459,-0.0451557,-0.06483759,0.8277271,0.02493485,-0.5568143,0.00666388,0.003428681,-0.02427652,0.2969055,0.0569458,0.9532013,0.02922223,0.003003006,-0.02308279,0.02922223,0.003003006,-0.02308279,0.2784271,0.07670593,0.9573822,0.2784271,0.07670593,0.9573822,5.125259,5.125259,True,True,True
1668571,63779589551594,-13.57975,2.589332,-0.04521036,-0.06511938,0.8277798,0.02400068,-0.5567442,0.007032837,0.003424576,-0.02425691,0.2975006,0.05937195,0.9528656,0.02922154,0.00300441,-0.02308238,0.02922154,0.00300441,-0.02308238,0.2777557,0.07991028,0.9573059,0.2777557,0.07991028,0.9573059,5.126328,5.126328,True,True,True
1668580,63779589551605,-13.58031,2.589221,-0.04515791,-0.06528796,0.8278695,0.02326876,-0.556622,0.006946518,0.003428787,-0.02426096,0.2970428,0.05986023,0.9529724,0.02921712,0.003007599,-0.0230816,0.02921712,0.003007599,-0.0230816,0.2770233,0.08062744,0.9574585,0.2770233,0.08062744,0.9574585,5.122314,5.122314,True,True,True
1668588,63779589551605,-13.58031,2.589221,-0.04515791,-0.06528796,0.8278695,0.02326876,-0.556622,0.00673053,0.003437195,-0.0242712,0.2979126,0.06167603,0.9525909,0.02921578,0.003012177,-0.02307965,0.02921578,0.003012177,-0.02307965,0.2773132,0.0818634,0.9572754,0.2773132,0.0818634,0.9572754,5.102631,5.102631,True,True,True
1668596,63779589551617,-13.58076,2.589136,-0.04506177,-0.06549603,0.8278702,0.02252691,-0.5566272,0.006695786,0.00343866,-0.0242724,0.2973785,0.06210327,0.9527283,0.02920833,0.003013153,-0.02307915,0.02920833,0.003013153,-0.02307915,0.2771301,0.08197021,0.9573212,0.2771301,0.08197021,0.9573212,5.102371,5.102371,True,True,True
1668605,63779589551627,-13.58124,2.589003,-0.04499555,-0.06546975,0.8277407,0.0220848,-0.5568404,0.006544739,0.003442154,-0.02428006,0.2971802,0.06326294,0.952713,0.02920262,0.003014206,-0.02307883,0.02920262,0.003014206,-0.02307883,0.275589,0.08319092,0.9576569,0.275589,0.08319092,0.9576569,5.099075,5.099075,True,True,True
1668613,63779589551639,-13.58173,2.588915,-0.04482824,-0.06577329,0.8275231,0.02163064,-0.557146,0.00635849,0.003449463,-0.02428803,0.2987518,0.06483459,0.9521179,0.02919843,0.003016983,-0.02307567,0.02919843,0.003016983,-0.02307567,0.2762604,0.08462524,0.9573364,0.2762604,0.08462524,0.9573364,5.074554,5.074554,True,True,True
1668621,63779589551639,-13.58173,2.588915,-0.04482824,-0.06577329,0.8275231,0.02163064,-0.557146,0.00634671,0.003451218,-0.02428938,0.2995605,0.06619263,0.951767,0.02919502,0.003018387,-0.02307567,0.02919502,0.003018387,-0.02307567,0.2772522,0.08670044,0.9568634,0.2772522,0.08670044,0.9568634,5.076294,5.076294,True,True,True
1668630,63779589551650,-13.58216,2.588793,-0.04475123,-0.06607994,0.827201,0.02111513,-0.5576076,0.006197128,0.003456909,-0.02429906,0.2997437,0.06619263,0.9517059,0.02918883,0.003021454,-0.02307564,0.02918883,0.003021454,-0.02307564,0.277298,0.08709717,0.9568176,0.277298,0.08709717,0.9568176,5.076538,5.076538,True,True,True
1668638,63779589551661,-13.58257,2.588652,-0.04464734,-0.0669357,0.8269824,0.02070261,-0.5578452,0.006199402,0.003461655,-0.02429881,0.300293,0.06565857,0.9515839,0.02918512,0.003026764,-0.02307553,0.02918512,0.003026764,-0.02307553,0.278656,0.08618164,0.9565125,0.278656,0.08618164,0.9565125,5.07634,5.07634,True,True,True
1668646,63779589551672,-13.58292,2.588494,-0.04457682,-0.06775653,0.8266802,0.02058667,-0.5581982,0.006515091,0.003463318,-0.02428188,0.2997131,0.06729126,0.9516449,0.02918364,0.003036408,-0.02307347,0.02918364,0.003036408,-0.02307347,0.2782593,0.0884552,0.9564209,0.2782593,0.0884552,0.9564209,5.077881,5.077881,True,True,True
1668655,63779589551672,-13.58292,2.588494,-0.04457682,-0.06775653,0.8266802,0.02058667,-0.5581982,0.007059571,0.003457581,-0.02425304,0.2996368,0.07003784,0.9514618,0.02918364,0.003043579,-0.0230734,0.02918364,0.003043579,-0.0230734,0.2789459,0.09147644,0.9559326,0.2789459,0.09147644,0.9559326,5.102905,5.102905,True,True,True
1668663,63779589551684,-13.58331,2.58838,-0.04458702,-0.06867795,0.8263778,0.02052932,-0.5585354,0.007439728,0.003469696,-0.02424059,0.298584,0.07920837,0.9510803,0.02918364,0.003051483,-0.0230734,0.02918364,0.003051483,-0.0230734,0.2788239,0.09764099,0.9553528,0.2788239,0.09764099,0.9553528,5.096924,5.096924,True,True,True
1668671,63779589551695,-13.58377,2.588309,-0.04459763,-0.06936514,0.8263332,0.02063019,-0.5585125,0.007658051,0.003473084,-0.02422638,0.2975006,0.07765198,0.9515533,0.02918364,0.003061264,-0.0230734,0.02918364,0.003061264,-0.0230734,0.2787018,0.09603882,0.9555511,0.2787018,0.09603882,0.9555511,5.083496,5.083496,True,True,True
1668680,63779589551705,-13.58415,2.588182,-0.04467148,-0.06976327,0.8263967,0.02076584,-0.558364,0.007897095,0.003478821,-0.02421532,0.2974701,0.07952881,0.9514008,0.02918364,0.003065918,-0.0230734,0.02918364,0.003065918,-0.0230734,0.2786865,0.09593201,0.9555664,0.2786865,0.09593201,0.9555664,5.083496,5.083496,True,True,True
1668688,63779589551705,-13.58415,2.588182,-0.04467148,-0.06976327,0.8263967,0.02076584,-0.558364,0.008095002,0.003485214,-0.02420502,0.2982941,0.0802002,0.9510803,0.02918364,0.003073074,-0.02307347,0.02918364,0.003073074,-0.02307347,0.2801361,0.09690857,0.9550476,0.2801361,0.09690857,0.9550476,5.096939,5.096939,True,True,True
1668696,63779589551717,-13.58454,2.588043,-0.044752,-0.06999107,0.8265473,0.02065428,-0.5581168,0.008017303,0.003495926,-0.02420734,0.2993317,0.07699585,0.9510193,0.02918364,0.003083038,-0.02307347,0.02918364,0.003083038,-0.02307347,0.2802124,0.09616089,0.9550934,0.2802124,0.09616089,0.9550934,5.106552,5.106552,True,True,True
1668705,63779589551728,-13.58487,2.58794,-0.04483879,-0.07008122,0.8268464,0.02050078,-0.5576679,0.007856445,0.003508743,-0.02421617,0.2986145,0.0756073,0.951355,0.02918364,0.003095978,-0.02307347,0.02918364,0.003095978,-0.02307347,0.2787476,0.09309387,0.9558258,0.2787476,0.09309387,0.9558258,5.09343,5.09343,True,True,True
1668713,63779589551738,-13.58519,2.587861,-0.04495949,-0.07040138,0.8271677,0.0202302,-0.5571606,0.007691239,0.003516678,-0.02422542,0.2995605,0.07618713,0.9510193,0.02918881,0.003101029,-0.02307347,0.02918881,0.003101029,-0.02307347,0.2800903,0.09376526,0.955368,0.2800903,0.09376526,0.955368,5.094528,5.094528,True,True,True
1668721,63779589551738,-13.58519,2.587861,-0.04495949,-0.07040138,0.8271677,0.0202302,-0.5571606,0.007395142,0.003524079,-0.02424304,0.3010406,0.07632446,0.9505463,0.02919545,0.003101639,-0.02307598,0.02919545,0.003101639,-0.02307598,0.2819366,0.09446716,0.9547577,0.2819366,0.09446716,0.9547577,5.105988,5.105988,True,True,True
1668730,63779589551750,-13.58544,2.587693,-0.04507852,-0.07046281,0.8277164,0.01999455,-0.5563461,0.007099594,0.003531632,-0.02425891,0.3016357,0.07585144,0.9503937,0.02919713,0.00310257,-0.02307598,0.02919713,0.00310257,-0.02307598,0.2823944,0.09428406,0.9546356,0.2823944,0.09428406,0.9546356,5.108902,5.108902,True,True,True
1668738,63779589551761,-13.58572,2.587571,-0.04527634,-0.07049418,0.8282716,0.01969819,-0.5555257,0.006940583,0.003535614,-0.02426743,0.3019104,0.0765686,0.9502411,0.02919713,0.003103531,-0.02307598,0.02919713,0.003103531,-0.02307598,0.2823944,0.0942688,0.9546509,0.2823944,0.0942688,0.9546509,5.10878,5.10878,True,True,True
1668746,63779589551772,-13.586,2.587483,-0.04548317,-0.07075126,0.8289649,0.01962166,-0.5544605,0.006587922,0.003543472,-0.02428632,0.3024292,0.0776825,0.9499969,0.02919713,0.003104691,-0.02307598,0.02919713,0.003104691,-0.02307598,0.282486,0.09513855,0.9545288,0.282486,0.09513855,0.9545288,5.119751,5.119751,True,True,True
1668755,63779589551772,-13.586,2.587483,-0.04548317,-0.07075126,0.8289649,0.01962166,-0.5544605,0.006599854,0.003543656,-0.02428566,0.3027039,0.07788086,0.9498901,0.02919713,0.003105301,-0.02307598,0.02919713,0.003105301,-0.02307598,0.282486,0.09501648,0.9545441,0.282486,0.09501648,0.9545441,5.119766,5.119766,True,True,True
1668763,63779589551783,-13.58627,2.587441,-0.04571873,-0.07078887,0.8296893,0.01937925,-0.5533798,0.006408844,0.003547699,-0.02429587,0.3035889,0.07809448,0.949585,0.02919713,0.003105774,-0.02307598,0.02919713,0.003105774,-0.02307598,0.2831573,0.09509277,0.9543304,0.2831573,0.09509277,0.9543304,5.118103,5.118103,True,True,True
1668771,63779589551794,-13.58657,2.587431,-0.04596746,-0.07068963,0.8305105,0.01939194,-0.5521587,0.006147751,0.003562805,-0.0243145,0.3041077,0.07649231,0.9495544,0.02919713,0.00310672,-0.02307598,0.02919713,0.00310672,-0.02307598,0.2837677,0.09483337,0.9541779,0.2837677,0.09483337,0.9541779,5.112076,5.112076,True,True,True
1668780,63779589551805,-13.58691,2.587459,-0.04621363,-0.07055035,0.8313002,0.01927146,-0.5509912,0.006032196,0.003568772,-0.02432395,0.304245,0.07803345,0.9493866,0.02919713,0.003110367,-0.02307598,0.02919713,0.003110367,-0.02307598,0.2837219,0.09387207,0.9542847,0.2837219,0.09387207,0.9542847,5.108292,5.108292,True,True,True
1668788,63779589551805,-13.58691,2.587459,-0.04621363,-0.07055035,0.8313002,0.01927146,-0.5509912,0.007829193,0.003534653,-0.02422702,0.3068237,0.07745361,0.9485931,0.02919713,0.003112701,-0.02307326,0.02919713,0.003112701,-0.02307326,0.2863007,0.0945282,0.9534607,0.2863007,0.0945282,0.9534607,5.112946,5.112946,True,True,True
1668796,63779589551816,-13.58722,2.587487,-0.04644322,-0.07048731,0.8320979,0.01940011,-0.5497894,0.008252502,0.00353009,-0.02420598,0.3074036,0.08486938,0.9477692,0.02919272,0.00311789,-0.02307001,0.02919272,0.00311789,-0.02307001,0.2874298,0.1013947,0.9524078,0.2874298,0.1013947,0.9524078,5.118622,5.118622,True,True,True
1668805,63779589551827,-13.58756,2.587455,-0.04662031,-0.0704015,0.8328117,0.01971815,-0.5487071,0.008575226,0.003526917,-0.02418964,0.3105469,0.08705139,0.9465485,0.02918631,0.003125672,-0.02306854,0.02918631,0.003125672,-0.02306854,0.291626,0.1032867,0.9509277,0.291626,0.1032867,0.9509277,5.121643,5.121643,True,True,True
1668813,63779589551839,-13.58791,2.587467,-0.04686368,-0.07051747,0.8334185,0.02011205,-0.5477557,0.008585618,0.003526352,-0.02418492,0.3084717,0.08453369,0.947464,0.02918263,0.003131882,-0.02306833,0.02918263,0.003131882,-0.02306833,0.2909088,0.1027679,0.9512024,0.2909088,0.1027679,0.9512024,5.12085,5.12085,True,True,True
1668821,63779589551839,-13.58791,2.587467,-0.04686368,-0.07051747,0.8334185,0.02011205,-0.5477557,0.008604462,0.003529038,-0.02418828,0.3112183,0.08503723,0.9465179,0.02917591,0.003137711,-0.02306833,0.02917591,0.003137711,-0.02306833,0.2908478,0.102356,0.9512634,0.2908478,0.102356,0.9512634,5.120316,5.120316,True,True,True
1668830,63779589551850,-13.58826,2.58748,-0.04703182,-0.07091594,0.8338854,0.02076765,-0.5469689,0.008556229,0.00353151,-0.02419164,0.3113098,0.0851593,0.9464722,0.02916551,0.003142044,-0.02306833,0.02916551,0.003142044,-0.02306833,0.2905121,0.1016846,0.9514465,0.2905121,0.1016846,0.9514465,5.125092,5.125092,True,True,True
1668838,63779589551861,-13.58855,2.587471,-0.04725403,-0.07125663,0.8343385,0.02146673,-0.546206,0.008169846,0.003534989,-0.02420747,0.3115082,0.08485413,0.9464417,0.02915599,0.003144272,-0.02306833,0.02915599,0.003144272,-0.02306833,0.2953644,0.1040497,0.9496918,0.2953644,0.1040497,0.9496918,5.128708,5.128708,True,True,True
1668846,63779589551872,-13.5889,2.587476,-0.04738003,-0.0719242,0.8345962,0.02235782,-0.5456888,0.007700089,0.003546631,-0.02423424,0.3128815,0.08587646,0.9458923,0.0291429,0.003148819,-0.02306833,0.0291429,0.003148819,-0.02306833,0.2941742,0.1044006,0.9500275,0.2941742,0.1044006,0.9500275,5.128464,5.128464,True,True,True
1668855,63779589551872,-13.5889,2.587476,-0.04738003,-0.0719242,0.8345962,0.02235782,-0.5456888,0.007495438,0.003556687,-0.02424651,0.3144226,0.08599854,0.9453735,0.02912584,0.003158829,-0.02306833,0.02912584,0.003158829,-0.02306833,0.2935181,0.1029053,0.9503937,0.2935181,0.1029053,0.9503937,5.121002,5.121002,True,True,True
1668863,63779589551883,-13.58921,2.587447,-0.04755515,-0.07266138,0.8347453,0.02301791,-0.5453355,0.007562943,0.003565949,-0.02424742,0.3165894,0.08796692,0.944458,0.02911279,0.003168335,-0.02306833,0.02911279,0.003168335,-0.02306833,0.2988892,0.1046143,0.9485321,0.2988892,0.1046143,0.9485321,5.123932,5.123932,True,True,True
1668871,63779589551895,-13.58959,2.587451,-0.04775441,-0.07317132,0.8349771,0.02354337,-0.5448897,0.007940613,0.003565567,-0.024233,0.3222961,0.08737183,0.9425964,0.02910243,0.003173447,-0.02306854,0.02910243,0.003173447,-0.02306854,0.3020782,0.103302,0.9476624,0.3020782,0.103302,0.9476624,5.120758,5.120758,True,True,True
1668880,63779589551906,-13.58986,2.58746,-0.04797119,-0.07356995,0.8351553,0.0237922,-0.5445523,0.007257737,0.003581787,-0.02429488,0.3312988,0.08465576,0.9397125,0.02903375,0.003178513,-0.02311371,0.02903375,0.003178513,-0.02311371,0.3135223,0.09941101,0.9443512,0.3135223,0.09941101,0.9443512,5.134094,5.134094,True,True,True
1668888,63779589551906,-13.58986,2.58746,-0.04797119,-0.07356995,0.8351553,0.0237922,-0.5445523,0.006872589,0.003582321,-0.02430625,0.3314056,0.08343506,0.9397736,0.02905225,0.00315268,-0.02310066,0.02905225,0.00315268,-0.02310066,0.3157959,0.1009521,0.9434357,0.3157959,0.1009521,0.9434357,4.971909,4.971909,True,True,True
1668896,63779589551917,-13.59014,2.587415,-0.04818076,-0.07406876,0.835337,0.02377178,-0.5442066,0.006299149,0.003580155,-0.02433662,0.3358459,0.08235168,0.9383087,0.02906156,0.003135544,-0.02309961,0.02906156,0.003135544,-0.02309961,0.3187714,0.1010284,0.9424286,0.3187714,0.1010284,0.9424286,5.044327,5.044327,True,True,True
1668905,63779589551929,-13.5903,2.587371,-0.04836583,-0.07427311,0.8355293,0.02362757,-0.5438898,0.006265152,0.003589432,-0.02432157,0.3226318,0.08006287,0.9431305,0.02918224,0.003117417,-0.02306194,0.02918224,0.003117417,-0.02306194,0.303833,0.08526611,0.9488983,0.303833,0.08526611,0.9488983,4.936554,4.936554,True,True,True
1668913,63779589551940,-13.5905,2.587294,-0.04849547,-0.07438252,0.8357647,0.0232506,-0.5435293,0.009485062,0.003485138,-0.02409677,0.3195801,0.07466125,0.9445953,0.02956325,0.003037583,-0.02304518,0.02956325,0.003037583,-0.02304518,0.3174286,0.118454,0.9408417,0.3174286,0.118454,0.9408417,5.306564,5.306564,True,True,True
1668921,63779589551940,-13.5905,2.587294,-0.04849547,-0.07438252,0.8357647,0.0232506,-0.5435293,-0.02831899,0.004404755,-0.02601556,0.2854309,-0.01139832,0.9583282,0.02970395,0.003167633,-0.02298244,0.02970395,0.003167633,-0.02298244,0,0,0,0,0,0,-1,-1,True,True,True
1668930,63779589551952,-13.59071,2.587256,-0.04866254,-0.07435109,0.8359817,0.02289234,-0.5432149,-0.02800461,0.004413529,-0.02595815,0.3032532,-0.01542664,0.952774,0.02996387,0.003311203,-0.02301102,0.02996387,0.003311203,-0.02301102,0,0,0,0,0,0,-1,-1,True,True,True
1668938,63779589551963,-13.59087,2.587193,-0.04879075,-0.07431008,0.8361689,0.02249702,-0.5429488,-0.001,-0.001,-0.001,1,-1,-1,0.03014534,0.003345551,-0.0225753,0.03014534,0.003345551,-0.0225753,0,0,0,0,0,0,-1,-1,False,True,True
1668946,63779589551963,-13.59087,2.587193,-0.04879075,-0.07431008,0.8361689,0.02249702,-0.5429488,-0.001,-0.001,-0.001,1,-1,-1,0.03111501,0.002256577,-0.02288323,0.03111501,0.002256577,-0.02288323,0,0,0,0,0,0,-1,-1,False,True,True
1668955,63779589551974,-13.59093,2.587044,-0.048931,-0.07416213,0.8363764,0.02210105,-0.5426657,-0.001,-0.001,-0.001,1,-1,-1,0.03111501,0.002256577,-0.02288323,0.03111501,0.002256577,-0.02288323,0,0,0,0,0,0,-1,-1,False,False,False
1668963,63779589551985,-13.59105,2.586984,-0.04913402,-0.07400306,0.8364755,0.02169251,-0.5425512,-0.001,-0.001,-0.001,1,-1,-1,0.0314352,0.001252457,-0.02301965,0.0314352,0.001252457,-0.02301965,0,0,0,0,0,0,-1,-1,False,True,True
1668971,63779589551996,-13.59113,2.586936,-0.04928368,-0.07398387,0.8366919,0.02128421,-0.5422361,-0.001,-0.001,-0.001,1,-1,-1,0.03136156,0.0008259888,-0.02310278,0.03136156,0.0008259888,-0.02310278,0,0,0,0,0,0,-1,-1,False,True,True
1668980,63779589551996,-13.59113,2.586936,-0.04928368,-0.07398387,0.8366919,0.02128421,-0.5422361,-0.001,-0.001,-0.001,1,-1,-1,0.03189632,0.001986725,-0.02272926,0.03189632,0.001986725,-0.02272926,0,0,0,0,0,0,-1,-1,False,True,True
1668988,63779589552008,-13.59107,2.58682,-0.04947644,-0.07389791,0.8369843,0.02091503,-0.5418108,-0.001,-0.001,-0.001,1,-1,-1,0.03155025,0.0006146851,-0.0232001,0.03155025,0.0006146851,-0.0232001,0,0,0,0,0,0,-1,-1,False,True,True
1668996,63779589552019,-13.59111,2.586767,-0.04965323,-0.07371113,0.8373604,0.02052645,-0.5412697,-0.001,-0.001,-0.001,1,-1,-1,0.03227739,0.001722778,-0.02284335,0.03227739,0.001722778,-0.02284335,0,0,0,0,0,0,-1,-1,False,True,True
1669005,63779589552031,-13.5912,2.586758,-0.04984862,-0.07333769,0.8380623,0.02022733,-0.5402442,-0.001,-0.001,-0.001,1,-1,-1,0.0325676,0.0005516357,-0.02330553,0.0325676,0.0005516357,-0.02330553,0,0,0,0,0,0,-1,-1,False,True,True
1669013,63779589552031,-13.5912,2.586758,-0.04984862,-0.07333769,0.8380623,0.02022733,-0.5402442,-0.001,-0.001,-0.001,1,-1,-1,0.03222379,0.0007778779,-0.0233391,0.03222379,0.0007778779,-0.0233391,0,0,0,0,0,0,-1,-1,False,True,True
1669021,63779589552042,-13.59123,2.586715,-0.05002719,-0.07292069,0.8387637,0.02026308,-0.5392101,-0.001,-0.001,-0.001,1,-1,-1,0.03370607,0.001782043,-0.02309094,0.03370607,0.001782043,-0.02309094,0,0,0,0,0,0,-1,-1,False,True,True
1669030,63779589552053,-13.59124,2.586727,-0.05025095,-0.07235986,0.8394315,0.02028923,-0.5382445,-0.001,-0.001,-0.001,1,-1,-1,0.03311408,0.0008017274,-0.02341826,0.03311408,0.0008017274,-0.02341826,0,0,0,0,0,0,-1,-1,False,True,True
1669038,63779589552064,-13.59121,2.586791,-0.05045176,-0.07174323,0.8401446,0.02031231,-0.5372126,-0.001,-0.001,-0.001,1,-1,-1,0.03306795,0.0007118073,-0.02344132,0.03306795,0.0007118073,-0.02344132,0,0,0,0,0,0,-1,-1,False,True,True
1669046,63779589552064,-13.59121,2.586791,-0.05045176,-0.07174323,0.8401446,0.02031231,-0.5372126,-0.001,-0.001,-0.001,1,-1,-1,0.03318373,0.002934677,-0.02272015,0.03318373,0.002934677,-0.02272015,0,0,0,0,0,0,-1,-1,False,True,True
1669055,63779589552075,-13.59117,2.586834,-0.05069196,-0.07125328,0.840841,0.0203277,-0.5361869,-0.001,-0.001,-0.001,1,-1,-1,0.03315691,0.001859024,-0.02317789,0.03315691,0.001859024,-0.02317789,0,0,0,0,0,0,-1,-1,False,True,True
1669063,63779589552087,-13.59111,2.586861,-0.05091089,-0.07073195,0.841564,0.02028302,-0.5351221,-0.001,-0.001,-0.001,1,-1,-1,0.03290752,0.002354797,-0.02328424,0.03290752,0.002354797,-0.02328424,0,0,0,0,0,0,-1,-1,False,True,True
1669071,63779589552098,-13.59106,2.586877,-0.05121309,-0.07046072,0.8423157,0.02028158,-0.5339741,-0.001,-0.001,-0.001,1,-1,-1,0.03264987,0.002589874,-0.02306032,0.03264987,0.002589874,-0.02306032,0,0,0,0,0,0,-1,-1,False,True,True
1669080,63779589552098,-13.59106,2.586877,-0.05121309,-0.07046072,0.8423157,0.02028158,-0.5339741,-0.001,-0.001,-0.001,1,-1,-1,0.03122557,0.002064163,-0.02040209,0.03122557,0.002064163,-0.02040209,0,0,0,0,0,0,-1,-1,False,True,True
1669088,63779589552109,-13.59101,2.586919,-0.05142081,-0.07035776,0.8431646,0.02007222,-0.532654,-0.001,-0.001,-0.001,1,-1,-1,0.03155245,0.002598328,-0.02295165,0.03155245,0.002598328,-0.02295165,0,0,0,0,0,0,-1,-1,False,True,True
1669096,63779589552120,-13.59097,2.586962,-0.05162948,-0.07007794,0.8440721,0.01993112,-0.5312572,-0.001,-0.001,-0.001,1,-1,-1,0.03230451,0.003389465,-0.02277027,0.03230451,0.003389465,-0.02277027,0,0,0,0,0,0,-1,-1,False,True,True
1669105,63779589552131,-13.59093,2.587019,-0.05184197,-0.06969296,0.845004,0.01971735,-0.5298322,-0.001,-0.001,-0.001,1,-1,-1,0.03223586,0.003172363,-0.02160123,0.03223586,0.003172363,-0.02160123,0,0,0,0,0,0,-1,-1,False,True,True
1669113,63779589552131,-13.59093,2.587019,-0.05184197,-0.06969296,0.845004,0.01971735,-0.5298322,-0.001,-0.001,-0.001,1,-1,-1,0.03188883,0.003085968,-0.02282768,0.03188883,0.003085968,-0.02282768,0,0,0,0,0,0,-1,-1,False,True,True
1669121,63779589552142,-13.59084,2.587025,-0.05200142,-0.0692184,0.8458822,0.01939815,-0.5285033,-0.001,-0.001,-0.001,1,-1,-1,0.03177219,0.00280568,-0.02238793,0.03177219,0.00280568,-0.02238793,0,0,0,0,0,0,-1,-1,False,True,True
1669129,63779589552154,-13.59079,2.587112,-0.05218941,-0.06863164,0.8466389,0.01899544,-0.5273818,-0.001,-0.001,-0.001,1,-1,-1,0.0319182,0.00294339,-0.02321018,0.0319182,0.00294339,-0.02321018,0,0,0,0,0,0,-1,-1,False,True,True
1669138,63779589552165,-13.59078,2.587125,-0.05229783,-0.06834627,0.8472928,0.01874123,-0.5263768,-0.001,-0.001,-0.001,1,-1,-1,0.03189839,0.002918884,-0.02299834,0.03189839,0.002918884,-0.02299834,0,0,0,0,0,0,-1,-1,False,True,True
1669146,63779589552165,-13.59078,2.587125,-0.05229783,-0.06834627,0.8472928,0.01874123,-0.5263768,-0.001,-0.001,-0.001,1,-1,-1,0.03172368,0.002872086,-0.02069673,0.03172368,0.002872086,-0.02069673,0,0,0,0,0,0,-1,-1,False,True,True
1669154,63779589552176,-13.5908,2.587151,-0.05235875,-0.06841694,0.8477727,0.01858743,-0.5255999,-0.001,-0.001,-0.001,1,-1,-1,0.03187155,0.002934296,-0.0230092,0.03187155,0.002934296,-0.0230092,0,0,0,0,0,0,-1,-1,False,True,True
1669163,63779589552188,-13.59079,2.587121,-0.05242211,-0.06868644,0.8481703,0.01856764,-0.5249236,-0.001,-0.001,-0.001,1,-1,-1,0.0318613,0.002934555,-0.02310513,0.0318613,0.002934555,-0.02310513,0,0,0,0,0,0,-1,-1,False,True,True
1669171,63779589552198,-13.5907,2.587074,-0.05244511,-0.06941534,0.8484583,0.01850178,-0.524364,-0.001,-0.001,-0.001,1,-1,-1,0.03183597,0.002972839,-0.02351138,0.03183597,0.002972839,-0.02351138,0,0,0,0,0,0,-1,-1,False,True,True
1669179,63779589552198,-13.5907,2.587074,-0.05244511,-0.06941534,0.8484583,0.01850178,-0.524364,-0.001,-0.001,-0.001,1,-1,-1,0.03183135,0.00304541,-0.02378285,0.03183135,0.00304541,-0.02378285,0,0,0,0,0,0,-1,-1,False,True,True
1669188,63779589552209,-13.59073,2.587027,-0.05242831,-0.07018596,0.8486666,0.01844478,-0.5239261,0.02938289,0.002961579,-0.02344245,-0.0006866455,0.001052856,0.9999847,0.0318069,0.002904648,-0.02331838,0.0318069,0.002904648,-0.02331838,-0.001800537,0.003494263,0.9999847,-0.001800537,0.003494263,0.9999847,5.273209,5.273209,True,True,True
1669196,63779589552221,-13.59072,2.586994,-0.05247229,-0.07085146,0.8489406,0.0183557,-0.5233958,0.03135274,0.002896545,-0.02321515,-0.01756287,0.0276947,0.9994507,0.03179554,0.002889084,-0.02320172,0.03179554,0.002889084,-0.02320172,-0.01765442,0.02807617,0.9994354,-0.01765442,0.02807617,0.9994354,5.531128,5.531128,True,True,True
1669204,63779589552231,-13.59081,2.586929,-0.05247909,-0.07110015,0.8492373,0.01844502,-0.5228771,-0.02609209,0.004204514,-0.02605267,0.03266907,-0.08302307,0.9960022,0.03184305,0.003134018,-0.02409245,0.03184305,0.003134018,-0.02409245,0.02879333,0.01956177,0.9993896,0.02879333,0.01956177,0.9993896,5.238052,5.238052,True,True,True
1669213,63779589552231,-13.59081,2.586929,-0.05247909,-0.07110015,0.8492373,0.01844502,-0.5228771,-0.02649564,0.004194656,-0.02596849,0.03746033,-0.09710693,0.9945526,0.03182941,0.003162567,-0.02422076,0.03182941,0.003162567,-0.02422076,0.0202179,0.03117371,0.9992981,0.0202179,0.03117371,0.9992981,5.484665,5.484665,True,True,True
1669221,63779589552243,-13.59082,2.586913,-0.05252916,-0.07118824,0.8495278,0.01855449,-0.5223891,-0.02655185,0.003904251,-0.02503282,0.005508423,-0.01698303,0.9998322,0.03181691,0.003244065,-0.024568,0.03181691,0.003244065,-0.024568,0.03756714,-0.01525879,0.999176,0.03756714,-0.01525879,0.999176,5.176727,5.176727,True,True,True
1669229,63779589552253,-13.59081,2.586885,-0.05256057,-0.07114599,0.8498293,0.01844814,-0.5219082,-0.008323197,0.003702377,-0.02490842,0.01489258,-0.003616333,0.9998779,0.03180351,0.003246017,-0.02456661,0.03180351,0.003246017,-0.02456661,0.0355072,0.006591797,0.9993439,0.0355072,0.006591797,0.9993439,5.363907,5.363907,True,True,True
1669238,63779589552265,-13.59079,2.58687,-0.05267513,-0.07118937,0.8500846,0.01846462,-0.5214858,0.02359686,0.00334552,-0.02466167,0.03559875,-0.00289917,0.9993591,0.03179778,0.003252381,-0.02459088,0.03179778,0.003252381,-0.02459088,0.04043579,-0.00163269,0.999176,0.04043579,-0.00163269,0.999176,5.331772,5.331772,True,True,True
1669246,63779589552265,-13.59079,2.58687,-0.05267513,-0.07118937,0.8500846,0.01846462,-0.5214858,0.02954634,0.003271713,-0.02458574,0.04386902,-0.009750366,0.9989777,0.03179203,0.003246017,-0.02456661,0.03179203,0.003246017,-0.02456661,0.04527283,-0.009567261,0.9989166,0.04527283,-0.009567261,0.9989166,5.301865,5.301865,True,True,True
1669254,63779589552276,-13.59073,2.586868,-0.05276054,-0.0712986,0.8503482,0.01835154,-0.5210448,0.02973647,0.003267029,-0.02456674,0.0369873,-0.002563477,0.9992981,0.03178882,0.003243515,-0.02454976,0.03178882,0.003243515,-0.02454976,0.03791809,-0.001983643,0.9992676,0.03791809,-0.001983643,0.9992676,5.333069,5.333069,True,True,True
1669263,63779589552287,-13.59069,2.586857,-0.05273575,-0.07157832,0.8507097,0.01792783,-0.5204307,0.02574289,0.003276001,-0.02441988,0.02706909,0.004302979,0.9996185,0.03177475,0.00320427,-0.02435475,0.03177475,0.00320427,-0.02435475,0.0294342,0.006393433,0.9995422,0.0294342,0.006393433,0.9995422,5.370422,5.370422,True,True,True
1669271,63779589552298,-13.59067,2.586822,-0.052791,-0.07164484,0.8511273,0.01763283,-0.5197484,0.01759078,0.003434433,-0.02468183,0.01028442,0.03160095,0.9994354,0.03177736,0.003278961,-0.02457575,0.03177736,0.003278961,-0.02457575,0.01196289,0.04629517,0.9988556,0.01196289,0.04629517,0.9988556,5.462387,5.462387,True,True,True
1669279,63779589552298,-13.59067,2.586822,-0.052791,-0.07164484,0.8511273,0.01763283,-0.5197484,0.03162155,0.003347733,-0.02501254,0.02786255,0.005828857,0.999588,0.03176085,0.003345764,-0.02501122,0.03176085,0.003345764,-0.02501122,0.02793884,0.005935669,0.999588,0.02793884,0.005935669,0.999588,5.306656,5.306656,True,True,True
1669288,63779589552309,-13.59064,2.586849,-0.05288112,-0.0714177,0.8515663,0.01742646,-0.5190672,0.03152287,0.003210388,-0.02452536,0.04187012,-0.04945374,0.9978943,0.03172316,0.003207062,-0.02452176,0.03172316,0.003207062,-0.02452176,0.04203796,-0.04937744,0.9978943,0.04203796,-0.04937744,0.9978943,4.905304,4.905304,True,True,True
1669296,63779589552321,-13.59055,2.586924,-0.0529874,-0.07106269,0.8519978,0.01713795,-0.5184171,-0.02662415,0.004192413,-0.02553346,0.0181427,-0.08474731,0.9962311,0.03168094,0.003397064,-0.02467903,0.03168094,0.003397064,-0.02467903,0,0,0,0,0,0,-1,-1,True,True,True
1669304,63779589552332,-13.59054,2.587043,-0.0530839,-0.0706583,0.8524524,0.01685341,-0.5177339,-0.001,-0.001,-0.001,1,-1,-1,0.03189833,0.003125931,-0.02399616,0.03189833,0.003125931,-0.02399616,0,0,0,0,0,0,-1,-1,False,True,True
1669313,63779589552332,-13.59054,2.587043,-0.0530839,-0.0706583,0.8524524,0.01685341,-0.5177339,-0.001,-0.001,-0.001,1,-1,-1,0.03200421,0.003669693,-0.02857076,0.03200421,0.003669693,-0.02857076,0,0,0,0,0,0,-1,-1,False,True,True
1669321,63779589552343,-13.59041,2.587221,-0.05319035,-0.07030098,0.8528897,0.01662942,-0.517069,-0.001,-0.001,-0.001,1,-1,-1,0.03365843,0.0019422,-0.02376006,0.03365843,0.0019422,-0.02376006,0,0,0,0,0,0,-1,-1,False,True,True
1669329,63779589552354,-13.59026,2.587347,-0.05334145,-0.07010811,0.8534598,0.01612145,-0.51617,-0.001,-0.001,-0.001,1,-1,-1,0.03229539,0.001805267,-0.022381,0.03229539,0.001805267,-0.022381,0,0,0,0,0,0,-1,-1,False,True,True
1669338,63779589552354,-13.59026,2.587347,-0.05334145,-0.07010811,0.8534598,0.01612145,-0.51617,-0.001,-0.001,-0.001,1,-1,-1,0.03220059,0.001964996,-0.02352403,0.03220059,0.001964996,-0.02352403,0,0,0,0,0,0,-1,-1,False,True,True
1669346,63779589552365,-13.59013,2.587386,-0.05346638,-0.07015423,0.8541276,0.01532392,-0.5150821,-0.001,-0.001,-0.001,1,-1,-1,0.03173378,0.0008674012,-0.02388196,0.03173378,0.0008674012,-0.02388196,0,0,0,0,0,0,-1,-1,False,True,True
1669354,63779589552376,-13.58995,2.587509,-0.05367261,-0.07021496,0.8550273,0.01425825,-0.5136098,-0.001,-0.001,-0.001,1,-1,-1,0.03335835,0.00185553,-0.02321852,0.03335835,0.00185553,-0.02321852,0,0,0,0,0,0,-1,-1,False,True,True
1669363,63779589552387,-13.58972,2.587634,-0.05382735,-0.07009917,0.8559811,0.0134456,-0.5120565,-0.001,-0.001,-0.001,1,-1,-1,0.03487993,0.0003169861,-0.02582042,0.03487993,0.0003169861,-0.02582042,0,0,0,0,0,0,-1,-1,False,True,True
1669371,63779589552387,-13.58972,2.587634,-0.05382735,-0.07009917,0.8559811,0.0134456,-0.5120565,-0.001,-0.001,-0.001,1,-1,-1,0.03504317,0.0002653351,-0.02606087,0.03504317,0.0002653351,-0.02606087,0,0,0,0,0,0,-1,-1,False,True,True
1669379,63779589552398,-13.58942,2.58776,-0.05409765,-0.07016946,0.857174,0.01193111,-0.510085,-0.001,-0.001,-0.001,1,-1,-1,0.03551877,0.0003506775,-0.02674385,0.03551877,0.0003506775,-0.02674385,0,0,0,0,0,0,-1,-1,False,True,True
1669388,63779589552409,-13.58909,2.587761,-0.05434662,-0.07043117,0.8585718,0.01020906,-0.5077299,-0.001,-0.001,-0.001,1,-1,-1,0.03557543,0.0003353119,-0.02687081,0.03557543,0.0003353119,-0.02687081,0,0,0,0,0,0,-1,-1,False,True,True
1669396,63779589552421,-13.58869,2.587831,-0.05468589,-0.07089207,0.8601332,0.008566437,-0.5050462,-0.001,-0.001,-0.001,1,-1,-1,0.03192226,0.0005838013,-0.02400971,0.03192226,0.0005838013,-0.02400971,0,0,0,0,0,0,-1,-1,False,True,True
1669404,63779589552421,-13.58869,2.587831,-0.05468589,-0.07089207,0.8601332,0.008566437,-0.5050462,-0.001,-0.001,-0.001,1,-1,-1,0.03192226,0.0005838013,-0.02400971,0.03192226,0.0005838013,-0.02400971,0,0,0,0,0,0,-1,-1,False,False,False
1669413,63779589552431,-13.58841,2.587913,-0.05509037,-0.07101938,0.8621213,0.007240843,-0.5016479,-0.001,-0.001,-0.001,1,-1,-1,0.03517943,0.0007411347,-0.0269368,0.03517943,0.0007411347,-0.0269368,0,0,0,0,0,0,-1,-1,False,True,True
1669421,63779589552443,-13.58814,2.587989,-0.05549467,-0.07088683,0.8640906,0.006486508,-0.4982776,-0.001,-0.001,-0.001,1,-1,-1,0.03562867,0.0003226013,-0.02699683,0.03562867,0.0003226013,-0.02699683,0,0,0,0,0,0,-1,-1,False,True,True
1669429,63779589552454,-13.5879,2.588084,-0.05595797,-0.07075957,0.86599,0.006168775,-0.4949914,-0.001,-0.001,-0.001,1,-1,-1,0.03195114,0.0005485077,-0.02402841,0.03195114,0.0005485077,-0.02402841,0,0,0,0,0,0,-1,-1,False,True,True
1669438,63779589552454,-13.5879,2.588084,-0.05595797,-0.07075957,0.86599,0.006168775,-0.4949914,-0.001,-0.001,-0.001,1,-1,-1,0.03189459,0.0004450073,-0.02405988,0.03189459,0.0004450073,-0.02405988,0,0,0,0,0,0,-1,-1,False,True,True
1669446,63779589552465,-13.5876,2.588088,-0.05638784,-0.07068284,0.8677264,0.005971342,-0.4919546,-0.001,-0.001,-0.001,1,-1,-1,0.03184445,0.0006016541,-0.02400702,0.03184445,0.0006016541,-0.02400702,0,0,0,0,0,0,-1,-1,False,True,True
1669454,63779589552477,-13.58739,2.587956,-0.05677545,-0.07093237,0.8693452,0.006069096,-0.4890508,-0.001,-0.001,-0.001,1,-1,-1,0.03184445,0.0006016541,-0.02400702,0.03184445,0.0006016541,-0.02400702,0,0,0,0,0,0,-1,-1,False,False,False
1669463,63779589552487,-13.58714,2.587938,-0.05717278,-0.07161433,0.8708979,0.006224676,-0.4861785,-0.001,-0.001,-0.001,1,-1,-1,0.0355509,0.0003519593,-0.02680528,0.0355509,0.0003519593,-0.02680528,0,0,0,0,0,0,-1,-1,False,True,True
1669471,63779589552487,-13.58714,2.587938,-0.05717278,-0.07161433,0.8708979,0.006224676,-0.4861785,-0.001,-0.001,-0.001,1,-1,-1,0.03488629,0.0003976441,-0.02696329,0.03488629,0.0003976441,-0.02696329,0,0,0,0,0,0,-1,-1,False,True,True
1669479,63779589552498,-13.58693,2.587974,-0.05754912,-0.07203793,0.8722324,0.007294842,-0.4837024,-0.001,-0.001,-0.001,1,-1,-1,0.03496476,0.0006058045,-0.02687134,0.03496476,0.0006058045,-0.02687134,0,0,0,0,0,0,-1,-1,False,True,True
1669488,63779589552509,-13.58672,2.588076,-0.05785972,-0.07247345,0.873398,0.008217006,-0.4815144,-0.001,-0.001,-0.001,1,-1,-1,0.03564789,0.0004741059,-0.02688852,0.03564789,0.0004741059,-0.02688852,0,0,0,0,0,0,-1,-1,False,True,True
1669496,63779589552520,-13.58657,2.588195,-0.05815476,-0.07281925,0.8743189,0.00958922,-0.4797623,-0.001,-0.001,-0.001,1,-1,-1,0.03515135,0.0004973145,-0.02708421,0.03515135,0.0004973145,-0.02708421,0,0,0,0,0,0,-1,-1,False,True,True
1669504,63779589552520,-13.58657,2.588195,-0.05815476,-0.07281925,0.8743189,0.00958922,-0.4797623,-0.001,-0.001,-0.001,1,-1,-1,0.03575305,0.0003036194,-0.0270425,0.03575305,0.0003036194,-0.0270425,0,0,0,0,0,0,-1,-1,False,True,True
1669513,63779589552532,-13.5864,2.588223,-0.05833942,-0.07299863,0.8749667,0.01050434,-0.4785333,-0.001,-0.001,-0.001,1,-1,-1,0.03379918,-4.542542E-05,-0.02420415,0.03379918,-4.542542E-05,-0.02420415,0,0,0,0,0,0,-1,-1,False,True,True
1669521,63779589552543,-13.58633,2.588348,-0.05849224,-0.07305446,0.8755186,0.01105577,-0.4775018,-0.001,-0.001,-0.001,1,-1,-1,0.03369615,-7.83844E-05,-0.0242869,0.03369615,-7.83844E-05,-0.0242869,0,0,0,0,0,0,-1,-1,False,True,True
1669529,63779589552554,-13.58622,2.588393,-0.05856729,-0.0725798,0.8757637,0.01151649,-0.4771138,-0.001,-0.001,-0.001,1,-1,-1,0.03567082,0.0006812745,-0.02675804,0.03567082,0.0006812745,-0.02675804,0,0,0,0,0,0,-1,-1,False,True,True
1669538,63779589552554,-13.58622,2.588393,-0.05856729,-0.0725798,0.8757637,0.01151649,-0.4771138,-0.001,-0.001,-0.001,1,-1,-1,0.03593004,0.0007524872,-0.02729663,0.03593004,0.0007524872,-0.02729663,0,0,0,0,0,0,-1,-1,False,True,True
1669546,63779589552565,-13.58613,2.588337,-0.05863005,-0.07228325,0.8759259,0.01196566,-0.4768498,-0.001,-0.001,-0.001,1,-1,-1,0.03236398,0.0008048859,-0.0239885,0.03236398,0.0008048859,-0.0239885,0,0,0,0,0,0,-1,-1,False,True,True
1669554,63779589552576,-13.58606,2.588282,-0.05868632,-0.07204486,0.8758166,0.01236906,-0.4770762,-0.001,-0.001,-0.001,1,-1,-1,0.03360617,0.0002675781,-0.02418143,0.03360617,0.0002675781,-0.02418143,0,0,0,0,0,0,-1,-1,False,True,True
1669563,63779589552587,-13.58602,2.588301,-0.05866444,-0.07201549,0.8756912,0.01228717,-0.477313,-0.001,-0.001,-0.001,1,-1,-1,0.03636647,0.001381226,-0.0298235,0.03636647,0.001381226,-0.0298235,0,0,0,0,0,0,-1,-1,False,True,True
1669571,63779589552587,-13.58602,2.588301,-0.05866444,-0.07201549,0.8756912,0.01228717,-0.477313,-0.001,-0.001,-0.001,1,-1,-1,0.03636647,0.001381226,-0.0298235,0.03636647,0.001381226,-0.0298235,0,0,0,0,0,0,-1,-1,False,False,False
1669579,63779589552598,-13.58601,2.588299,-0.05860865,-0.07196587,0.8753766,0.01198749,-0.4779048,-0.001,-0.001,-0.001,1,-1,-1,0.03222957,0.00101059,-0.02395692,0.03222957,0.00101059,-0.02395692,0,0,0,0,0,0,-1,-1,False,True,True
1669588,63779589552609,-13.58604,2.588355,-0.05848569,-0.07175335,0.8749319,0.01156936,-0.4787607,-0.001,-0.001,-0.001,1,-1,-1,0.03271817,0.002993347,-0.02325029,0.03271817,0.002993347,-0.02325029,0,0,0,0,0,0,-1,-1,False,True,True
1669596,63779589552620,-13.58604,2.588351,-0.05826831,-0.07122388,0.8742207,0.0110407,-0.4801494,-0.001,-0.001,-0.001,1,-1,-1,0.03318518,0.002833298,-0.02359075,0.03318518,0.002833298,-0.02359075,0,0,0,0,0,0,-1,-1,False,True,True
1669604,63779589552631,-13.5861,2.588319,-0.05806458,-0.070577,0.8734324,0.01056719,-0.4816878,-0.001,-0.001,-0.001,1,-1,-1,0.03283434,0.002709885,-0.02367494,0.03283434,0.002709885,-0.02367494,0,0,0,0,0,0,-1,-1,False,True,True
1669613,63779589552631,-13.5861,2.588319,-0.05806458,-0.070577,0.8734324,0.01056719,-0.4816878,-0.001,-0.001,-0.001,1,-1,-1,0.03044556,0.002682907,-0.01813455,0.03044556,0.002682907,-0.01813455,0,0,0,0,0,0,-1,-1,False,True,True
1669621,63779589552642,-13.58617,2.588277,-0.05783689,-0.07012213,0.8726777,0.0100655,-0.4831305,-0.001,-0.001,-0.001,1,-1,-1,0.03086113,0.002817978,-0.02247719,0.03086113,0.002817978,-0.02247719,0,0,0,0,0,0,-1,-1,False,True,True
1669629,63779589552653,-13.58627,2.58819,-0.05760211,-0.06988785,0.8716909,0.009671623,-0.4849506,-0.001,-0.001,-0.001,1,-1,-1,0.03089852,0.003974183,-0.0235121,0.03089852,0.003974183,-0.0235121,0,0,0,0,0,0,-1,-1,False,True,True
1669638,63779589552665,-13.58638,2.588078,-0.05740023,-0.06988567,0.8707276,0.009498624,-0.4866819,-0.001,-0.001,-0.001,1,-1,-1,0.03173262,0.001725388,-0.0166198,0.03173262,0.001725388,-0.0166198,0,0,0,0,0,0,-1,-1,False,True,True
1669646,63779589552665,-13.58638,2.588078,-0.05740023,-0.06988567,0.8707276,0.009498624,-0.4866819,-0.001,-0.001,-0.001,1,-1,-1,0.03103305,0.004116287,-0.02592748,0.03103305,0.004116287,-0.02592748,0,0,0,0,0,0,-1,-1,False,True,True
1669654,63779589552676,-13.58645,2.588032,-0.05714047,-0.06986438,0.8696904,0.009341889,-0.4885391,-0.001,-0.001,-0.001,1,-1,-1,0.03070987,0.002365219,-0.009455658,0.03070987,0.002365219,-0.009455658,0,0,0,0,0,0,-1,-1,False,True,True
1669663,63779589552687,-13.58664,2.587964,-0.05680037,-0.06973154,0.8686054,0.009174181,-0.4904875,-0.001,-0.001,-0.001,1,-1,-1,0.03104584,0.003968964,-0.02525946,0.03104584,0.003968964,-0.02525946,0,0,0,0,0,0,-1,-1,False,True,True
1669671,63779589552698,-13.58675,2.58791,-0.05645138,-0.06948104,0.8671634,0.009079373,-0.4930695,-0.001,-0.001,-0.001,1,-1,-1,0.03109499,0.004033493,-0.02559364,0.03109499,0.004033493,-0.02559364,0,0,0,0,0,0,-1,-1,False,True,True
1669679,63779589552698,-13.58675,2.58791,-0.05645138,-0.06948104,0.8671634,0.009079373,-0.4930695,-0.02722159,0.004460907,-0.0259581,0.08653259,0.002548218,0.9962311,0.03109407,0.003978027,-0.02552948,0.03109407,0.003978027,-0.02552948,0.05172729,-0.05363464,0.9972076,0.05172729,-0.05363464,0.9972076,5.184708,5.184708,True,True,True
1669688,63779589552709,-13.58693,2.587892,-0.05613399,-0.06945228,0.8657148,0.009143865,-0.4956114,-0.02722665,0.004616303,-0.02676459,0.07624817,-0.04078674,0.9962463,0.0311716,0.003625076,-0.02435982,0.0311716,0.003625076,-0.02435982,0.0721283,-0.002182007,0.9973907,0.0721283,-0.002182007,0.9973907,5.300369,5.300369,True,True,True
1669696,63779589552720,-13.58715,2.587893,-0.05583751,-0.06956127,0.8642606,0.009604704,-0.4981192,-0.02716156,0.004411255,-0.025955,0.06596375,-0.0161438,0.9976807,0.03109686,0.003913025,-0.02533043,0.03109686,0.003913025,-0.02533043,0.04751587,-0.01785278,0.998703,0.04751587,-0.01785278,0.998703,5.351608,5.351608,True,True,True
1669704,63779589552731,-13.58737,2.587824,-0.05550164,-0.06977108,0.8628311,0.01016909,-0.5005509,-0.02713121,0.004359085,-0.02585364,0.06710815,0.006973267,0.9977112,0.03120783,0.003565079,-0.02434752,0.03120783,0.003565079,-0.02434752,0.06787109,0.01887512,0.9975128,0.06787109,0.01887512,0.9975128,5.433472,5.433472,True,True,True
1669713,63779589552731,-13.58737,2.587824,-0.05550164,-0.06977108,0.8628311,0.01016909,-0.5005509,-0.02711633,0.004384766,-0.02599085,0.05940247,-0.02033997,0.9980164,0.03123952,0.003469742,-0.02398515,0.03123952,0.003469742,-0.02398515,0.07260132,-0.006271362,0.9973297,0.07260132,-0.006271362,0.9973297,5.26265,5.26265,True,True,True
1669721,63779589552742,-13.58755,2.587822,-0.05520737,-0.07046522,0.8612478,0.01080071,-0.5031603,-0.02706745,0.004262466,-0.02559381,0.05487061,0.01179504,0.9984131,0.03125137,0.003499893,-0.02422917,0.03125137,0.003499893,-0.02422917,0.07225037,0.03504944,0.9967651,0.07225037,0.03504944,0.9967651,5.405762,5.405762,True,True,True
1669729,63779589552753,-13.58777,2.587779,-0.05492741,-0.07086792,0.8596851,0.01127804,-0.5057588,-0.02709853,0.004497849,-0.02641232,0.03977966,-0.03111267,0.9987183,0.03127809,0.003414643,-0.02402707,0.03127809,0.003414643,-0.02402707,0.08052063,0.008331299,0.9967041,0.08052063,0.008331299,0.9967041,5.253006,5.253006,True,True,True
1669738,63779589552765,-13.58795,2.587806,-0.05462152,-0.07093153,0.8582333,0.01156762,-0.5082031,-0.02704567,0.004369278,-0.02594032,0.04043579,-0.06034851,0.997345,0.03130612,0.003454712,-0.02411067,0.03130612,0.003454712,-0.02411067,0.0763092,0.008544922,0.9970398,0.0763092,0.008544922,0.9970398,5.310257,5.310257,True,True,True
1669746,63779589552765,-13.58795,2.587806,-0.05462152,-0.07093153,0.8582333,0.01156762,-0.5082031,-0.02566039,0.004709717,-0.02750032,0.01199341,-0.03274536,0.9993896,0.03135466,0.003349793,-0.0239689,0.03135466,0.003349793,-0.0239689,0.07615662,0.02658081,0.9967346,0.07615662,0.02658081,0.9967346,5.402878,5.402878,True,True,True
1669754,63779589552776,-13.58815,2.587816,-0.05435467,-0.0705254,0.8568401,0.01187791,-0.5105979,0.0160699,0.003680374,-0.02468215,0.06634521,-0.001342773,0.9977875,0.03135016,0.003429688,-0.02419367,0.03135016,0.003429688,-0.02419367,0.08016968,0.001861572,0.9967651,0.08016968,0.001861572,0.9967651,5.338806,5.338806,True,True,True
1669763,63779589552787,-13.58837,2.587773,-0.05407643,-0.07014285,0.8555183,0.01199879,-0.5128591,0.03116963,0.003518067,-0.02457736,0.0604248,-0.02896118,0.9977417,0.03135167,0.00351561,-0.02457362,0.03135167,0.00351561,-0.02457362,0.06054688,-0.02893066,0.9977417,0.06054688,-0.02893066,0.9977417,4.968277,4.968277,True,True,True
1669771,63779589552798,-13.58858,2.587769,-0.0537923,-0.06956564,0.8541099,0.01190849,-0.5152815,0.03123149,0.00330719,-0.02408687,0.08818054,0.05444336,0.9946136,0.03126371,0.003306488,-0.02408516,0.03126371,0.003306488,-0.02408516,0.08822632,0.05450439,0.9945984,0.08822632,0.05450439,0.9945984,5.424332,5.424332,True,True,True
1669779,63779589552798,-13.58858,2.587769,-0.0537923,-0.06956564,0.8541099,0.01190849,-0.5152815,0.03076927,0.003263428,-0.02381674,0.1179047,0.03633118,0.9923553,0.03077058,0.003263397,-0.02381668,0.03077058,0.003263397,-0.02381668,0.1179047,0.03633118,0.9923553,0.1179047,0.03633118,0.9923553,5.447556,5.447556,True,True,True
1669788,63779589552809,-13.58881,2.587783,-0.05346894,-0.06935088,0.8527726,0.01190265,-0.5175207,0.03003258,0.00293367,-0.02279498,0.1182098,0.05181885,0.9916229,0.03009781,0.002932221,-0.02279129,0.03009781,0.002932221,-0.02279129,0.1181183,0.05187988,0.9916382,0.1181183,0.05187988,0.9916382,5.363632,5.363632,True,True,True
1669796,63779589552820,-13.58898,2.587783,-0.05326587,-0.06929591,0.8513682,0.01199276,-0.5198331,0.02948973,0.003198105,-0.02397188,0.1630402,0.05709839,0.9849548,0.02958701,0.003196335,-0.02396814,0.02958701,0.003196335,-0.02396814,0.1628876,0.05714417,0.9849854,0.1628876,0.05714417,0.9849854,5.195831,5.195831,True,True,True
1669804,63779589552831,-13.58909,2.587742,-0.05303377,-0.06932683,0.8501669,0.01230266,-0.5217841,0.02897949,0.003348877,-0.0240873,0.2514801,0.04360962,0.9668732,0.02925159,0.003344483,-0.02407689,0.02925159,0.003344483,-0.02407689,0.2512207,0.04382324,0.9669342,0.2512207,0.04382324,0.9669342,5.327301,5.327301,True,True,True
1669813,63779589552831,-13.58909,2.587742,-0.05303377,-0.06932683,0.8501669,0.01230266,-0.5217841,0.02863843,0.003432038,-0.02419746,0.2966156,0.06240845,0.9529419,0.02896648,0.003426895,-0.02418465,0.02896648,0.003426895,-0.02418465,0.2962189,0.06251526,0.953064,0.2962189,0.06251526,0.953064,5.38504,5.38504,True,True,True
1669821,63779589552843,-13.58925,2.587804,-0.05291605,-0.06909057,0.8490707,0.01287234,-0.5235837,0.02783711,0.003487351,-0.02433516,0.3407135,0.09138489,0.9356995,0.02872313,0.003473541,-0.02430077,0.02872313,0.003473541,-0.02430077,0.3396149,0.09240723,0.9360046,0.3396149,0.09240723,0.9360046,5.298447,5.298447,True,True,True
1669829,63779589552854,-13.58937,2.58788,-0.05280018,-0.06868278,0.8481082,0.01325077,-0.5251855,-0.001048828,0.003896668,-0.02554727,0.4120483,0.07487488,0.9080658,0.02850647,0.003500565,-0.02437808,0.02850647,0.003500565,-0.02437808,0.3756866,0.0803833,0.9232483,0.3756866,0.0803833,0.9232483,5.259598,5.259598,True,True,True
1669838,63779589552865,-13.58951,2.587865,-0.05268359,-0.06817079,0.8472354,0.01337838,-0.5266556,-0.004536454,0.00405098,-0.02575308,0.4343567,0.06451416,0.898407,0.02832088,0.003542237,-0.02446523,0.02832088,0.003542237,-0.02446523,0.3975372,0.08952332,0.9131927,0.3975372,0.08952332,0.9131927,5.318924,5.318924,True,True,True
1669846,63779589552865,-13.58951,2.587865,-0.05268359,-0.06817079,0.8472354,0.01337838,-0.5266556,-0.01523041,0.004244599,-0.02625762,0.4803162,0.0632782,0.8748016,0.02823744,0.003557602,-0.02452669,0.02823744,0.003557602,-0.02452669,0.4141083,0.1094818,0.9036102,0.4141083,0.1094818,0.9036102,5.351852,5.351852,True,True,True
1669854,63779589552876,-13.58962,2.587924,-0.05262679,-0.06760053,0.846596,0.01347554,-0.5277535,-0.02742848,0.004440216,-0.02671912,0.4810333,0.06387329,0.8743591,0.02826805,0.003539551,-0.02450585,0.02826805,0.003539551,-0.02450585,0.4132843,0.1018066,0.9048767,0.4132843,0.1018066,0.9048767,5.415726,5.415726,True,True,True
1669863,63779589552887,-13.58965,2.587932,-0.05262321,-0.06716488,0.8459898,0.01354311,-0.5287786,-0.02671622,0.004393387,-0.02665469,0.4589996,0.05065918,0.8869781,0.02833235,0.003524872,-0.0244924,0.02833235,0.003524872,-0.0244924,0.4153137,0.1091614,0.9030914,0.4153137,0.1091614,0.9030914,5.448746,5.448746,True,True,True
1669871,63779589552898,-13.58968,2.587952,-0.05270058,-0.06681748,0.8455933,0.01356683,-0.5294557,0.01528987,0.003720154,-0.02499159,0.4221039,0.09274292,0.9017792,0.02834099,0.003511093,-0.02446814,0.02834099,0.003511093,-0.02446814,0.4083862,0.1024017,0.9070435,0.4083862,0.1024017,0.9070435,5.488953,5.488953,True,True,True
1669879,63779589552898,-13.58968,2.587952,-0.05270058,-0.06681748,0.8455933,0.01356683,-0.5294557,0.0136093,0.003743042,-0.025049,0.427597,0.08702087,0.899765,0.02835692,0.003508148,-0.02445996,0.02835692,0.003508148,-0.02445996,0.4177246,0.09458923,0.9036255,0.4177246,0.09458923,0.9036255,5.501709,5.501709,True,True,True
1669888,63779589552909,-13.5897,2.587977,-0.05279648,-0.06634377,0.8453927,0.01359142,-0.5298348,0.01081552,0.003763687,-0.02515584,0.4171753,0.09156799,0.9041901,0.02836395,0.003478348,-0.02445474,0.02836395,0.003478348,-0.02445474,0.3994141,0.1067657,0.9105225,0.3994141,0.1067657,0.9105225,5.359726,5.359726,True,True,True
1669896,63779589552920,-13.58967,2.588021,-0.05291778,-0.06591708,0.8453994,0.0138146,-0.5298716,0.008965836,0.003787781,-0.02521135,0.4161377,0.08049011,0.9057159,0.02837473,0.00347847,-0.02443945,0.02837473,0.00347847,-0.02443945,0.3966064,0.102005,0.9122925,0.3966064,0.102005,0.9122925,5.460587,5.460587,True,True,True
1669904,63779589552931,-13.58968,2.588038,-0.05301541,-0.06545867,0.8453801,0.01402135,-0.5299538,0.007325974,0.003803269,-0.02526224,0.4154358,0.07051086,0.9068756,0.02839517,0.003475388,-0.02442955,0.02839517,0.003475388,-0.02442955,0.3980103,0.09866333,0.9120483,0.3980103,0.09866333,0.9120483,5.42807,5.42807,True,True,True
1669913,63779589552931,-13.58968,2.588038,-0.05301541,-0.06545867,0.8453801,0.01402135,-0.5299538,0.007074768,0.003800018,-0.02527208,0.4188385,0.06944275,0.9053802,0.02840921,0.003470963,-0.02442058,0.02840921,0.003470963,-0.02442058,0.3995819,0.09483337,0.9117584,0.3995819,0.09483337,0.9117584,5.45903,5.45903,True,True,True
1669921,63779589552943,-13.58966,2.588011,-0.05308717,-0.06525797,0.8454193,0.014377,-0.5299065,0.007036911,0.003793366,-0.02526579,0.4121399,0.07351685,0.9081421,0.02841718,0.003470993,-0.02441271,0.02841718,0.003470993,-0.02441271,0.3942719,0.0974884,0.9138031,0.3942719,0.0974884,0.9138031,5.490189,5.490189,True,True,True
1669929,63779589552954,-13.58961,2.587966,-0.05318522,-0.06523842,0.8454913,0.01472518,-0.5297844,0.00703653,0.003793503,-0.02526712,0.4118347,0.07562256,0.9081116,0.02842032,0.003471909,-0.02441152,0.02842032,0.003471909,-0.02441152,0.3942261,0.09764099,0.9138031,0.3942261,0.09764099,0.9138031,5.466797,5.466797,True,True,True
1669938,63779589552964,-13.58946,2.587903,-0.05331391,-0.06547258,0.8455687,0.01505378,-0.5296229,0.006903687,0.003795838,-0.0252751,0.4110107,0.07943726,0.9081421,0.02842346,0.003472824,-0.02441031,0.02842346,0.003472824,-0.02441031,0.3944702,0.09672546,0.9137878,0.3944702,0.09672546,0.9137878,5.47319,5.47319,True,True,True
1669946,63779589552964,-13.58946,2.587903,-0.05331391,-0.06547258,0.8455687,0.01505378,-0.5296229,0.007097611,0.003790924,-0.02526114,0.409256,0.0761261,0.9092255,0.02842368,0.003473206,-0.02440763,0.02842368,0.003473206,-0.02440763,0.394455,0.09571838,0.9139099,0.394455,0.09571838,0.9139099,5.480316,5.480316,True,True,True
1669954,63779589552976,-13.58931,2.587852,-0.05340326,-0.06581368,0.8456774,0.01504209,-0.5294072,0.00693161,0.003795105,-0.02526387,0.4093475,0.07371521,0.9093781,0.02842389,0.003473587,-0.02440495,0.02842389,0.003473587,-0.02440495,0.3946228,0.09620667,0.9137878,0.3946228,0.09620667,0.9137878,5.473038,5.473038,True,True,True
1669963,63779589552987,-13.58917,2.587785,-0.05348521,-0.065974,0.8458508,0.01513164,-0.5291076,0.006753876,0.003803147,-0.0252731,0.4111481,0.07485962,0.9084778,0.02842447,0.003473923,-0.02440372,0.02842447,0.003473923,-0.02440372,0.3953247,0.09611511,0.9134827,0.3953247,0.09611511,0.9134827,5.463455,5.463455,True,True,True
1669971,63779589552997,-13.58901,2.587765,-0.05365783,-0.06603029,0.8460959,0.0149632,-0.5287133,0.005611603,0.003827194,-0.02531561,0.4129486,0.07159424,0.9079285,0.02842507,0.003474259,-0.02440248,0.02842507,0.003474259,-0.02440248,0.3949432,0.09585571,0.913681,0.3949432,0.09585571,0.913681,5.472977,5.472977,True,True,True
1669979,63779589552997,-13.58901,2.587765,-0.05365783,-0.06603029,0.8460959,0.0149632,-0.5287133,0.006346329,0.003825882,-0.02527713,0.4146576,0.0670166,0.9075012,0.02842594,0.003475357,-0.02440167,0.02842594,0.003475357,-0.02440167,0.3949432,0.09469604,0.9138031,0.3949432,0.09469604,0.9138031,5.46553,5.46553,True,True,True
1669988,63779589553009,-13.58887,2.587743,-0.05371451,-0.06594012,0.846431,0.01488742,-0.5281904,0.006715043,0.003825928,-0.02526485,0.4140625,0.06999207,0.907547,0.02842682,0.003476456,-0.02440085,0.02842682,0.003476456,-0.02440085,0.3949585,0.09378052,0.9138794,0.3949585,0.09378052,0.9138794,5.458282,5.458282,True,True,True
1669996,63779589553020,-13.58869,2.5878,-0.05378515,-0.06578473,0.8467183,0.01471972,-0.5277535,0.006969864,0.003822617,-0.02525534,0.4154816,0.06867981,0.9069977,0.02842594,0.003476944,-0.02440038,0.02842594,0.003476944,-0.02440038,0.3948669,0.09373474,0.9139252,0.3948669,0.09373474,0.9139252,5.454666,5.454666,True,True,True
1670004,63779589553031,-13.5885,2.587906,-0.05382371,-0.06560662,0.8469948,0.01475664,-0.5273309,0.007250534,0.003816635,-0.02524303,0.4142303,0.06912231,0.9075317,0.02842507,0.003477417,-0.02439989,0.02842507,0.003477417,-0.02439989,0.3947906,0.09371948,0.9139709,0.3947906,0.09371948,0.9139709,5.45253,5.45253,True,True,True
1670013,63779589553031,-13.5885,2.587906,-0.05382371,-0.06560662,0.8469948,0.01475664,-0.5273309,0.007148514,0.0038107,-0.02524985,0.4116364,0.07011414,0.9086456,0.02842447,0.0034776,-0.02439816,0.02842447,0.0034776,-0.02439816,0.3952942,0.09411621,0.9137115,0.3952942,0.09411621,0.9137115,5.45285,5.45285,True,True,True
1670021,63779589553042,-13.58832,2.587976,-0.05385166,-0.06553894,0.8472885,0.01483925,-0.526865,0.007177338,0.003810532,-0.02525475,0.4138184,0.07460022,0.9072876,0.02842389,0.003477799,-0.02439644,0.02842389,0.003477799,-0.02439644,0.3957825,0.09443665,0.9134674,0.3957825,0.09443665,0.9134674,5.452576,5.452576,True,True,True
1670029,63779589553054,-13.58812,2.588041,-0.0539602,-0.06567886,0.8475681,0.01494304,-0.5263946,0.006690247,0.003820847,-0.02525348,0.4070587,0.07626343,0.910202,0.028469,0.003484375,-0.02436615,0.028469,0.003484375,-0.02436615,0.3860168,0.09509277,0.9175568,0.3860168,0.09509277,0.9175568,5.392944,5.392944,True,True,True
1670038,63779589553064,-13.58799,2.588088,-0.05403125,-0.06586742,0.8479272,0.01511767,-0.5257874,0.005451279,0.003787369,-0.02523793,0.3820648,0.08618164,0.920105,0.02867415,0.003473953,-0.02429836,0.02867415,0.003473953,-0.02429836,0.3529053,0.09906006,0.9303894,0.3529053,0.09906006,0.9303894,5.435684,5.435684,True,True,True
1670046,63779589553064,-13.58799,2.588088,-0.05403125,-0.06586742,0.8479272,0.01511767,-0.5257874,0.005148789,0.003841049,-0.02518176,0.3492432,0.07440186,0.9340668,0.02885639,0.003463059,-0.02423726,0.02885639,0.003463059,-0.02423726,0.3295441,0.09568787,0.93927,0.3295441,0.09568787,0.93927,5.439224,5.439224,True,True,True
1670054,63779589553076,-13.58781,2.588163,-0.05409282,-0.06599896,0.8482797,0.01544462,-0.5251927,0.004425339,0.003858338,-0.02519379,0.3486938,0.07524109,0.9342041,0.02890997,0.003459381,-0.02422121,0.02890997,0.003459381,-0.02422121,0.3236847,0.09536743,0.9413452,0.3236847,0.09536743,0.9413452,5.474655,5.474655,True,True,True
1670063,63779589553087,-13.58764,2.588263,-0.05414724,-0.06589201,0.848617,0.01560998,-0.5246558,0.00420398,0.003860977,-0.02519307,0.3436737,0.0703125,0.9364471,0.02889702,0.003456558,-0.02421431,0.02889702,0.003456558,-0.02421431,0.3208618,0.08976746,0.9428558,0.3208618,0.08976746,0.9428558,5.331894,5.331894,True,True,True
1670071,63779589553098,-13.58751,2.588309,-0.05412298,-0.06584208,0.8489344,0.01600138,-0.5241366,0.009899232,0.003776673,-0.02497902,0.3434296,0.08058167,0.9356995,0.02887999,0.003469452,-0.02422769,0.02887999,0.003469452,-0.02422769,0.3261566,0.09744263,0.9402771,0.3261566,0.09744263,0.9402771,5.361191,5.361191,True,True,True
1670079,63779589553098,-13.58751,2.588309,-0.05412298,-0.06584208,0.8489344,0.01600138,-0.5241366,0.01226837,0.00373822,-0.02487731,0.3404388,0.07707214,0.937088,0.02887732,0.003471527,-0.02422019,0.02887732,0.003471527,-0.02422019,0.3298187,0.08822632,0.9398956,0.3298187,0.08822632,0.9398956,5.403885,5.403885,True,True,True
1670088,63779589553109,-13.58742,2.588465,-0.05421615,-0.06589261,0.8492482,0.01650517,-0.523606,0.01306101,0.003726776,-0.02484583,0.3392639,0.07827759,0.9374237,0.02887656,0.003473328,-0.02421912,0.02887656,0.003473328,-0.02421912,0.3280487,0.08888245,0.9404602,0.3280487,0.08888245,0.9404602,5.376328,5.376328,True,True,True
1670096,63779589553120,-13.58731,2.588598,-0.05434799,-0.06591422,0.8495196,0.01720687,-0.5231403,0.01278189,0.003732529,-0.02485629,0.3404083,0.07901001,0.9369354,0.02887578,0.003475113,-0.02421803,0.02887578,0.003475113,-0.02421803,0.3279572,0.08982849,0.9403992,0.3279572,0.08982849,0.9403992,5.381622,5.381622,True,True,True
1670104,63779589553131,-13.58715,2.588792,-0.05444694,-0.06601753,0.8497707,0.01799573,-0.5226926,0.01081178,0.003763382,-0.02493425,0.3418732,0.08000183,0.9363251,0.02887226,0.003474228,-0.02421753,0.02887226,0.003474228,-0.02421753,0.3276825,0.09301758,0.9401855,0.3276825,0.09301758,0.9401855,5.387451,5.387451,True,True,True
1670113,63779589553131,-13.58715,2.588792,-0.05444694,-0.06601753,0.8497707,0.01799573,-0.5226926,0.008229661,0.003804108,-0.02503728,0.3438416,0.07991028,0.9356079,0.02886873,0.003473328,-0.02421803,0.02886873,0.003473328,-0.02421803,0.3273468,0.09562683,0.9400482,0.3273468,0.09562683,0.9400482,5.38562,5.38562,True,True,True
1670121,63779589553142,-13.58702,2.58892,-0.0545271,-0.06586815,0.8500957,0.01879355,-0.5221547,0.006676529,0.003819885,-0.02510437,0.3512878,0.07905579,0.9329071,0.02885485,0.003458451,-0.02422606,0.02885485,0.003458451,-0.02422606,0.3372955,0.09622192,0.9364624,0.3372955,0.09622192,0.9364624,5.391922,5.391922,True,True,True
1670129,63779589553153,-13.58688,2.588965,-0.05459052,-0.06553916,0.8503746,0.01957027,-0.5217133,0.006161698,0.003820007,-0.02512352,0.3485718,0.07931519,0.9339142,0.02885198,0.003444687,-0.02422275,0.02885198,0.003444687,-0.02422275,0.3342743,0.09719849,0.937439,0.3342743,0.09719849,0.937439,5.353271,5.353271,True,True,True
1670138,63779589553164,-13.58663,2.588958,-0.054658,-0.06501657,0.8506269,0.02028451,-0.5213398,0.006229187,0.003813813,-0.02511385,0.3452911,0.07719421,0.9353027,0.02884995,0.00343634,-0.0242108,0.02884995,0.00343634,-0.0242108,0.3284302,0.09364319,0.9398651,0.3284302,0.09364319,0.9398651,5.358398,5.358398,True,True,True
1670146,63779589553164,-13.58663,2.588958,-0.054658,-0.06501657,0.8506269,0.02028451,-0.5213398,0.006214783,0.003814835,-0.02511488,0.3486023,0.07615662,0.9341583,0.02884865,0.003437622,-0.02421111,0.02884865,0.003437622,-0.02421111,0.3334045,0.09199524,0.9382782,0.3334045,0.09199524,0.9382782,5.346497,5.346497,True,True,True
1670154,63779589553176,-13.58646,2.589007,-0.05476254,-0.06459459,0.8507763,0.02093967,-0.5211226,0.006193649,0.003816284,-0.02511633,0.3517151,0.07704163,0.9329224,0.02884735,0.003438889,-0.02421141,0.02884735,0.003438889,-0.02421141,0.3386078,0.0934906,0.936264,0.3386078,0.0934906,0.936264,5.362915,5.362915,True,True,True
1670163,63779589553186,-13.5863,2.589106,-0.05485332,-0.06429406,0.8508859,0.02141514,-0.5209615,0.006315781,0.003815216,-0.02511235,0.3505707,0.07844543,0.9332428,0.02884612,0.003440582,-0.02421222,0.02884612,0.003440582,-0.02421222,0.3369141,0.09570313,0.9366455,0.3369141,0.09570313,0.9366455,5.351486,5.351486,True,True,True
1670171,63779589553197,-13.58612,2.589201,-0.05488163,-0.06406877,0.8509427,0.02188042,-0.5208772,0.006340912,0.003815643,-0.02511095,0.3509064,0.07653809,0.9332581,0.02884487,0.003442276,-0.02421141,0.02884487,0.003442276,-0.02421141,0.3379517,0.09259033,0.9365845,0.3379517,0.09259033,0.9365845,5.361954,5.361954,True,True,True
1670179,63779589553197,-13.58612,2.589201,-0.05488163,-0.06406877,0.8509427,0.02188042,-0.5208772,0.006291275,0.003816452,-0.02511284,0.3518372,0.07598877,0.9329681,0.02884363,0.003442566,-0.02421111,0.02884363,0.003442566,-0.02421111,0.339859,0.09181213,0.9359741,0.339859,0.09181213,0.9359741,5.363449,5.363449,True,True,True
1670188,63779589553208,-13.58596,2.589217,-0.05487609,-0.06383218,0.850924,0.02228193,-0.5209198,0.006236939,0.003817124,-0.02511485,0.3531036,0.07566833,0.9325104,0.02884239,0.003442276,-0.0242108,0.02884239,0.003442276,-0.0242108,0.3417664,0.09126282,0.9353333,0.3417664,0.09126282,0.9353333,5.36525,5.36525,True,True,True
1670196,63779589553220,-13.58595,2.589274,-0.0548929,-0.06356899,0.85096,0.02239987,-0.520888,0.006220154,0.00381633,-0.02511518,0.3518524,0.07591248,0.9329529,0.02884174,0.003440582,-0.02421015,0.02884174,0.003440582,-0.02421015,0.3395844,0.09172058,0.9360809,0.3395844,0.09172058,0.9360809,5.36322,5.36322,True,True,True
1670204,63779589553231,-13.58593,2.589276,-0.05489343,-0.06327289,0.8510188,0.0223192,-0.5208314,0.006782089,0.003805924,-0.0250934,0.3527985,0.0765686,0.9325562,0.0288411,0.003438889,-0.02420947,0.0288411,0.003438889,-0.02420947,0.3414154,0.09202576,0.935379,0.3414154,0.09202576,0.935379,5.363129,5.363129,True,True,True
1670213,63779589553231,-13.58593,2.589276,-0.05489343,-0.06327289,0.8510188,0.0223192,-0.5208314,0.006721588,0.00380687,-0.02509608,0.3530579,0.07504272,0.9325714,0.02883858,0.003438889,-0.02420931,0.02883858,0.003438889,-0.02420931,0.3413849,0.09126282,0.9354706,0.3413849,0.09126282,0.9354706,5.356934,5.356934,True,True,True
1670221,63779589553242,-13.58585,2.589308,-0.05485785,-0.06264897,0.8510959,0.02225533,-0.5207837,0.006828476,0.003805039,-0.02509191,0.3535614,0.07452393,0.9324341,0.02883608,0.003438889,-0.02420914,0.02883608,0.003438889,-0.02420914,0.3413391,0.09051514,0.9355621,0.3413391,0.09051514,0.9355621,5.350693,5.350693,True,True,True
1670229,63779589553254,-13.58585,2.589344,-0.0548628,-0.0621787,0.8512442,0.02232964,-0.5205944,0.006754334,0.003803589,-0.02509496,0.3532562,0.07415771,0.9325714,0.02883487,0.003437622,-0.02420908,0.02883487,0.003437622,-0.02420908,0.3404236,0.09078979,0.9358673,0.3404236,0.09078979,0.9358673,5.356049,5.356049,True,True,True
1670238,63779589553264,-13.58579,2.589386,-0.05484384,-0.06175444,0.8513821,0.02235293,-0.5204184,0.006707856,0.003802551,-0.02509699,0.3542023,0.07415771,0.9322052,0.02883368,0.00343634,-0.02420902,0.02883368,0.00343634,-0.02420902,0.3407288,0.09111023,0.93573,0.3407288,0.09111023,0.93573,5.350769,5.350769,True,True,True
1670246,63779589553264,-13.58579,2.589386,-0.05484384,-0.06175444,0.8513821,0.02235293,-0.5204184,0.006836945,0.003785278,-0.02509331,0.35289,0.07142639,0.9329224,0.0288327,0.00343515,-0.02420815,0.0288327,0.00343515,-0.02420815,0.339798,0.09114075,0.9360657,0.339798,0.09114075,0.9360657,5.348953,5.348953,True,True,True
1670254,63779589553275,-13.58575,2.589391,-0.05482799,-0.06163025,0.8514971,0.02218098,-0.5202523,0.006999008,0.003780228,-0.02508991,0.3569794,0.07029724,0.9314575,0.02883173,0.00343396,-0.02420728,0.02883173,0.00343396,-0.02420728,0.34021,0.09124756,0.9358978,0.34021,0.09124756,0.9358978,5.347672,5.347672,True,True,True
1670263,63779589553286,-13.58565,2.589358,-0.05479079,-0.06165694,0.8515842,0.02207357,-0.5201111,0.007269455,0.003772171,-0.02507903,0.3569336,0.06964111,0.9315186,0.02883045,0.003429947,-0.0242067,0.02883045,0.003429947,-0.0242067,0.3411102,0.08886719,0.9358063,0.3411102,0.08886719,0.9358063,5.336365,5.336365,True,True,True
1670271,63779589553298,-13.5856,2.589358,-0.05476844,-0.06173989,0.8517194,0.0218822,-0.5198879,0.007443741,0.003765442,-0.02507224,0.3565674,0.07093811,0.9315643,0.02882922,0.003425629,-0.02420647,0.02882922,0.003425629,-0.02420647,0.3413696,0.08970642,0.9356232,0.3413696,0.08970642,0.9356232,5.346771,5.346771,True,True,True
1670279,63779589553298,-13.5856,2.589358,-0.05476844,-0.06173989,0.8517194,0.0218822,-0.5198879,0.007461258,0.003764038,-0.02506993,0.3554993,0.07168579,0.9319153,0.02882842,0.003424759,-0.02420422,0.02882842,0.003424759,-0.02420422,0.3420715,0.08963013,0.935379,0.3420715,0.08963013,0.935379,5.337418,5.337418,True,True,True
1670288,63779589553309,-13.58554,2.589356,-0.05476999,-0.06182367,0.8518788,0.02166997,-0.5196257,0.007428894,0.003762756,-0.02507015,0.3563843,0.0718689,0.9315643,0.0288282,0.003421723,-0.02420238,0.0288282,0.003421723,-0.02420238,0.342804,0.08909607,0.9351654,0.342804,0.08909607,0.9351654,5.335052,5.335052,True,True,True
1670296,63779589553320,-13.58551,2.589329,-0.05479425,-0.06191953,0.8521211,0.02136569,-0.5192293,0.007287949,0.003762558,-0.02507536,0.3565674,0.0721283,0.9314728,0.02882445,0.00341803,-0.02420137,0.02882445,0.00341803,-0.02420137,0.3425751,0.08999634,0.9351654,0.3425751,0.08999634,0.9351654,5.335892,5.335892,True,True,True
1670304,63779589553331,-13.58543,2.589243,-0.05479211,-0.06208503,0.8523046,0.02109256,-0.5189194,0.00700853,0.003766342,-0.02508499,0.3565369,0.07176208,0.9315186,0.02882266,0.003417099,-0.0241985,0.02882266,0.003417099,-0.0241985,0.3426208,0.08937073,0.9352112,0.3426208,0.08937073,0.9352112,5.31514,5.31514,True,True,True
1670313,63779589553331,-13.58543,2.589243,-0.05479211,-0.06208503,0.8523046,0.02109256,-0.5189194,0.00666623,0.003771805,-0.02509821,0.3563995,0.07154846,0.9315796,0.02881981,0.003417099,-0.0241974,0.02881981,0.003417099,-0.0241974,0.3417664,0.08921814,0.9355316,0.3417664,0.08921814,0.9355316,5.302155,5.302155,True,True,True
1670321,63779589553342,-13.58539,2.589217,-0.05475521,-0.06243773,0.8524619,0.02104758,-0.5186206,0.006269531,0.003778137,-0.02511235,0.357605,0.0710144,0.9311523,0.02881815,0.003417099,-0.02419417,0.02881815,0.003417099,-0.02419417,0.3435669,0.08911133,0.9348755,0.3435669,0.08911133,0.9348755,5.303055,5.303055,True,True,True
1670329,63779589553353,-13.5853,2.589167,-0.05475372,-0.0628765,0.8525137,0.02106122,-0.5184819,0.006083679,0.003792511,-0.02512218,0.3643036,0.07493591,0.9282532,0.02880768,0.003436051,-0.02419824,0.02880768,0.003436051,-0.02419824,0.3543854,0.09622192,0.93013,0.3543854,0.09622192,0.93013,5.327164,5.327164,True,True,True
1670338,63779589553364,-13.58529,2.589142,-0.05471295,-0.06327753,0.8525853,0.02129808,-0.5183055,0.00603508,0.003744461,-0.02511658,0.3704376,0.07929993,0.9254608,0.02881513,0.003416992,-0.02418886,0.02881513,0.003416992,-0.02418886,0.3605347,0.08940125,0.9284363,0.3605347,0.08940125,0.9284363,5.309845,5.309845,True,True,True
1670346,63779589553364,-13.58529,2.589142,-0.05471295,-0.06327753,0.8525853,0.02129808,-0.5183055,0.006035263,0.003794373,-0.02511943,0.3665161,0.0700531,0.9277649,0.02881986,0.003431259,-0.02418431,0.02881986,0.003431259,-0.02418431,0.3601074,0.09231567,0.9283295,0.3601074,0.09231567,0.9283295,5.307175,5.307175,True,True,True
1670354,63779589553375,-13.58528,2.589095,-0.05470145,-0.06355199,0.8526676,0.02155821,-0.5181257,0.006112198,0.003797318,-0.02511693,0.3674927,0.07191467,0.9272308,0.02881589,0.003432572,-0.0241947,0.02881589,0.003432572,-0.0241947,0.3642426,0.1020966,0.9256744,0.3642426,0.1020966,0.9256744,5.360107,5.360107,True,True,True
1670363,63779589553386,-13.58523,2.588942,-0.05473697,-0.0637921,0.8527161,0.02176939,-0.5180077,0.005982041,0.003809296,-0.02510997,0.3617859,0.05964661,0.9303436,0.02884056,0.003442673,-0.02417511,0.02884056,0.003442673,-0.02417511,0.3517456,0.08560181,0.9321594,0.3517456,0.08560181,0.9321594,5.268661,5.268661,True,True,True
1670371,63779589553398,-13.58519,2.58889,-0.05476022,-0.06405626,0.8527745,0.02183787,-0.5178761,0.005779175,0.003799805,-0.02514807,0.361496,0.07429504,0.9293976,0.02880916,0.003410919,-0.02422269,0.02880916,0.003410919,-0.02422269,0.3463593,0.1086731,0.931778,0.3463593,0.1086731,0.931778,5.328354,5.328354,True,True,True
1670379,63779589553398,-13.58519,2.58889,-0.05476022,-0.06405626,0.8527745,0.02183787,-0.5178761,-0.0289581,0.00440477,-0.02648444,0.3768158,-0.03767395,0.9255066,0.02882578,0.003513153,-0.0242619,0.02882578,0.003513153,-0.0242619,0,0,0,0,0,0,-1,-1,True,True,True
1670388,63779589553409,-13.58513,2.588807,-0.05475032,-0.06403919,0.8528668,0.02189809,-0.5177236,-0.02899626,0.004663529,-0.02653409,0.4069061,-0.02442932,0.9131317,0.02892189,0.003586563,-0.02425725,0.02892189,0.003586563,-0.02425725,0,0,0,0,0,0,-1,-1,True,True,True
1670396,63779589553420,-13.58514,2.588727,-0.05475622,-0.06396352,0.8529402,0.02198387,-0.5176082,-0.02892664,0.004579147,-0.0263241,0.352066,-0.200592,0.9142151,0.02890678,0.003692734,-0.02419872,0.02890678,0.003692734,-0.02419872,0,0,0,0,0,0,-1,-1,True,True,True
1670404,63779589553420,-13.58514,2.588727,-0.05475622,-0.06396352,0.8529402,0.02198387,-0.5176082,-0.001,-0.001,-0.001,1,-1,-1,0.02917832,0.004273697,-0.02386093,0.02917832,0.004273697,-0.02386093,0,0,0,0,0,0,-1,-1,False,True,True
1670413,63779589553431,-13.5851,2.588655,-0.05473882,-0.06386438,0.8530165,0.02206458,-0.5174916,-0.001,-0.001,-0.001,1,-1,-1,0.03071455,0.002191422,-0.0239213,0.03071455,0.002191422,-0.0239213,0,0,0,0,0,0,-1,-1,False,True,True
1670421,63779589553442,-13.58506,2.588593,-0.05470395,-0.06355295,0.8531271,0.02192982,-0.5173532,-0.001,-0.001,-0.001,1,-1,-1,0.03071455,0.002191422,-0.0239213,0.03071455,0.002191422,-0.0239213,0,0,0,0,0,0,-1,-1,False,False,False
1670429,63779589553453,-13.58501,2.588478,-0.0547266,-0.06324601,0.8532228,0.02176897,-0.5172397,-0.001,-0.001,-0.001,1,-1,-1,0.03396098,0.0007536926,-0.025787,0.03396098,0.0007536926,-0.025787,0,0,0,0,0,0,-1,-1,False,True,True
1670438,63779589553453,-13.58501,2.588478,-0.0547266,-0.06324601,0.8532228,0.02176897,-0.5172397,-0.001,-0.001,-0.001,1,-1,-1,0.03432503,0.0007076874,-0.02600052,0.03432503,0.0007076874,-0.02600052,0,0,0,0,0,0,-1,-1,False,True,True
1670446,63779589553464,-13.58497,2.588391,-0.0547173,-0.06278928,0.8533184,0.02163987,-0.5171431,-0.001,-0.001,-0.001,1,-1,-1,0.03333148,0.0003082123,-0.02588941,0.03333148,0.0003082123,-0.02588941,0,0,0,0,0,0,-1,-1,False,True,True
1670454,63779589553475,-13.58491,2.58827,-0.05476987,-0.06230656,0.8534287,0.02148131,-0.5170261,-0.001,-0.001,-0.001,1,-1,-1,0.03403112,0.0004745331,-0.02581615,0.03403112,0.0004745331,-0.02581615,0,0,0,0,0,0,-1,-1,False,True,True
1670463,63779589553486,-13.58489,2.588177,-0.05478412,-0.06182636,0.8534859,0.02128024,-0.5169975,-0.001,-0.001,-0.001,1,-1,-1,0.03396254,0.0003376007,-0.02583025,0.03396254,0.0003376007,-0.02583025,0,0,0,0,0,0,-1,-1,False,True,True
1670471,63779589553498,-13.58489,2.588094,-0.05472881,-0.06125356,0.8535265,0.0211841,-0.5170028,-0.001,-0.001,-0.001,1,-1,-1,0.03450308,0.0003784027,-0.02577104,0.03450308,0.0003784027,-0.02577104,0,0,0,0,0,0,-1,-1,False,True,True
1670479,63779589553498,-13.58489,2.588094,-0.05472881,-0.06125356,0.8535265,0.0211841,-0.5170028,-0.001,-0.001,-0.001,1,-1,-1,0.03404096,0.0004429474,-0.02620738,0.03404096,0.0004429474,-0.02620738,0,0,0,0,0,0,-1,-1,False,True,True
1670488,63779589553509,-13.58488,2.587958,-0.05468744,-0.06089776,0.8534783,0.02098889,-0.5171322,-0.001,-0.001,-0.001,1,-1,-1,0.03397774,0.0003884583,-0.02608458,0.03397774,0.0003884583,-0.02608458,0,0,0,0,0,0,-1,-1,False,True,True
1670496,63779589553520,-13.58486,2.587856,-0.05462509,-0.06065314,0.8533299,0.02067336,-0.5174186,-0.001,-0.001,-0.001,1,-1,-1,0.03413963,0.000519455,-0.02590218,0.03413963,0.000519455,-0.02590218,0,0,0,0,0,0,-1,-1,False,True,True
1670504,63779589553520,-13.58486,2.587856,-0.05462509,-0.06065314,0.8533299,0.02067336,-0.5174186,-0.001,-0.001,-0.001,1,-1,-1,0.03424406,0.0004651032,-0.02605006,0.03424406,0.0004651032,-0.02605006,0,0,0,0,0,0,-1,-1,False,True,True
1670513,63779589553531,-13.58484,2.587744,-0.05453229,-0.06049382,0.8531911,0.02050181,-0.5176727,-0.001,-0.001,-0.001,1,-1,-1,0.03429904,-4.881287E-05,-0.02588428,0.03429904,-4.881287E-05,-0.02588428,0,0,0,0,0,0,-1,-1,False,True,True
1670521,63779589553542,-13.58482,2.587641,-0.0544523,-0.06058931,0.8528982,0.02018306,-0.5181565,-0.001,-0.001,-0.001,1,-1,-1,0.03477387,-0.0002081909,-0.0263006,0.03477387,-0.0002081909,-0.0263006,0,0,0,0,0,0,-1,-1,False,True,True
1670529,63779589553553,-13.58485,2.587498,-0.05432862,-0.06076031,0.8526523,0.0197931,-0.5185562,-0.001,-0.001,-0.001,1,-1,-1,0.03402052,0.001272705,-0.02540701,0.03402052,0.001272705,-0.02540701,0,0,0,0,0,0,-1,-1,False,True,True
1670538,63779589553553,-13.58485,2.587498,-0.05432862,-0.06076031,0.8526523,0.0197931,-0.5185562,-0.001,-0.001,-0.001,1,-1,-1,0.03394531,0.001373337,-0.02482983,0.03394531,0.001373337,-0.02482983,0,0,0,0,0,0,-1,-1,False,True,True
1670546,63779589553565,-13.58481,2.587368,-0.05423909,-0.06090014,0.8524028,0.01941523,-0.5189641,-0.001,-0.001,-0.001,1,-1,-1,0.03454614,-0.0001316223,-0.02644849,0.03454614,-0.0001316223,-0.02644849,0,0,0,0,0,0,-1,-1,False,True,True
1670554,63779589553575,-13.58479,2.587291,-0.05415714,-0.06109915,0.8521793,0.01885771,-0.5193281,-0.001,-0.001,-0.001,1,-1,-1,0.03440537,6.706238E-05,-0.02632831,0.03440537,6.706238E-05,-0.02632831,0,0,0,0,0,0,-1,-1,False,True,True
1670563,63779589553586,-13.58474,2.587168,-0.05414456,-0.06126485,0.8520587,0.01836819,-0.5195239,-0.001,-0.001,-0.001,1,-1,-1,0.03444318,-0.0001316223,-0.02637843,0.03444318,-0.0001316223,-0.02637843,0,0,0,0,0,0,-1,-1,False,True,True
1670571,63779589553586,-13.58474,2.587168,-0.05414456,-0.06126485,0.8520587,0.01836819,-0.5195239,-0.001,-0.001,-0.001,1,-1,-1,0.03440239,-0.0004107666,-0.02633788,0.03440239,-0.0004107666,-0.02633788,0,0,0,0,0,0,-1,-1,False,True,True
1670579,63779589553597,-13.58472,2.5871,-0.05409777,-0.06118356,0.8519658,0.01804741,-0.5196972,-0.001,-0.001,-0.001,1,-1,-1,0.03411907,-8.087158E-05,-0.02630625,0.03411907,-8.087158E-05,-0.02630625,0,0,0,0,0,0,-1,-1,False,True,True
1670588,63779589553609,-13.58465,2.587075,-0.05409169,-0.06108084,0.851831,0.01775431,-0.5199404,-0.001,-0.001,-0.001,1,-1,-1,0.03418614,0.0009669495,-0.02572192,0.03418614,0.0009669495,-0.02572192,0,0,0,0,0,0,-1,-1,False,True,True
1670596,63779589553620,-13.58465,2.587007,-0.05402267,-0.06082923,0.8518009,0.01753183,-0.5200267,-0.001,-0.001,-0.001,1,-1,-1,0.03421906,0.0009610291,-0.02583948,0.03421906,0.0009610291,-0.02583948,0,0,0,0,0,0,-1,-1,False,True,True
1670604,63779589553631,-13.58463,2.586942,-0.05399096,-0.06086407,0.8517423,0.01733484,-0.5201252,-0.001,-0.001,-0.001,1,-1,-1,0.0342175,0.0009991456,-0.02594522,0.0342175,0.0009991456,-0.02594522,0,0,0,0,0,0,-1,-1,False,True,True
1670613,63779589553631,-13.58463,2.586942,-0.05399096,-0.06086407,0.8517423,0.01733484,-0.5201252,0.03235498,-8.062745E-05,-0.02447066,0.3412323,-0.4505615,0.8249359,0.03235498,-8.062745E-05,-0.02447066,0.03235498,-8.062745E-05,-0.02447066,0.3412323,-0.4505615,0.8249359,0.3412323,-0.4505615,0.8249359,4.300598,4.300598,True,True,True
1670621,63779589553642,-13.58451,2.586879,-0.05397564,-0.06085565,0.851656,0.0168858,-0.5202821,0.03091116,0.0001614075,-0.02447807,-0.03956604,-0.4890747,0.8713226,0.03091116,0.0001614075,-0.02447807,0.03091116,0.0001614075,-0.02447807,-0.03956604,-0.4890747,0.8713226,-0.03956604,-0.4890747,0.8713226,3.637192,3.637192,True,True,True
1670629,63779589553653,-13.58445,2.586804,-0.05397081,-0.06093579,0.8516194,0.01673039,-0.5203378,-0.001,-0.001,-0.001,1,-1,-1,0.03407268,-0.0002160492,-0.02643553,0.03407268,-0.0002160492,-0.02643553,0,0,0,0,0,0,-1,-1,False,True,True
1670638,63779589553663,-13.58437,2.58677,-0.05397838,-0.06100273,0.8516319,0.01649405,-0.5203172,-0.001,-0.001,-0.001,1,-1,-1,0.03423349,-0.0001466828,-0.0263181,0.03423349,-0.0001466828,-0.0263181,0,0,0,0,0,0,-1,-1,False,True,True
1670646,63779589553663,-13.58437,2.58677,-0.05397838,-0.06100273,0.8516319,0.01649405,-0.5203172,0.03521089,-0.0001216431,-0.02622931,-0.363739,-0.39888,0.8417664,0.03521089,-0.0001216431,-0.02622931,0.03521089,-0.0001216431,-0.02622931,-0.363739,-0.39888,0.8417664,-0.363739,-0.39888,0.8417664,4.998886,4.998886,True,True,True
1670654,63779589553675,-13.58431,2.58673,-0.05402023,-0.06106568,0.8516092,0.01638783,-0.52035,-0.001,-0.001,-0.001,1,-1,-1,0.03473766,0.0001987,-0.02648265,0.03473766,0.0001987,-0.02648265,0,0,0,0,0,0,-1,-1,False,True,True
1670662,63779589553686,-13.58421,2.586673,-0.05406594,-0.06106982,0.8517275,0.01626706,-0.5201598,-0.001,-0.001,-0.001,1,-1,-1,0.03321195,0.001078522,-0.02540234,0.03321195,0.001078522,-0.02540234,0,0,0,0,0,0,-1,-1,False,True,True
1670671,63779589553697,-13.58416,2.586636,-0.05411166,-0.06105729,0.8518564,0.0162136,-0.5199518,0.03502762,0.0003697052,-0.02586511,-0.3825684,-0.3201904,0.8666534,0.03502762,0.0003697052,-0.02586511,0.03502762,0.0003697052,-0.02586511,-0.3825684,-0.3201904,0.8666534,-0.3825684,-0.3201904,0.8666534,4.147614,4.147614,True,True,True
1670679,63779589553697,-13.58416,2.586636,-0.05411166,-0.06105729,0.8518564,0.0162136,-0.5199518,-0.001,-0.001,-0.001,1,-1,-1,0.03488596,0.0005856018,-0.02719708,0.03488596,0.0005856018,-0.02719708,0,0,0,0,0,0,-1,-1,False,True,True
1670687,63779589553709,-13.58411,2.586583,-0.05416125,-0.06109758,0.8519716,0.01622806,-0.5197577,-0.001,-0.001,-0.001,1,-1,-1,0.03515459,0.0008828278,-0.027161,0.03515459,0.0008828278,-0.027161,0,0,0,0,0,0,-1,-1,False,True,True
1670696,63779589553720,-13.58396,2.586598,-0.05417401,-0.06108969,0.8521018,0.01625748,-0.5195443,-0.001,-0.001,-0.001,1,-1,-1,0.0352182,0.001193344,-0.02753189,0.0352182,0.001193344,-0.02753189,0,0,0,0,0,0,-1,-1,False,True,True
1670704,63779589553731,-13.5839,2.586584,-0.05421114,-0.06098153,0.8522041,0.01630238,-0.5193877,-0.001,-0.001,-0.001,1,-1,-1,0.03622365,0.001187027,-0.02787227,0.03622365,0.001187027,-0.02787227,0,0,0,0,0,0,-1,-1,False,True,True
1670712,63779589553731,-13.5839,2.586584,-0.05421114,-0.06098153,0.8522041,0.01630238,-0.5193877,0.03199449,0.001348419,-0.02427287,-0.2305298,-0.2810669,0.9315796,0.03199449,0.001348419,-0.02427287,0.03199449,0.001348419,-0.02427287,-0.2305298,-0.2810669,0.9315796,-0.2305298,-0.2810669,0.9315796,4.761169,4.761169,True,True,True
1670721,63779589553742,-13.58385,2.586617,-0.05439246,-0.06096119,0.8523054,0.01625656,-0.5192255,0.0316783,0.001567658,-0.02414002,-0.1752167,-0.2418213,0.954361,0.0316783,0.001567658,-0.02414002,0.0316783,0.001567658,-0.02414002,-0.1752167,-0.2418213,0.954361,-0.1752167,-0.2418213,0.954361,4.612793,4.612793,True,True,True
1670729,63779589553753,-13.5838,2.586557,-0.05441713,-0.06097746,0.8523957,0.01618535,-0.5190772,0.03210234,0.00236937,-0.02384274,-0.08483887,-0.399353,0.9128571,0.03210234,0.00236937,-0.02384274,0.03210234,0.00236937,-0.02384274,-0.08483887,-0.399353,0.9128571,-0.08483887,-0.399353,0.9128571,5.360168,5.360168,True,True,True
1670737,63779589553764,-13.58373,2.586541,-0.0544824,-0.06100889,0.8524851,0.01620224,-0.5189262,0.03176488,0.001979752,-0.02413055,-0.2317047,-0.1550446,0.9603424,0.03176488,0.001979752,-0.02413055,0.03176488,0.001979752,-0.02413055,-0.2317047,-0.1550446,0.9603424,-0.2317047,-0.1550446,0.9603424,4.179581,4.179581,True,True,True
1670746,63779589553764,-13.58373,2.586541,-0.0544824,-0.06100889,0.8524851,0.01620224,-0.5189262,0.03173122,0.002666092,-0.02390057,-0.2856903,-0.3347015,0.8979645,0.03173122,0.002666092,-0.02390057,0.03173122,0.002666092,-0.02390057,-0.2856903,-0.3347015,0.8979645,-0.2856903,-0.3347015,0.8979645,4.307022,4.307022,True,True,True
1670754,63779589553775,-13.58368,2.586481,-0.05457401,-0.06103744,0.8526213,0.01613239,-0.5187014,0.03095706,0.002919998,-0.02181836,-0.1493073,-0.2671661,0.9519958,0.03095706,0.002919998,-0.02181836,0.03095706,0.002919998,-0.02181836,-0.1493073,-0.2671661,0.9519958,-0.1493073,-0.2671661,0.9519958,5.049927,5.049927,True,True,True
1670762,63779589553787,-13.58362,2.586479,-0.05464399,-0.06094591,0.8527386,0.01601347,-0.518523,0.0307386,0.002392716,-0.02108331,-0.01098633,-0.116394,0.9931335,0.0307386,0.002392716,-0.02108331,0.0307386,0.002392716,-0.02108331,-0.01098633,-0.116394,0.9931335,-0.01098633,-0.116394,0.9931335,4.81485,4.81485,True,True,True
1670771,63779589553797,-13.58352,2.586476,-0.05480021,-0.06081145,0.8529071,0.01593973,-0.5182639,0.03121928,0.002724579,-0.02439588,0.08184814,0.0406189,0.9958038,0.03121928,0.002724579,-0.02439588,0.03121928,0.002724579,-0.02439588,0.08184814,0.0406189,0.9958038,0.08184814,0.0406189,0.9958038,5.069,5.069,True,True,True
1670779,63779589553797,-13.58352,2.586476,-0.05480021,-0.06081145,0.8529071,0.01593973,-0.5182639,0.03115421,0.002935959,-0.02328224,-0.02613831,-0.06742859,0.9973755,0.03115421,0.002935959,-0.02328224,0.03115421,0.002935959,-0.02328224,-0.02613831,-0.06742859,0.9973755,-0.02613831,-0.06742859,0.9973755,5.517822,5.517822,True,True,True
1670787,63779589553808,-13.58346,2.586468,-0.05489302,-0.06066277,0.8530784,0.01592401,-0.5179998,0.0310568,0.002946747,-0.02404491,0.02496338,-0.05351257,0.9982452,0.0310568,0.002946747,-0.02404491,0.0310568,0.002946747,-0.02404491,0.02496338,-0.05351257,0.9982452,0.02496338,-0.05351257,0.9982452,5.267181,5.267181,True,True,True
1670796,63779589553819,-13.58343,2.586454,-0.05499744,-0.06056597,0.8531899,0.01602942,-0.5178242,0.03116228,0.002631073,-0.02263026,0.06866455,-0.08126831,0.9943085,0.03116228,0.002631073,-0.02263026,0.03116228,0.002631073,-0.02263026,0.06866455,-0.08126831,0.9943085,0.06866455,-0.08126831,0.9943085,5.255844,5.255844,True,True,True
1670804,63779589553830,-13.58341,2.586424,-0.05505699,-0.06058984,0.8533164,0.01620157,-0.5176076,0.0311436,0.00263002,-0.02262769,0.05435181,-0.1051788,0.9929657,0.0311436,0.00263002,-0.02262769,0.0311436,0.00263002,-0.02262769,0.05435181,-0.1051788,0.9929657,0.05435181,-0.1051788,0.9929657,5.10025,5.10025,True,True,True
1670812,63779589553830,-13.58341,2.586424,-0.05505699,-0.06058984,0.8533164,0.01620157,-0.5176076,0.0311368,0.002722351,-0.02294116,0.04710388,-0.08448792,0.9953003,0.0311368,0.002722351,-0.02294116,0.0311368,0.002722351,-0.02294116,0.04710388,-0.08448792,0.9953003,0.04710388,-0.08448792,0.9953003,5.203445,5.203445,True,True,True
1670821,63779589553842,-13.58335,2.586404,-0.05514616,-0.06077573,0.8534244,0.01645261,-0.5173996,0.03154182,0.0003035126,-0.01594954,0.1060028,0.1088867,0.9883728,0.03154182,0.0003035126,-0.01594954,0.03154182,0.0003035126,-0.01594954,0.1060028,0.1088867,0.9883728,0.1060028,0.1088867,0.9883728,5.611694,5.611694,True,True,True
1670829,63779589553853,-13.5833,2.586386,-0.05517191,-0.06098396,0.8535595,0.01649881,-0.5171508,0.03122788,0.00280098,-0.02230274,0.03808594,-0.2814636,0.9588013,0.03122788,0.00280098,-0.02230274,0.03122788,0.00280098,-0.02230274,0.03808594,-0.2814636,0.9588013,0.03808594,-0.2814636,0.9588013,4.148087,4.148087,True,True,True
1670837,63779589553864,-13.58324,2.586385,-0.05524015,-0.0611205,0.8537446,0.01644636,-0.5168307,0.03164455,0.001749252,-0.01822827,-0.006362915,-0.3805389,0.9247284,0.03164455,0.001749252,-0.01822827,0.03164455,0.001749252,-0.01822827,-0.006362915,-0.3805389,0.9247284,-0.006362915,-0.3805389,0.9247284,4.366013,4.366013,True,True,True
1670846,63779589553864,-13.58324,2.586385,-0.05524015,-0.0611205,0.8537446,0.01644636,-0.5168307,0.03156342,0.002407669,-0.02324832,0.07513428,-0.5493317,0.8322144,0.03156342,0.002407669,-0.02324832,0.03156342,0.002407669,-0.02324832,0.07513428,-0.5493317,0.8322144,0.07513428,-0.5493317,0.8322144,4.490433,4.490433,True,True,True
1670854,63779589553875,-13.58317,2.586382,-0.05532283,-0.06122503,0.8539863,0.01629837,-0.5164235,0.03128139,0.0007820435,-0.02376114,-0.07640076,-0.4082947,0.9096375,0.03128139,0.0007820435,-0.02376114,0.03128139,0.0007820435,-0.02376114,-0.07640076,-0.4082947,0.9096375,-0.07640076,-0.4082947,0.9096375,4.571182,4.571182,True,True,True
1670862,63779589553886,-13.58305,2.586411,-0.05545169,-0.06121233,0.8542076,0.01614855,-0.5160636,0.03023972,0.0005472107,-0.02382129,-0.2685242,-0.5254059,0.8073578,0.03023972,0.0005472107,-0.02382129,0.03023972,0.0005472107,-0.02382129,-0.2685242,-0.5254059,0.8073578,-0.2685242,-0.5254059,0.8073578,5.161728,5.161728,True,True,True
1670871,63779589553897,-13.58298,2.586438,-0.0555166,-0.0611239,0.8545023,0.01602521,-0.5155899,0.03116744,-0.0003544312,-0.02414943,0.07272339,-0.4478149,0.8911591,0.03116744,-0.0003544312,-0.02414943,0.03116744,-0.0003544312,-0.02414943,0.07272339,-0.4478149,0.8911591,0.07272339,-0.4478149,0.8911591,4.554947,4.554947,True,True,True
1670879,63779589553897,-13.58298,2.586438,-0.0555166,-0.0611239,0.8545023,0.01602521,-0.5155899,0.03075577,7.046509E-05,-0.02404091,0.01934814,-0.5351563,0.8445129,0.03075577,7.046509E-05,-0.02404091,0.03075577,7.046509E-05,-0.02404091,0.01934814,-0.5351563,0.8445129,0.01934814,-0.5351563,0.8445129,4.983124,4.983124,True,True,True
1670887,63779589553909,-13.58287,2.586539,-0.05558777,-0.06117146,0.8547142,0.01601573,-0.515233,0.03076996,-0.0004539032,-0.02415225,0.02874756,-0.3552704,0.9343109,0.03076996,-0.0004539032,-0.02415225,0.03076996,-0.0004539032,-0.02415225,0.02874756,-0.3552704,0.9343109,0.02874756,-0.3552704,0.9343109,4.739029,4.739029,True,True,True
1670896,63779589553919,-13.58279,2.586603,-0.05561918,-0.06108268,0.85497,0.01598722,-0.5148199,-0.001,-0.001,-0.001,1,-1,-1,0.03120406,0.0002507782,-0.02411495,0.03120406,0.0002507782,-0.02411495,0,0,0,0,0,0,-1,-1,False,True,True
1670904,63779589553930,-13.58276,2.586634,-0.05561525,-0.06102864,0.855109,0.01600742,-0.5145949,-0.001,-0.001,-0.001,1,-1,-1,0.03120406,0.0002507782,-0.02411495,0.03120406,0.0002507782,-0.02411495,0,0,0,0,0,0,-1,-1,False,False,False
1670912,63779589553930,-13.58276,2.586634,-0.05561525,-0.06102864,0.855109,0.01600742,-0.5145949,-0.001,-0.001,-0.001,1,-1,-1,0.03285434,0.0004778748,-0.02399515,0.03285434,0.0004778748,-0.02399515,0,0,0,0,0,0,-1,-1,False,True,True
1670921,63779589553942,-13.58266,2.586606,-0.05569816,-0.06107322,0.8552815,0.01606726,-0.5143009,0.03281406,0.00102002,-0.0238987,0.04405212,-0.6077728,0.7928619,0.03281406,0.00102002,-0.0238987,0.03281406,0.00102002,-0.0238987,0.04405212,-0.6077728,0.7928619,0.04405212,-0.6077728,0.7928619,4.186829,4.186829,True,True,True
1670929,63779589553942,-13.58266,2.586606,-0.05569816,-0.06107322,0.8552815,0.01606726,-0.5143009,0.03215477,0.0006282349,-0.02402658,-0.2302399,-0.4340668,0.8709564,0.03215477,0.0006282349,-0.02402658,0.03215477,0.0006282349,-0.02402658,-0.2302399,-0.4340668,0.8709564,-0.2302399,-0.4340668,0.8709564,4.147202,4.147202,True,True,True
1670937,63779589553958,-13.58263,2.586662,-0.05571818,-0.06102763,0.8553703,0.01615801,-0.5141558,0.03283591,-0.0003027497,-0.02407253,0.2381592,-0.1541443,0.9589081,0.03283591,-0.0003027497,-0.02407253,0.03283591,-0.0003027497,-0.02407253,0.2381592,-0.1541443,0.9589081,0.2381592,-0.1541443,0.9589081,4.493576,4.493576,True,True,True
1670946,63779589553968,-13.58261,2.586633,-0.05572701,-0.06110055,0.8554815,0.01641726,-0.5139539,0.03219473,0.00124118,-0.02362369,0.07029724,-0.431427,0.8993988,0.03219473,0.00124118,-0.02362369,0.03219473,0.00124118,-0.02362369,0.07029724,-0.431427,0.8993988,0.07029724,-0.431427,0.8993988,4.468399,4.468399,True,True,True
1670954,63779589553977,-13.58253,2.586649,-0.05575454,-0.06099636,0.8555233,0.01653344,-0.5138931,0.03252679,0.001895325,-0.02354665,-0.09898376,-0.5084534,0.8553619,0.03252679,0.001895325,-0.02354665,0.03252679,0.001895325,-0.02354665,-0.09898376,-0.5084534,0.8553619,-0.09898376,-0.5084534,0.8553619,5.415359,5.415359,True,True,True
1670962,63779589553987,-13.58246,2.586685,-0.05575675,-0.06098566,0.855566,0.01664911,-0.5138195,0.0323377,0.001280747,-0.02366693,-0.03451538,-0.2879333,0.957016,0.0323377,0.001280747,-0.02366693,0.0323377,0.001280747,-0.02366693,-0.03451538,-0.2879333,0.957016,-0.03451538,-0.2879333,0.957016,4.790726,4.790726,True,True,True
1670971,63779589553995,-13.58238,2.586787,-0.05572206,-0.06093551,0.8556594,0.01673979,-0.5136667,0.0326467,0.001505127,-0.0235907,0.05297852,-0.2495422,0.9669037,0.0326467,0.001505127,-0.0235907,0.0326467,0.001505127,-0.0235907,0.05297852,-0.2495422,0.9669037,0.05297852,-0.2495422,0.9669037,5.378265,5.378265,True,True,True
1670979,63779589554006,-13.58221,2.5868,-0.05565953,-0.06091776,0.8556573,0.01689115,-0.5136675,-0.001,-0.001,-0.001,1,-1,-1,0.03326975,0.00401915,-0.02273601,0.03326975,0.00401915,-0.02273601,0,0,0,0,0,0,-1,-1,False,True,True
1670987,63779589554006,-13.58221,2.5868,-0.05565953,-0.06091776,0.8556573,0.01689115,-0.5136675,0.03149536,0.002595612,-0.02290506,-0.1912384,-0.2693024,0.9438629,0.03149536,0.002595612,-0.02290506,0.03149536,0.002595612,-0.02290506,-0.1912384,-0.2693024,0.9438629,-0.1912384,-0.2693024,0.9438629,4.61261,4.61261,True,True,True
1670996,63779589554017,-13.58213,2.586857,-0.05564636,-0.06070771,0.8556672,0.01704112,-0.513671,0.0316008,-0.002312424,-0.008338074,0.01519775,0.1804047,0.9834595,0.0316008,-0.002312424,-0.008338074,0.0316008,-0.002312424,-0.008338074,0.01519775,0.1804047,0.9834595,0.01519775,0.1804047,0.9834595,5.665878,5.665878,True,True,True
1671004,63779589554028,-13.58208,2.58688,-0.05565953,-0.06051102,0.8556607,0.01726094,-0.5136975,0.03137262,0.001488876,-0.01643402,0.02445984,-0.3047943,0.9521027,0.03137262,0.001488876,-0.01643402,0.03137262,0.001488876,-0.01643402,0.02445984,-0.3047943,0.9521027,0.02445984,-0.3047943,0.9521027,4.382065,4.382065,True,True,True
1671012,63779589554028,-13.58208,2.58688,-0.05565953,-0.06051102,0.8556607,0.01726094,-0.5136975,0.03113147,0.002628586,-0.02232308,0.03276062,-0.1257477,0.9915161,0.03113147,0.002628586,-0.02232308,0.03113147,0.002628586,-0.02232308,0.03276062,-0.1257477,0.9915161,0.03276062,-0.1257477,0.9915161,4.861526,4.861526,True,True,True
1671021,63779589554043,-13.58198,2.586902,-0.05569094,-0.06039114,0.8556618,0.01732862,-0.5137076,0.03112577,0.002661682,-0.02252052,0.04550171,-0.08892822,0.9949951,0.03112577,0.002661682,-0.02252052,0.03112577,0.002661682,-0.02252052,0.04550171,-0.08892822,0.9949951,0.04550171,-0.08892822,0.9949951,5.148621,5.148621,True,True,True
1671029,63779589554053,-13.58189,2.586944,-0.05568188,-0.06013384,0.8556302,0.01734417,-0.5137899,0.03107901,0.002825562,-0.02360486,0.05482483,-0.06568909,0.9963226,0.03107901,0.002825562,-0.02360486,0.03107901,0.002825562,-0.02360486,0.05482483,-0.06568909,0.9963226,0.05482483,-0.06568909,0.9963226,5.284241,5.284241,True,True,True
1671037,63779589554062,-13.58171,2.586942,-0.05564511,-0.05994752,0.8556231,0.01743443,-0.5138205,0.03115625,0.00260878,-0.02268855,0.07521057,-0.04670715,0.9960632,0.03115625,0.00260878,-0.02268855,0.03115625,0.00260878,-0.02268855,0.07521057,-0.04670715,0.9960632,0.07521057,-0.04670715,0.9960632,5.339401,5.339401,True,True,True
1671046,63779589554062,-13.58171,2.586942,-0.05564511,-0.05994752,0.8556231,0.01743443,-0.5138205,0.03116695,0.002577499,-0.02258663,0.07090759,-0.04055786,0.9966431,0.03116695,0.002577499,-0.02258663,0.03116695,0.002577499,-0.02258663,0.07090759,-0.04055786,0.9966431,0.07090759,-0.04055786,0.9966431,5.399033,5.399033,True,True,True
1671054,63779589554074,-13.58161,2.587001,-0.0556286,-0.05974453,0.8555753,0.01757781,-0.5139189,0.03119757,0.002668091,-0.0228694,0.07080078,-0.03289795,0.996933,0.03119757,0.002668091,-0.0228694,0.03119757,0.002668091,-0.0228694,0.07080078,-0.03289795,0.996933,0.07080078,-0.03289795,0.996933,5.369492,5.369492,True,True,True
1671062,63779589554084,-13.58157,2.587028,-0.05558097,-0.05962753,0.8555439,0.01784359,-0.5139757,0.03119418,0.002662933,-0.02290025,0.08026123,-0.04052734,0.9959412,0.03119418,0.002662933,-0.02290025,0.03119418,0.002662933,-0.02290025,0.08026123,-0.04052734,0.9959412,0.08026123,-0.04052734,0.9959412,5.385864,5.385864,True,True,True
1671071,63779589554094,-13.58156,2.587012,-0.05553889,-0.05948543,0.8555034,0.01787928,-0.5140582,0.006096222,0.003037598,-0.02391733,0.07200623,-0.04740906,0.9962616,0.0312343,0.002575943,-0.02284142,0.0312343,0.002575943,-0.02284142,0.07620239,-0.02574158,0.9967499,0.07620239,-0.02574158,0.9967499,5.490662,5.490662,True,True,True
1671079,63779589554106,-13.58146,2.587033,-0.05554044,-0.05930202,0.8554794,0.0180321,-0.5141141,-0.02719557,0.003623474,-0.02526846,0.0602417,-0.07374573,0.9954529,0.03121959,0.002563965,-0.02278499,0.03121959,0.002563965,-0.02278499,0.09332275,-0.03762817,0.9949188,0.09332275,-0.03762817,0.9949188,5.337692,5.337692,True,True,True
1671087,63779589554106,-13.58146,2.587033,-0.05554044,-0.05930202,0.8554794,0.0180321,-0.5141141,0.03117194,0.002587067,-0.02283321,0.09883118,-0.04289246,0.9941711,0.03121658,0.002586304,-0.02283139,0.03121658,0.002586304,-0.02283139,0.09886169,-0.04286194,0.9941711,0.09886169,-0.04286194,0.9941711,5.343536,5.343536,True,True,True
1671096,63779589554117,-13.58136,2.587026,-0.05550176,-0.05922317,0.8554716,0.01826783,-0.5141277,0.03116493,0.002637726,-0.02297275,0.07701111,-0.05384827,0.9955597,0.03118613,0.00263739,-0.02297192,0.03118613,0.00263739,-0.02297192,0.07701111,-0.05383301,0.995575,0.07701111,-0.05383301,0.995575,5.344742,5.344742,True,True,True
1671104,63779589554128,-13.58127,2.587124,-0.05547398,-0.05915669,0.855471,0.01831907,-0.5141344,0.03120716,0.002590714,-0.02284773,0.07592773,-0.01994324,0.9969025,0.03121962,0.0025905,-0.02284724,0.03121962,0.0025905,-0.02284724,0.07592773,-0.01991272,0.9969025,0.07592773,-0.01991272,0.9969025,5.480881,5.480881,True,True,True
1671112,63779589554139,-13.58114,2.587136,-0.05554384,-0.05909518,0.8554779,0.01838256,-0.5141278,0.02706154,0.002630478,-0.02295433,0.09408569,-0.04940796,0.9943237,0.03121543,0.002561569,-0.02279103,0.03121543,0.002561569,-0.02279103,0.0965271,-0.0451355,0.9942932,0.0965271,-0.0451355,0.9942932,5.302322,5.302322,True,True,True
1671121,63779589554139,-13.58114,2.587136,-0.05554384,-0.05909518,0.8554779,0.01838256,-0.5141278,0.02943765,0.002569718,-0.02288651,0.09043884,-0.02732849,0.9955139,0.03122038,0.002539978,-0.02281857,0.03122038,0.002539978,-0.02281857,0.09161377,-0.02482605,0.9954834,0.09161377,-0.02482605,0.9954834,5.404587,5.404587,True,True,True
1671129,63779589554150,-13.58108,2.587135,-0.05554169,-0.0590525,0.8555124,0.01859443,-0.5140678,0.02917546,0.002594833,-0.02294463,0.08955383,-0.03163147,0.9954681,0.03121303,0.002561661,-0.02286861,0.03121303,0.002561661,-0.02286861,0.09086609,-0.02938843,0.9954224,0.09086609,-0.02938843,0.9954224,5.416473,5.416473,True,True,True
1671137,63779589554161,-13.58097,2.587173,-0.05554402,-0.05900014,0.8554391,0.01880661,-0.5141881,0.02630054,0.002635941,-0.02300945,0.08786011,-0.03779602,0.9954071,0.03120976,0.002555344,-0.02282207,0.03120976,0.002555344,-0.02282207,0.09095764,-0.03305054,0.9953003,0.09095764,-0.03305054,0.9953003,5.400223,5.400223,True,True,True
1671146,63779589554173,-13.58079,2.587222,-0.05554014,-0.05902376,0.8554159,0.01909412,-0.5142133,0.02221451,0.002712585,-0.02320928,0.0848999,-0.03968811,0.9955902,0.03120772,0.002561447,-0.0228532,0.03120772,0.002561447,-0.0228532,0.09068298,-0.03286743,0.9953308,0.09068298,-0.03286743,0.9953308,5.365952,5.365952,True,True,True
1671154,63779589554173,-13.58079,2.587222,-0.05554014,-0.05902376,0.8554159,0.01909412,-0.5142133,0.01966801,0.002745056,-0.02327417,0.08268738,-0.04881287,0.9953766,0.03120647,0.002562149,-0.02284648,0.03120647,0.002562149,-0.02284648,0.08984375,-0.03369141,0.9953766,0.08984375,-0.03369141,0.9953766,5.366852,5.366852,True,True,True
1671162,63779589554184,-13.5807,2.587245,-0.05550843,-0.0590506,0.8554474,0.01933513,-0.5141488,0.01818782,0.002762589,-0.02330878,0.08210754,-0.05325317,0.9951935,0.03120716,0.002558746,-0.02283427,0.03120716,0.002558746,-0.02283427,0.09054565,-0.03492737,0.9952698,0.09054565,-0.03492737,0.9952698,5.36676,5.36676,True,True,True
1671171,63779589554195,-13.58061,2.587277,-0.05549014,-0.05912703,0.8554699,0.01946469,-0.5140976,0.01512332,0.002816696,-0.02344975,0.08039856,-0.05566406,0.9951935,0.03120647,0.002555344,-0.02282207,0.03120647,0.002555344,-0.02282207,0.09085083,-0.03622437,0.9951935,0.09085083,-0.03622437,0.9951935,5.36644,5.36644,True,True,True
1671179,63779589554205,-13.58053,2.587348,-0.05554116,-0.05923185,0.8554565,0.01975921,-0.5140966,0.006350006,0.002770371,-0.02363649,0.07409668,-0.07470703,0.9944458,0.0309702,0.002334442,-0.02257033,0.0309702,0.002334442,-0.02257033,0.07539368,-0.03872681,0.9963989,0.07539368,-0.03872681,0.9963989,5.501999,5.501999,True,True,True
1671187,63779589554205,-13.58053,2.587348,-0.05554116,-0.05923185,0.8554565,0.01975921,-0.5140966,-0.01855939,0.003090302,-0.02500325,0.1074677,-0.1234283,0.9865112,0.03050324,0.002036209,-0.02204207,0.03050324,0.002036209,-0.02204207,0.08714294,-0.1119537,0.9898682,0.08714294,-0.1119537,0.9898682,5.293564,5.293564,True,True,True
1671196,63779589554217,-13.58046,2.587394,-0.05549222,-0.05922651,0.8554656,0.02004185,-0.5140712,0.01261597,0.002348373,-0.02361542,0.1368866,-0.1431122,0.9801788,0.03007535,0.002018524,-0.02272232,0.03007535,0.002018524,-0.02272232,0.1163483,-0.1357422,0.9838867,0.1163483,-0.1357422,0.9838867,5.33194,5.33194,True,True,True
1671204,63779589554228,-13.58037,2.587421,-0.05544287,-0.05932378,0.8553936,0.02018053,-0.5141743,0.02652022,0.002017883,-0.02315407,0.1681519,-0.1960144,0.9660645,0.02974704,0.001959869,-0.02300076,0.02974704,0.001959869,-0.02300076,0.1643372,-0.1946106,0.9670105,0.1643372,-0.1946106,0.9670105,5.196259,5.196259,True,True,True
1671212,63779589554238,-13.58032,2.587437,-0.05539209,-0.05926958,0.85532,0.02046529,-0.5142918,0.02857816,0.001874268,-0.02315221,0.2104492,-0.2167511,0.9532623,0.02953708,0.001857376,-0.02310721,0.02953708,0.001857376,-0.02310721,0.209549,-0.2162018,0.9535828,0.209549,-0.2162018,0.9535828,5.260178,5.260178,True,True,True
1671221,63779589554238,-13.58032,2.587437,-0.05539209,-0.05926958,0.85532,0.02046529,-0.5142918,0.02865392,0.001791885,-0.02318981,0.2425995,-0.2235565,0.9440002,0.02939154,0.001779251,-0.02315512,0.02939154,0.001779251,-0.02315512,0.2420654,-0.2230682,0.9442596,0.2420654,-0.2230682,0.9442596,5.184509,5.184509,True,True,True
1671229,63779589554250,-13.58025,2.587484,-0.05534679,-0.05939442,0.8553007,0.02077436,-0.5142972,0.02841841,0.001790298,-0.02320412,0.2525177,-0.2299805,0.9398499,0.02936417,0.001774338,-0.02315935,0.02936417,0.001774338,-0.02315935,0.25177,-0.2296143,0.9401398,0.25177,-0.2296143,0.9401398,5.264572,5.264572,True,True,True
1671237,63779589554261,-13.58019,2.587512,-0.05529314,-0.05936757,0.8551939,0.02109968,-0.5144646,0.02232433,0.001907272,-0.02348483,0.2618866,-0.2458191,0.9332581,0.02937727,0.001788666,-0.02315132,0.02937727,0.001788666,-0.02315132,0.258606,-0.2418671,0.9351959,0.258606,-0.2418671,0.9351959,5.315308,5.315308,True,True,True
1671246,63779589554272,-13.58012,2.587553,-0.05522037,-0.05941807,0.8551782,0.02133738,-0.514475,-0.009683304,0.002442993,-0.0250023,0.2761383,-0.2527924,0.9272614,0.02938938,0.001771317,-0.02315265,0.02938938,0.001771317,-0.02315265,0.2503815,-0.2384644,0.9383087,0.2503815,-0.2384644,0.9383087,5.247314,5.247314,True,True,True
1671254,63779589554272,-13.58012,2.587553,-0.05522037,-0.05941807,0.8551782,0.02133738,-0.514475,-0.02593352,0.002723129,-0.02577954,0.290863,-0.2466583,0.924408,0.02939699,0.00177002,-0.02315088,0.02939699,0.00177002,-0.02315088,0.2471313,-0.2397461,0.9388428,0.2471313,-0.2397461,0.9388428,5.228317,5.228317,True,True,True
1671262,63779589554284,-13.5801,2.587624,-0.05511552,-0.05929187,0.8551667,0.02169931,-0.5144935,-0.02744214,0.002748657,-0.02584322,0.2851563,-0.2592773,0.9227295,0.02942157,0.001767838,-0.02314371,0.02942157,0.001767838,-0.02314371,0.2412567,-0.2244415,0.9441376,0.2412567,-0.2244415,0.9441376,5.210342,5.210342,True,True,True
1671271,63779589554295,-13.58008,2.58763,-0.05503273,-0.05925365,0.8550606,0.02206478,-0.5146587,-0.005139481,0.002362473,-0.02478064,0.2663116,-0.2549591,0.9295502,0.02943343,0.001770096,-0.0231402,0.02943343,0.001770096,-0.0231402,0.2432556,-0.2368774,0.9405823,0.2432556,-0.2368774,0.9405823,5.276367,5.276367,True,True,True
1671279,63779589554305,-13.58003,2.587653,-0.05486625,-0.05924774,0.8549098,0.02232776,-0.5148985,0.007651505,0.002142075,-0.02417542,0.260437,-0.2447052,0.9339447,0.02944043,0.001769043,-0.02314275,0.02944043,0.001769043,-0.02314275,0.2482758,-0.2331085,0.9402161,0.2482758,-0.2331085,0.9402161,5.24118,5.24118,True,True,True
1671287,63779589554305,-13.58003,2.587653,-0.05486625,-0.05924774,0.8549098,0.02232776,-0.5148985,0.00781923,0.002137375,-0.0241658,0.2616119,-0.2461243,0.9332581,0.02944583,0.00176709,-0.02313979,0.02944583,0.00176709,-0.02313979,0.2500458,-0.2376099,0.9386139,0.2500458,-0.2376099,0.9386139,5.255753,5.255753,True,True,True
1671296,63779589554317,-13.57993,2.587687,-0.05474991,-0.05933638,0.8548248,0.02267457,-0.5150143,0.006742905,0.002154663,-0.02421231,0.2595367,-0.2541504,0.9316711,0.02944989,0.001765808,-0.02313162,0.02944989,0.001765808,-0.02313162,0.2463226,-0.2486725,0.9367218,0.2463226,-0.2486725,0.9367218,5.18866,5.18866,True,True,True
1671304,63779589554328,-13.57987,2.587742,-0.05462229,-0.05943595,0.8547868,0.02301919,-0.5150506,0.006546036,0.002159241,-0.02422141,0.2588654,-0.244751,0.9343872,0.02944933,0.001768478,-0.0231317,0.02944933,0.001768478,-0.0231317,0.2456055,-0.2313843,0.94133,0.2456055,-0.2313843,0.94133,5.24855,5.24855,True,True,True
1671312,63779589554339,-13.57983,2.58772,-0.05449134,-0.05947484,0.854759,0.02331767,-0.5150787,0.006580307,0.002157334,-0.02422026,0.2593536,-0.247818,0.9334259,0.02945195,0.00176857,-0.02313258,0.02945195,0.00176857,-0.02313258,0.2471008,-0.2373199,0.9394684,0.2471008,-0.2373199,0.9394684,5.266327,5.266327,True,True,True
1671321,63779589554339,-13.57983,2.58772,-0.05449134,-0.05947484,0.854759,0.02331767,-0.5150787,0.006610062,0.002155029,-0.0242184,0.258194,-0.2418823,0.935318,0.02945494,0.00176738,-0.02313191,0.02945494,0.00176738,-0.02313191,0.2454834,-0.2281647,0.9421539,0.2454834,-0.2281647,0.9421539,5.277359,5.277359,True,True,True
1671329,63779589554351,-13.57978,2.587749,-0.05438685,-0.05950752,0.8547475,0.02336011,-0.515092,0.006655823,0.002153916,-0.02421584,0.2566528,-0.2452545,0.9348602,0.02945793,0.001766205,-0.02313124,0.02945793,0.001766205,-0.02313124,0.2434998,-0.2342224,0.9411926,0.2434998,-0.2342224,0.9411926,5.266342,5.266342,True,True,True
1671337,63779589554362,-13.5797,2.58778,-0.0543924,-0.05961509,0.8547696,0.02338373,-0.5150419,0.006471817,0.002150284,-0.02421851,0.2476807,-0.2404633,0.9385223,0.02946491,0.001754257,-0.02312093,0.02946491,0.001754257,-0.02312093,0.2285309,-0.225235,0.947113,0.2285309,-0.225235,0.947113,5.229691,5.229691,True,True,True
1671346,63779589554362,-13.5797,2.58778,-0.0543924,-0.05961509,0.8547696,0.02338373,-0.5150419,0.006481018,0.002148651,-0.02421956,0.253067,-0.242157,0.9366455,0.02946431,0.001752304,-0.02312364,0.02946431,0.001752304,-0.02312364,0.2369995,-0.2279816,0.9443665,0.2369995,-0.2279816,0.9443665,5.233734,5.233734,True,True,True
1671354,63779589554373,-13.57965,2.587769,-0.05428874,-0.05970678,0.8548506,0.02343472,-0.5148946,0.006478791,0.002148133,-0.02421909,0.2540741,-0.242691,0.9362335,0.02946044,0.001751938,-0.02312306,0.02946044,0.001751938,-0.02312306,0.2381744,-0.2292938,0.9437561,0.2381744,-0.2292938,0.9437561,5.227341,5.227341,True,True,True
1671362,63779589554385,-13.57958,2.587817,-0.05415606,-0.05964607,0.8549808,0.02339053,-0.5146874,0.006503876,0.002148773,-0.02421855,0.255127,-0.2367096,0.9374695,0.02946155,0.00175322,-0.02312413,0.02946155,0.00175322,-0.02312413,0.2405853,-0.2198029,0.9454041,0.2405853,-0.2198029,0.9454041,5.270233,5.270233,True,True,True
1671371,63779589554395,-13.57954,2.587818,-0.05399257,-0.05975116,0.8550585,0.02334145,-0.5145483,0.006600128,0.002146622,-0.02421463,0.2562256,-0.2425385,0.9356842,0.02946266,0.001751938,-0.0231252,0.02946266,0.001751938,-0.0231252,0.2421112,-0.2289276,0.9428406,0.2421112,-0.2289276,0.9428406,5.23793,5.23793,True,True,True
1671379,63779589554395,-13.57954,2.587818,-0.05399257,-0.05975116,0.8550585,0.02334145,-0.5145483,0.006636292,0.00214595,-0.02421294,0.2557983,-0.2406616,0.9362793,0.02946729,0.00175174,-0.02312523,0.02946729,0.00175174,-0.02312523,0.2416992,-0.2258759,0.9436798,0.2416992,-0.2258759,0.9436798,5.234024,5.234024,True,True,True
1671387,63779589554407,-13.57948,2.587854,-0.05386806,-0.05967677,0.8551432,0.02325574,-0.5144201,0.006676727,0.002145187,-0.02421105,0.2555542,-0.2388153,0.9368286,0.02947191,0.001751541,-0.02312525,0.02947191,0.001751541,-0.02312525,0.2412567,-0.2227631,0.9445343,0.2412567,-0.2227631,0.9445343,5.229858,5.229858,True,True,True
1671396,63779589554418,-13.57944,2.587873,-0.05373222,-0.05977333,0.8552561,0.02329851,-0.5142192,0.006656006,0.002143723,-0.0242119,0.2542114,-0.2369537,0.9376678,0.02947238,0.001748535,-0.02312523,0.02947238,0.001748535,-0.02312523,0.2391663,-0.2197571,0.9457703,0.2391663,-0.2197571,0.9457703,5.21228,5.21228,True,True,True
1671404,63779589554429,-13.57945,2.5879,-0.05359745,-0.05987119,0.8553464,0.02331526,-0.5140568,0.006581391,0.002145065,-0.02421542,0.2529144,-0.2358093,0.9382935,0.02947191,0.001748627,-0.0231252,0.02947191,0.001748627,-0.0231252,0.2368469,-0.2176208,0.9468536,0.2368469,-0.2176208,0.9468536,5.20108,5.20108,True,True,True
1671412,63779589554429,-13.57945,2.5879,-0.05359745,-0.05987119,0.8553464,0.02331526,-0.5140568,0.006495667,0.002145569,-0.02421948,0.2539825,-0.2369843,0.9377136,0.02947075,0.00174707,-0.02312523,0.02947075,0.00174707,-0.02312523,0.2386017,-0.2194977,0.9459686,0.2386017,-0.2194977,0.9459686,5.197845,5.197845,True,True,True
1671421,63779589554440,-13.57941,2.587905,-0.05354643,-0.06005906,0.8553594,0.02351703,-0.5140042,0.006460083,0.002146408,-0.02422109,0.2527924,-0.2356567,0.9383698,0.02946958,0.001747498,-0.0231252,0.02946958,0.001747498,-0.0231252,0.2362061,-0.2174225,0.947052,0.2362061,-0.2174225,0.947052,5.196533,5.196533,True,True,True
1671429,63779589554451,-13.57934,2.587926,-0.05342472,-0.06023081,0.8554118,0.02362777,-0.5138918,0.006550064,0.002145157,-0.0242164,0.2527161,-0.2358551,0.9383392,0.02946887,0.001748062,-0.02312468,0.02946887,0.001748062,-0.02312468,0.2356873,-0.2180481,0.9470367,0.2356873,-0.2180481,0.9470367,5.195023,5.195023,True,True,True
1671437,63779589554462,-13.57927,2.588007,-0.05332559,-0.06063612,0.8554164,0.02410604,-0.513814,0.006413086,0.002147842,-0.02422267,0.2523499,-0.2355652,0.9385071,0.02946817,0.001748627,-0.02312416,0.02946817,0.001748627,-0.02312416,0.2351837,-0.2178345,0.9472198,0.2351837,-0.2178345,0.9472198,5.194046,5.194046,True,True,True
1671446,63779589554462,-13.57927,2.588007,-0.05332559,-0.06063612,0.8554164,0.02410604,-0.513814,0.006315521,0.002149918,-0.02422698,0.2513275,-0.2357483,0.9387512,0.02946864,0.001749283,-0.02312361,0.02946864,0.001749283,-0.02312361,0.2336578,-0.217514,0.9476624,0.2336578,-0.217514,0.9476624,5.183243,5.183243,True,True,True
1671454,63779589554473,-13.57924,2.588062,-0.05328023,-0.06096498,0.8554218,0.0245853,-0.5137436,0.006538987,0.002145676,-0.02421663,0.2515564,-0.2358856,0.9386444,0.02946817,0.001748627,-0.02312416,0.02946817,0.001748627,-0.02312416,0.2343903,-0.217865,0.947403,0.2343903,-0.217865,0.947403,5.181717,5.181717,True,True,True
1671462,63779589554473,-13.5792,2.588116,-0.05313599,-0.06127214,0.8554866,0.02483283,-0.5135872,0.006389252,0.002148117,-0.02422359,0.25177,-0.2362061,0.9385071,0.02946864,0.001748062,-0.02312361,0.02946864,0.001748062,-0.02312361,0.2348175,-0.2182617,0.9472046,0.2348175,-0.2182617,0.9472046,5.177628,5.177628,True,True,True
1671471,63779589554473,-13.5792,2.588116,-0.05313599,-0.06127214,0.8554866,0.02483283,-0.5135872,0.006350541,0.002148727,-0.0242251,0.2521515,-0.2357941,0.9385071,0.02946913,0.001747498,-0.02312306,0.02946913,0.001747498,-0.02312306,0.2352448,-0.2179413,0.9471741,0.2352448,-0.2179413,0.9471741,5.173523,5.173523,True,True,True
1671479,63779589554505,-13.57913,2.588183,-0.05305523,-0.06150036,0.8554837,0.02495742,-0.5135586,0.006362671,0.002148804,-0.02422351,0.2521057,-0.2362671,0.9384003,0.02946958,0.001747498,-0.02312163,0.02946958,0.001747498,-0.02312163,0.2351227,-0.2180939,0.9471741,0.2351227,-0.2180939,0.9471741,5.147232,5.147232,True,True,True
1671487,63779589554512,-13.57913,2.588326,-0.05291057,-0.06151032,0.8555769,0.02498696,-0.5134007,0.006442475,0.002146256,-0.02421902,0.2527771,-0.2359161,0.9383087,0.02947191,0.001745529,-0.02312041,0.02947191,0.001745529,-0.02312041,0.2356567,-0.2177124,0.9471283,0.2356567,-0.2177124,0.9471283,5.136841,5.136841,True,True,True
1671496,63779589554520,-13.5791,2.588345,-0.0528025,-0.06142074,0.855644,0.02503664,-0.5132972,0.006527329,0.002144531,-0.02421352,0.2528839,-0.2358856,0.9382935,0.02947286,0.001745102,-0.02311795,0.02947286,0.001745102,-0.02311795,0.2358246,-0.2177734,0.9470673,0.2358246,-0.2177734,0.9470673,5.126709,5.126709,True,True,True
1671504,63779589554528,-13.57912,2.58843,-0.05267018,-0.06117532,0.8557218,0.02490707,-0.513203,0.006543228,0.002143753,-0.0242114,0.2531738,-0.2355804,0.9382935,0.02947286,0.001744309,-0.0231154,0.02947286,0.001744309,-0.0231154,0.2363739,-0.2173462,0.9470215,0.2363739,-0.2173462,0.9470215,5.117523,5.117523,True,True,True
1671512,63779589554538,-13.57921,2.588425,-0.05257875,-0.06114919,0.8557649,0.02505798,-0.5131269,0.006465622,0.002145111,-0.02421367,0.2545166,-0.2349548,0.9380798,0.0294722,0.001744309,-0.02311302,0.0294722,0.001744309,-0.02311302,0.2376251,-0.2162628,0.9469604,0.2376251,-0.2162628,0.9469604,5.118286,5.118286,True,True,True
1671521,63779589554538,-13.57921,2.588425,-0.05257875,-0.06114919,0.8557649,0.02505798,-0.5131269,0.006612473,0.002141892,-0.02420578,0.2566681,-0.2360992,0.9372101,0.02947075,0.001741623,-0.02311174,0.02947075,0.001741623,-0.02311174,0.2411957,-0.217041,0.9458771,0.2411957,-0.217041,0.9458771,5.100372,5.100372,True,True,True
1671529,63779589554549,-13.57922,2.588459,-0.05240214,-0.06123079,0.8557952,0.02510116,-0.5130644,0.006561677,0.002141739,-0.02420809,0.2567902,-0.2359009,0.9372253,0.02947075,0.001739945,-0.0231116,0.02947075,0.001739945,-0.0231116,0.2416992,-0.2165985,0.9458618,0.2416992,-0.2165985,0.9458618,5.100693,5.100693,True,True,True
1671537,63779589554560,-13.57927,2.588437,-0.05227029,-0.06138283,0.8557467,0.02519372,-0.5131227,0.006554016,0.002141876,-0.02420828,0.2566223,-0.2363129,0.9371643,0.02947075,0.001739945,-0.02311135,0.02947075,0.001739945,-0.02311135,0.2412109,-0.2166748,0.9459686,0.2412109,-0.2166748,0.9459686,5.10051,5.10051,True,True,True
1671546,63779589554571,-13.57927,2.588441,-0.05213761,-0.06171797,0.8557177,0.02542349,-0.5131196,0.006600205,0.002139847,-0.0242059,0.256958,-0.2366028,0.9369965,0.02947075,0.00173793,-0.02311108,0.02947075,0.00173793,-0.02311108,0.2416992,-0.2161407,0.9459534,0.2416992,-0.2161407,0.9459534,5.100891,5.100891,True,True,True
1671554,63779589554571,-13.57927,2.588441,-0.05213761,-0.06171797,0.8557177,0.02542349,-0.5131196,0.006651261,0.002138825,-0.02420198,0.2571869,-0.2352905,0.9372711,0.02947075,0.001737763,-0.02310883,0.02947075,0.001737763,-0.02310883,0.2422791,-0.2135773,0.9463959,0.2422791,-0.2135773,0.9463959,5.11232,5.11232,True,True,True
1671562,63779589554583,-13.57928,2.588411,-0.05201215,-0.06196556,0.8557028,0.02568835,-0.5131015,0.006717347,0.00213739,-0.02419769,0.2587738,-0.2375031,0.9362793,0.02947075,0.001737305,-0.02310709,0.02947075,0.001737305,-0.02310709,0.2450562,-0.2160034,0.9451294,0.2450562,-0.2160034,0.9451294,5.101974,5.101974,True,True,True
1671571,63779589554594,-13.57931,2.588399,-0.05188519,-0.06208428,0.8557333,0.02598245,-0.5130215,0.006781418,0.002136047,-0.02419402,0.2601318,-0.2373962,0.9359283,0.02947075,0.001736954,-0.0231061,0.02947075,0.001736954,-0.0231061,0.2459412,-0.2160339,0.9449005,0.2459412,-0.2160339,0.9449005,5.089951,5.089951,True,True,True
1671579,63779589554594,-13.57931,2.588399,-0.05188519,-0.06208428,0.8557333,0.02598245,-0.5130215,0.006768204,0.002136276,-0.02419455,0.2600708,-0.2367859,0.9360962,0.02947075,0.001736954,-0.02310593,0.02947075,0.001736954,-0.02310593,0.2459106,-0.2160187,0.9449005,0.2459106,-0.2160187,0.9449005,5.087448,5.087448,True,True,True
1671587,63779589554607,-13.57933,2.588406,-0.05180556,-0.0622168,0.8557445,0.02623566,-0.5129737,0.006675293,0.002136017,-0.02419744,0.2600555,-0.2371826,0.9359894,0.02947009,0.001736542,-0.02310341,0.02947009,0.001736542,-0.02310341,0.2459717,-0.2161407,0.9448547,0.2459717,-0.2161407,0.9448547,5.071915,5.071915,True,True,True
1671596,63779589554615,-13.57937,2.588408,-0.05170745,-0.06213561,0.8557575,0.02642766,-0.5129521,0.006640198,0.002135758,-0.02419814,0.2601624,-0.2354431,0.9364166,0.02946724,0.001735397,-0.02310184,0.02946724,0.001735397,-0.02310184,0.2457733,-0.2132874,0.9455566,0.2457733,-0.2132874,0.9455566,5.088333,5.088333,True,True,True
1671604,63779589554628,-13.5794,2.588419,-0.05160367,-0.06214945,0.855873,0.02662829,-0.5127473,0.00653653,0.002136963,-0.02420307,0.2611542,-0.2353973,0.936142,0.02946692,0.001735169,-0.02310153,0.02946692,0.001735169,-0.02310153,0.2472076,-0.2132111,0.9452057,0.2472076,-0.2132111,0.9452057,5.073318,5.073318,True,True,True
1671612,63779589554638,-13.57946,2.588387,-0.05152422,-0.06213445,0.8559132,0.02687339,-0.5126692,0.006567582,0.002136169,-0.02420091,0.2617493,-0.236969,0.9355774,0.02946674,0.001735092,-0.02310043,0.02946674,0.001735092,-0.02310043,0.2484589,-0.2159729,0.9442444,0.2484589,-0.2159729,0.9442444,5.07283,5.07283,True,True,True
1671621,63779589554638,-13.57946,2.588387,-0.05152422,-0.06213445,0.8559132,0.02687339,-0.5126692,0.006640641,0.002134277,-0.02419733,0.2635193,-0.2365723,0.9351807,0.0294664,0.001734482,-0.02310016,0.0294664,0.001734482,-0.02310016,0.250061,-0.2156372,0.9438934,0.250061,-0.2156372,0.9438934,5.088943,5.088943,True,True,True
1671629,63779589554649,-13.57942,2.588379,-0.05142212,-0.06208611,0.8559049,0.02696565,-0.5126842,0.0066698,0.002132675,-0.0241965,0.2644806,-0.2365112,0.9349213,0.02946611,0.001733795,-0.02309985,0.02946611,0.001733795,-0.02309985,0.2520752,-0.2158966,0.9432983,0.2520752,-0.2158966,0.9432983,5.089508,5.089508,True,True,True
1671637,63779589554660,-13.57944,2.58838,-0.05130774,-0.06218261,0.8559039,0.02724837,-0.5126593,0.006628861,0.002128433,-0.02419849,0.2641144,-0.2374115,0.9347992,0.02946556,0.001731705,-0.02309963,0.02946556,0.001731705,-0.02309963,0.2525024,-0.2186279,0.9425659,0.2525024,-0.2186279,0.9425659,5.070755,5.070755,True,True,True
1671646,63779589554671,-13.57941,2.588399,-0.05121493,-0.06216922,0.8558908,0.02747972,-0.5126702,0.006642701,0.002127228,-0.02419777,0.2651825,-0.2354736,0.9349823,0.02946486,0.001731094,-0.02309926,0.02946486,0.001731094,-0.02309926,0.254364,-0.2166901,0.9425049,0.254364,-0.2166901,0.9425049,5.062927,5.062927,True,True,True
1671654,63779589554671,-13.57941,2.588399,-0.05121493,-0.06216922,0.8558908,0.02747972,-0.5126702,0.006636612,0.002126282,-0.02419811,0.2660828,-0.2361908,0.9345551,0.02946414,0.001729385,-0.02309926,0.02946414,0.001729385,-0.02309926,0.2558746,-0.2178802,0.9418182,0.2558746,-0.2178802,0.9418182,5.04213,5.04213,True,True,True
1671662,63779589554682,-13.57942,2.588409,-0.05110157,-0.0621408,0.855909,0.02779835,-0.5126262,0.006786728,0.00212233,-0.02419093,0.2664337,-0.2356415,0.9345856,0.02946346,0.001727722,-0.02309926,0.02946346,0.001727722,-0.02309926,0.2567139,-0.2172699,0.9417419,0.2567139,-0.2172699,0.9417419,5.034836,5.034836,True,True,True
1671671,63779589554693,-13.57942,2.58851,-0.05098075,-0.06199361,0.8559812,0.02801458,-0.5125116,0.006786744,0.002121307,-0.0241911,0.267334,-0.2354279,0.9343872,0.02945992,0.00172638,-0.02309949,0.02945992,0.00172638,-0.02309949,0.2581482,-0.2170105,0.9414063,0.2581482,-0.2170105,0.9414063,5.027161,5.027161,True,True,True
1671679,63779589554704,-13.57934,2.588549,-0.05094761,-0.06197357,0.85603,0.02842761,-0.5124098,0.007208374,0.002113831,-0.02417136,0.2668304,-0.2369995,0.9341278,0.02945801,0.001726364,-0.02309949,0.02945801,0.001726364,-0.02309949,0.2578583,-0.2202301,0.9407349,0.2578583,-0.2202301,0.9407349,5.026413,5.026413,True,True,True
1671687,63779589554704,-13.57934,2.588549,-0.05094761,-0.06197357,0.85603,0.02842761,-0.5124098,0.007216431,0.002113175,-0.02417094,0.2671967,-0.2368622,0.9340668,0.02945694,0.001726257,-0.02309949,0.02945694,0.001726257,-0.02309949,0.2583466,-0.2201843,0.9406128,0.2583466,-0.2201843,0.9406128,5.026398,5.026398,True,True,True
1671696,63779589554715,-13.57936,2.588597,-0.05087465,-0.06197701,0.8560722,0.02867234,-0.5123251,0.007204239,0.002112747,-0.02417137,0.2674255,-0.2366791,0.9340515,0.02945688,0.001725647,-0.02309915,0.02945688,0.001725647,-0.02309915,0.2584076,-0.2200317,0.9406281,0.2584076,-0.2200317,0.9406281,5.034653,5.034653,True,True,True
1671704,63779589554726,-13.57935,2.588643,-0.05087829,-0.06192587,0.8561292,0.02888558,-0.5122242,0.007200684,0.002111252,-0.0241716,0.2683868,-0.2361603,0.9338989,0.02945659,0.00172345,-0.02309915,0.02945659,0.00172345,-0.02309915,0.2593842,-0.2192841,0.9405365,0.2593842,-0.2192841,0.9405365,5.035416,5.035416,True,True,True
1671712,63779589554738,-13.57938,2.588621,-0.05083448,-0.06202163,0.8562037,0.02919904,-0.5120702,0.007202957,0.002110291,-0.02417153,0.2683411,-0.2359924,0.93396,0.02945578,0.001722366,-0.02309911,0.02945578,0.001722366,-0.02309911,0.2591858,-0.2191467,0.9406281,0.2591858,-0.2191467,0.9406281,5.026886,5.026886,True,True,True
1671721,63779589554738,-13.57938,2.588621,-0.05083448,-0.06202163,0.8562037,0.02919904,-0.5120702,0.00719812,0.002108933,-0.02417183,0.2677917,-0.2372437,0.9337921,0.02945284,0.001720093,-0.02309892,0.02945284,0.001720093,-0.02309892,0.2583771,-0.2199554,0.9406586,0.2583771,-0.2199554,0.9406586,5.023636,5.023636,True,True,True
1671729,63779589554749,-13.57938,2.588615,-0.05075336,-0.06211292,0.8562059,0.02942627,-0.5120425,0.007176987,0.002108124,-0.0241729,0.2684937,-0.236145,0.9338684,0.02945082,0.001719482,-0.02309892,0.02945082,0.001719482,-0.02309892,0.2596283,-0.2184601,0.9406586,0.2596283,-0.2184601,0.9406586,5.023727,5.023727,True,True,True
1671737,63779589554760,-13.57939,2.588607,-0.05072379,-0.062321,0.8562168,0.02964607,-0.5119864,0.007160202,0.002107422,-0.0241738,0.2690125,-0.2358856,0.9337921,0.02944847,0.001718597,-0.02309892,0.02944847,0.001718597,-0.02309892,0.259903,-0.2181854,0.9406433,0.259903,-0.2181854,0.9406433,5.023148,5.023148,True,True,True
1671746,63779589554771,-13.57938,2.588607,-0.05064046,-0.06257701,0.8561568,0.02988582,-0.5120414,0.007172272,0.00210585,-0.02417377,0.2685547,-0.2358704,0.9339294,0.0294456,0.001716431,-0.02309892,0.0294456,0.001716431,-0.02309892,0.2591705,-0.217514,0.9410095,0.2591705,-0.217514,0.9410095,5.02243,5.02243,True,True,True
1671754,63779589554771,-13.57938,2.588607,-0.05064046,-0.06257701,0.8561568,0.02988582,-0.5120414,0.007198883,0.002102799,-0.0241729,0.2682343,-0.2352142,0.9341888,0.02944241,0.001714386,-0.02309892,0.02944241,0.001714386,-0.02309892,0.2587433,-0.2170258,0.9412384,0.2587433,-0.2170258,0.9412384,5.0159,5.0159,True,True,True
1671762,63779589554784,-13.57937,2.588565,-0.05056709,-0.06267645,0.8561296,0.03010919,-0.5120617,0.007274262,0.002098374,-0.02417008,0.2677765,-0.234375,0.9345245,0.02944008,0.001711685,-0.02309892,0.02944008,0.001711685,-0.02309892,0.2581024,-0.2163696,0.9415588,0.2581024,-0.2163696,0.9415588,5.012543,5.012543,True,True,True
1671771,63779589554793,-13.57939,2.588573,-0.05044019,-0.06279571,0.8561115,0.03035345,-0.512063,0.007331055,0.002094299,-0.02416686,0.2677002,-0.2340393,0.9346313,0.02943866,0.001709091,-0.02309805,0.02943866,0.001709091,-0.02309805,0.2579651,-0.2164154,0.9415894,0.2579651,-0.2164154,0.9415894,5.012497,5.012497,True,True,True
1671779,63779589554804,-13.57936,2.588564,-0.05032104,-0.06299474,0.8560072,0.03059776,-0.5121983,0.00733722,0.002093277,-0.02416641,0.2677612,-0.2338409,0.9346619,0.02943785,0.00170871,-0.02309737,0.02943785,0.00170871,-0.02309737,0.2581177,-0.2163849,0.9415588,0.2581177,-0.2163849,0.9415588,4.977707,4.977707,True,True,True
1671787,63779589554804,-13.57936,2.588564,-0.05032104,-0.06299474,0.8560072,0.03059776,-0.5121983,0.007326203,0.002092423,-0.02416672,0.2688446,-0.2335205,0.934433,0.02943501,0.00170871,-0.02309714,0.02943501,0.00170871,-0.02309714,0.2597351,-0.2162628,0.9411469,0.2597351,-0.2162628,0.9411469,5.013229,5.013229,True,True,True
1671796,63779589554816,-13.57944,2.588535,-0.05026239,-0.06309367,0.8558145,0.03103059,-0.5124821,0.00729271,0.002092728,-0.02416812,0.2684937,-0.2335358,0.9345245,0.02943221,0.00170871,-0.02309674,0.02943221,0.00170871,-0.02309674,0.2588196,-0.2164001,0.9413605,0.2588196,-0.2164001,0.9413605,4.977859,4.977859,True,True,True
1671804,63779589554827,-13.57946,2.588548,-0.05011106,-0.06309336,0.855683,0.0315396,-0.5126705,0.007244538,0.002092987,-0.02417014,0.2683105,-0.23349,0.9346008,0.02943086,0.00170871,-0.02309581,0.02943086,0.00170871,-0.02309581,0.2584686,-0.216507,0.9414368,0.2584686,-0.216507,0.9414368,4.977798,4.977798,True,True,True
1671812,63779589554838,-13.57944,2.588596,-0.04997927,-0.06326922,0.8554398,0.03210622,-0.5130195,0.007159485,0.002094055,-0.02417374,0.2695923,-0.2334442,0.9342346,0.0294292,0.00170871,-0.023095,0.0294292,0.00170871,-0.023095,0.2590332,-0.2172394,0.9411011,0.2590332,-0.2172394,0.9411011,4.977844,4.977844,True,True,True
1671821,63779589554838,-13.57944,2.588596,-0.04997927,-0.06326922,0.8554398,0.03210622,-0.5130195,0.007054429,0.002095413,-0.02417795,0.2694244,-0.2334595,0.9342804,0.02942786,0.001708344,-0.02309364,0.02942786,0.001708344,-0.02309364,0.2586975,-0.2172546,0.9411926,0.2586975,-0.2172546,0.9411926,4.977783,4.977783,True,True,True
1671829,63779589554849,-13.57945,2.588633,-0.04982138,-0.06327023,0.8551944,0.03286368,-0.5133802,0.006957474,0.002095368,-0.02418214,0.2698975,-0.2331085,0.9342346,0.02942786,0.001707413,-0.02309279,0.02942786,0.001707413,-0.02309279,0.2592926,-0.2170258,0.9410858,0.2592926,-0.2170258,0.9410858,4.98732,4.98732,True,True,True
1671837,63779589554859,-13.57946,2.588745,-0.04962003,-0.06322402,0.8548787,0.03370095,-0.5138575,0.006906189,0.002094772,-0.02418462,0.2697144,-0.2329712,0.9343262,0.02942786,0.001706925,-0.0230927,0.02942786,0.001706925,-0.0230927,0.2589569,-0.2171783,0.9411469,0.2589569,-0.2171783,0.9411469,4.951233,4.951233,True,True,True
1671846,63779589554871,-13.5795,2.588813,-0.04942691,-0.06316116,0.8545641,0.03467658,-0.5143232,0.006750717,0.002090302,-0.02418648,0.2664948,-0.2340698,0.934967,0.02944112,0.001695328,-0.02308264,0.02944112,0.001695328,-0.02308264,0.2533569,-0.2188721,0.942276,0.2533569,-0.2188721,0.942276,4.978241,4.978241,True,True,True
1671854,63779589554871,-13.5795,2.588813,-0.04942691,-0.06316116,0.8545641,0.03467658,-0.5143232,0.006631577,0.002091751,-0.02418584,0.264679,-0.2451782,0.9326324,0.02944962,0.001697067,-0.02307703,0.02944962,0.001697067,-0.02307703,0.2518005,-0.2281189,0.9404907,0.2518005,-0.2281189,0.9404907,4.942902,4.942902,True,True,True
1671862,63779589554882,-13.57949,2.588935,-0.04927111,-0.06291893,0.8542612,0.03551012,-0.5147989,0.006699814,0.002102249,-0.02417937,0.27005,-0.2581635,0.9275818,0.02946433,0.001707657,-0.02307559,0.02946433,0.001707657,-0.02307559,0.2609711,-0.2436829,0.9340668,0.2609711,-0.2436829,0.9340668,4.97142,4.97142,True,True,True
1671871,63779589554893,-13.57947,2.589055,-0.0491609,-0.06258029,0.8539746,0.03639343,-0.5152538,0.006767548,0.002173386,-0.02415717,0.2630615,-0.2120361,0.9411774,0.02950601,0.001785217,-0.02305194,0.02950601,0.001785217,-0.02305194,0.2475586,-0.1802063,0.9519501,0.2475586,-0.1802063,0.9519501,5.032379,5.032379,True,True,True
1671879,63779589554905,-13.57946,2.589172,-0.04903734,-0.06228518,0.8537331,0.0371919,-0.5156329,0.008170441,0.002279175,-0.02405293,0.2604675,-0.2337494,0.9367523,0.02955109,0.001909714,-0.02302002,0.02955109,0.001909714,-0.02302002,0.2506714,-0.2159729,0.9436646,0.2506714,-0.2159729,0.9436646,4.960556,4.960556,True,True,True
1671887,63779589554905,-13.57946,2.589172,-0.04903734,-0.06228518,0.8537331,0.0371919,-0.5156329,-0.0282234,0.003059815,-0.02577687,0.2723541,-0.2437439,0.9308014,0.02962248,0.002030518,-0.02278891,0.02962248,0.002030518,-0.02278891,0,0,0,0,0,0,-1,-1,True,True,True
1671896,63779589554915,-13.57943,2.589303,-0.04894531,-0.0619678,0.8535325,0.03793927,-0.5159486,-0.02813883,0.00321637,-0.02575504,0.2871399,-0.216217,0.9331512,0.02961351,0.003462296,-0.02815154,0.02961351,0.003462296,-0.02815154,0,0,0,0,0,0,-1,-1,True,True,True
1671904,63779589554926,-13.57936,2.589447,-0.04884207,-0.06162668,0.8533784,0.0386756,-0.5161896,-0.02805873,0.003298905,-0.0256156,0.1815033,-0.3118286,0.9326324,0.02983112,0.001531555,-0.01761864,0.02983112,0.001531555,-0.01761864,0,0,0,0,0,0,-1,-1,True,True,True
1671912,63779589554938,-13.57933,2.589565,-0.04879719,-0.06119023,0.8532878,0.03927008,-0.5163465,-0.001,-0.001,-0.001,1,-1,-1,0.03146735,0.0008594514,-0.02134001,0.03146735,0.0008594514,-0.02134001,0,0,0,0,0,0,-1,-1,False,True,True
1671921,63779589554938,-13.57933,2.589565,-0.04879719,-0.06119023,0.8532878,0.03927008,-0.5163465,-0.001,-0.001,-0.001,1,-1,-1,0.03146735,0.0008594514,-0.02134001,0.03146735,0.0008594514,-0.02134001,0,0,0,0,0,0,-1,-1,False,False,False
1671929,63779589554949,-13.57931,2.589688,-0.0488342,-0.06092919,0.8532309,0.0398417,-0.5164277,-0.001,-0.001,-0.001,1,-1,-1,0.03491394,0.0007668,-0.02554117,0.03491394,0.0007668,-0.02554117,0,0,0,0,0,0,-1,-1,False,True,True
1671937,63779589554959,-13.57927,2.589776,-0.04881352,-0.06059853,0.8532389,0.04025003,-0.5164216,-0.001,-0.001,-0.001,1,-1,-1,0.03377126,0.0002387543,-0.02626045,0.03377126,0.0002387543,-0.02626045,0,0,0,0,0,0,-1,-1,False,True,True
1671946,63779589554971,-13.5792,2.589853,-0.04883826,-0.06023892,0.8532806,0.04074533,-0.5163557,-0.001,-0.001,-0.001,1,-1,-1,0.03496455,0.0009129792,-0.02553002,0.03496455,0.0009129792,-0.02553002,0,0,0,0,0,0,-1,-1,False,True,True
1671954,63779589554971,-13.5792,2.589853,-0.04883826,-0.06023892,0.8532806,0.04074533,-0.5163557,-0.001,-0.001,-0.001,1,-1,-1,0.03436478,0.001352738,-0.0246073,0.03436478,0.001352738,-0.0246073,0,0,0,0,0,0,-1,-1,False,True,True
1671962,63779589554982,-13.57913,2.589907,-0.04891646,-0.06002546,0.8533381,0.04094626,-0.5162698,-0.001,-0.001,-0.001,1,-1,-1,0.03245172,0.001271118,-0.0231852,0.03245172,0.001271118,-0.0231852,0,0,0,0,0,0,-1,-1,False,True,True
1671971,63779589554993,-13.57909,2.589941,-0.04893535,-0.06008915,0.853373,0.04127078,-0.5161789,-0.001,-0.001,-0.001,1,-1,-1,0.03237804,0.001772751,-0.02304215,0.03237804,0.001772751,-0.02304215,0,0,0,0,0,0,-1,-1,False,True,True
1671979,63779589555004,-13.57902,2.589952,-0.04900789,-0.05994941,0.8533646,0.04165315,-0.5161782,-0.001,-0.001,-0.001,1,-1,-1,0.02946468,0.003472473,-0.02269496,0.02946468,0.003472473,-0.02269496,0,0,0,0,0,0,-1,-1,False,True,True
1671987,63779589555004,-13.57902,2.589952,-0.04900789,-0.05994941,0.8533646,0.04165315,-0.5161782,-0.001,-0.001,-0.001,1,-1,-1,0.02931514,0.003366852,-0.02268597,0.02931514,0.003366852,-0.02268597,0,0,0,0,0,0,-1,-1,False,True,True
1671996,63779589555016,-13.57898,2.590006,-0.04903668,-0.05989935,0.8533819,0.04195688,-0.5161309,-0.001,-0.001,-0.001,1,-1,-1,0.02969675,0.003203949,-0.02296922,0.02969675,0.003203949,-0.02296922,0,0,0,0,0,0,-1,-1,False,True,True
1672004,63779589555026,-13.57888,2.590045,-0.0490433,-0.05988156,0.8534478,0.0423257,-0.5159939,-0.001,-0.001,-0.001,1,-1,-1,0.02897496,0.003253754,-0.02309015,0.02897496,0.003253754,-0.02309015,0,0,0,0,0,0,-1,-1,False,True,True
1672012,63779589555038,-13.57883,2.590121,-0.04909861,-0.05968425,0.8533622,0.04270676,-0.5161269,-0.001,-0.001,-0.001,1,-1,-1,0.02980098,0.003478272,-0.0230155,0.02980098,0.003478272,-0.0230155,0,0,0,0,0,0,-1,-1,False,True,True
1672021,63779589555038,-13.57883,2.590121,-0.04909861,-0.05968425,0.8533622,0.04270676,-0.5161269,-0.001,-0.001,-0.001,1,-1,-1,0.029413,0.00321843,-0.02313445,0.029413,0.00321843,-0.02313445,0,0,0,0,0,0,-1,-1,False,True,True
1672029,63779589555048,-13.57873,2.59018,-0.0491218,-0.05954771,0.8533262,0.0430173,-0.5161763,-0.001,-0.001,-0.001,1,-1,-1,0.02941323,0.003208206,-0.02315666,0.02941323,0.003208206,-0.02315666,0,0,0,0,0,0,-1,-1,False,True,True
1672037,63779589555060,-13.57874,2.590246,-0.04913145,-0.05929135,0.8533074,0.04350805,-0.5161958,-0.001,-0.001,-0.001,1,-1,-1,0.02934879,0.003186234,-0.02313381,0.02934879,0.003186234,-0.02313381,0,0,0,0,0,0,-1,-1,False,True,True
1672046,63779589555071,-13.57868,2.590312,-0.04918951,-0.05922506,0.8531685,0.04400566,-0.5163909,0.02936101,0.003159973,-0.02311829,0.2827606,0.09284973,0.9546814,0.02936101,0.003159973,-0.02311829,0.02936101,0.003159973,-0.02311829,0.2827606,0.09284973,0.9546814,0.2827606,0.09284973,0.9546814,5.011139,5.011139,True,True,True
1672054,63779589555071,-13.57868,2.590312,-0.04918951,-0.05922506,0.8531685,0.04400566,-0.5163909,0.02930554,0.003192352,-0.02314252,0.2889252,0.09355164,0.9527588,0.02930554,0.003192352,-0.02314252,0.02930554,0.003192352,-0.02314252,0.2889252,0.09355164,0.9527588,0.2889252,0.09355164,0.9527588,5.0112,5.0112,True,True,True
1672062,63779589555082,-13.57871,2.590383,-0.04926908,-0.05917597,0.8530338,0.04467228,-0.5165617,-0.002246796,0.003692932,-0.02461952,0.3082886,0.03709412,0.9505615,0.02935416,0.0031483,-0.02312714,0.02935416,0.0031483,-0.02312714,0.2938232,0.0932312,0.9512939,0.2938232,0.0932312,0.9512939,5.039932,5.039932,True,True,True
1672071,63779589555093,-13.57866,2.590455,-0.04936433,-0.0592575,0.8528655,0.04555475,-0.5167532,0.004136231,0.00356778,-0.02431284,0.2969818,0.04698181,0.9537201,0.02935109,0.003138153,-0.02311629,0.02935109,0.003138153,-0.02311629,0.2855682,0.09178162,0.953949,0.2855682,0.09178162,0.953949,5.177643,5.177643,True,True,True
1672079,63779589555104,-13.57855,2.590555,-0.04944015,-0.0593494,0.8528305,0.04623684,-0.5167396,0.006128296,0.003539169,-0.02420206,0.2905121,0.03587341,0.956192,0.02930904,0.003151566,-0.02307448,0.02930904,0.003151566,-0.02307448,0.2659454,0.06028748,0.9620972,0.2659454,0.06028748,0.9620972,4.988419,4.988419,True,True,True
1672087,63779589555104,-13.57855,2.590555,-0.04944015,-0.0593494,0.8528305,0.04623684,-0.5167396,0.003986145,0.003558838,-0.02429576,0.2856445,0.03468323,0.9577026,0.0293116,0.003136627,-0.02306598,0.0293116,0.003136627,-0.02306598,0.2675781,0.05780029,0.961792,0.2675781,0.05780029,0.961792,4.905289,4.905289,True,True,True
1672096,63779589555116,-13.57841,2.590638,-0.04951078,-0.05956867,0.852764,0.04693183,-0.5167617,0.005191727,0.003528397,-0.02422849,0.2852783,0.03359985,0.95784,0.02931432,0.003119415,-0.02306343,0.02931432,0.003119415,-0.02306343,0.2647095,0.06311035,0.9622498,0.2647095,0.06311035,0.9622498,5.016846,5.016846,True,True,True
1672104,63779589555128,-13.57834,2.590715,-0.04959643,-0.0595678,0.8528447,0.04735727,-0.5165897,0.005002548,0.003510285,-0.02425844,0.295578,0.04391479,0.9542999,0.02930002,0.003087387,-0.02309426,0.02930002,0.003087387,-0.02309426,0.2768097,0.07894897,0.9576721,0.2768097,0.07894897,0.9576721,5.059402,5.059402,True,True,True
1672112,63779589555139,-13.57826,2.590845,-0.04967517,-0.05947453,0.8529561,0.0477749,-0.5163782,0.005189225,0.003490936,-0.02425051,0.2872925,0.04924011,0.9565582,0.02929942,0.003069016,-0.0230846,0.02929942,0.003069016,-0.0230846,0.2631073,0.0793457,0.9614868,0.2631073,0.0793457,0.9614868,4.987381,4.987381,True,True,True
1672120,63779589555139,-13.57826,2.590845,-0.04967517,-0.05947453,0.8529561,0.0477749,-0.5163782,0.006015198,0.003464035,-0.02421517,0.2882538,0.05731201,0.9558258,0.02929807,0.003050385,-0.02309078,0.02929807,0.003050385,-0.02309078,0.2643433,0.08807373,0.9603882,0.2643433,0.08807373,0.9603882,5.081024,5.081024,True,True,True
1672129,63779589555150,-13.57816,2.590947,-0.04979235,-0.05922606,0.8530904,0.04805858,-0.5161584,0.005682709,0.003463333,-0.02422605,0.2878265,0.05621338,0.9560242,0.0292959,0.003040238,-0.02308457,0.0292959,0.003040238,-0.02308457,0.2676086,0.08178711,0.9600372,0.2676086,0.08178711,0.9600372,5.087875,5.087875,True,True,True
1672137,63779589555161,-13.57816,2.591054,-0.04992568,-0.05917633,0.8532847,0.04837287,-0.5158134,0.006169129,0.00343776,-0.02420302,0.2903442,0.05166626,0.9555206,0.02929456,0.003026032,-0.02307578,0.02929456,0.003026032,-0.02307578,0.2682343,0.07389832,0.9605103,0.2682343,0.07389832,0.9605103,5.081833,5.081833,True,True,True
1672145,63779589555161,-13.57816,2.591054,-0.04992568,-0.05917633,0.8532847,0.04837287,-0.5158134,0.006862473,0.003414704,-0.02417209,0.2880096,0.05737305,0.9559021,0.02929489,0.003016022,-0.02307909,0.02929489,0.003016022,-0.02307909,0.2707062,0.07693481,0.9595795,0.2707062,0.07693481,0.9595795,5.073822,5.073822,True,True,True
1672154,63779589555173,-13.57812,2.591109,-0.05009794,-0.05891935,0.853475,0.04859773,-0.5155066,0.007275864,0.003402252,-0.02414932,0.2902832,0.05349731,0.9554291,0.02928914,0.003009308,-0.02307512,0.02928914,0.003009308,-0.02307512,0.2735291,0.07130432,0.9592133,0.2735291,0.07130432,0.9592133,5.08876,5.08876,True,True,True
1672162,63779589555184,-13.57805,2.591163,-0.05024523,-0.05882263,0.8536769,0.04877602,-0.5151666,0.007460526,0.003393112,-0.02414423,0.2975006,0.05186462,0.9532928,0.02928537,0.00300528,-0.02308164,0.02928537,0.00300528,-0.02308164,0.2874603,0.06834412,0.9553375,0.2874603,0.06834412,0.9553375,5.082504,5.082504,True,True,True
1672170,63779589555196,-13.57794,2.591185,-0.05039185,-0.05869915,0.853887,0.04881649,-0.5148284,0.007822266,0.003384629,-0.02412642,0.2980957,0.05281067,0.953064,0.02927959,0.003002564,-0.02307785,0.02927959,0.003002564,-0.02307785,0.2879028,0.06565857,0.9553986,0.2879028,0.06565857,0.9553986,5.140991,5.140991,True,True,True
1672179,63779589555196,-13.57794,2.591185,-0.05039185,-0.05869915,0.853887,0.04881649,-0.5148284,0.005824799,0.003417114,-0.02422032,0.2969513,0.05015564,0.9535675,0.02927799,0.003000778,-0.0230771,0.02927799,0.003000778,-0.0230771,0.2842407,0.06752014,0.9563599,0.2842407,0.06752014,0.9563599,5.118759,5.118759,True,True,True
1672187,63779589555207,-13.57786,2.591265,-0.05051106,-0.05858563,0.8541374,0.04870503,-0.5144364,0.00578743,0.003417191,-0.02422141,0.2950897,0.05079651,0.9541016,0.0292764,0.002998993,-0.02307637,0.0292764,0.002998993,-0.02307637,0.2805634,0.0693512,0.9573212,0.2805634,0.0693512,0.9573212,5.096634,5.096634,True,True,True
1672195,63779589555217,-13.57771,2.591205,-0.05062103,-0.05862409,0.8543718,0.04864601,-0.5140483,0.005978425,0.003413345,-0.0242113,0.2929535,0.05067444,0.9547729,0.02927313,0.002997543,-0.02307567,0.02927313,0.002997543,-0.02307567,0.2776489,0.0695343,0.9581451,0.2776489,0.0695343,0.9581451,5.080597,5.080597,True,True,True
1672204,63779589555229,-13.57761,2.591188,-0.05077434,-0.05859439,0.8546106,0.0484702,-0.5136712,0.006193604,0.003408203,-0.02420067,0.2949524,0.04928589,0.9542389,0.02926988,0.002996079,-0.02307498,0.02926988,0.002996079,-0.02307498,0.2788696,0.06994629,0.9577637,0.2788696,0.06994629,0.9577637,5.096542,5.096542,True,True,True
1672212,63779589555229,-13.57761,2.591188,-0.05077434,-0.05859439,0.8546106,0.0484702,-0.5136712,0.006252976,0.003405167,-0.02419666,0.2949219,0.04945374,0.9542236,0.02926854,0.002995453,-0.02307365,0.02926854,0.002995453,-0.02307365,0.2814026,0.06834412,0.9571381,0.2814026,0.06834412,0.9571381,5.080856,5.080856,True,True,True
1672220,63779589555240,-13.57758,2.591104,-0.05094582,-0.05862881,0.8548399,0.04832324,-0.5132995,0.006522522,0.00340065,-0.02418233,0.2932129,0.0479126,0.954834,0.02926734,0.002994812,-0.02307233,0.02926734,0.002994812,-0.02307233,0.2779236,0.06645203,0.9582977,0.2779236,0.06645203,0.9582977,5.063293,5.063293,True,True,True
1672229,63779589555251,-13.57759,2.591084,-0.05108589,-0.05884577,0.8549964,0.04808992,-0.5130359,0.006932206,0.00339505,-0.02416243,0.2982025,0.04980469,0.953186,0.02926808,0.002991943,-0.0230627,0.02926808,0.002991943,-0.0230627,0.2780914,0.06678772,0.9582214,0.2780914,0.06678772,0.9582214,5.045166,5.045166,True,True,True
1672237,63779589555262,-13.57758,2.590986,-0.05124599,-0.05896251,0.8551269,0.04791064,-0.5128218,0.006926819,0.003388886,-0.0241635,0.305603,0.045578,0.9510498,0.02926462,0.002984879,-0.02306851,0.02926462,0.002984879,-0.02306851,0.2950134,0.06079102,0.9535522,0.2950134,0.06079102,0.9535522,5.128738,5.128738,True,True,True
1672245,63779589555262,-13.57758,2.590986,-0.05124599,-0.05896251,0.8551269,0.04791064,-0.5128218,0.007121674,0.003384552,-0.02415639,0.2969971,0.05224609,0.9534302,0.0292617,0.002986923,-0.02306684,0.0292617,0.002986923,-0.02306684,0.2822418,0.0677948,0.9569397,0.2822418,0.0677948,0.9569397,5.069611,5.069611,True,True,True
1672254,63779589555273,-13.57755,2.590914,-0.05143136,-0.059087,0.8552613,0.04774772,-0.5125984,0.007311234,0.003381958,-0.02414833,0.3007202,0.05284119,0.95224,0.02926202,0.002987824,-0.02306671,0.02926202,0.002987824,-0.02306671,0.2865753,0.06773376,0.9556427,0.2865753,0.06773376,0.9556427,5.099136,5.099136,True,True,True
1672262,63779589555285,-13.5775,2.590899,-0.05168277,-0.05921713,0.8553914,0.0474973,-0.5123895,0.007458359,0.003380097,-0.02414075,0.30159,0.05210876,0.9519958,0.0292617,0.002988709,-0.02306659,0.0292617,0.002988709,-0.02306659,0.2893524,0.06723022,0.9548492,0.2893524,0.06723022,0.9548492,5.075745,5.075745,True,True,True
1672270,63779589555296,-13.5775,2.590837,-0.05181646,-0.05925825,0.8555046,0.04725003,-0.5122185,0.007578842,0.00337796,-0.02413489,0.3026581,0.05046082,0.9517517,0.02926202,0.002987824,-0.02306671,0.02926202,0.002987824,-0.02306671,0.2900238,0.06513977,0.9547882,0.2900238,0.06513977,0.9547882,5.08931,5.08931,True,True,True
1672279,63779589555296,-13.5775,2.590837,-0.05181646,-0.05925825,0.8555046,0.04725003,-0.5122185,0.007602417,0.003377548,-0.02413381,0.3030548,0.05158997,0.9515686,0.02926235,0.002986923,-0.02306684,0.02926235,0.002986923,-0.02306684,0.2895203,0.06770325,0.9547577,0.2895203,0.06770325,0.9547577,5.076172,5.076172,True,True,True
1672287,63779589555306,-13.57748,2.590778,-0.05204254,-0.05943246,0.8555229,0.04692212,-0.5121979,0.007469483,0.003368729,-0.02414473,0.3047638,0.05451965,0.9508514,0.02927521,0.002968308,-0.02307324,0.02927521,0.002968308,-0.02307324,0.2918701,0.07366943,0.9536133,0.2918701,0.07366943,0.9536133,5.095718,5.095718,True,True,True
1672295,63779589555318,-13.5775,2.590722,-0.05218595,-0.05938811,0.8555896,0.04665856,-0.5121157,0.007129959,0.003363861,-0.02416568,0.3077087,0.05723572,0.9497528,0.02928604,0.002949677,-0.02307965,0.02928604,0.002949677,-0.02307965,0.2960052,0.07969666,0.9518433,0.2960052,0.07969666,0.9518433,5.11586,5.11586,True,True,True
1672304,63779589555329,-13.57749,2.590649,-0.05225968,-0.05944998,0.8556241,0.04654191,-0.5120617,0.006674179,0.003372452,-0.02418779,0.3079681,0.05751038,0.949646,0.02928423,0.00294957,-0.02307938,0.02928423,0.00294957,-0.02307938,0.2960358,0.07987976,0.951828,0.2960358,0.07987976,0.951828,5.121246,5.121246,True,True,True
1672312,63779589555329,-13.57749,2.590649,-0.05225968,-0.05944998,0.8556241,0.04654191,-0.5120617,0.006525117,0.003375458,-0.0241949,0.3081665,0.05801392,0.9495544,0.02928325,0.002949646,-0.02307909,0.02928325,0.002949646,-0.02307909,0.2961731,0.0799408,0.951767,0.2961731,0.0799408,0.951767,5.116089,5.116089,True,True,True
1672320,63779589555340,-13.57741,2.590629,-0.05240542,-0.05944163,0.8556184,0.04649359,-0.5120765,0.006130173,0.0034086,-0.0242014,0.2982635,0.04568481,0.9533844,0.02919466,0.002994858,-0.02306055,0.02919466,0.002994858,-0.02306055,0.27742,0.06451416,0.9585724,0.27742,0.06451416,0.9585724,5.078476,5.078476,True,True,True
1672329,63779589555351,-13.57742,2.590554,-0.05254602,-0.05953412,0.8555671,0.04643732,-0.5121564,0.006998795,0.003281479,-0.0242095,0.318985,0.06161499,0.9457397,0.02908605,0.002867432,-0.02311243,0.02908605,0.002867432,-0.02311243,0.2988129,0.08381653,0.9506073,0.2988129,0.08381653,0.9506073,5.093445,5.093445,True,True,True
1672337,63779589555362,-13.57745,2.590517,-0.05268997,-0.05953136,0.8555181,0.04631558,-0.5122498,0.009029481,0.003189469,-0.02415842,0.3536835,0.04727173,0.9341583,0.0287892,0.002817581,-0.02316564,0.0287892,0.002817581,-0.02316564,0.3360901,0.06954956,0.9392548,0.3360901,0.06954956,0.9392548,5.106018,5.106018,True,True,True
1672345,63779589555362,-13.57745,2.590517,-0.05268997,-0.05953136,0.8555181,0.04631558,-0.5122498,0.01085231,0.003131226,-0.02412665,0.3898773,0.03695679,0.9201202,0.02858745,0.002814652,-0.02323872,0.02858745,0.002814652,-0.02323872,0.3829651,0.05628967,0.9220428,0.3829651,0.05628967,0.9220428,5.171432,5.171432,True,True,True
1672354,63779589555373,-13.57747,2.590487,-0.05281955,-0.05945641,0.8554766,0.04622781,-0.5123356,0.01350055,0.003065537,-0.02402324,0.4101105,0.03492737,0.9113617,0.02852176,0.002807678,-0.0232607,0.02852176,0.002807678,-0.0232607,0.405014,0.04397583,0.9132385,0.405014,0.04397583,0.9132385,5.179153,5.179153,True,True,True
1672362,63779589555384,-13.57746,2.590444,-0.05295789,-0.05941652,0.855436,0.04617044,-0.5124133,0.01561708,0.003020249,-0.02390268,0.4087524,0.02555847,0.9122772,0.02853496,0.002799378,-0.02324822,0.02853496,0.002799378,-0.02324822,0.4055939,0.03533936,0.9133606,0.4055939,0.03533936,0.9133606,5.168457,5.168457,True,True,True
1672370,63779589555396,-13.57752,2.590437,-0.05313361,-0.05929873,0.8553879,0.04604308,-0.5125186,0.01672913,0.003004547,-0.02384619,0.4126282,0.027771,0.9104614,0.02854669,0.002796188,-0.0232449,0.02854669,0.002796188,-0.0232449,0.4080963,0.03521729,0.9122467,0.4080963,0.03521729,0.9122467,5.186829,5.186829,True,True,True
1672379,63779589555396,-13.57752,2.590437,-0.05313361,-0.05929873,0.8553879,0.04604308,-0.5125186,0.01583853,0.003024552,-0.02389308,0.4144592,0.02835083,0.9096222,0.02854573,0.002799072,-0.02324786,0.02854573,0.002799072,-0.02324786,0.4106903,0.03678894,0.9110107,0.4106903,0.03678894,0.9110107,5.184021,5.184021,True,True,True
1672387,63779589555406,-13.57756,2.590425,-0.05326575,-0.05900044,0.8553348,0.04579126,-0.5126643,0.01470763,0.003045548,-0.02394968,0.4151001,0.02668762,0.9093781,0.02854643,0.002799866,-0.02324655,0.02854643,0.002799866,-0.02324655,0.410553,0.03636169,0.9111023,0.410553,0.03636169,0.9111023,5.191452,5.191452,True,True,True
1672395,63779589555418,-13.57768,2.590351,-0.05339557,-0.05875075,0.8553385,0.0454302,-0.5127189,0.01220248,0.003091004,-0.02407623,0.4166565,0.02548218,0.9086914,0.02854714,0.002800675,-0.02324524,0.02854714,0.002800675,-0.02324524,0.4110718,0.03625488,0.9108734,0.4110718,0.03625488,0.9108734,5.183899,5.183899,True,True,True
1672404,63779589555429,-13.57775,2.590252,-0.05354583,-0.05858151,0.8552999,0.04514352,-0.5128278,0.01019336,0.003127457,-0.02417876,0.4168854,0.02706909,0.9085388,0.02854831,0.002801712,-0.02324556,0.02854831,0.002801712,-0.02324556,0.4109497,0.040802,0.9107361,0.4109497,0.040802,0.9107361,5.18425,5.18425,True,True,True
1672412,63779589555429,-13.57775,2.590252,-0.05354583,-0.05858151,0.8552999,0.04514352,-0.5128278,0.008407303,0.003159775,-0.02426985,0.4175262,0.02867126,0.9082031,0.02854753,0.00280275,-0.02324587,0.02854753,0.00280275,-0.02324587,0.4111786,0.04545593,0.9104004,0.4111786,0.04545593,0.9104004,5.190033,5.190033,True,True,True
1672420,63779589555441,-13.57778,2.590213,-0.0537017,-0.05845797,0.8552597,0.04461681,-0.5129552,0.0056913,0.003208283,-0.02440759,0.4179535,0.02464294,0.9081268,0.02854733,0.00280397,-0.02324556,0.02854733,0.00280397,-0.02324556,0.4107971,0.04267883,0.9107208,0.4107971,0.04267883,0.9107208,5.195786,5.195786,True,True,True
1672429,63779589555451,-13.57782,2.590131,-0.0538168,-0.05843281,0.8552023,0.0442651,-0.5130841,0.004628693,0.003227417,-0.02446129,0.4178772,0.02238464,0.9082184,0.02854714,0.002805191,-0.02324524,0.02854714,0.002805191,-0.02324524,0.4104156,0.03982544,0.9110107,0.4104156,0.03982544,0.9110107,5.201599,5.201599,True,True,True
1672437,63779589555462,-13.57784,2.590086,-0.05399102,-0.05832976,0.8551657,0.0438528,-0.5131924,0.006283249,0.003198593,-0.02437659,0.4171906,0.02307129,0.9085083,0.02854733,0.002806046,-0.02324457,0.02854733,0.002806046,-0.02324457,0.4100037,0.03877258,0.9112549,0.4100037,0.03877258,0.9112549,5.20076,5.20076,True,True,True
1672445,63779589555462,-13.57784,2.590086,-0.05399102,-0.05832976,0.8551657,0.0438528,-0.5131924,0.006031113,0.003203415,-0.02438889,0.417099,0.02331543,0.9085541,0.02854753,0.002806915,-0.02324388,0.02854753,0.002806915,-0.02324388,0.4095764,0.03924561,0.9114227,0.4095764,0.03924561,0.9114227,5.201035,5.201035,True,True,True
1672454,63779589555474,-13.5779,2.590015,-0.05406386,-0.05835536,0.8551094,0.04347337,-0.5133154,0.006104721,0.00320372,-0.02438492,0.4174042,0.02416992,0.9083862,0.02854851,0.002809586,-0.02324352,0.02854851,0.002809586,-0.02324352,0.4103851,0.04075623,0.9109955,0.4103851,0.04075623,0.9109955,5.211151,5.211151,True,True,True
1672462,63779589555485,-13.57792,2.589938,-0.05415028,-0.05830762,0.8551673,0.04295976,-0.5132676,0.006153595,0.003204559,-0.02438222,0.4177399,0.02502441,0.9082184,0.02854947,0.002812256,-0.02324313,0.02854947,0.002812256,-0.02324313,0.4112091,0.04193115,0.9105682,0.4112091,0.04193115,0.9105682,5.221405,5.221405,True,True,True
1672470,63779589555496,-13.57797,2.589859,-0.05422992,-0.05832491,0.8551471,0.0426117,-0.5133283,0.006122788,0.003205063,-0.02438249,0.4174652,0.02502441,0.9083405,0.02854971,0.002812271,-0.02324118,0.02854971,0.002812271,-0.02324118,0.4108276,0.04190063,0.9107361,0.4108276,0.04190063,0.9107361,5.222443,5.222443,True,True,True
1672479,63779589555496,-13.57797,2.589859,-0.05422992,-0.05832491,0.8551471,0.0426117,-0.5133283,0.006085099,0.003205765,-0.02438312,0.4171906,0.02479553,0.9084625,0.02854947,0.002812271,-0.02323923,0.02854947,0.002812271,-0.02323923,0.4103088,0.04153442,0.9109955,0.4103088,0.04153442,0.9109955,5.22316,5.22316,True,True,True
1672487,63779589555507,-13.57804,2.589781,-0.05433184,-0.05824691,0.855137,0.04220984,-0.5133872,0.006016434,0.003207382,-0.02438588,0.4165039,0.02502441,0.908783,0.02854943,0.002812912,-0.02323805,0.02854943,0.002812912,-0.02323805,0.4092865,0.04156494,0.9114532,0.4092865,0.04156494,0.9114532,5.236359,5.236359,True,True,True
1672495,63779589555518,-13.57806,2.589747,-0.05440992,-0.05831726,0.8551379,0.0418738,-0.5134052,0.005936356,0.003209137,-0.02438922,0.415802,0.02519226,0.9090881,0.02854938,0.002813553,-0.02323688,0.02854938,0.002813553,-0.02323688,0.4082794,0.04145813,0.911911,0.4082794,0.04145813,0.911911,5.249878,5.249878,True,True,True
1672504,63779589555529,-13.57811,2.589674,-0.05443293,-0.05835493,0.8551025,0.04163996,-0.5134789,0.005897278,0.003210678,-0.02439086,0.4157257,0.02503967,0.9091339,0.02854938,0.002814972,-0.0232363,0.02854938,0.002814972,-0.0232363,0.4081879,0.0410614,0.9119568,0.4081879,0.0410614,0.9119568,5.254517,5.254517,True,True,True
1672512,63779589555529,-13.57811,2.589674,-0.05443293,-0.05835493,0.8551025,0.04163996,-0.5134789,0.005881073,0.003211243,-0.02439145,0.4150696,0.02497864,0.9094391,0.02854947,0.002815521,-0.02323618,0.02854947,0.002815521,-0.02323618,0.4072723,0.04100037,0.9123688,0.4072723,0.04100037,0.9123688,5.254089,5.254089,True,True,True
1672520,63779589555540,-13.57822,2.589605,-0.0545181,-0.05859004,0.8551028,0.04147075,-0.5134654,0.005906128,0.003211029,-0.02438939,0.4150238,0.02478027,0.9094543,0.02854996,0.002815872,-0.02323554,0.02854996,0.002815872,-0.02323554,0.4072266,0.04089355,0.9123993,0.4072266,0.04089355,0.9123993,5.258469,5.258469,True,True,True
1672529,63779589555551,-13.57827,2.58954,-0.05460352,-0.05880507,0.8551087,0.04127819,-0.5134465,0.005948792,0.003210327,-0.02438612,0.4140778,0.02467346,0.9098969,0.02854996,0.002815964,-0.02323393,0.02854996,0.002815964,-0.02323393,0.4062347,0.04071045,0.9128418,0.4062347,0.04071045,0.9128418,5.267395,5.267395,True,True,True
1672537,63779589555562,-13.57831,2.589469,-0.05467927,-0.05896923,0.8551701,0.04108928,-0.5133406,0.005984909,0.003210129,-0.02438287,0.4136963,0.0246582,0.9100647,0.02855124,0.002816666,-0.02323163,0.02855124,0.002816666,-0.02323163,0.4058533,0.04037476,0.9130249,0.4058533,0.04037476,0.9130249,5.266922,5.266922,True,True,True
1672545,63779589555562,-13.57831,2.589469,-0.05467927,-0.05896923,0.8551701,0.04108928,-0.5133406,0.005991654,0.003210266,-0.02438089,0.4135742,0.02529907,0.9101105,0.02855127,0.002817093,-0.02322913,0.02855127,0.002817093,-0.02322913,0.405899,0.04139709,0.9129639,0.405899,0.04139709,0.9129639,5.267776,5.267776,True,True,True
1672554,63779589555574,-13.57836,2.589428,-0.05478823,-0.05904771,0.8552038,0.04095554,-0.5132859,0.005785157,0.003236054,-0.02437869,0.4094238,0.02438354,0.9120026,0.02856326,0.002838135,-0.0232124,0.02856326,0.002838135,-0.0232124,0.3972321,0.04508972,0.9165955,0.3972321,0.04508972,0.9165955,5.265182,5.265182,True,True,True
1672562,63779589555585,-13.57841,2.58938,-0.05486065,-0.05913832,0.8551842,0.0409117,-0.5133116,0.005988617,0.003282227,-0.02434454,0.4043121,0.02438354,0.9142761,0.02863465,0.002871918,-0.02319071,0.02863465,0.002871918,-0.02319071,0.3964539,0.04753113,0.9168091,0.3964539,0.04753113,0.9168091,5.315201,5.315201,True,True,True
1672570,63779589555596,-13.57847,2.589411,-0.05492437,-0.05924156,0.8552086,0.04083702,-0.513265,0.005738785,0.003330094,-0.0243561,0.4054108,0.02423096,0.9138031,0.02864024,0.002910401,-0.02318385,0.02864024,0.002910401,-0.02318385,0.3945923,0.04612732,0.9176788,0.3945923,0.04612732,0.9176788,5.332901,5.332901,True,True,True
1672579,63779589555596,-13.57847,2.589411,-0.05492437,-0.05924156,0.8552086,0.04083702,-0.513265,0.005906235,0.003352585,-0.02436128,0.4019928,0.04167175,0.9146881,0.02862084,0.002944504,-0.02320279,0.02862084,0.002944504,-0.02320279,0.3903351,0.0668335,0.9182281,0.3903351,0.0668335,0.9182281,5.249786,5.249786,True,True,True
1672587,63779589555607,-13.57853,2.589407,-0.05496126,-0.05921851,0.8551964,0.04091528,-0.5132819,0.006050949,0.003347183,-0.02435295,0.4009705,0.04104614,0.9151611,0.02861868,0.002945969,-0.02320271,0.02861868,0.002945969,-0.02320271,0.3894196,0.06948853,0.9184265,0.3894196,0.06948853,0.9184265,5.301788,5.301788,True,True,True
1672595,63779589555618,-13.57842,2.589427,-0.05499488,-0.05922955,0.8551207,0.04090535,-0.5134076,0.00574939,0.003350083,-0.02436792,0.3993835,0.04019165,0.9158936,0.02861987,0.002943817,-0.02320261,0.02861987,0.002943817,-0.02320261,0.3878021,0.06991577,0.9190826,0.3878021,0.06991577,0.9190826,5.248825,5.248825,True,True,True
1672604,63779589555630,-13.57845,2.589531,-0.055013,-0.05925627,0.8550468,0.04096615,-0.5135226,0.005769821,0.0033479,-0.02436682,0.3986206,0.04122925,0.9161682,0.02862108,0.002941666,-0.0232025,0.02862108,0.002941666,-0.0232025,0.3874664,0.06996155,0.91922,0.3874664,0.06996155,0.91922,5.196014,5.196014,True,True,True
1672612,63779589555630,-13.57845,2.589531,-0.055013,-0.05925627,0.8550468,0.04096615,-0.5135226,0.005608521,0.003350815,-0.02437448,0.3998108,0.0418396,0.9156342,0.02862041,0.002941513,-0.02320137,0.02862041,0.002941513,-0.02320137,0.3885956,0.07009888,0.9187317,0.3885956,0.07009888,0.9187317,5.249222,5.249222,True,True,True
1672620,63779589555640,-13.57844,2.589553,-0.05501467,-0.05917273,0.855024,0.04102249,-0.5135657,0.005617752,0.003350449,-0.02437348,0.3994598,0.04244995,0.9157562,0.02862038,0.002941376,-0.02320024,0.02862038,0.002941376,-0.02320024,0.3872986,0.06982422,0.9192963,0.3872986,0.06982422,0.9192963,5.195923,5.195923,True,True,True
1672629,63779589555651,-13.57845,2.589567,-0.05502558,-0.05910746,0.854965,0.04108912,-0.513666,0.0058797,0.00334581,-0.02436025,0.4002991,0.04229736,0.91539,0.02862073,0.002941193,-0.02319957,0.02862073,0.002941193,-0.02319957,0.3886719,0.07006836,0.9187012,0.3886719,0.07006836,0.9187012,5.248535,5.248535,True,True,True
1672637,63779589555663,-13.57849,2.589595,-0.0550406,-0.05898089,0.8549568,0.04114281,-0.5136899,0.005976532,0.003343857,-0.02435542,0.3995056,0.04295349,0.9157104,0.02862108,0.00294101,-0.02319888,0.02862108,0.00294101,-0.02319888,0.3878174,0.06977844,0.9190826,0.3878174,0.06977844,0.9190826,5.228455,5.228455,True,True,True
1672645,63779589555663,-13.57849,2.589595,-0.0550406,-0.05898089,0.8549568,0.04114281,-0.5136899,0.006008652,0.003342972,-0.02435423,0.4000702,0.04165649,0.9155273,0.02862125,0.002940476,-0.02319852,0.02862125,0.002940476,-0.02319852,0.3889923,0.06797791,0.9187164,0.3889923,0.06797791,0.9187164,5.263443,5.263443,True,True,True
1672654,63779589555674,-13.57856,2.589585,-0.05508947,-0.05881453,0.8548976,0.04114354,-0.5138075,0.006259247,0.003338181,-0.02434186,0.4005585,0.04074097,0.9153595,0.02862141,0.002939957,-0.02319815,0.02862141,0.002939957,-0.02319815,0.390152,0.06632996,0.9183502,0.390152,0.06632996,0.9183502,5.298447,5.298447,True,True,True
1672662,63779589555685,-13.57858,2.589617,-0.05513048,-0.05863394,0.8548395,0.04119559,-0.5139205,0.006384232,0.003334946,-0.02433553,0.3997803,0.04071045,0.9156952,0.02862164,0.002938339,-0.02319789,0.02862164,0.002938339,-0.02319789,0.3890991,0.06607056,0.918808,0.3890991,0.06607056,0.918808,5.261963,5.261963,True,True,True
1672670,63779589555695,-13.57862,2.589623,-0.05517852,-0.05845313,0.8549092,0.04133408,-0.5138142,0.006438797,0.003332962,-0.02433278,0.4004364,0.04103088,0.91539,0.02862186,0.002936737,-0.02319763,0.02862186,0.002936737,-0.02319763,0.390274,0.06646729,0.9182892,0.390274,0.06646729,0.9182892,5.298492,5.298492,True,True,True
1672679,63779589555695,-13.57862,2.589623,-0.05517852,-0.05845313,0.8549092,0.04133408,-0.5138142,0.006476013,0.003331574,-0.02433064,0.3998566,0.03999329,0.9156952,0.02862228,0.002935761,-0.02319716,0.02862228,0.002935761,-0.02319716,0.3895264,0.06533813,0.9186859,0.3895264,0.06533813,0.9186859,5.285828,5.285828,True,True,True
1672687,63779589555706,-13.57866,2.589622,-0.05525804,-0.05834646,0.8549169,0.04157026,-0.5137944,0.006484101,0.003330704,-0.02432999,0.399353,0.03892517,0.9159546,0.02862271,0.002934784,-0.02319669,0.02862271,0.002934784,-0.02319669,0.3887634,0.06420898,0.9190826,0.3887634,0.06420898,0.9190826,5.272903,5.272903,True,True,True
1672695,63779589555717,-13.57868,2.589628,-0.05528241,-0.05842978,0.8549008,0.04153697,-0.5138144,0.00645842,0.00332991,-0.02433092,0.4001007,0.03884888,0.9156342,0.02862383,0.002933029,-0.02319599,0.02862383,0.002933029,-0.02319599,0.3899384,0.06452942,0.9185638,0.3899384,0.06452942,0.9185638,5.285583,5.285583,True,True,True
1672704,63779589555729,-13.57872,2.589614,-0.05533391,-0.05844248,0.854889,0.04153449,-0.5138329,0.006382767,0.003330002,-0.0243344,0.4008636,0.03868103,0.9153137,0.02862493,0.002931259,-0.02319528,0.02862493,0.002931259,-0.02319528,0.391098,0.06480408,0.918045,0.391098,0.06480408,0.918045,5.298172,5.298172,True,True,True
1672712,63779589555729,-13.57872,2.589614,-0.05533391,-0.05844248,0.854889,0.04153449,-0.5138329,0.00638263,0.003327774,-0.02433337,0.4003143,0.03614807,0.9156494,0.02862673,0.002927902,-0.02319348,0.02862673,0.002927902,-0.02319348,0.3898315,0.06074524,0.918869,0.3898315,0.06074524,0.918869,5.271698,5.271698,True,True,True
1672720,63779589555740,-13.57876,2.589581,-0.05531693,-0.05840005,0.8549526,0.04158821,-0.5137276,0.006443467,0.003324844,-0.02432942,0.4003143,0.03657532,0.9156342,0.02862695,0.002925019,-0.02319125,0.02862695,0.002925019,-0.02319125,0.3899231,0.0612793,0.9187927,0.3899231,0.0612793,0.9187927,5.272156,5.272156,True,True,True
1672729,63779589555752,-13.57877,2.589552,-0.0553928,-0.05845449,0.8549621,0.04137801,-0.5137223,0.00608992,0.003330338,-0.02434729,0.3993683,0.0357666,0.9160767,0.02862897,0.002924149,-0.0231906,0.02862897,0.002924149,-0.0231906,0.3883209,0.06054688,0.9195251,0.3883209,0.06054688,0.9195251,5.270737,5.270737,True,True,True
1672737,63779589555762,-13.57883,2.589615,-0.05548954,-0.05822138,0.8550253,0.04157086,-0.5136281,0.00452031,0.003355423,-0.02442671,0.3993225,0.03384399,0.9161682,0.02862897,0.002919922,-0.02318832,0.02862897,0.002919922,-0.02318832,0.387207,0.06039429,0.9199982,0.387207,0.06039429,0.9199982,5.262634,5.262634,True,True,True
1672745,63779589555762,-13.57883,2.589615,-0.05548954,-0.05822138,0.8550253,0.04157086,-0.5136281,0.004480103,0.003353256,-0.02442797,0.3991852,0.03239441,0.9162903,0.02862897,0.002916031,-0.02318653,0.02862897,0.002916031,-0.02318653,0.3872223,0.06137085,0.9199371,0.3872223,0.06137085,0.9199371,5.263138,5.263138,True,True,True
1672754,63779589555773,-13.57885,2.589583,-0.05546302,-0.0582099,0.8551018,0.04145208,-0.5135115,0.00597406,0.003320862,-0.02435094,0.3981476,0.03515625,0.9166412,0.02862897,0.002907349,-0.02318613,0.02862897,0.002907349,-0.02318613,0.3867188,0.06291199,0.9200287,0.3867188,0.06291199,0.9200287,5.259506,5.259506,True,True,True
1672762,63779589555786,-13.57888,2.589555,-0.05551296,-0.05829942,0.8551148,0.04118286,-0.5135016,0.004466431,0.003346665,-0.02442853,0.3995514,0.03256226,0.9161224,0.02862897,0.002904739,-0.02318596,0.02862897,0.002904739,-0.02318596,0.3872528,0.0614624,0.9199066,0.3872528,0.0614624,0.9199066,5.263626,5.263626,True,True,True
1672770,63779589555795,-13.5789,2.589521,-0.05554259,-0.05846957,0.8551869,0.04095232,-0.5133804,0.00441507,0.003342926,-0.02442824,0.3995972,0.03479004,0.9160156,0.02862897,0.002897049,-0.02318088,0.02862897,0.002897049,-0.02318088,0.3872528,0.06533813,0.9196472,0.3872528,0.06533813,0.9196472,5.261887,5.261887,True,True,True
1672779,63779589555805,-13.57894,2.589455,-0.05558836,-0.0584418,0.855249,0.04077797,-0.5132941,0.004411881,0.003341431,-0.02442864,0.3995209,0.03395081,0.9160767,0.02862897,0.002894684,-0.02318074,0.02862897,0.002894684,-0.02318074,0.3872375,0.06428528,0.9197235,0.3872375,0.06428528,0.9197235,5.259079,5.259079,True,True,True
1672787,63779589555805,-13.57894,2.589455,-0.05558836,-0.0584418,0.855249,0.04077797,-0.5132941,0.004390107,0.003340485,-0.0244277,0.3991241,0.03401184,0.9162598,0.02862897,0.002892929,-0.02317717,0.02862897,0.002892929,-0.02317717,0.3872681,0.06451416,0.919693,0.3872681,0.06451416,0.919693,5.259399,5.259399,True,True,True
1672795,63779589555816,-13.57896,2.589438,-0.05563962,-0.05846686,0.8552983,0.04062124,-0.5132216,0.004255921,0.003340393,-0.02443283,0.3988037,0.03375244,0.9163971,0.02862625,0.002889298,-0.02317418,0.02862625,0.002889298,-0.02317418,0.3865967,0.06477356,0.9199677,0.3865967,0.06477356,0.9199677,5.259308,5.259308,True,True,True
1672804,63779589555827,-13.57897,2.589364,-0.05566239,-0.05848966,0.8553821,0.04042761,-0.5130947,0.004204224,0.003338791,-0.02443527,0.39888,0.03388977,0.9163666,0.02862012,0.00288736,-0.02317391,0.02862012,0.00288736,-0.02317391,0.3860931,0.06443787,0.9201965,0.3860931,0.06443787,0.9201965,5.258713,5.258713,True,True,True
1672812,63779589555838,-13.579,2.589327,-0.05575407,-0.05857704,0.8554235,0.04023438,-0.5130309,0.004220459,0.003333756,-0.02443376,0.3995209,0.03457642,0.9160614,0.02861987,0.002879196,-0.02317275,0.02861987,0.002879196,-0.02317275,0.3871613,0.06559753,0.9196625,0.3871613,0.06559753,0.9196625,5.260025,5.260025,True,True,True
1672820,63779589555838,-13.579,2.589327,-0.05575407,-0.05857704,0.8554235,0.04023438,-0.5130309,0.004186447,0.003334366,-0.02443471,0.3982697,0.03521729,0.9165802,0.02861847,0.002879196,-0.02317125,0.02861847,0.002879196,-0.02317125,0.3857727,0.06639099,0.9201813,0.3857727,0.06639099,0.9201813,5.253586,5.253586,True,True,True
1672829,63779589555848,-13.57902,2.589287,-0.0557763,-0.05863015,0.8554784,0.04005893,-0.5129468,0.004229554,0.003333557,-0.02443294,0.3981476,0.03471375,0.9166565,0.02861798,0.002879196,-0.02317098,0.02861798,0.002879196,-0.02317098,0.3856506,0.06532288,0.9203186,0.3856506,0.06532288,0.9203186,5.252884,5.252884,True,True,True
1672837,63779589555860,-13.57905,2.589254,-0.05581897,-0.05863884,0.8554816,0.03990265,-0.5129528,0.004281464,0.003332566,-0.02442832,0.3990479,0.03364563,0.9163055,0.02861669,0.002879196,-0.02316765,0.02861669,0.002879196,-0.02316765,0.3863831,0.0632782,0.9201508,0.3863831,0.0632782,0.9201508,5.258148,5.258148,True,True,True
1672845,63779589555871,-13.57909,2.589205,-0.05581486,-0.05869863,0.8554758,0.03989372,-0.5129564,0.004390183,0.003330521,-0.02442186,0.398819,0.03372192,0.9163971,0.0286158,0.002879196,-0.02316624,0.0286158,0.002879196,-0.02316624,0.3860931,0.06315613,0.9202881,0.3860931,0.06315613,0.9202881,5.251877,5.251877,True,True,True
1672854,63779589555871,-13.57909,2.589205,-0.05581486,-0.05869863,0.8554758,0.03989372,-0.5129564,0.004407715,0.003330185,-0.02442035,0.4007568,0.0355072,0.9154816,0.02861548,0.002879196,-0.0231648,0.02861548,0.002879196,-0.0231648,0.3894806,0.06617737,0.9186401,0.3894806,0.06617737,0.9186401,5.255783,5.255783,True,True,True
1672862,63779589555882,-13.57914,2.589192,-0.0558334,-0.05887313,0.8554364,0.03993492,-0.5129988,0.004441132,0.003329559,-0.02441867,0.4017029,0.03634644,0.9150391,0.02861531,0.002879196,-0.02316399,0.02861531,0.002879196,-0.02316399,0.391037,0.06637573,0.9179688,0.391037,0.06637573,0.9179688,5.281265,5.281265,True,True,True
1672870,63779589555893,-13.57916,2.589128,-0.05583608,-0.05906641,0.8554166,0.03997215,-0.5130066,0.004424789,0.003329865,-0.02441834,0.4020233,0.03631592,0.9149017,0.02861475,0.002879196,-0.02316113,0.02861475,0.002879196,-0.02316113,0.3908997,0.06620789,0.9180298,0.3908997,0.06620789,0.9180298,5.281006,5.281006,True,True,True
1672879,63779589555904,-13.57918,2.589127,-0.05585021,-0.05922269,0.8554087,0.03983805,-0.5130123,0.004409638,0.003331635,-0.0244178,0.4016266,0.03518677,0.9151154,0.02861472,0.002881546,-0.0231588,0.02861472,0.002881546,-0.0231588,0.3910522,0.06556702,0.9180145,0.3910522,0.06556702,0.9180145,5.295151,5.295151,True,True,True
1672887,63779589555904,-13.57918,2.589127,-0.05585021,-0.05922269,0.8554087,0.03983805,-0.5130123,0.004393494,0.003332855,-0.02441716,0.401001,0.03540039,0.91539,0.02861369,0.002883026,-0.02315582,0.02861369,0.002883026,-0.02315582,0.3901367,0.06599426,0.9183807,0.3901367,0.06599426,0.9183807,5.280746,5.280746,True,True,True
1672895,63779589555916,-13.57921,2.589095,-0.05581945,-0.05918434,0.8554417,0.03994066,-0.5129536,0.004408585,0.003333252,-0.02441751,0.4010925,0.03366089,0.9154053,0.02861346,0.002883942,-0.0231555,0.02861346,0.002883942,-0.0231555,0.3902283,0.06285095,0.9185486,0.3902283,0.06285095,0.9185486,5.292801,5.292801,True,True,True
1672904,63779589555927,-13.57922,2.589083,-0.05581743,-0.05932316,0.8554001,0.03991337,-0.5130092,0.004422074,0.003333939,-0.0244167,0.4013672,0.03392029,0.9152832,0.02861334,0.002885346,-0.02315495,0.02861334,0.002885346,-0.02315495,0.3907776,0.06246948,0.9183502,0.3907776,0.06246948,0.9183502,5.297791,5.297791,True,True,True
1672912,63779589555939,-13.5792,2.589133,-0.05578434,-0.05916548,0.8554456,0.03991292,-0.5129515,0.004477784,0.003334229,-0.02441298,0.4019165,0.03308105,0.9150696,0.02861217,0.00288739,-0.02315355,0.02861217,0.00288739,-0.02315355,0.3910675,0.06085205,0.918335,0.3910675,0.06085205,0.918335,5.296829,5.296829,True,True,True
1672920,63779589555939,-13.5792,2.589133,-0.05578434,-0.05916548,0.8554456,0.03991292,-0.5129515,0.004542023,0.003333344,-0.0244095,0.4015198,0.03361511,0.9152222,0.028612,0.002887787,-0.02315329,0.028612,0.002887787,-0.02315329,0.3904572,0.06167603,0.9185486,0.3904572,0.06167603,0.9185486,5.297256,5.297256,True,True,True
1672929,63779589555950,-13.57918,2.589133,-0.05572563,-0.05911633,0.8554964,0.03995084,-0.5128695,0.004574982,0.003333832,-0.02440669,0.4007416,0.03479004,0.9155121,0.02861179,0.002888123,-0.02315116,0.02861179,0.002888123,-0.02315116,0.3898163,0.0640564,0.9186554,0.3898163,0.0640564,0.9186554,5.293655,5.293655,True,True,True
1672937,63779589555961,-13.57921,2.589131,-0.05572128,-0.05898843,0.8554723,0.03991024,-0.5129277,0.004635391,0.003333451,-0.02440383,0.4003601,0.0349884,0.9156799,0.02861102,0.002888443,-0.02315116,0.02861102,0.002888443,-0.02315116,0.3893433,0.06410217,0.9188538,0.3893433,0.06410217,0.9188538,5.27211,5.27211,True,True,True
1672945,63779589555972,-13.5792,2.589157,-0.05575097,-0.05914191,0.8554493,0.03985584,-0.5129526,0.004676026,0.003333328,-0.02440207,0.4002838,0.03448486,0.9157257,0.02861089,0.002888962,-0.02315116,0.02861089,0.002888962,-0.02315116,0.3893127,0.06365967,0.9188995,0.3893127,0.06365967,0.9188995,5.271835,5.271835,True,True,True
1672954,63779589555972,-13.5792,2.589157,-0.05575097,-0.05914191,0.8554493,0.03985584,-0.5129526,0.004635788,0.003334641,-0.0244018,0.3998718,0.03410339,0.9159241,0.02861081,0.002889389,-0.02314653,0.02861081,0.002889389,-0.02314653,0.388504,0.06315613,0.9192657,0.388504,0.06315613,0.9192657,5.267105,5.267105,True,True,True
1672962,63779589555983,-13.57922,2.589118,-0.0557363,-0.05903907,0.8554238,0.03979753,-0.5130114,0.004589264,0.0033358,-0.02440399,0.4002075,0.03436279,0.9157715,0.02861044,0.002889908,-0.02314604,0.02861044,0.002889908,-0.02314604,0.3884125,0.06291199,0.9193268,0.3884125,0.06291199,0.9193268,5.266861,5.266861,True,True,True
1672970,63779589555994,-13.57924,2.589128,-0.05569905,-0.05914117,0.8553725,0.03973932,-0.5130898,0.004512527,0.003337692,-0.02440685,0.3999176,0.03404236,0.9159088,0.02861044,0.002890137,-0.02314379,0.02861044,0.002890137,-0.02314379,0.3884277,0.06272888,0.9193268,0.3884277,0.06272888,0.9193268,5.266953,5.266953,True,True,True
1672979,63779589556005,-13.57933,2.589084,-0.05575925,-0.05915774,0.8553401,0.03961345,-0.5131515,0.004449356,0.003339676,-0.02440988,0.399826,0.03373718,0.9159546,0.02861044,0.002891175,-0.02314282,0.02861044,0.002891175,-0.02314282,0.3884277,0.06237793,0.9193573,0.3884277,0.06237793,0.9193573,5.266678,5.266678,True,True,True
1672987,63779589556005,-13.57933,2.589084,-0.05575925,-0.05915774,0.8553401,0.03961345,-0.5131515,0.004423401,0.003340973,-0.02441087,0.3998871,0.03346252,0.9159393,0.02861044,0.002892304,-0.02314202,0.02861044,0.002892304,-0.02314202,0.3884277,0.06201172,0.9193726,0.3884277,0.06201172,0.9193726,5.266388,5.266388,True,True,True
1672995,63779589556016,-13.57935,2.589058,-0.05573171,-0.0590695,0.8553799,0.03942657,-0.5131098,0.005951966,0.003312729,-0.0243306,0.3990021,0.0355072,0.9162598,0.02861044,0.002892304,-0.02314151,0.02861044,0.002892304,-0.02314151,0.3882141,0.06155396,0.9194946,0.3882141,0.06155396,0.9194946,5.244003,5.244003,True,True,True
1673004,63779589556028,-13.57936,2.588984,-0.05582339,-0.05910381,0.8553421,0.03930487,-0.5131779,0.005961731,0.003313034,-0.02432935,0.3981934,0.03552246,0.9165955,0.02861044,0.002892532,-0.02314021,0.02861044,0.002892532,-0.02314021,0.386795,0.06161499,0.9200897,0.386795,0.06161499,0.9200897,5.243271,5.243271,True,True,True
1673012,63779589556039,-13.57938,2.588961,-0.05582047,-0.05902164,0.8553446,0.03915726,-0.5131948,0.00595604,0.003313492,-0.02432831,0.3986969,0.03549194,0.9163818,0.02861102,0.002892853,-0.02313739,0.02861102,0.002892853,-0.02313739,0.3875275,0.06118774,0.9198151,0.3875275,0.06118774,0.9198151,5.269745,5.269745,True,True,True
1673020,63779589556039,-13.57938,2.588961,-0.05582047,-0.05902164,0.8553446,0.03915726,-0.5131948,0.006166855,0.003300873,-0.02432532,0.4034424,0.03608704,0.9142761,0.02857236,0.002880951,-0.02314389,0.02857236,0.002880951,-0.02314389,0.39328,0.06472778,0.9171295,0.39328,0.06472778,0.9171295,5.299744,5.299744,True,True,True
1673029,63779589556049,-13.57934,2.588927,-0.0557881,-0.05900395,0.8553516,0.0390307,-0.5131949,0.007171799,0.003265396,-0.02429627,0.4181519,0.03292847,0.9077759,0.02851076,0.002860962,-0.02316417,0.02851076,0.002860962,-0.02316417,0.4067383,0.05644226,0.9117889,0.4067383,0.05644226,0.9117889,5.361969,5.361969,True,True,True
1673037,63779589556061,-13.57934,2.588936,-0.05566418,-0.05909516,0.8552969,0.03891486,-0.5132843,0.007324875,0.003249222,-0.0242932,0.4181061,0.03915405,0.907547,0.02848416,0.002862946,-0.02317769,0.02848416,0.002862946,-0.02317769,0.4109192,0.06181335,0.9095612,0.4109192,0.06181335,0.9095612,5.342484,5.342484,True,True,True
1673045,63779589556072,-13.57934,2.58891,-0.055646,-0.05903357,0.8552424,0.03883533,-0.5133879,0.007654206,0.003238251,-0.02426399,0.4152679,0.03189087,0.9091339,0.02849024,0.002855896,-0.02315932,0.02849024,0.002855896,-0.02315932,0.407196,0.04946899,0.9119873,0.407196,0.04946899,0.9119873,5.377686,5.377686,True,True,True
1673054,63779589556072,-13.57934,2.58891,-0.055646,-0.05903357,0.8552424,0.03883533,-0.5133879,0.007909745,0.003234787,-0.02425324,0.4169922,0.03713989,0.9081421,0.02849202,0.002855942,-0.02316271,0.02849202,0.002855942,-0.02316271,0.4085693,0.05775452,0.9108887,0.4085693,0.05775452,0.9108887,5.381805,5.381805,True,True,True
1673062,63779589556083,-13.57934,2.588888,-0.05556214,-0.05912425,0.8552686,0.03864372,-0.5133486,0.008018204,0.003233933,-0.02424639,0.4173431,0.03407288,0.9080963,0.02849382,0.002855896,-0.02316007,0.02849382,0.002855896,-0.02316007,0.4081116,0.05323792,0.9113617,0.4081116,0.05323792,0.9113617,5.381119,5.381119,True,True,True
1673070,63779589556094,-13.57931,2.588848,-0.05553365,-0.05920349,0.8552068,0.03868129,-0.5134392,0.00789087,0.003237564,-0.02425409,0.4190063,0.03526306,0.9072876,0.02849388,0.002855942,-0.02316083,0.02849388,0.002855942,-0.02316083,0.4090729,0.05537415,0.9108124,0.4090729,0.05537415,0.9108124,5.380692,5.380692,True,True,True
1673079,63779589556106,-13.57931,2.588809,-0.05552864,-0.05920029,0.8552059,0.0385784,-0.5134491,0.007550812,0.003245194,-0.02427313,0.4206848,0.03614807,0.9064789,0.02849394,0.002856003,-0.02316159,0.02849394,0.002856003,-0.02316159,0.4100037,0.05752563,0.9102631,0.4100037,0.05752563,0.9102631,5.3797,5.3797,True,True,True
1673087,63779589556106,-13.57931,2.588809,-0.05552864,-0.05920029,0.8552059,0.0385784,-0.5134491,0.007066269,0.003254791,-0.02429932,0.4201202,0.03437805,0.9067993,0.02849478,0.002856125,-0.02316083,0.02849478,0.002856125,-0.02316083,0.4093018,0.0557251,0.9106903,0.4093018,0.0557251,0.9106903,5.380997,5.380997,True,True,True
1673095,63779589556117,-13.5793,2.588797,-0.055489,-0.05919972,0.8552065,0.03871505,-0.5134378,0.006461945,0.003266647,-0.02433191,0.421463,0.03279114,0.90625,0.02849564,0.002856247,-0.02316007,0.02849564,0.002856247,-0.02316007,0.4103394,0.05406189,0.9103241,0.4103394,0.05406189,0.9103241,5.377701,5.377701,True,True,True
1673104,63779589556128,-13.57929,2.588815,-0.05542845,-0.05912813,0.8552287,0.03871353,-0.5134093,0.006071106,0.003274719,-0.02435288,0.4216766,0.03317261,0.9061279,0.028496,0.002856766,-0.02315975,0.028496,0.002856766,-0.02315975,0.4104919,0.05557251,0.9101563,0.4104919,0.05557251,0.9101563,5.37793,5.37793,True,True,True
1673112,63779589556139,-13.57924,2.588882,-0.05537939,-0.05909189,0.8552096,0.0387658,-0.5134412,0.006051484,0.003275894,-0.02435408,0.421814,0.03390503,0.9060364,0.02849638,0.0028573,-0.02315941,0.02849638,0.0028573,-0.02315941,0.4105377,0.05702209,0.9100494,0.4105377,0.05702209,0.9100494,5.379883,5.379883,True,True,True
1673120,63779589556139,-13.57924,2.588882,-0.05537939,-0.05909189,0.8552096,0.0387658,-0.5134412,0.006586914,0.003267075,-0.02432587,0.4215698,0.03358459,0.9061584,0.02849681,0.002857773,-0.02315936,0.02849681,0.002857773,-0.02315936,0.4106903,0.05599976,0.9100494,0.4106903,0.05599976,0.9100494,5.378235,5.378235,True,True,True
1673129,63779589556150,-13.57922,2.588889,-0.05533421,-0.05917906,0.8551924,0.03899979,-0.513442,0.006558304,0.003268769,-0.02432767,0.4217987,0.03382874,0.9060516,0.02849722,0.002858246,-0.02315932,0.02849722,0.002858246,-0.02315932,0.4108582,0.05682373,0.9099121,0.4108582,0.05682373,0.9099121,5.380066,5.380066,True,True,True
1673137,63779589556161,-13.57914,2.588962,-0.05538082,-0.05930654,0.8551406,0.03915266,-0.5135021,0.006524979,0.003269547,-0.02432871,0.4218445,0.03320313,0.9060516,0.02849782,0.002858414,-0.02315794,0.02849782,0.002858414,-0.02315794,0.4109955,0.05578613,0.9099121,0.4109955,0.05578613,0.9099121,5.382416,5.382416,True,True,True
1673145,63779589556161,-13.57913,2.588953,-0.05526567,-0.05944666,0.8551338,0.03939883,-0.5134784,0.006411316,0.00327182,-0.02433402,0.4219818,0.0335083,0.9059753,0.02849843,0.002858582,-0.02315659,0.02849843,0.002858582,-0.02315659,0.4112396,0.05657959,0.9097595,0.4112396,0.05657959,0.9097595,5.385574,5.385574,True,True,True
1673154,63779589556173,-13.57913,2.588953,-0.05526567,-0.05944666,0.8551338,0.03939883,-0.5134784,0.005923829,0.003281998,-0.02436005,0.4220123,0.03222656,0.9060059,0.02849878,0.00285939,-0.02315651,0.02849878,0.00285939,-0.02315651,0.4112549,0.05548096,0.9098206,0.4112549,0.05548096,0.9098206,5.382202,5.382202,True,True,True
1673162,63779589556183,-13.57905,2.588983,-0.05519778,-0.05941154,0.8551335,0.0395316,-0.5134726,0.005942048,0.003282715,-0.02435912,0.4218292,0.03134155,0.9061279,0.02849915,0.002860199,-0.02315643,0.02849915,0.002860199,-0.02315643,0.4113159,0.05432129,0.9098663,0.4113159,0.05432129,0.9098663,5.383972,5.383972,True,True,True
1673170,63779589556195,-13.57903,2.589032,-0.05510765,-0.05963358,0.8551787,0.039767,-0.5133536,0.005966751,0.003282929,-0.02435781,0.4219055,0.03115845,0.9060974,0.02849936,0.002861283,-0.02315636,0.02849936,0.002861283,-0.02315636,0.4113922,0.05400085,0.9098511,0.4113922,0.05400085,0.9098511,5.385864,5.385864,True,True,True
1673179,63779589556206,-13.57899,2.589057,-0.0550797,-0.05967124,0.8551781,0.04000269,-0.5133319,0.006004975,0.003282242,-0.02435474,0.4214172,0.03123474,0.906311,0.02850133,0.002861283,-0.02315427,0.02850133,0.002861283,-0.02315427,0.4099121,0.05378723,0.9105225,0.4099121,0.05378723,0.9105225,5.384796,5.384796,True,True,True
1673187,63779589556206,-13.57899,2.589057,-0.0550797,-0.05967124,0.8551781,0.04000269,-0.5133319,0.005984467,0.003282623,-0.02435579,0.4214935,0.03112793,0.9062805,0.02850154,0.002861283,-0.02315412,0.02850154,0.002861283,-0.02315412,0.4099884,0.05378723,0.9104919,0.4099884,0.05378723,0.9104919,5.385162,5.385162,True,True,True
1673195,63779589556218,-13.57902,2.589078,-0.05498296,-0.0597512,0.8552219,0.04016622,-0.5132368,0.006027039,0.003281876,-0.02435207,0.4210968,0.03016663,0.9065094,0.02850224,0.002861283,-0.02315169,0.02850224,0.002861283,-0.02315169,0.4100342,0.05279541,0.9105225,0.4100342,0.05279541,0.9105225,5.387375,5.387375,True,True,True
1673204,63779589556229,-13.57905,2.589065,-0.0550136,-0.05975729,0.8552788,0.04038952,-0.5131239,0.005975861,0.003283112,-0.02435472,0.4208679,0.02957153,0.9066315,0.02850282,0.002861283,-0.02315152,0.02850282,0.002861283,-0.02315152,0.4100189,0.05213928,0.9105682,0.4100189,0.05213928,0.9105682,5.389603,5.389603,True,True,True
1673212,63779589556229,-13.57905,2.589065,-0.0550136,-0.05975729,0.8552788,0.04038952,-0.5131239,0.005949265,0.003283646,-0.02435512,0.4215698,0.0294342,0.906311,0.0285049,0.002861283,-0.02314969,0.0285049,0.002861283,-0.02314969,0.4107361,0.05192566,0.9102631,0.4107361,0.05192566,0.9102631,5.387405,5.387405,True,True,True
1673220,63779589556240,-13.57902,2.589103,-0.0549705,-0.05984553,0.8553819,0.04045606,-0.5129362,0.005896042,0.003284744,-0.02435703,0.4215698,0.02932739,0.906311,0.02850496,0.002861283,-0.02314815,0.02850496,0.002861283,-0.02314815,0.4106598,0.05186462,0.9103088,0.4106598,0.05186462,0.9103088,5.396545,5.396545,True,True,True
1673229,63779589556251,-13.57895,2.589123,-0.05497068,-0.05981564,0.8554646,0.04056215,-0.5127935,0.005835846,0.003285874,-0.02435932,0.4204559,0.02737427,0.9068909,0.02850525,0.002861283,-0.02314659,0.02850525,0.002861283,-0.02314659,0.4096832,0.04882813,0.9109039,0.4096832,0.04882813,0.9109039,5.394318,5.394318,True,True,True
1673237,63779589556263,-13.5789,2.589128,-0.0549643,-0.05988358,0.8554664,0.04075323,-0.5127676,0.005786865,0.003286774,-0.02436058,0.4211578,0.02726746,0.9065704,0.02850531,0.002861267,-0.02314438,0.02850531,0.002861267,-0.02314438,0.4108276,0.04872131,0.9104004,0.4108276,0.04872131,0.9104004,5.398331,5.398331,True,True,True
1673245,63779589556263,-13.5789,2.589128,-0.0549643,-0.05988358,0.8554664,0.04075323,-0.5127676,0.005736344,0.003287155,-0.02436253,0.420578,0.02719116,0.9068451,0.02850531,0.002860489,-0.02314311,0.02850531,0.002860489,-0.02314311,0.40979,0.04859924,0.9108734,0.40979,0.04859924,0.9108734,5.398834,5.398834,True,True,True
1673254,63779589556274,-13.57886,2.589167,-0.05490375,-0.05976334,0.8555829,0.04062678,-0.5125971,0.00570105,0.003286743,-0.02436328,0.4205933,0.02711487,0.9068298,0.02850531,0.002858719,-0.02314124,0.02850531,0.002858719,-0.02314124,0.4098053,0.04899597,0.9108429,0.4098053,0.04899597,0.9108429,5.399094,5.399094,True,True,True
1673262,63779589556285,-13.57877,2.589169,-0.05491209,-0.05983892,0.855649,0.04065652,-0.5124757,0.005794861,0.003295227,-0.02434212,0.4181213,0.03439331,0.9077301,0.0285428,0.002853836,-0.02312178,0.0285428,0.002853836,-0.02312178,0.4073639,0.05947876,0.9113159,0.4073639,0.05947876,0.9113159,5.392487,5.392487,True,True,True
1673270,63779589556295,-13.57871,2.589181,-0.05488932,-0.05988687,0.8557057,0.04067136,-0.5123741,0.005345643,0.003349137,-0.02433998,0.4049835,0.04814148,0.9130402,0.02866988,0.002914353,-0.0230815,0.02866988,0.002914353,-0.0230815,0.3913269,0.06855774,0.9176788,0.3913269,0.06855774,0.9176788,5.377899,5.377899,True,True,True
1673279,63779589556295,-13.57871,2.589181,-0.05488932,-0.05988687,0.8557057,0.04067136,-0.5123741,0.005748749,0.003395462,-0.02428647,0.3799591,0.05737305,0.9232178,0.02875403,0.002957657,-0.02306435,0.02875403,0.002957657,-0.02306435,0.366806,0.08970642,0.9259491,0.366806,0.08970642,0.9259491,5.270599,5.270599,True,True,True
1673287,63779589556307,-13.57868,2.589187,-0.05487168,-0.05988463,0.8557712,0.04073171,-0.51226,0.007261109,0.003399613,-0.0242144,0.37677,0.07594299,0.923172,0.0287554,0.002984726,-0.02307689,0.0287554,0.002984726,-0.02307689,0.3660889,0.1047821,0.9246521,0.3660889,0.1047821,0.9246521,5.317947,5.317947,True,True,True
1673295,63779589556319,-13.57865,2.589197,-0.05486339,-0.05994412,0.8558399,0.04092097,-0.5121232,0.008375,0.003387055,-0.02415671,0.3789215,0.07493591,0.9223785,0.0287354,0.002995606,-0.0230809,0.0287354,0.002995606,-0.0230809,0.3733978,0.09843445,0.9224243,0.3733978,0.09843445,0.9224243,5.290588,5.290588,True,True,True
1673304,63779589556329,-13.57863,2.589194,-0.05472195,-0.06015571,0.8558841,0.0411676,-0.5120048,0.009261765,0.003368836,-0.02410799,0.3761444,0.07518005,0.9234924,0.028733,0.00299559,-0.02307446,0.028733,0.00299559,-0.02307446,0.3670654,0.09919739,0.924881,0.3670654,0.09919739,0.924881,5.319366,5.319366,True,True,True
1673312,63779589556329,-13.57863,2.589194,-0.05472195,-0.06015571,0.8558841,0.0411676,-0.5120048,0.009560548,0.003363739,-0.0240949,0.3794098,0.07556152,0.9221191,0.02873433,0.00299469,-0.02307404,0.02873433,0.00299469,-0.02307404,0.3688507,0.09832764,0.9242554,0.3688507,0.09832764,0.9242554,5.30191,5.30191,True,True,True
1673320,63779589556340,-13.57859,2.589188,-0.05473435,-0.06026727,0.8558352,0.04150021,-0.5120466,0.009527909,0.003363831,-0.02409619,0.3785553,0.07582092,0.9224548,0.02873566,0.00299382,-0.02307362,0.02873566,0.00299382,-0.02307362,0.3677673,0.09962463,0.9245605,0.3677673,0.09962463,0.9245605,5.320099,5.320099,True,True,True
1673329,63779589556351,-13.57856,2.589186,-0.05473238,-0.06042346,0.8558485,0.04156408,-0.5120007,0.009170868,0.003370743,-0.02411431,0.379425,0.07485962,0.9221802,0.02873667,0.002993805,-0.02307257,0.02873667,0.002993805,-0.02307257,0.3690491,0.09965515,0.9240417,0.3690491,0.09965515,0.9240417,5.317581,5.317581,True,True,True
1673337,63779589556362,-13.57845,2.58918,-0.05472893,-0.06049695,0.8559029,0.04158467,-0.5118994,0.008417893,0.003385361,-0.02415344,0.3799438,0.07400513,0.9220276,0.02873766,0.002993775,-0.02307152,0.02873766,0.002993775,-0.02307152,0.3703461,0.09963989,0.9235229,0.3703461,0.09963989,0.9235229,5.314896,5.314896,True,True,True
1673345,63779589556362,-13.57845,2.58918,-0.05472893,-0.06049695,0.8559029,0.04158467,-0.5118994,0.007430024,0.003403351,-0.02420558,0.3792267,0.07263184,0.9224396,0.0287388,0.002991928,-0.02307126,0.0287388,0.002991928,-0.02307126,0.3696136,0.1001129,0.9237671,0.3696136,0.1001129,0.9237671,5.318176,5.318176,True,True,True
1673354,63779589556375,-13.5784,2.5892,-0.05471975,-0.06063223,0.8559157,0.0415569,-0.5118644,0.006827484,0.003413864,-0.0242372,0.3798828,0.07246399,0.9221802,0.02873995,0.002990097,-0.023071,0.02873995,0.002990097,-0.023071,0.3701019,0.1006012,0.9235229,0.3701019,0.1006012,0.9235229,5.315521,5.315521,True,True,True
1673362,63779589556385,-13.57837,2.589217,-0.05470514,-0.06060836,0.855921,0.04159801,-0.5118548,0.006759217,0.003415039,-0.0242404,0.3805542,0.07150269,0.9219818,0.02874194,0.002989807,-0.02307076,0.02874194,0.002989807,-0.02307076,0.3709869,0.0995636,0.9232788,0.3709869,0.0995636,0.9232788,5.309448,5.309448,True,True,True
1673370,63779589556396,-13.57833,2.589224,-0.05470067,-0.06050143,0.8560132,0.0415624,-0.5117161,0.00657254,0.003418503,-0.02425054,0.3809509,0.07092285,0.9218597,0.02874393,0.002989533,-0.02307051,0.02874393,0.002989533,-0.02307051,0.3711395,0.09861755,0.9233093,0.3711395,0.09861755,0.9233093,5.31456,5.31456,True,True,True
1673379,63779589556396,-13.57833,2.589224,-0.05470067,-0.06050143,0.8560132,0.0415624,-0.5117161,0.006483414,0.003419922,-0.02425505,0.3809357,0.07157898,0.921814,0.02874446,0.002989014,-0.02306967,0.02874446,0.002989014,-0.02306967,0.3706665,0.09942627,0.9234161,0.3706665,0.09942627,0.9234161,5.318344,5.318344,True,True,True
1673387,63779589556407,-13.57827,2.58923,-0.0546754,-0.06033552,0.8561069,0.04165547,-0.5115713,0.006543549,0.003418503,-0.02425139,0.3812714,0.07128906,0.9217072,0.02874498,0.002988648,-0.02306883,0.02874498,0.002988648,-0.02306883,0.3714294,0.09877014,0.9231873,0.3714294,0.09877014,0.9231873,5.315094,5.315094,True,True,True
1673395,63779589556418,-13.57827,2.589243,-0.05465114,-0.0602139,0.8562396,0.04172478,-0.5113582,0.006479264,0.003419693,-0.02425467,0.3816223,0.0710144,0.9215698,0.02874623,0.002988571,-0.02306845,0.02874623,0.002988571,-0.02306845,0.3721161,0.09851074,0.9229279,0.3721161,0.09851074,0.9229279,5.309494,5.309494,True,True,True
1673404,63779589556429,-13.57823,2.589289,-0.05464286,-0.06012823,0.8563073,0.04173781,-0.5112538,0.006576676,0.003417771,-0.02424951,0.3821564,0.07113647,0.9213409,0.02874748,0.002988495,-0.02306807,0.02874748,0.002988495,-0.02306807,0.3728027,0.0987854,0.9226227,0.3728027,0.0987854,0.9226227,5.304337,5.304337,True,True,True
1673412,63779589556429,-13.57823,2.589289,-0.05464286,-0.06012823,0.8563073,0.04173781,-0.5112538,0.006561402,0.003417862,-0.02424973,0.3822937,0.07106018,0.9212952,0.02874681,0.00298819,-0.02306677,0.02874681,0.00298819,-0.02306677,0.3727722,0.09899902,0.9226227,0.3727722,0.09899902,0.9226227,5.300186,5.300186,True,True,True
1673420,63779589556441,-13.57816,2.589259,-0.05455744,-0.05991706,0.8564086,0.04179626,-0.511104,0.006495606,0.003415467,-0.02425238,0.3830566,0.07145691,0.9209442,0.02871626,0.002982849,-0.02306671,0.02871626,0.002982849,-0.02306671,0.3737335,0.09971619,0.9221497,0.3737335,0.09971619,0.9221497,5.319687,5.319687,True,True,True
1673429,63779589556451,-13.57811,2.589254,-0.05455297,-0.05986485,0.8564545,0.04188943,-0.5110257,0.006214051,0.00341623,-0.02426261,0.3812103,0.07241821,0.9216309,0.02873128,0.002974869,-0.02305774,0.02873128,0.002974869,-0.02305774,0.3701935,0.1018829,0.9233398,0.3701935,0.1018829,0.9233398,5.329102,5.329102,True,True,True
1673437,63779589556462,-13.57804,2.589229,-0.05448723,-0.05977098,0.8565455,0.04182554,-0.5108894,0.005754044,0.003412903,-0.02427811,0.3812561,0.06817627,0.921936,0.02874112,0.002954163,-0.02304202,0.02874112,0.002954163,-0.02304202,0.3692017,0.0962677,0.9243317,0.3692017,0.0962677,0.9243317,5.297363,5.297363,True,True,True
1673445,63779589556462,-13.57804,2.589229,-0.05448723,-0.05977098,0.8565455,0.04182554,-0.5108894,0.005391556,0.0034254,-0.02429968,0.3911133,0.06051636,0.918335,0.02876454,0.002957642,-0.02304524,0.02876454,0.002957642,-0.02304524,0.3795319,0.09686279,0.9200897,0.3795319,0.09686279,0.9200897,5.210114,5.210114,True,True,True
1673454,63779589556473,-13.57799,2.589207,-0.05451351,-0.05976849,0.8565763,0.04185067,-0.510836,0.005373169,0.003420746,-0.02430663,0.385788,0.06782532,0.9200745,0.02877226,0.002953888,-0.02304753,0.02877226,0.002953888,-0.02304753,0.3774109,0.1006775,0.9205475,0.3774109,0.1006775,0.9205475,5.261383,5.261383,True,True,True
1673462,63779589556485,-13.578,2.58917,-0.05451244,-0.05969457,0.8565845,0.04191214,-0.5108256,0.005367035,0.003449844,-0.02429147,0.3790588,0.05473328,0.9237366,0.02876769,0.00299968,-0.02304015,0.02876769,0.00299968,-0.02304015,0.3725891,0.08889771,0.9237213,0.3725891,0.08889771,0.9237213,5.240524,5.240524,True,True,True
1673470,63779589556496,-13.57797,2.589173,-0.05449134,-0.05960099,0.8566089,0.04182221,-0.5108031,0.006106339,0.003484406,-0.02426482,0.3874817,0.06271362,0.9197388,0.02886502,0.003034424,-0.02306085,0.02886502,0.003034424,-0.02306085,0.3809509,0.1019287,0.9189453,0.3809509,0.1019287,0.9189453,5.409637,5.409637,True,True,True
1673479,63779589556496,-13.57797,2.589173,-0.05449134,-0.05960099,0.8566089,0.04182221,-0.5108031,-0.02887375,0.004231384,-0.02603925,0.3660431,-0.02378845,0.9302826,0.02901352,0.003122238,-0.02303238,0.02901352,0.003122238,-0.02303238,0,0,0,0,0,0,-1,-1,True,True,True
1673487,63779589556507,-13.57792,2.589172,-0.05446535,-0.05963037,0.8566577,0.04173554,-0.5107249,-0.02882352,0.004304856,-0.02601038,0.3692169,-0.04743958,0.9281158,0.02912042,0.003238846,-0.02301901,0.02912042,0.003238846,-0.02301901,0,0,0,0,0,0,-1,-1,True,True,True
1673495,63779589556518,-13.57788,2.589133,-0.05438161,-0.05958752,0.8567327,0.04168825,-0.510608,-0.02870863,0.004450226,-0.02597208,0.3552551,-0.02592468,0.9344025,0.02913094,0.003348923,-0.02289827,0.02913094,0.003348923,-0.02289827,0,0,0,0,0,0,-1,-1,True,True,True
1673503,63779589556529,-13.57784,2.589119,-0.05436373,-0.05965662,0.8567678,0.04159089,-0.5105489,-0.02860706,0.004493744,-0.02584683,0.3309784,-0.1286163,0.9348145,0.02943219,0.003191269,-0.02272991,0.02943219,0.003191269,-0.02272991,0,0,0,0,0,0,-1,-1,True,True,True
1673512,63779589556529,-13.57784,2.589119,-0.05436373,-0.05965662,0.8567678,0.04159089,-0.5105489,-0.001,-0.001,-0.001,1,-1,-1,0.03031903,0.001794144,-0.02268152,0.03031903,0.001794144,-0.02268152,0,0,0,0,0,0,-1,-1,False,True,True
1673520,63779589556540,-13.57781,2.589096,-0.05433619,-0.059622,0.8568072,0.04141867,-0.5105009,-0.001,-0.001,-0.001,1,-1,-1,0.03110474,0.00173114,-0.02275812,0.03110474,0.00173114,-0.02275812,0,0,0,0,0,0,-1,-1,False,True,True
1673528,63779589556552,-13.5778,2.58907,-0.05431187,-0.05962118,0.8568699,0.04136482,-0.5104002,-0.001,-0.001,-0.001,1,-1,-1,0.03186435,0.02270601,-0.1001523,0.03186435,0.02270601,-0.1001523,0,0,0,0,0,0,-1,-1,False,True,True
1673537,63779589556563,-13.57778,2.589059,-0.05429077,-0.05968205,0.8569161,0.04128735,-0.5103217,-0.001,-0.001,-0.001,1,-1,-1,0.03127719,0.001751801,-0.02277886,0.03127719,0.001751801,-0.02277886,0,0,0,0,0,0,-1,-1,False,True,True
1673545,63779589556563,-13.57778,2.589059,-0.05429077,-0.05968205,0.8569161,0.04128735,-0.5103217,-0.001,-0.001,-0.001,1,-1,-1,0.03126773,0.0009440766,-0.01769885,0.03126773,0.0009440766,-0.01769885,0,0,0,0,0,0,-1,-1,False,True,True
1673553,63779589556573,-13.57775,2.589057,-0.05427015,-0.05968505,0.8569463,0.0412044,-0.5102773,-0.001,-0.001,-0.001,1,-1,-1,0.03187073,0.002089493,-0.02265428,0.03187073,0.002089493,-0.02265428,0,0,0,0,0,0,-1,-1,False,True,True
1673562,63779589556584,-13.57772,2.589046,-0.05423504,-0.05959318,0.8570248,0.04108452,-0.510166,-0.001,-0.001,-0.001,1,-1,-1,0.02994795,0.001722733,-0.01525517,0.02994795,0.001722733,-0.01525517,0,0,0,0,0,0,-1,-1,False,True,True
1673570,63779589556595,-13.57765,2.589031,-0.05421609,-0.05958142,0.8570538,0.04112023,-0.5101157,-0.001,-0.001,-0.001,1,-1,-1,0.02943628,0.002429352,-0.02076558,0.02943628,0.002429352,-0.02076558,0,0,0,0,0,0,-1,-1,False,True,True
1673578,63779589556606,-13.57762,2.589044,-0.05429614,-0.05961574,0.8571323,0.0410457,-0.5099857,-0.001,-0.001,-0.001,1,-1,-1,0.02980847,0.003303467,-0.02280322,0.02980847,0.003303467,-0.02280322,0,0,0,0,0,0,-1,-1,False,True,True
1673587,63779589556606,-13.57762,2.589044,-0.05429614,-0.05961574,0.8571323,0.0410457,-0.5099857,-0.001,-0.001,-0.001,1,-1,-1,0.02985356,0.003569702,-0.02284114,0.02985356,0.003569702,-0.02284114,0,0,0,0,0,0,-1,-1,False,True,True
1673595,63779589556617,-13.57757,2.589032,-0.05425394,-0.05959025,0.8572264,0.04104597,-0.5098307,-0.001,-0.001,-0.001,1,-1,-1,0.02977748,0.00366214,-0.02273631,0.02977748,0.00366214,-0.02273631,0,0,0,0,0,0,-1,-1,False,True,True
1673603,63779589556628,-13.57754,2.589034,-0.05429959,-0.05948351,0.8572574,0.04115011,-0.5097826,-0.001,-0.001,-0.001,1,-1,-1,0.02986113,0.003588394,-0.0228419,0.02986113,0.003588394,-0.0228419,0,0,0,0,0,0,-1,-1,False,True,True
1673612,63779589556639,-13.57746,2.589088,-0.05424088,-0.05945856,0.857339,0.04122945,-0.5096419,-0.001,-0.001,-0.001,1,-1,-1,0.02946729,0.003305786,-0.02291853,0.02946729,0.003305786,-0.02291853,0,0,0,0,0,0,-1,-1,False,True,True
1673620,63779589556639,-13.57746,2.589088,-0.05424088,-0.05945856,0.857339,0.04122945,-0.5096419,-0.001,-0.001,-0.001,1,-1,-1,0.02940421,0.003384171,-0.02296681,0.02940421,0.003384171,-0.02296681,0,0,0,0,0,0,-1,-1,False,True,True
1673628,63779589556651,-13.57742,2.589117,-0.05424827,-0.05944215,0.8573261,0.04137317,-0.5096537,-0.001,-0.001,-0.001,1,-1,-1,0.02932523,0.003335297,-0.02297966,0.02932523,0.003335297,-0.02297966,0,0,0,0,0,0,-1,-1,False,True,True
1673637,63779589556662,-13.57737,2.58917,-0.05414802,-0.05945035,0.8573496,0.04144273,-0.5096077,-0.001,-0.001,-0.001,1,-1,-1,0.02932454,0.003315521,-0.02297952,0.02932454,0.003315521,-0.02297952,0,0,0,0,0,0,-1,-1,False,True,True
1673645,63779589556672,-13.57737,2.589145,-0.05413473,-0.05941723,0.8574056,0.04150861,-0.5095119,-0.001,-0.001,-0.001,1,-1,-1,0.02934604,0.003275513,-0.0229821,0.02934604,0.003275513,-0.0229821,0,0,0,0,0,0,-1,-1,False,True,True
1673653,63779589556672,-13.57737,2.589145,-0.05413473,-0.05941723,0.8574056,0.04150861,-0.5095119,-0.02860037,0.004374146,-0.02590837,0.3140717,-0.02244568,0.9491272,0.02929295,0.00323851,-0.02299216,0.02929295,0.00323851,-0.02299216,0,0,0,0,0,0,-1,-1,True,True,True
1673662,63779589556684,-13.57734,2.58916,-0.05408621,-0.05944136,0.8574214,0.04152855,-0.5094808,-0.001704666,0.003796631,-0.0245811,0.305603,0.04760742,0.9509583,0.02901847,0.003227921,-0.02298468,0.02901847,0.003227921,-0.02298468,0.2607117,0.1170807,0.9582825,0.2607117,0.1170807,0.9582825,5.311691,5.311691,True,True,True
1673670,63779589556695,-13.5774,2.589141,-0.05403495,-0.05934344,0.8574893,0.04163608,-0.5093691,0.002373032,0.003687531,-0.02444309,0.3535767,0.08552551,0.9314728,0.02898541,0.003186127,-0.02304619,0.02898541,0.003186127,-0.02304619,0.3349152,0.1408234,0.9316559,0.3349152,0.1408234,0.9316559,5.60022,5.60022,True,True,True
1673678,63779589556706,-13.57738,2.589135,-0.05396706,-0.05925155,0.8575375,0.04176888,-0.5092878,0.01505823,0.003427399,-0.02380936,0.3662109,0.1092682,0.9240875,0.02886415,0.003164536,-0.02307601,0.02886415,0.003164536,-0.02307601,0.3600006,0.1281891,0.9240875,0.3600006,0.1281891,0.9240875,5.541473,5.541473,True,True,True
1673687,63779589556706,-13.57738,2.589135,-0.05396706,-0.05925155,0.8575375,0.04176888,-0.5092878,0.02054678,0.003340836,-0.02349433,0.3739014,0.1024017,0.9217834,0.02885883,0.003186691,-0.02305113,0.02885883,0.003186691,-0.02305113,0.3693695,0.1185455,0.9216766,0.3693695,0.1185455,0.9216766,5.546509,5.546509,True,True,True
1673695,63779589556717,-13.57733,2.589125,-0.05390483,-0.05927628,0.8575424,0.04183095,-0.5092716,0.02326372,0.003264862,-0.0233447,0.3686829,0.1048584,0.9236145,0.02886266,0.003162186,-0.02304585,0.02886266,0.003162186,-0.02304585,0.3665161,0.1142731,0.9233551,0.3665161,0.1142731,0.9233551,5.487167,5.487167,True,True,True
1673703,63779589556728,-13.57725,2.589174,-0.05381918,-0.05935672,0.8575478,0.04196671,-0.509242,0.02358743,0.003251862,-0.02332669,0.3714752,0.105072,0.9224701,0.02886253,0.003152863,-0.02304685,0.02886253,0.003152863,-0.02304685,0.3697052,0.1146851,0.9220276,0.3697052,0.1146851,0.9220276,5.480255,5.480255,True,True,True
1673712,63779589556739,-13.57725,2.589179,-0.05374378,-0.05934431,0.8575392,0.0421181,-0.5092455,0.02292696,0.003256729,-0.0233702,0.3692322,0.112442,0.9225006,0.02885736,0.003145081,-0.02305298,0.02885736,0.003145081,-0.02305298,0.3674622,0.1208954,0.9221344,0.3674622,0.1208954,0.9221344,5.4758,5.4758,True,True,True
1673720,63779589556739,-13.57725,2.589179,-0.05374378,-0.05934431,0.8575392,0.0421181,-0.5092455,0.020355,0.003298004,-0.02351299,0.3724213,0.1051178,0.9220734,0.02882767,0.003141602,-0.02305969,0.02882767,0.003141602,-0.02305969,0.3701172,0.1165161,0.9216309,0.3701172,0.1165161,0.9216309,5.474075,5.474075,True,True,True
1673728,63779589556750,-13.57721,2.589223,-0.05369014,-0.05940103,0.8574879,0.04229383,-0.5093105,0.01576346,0.003367615,-0.02373836,0.3759918,0.08566284,0.9226379,0.02884929,0.003128265,-0.02303644,0.02884929,0.003128265,-0.02303644,0.37323,0.1049347,0.9217682,0.37323,0.1049347,0.9217682,5.404358,5.404358,True,True,True
1673737,63779589556762,-13.57722,2.589236,-0.05357969,-0.05947594,0.8575011,0.04244652,-0.509267,0.01020552,0.003458908,-0.02403531,0.3770447,0.07643127,0.9230194,0.02884464,0.003116898,-0.02303475,0.02884464,0.003116898,-0.02303475,0.3734589,0.1029816,0.9219055,0.3734589,0.1029816,0.9219055,5.427277,5.427277,True,True,True
1673745,63779589556762,-13.57722,2.589236,-0.05357969,-0.05947594,0.8575011,0.04244652,-0.509267,0.007223099,0.003509873,-0.0241956,0.3714294,0.07435608,0.9254761,0.02882549,0.003110947,-0.02303087,0.02882549,0.003110947,-0.02303087,0.3660889,0.09829712,0.925354,0.3660889,0.09829712,0.925354,5.413406,5.413406,True,True,True
1673753,63779589556773,-13.57722,2.589243,-0.05352563,-0.05961425,0.8574879,0.04269065,-0.5092525,0.00580986,0.0035271,-0.02426354,0.3724213,0.07324219,0.9251556,0.02883865,0.003090531,-0.02301932,0.02883865,0.003090531,-0.02301932,0.3621826,0.09938049,0.9267731,0.3621826,0.09938049,0.9267731,5.376328,5.376328,True,True,True
1673762,63779589556784,-13.57716,2.589255,-0.05352396,-0.05973787,0.8575135,0.04289598,-0.5091777,0.006219742,0.003517822,-0.02425913,0.3771515,0.08282471,0.9224243,0.02881429,0.003089722,-0.02303896,0.02881429,0.003089722,-0.02303896,0.3638153,0.1111298,0.9248047,0.3638153,0.1111298,0.9248047,5.416809,5.416809,True,True,True
1673770,63779589556797,-13.57717,2.589264,-0.05348486,-0.05991825,0.8575407,0.04315244,-0.5090889,0.00682306,0.003494736,-0.02423134,0.3762817,0.0871582,0.9223938,0.0288161,0.003081085,-0.02303888,0.0288161,0.003081085,-0.02303888,0.3657227,0.1097565,0.9242249,0.3657227,0.1097565,0.9242249,5.386749,5.386749,True,True,True
1673778,63779589556806,-13.57717,2.589359,-0.05342531,-0.05998905,0.8575651,0.04330324,-0.5090266,0.006965668,0.003485916,-0.02422083,0.3737946,0.08586121,0.9235077,0.02880338,0.003074112,-0.02304034,0.02880338,0.003074112,-0.02304034,0.3660278,0.1077423,0.9243317,0.3660278,0.1077423,0.9243317,5.403458,5.403458,True,True,True
1673787,63779589556806,-13.57717,2.589359,-0.05342531,-0.05998905,0.8575651,0.04330324,-0.5090266,0.006167999,0.003472275,-0.02427544,0.3666534,0.09387207,0.9255981,0.02878726,0.003029663,-0.0230657,0.02878726,0.003029663,-0.0230657,0.3536987,0.1277313,0.92659,0.3536987,0.1277313,0.92659,5.448044,5.448044,True,True,True
1673795,63779589556816,-13.57717,2.589363,-0.05332255,-0.06013104,0.8575591,0.04360584,-0.5089943,0.005915146,0.003470764,-0.0242849,0.3711395,0.08433533,0.9247284,0.0287827,0.003019119,-0.02306066,0.0287827,0.003019119,-0.02306066,0.3588409,0.1158447,0.926178,0.3588409,0.1158447,0.926178,5.39566,5.39566,True,True,True
1673803,63779589556827,-13.57709,2.589363,-0.05325407,-0.06008795,0.8576558,0.0437691,-0.5088223,0.005868881,0.003469269,-0.02428844,0.3714752,0.08602905,0.9244385,0.02877715,0.003013489,-0.02306215,0.02877715,0.003013489,-0.02306215,0.3586731,0.116684,0.9261322,0.3586731,0.116684,0.9261322,5.420853,5.420853,True,True,True
1673812,63779589556839,-13.57709,2.589382,-0.05318952,-0.06014541,0.8576418,0.04389334,-0.5088286,0.005436585,0.003478424,-0.02431113,0.3760071,0.08850098,0.9223633,0.02880686,0.003012482,-0.02305921,0.02880686,0.003012482,-0.02305921,0.3652039,0.1196289,0.9232025,0.3652039,0.1196289,0.9232025,5.35463,5.35463,True,True,True
1673820,63779589556839,-13.57709,2.589382,-0.05318952,-0.06014541,0.8576418,0.04389334,-0.5088286,0.005275711,0.003495743,-0.02430649,0.3764191,0.0816803,0.922821,0.02881281,0.00303775,-0.02303505,0.02881281,0.00303775,-0.02303505,0.3660583,0.1069641,0.924408,0.3660583,0.1069641,0.924408,5.370346,5.370346,True,True,True
1673828,63779589556850,-13.57711,2.589391,-0.05316234,-0.06021376,0.8576322,0.0440433,-0.5088237,0.005190826,0.003496735,-0.02430834,0.3754883,0.08041382,0.9233246,0.02881656,0.003038178,-0.02302873,0.02881656,0.003038178,-0.02302873,0.3645935,0.1040955,0.9253235,0.3645935,0.1040955,0.9253235,5.400436,5.400436,True,True,True
1673837,63779589556860,-13.57709,2.589398,-0.05315244,-0.06016145,0.8576651,0.04418144,-0.5087624,0.005271454,0.003492874,-0.02430905,0.3794861,0.08110046,0.9216309,0.02881603,0.003035782,-0.02303508,0.02881603,0.003035782,-0.02303508,0.3717499,0.1055298,0.9223022,0.3717499,0.1055298,0.9223022,5.37674,5.37674,True,True,True
1673845,63779589556872,-13.5771,2.589415,-0.05309516,-0.06026335,0.8576512,0.0443778,-0.5087566,0.00530217,0.003489792,-0.02430773,0.3776398,0.08114624,0.9223785,0.02881648,0.003033051,-0.0230334,0.02881648,0.003033051,-0.0230334,0.368927,0.1058655,0.9234009,0.368927,0.1058655,0.9234009,5.366776,5.366776,True,True,True
1673853,63779589556872,-13.5771,2.589415,-0.05309516,-0.06026335,0.8576512,0.0443778,-0.5087566,0.005107682,0.003490311,-0.0243177,0.3758392,0.08149719,0.9230804,0.02881696,0.003030319,-0.02303172,0.02881696,0.003030319,-0.02303172,0.3662567,0.1063995,0.9243927,0.3662567,0.1063995,0.9243927,5.374527,5.374527,True,True,True
1673862,63779589556883,-13.577,2.589459,-0.05301362,-0.06023759,0.8576804,0.04445337,-0.5087039,0.005029007,0.003488739,-0.02432152,0.3761749,0.0823822,0.9228668,0.02881648,0.003026688,-0.02303079,0.02881648,0.003026688,-0.02303079,0.3669281,0.1079559,0.9239502,0.3669281,0.1079559,0.9239502,5.384689,5.384689,True,True,True
1673870,63779589556894,-13.57701,2.589472,-0.05293906,-0.06039822,0.8577029,0.04456867,-0.5086369,0.005437699,0.003478287,-0.02429892,0.3755035,0.08335876,0.9230499,0.02881603,0.003023071,-0.02302985,0.02881603,0.003023071,-0.02302985,0.3661957,0.1084137,0.9241943,0.3661957,0.1084137,0.9241943,5.392715,5.392715,True,True,True
1673878,63779589556905,-13.57693,2.589515,-0.05286551,-0.06039148,0.8576978,0.04464592,-0.5086395,0.005818985,0.003468826,-0.02427823,0.3749542,0.08441162,0.9231873,0.02881596,0.003020249,-0.02302963,0.02881596,0.003020249,-0.02302963,0.3656616,0.1096497,0.9242554,0.3656616,0.1096497,0.9242554,5.386765,5.386765,True,True,True
1673887,63779589556905,-13.57693,2.589515,-0.05286551,-0.06039148,0.8576978,0.04464592,-0.5086395,0.006808579,0.003447754,-0.02422438,0.3748016,0.08557129,0.9231415,0.02881592,0.003017426,-0.02302942,0.02881592,0.003017426,-0.02302942,0.3660278,0.109848,0.9240875,0.3660278,0.109848,0.9240875,5.380188,5.380188,True,True,True
1673895,63779589556916,-13.57693,2.589534,-0.05278957,-0.06034883,0.8577341,0.04477658,-0.5085717,0.006839585,0.00339859,-0.02421161,0.3703766,0.07824707,0.9255676,0.02878891,0.002964508,-0.02301334,0.02878891,0.002964508,-0.02301334,0.3581696,0.105423,0.9276733,0.3581696,0.105423,0.9276733,5.394211,5.394211,True,True,True
1673903,63779589556927,-13.57694,2.589548,-0.05274373,-0.0602685,0.8577078,0.04489084,-0.5086157,0.005825837,0.00324823,-0.02424678,0.3731689,0.05329895,0.9262238,0.02875929,0.002784302,-0.02299378,0.02875929,0.002784302,-0.02299378,0.3609467,0.08352661,0.928833,0.3609467,0.08352661,0.928833,5.399323,5.399323,True,True,True
1673912,63779589556938,-13.57697,2.589533,-0.05271232,-0.06032263,0.8577486,0.04505681,-0.5085257,0.005589188,0.003170761,-0.02423265,0.3757477,0.02087402,0.9264832,0.02877278,0.002702805,-0.02296886,0.02877278,0.002702805,-0.02296886,0.3671875,0.04933167,0.928833,0.3671875,0.04933167,0.928833,5.420486,5.420486,True,True,True
1673920,63779589556938,-13.57697,2.589533,-0.05271232,-0.06032263,0.8577486,0.04505681,-0.5085257,0.00529187,0.003165848,-0.02425241,0.375885,0.02456665,0.9263306,0.02878043,0.002700256,-0.02296556,0.02878043,0.002700256,-0.02296556,0.3693695,0.04696655,0.9280853,0.3693695,0.04696655,0.9280853,5.447144,5.447144,True,True,True
1673928,63779589556949,-13.57699,2.589551,-0.05270523,-0.06042973,0.8576981,0.04537746,-0.5085697,0.004815049,0.00317923,-0.02427451,0.375473,0.02149963,0.9265747,0.02878498,0.002703064,-0.02295947,0.02878498,0.002703064,-0.02295947,0.3675842,0.04328918,0.9289703,0.3675842,0.04328918,0.9289703,5.324356,5.324356,True,True,True
1673937,63779589556961,-13.57697,2.589553,-0.05267447,-0.06074991,0.8576649,0.04568201,-0.5085604,0.004638581,0.003185211,-0.02428462,0.3771057,0.02110291,0.9259186,0.02878449,0.002704727,-0.02296104,0.02878449,0.002704727,-0.02296104,0.3731384,0.04408264,0.926712,0.3731384,0.04408264,0.926712,5.374313,5.374313,True,True,True
1673945,63779589556972,-13.57697,2.589547,-0.05263448,-0.06105809,0.8576127,0.04584578,-0.5085966,0.004697052,0.003183762,-0.02428092,0.3751831,0.02023315,0.9267273,0.02878498,0.002703064,-0.02295947,0.02878498,0.002703064,-0.02295947,0.3675995,0.04417419,0.9289246,0.3675995,0.04417419,0.9289246,5.325287,5.325287,True,True,True
1673953,63779589556972,-13.57697,2.589547,-0.05263448,-0.06105809,0.8576127,0.04584578,-0.5085966,0.004849365,0.003181305,-0.02427231,0.3768005,0.02120972,0.9260406,0.02878623,0.002702881,-0.0229583,0.02878623,0.002702881,-0.0229583,0.3690338,0.04406738,0.92836,0.3690338,0.04406738,0.92836,5.372345,5.372345,True,True,True
1673962,63779589556983,-13.57694,2.589556,-0.05258441,-0.06129932,0.857637,0.04583603,-0.5085276,0.005242081,0.003174378,-0.02425078,0.3777313,0.02244568,0.9256287,0.02878748,0.002702698,-0.02295714,0.02878748,0.002702698,-0.02295714,0.3704681,0.04388428,0.9277954,0.3704681,0.04388428,0.9277954,5.419403,5.419403,True,True,True
1673970,63779589556995,-13.57695,2.589509,-0.05255252,-0.06129148,0.8576397,0.04587363,-0.5085204,0.005838791,0.003163147,-0.02421759,0.3781586,0.02078247,0.9254913,0.0287876,0.002702255,-0.02295686,0.0287876,0.002702255,-0.02295686,0.3711548,0.04248047,0.9275818,0.3711548,0.04248047,0.9275818,5.428452,5.428452,True,True,True
1673978,63779589557006,-13.57695,2.589566,-0.0525527,-0.06145079,0.8576944,0.04583975,-0.508412,0.005979798,0.003162354,-0.02420963,0.3784332,0.01957703,0.925415,0.02878774,0.002701828,-0.02295657,0.02878774,0.002701828,-0.02295657,0.3718414,0.04100037,0.9273834,0.3718414,0.04100037,0.9273834,5.437515,5.437515,True,True,True
1673987,63779589557006,-13.57695,2.589566,-0.0525527,-0.06145079,0.8576944,0.04583975,-0.508412,0.006358139,0.003156448,-0.02418811,0.3793335,0.01922607,0.9250488,0.02878801,0.002700928,-0.02295548,0.02878801,0.002700928,-0.02295548,0.3735199,0.04090881,0.926712,0.3735199,0.04090881,0.926712,5.428558,5.428558,True,True,True
1673995,63779589557016,-13.577,2.589556,-0.05258101,-0.06125821,0.8577399,0.04589563,-0.5083535,0.006250809,0.003159317,-0.02419318,0.3781433,0.01904297,0.9255371,0.02878774,0.002700028,-0.02295436,0.02878774,0.002700028,-0.02295436,0.3716736,0.04116821,0.9274445,0.3716736,0.04116821,0.9274445,5.418274,5.418274,True,True,True
1674003,63779589557016,-13.577,2.589556,-0.05258101,-0.06125821,0.8577399,0.04589563,-0.5083535,0.006322632,0.003158997,-0.02418915,0.3787994,0.01890564,0.9252777,0.0287876,0.002699875,-0.022954,0.0287876,0.002699875,-0.022954,0.372818,0.04096985,0.9269867,0.372818,0.04096985,0.9269867,5.415649,5.415649,True,True,True
1674012,63779589557037,-13.577,2.589616,-0.05257428,-0.0611306,0.8578438,0.04576633,-0.5082053,0.006298401,0.003160187,-0.02419023,0.3777618,0.01852417,0.925705,0.02878748,0.002699722,-0.02295363,0.02878748,0.002699722,-0.02295363,0.3716125,0.04058838,0.9274902,0.3716125,0.04058838,0.9274902,5.417694,5.417694,True,True,True
1674020,63779589557045,-13.57699,2.589627,-0.05253172,-0.06099383,0.8579174,0.04569384,-0.5081039,0.006264908,0.003161499,-0.02419153,0.3769836,0.01757813,0.9260406,0.02878623,0.002699661,-0.02295284,0.02878623,0.002699661,-0.02295284,0.3707733,0.03959656,0.9278717,0.3707733,0.03959656,0.9278717,5.420502,5.420502,True,True,True
1674028,63779589557053,-13.57696,2.589653,-0.05246735,-0.06098222,0.8579865,0.04556111,-0.5080006,0.006239243,0.003161469,-0.02419243,0.3765869,0.01698303,0.9262085,0.02878498,0.002699616,-0.02295204,0.02878498,0.002699616,-0.02295204,0.3699188,0.03862,0.9282532,0.3699188,0.03862,0.9282532,5.422562,5.422562,True,True,True
1674037,63779589557061,-13.57693,2.589641,-0.05243605,-0.06086025,0.8580241,0.0454754,-0.5079594,0.006243409,0.003160279,-0.02419208,0.3758087,0.01716614,0.9265289,0.02878449,0.00269867,-0.02295185,0.02878449,0.00269867,-0.02295185,0.3691559,0.03901672,0.9285278,0.3691559,0.03901672,0.9285278,5.422638,5.422638,True,True,True
1674045,63779589557071,-13.57693,2.589638,-0.05241305,-0.06097995,0.8580658,0.04556577,-0.5078664,0.006248123,0.003160874,-0.02419167,0.3756714,0.01704407,0.92659,0.028784,0.002698975,-0.02295163,0.028784,0.002698975,-0.02295163,0.3684082,0.03871155,0.9288483,0.3684082,0.03871155,0.9288483,5.422501,5.422501,True,True,True
1674053,63779589557071,-13.57693,2.589638,-0.05241305,-0.06097995,0.8580658,0.04556577,-0.5078664,0.006246277,0.003160538,-0.02419095,0.3748474,0.01693726,0.9269257,0.02877414,0.002697739,-0.02295087,0.02877414,0.002697739,-0.02295087,0.3672333,0.03900146,0.9292908,0.3672333,0.03900146,0.9292908,5.433533,5.433533,True,True,True
1674062,63779589557082,-13.57692,2.589641,-0.0523845,-0.06096189,0.8581305,0.04563153,-0.5077536,0.006253861,0.003159378,-0.02418985,0.371582,0.01548767,0.9282532,0.02877414,0.002695877,-0.02294975,0.02877414,0.002695877,-0.02294975,0.3618927,0.03677368,0.931488,0.3618927,0.03677368,0.931488,5.429779,5.429779,True,True,True
1674070,63779589557093,-13.57685,2.58963,-0.05234325,-0.06087161,0.8581495,0.04558921,-0.5077358,0.006265946,0.003160431,-0.02418912,0.374115,0.01535034,0.9272461,0.02877414,0.002695877,-0.02294963,0.02877414,0.002695877,-0.02294963,0.3660583,0.03701782,0.9298401,0.3660583,0.03701782,0.9298401,5.433746,5.433746,True,True,True
1674078,63779589557103,-13.57687,2.589698,-0.05237699,-0.06081756,0.8581467,0.04558697,-0.5077472,0.006265473,0.003159958,-0.02418909,0.3739166,0.01502991,0.9273376,0.02877272,0.002694809,-0.02294963,0.02877272,0.002694809,-0.02294963,0.3656921,0.03729248,0.9299774,0.3656921,0.03729248,0.9299774,5.433578,5.433578,True,True,True
1674087,63779589557103,-13.57687,2.589698,-0.05237699,-0.06081756,0.8581467,0.04558697,-0.5077472,0.006281235,0.003160019,-0.02418794,0.3711243,0.01617432,0.9284363,0.02877269,0.002694428,-0.02294963,0.02877269,0.002694428,-0.02294963,0.3610992,0.03941345,0.9316864,0.3610992,0.03941345,0.9316864,5.434799,5.434799,True,True,True
1674095,63779589557115,-13.57686,2.589698,-0.05235702,-0.06083027,0.8581641,0.04572659,-0.5077039,0.006291886,0.00315976,-0.02418721,0.3710785,0.01652527,0.9284515,0.02877243,0.002693588,-0.02294963,0.02877243,0.002693588,-0.02294963,0.3610229,0.03997803,0.9316864,0.3610229,0.03997803,0.9316864,5.433167,5.433167,True,True,True
1674103,63779589557126,-13.57678,2.589719,-0.05231959,-0.06081989,0.8582065,0.04570829,-0.5076351,0.006329956,0.003159226,-0.02418251,0.3719635,0.01699829,0.9280853,0.02877234,0.002693375,-0.02294963,0.02877234,0.002693375,-0.02294963,0.3610992,0.04122925,0.9316101,0.3610992,0.04122925,0.9316101,5.444534,5.444534,True,True,True
1674112,63779589557138,-13.57677,2.589726,-0.05228215,-0.06078987,0.8582564,0.04577015,-0.5075486,0.006661057,0.003152252,-0.0241642,0.3715363,0.0173645,0.9282379,0.02877234,0.002692688,-0.02294963,0.02877234,0.002692688,-0.02294963,0.3607178,0.04139709,0.9317474,0.3607178,0.04139709,0.9317474,5.444656,5.444656,True,True,True
1674120,63779589557138,-13.57677,2.589726,-0.05228215,-0.06078987,0.8582564,0.04577015,-0.5075486,0.006818466,0.003149368,-0.02415518,0.3716431,0.01670837,0.9282227,0.02877243,0.002692688,-0.02294963,0.02877243,0.002692688,-0.02294963,0.3607483,0.04026794,0.931778,0.3607483,0.04026794,0.931778,5.44368,5.44368,True,True,True
1674128,63779589557149,-13.57673,2.589771,-0.05223316,-0.06084246,0.8583026,0.04571633,-0.5074691,0.006940415,0.003146683,-0.02414839,0.3720093,0.01741028,0.9280548,0.02877269,0.002692001,-0.02294963,0.02877269,0.002692001,-0.02294963,0.3610077,0.04174805,0.9316101,0.3610077,0.04174805,0.9316101,5.465164,5.465164,True,True,True
1674137,63779589557159,-13.57672,2.589773,-0.05229282,-0.0608799,0.8582899,0.04574831,-0.5074832,0.006820526,0.003123337,-0.02416003,0.372467,0.02490234,0.9277039,0.02877272,0.002650299,-0.02295795,0.02877272,0.002650299,-0.02295795,0.3614044,0.05401611,0.9308319,0.3614044,0.05401611,0.9308319,5.47348,5.47348,True,True,True
1674145,63779589557170,-13.57672,2.589784,-0.05227524,-0.06085677,0.8582871,0.04589476,-0.5074776,0.006654282,0.003126755,-0.02416915,0.3727722,0.02523804,0.9275665,0.02877353,0.002650025,-0.02295799,0.02877353,0.002650025,-0.02295799,0.361618,0.05523682,0.9306793,0.361618,0.05523682,0.9306793,5.47467,5.47467,True,True,True
1674153,63779589557170,-13.57672,2.589784,-0.05227524,-0.06085677,0.8582871,0.04589476,-0.5074776,0.006286652,0.003134598,-0.02418964,0.3729858,0.02505493,0.9274902,0.02877353,0.002649872,-0.02295856,0.02877353,0.002649872,-0.02295856,0.361618,0.05580139,0.9306488,0.361618,0.05580139,0.9306488,5.47493,5.47493,True,True,True
1674162,63779589557182,-13.57676,2.589791,-0.05218226,-0.06103561,0.8583812,0.04594191,-0.5072925,0.006260605,0.003135162,-0.02419087,0.3730469,0.02537537,0.9274597,0.02877353,0.002649872,-0.02295856,0.02877353,0.002649872,-0.02295856,0.3616638,0.05641174,0.9305878,0.3616638,0.05641174,0.9305878,5.481628,5.481628,True,True,True
1674170,63779589557193,-13.57675,2.589788,-0.05212474,-0.06110303,0.8583872,0.04599828,-0.5072692,0.006107422,0.003138458,-0.02419913,0.3721771,0.02505493,0.9278107,0.02877353,0.002649872,-0.02295856,0.02877353,0.002649872,-0.02295856,0.361618,0.05638123,0.930603,0.361618,0.05638123,0.930603,5.475403,5.475403,True,True,True
1674178,63779589557204,-13.57675,2.589767,-0.0521149,-0.06119603,0.858438,0.04598128,-0.5071736,0.005990555,0.003140991,-0.02420554,0.3701172,0.0247345,0.9286346,0.02877353,0.002649872,-0.02295856,0.02877353,0.002649872,-0.02295856,0.359024,0.05622864,0.9316254,0.359024,0.05622864,0.9316254,5.469971,5.469971,True,True,True
1674187,63779589557204,-13.57675,2.589767,-0.0521149,-0.06119603,0.858438,0.04598128,-0.5071736,0.006039963,0.003139923,-0.0242027,0.3678741,0.02468872,0.9295349,0.02877353,0.002649872,-0.02295856,0.02877353,0.002649872,-0.02295856,0.3543854,0.05587769,0.9334106,0.3543854,0.05587769,0.9334106,5.439957,5.439957,True,True,True
1674195,63779589557215,-13.57678,2.589728,-0.05205661,-0.06131316,0.8585237,0.04604181,-0.5070088,0.00602829,0.003139908,-0.02420334,0.36763,0.02479553,0.9296265,0.02877353,0.002649872,-0.02295856,0.02877353,0.002649872,-0.02295856,0.3540497,0.05581665,0.933548,0.3540497,0.05581665,0.933548,5.438354,5.438354,True,True,True
1674203,63779589557226,-13.5768,2.589741,-0.05201483,-0.06148895,0.8586313,0.04599535,-0.5068095,0.006021637,0.003150269,-0.02419629,0.3684998,0.02914429,0.9291534,0.02880208,0.002666931,-0.02294479,0.02880208,0.002666931,-0.02294479,0.3554077,0.0617981,0.9326477,0.3554077,0.0617981,0.9326477,5.39035,5.39035,True,True,True
1674212,63779589557238,-13.57673,2.58976,-0.05206573,-0.06153734,0.8586721,0.04612095,-0.5067232,0.00561673,0.003152115,-0.0242096,0.361908,0.02597046,0.931839,0.02880426,0.002655609,-0.02292993,0.02880426,0.002655609,-0.02292993,0.3439178,0.05747986,0.9372253,0.3439178,0.05747986,0.9372253,5.36557,5.36557,True,True,True
1674220,63779589557238,-13.57673,2.58976,-0.05206573,-0.06153734,0.8586721,0.04612095,-0.5067232,0.005200775,0.003162018,-0.02423412,0.3647308,0.02626038,0.9307251,0.02880344,0.002657303,-0.0229327,0.02880344,0.002657303,-0.0229327,0.3487701,0.06008911,0.9352722,0.3487701,0.06008911,0.9352722,5.377548,5.377548,True,True,True
1674228,63779589557248,-13.57675,2.589774,-0.05202878,-0.06150213,0.8587246,0.04617213,-0.5066336,0.004927246,0.003167252,-0.02424742,0.3633118,0.02513123,0.9313202,0.02880426,0.002656235,-0.02293137,0.02880426,0.002656235,-0.02293137,0.3471985,0.05770874,0.9360046,0.3471985,0.05770874,0.9360046,5.383163,5.383163,True,True,True
1674237,63779589557259,-13.57668,2.589836,-0.05196917,-0.06148235,0.8587715,0.04613225,-0.5065603,0.004842957,0.003168884,-0.02425182,0.3628845,0.02470398,0.931488,0.02880507,0.002655915,-0.02293124,0.02880507,0.002655915,-0.02293124,0.3465271,0.05725098,0.9362793,0.3465271,0.05725098,0.9362793,5.374557,5.374557,True,True,True
1674245,63779589557270,-13.5767,2.589835,-0.0519523,-0.06134825,0.8587842,0.04610436,-0.5065575,0.004896882,0.003167587,-0.02424889,0.362854,0.02537537,0.931488,0.02880586,0.002655609,-0.02293137,0.02880586,0.002655609,-0.02293137,0.346817,0.05781555,0.936142,0.346817,0.05781555,0.936142,5.367523,5.367523,True,True,True
1674253,63779589557270,-13.5767,2.589835,-0.0519523,-0.06134825,0.8587842,0.04610436,-0.5065575,0.005067688,0.003162827,-0.02423955,0.3634491,0.02697754,0.9312134,0.02880798,0.002653687,-0.0229316,0.02880798,0.002653687,-0.0229316,0.3477631,0.05943298,0.9356842,0.3477631,0.05943298,0.9356842,5.37674,5.37674,True,True,True
1674262,63779589557281,-13.5767,2.589843,-0.05192202,-0.06145352,0.8587644,0.04604544,-0.5065838,0.005376862,0.003155075,-0.02422244,0.3638,0.02793884,0.9310455,0.02881011,0.002651749,-0.02293137,0.02881011,0.002651749,-0.02293137,0.348053,0.06100464,0.9354858,0.348053,0.06100464,0.9354858,5.38324,5.38324,True,True,True
1674270,63779589557293,-13.57664,2.589831,-0.05188107,-0.06143037,0.8587895,0.0459142,-0.506556,0.005823838,0.003145172,-0.02419728,0.3636627,0.02809143,0.9310913,0.02881069,0.002649262,-0.02293124,0.02881069,0.002649262,-0.02293124,0.348526,0.06069946,0.935318,0.348526,0.06069946,0.935318,5.382568,5.382568,True,True,True
1674278,63779589557304,-13.57663,2.589833,-0.05184895,-0.06155431,0.8587592,0.04585999,-0.5065971,0.006363221,0.003132355,-0.02416728,0.3636627,0.02874756,0.931076,0.02881128,0.00264679,-0.02293112,0.02881128,0.00264679,-0.02293112,0.348999,0.06037903,0.9351654,0.348999,0.06037903,0.9351654,5.381958,5.381958,True,True,True
1674287,63779589557304,-13.57663,2.589833,-0.05184895,-0.06155431,0.8587592,0.04585999,-0.5065971,0.006597916,0.003127228,-0.0241543,0.3640137,0.02890015,0.9309387,0.02881128,0.002646271,-0.02293106,0.02881128,0.002646271,-0.02293106,0.3493195,0.06013489,0.9350586,0.3493195,0.06013489,0.9350586,5.378464,5.378464,True,True,True
1674295,63779589557315,-13.57662,2.589822,-0.05181289,-0.06141964,0.858753,0.04579652,-0.5066297,0.006283158,0.003124649,-0.02417603,0.3658447,0.02488708,0.9303284,0.02877286,0.002637619,-0.02293955,0.02877286,0.002637619,-0.02293955,0.3529663,0.05302429,0.9341278,0.3529663,0.05302429,0.9341278,5.380066,5.380066,True,True,True
1674303,63779589557326,-13.57673,2.589844,-0.05178082,-0.06135864,0.8587775,0.04562803,-0.5066106,0.005854889,0.003163758,-0.02421155,0.3889618,0.01249695,0.9211578,0.02870627,0.002695282,-0.02294095,0.02870627,0.002695282,-0.02294095,0.3799591,0.03111267,0.924469,0.3799591,0.03111267,0.924469,5.396164,5.396164,True,True,True
1674312,63779589557337,-13.57673,2.589853,-0.05175185,-0.06132256,0.8587546,0.04548245,-0.506667,0.005129013,0.003200653,-0.02426463,0.3910065,0.02018738,0.9201508,0.02866512,0.002725815,-0.02296031,0.02866512,0.002725815,-0.02296031,0.3887939,0.03623962,0.9206085,0.3887939,0.03623962,0.9206085,5.435333,5.435333,True,True,True
1674320,63779589557337,-13.57673,2.589853,-0.05175185,-0.06132256,0.8587546,0.04548245,-0.506667,0.004873902,0.003214493,-0.02428095,0.3905945,0.02236938,0.9202728,0.02868164,0.002735443,-0.02296088,0.02868164,0.002735443,-0.02296088,0.3806152,0.04826355,0.9234619,0.3806152,0.04826355,0.9234619,5.274475,5.274475,True,True,True
1674328,63779589557349,-13.57676,2.589789,-0.05173141,-0.06124175,0.8588173,0.04545027,-0.5065734,0.008172821,0.003145249,-0.02409407,0.3935852,0.02207947,0.9190063,0.02869344,0.002730942,-0.02295415,0.02869344,0.002730942,-0.02295415,0.3883514,0.04057312,0.9206085,0.3883514,0.04057312,0.9206085,5.463486,5.463486,True,True,True
1674337,63779589557359,-13.57675,2.589808,-0.05169433,-0.06128168,0.8588004,0.04529952,-0.5066106,0.008359437,0.003140686,-0.02408133,0.3931885,0.01773071,0.9192657,0.02869374,0.002729889,-0.02295055,0.02869374,0.002729889,-0.02295055,0.3878174,0.03538513,0.921051,0.3878174,0.03538513,0.921051,5.447983,5.447983,True,True,True
1674345,63779589557370,-13.57681,2.589736,-0.0515815,-0.06132099,0.8587835,0.04538284,-0.5066271,0.008334992,0.003141434,-0.02408156,0.3934021,0.02145386,0.9190979,0.02869403,0.002730942,-0.02294901,0.02869403,0.002730942,-0.02294901,0.3874969,0.04016113,0.92099,0.3874969,0.04016113,0.92099,5.463043,5.463043,True,True,True
1674353,63779589557370,-13.57681,2.589736,-0.0515815,-0.06132099,0.8587835,0.04538284,-0.5066271,0.008060059,0.003147156,-0.02409619,0.3932037,0.02153015,0.9191895,0.02869644,0.002731873,-0.02294811,0.02869644,0.002731873,-0.02294811,0.3876648,0.03979492,0.920929,0.3876648,0.03979492,0.920929,5.45108,5.45108,True,True,True
1674362,63779589557382,-13.57685,2.589709,-0.05153096,-0.06133994,0.8588334,0.04527984,-0.5065496,0.007549973,0.003158005,-0.02412422,0.3938599,0.02116394,0.9189148,0.02869887,0.002732804,-0.02294721,0.02869887,0.002732804,-0.02294721,0.3878326,0.0393219,0.9208832,0.3878326,0.0393219,0.9208832,5.439194,5.439194,True,True,True
1674370,63779589557393,-13.57687,2.589705,-0.05148846,-0.06139926,0.8588749,0.04525285,-0.5064743,0.006866395,0.003171936,-0.02416211,0.3926392,0.02073669,0.9194489,0.02870088,0.002733017,-0.02294707,0.02870088,0.002733017,-0.02294707,0.38591,0.03915405,0.9216919,0.38591,0.03915405,0.9216919,5.431107,5.431107,True,True,True
1674378,63779589557404,-13.57683,2.589682,-0.05141085,-0.06154932,0.8588985,0.04531005,-0.506411,0.005987732,0.003189758,-0.02421091,0.3917389,0.01953125,0.9198608,0.0287029,0.002732804,-0.02294693,0.0287029,0.002732804,-0.02294693,0.3840027,0.03901672,0.9225006,0.3840027,0.03901672,0.9225006,5.423492,5.423492,True,True,True
1674387,63779589557404,-13.57683,2.589682,-0.05141085,-0.06154932,0.8588985,0.04531005,-0.506411,0.005869706,0.003191849,-0.02421678,0.3913422,0.01853943,0.9200439,0.0287034,0.002731873,-0.02294592,0.0287034,0.002731873,-0.02294592,0.3833008,0.03807068,0.922821,0.3833008,0.03807068,0.922821,5.40683,5.40683,True,True,True
1674395,63779589557415,-13.57685,2.589684,-0.05137163,-0.06164954,0.8589141,0.04534493,-0.5063692,0.005997666,0.00318895,-0.02420897,0.3905945,0.01899719,0.9203644,0.0287039,0.002730942,-0.0229449,0.0287039,0.002730942,-0.0229449,0.3826294,0.03831482,0.9230957,0.3826294,0.03831482,0.9230957,5.391327,5.391327,True,True,True
1674403,63779589557426,-13.5769,2.589756,-0.05140531,-0.06168138,0.8589122,0.0454364,-0.5063604,0.006154084,0.003185745,-0.02419911,0.3903961,0.01956177,0.9204254,0.02870511,0.002730454,-0.0229431,0.02870511,0.002730454,-0.0229431,0.3828888,0.03871155,0.9229736,0.3828888,0.03871155,0.9229736,5.386765,5.386765,True,True,True
1674412,63779589557437,-13.57693,2.589769,-0.05137444,-0.06184899,0.8589479,0.04538133,-0.5062843,0.006177552,0.003185089,-0.0241965,0.3907013,0.01924133,0.9203033,0.0287063,0.002729965,-0.02294132,0.0287063,0.002729965,-0.02294132,0.3831482,0.03829956,0.9228821,0.3831482,0.03829956,0.9228821,5.381516,5.381516,True,True,True
1674420,63779589557437,-13.57693,2.589769,-0.05137444,-0.06184899,0.8589479,0.04538133,-0.5062843,0.006143738,0.00318573,-0.02419722,0.3904877,0.01881409,0.9204102,0.02870677,0.002729721,-0.02293978,0.02870677,0.002729721,-0.02293978,0.3829193,0.03768921,0.9230042,0.3829193,0.03768921,0.9230042,5.382553,5.382553,True,True,True
1674428,63779589557448,-13.57689,2.589755,-0.05142337,-0.0619249,0.8589656,0.04557087,-0.506228,0.006095978,0.0031866,-0.02419895,0.3905792,0.01870728,0.9203644,0.02870725,0.002729462,-0.02293823,0.02870725,0.002729462,-0.02293823,0.3826904,0.0370636,0.9231262,0.3826904,0.0370636,0.9231262,5.383926,5.383926,True,True,True
1674437,63779589557459,-13.57692,2.589847,-0.05142611,-0.06192259,0.8589301,0.04558102,-0.5062877,0.00606926,0.003187073,-0.02419992,0.3905487,0.01861572,0.9203796,0.02870758,0.002729248,-0.02293739,0.02870758,0.002729248,-0.02293739,0.3826904,0.03651428,0.9231415,0.3826904,0.03651428,0.9231415,5.38176,5.38176,True,True,True
1674445,63779589557470,-13.57693,2.589874,-0.05141872,-0.06202839,0.8589066,0.04566855,-0.5063067,0.006044892,0.003187546,-0.02420055,0.390686,0.01818848,0.9203339,0.02870792,0.002729019,-0.02293654,0.02870792,0.002729019,-0.02293654,0.3826904,0.03588867,0.923172,0.3826904,0.03588867,0.923172,5.379547,5.379547,True,True,True
1674453,63779589557470,-13.57693,2.589874,-0.05141872,-0.06202839,0.8589066,0.04566855,-0.5063067,0.006039993,0.003188034,-0.02419954,0.3898621,0.01768494,0.9206848,0.02871138,0.002728836,-0.02293454,0.02871138,0.002728836,-0.02293454,0.3815002,0.03533936,0.9236755,0.3815002,0.03533936,0.9236755,5.356003,5.356003,True,True,True
1674462,63779589557482,-13.57691,2.589853,-0.05133945,-0.06207702,0.8589568,0.0457927,-0.5062044,0.006051499,0.00318869,-0.02419746,0.3881989,0.01727295,0.921402,0.02871189,0.002728668,-0.02293289,0.02871189,0.002728668,-0.02293289,0.3790436,0.03509521,0.9246979,0.3790436,0.03509521,0.9246979,5.35141,5.35141,True,True,True
1674470,63779589557493,-13.57691,2.58988,-0.05131024,-0.06208186,0.8589724,0.04587622,-0.5061696,0.006081925,0.003188324,-0.02419495,0.387558,0.01698303,0.9216766,0.02871509,0.002728272,-0.02293141,0.02871509,0.002728272,-0.02293141,0.3789063,0.03492737,0.9247589,0.3789063,0.03492737,0.9247589,5.351196,5.351196,True,True,True
1674478,63779589557504,-13.57688,2.58987,-0.05127209,-0.06204007,0.858972,0.04603579,-0.5061609,0.006702866,0.003175797,-0.02415877,0.3865509,0.01698303,0.9221039,0.02871747,0.002728073,-0.02292888,0.02871747,0.002728073,-0.02292888,0.3776855,0.03421021,0.925293,0.3776855,0.03421021,0.925293,5.340088,5.340088,True,True,True
1674487,63779589557504,-13.57688,2.58987,-0.05127209,-0.06204007,0.858972,0.04603579,-0.5061609,0.006797486,0.00317363,-0.02415248,0.3865509,0.01707458,0.9221039,0.02871965,0.002726624,-0.02292716,0.02871965,0.002726624,-0.02292716,0.3776703,0.03448486,0.925293,0.3776703,0.03448486,0.925293,5.339691,5.339691,True,True,True
1674495,63779589557515,-13.57684,2.589856,-0.0512951,-0.06211498,0.8589668,0.04613591,-0.5061514,0.006000733,0.003189591,-0.02419574,0.3864746,0.01638794,0.9221497,0.02872418,0.002725601,-0.02292478,0.02872418,0.002725601,-0.02292478,0.3784485,0.03465271,0.9249573,0.3784485,0.03465271,0.9249573,5.340256,5.340256,True,True,True
1674503,63779589557526,-13.57685,2.589876,-0.05129039,-0.06206711,0.8590328,0.04609534,-0.5060489,0.005961594,0.003189362,-0.02419737,0.386322,0.01585388,0.922226,0.02872653,0.002723725,-0.02292375,0.02872653,0.002723725,-0.02292375,0.378952,0.03393555,0.9247894,0.378952,0.03393555,0.9247894,5.334106,5.334106,True,True,True
1674512,63779589557537,-13.57689,2.589938,-0.05128074,-0.06192638,0.8590983,0.04599369,-0.5059643,0.005893692,0.003189026,-0.02419893,0.3833618,0.0158844,0.9234467,0.02872914,0.002720673,-0.02292063,0.02872914,0.002720673,-0.02292063,0.3753662,0.03433228,0.9262238,0.3753662,0.03433228,0.9262238,5.33252,5.33252,True,True,True
1674520,63779589557537,-13.57689,2.589938,-0.05128074,-0.06192638,0.8590983,0.04599369,-0.5059643,0.005834748,0.003189087,-0.02419957,0.3830414,0.01582336,0.923584,0.02873241,0.002718689,-0.02291678,0.02873241,0.002718689,-0.02291678,0.3751984,0.03437805,0.9263,0.3751984,0.03437805,0.9263,5.328857,5.328857,True,True,True
1674528,63779589557548,-13.57691,2.589914,-0.05126947,-0.06186508,0.859175,0.04603262,-0.505838,0.005851136,0.003188156,-0.02419614,0.3827515,0.01564026,0.9237061,0.02873538,0.00271759,-0.02291406,0.02873538,0.00271759,-0.02291406,0.3755341,0.03434753,0.9261627,0.3755341,0.03434753,0.9261627,5.328842,5.328842,True,True,True
1674537,63779589557560,-13.57692,2.589916,-0.05128551,-0.06179247,0.8591428,0.04604405,-0.5059005,0.005863556,0.003185288,-0.02419418,0.3826294,0.01634216,0.9237518,0.0287386,0.002713165,-0.02291225,0.0287386,0.002713165,-0.02291225,0.3752747,0.0355072,0.9262238,0.3752747,0.0355072,0.9262238,5.329453,5.329453,True,True,True
1674545,63779589557572,-13.57702,2.589939,-0.05127251,-0.06190125,0.859206,0.04624273,-0.5057617,0.005888947,0.003183762,-0.02419145,0.38237,0.01649475,0.9238586,0.02873961,0.002711441,-0.02291052,0.02873961,0.002711441,-0.02291052,0.3754578,0.03588867,0.9261322,0.3754578,0.03588867,0.9261322,5.327103,5.327103,True,True,True
1674553,63779589557572,-13.57702,2.589939,-0.05127251,-0.06190125,0.859206,0.04624273,-0.5057617,0.005939331,0.003182327,-0.02418623,0.3818665,0.01641846,0.924057,0.02874179,0.002710785,-0.0229083,0.02874179,0.002710785,-0.0229083,0.3743439,0.0357666,0.92659,0.3743439,0.0357666,0.92659,5.309006,5.309006,True,True,True
1674562,63779589557583,-13.57705,2.589948,-0.05131578,-0.0620979,0.8591555,0.04644557,-0.5058049,0.005929291,0.003181168,-0.02418469,0.3816986,0.01730347,0.924118,0.02874448,0.002708557,-0.0229066,0.02874448,0.002708557,-0.0229066,0.3746643,0.03749084,0.9263916,0.3746643,0.03749084,0.9263916,5.296494,5.296494,True,True,True
1674570,63779589557595,-13.57713,2.589912,-0.05133617,-0.06242253,0.8591231,0.04658236,-0.5058073,0.005923829,0.003180802,-0.02418095,0.3788452,0.01622009,0.9253082,0.02874574,0.002708145,-0.02290187,0.02874574,0.002708145,-0.02290187,0.3693542,0.03562927,0.9286041,0.3693542,0.03562927,0.9286041,5.302887,5.302887,True,True,True
1674578,63779589557595,-13.57714,2.589848,-0.05138952,-0.06264201,0.8591099,0.04648744,-0.5058112,0.005708863,0.003183502,-0.02419032,0.3778992,0.01620483,0.9256897,0.02875041,0.002705841,-0.0228981,0.02875041,0.002705841,-0.0228981,0.3672485,0.03569031,0.9294281,0.3672485,0.03569031,0.9294281,5.291336,5.291336,True,True,True
1674587,63779589557606,-13.57714,2.589848,-0.05138952,-0.06264201,0.8591099,0.04648744,-0.5058112,0.005757752,0.003181732,-0.02418547,0.3769836,0.01702881,0.9260559,0.02875194,0.002705658,-0.02289592,0.02875194,0.002705658,-0.02289592,0.3654327,0.03686523,0.9300995,0.3654327,0.03686523,0.9300995,5.282379,5.282379,True,True,True
1674595,63779589557617,-13.57716,2.589838,-0.05146933,-0.06285244,0.8591511,0.0463705,-0.5057261,0.005901917,0.003178299,-0.0241774,0.3747101,0.01751709,0.9269714,0.02875582,0.002704819,-0.02289572,0.02875582,0.002704819,-0.02289572,0.3627014,0.03744507,0.9311371,0.3627014,0.03744507,0.9311371,5.280731,5.280731,True,True,True
1674603,63779589557628,-13.57717,2.589888,-0.05148822,-0.06257918,0.8592305,0.04619707,-0.5056409,0.005863022,0.003178787,-0.02417807,0.3737183,0.01760864,0.9273682,0.02875694,0.002704636,-0.0228942,0.02875694,0.002704636,-0.0228942,0.3609314,0.03723145,0.931839,0.3609314,0.03723145,0.931839,5.278976,5.278976,True,True,True
1674612,63779589557639,-13.5772,2.589909,-0.05153382,-0.06239072,0.8593104,0.0459525,-0.5055505,0.005886399,0.003177185,-0.0241754,0.3732758,0.01670837,0.9275665,0.02876019,0.00270282,-0.02289174,0.02876019,0.00270282,-0.02289174,0.360611,0.03605652,0.9320068,0.360611,0.03605652,0.9320068,5.275208,5.275208,True,True,True
1674620,63779589557639,-13.5772,2.589909,-0.05153382,-0.06239072,0.8593104,0.0459525,-0.5055505,0.005995529,0.003174744,-0.02416768,0.3722382,0.01626587,0.9279785,0.02876331,0.002702591,-0.02289104,0.02876331,0.002702591,-0.02289104,0.3588562,0.03536987,0.9327087,0.3588562,0.03536987,0.9327087,5.273911,5.273911,True,True,True
1674628,63779589557650,-13.5772,2.589928,-0.05153948,-0.06224959,0.8593884,0.04567537,-0.5054604,0.006079712,0.003171311,-0.02415938,0.3720398,0.01695251,0.9280548,0.02876781,0.002700943,-0.0228853,0.02876781,0.002700943,-0.0228853,0.3598633,0.03610229,0.9322968,0.3598633,0.03610229,0.9322968,5.278397,5.278397,True,True,True
1674637,63779589557661,-13.57721,2.58988,-0.05160546,-0.06218069,0.8594785,0.04553682,-0.5053283,0.006125061,0.00316864,-0.02415412,0.3696442,0.01875305,0.9289703,0.02876822,0.002699097,-0.02288133,0.02876822,0.002699097,-0.02288133,0.3558502,0.03840637,0.9337463,0.3558502,0.03840637,0.9337463,5.264221,5.264221,True,True,True
1674645,63779589557661,-13.57721,2.58988,-0.05160546,-0.06218069,0.8594785,0.04553682,-0.5053283,0.006100189,0.003167877,-0.02415381,0.3687439,0.01956177,0.9293213,0.02877036,0.002697006,-0.02287979,0.02877036,0.002697006,-0.02287979,0.3549042,0.04042053,0.934021,0.3549042,0.04042053,0.934021,5.244873,5.244873,True,True,True
1674653,63779589557672,-13.57725,2.589869,-0.05161995,-0.06218815,0.859556,0.04529385,-0.5052173,0.006003006,0.00316983,-0.02415566,0.3681335,0.01921082,0.9295654,0.02877394,0.002696823,-0.02287549,0.02877394,0.002696823,-0.02287549,0.3541565,0.0401001,0.9343109,0.3541565,0.0401001,0.9343109,5.24054,5.24054,True,True,True
1674662,63779589557684,-13.57727,2.589819,-0.05167902,-0.06225831,0.8595923,0.04518871,-0.5051564,0.005907669,0.003170639,-0.02415914,0.3658752,0.01922607,0.9304504,0.0287788,0.002695343,-0.02287265,0.0287788,0.002695343,-0.02287265,0.3506775,0.04023743,0.9356232,0.3506775,0.04023743,0.9356232,5.237732,5.237732,True,True,True
1674670,63779589557696,-13.57735,2.589769,-0.05170953,-0.06235764,0.8596544,0.04518101,-0.5050392,0.005872101,0.003170929,-0.02415866,0.366333,0.02008057,0.9302521,0.02878159,0.002694641,-0.02286936,0.02878159,0.002694641,-0.02286936,0.3514099,0.04116821,0.9353027,0.3514099,0.04116821,0.9353027,5.237747,5.237747,True,True,True
1674678,63779589557696,-13.57735,2.589769,-0.05170953,-0.06235764,0.8596544,0.04518101,-0.5050392,0.005874344,0.003169602,-0.02415692,0.365387,0.01991272,0.9306335,0.02878516,0.002693009,-0.02286643,0.02878516,0.002693009,-0.02286643,0.3498688,0.0413208,0.9358826,0.3498688,0.0413208,0.9358826,5.238647,5.238647,True,True,True
1674687,63779589557706,-13.57739,2.589769,-0.05177742,-0.06228675,0.8597188,0.04500119,-0.5049543,0.005867783,0.003167465,-0.02415518,0.3651886,0.02175903,0.9306641,0.02878659,0.002692993,-0.02286429,0.02878659,0.002692993,-0.02286429,0.3498535,0.04360962,0.9357758,0.3498535,0.04360962,0.9357758,5.238861,5.238861,True,True,True
1674695,63779589557717,-13.57743,2.589767,-0.05181497,-0.06229839,0.8597847,0.04489002,-0.5048505,0.005863816,0.003167328,-0.02415413,0.3649902,0.02122498,0.9307556,0.02878732,0.002692993,-0.02286238,0.02878732,0.002692993,-0.02286238,0.3495789,0.043396,0.9358978,0.3495789,0.043396,0.9358978,5.228149,5.228149,True,True,True
1674703,63779589557728,-13.57739,2.589702,-0.05187333,-0.06205985,0.85987,0.04468901,-0.5047525,0.005941254,0.003164292,-0.02414926,0.3648529,0.0222168,0.9307861,0.028789,0.002692993,-0.02286209,0.028789,0.002692993,-0.02286209,0.3492126,0.0451355,0.9359436,0.3492126,0.0451355,0.9359436,5.229462,5.229462,True,True,True
1674712,63779589557739,-13.57741,2.58972,-0.05191058,-0.06201243,0.8598581,0.04459235,-0.5047871,0.006024643,0.003162445,-0.02414406,0.3647156,0.02227783,0.9308472,0.02879015,0.002692795,-0.02286209,0.02879015,0.002692795,-0.02286209,0.349411,0.04512024,0.9358673,0.349411,0.04512024,0.9358673,5.224716,5.224716,True,True,True
1674720,63779589557739,-13.57741,2.58972,-0.05191058,-0.06201243,0.8598581,0.04459235,-0.5047871,0.00611052,0.003160599,-0.0241393,0.3650055,0.02467346,0.9306641,0.0287907,0.002692764,-0.02286209,0.0287907,0.002692764,-0.02286209,0.3495789,0.04881287,0.9356232,0.3495789,0.04881287,0.9356232,5.23201,5.23201,True,True,True
1674728,63779589557750,-13.57739,2.589742,-0.05204219,-0.06186966,0.8598776,0.04440095,-0.5047883,0.006238678,0.003157715,-0.02413173,0.3639374,0.0247345,0.9310913,0.02879198,0.002692749,-0.02286209,0.02879198,0.002692749,-0.02286209,0.3496399,0.04888916,0.9355927,0.3496399,0.04888916,0.9355927,5.22731,5.22731,True,True,True
1674737,63779589557761,-13.57739,2.589709,-0.05203241,-0.06180492,0.8598387,0.04420322,-0.5048799,0.006395096,0.003153076,-0.02412329,0.3672943,0.02571106,0.9297333,0.02881278,0.002690231,-0.02286209,0.02881278,0.002690231,-0.02286209,0.3547058,0.05018616,0.9336243,0.3547058,0.05018616,0.9336243,5.230759,5.230759,True,True,True
1674745,63779589557761,-13.57739,2.589709,-0.05203241,-0.06180492,0.8598387,0.04420322,-0.5048799,0.006593628,0.003148667,-0.02411157,0.3677063,0.02757263,0.9295197,0.02881593,0.002689758,-0.02286209,0.02881593,0.002689758,-0.02286209,0.3549042,0.05282593,0.9333954,0.3549042,0.05282593,0.9333954,5.232849,5.232849,True,True,True
1674753,63779589557772,-13.57742,2.589636,-0.05209118,-0.06176238,0.8598499,0.04398291,-0.5048853,0.006662507,0.003145859,-0.02410712,0.3666687,0.02796936,0.9299164,0.0288188,0.002687424,-0.02286209,0.0288188,0.002687424,-0.02286209,0.3533478,0.05340576,0.93396,0.3533478,0.05340576,0.93396,5.232437,5.232437,True,True,True
1674762,63779589557784,-13.57751,2.589615,-0.052104,-0.06180244,0.8598682,0.04377905,-0.5048668,0.006781433,0.003142593,-0.02409993,0.3660431,0.02836609,0.9301453,0.028821,0.002686111,-0.02286209,0.028821,0.002686111,-0.02286209,0.3524017,0.05384827,0.9342804,0.3524017,0.05384827,0.9342804,5.250153,5.250153,True,True,True
1674770,63779589557784,-13.57761,2.589613,-0.05215693,-0.06176788,0.8598873,0.04358799,-0.5048551,0.006873123,0.003124665,-0.02409406,0.3672485,0.03286743,0.9295349,0.02882874,0.002660507,-0.02286136,0.02882874,0.002660507,-0.02286136,0.3542175,0.06088257,0.9331665,0.3542175,0.06088257,0.9331665,5.263672,5.263672,True,True,True
1674778,63779589557806,-13.57764,2.589603,-0.05220288,-0.06184058,0.859892,0.0434118,-0.5048534,0.006882706,0.003124497,-0.02409355,0.3670807,0.03276062,0.9295959,0.02883061,0.002660507,-0.02286136,0.02883061,0.002660507,-0.02286136,0.3541565,0.0609436,0.9331818,0.3541565,0.0609436,0.9331818,5.275558,5.275558,True,True,True
1674787,63779589557806,-13.57764,2.589603,-0.05220288,-0.06184058,0.859892,0.0434118,-0.5048534,0.006911621,0.003123978,-0.02409104,0.3664398,0.03291321,0.9298553,0.02883614,0.002660507,-0.02286136,0.02883614,0.002660507,-0.02286136,0.3552246,0.06123352,0.9327545,0.3552246,0.06123352,0.9327545,5.279556,5.279556,True,True,True
1674795,63779589557815,-13.57767,2.589529,-0.05227017,-0.06179541,0.8598849,0.04339575,-0.5048724,0.006917298,0.003124146,-0.02409094,0.366745,0.0330658,0.929718,0.02884412,0.002660507,-0.02286136,0.02884412,0.002660507,-0.02286136,0.3561249,0.06175232,0.9323883,0.3561249,0.06175232,0.9323883,5.280518,5.280518,True,True,True
1674803,63779589557826,-13.57769,2.589499,-0.05228484,-0.06177637,0.8599196,0.04308747,-0.504842,0.006890381,0.003124817,-0.02409252,0.3673401,0.0328064,0.9295044,0.02884899,0.002660507,-0.02286136,0.02884899,0.002660507,-0.02286136,0.356369,0.06135559,0.932312,0.356369,0.06135559,0.932312,5.285675,5.285675,True,True,True
1674812,63779589557837,-13.57772,2.58943,-0.05230904,-0.06178757,0.8599026,0.0430592,-0.5048721,0.006859848,0.003125565,-0.02409403,0.3675079,0.03274536,0.9294281,0.02885536,0.002660507,-0.02286136,0.02885536,0.002660507,-0.02286136,0.3569641,0.06178284,0.9320679,0.3569641,0.06178284,0.9320679,5.288864,5.288864,True,True,True
1674820,63779589557837,-13.57772,2.58943,-0.05230904,-0.06178757,0.8599026,0.0430592,-0.5048721,0.006844788,0.003126007,-0.02409511,0.3671722,0.03315735,0.9295502,0.02886411,0.002660507,-0.02286136,0.02886411,0.002660507,-0.02286136,0.3562469,0.06222534,0.932312,0.3562469,0.06222534,0.932312,5.293671,5.293671,True,True,True
1674828,63779589557848,-13.57773,2.589424,-0.05234396,-0.06195513,0.8599437,0.04285917,-0.5047984,0.006813172,0.003126801,-0.024097,0.3675232,0.03393555,0.9293823,0.02887081,0.002660507,-0.02286136,0.02887081,0.002660507,-0.02286136,0.3561554,0.06349182,0.932251,0.3561554,0.06349182,0.932251,5.294678,5.294678,True,True,True
1674837,63779589557859,-13.57775,2.589376,-0.0523876,-0.06200518,0.8598764,0.04275693,-0.5049157,0.00675322,0.003128845,-0.02409888,0.366272,0.03312683,0.9299011,0.02887489,0.002661911,-0.02285959,0.02887489,0.002661911,-0.02285959,0.3572235,0.06304932,0.9318848,0.3572235,0.06304932,0.9318848,5.295181,5.295181,True,True,True
1674845,63779589557870,-13.5778,2.589318,-0.0524447,-0.06196406,0.8598971,0.04247669,-0.504909,0.006129654,0.003142182,-0.02413275,0.3641815,0.03114319,0.9307861,0.02888074,0.00266217,-0.02285901,0.02888074,0.00266217,-0.02285901,0.3539886,0.06129456,0.9332275,0.3539886,0.06129456,0.9332275,5.287521,5.287521,True,True,True
1674853,63779589557870,-13.5778,2.589318,-0.0524447,-0.06196406,0.8598971,0.04247669,-0.504909,0.006145355,0.003142243,-0.02413066,0.3634644,0.03204346,0.9310455,0.02888606,0.002662659,-0.02285765,0.02888606,0.002662659,-0.02285765,0.3531647,0.06236267,0.9334717,0.3531647,0.06236267,0.9334717,5.288086,5.288086,True,True,True
1674862,63779589557882,-13.57782,2.589244,-0.05247581,-0.06204033,0.8599001,0.04240848,-0.5049003,0.00629271,0.003139496,-0.02412131,0.3621216,0.03253174,0.9315491,0.02889064,0.002663147,-0.0228559,0.02889064,0.002663147,-0.0228559,0.3516235,0.06280518,0.934021,0.3516235,0.06280518,0.934021,5.292847,5.292847,True,True,True
1674870,63779589557893,-13.57778,2.58921,-0.0525046,-0.06206511,0.8599004,0.04206738,-0.5049253,0.006216126,0.003142365,-0.0241247,0.361969,0.03210449,0.9316254,0.02889444,0.00266507,-0.02285434,0.02889444,0.00266507,-0.02285434,0.3507538,0.06225586,0.9343872,0.3507538,0.06225586,0.9343872,5.292084,5.292084,True,True,True
1674878,63779589557904,-13.5777,2.589227,-0.05252415,-0.06206412,0.8598925,0.04192285,-0.5049509,0.006381943,0.003139893,-0.02411311,0.3609924,0.03340149,0.9319611,0.02889816,0.002667267,-0.02285082,0.02889816,0.002667267,-0.02285082,0.3495026,0.06407166,0.9347382,0.3495026,0.06407166,0.9347382,5.287994,5.287994,True,True,True
1674887,63779589557904,-13.5777,2.589227,-0.05252415,-0.06206412,0.8598925,0.04192285,-0.5049509,0.006441895,0.00313971,-0.02410919,0.3606567,0.03330994,0.9320984,0.02890186,0.00266893,-0.02284966,0.02890186,0.00266893,-0.02284966,0.3492737,0.063797,0.9348297,0.3492737,0.063797,0.9348297,5.287781,5.287781,True,True,True
1674895,63779589557915,-13.57771,2.58919,-0.05256075,-0.06205699,0.8598682,0.04177575,-0.5050052,0.006363343,0.003138886,-0.02411333,0.3589172,0.03410339,0.9327393,0.02890459,0.002669129,-0.02284932,0.02890459,0.002669129,-0.02284932,0.3470612,0.0643158,0.9356232,0.3470612,0.0643158,0.9356232,5.285507,5.285507,True,True,True
1674903,63779589557926,-13.57771,2.589209,-0.0525943,-0.06205682,0.8598236,0.04161797,-0.5050942,0.006195938,0.003142792,-0.02411882,0.358963,0.03456116,0.9327087,0.02891031,0.002669678,-0.02284287,0.02891031,0.002669678,-0.02284287,0.3477478,0.06506348,0.935318,0.3477478,0.06506348,0.935318,5.281998,5.281998,True,True,True
1674912,63779589557937,-13.57773,2.589204,-0.05258906,-0.06209566,0.859787,0.04151644,-0.5051602,0.006061585,0.003146179,-0.02412561,0.3574677,0.0332489,0.9333191,0.02891382,0.002670563,-0.02284169,0.02891382,0.002670563,-0.02284169,0.3474274,0.06341553,0.9355469,0.3474274,0.06341553,0.9355469,5.28598,5.28598,True,True,True
1674920,63779589557937,-13.57773,2.589204,-0.05258906,-0.06209566,0.859787,0.04151644,-0.5051602,0.005970459,0.003149124,-0.02412917,0.3577576,0.03274536,0.9332275,0.0289169,0.002672196,-0.02283891,0.0289169,0.002672196,-0.02283891,0.3478546,0.06278992,0.9354248,0.3478546,0.06278992,0.9354248,5.287079,5.287079,True,True,True
1674928,63779589557948,-13.57775,2.589173,-0.05264628,-0.06208726,0.8598219,0.04153279,-0.5051005,0.00669989,0.003140686,-0.02407344,0.3573761,0.03137207,0.9334259,0.02892094,0.002672425,-0.02283684,0.02892094,0.002672425,-0.02283684,0.3480225,0.06401062,0.9352875,0.3480225,0.06401062,0.9352875,5.288116,5.288116,True,True,True
1674937,63779589557959,-13.57775,2.589181,-0.05268556,-0.06203348,0.8597973,0.04139511,-0.5051603,0.006527191,0.003177063,-0.02404703,0.3453217,0.02009583,0.9382629,0.02892775,0.002727554,-0.02277962,0.02892775,0.002727554,-0.02277962,0.3342438,0.04264832,0.9415131,0.3342438,0.04264832,0.9415131,5.34935,5.34935,True,True,True
1674945,63779589557970,-13.57773,2.589175,-0.05270576,-0.06198619,0.8597624,0.04142299,-0.505223,0.00533696,0.003180786,-0.02411227,0.3464203,0.01576233,0.9379425,0.02894632,0.002703308,-0.02276869,0.02894632,0.002703308,-0.02276869,0.3336487,0.03523254,0.9420319,0.3336487,0.03523254,0.9420319,5.340622,5.340622,True,True,True
1674953,63779589557970,-13.57773,2.589175,-0.05270576,-0.06198619,0.8597624,0.04142299,-0.505223,0.00514003,0.003193253,-0.02412178,0.3402405,0.0173645,0.9401703,0.02894475,0.00271817,-0.02278371,0.02894475,0.00271817,-0.02278371,0.3305359,0.04394531,0.942749,0.3305359,0.04394531,0.942749,5.345169,5.345169,True,True,True
1674962,63779589557982,-13.57778,2.589148,-0.0527705,-0.06207521,0.8597497,0.04137267,-0.5052379,0.004718567,0.003211105,-0.02414066,0.3480682,0.004608154,0.937439,0.02896185,0.002732117,-0.02277252,0.02896185,0.002732117,-0.02277252,0.3377991,0.02334595,0.940918,0.3377991,0.02334595,0.940918,5.265656,5.265656,True,True,True
1674970,63779589557993,-13.57777,2.589133,-0.05273753,-0.062044,0.8597582,0.04138068,-0.5052267,0.003734131,0.003214783,-0.02421631,0.3673859,0.0171051,0.9299011,0.02910697,0.002706818,-0.02280116,0.02910697,0.002706818,-0.02280116,0.3662567,0.04953003,0.929184,0.3662567,0.04953003,0.929184,5.318466,5.318466,True,True,True
1674978,63779589558004,-13.57773,2.589091,-0.05277514,-0.06198516,0.8597553,0.04140634,-0.5052368,-0.02874581,0.003908539,-0.02599477,0.3704681,-0.06465149,0.9265747,0.02905086,0.002833115,-0.0228149,0.02905086,0.002833115,-0.0228149,0,0,0,0,0,0,-1,-1,True,True,True
1674987,63779589558004,-13.57773,2.589091,-0.05277514,-0.06198516,0.8597553,0.04140634,-0.5052368,-0.02877271,0.003974793,-0.02600723,0.3799591,-0.06910706,0.9224091,0.02913081,0.002971039,-0.02277442,0.02913081,0.002971039,-0.02277442,0,0,0,0,0,0,-1,-1,True,True,True
1674995,63779589558015,-13.57767,2.589083,-0.05280727,-0.06197255,0.8597524,0.0413872,-0.5052448,-0.0287213,0.004021134,-0.02592597,0.3769531,-0.1693268,0.910614,0.02913973,0.003002747,-0.02264935,0.02913973,0.003002747,-0.02264935,0,0,0,0,0,0,-1,-1,True,True,True
1675003,63779589558026,-13.57764,2.589095,-0.05287063,-0.06194163,0.8597517,0.04136196,-0.5052519,-0.001,-0.001,-0.001,1,-1,-1,0.03009668,0.002082291,-0.02256532,0.03009668,0.002082291,-0.02256532,0,0,0,0,0,0,-1,-1,False,True,True
1675012,63779589558037,-13.57766,2.58914,-0.05289489,-0.06195004,0.8597962,0.04140857,-0.5051713,-0.001,-0.001,-0.001,1,-1,-1,0.03464922,0.0005070496,-0.02473569,0.03464922,0.0005070496,-0.02473569,0,0,0,0,0,0,-1,-1,False,True,True
1675020,63779589558037,-13.57766,2.58914,-0.05289489,-0.06195004,0.8597962,0.04140857,-0.5051713,-0.001,-0.001,-0.001,1,-1,-1,0.03490448,0.0007822114,-0.02443434,0.03490448,0.0007822114,-0.02443434,0,0,0,0,0,0,-1,-1,False,True,True
1675028,63779589558048,-13.57764,2.589141,-0.05292594,-0.06190717,0.8598502,0.04143654,-0.5050824,-0.001,-0.001,-0.001,1,-1,-1,0.03490448,0.0007822114,-0.02443434,0.03490448,0.0007822114,-0.02443434,0,0,0,0,0,0,-1,-1,False,False,False
1675037,63779589558059,-13.57755,2.589094,-0.0529871,-0.06199685,0.8598173,0.04162365,-0.505112,-0.001,-0.001,-0.001,1,-1,-1,0.03137992,0.0009783021,-0.02271719,0.03137992,0.0009783021,-0.02271719,0,0,0,0,0,0,-1,-1,False,True,True
1675045,63779589558070,-13.57754,2.589119,-0.05297518,-0.06197745,0.8598521,0.04164097,-0.5050536,-0.001,-0.001,-0.001,1,-1,-1,0.03172225,0.002365112,-0.02171468,0.03172225,0.002365112,-0.02171468,0,0,0,0,0,0,-1,-1,False,True,True
1675053,63779589558070,-13.57754,2.589119,-0.05297518,-0.06197745,0.8598521,0.04164097,-0.5050536,-0.001,-0.001,-0.001,1,-1,-1,0.03118294,-0.0008038178,-0.01519087,0.03118294,-0.0008038178,-0.01519087,0,0,0,0,0,0,-1,-1,False,True,True
1675062,63779589558082,-13.57751,2.589066,-0.05293691,-0.06205434,0.8598501,0.04167141,-0.5050451,-0.001,-0.001,-0.001,1,-1,-1,0.03125595,0.001484253,-0.02259378,0.03125595,0.001484253,-0.02259378,0,0,0,0,0,0,-1,-1,False,True,True
1675070,63779589558093,-13.57749,2.589065,-0.0529632,-0.06216769,0.8598961,0.04165365,-0.5049542,-0.001,-0.001,-0.001,1,-1,-1,0.03297307,0.001895966,-0.02274336,0.03297307,0.001895966,-0.02274336,0,0,0,0,0,0,-1,-1,False,True,True
1675078,63779589558104,-13.57745,2.589061,-0.05298191,-0.06212657,0.8599751,0.04147297,-0.5048396,-0.001,-0.001,-0.001,1,-1,-1,0.02883856,0.003262482,-0.02257266,0.02883856,0.003262482,-0.02257266,0,0,0,0,0,0,-1,-1,False,True,True
1675087,63779589558104,-13.57745,2.589061,-0.05298191,-0.06212657,0.8599751,0.04147297,-0.5048396,-0.001,-0.001,-0.001,1,-1,-1,0.02900884,0.003080918,-0.02279527,0.02900884,0.003080918,-0.02279527,0,0,0,0,0,0,-1,-1,False,True,True
1675095,63779589558115,-13.57739,2.589061,-0.0530166,-0.06224063,0.8600358,0.04148204,-0.5047216,-0.001,-0.001,-0.001,1,-1,-1,0.02898651,0.003027298,-0.02279454,0.02898651,0.003027298,-0.02279454,0,0,0,0,0,0,-1,-1,False,True,True
1675103,63779589558126,-13.57732,2.589005,-0.05311424,-0.06214096,0.8600766,0.04146174,-0.5046659,-0.001,-0.001,-0.001,1,-1,-1,0.02897476,0.00298259,-0.02281979,0.02897476,0.00298259,-0.02281979,0,0,0,0,0,0,-1,-1,False,True,True
1675112,63779589558137,-13.57727,2.589013,-0.05321425,-0.06214501,0.8601342,0.0413584,-0.5045758,-0.001,-0.001,-0.001,1,-1,-1,0.02895058,0.002998352,-0.02286049,0.02895058,0.002998352,-0.02286049,0,0,0,0,0,0,-1,-1,False,True,True
1675120,63779589558137,-13.57727,2.589013,-0.05321425,-0.06214501,0.8601342,0.0413584,-0.5045758,-0.001,-0.001,-0.001,1,-1,-1,0.02896379,0.00294516,-0.02280788,0.02896379,0.00294516,-0.02280788,0,0,0,0,0,0,-1,-1,False,True,True
1675128,63779589558149,-13.57721,2.58896,-0.05327678,-0.06216009,0.8602198,0.04126501,-0.5044355,-0.001,-0.001,-0.001,1,-1,-1,0.02885823,0.002990753,-0.0228557,0.02885823,0.002990753,-0.0228557,0,0,0,0,0,0,-1,-1,False,True,True
1675137,63779589558160,-13.57716,2.588968,-0.05333126,-0.06207833,0.8602966,0.04110678,-0.5043277,-0.02897093,0.004074112,-0.02605289,0.3791504,-0.06761169,0.9228516,0.02884758,0.002986313,-0.02287631,0.02884758,0.002986313,-0.02287631,0,0,0,0,0,0,-1,-1,True,True,True
1675145,63779589558171,-13.57711,2.588996,-0.05338264,-0.06182834,0.8603193,0.04104725,-0.5043245,-0.02781416,0.003988083,-0.02598357,0.3665466,-0.03063965,0.9298859,0.02884035,0.002956268,-0.02288602,0.02884035,0.002956268,-0.02288602,0.3588104,0.09594727,0.9284515,0.3588104,0.09594727,0.9284515,5.42894,5.42894,True,True,True
1675153,63779589558171,-13.57711,2.588996,-0.05338264,-0.06182834,0.8603193,0.04104725,-0.5043245,0.004448929,0.003398255,-0.02424256,0.3804626,0.04203796,0.9238281,0.02883565,0.002939621,-0.02289519,0.02883565,0.002939621,-0.02289519,0.3619385,0.1021118,0.9265747,0.3619385,0.1021118,0.9265747,5.436981,5.436981,True,True,True
1675162,63779589558183,-13.57714,2.589016,-0.05339128,-0.06179624,0.8603687,0.04105983,-0.504243,0.01166162,0.003250153,-0.02380757,0.3490753,0.02676392,0.9367065,0.02872484,0.002938034,-0.02283917,0.02872484,0.002938034,-0.02283917,0.3247223,0.04386902,0.9447784,0.3247223,0.04386902,0.9447784,5.168991,5.168991,True,True,True
1675170,63779589558194,-13.57711,2.589033,-0.05344713,-0.06172666,0.8603634,0.0410684,-0.5042599,0.01310158,0.003182953,-0.02372649,0.3630981,0.03218079,0.9311829,0.02883696,0.002880722,-0.02284824,0.02883696,0.002880722,-0.02284824,0.3506775,0.06446838,0.9342651,0.3506775,0.06446838,0.9342651,5.252823,5.252823,True,True,True
1675178,63779589558205,-13.57718,2.58906,-0.05345118,-0.06167777,0.8604324,0.04126838,-0.5041317,0.01054157,0.003222534,-0.0238784,0.3699951,0.03401184,0.9284058,0.02882565,0.002859451,-0.02285391,0.02882565,0.002859451,-0.02285391,0.3594208,0.06015015,0.9312286,0.3594208,0.06015015,0.9312286,5.283997,5.283997,True,True,True
1675186,63779589558205,-13.57718,2.58906,-0.05345118,-0.06167777,0.8604324,0.04126838,-0.5041317,0.01034503,0.003244431,-0.02387886,0.3730316,0.03341675,0.9272003,0.02885201,0.002893204,-0.022834,0.02885201,0.002893204,-0.022834,0.3666534,0.06163025,0.928299,0.3666534,0.06163025,0.928299,5.304245,5.304245,True,True,True
1675195,63779589558216,-13.57717,2.589048,-0.0534358,-0.06199265,0.8603603,0.04159771,-0.5041893,0.008183762,0.003286225,-0.0239834,0.3649139,0.02099609,0.9307861,0.0288477,0.002879441,-0.02280594,0.0288477,0.002879441,-0.02280594,0.3516998,0.04701233,0.9349213,0.3516998,0.04701233,0.9349213,5.190643,5.190643,True,True,True
1675203,63779589558227,-13.57702,2.589044,-0.05347592,-0.06209767,0.8602538,0.04155686,-0.5043613,0.007801102,0.003291443,-0.02402599,0.3743744,0.03466797,0.9266205,0.02883751,0.002879181,-0.02284763,0.02883751,0.002879181,-0.02284763,0.365799,0.07826233,0.9273834,0.365799,0.07826233,0.9273834,5.417114,5.417114,True,True,True
1675211,63779589558227,-13.57702,2.589044,-0.05347592,-0.06209767,0.8602538,0.04155686,-0.5043613,0.005578171,0.003325943,-0.02414229,0.3731995,0.02835083,0.9273071,0.02885323,0.002862656,-0.02281891,0.02885323,0.002862656,-0.02281891,0.3610229,0.05844116,0.9307098,0.3610229,0.05844116,0.9307098,5.27037,5.27037,True,True,True
1675220,63779589558239,-13.5769,2.58904,-0.05348992,-0.06222246,0.8602486,0.04162564,-0.5043491,0.00519133,0.003319367,-0.02416324,0.3748932,0.0236969,0.9267578,0.02885547,0.002850143,-0.02282935,0.02885547,0.002850143,-0.02282935,0.3671722,0.06518555,0.9278564,0.3671722,0.06518555,0.9278564,5.332977,5.332977,True,True,True
1675228,63779589558250,-13.57684,2.589043,-0.05353314,-0.0622353,0.8602932,0.04153058,-0.5042793,0.005020035,0.003312851,-0.02416785,0.3712311,0.01972961,0.9283295,0.02885527,0.002837616,-0.0228189,0.02885527,0.002837616,-0.0228189,0.3610535,0.05761719,0.9307556,0.3610535,0.05761719,0.9307556,5.288345,5.288345,True,True,True
1675236,63779589558262,-13.57686,2.589074,-0.05356741,-0.06198093,0.8603203,0.0413924,-0.5042759,0.005775635,0.003292023,-0.02412738,0.3704987,0.02589417,0.9284668,0.02885616,0.002830902,-0.02281783,0.02885616,0.002830902,-0.02281783,0.3610535,0.05938721,0.9306335,0.3610535,0.05938721,0.9306335,5.311584,5.311584,True,True,True
1675245,63779589558262,-13.57686,2.589074,-0.05356741,-0.06198093,0.8603203,0.0413924,-0.5042759,0.005457886,0.003294724,-0.02414246,0.3681641,0.02548218,0.9293976,0.02885591,0.002828186,-0.02281462,0.02885591,0.002828186,-0.02281462,0.3566742,0.06147766,0.9321899,0.3566742,0.06147766,0.9321899,5.298386,5.298386,True,True,True
1675253,63779589558272,-13.57682,2.589108,-0.05361569,-0.06175689,0.8604178,0.04127862,-0.5041462,0.005397934,0.003290726,-0.02414677,0.3681793,0.03012085,0.9292603,0.02885521,0.002822952,-0.02281192,0.02885521,0.002822952,-0.02281192,0.3596344,0.05941772,0.9311829,0.3596344,0.05941772,0.9311829,5.301361,5.301361,True,True,True
1675261,63779589558284,-13.57686,2.589106,-0.05370754,-0.06152117,0.8604801,0.04104488,-0.5040877,0.006029267,0.003275238,-0.02409903,0.3673096,0.02470398,0.9297638,0.02885689,0.002815094,-0.02280531,0.02885689,0.002815094,-0.02280531,0.3545837,0.05899048,0.9331512,0.3545837,0.05899048,0.9331512,5.303864,5.303864,True,True,True
1675270,63779589558294,-13.57684,2.589094,-0.05378902,-0.06123353,0.8605038,0.04104724,-0.5040822,0.006245316,0.003268555,-0.02409015,0.3667145,0.03094482,0.9298096,0.02885684,0.002815094,-0.02280681,0.02885684,0.002815094,-0.02280681,0.3547668,0.06257629,0.9328461,0.3547668,0.06257629,0.9328461,5.28157,5.28157,True,True,True
1675278,63779589558294,-13.57684,2.589094,-0.05378902,-0.06123353,0.8605038,0.04104724,-0.5040822,0.006263428,0.003266663,-0.02408879,0.3673248,0.03013611,0.9295959,0.02885681,0.002815094,-0.0228083,0.02885681,0.002815094,-0.0228083,0.3549652,0.06462097,0.9326324,0.3549652,0.06462097,0.9326324,5.288177,5.288177,True,True,True
1675286,63779589558306,-13.57681,2.589101,-0.05383289,-0.06115197,0.8605877,0.04103215,-0.5039501,0.006862244,0.00325322,-0.02405505,0.3666992,0.03140259,0.9297943,0.02885684,0.002812973,-0.02280834,0.02885684,0.002812973,-0.02280834,0.3551178,0.06262207,0.9327087,0.3551178,0.06262207,0.9327087,5.286255,5.286255,True,True,True
1675295,63779589558317,-13.57673,2.589099,-0.05384827,-0.06103841,0.8606216,0.04099756,-0.5039088,0.006632675,0.003256348,-0.02406824,0.3676147,0.02961731,0.9294891,0.02885689,0.002810837,-0.0228083,0.02885689,0.002810837,-0.0228083,0.3549805,0.06065369,0.9328918,0.3549805,0.06065369,0.9328918,5.285324,5.285324,True,True,True
1675303,63779589558328,-13.57669,2.589097,-0.05389708,-0.06096021,0.8606771,0.04090611,-0.5038309,0.006767991,0.003252274,-0.02406003,0.3666992,0.03044128,0.9298401,0.02885716,0.002809052,-0.02280708,0.02885716,0.002809052,-0.02280708,0.3548279,0.06086731,0.9329376,0.3548279,0.06086731,0.9329376,5.284851,5.284851,True,True,True
1675311,63779589558328,-13.57669,2.589097,-0.05389708,-0.06096021,0.8606771,0.04090611,-0.5038309,0.006869751,0.003248856,-0.02405371,0.3667603,0.03131104,0.9297791,0.02885745,0.002807251,-0.02280586,0.02885745,0.002807251,-0.02280586,0.3546906,0.06106567,0.9329834,0.3546906,0.06106567,0.9329834,5.28447,5.28447,True,True,True
1675320,63779589558339,-13.57664,2.589072,-0.05394143,-0.06085876,0.8607302,0.04094888,-0.503749,0.006925431,0.003242752,-0.02405341,0.3660736,0.03094482,0.930069,0.02885846,0.002805069,-0.02280559,0.02885846,0.002805069,-0.02280559,0.3548889,0.05960083,0.9329987,0.3548889,0.05960083,0.9329987,5.284134,5.284134,True,True,True
1675328,63779589558349,-13.57658,2.589103,-0.05396533,-0.06069152,0.8608404,0.04082265,-0.5035909,0.007114838,0.00323404,-0.02404555,0.3655701,0.03167725,0.9302368,0.02885947,0.002802902,-0.02280531,0.02885947,0.002802902,-0.02280531,0.3550568,0.05807495,0.9330292,0.3550568,0.05807495,0.9330292,5.282303,5.282303,True,True,True
1675336,63779589558361,-13.57652,2.589107,-0.05400831,-0.06049508,0.8609123,0.0407215,-0.5034999,0.007184632,0.003231217,-0.0240419,0.3648071,0.03182983,0.9305267,0.02886075,0.002801621,-0.02280507,0.02886075,0.002801621,-0.02280507,0.3538971,0.05723572,0.9335175,0.3538971,0.05723572,0.9335175,5.281387,5.281387,True,True,True
1675345,63779589558372,-13.57647,2.589087,-0.05405945,-0.06041672,0.860983,0.04071362,-0.5033891,0.007343354,0.003226624,-0.02403317,0.3640137,0.03234863,0.9308167,0.02886205,0.002800354,-0.02280481,0.02886205,0.002800354,-0.02280481,0.3527222,0.05680847,0.9339905,0.3527222,0.05680847,0.9339905,5.280685,5.280685,True,True,True
1675353,63779589558372,-13.57647,2.589087,-0.05405945,-0.06041672,0.860983,0.04071362,-0.5033891,0.007450791,0.003223511,-0.02402676,0.3635864,0.03240967,0.9309845,0.02886232,0.002799072,-0.02280412,0.02886232,0.002799072,-0.02280412,0.352356,0.05685425,0.9341278,0.352356,0.05685425,0.9341278,5.281281,5.281281,True,True,True
1675361,63779589558384,-13.5764,2.589087,-0.05408102,-0.06036929,0.8610621,0.04061302,-0.5032676,0.007474961,0.003222046,-0.02402512,0.363205,0.03260803,0.9311371,0.0288626,0.002797791,-0.02280344,0.0288626,0.002797791,-0.02280344,0.3519745,0.05691528,0.9342651,0.3519745,0.05691528,0.9342651,5.281647,5.281647,True,True,True
1675370,63779589558395,-13.57627,2.589035,-0.05416316,-0.06022631,0.8611423,0.04055611,-0.5031521,0.007412842,0.003221726,-0.0240285,0.3621674,0.03256226,0.9315338,0.02886447,0.002795944,-0.0228026,0.02886447,0.002795944,-0.0228026,0.3508148,0.05699158,0.9346924,0.3508148,0.05699158,0.9346924,5.290527,5.290527,True,True,True
1675378,63779589558395,-13.57627,2.589035,-0.05416316,-0.06022631,0.8611423,0.04055611,-0.5031521,0.007213242,0.003224945,-0.02403905,0.3605957,0.03253174,0.9321442,0.0288626,0.002794113,-0.02280176,0.0288626,0.002794113,-0.02280176,0.3486633,0.05770874,0.9354553,0.3486633,0.05770874,0.9354553,5.299042,5.299042,True,True,True
1675386,63779589558406,-13.57621,2.589066,-0.05421197,-0.06017219,0.8612285,0.04030894,-0.5030309,0.006874939,0.003229721,-0.02405629,0.3607788,0.03172302,0.9320984,0.02886635,0.002790543,-0.02279833,0.02886635,0.002790543,-0.02279833,0.3486633,0.05764771,0.9354706,0.3486633,0.05764771,0.9354706,5.280853,5.280853,True,True,True
1675395,63779589558416,-13.57615,2.589074,-0.05423123,-0.06005799,0.861279,0.04007248,-0.502977,0.006463135,0.003235581,-0.02407846,0.3617249,0.03161621,0.9317474,0.02887038,0.002786255,-0.02279601,0.02887038,0.002786255,-0.02279601,0.3498077,0.05882263,0.934967,0.3498077,0.05882263,0.934967,5.300583,5.300583,True,True,True
1675403,63779589558428,-13.57617,2.589025,-0.0542599,-0.06009394,0.8613652,0.04008122,-0.5028242,0.006156311,0.003240525,-0.02409424,0.3591614,0.03106689,0.9327393,0.02887151,0.002784241,-0.022793,0.02887151,0.002784241,-0.022793,0.3460236,0.05860901,0.9363861,0.3460236,0.05860901,0.9363861,5.298859,5.298859,True,True,True
1675411,63779589558428,-13.57617,2.589025,-0.0542599,-0.06009394,0.8613652,0.04008122,-0.5028242,0.00600528,0.003243576,-0.02410182,0.3589478,0.02941895,0.9328918,0.02887158,0.002784226,-0.02279117,0.02887158,0.002784226,-0.02279117,0.3453674,0.05764771,0.936676,0.3453674,0.05764771,0.936676,5.317673,5.317673,True,True,True
1675420,63779589558439,-13.57615,2.589038,-0.05428851,-0.06002788,0.8614128,0.04001934,-0.5027556,0.005920807,0.003244187,-0.02410579,0.3580475,0.02923584,0.9332428,0.02887177,0.002782395,-0.02278966,0.02887177,0.002782395,-0.02278966,0.3435516,0.05749512,0.9373627,0.3435516,0.05749512,0.9373627,5.316803,5.316803,True,True,True
1675428,63779589558450,-13.57611,2.589033,-0.05438262,-0.06006691,0.8614426,0.04002002,-0.5026996,0.005875412,0.003244354,-0.02410774,0.357605,0.02859497,0.9334259,0.02887178,0.002781281,-0.02278847,0.02887178,0.002781281,-0.02278847,0.342865,0.05697632,0.9376373,0.342865,0.05697632,0.9376373,5.328323,5.328323,True,True,True
1675436,63779589558461,-13.57611,2.58901,-0.05437821,-0.0600576,0.8614773,0.03994858,-0.502647,0.006010925,0.003241333,-0.02409575,0.3571014,0.02812195,0.9336243,0.02887384,0.002781281,-0.02278656,0.02887384,0.002781281,-0.02278656,0.3426361,0.05673218,0.9377441,0.3426361,0.05673218,0.9377441,5.328308,5.328308,True,True,True
1675445,63779589558461,-13.57611,2.58901,-0.05437821,-0.0600576,0.8614773,0.03994858,-0.502647,0.006153839,0.003238373,-0.02408476,0.3574371,0.02813721,0.9335022,0.02887892,0.002781052,-0.0227814,0.02887892,0.002781052,-0.0227814,0.3429108,0.05639648,0.9376678,0.3429108,0.05639648,0.9376678,5.328461,5.328461,True,True,True
1675453,63779589558472,-13.5761,2.588988,-0.05441183,-0.06019712,0.8615091,0.03989099,-0.5025805,0.006266434,0.003235962,-0.02407745,0.3574677,0.02705383,0.9335327,0.02887901,0.002780792,-0.02278005,0.02887901,0.002780792,-0.02278005,0.3427582,0.05517578,0.9377899,0.3427582,0.05517578,0.9377899,5.344299,5.344299,True,True,True
1675461,63779589558484,-13.57609,2.588921,-0.05448312,-0.06019891,0.8615149,0.03984563,-0.5025739,0.006272355,0.003235871,-0.02407352,0.3569641,0.026474,0.9337311,0.02888359,0.002780716,-0.02277394,0.02888359,0.002780716,-0.02277394,0.3422546,0.05473328,0.9380035,0.3422546,0.05473328,0.9380035,5.345795,5.345795,True,True,True
1675470,63779589558494,-13.57608,2.588914,-0.0544886,-0.06024794,0.8615583,0.03977735,-0.502499,0.006178848,0.00323764,-0.02407735,0.3560333,0.02622986,0.9340973,0.02888362,0.002780472,-0.02277149,0.02888362,0.002780472,-0.02277149,0.3416138,0.05459595,0.9382477,0.3416138,0.05459595,0.9382477,5.345581,5.345581,True,True,True
1675478,63779589558505,-13.57608,2.588885,-0.05454475,-0.06016768,0.861618,0.03963238,-0.5024176,0.006093781,0.003239136,-0.02408069,0.3562164,0.02560425,0.9340515,0.02888669,0.002779938,-0.02276883,0.02888669,0.002779938,-0.02276883,0.3422699,0.05383301,0.9380493,0.3422699,0.05383301,0.9380493,5.348633,5.348633,True,True,True
1675486,63779589558505,-13.57608,2.588885,-0.05454475,-0.06016768,0.861618,0.03963238,-0.5024176,0.005979782,0.003241348,-0.02408568,0.3542786,0.02497864,0.9347992,0.02888741,0.002779755,-0.02276639,0.02888741,0.002779755,-0.02276639,0.338913,0.05302429,0.9393158,0.338913,0.05302429,0.9393158,5.343704,5.343704,True,True,True
1675495,63779589558516,-13.57608,2.588893,-0.05457956,-0.060153,0.8616724,0.03960643,-0.5023282,0.005815811,0.00324469,-0.02409339,0.3548584,0.02468872,0.9345856,0.02889037,0.002779755,-0.02276416,0.02889037,0.002779755,-0.02276416,0.3395386,0.0528717,0.9391022,0.3395386,0.0528717,0.9391022,5.347092,5.347092,True,True,True
1675503,63779589558527,-13.57607,2.5889,-0.05459577,-0.06013748,0.8616785,0.03944002,-0.5023328,0.005735474,0.003245621,-0.02409749,0.3547974,0.02479553,0.9346008,0.02889166,0.002779282,-0.02276324,0.02889166,0.002779282,-0.02276324,0.3396912,0.0528717,0.9390411,0.3396912,0.0528717,0.9390411,5.347076,5.347076,True,True,True
1675511,63779589558527,-13.57607,2.5889,-0.05459577,-0.06013748,0.8616785,0.03944002,-0.5023328,0.005767228,0.003245011,-0.02409415,0.3540497,0.02487183,0.9348907,0.02889349,0.002779282,-0.02276103,0.02889349,0.002779282,-0.02276103,0.3398438,0.05276489,0.9389954,0.3398438,0.05276489,0.9389954,5.357651,5.357651,True,True,True
1675520,63779589558539,-13.5761,2.588875,-0.05459428,-0.06005446,0.8617057,0.03937869,-0.5023009,0.005928681,0.00324173,-0.02408234,0.3532867,0.02485657,0.9351807,0.02889458,0.002779221,-0.02275829,0.02889458,0.002779221,-0.02275829,0.3392639,0.05252075,0.939209,0.3392639,0.05252075,0.939209,5.346985,5.346985,True,True,True
1675528,63779589558550,-13.57608,2.588852,-0.0546056,-0.06020441,0.8617161,0.03933962,-0.5022681,0.006067536,0.003237869,-0.02407294,0.3483582,0.02519226,0.9370117,0.02889851,0.002778671,-0.0227571,0.02889851,0.002778671,-0.0227571,0.334137,0.05227661,0.9410553,0.334137,0.05227661,0.9410553,5.344467,5.344467,True,True,True
1675536,63779589558561,-13.57617,2.588776,-0.0545314,-0.06024298,0.8617307,0.03930519,-0.5022411,0.006264404,0.003233795,-0.02405975,0.3466187,0.02531433,0.9376526,0.02889969,0.002778671,-0.02275581,0.02889969,0.002778671,-0.02275581,0.3321381,0.05218506,0.9417725,0.3321381,0.05218506,0.9417725,5.343903,5.343903,True,True,True
1675545,63779589558561,-13.57617,2.588776,-0.0545314,-0.06024298,0.8617307,0.03930519,-0.5022411,0.006354782,0.003231537,-0.02405199,0.3467255,0.02537537,0.9376068,0.02890291,0.002778671,-0.02275208,0.02890291,0.002778671,-0.02275208,0.3328094,0.05200195,0.9415436,0.3328094,0.05200195,0.9415436,5.344116,5.344116,True,True,True
1675553,63779589558573,-13.57614,2.588778,-0.05453175,-0.06037951,0.8617384,0.03929656,-0.502212,0.00641626,0.003229737,-0.02404762,0.3437195,0.02529907,0.9387207,0.02890499,0.002778671,-0.02275115,0.02890499,0.002778671,-0.02275115,0.3286743,0.05162048,0.9430237,0.3286743,0.05162048,0.9430237,5.357147,5.357147,True,True,True
1675561,63779589558584,-13.57614,2.588772,-0.05453825,-0.06047465,0.8617297,0.03934395,-0.5022118,0.006693131,0.003224137,-0.02403098,0.343811,0.02558899,0.9386749,0.02890842,0.002778671,-0.0227498,0.02890842,0.002778671,-0.0227498,0.3288422,0.05149841,0.9429626,0.3288422,0.05149841,0.9429626,5.367691,5.367691,True,True,True
1675570,63779589558595,-13.57608,2.588779,-0.05444211,-0.06055347,0.8616905,0.03942301,-0.5022633,0.006728135,0.003223313,-0.02402725,0.3437195,0.02555847,0.9387054,0.0289129,0.002778671,-0.02274789,0.0289129,0.002778671,-0.02274789,0.3292389,0.0514679,0.9428253,0.3292389,0.0514679,0.9428253,5.368271,5.368271,True,True,True
1675578,63779589558605,-13.57607,2.588778,-0.05441976,-0.06061263,0.861706,0.0395022,-0.5022236,0.006843323,0.003220337,-0.0240201,0.3444519,0.02523804,0.938446,0.02891754,0.002778671,-0.02274695,0.02891754,0.002778671,-0.02274695,0.3302155,0.04946899,0.9425964,0.3302155,0.04946899,0.9425964,5.368027,5.368027,True,True,True
1675586,63779589558605,-13.57607,2.588778,-0.05441976,-0.06061263,0.861706,0.0395022,-0.5022236,0.006919235,0.00321846,-0.02401085,0.3432922,0.02502441,0.9388885,0.02892117,0.002778595,-0.02274147,0.02892117,0.002778595,-0.02274147,0.3280945,0.04896545,0.9433594,0.3280945,0.04896545,0.9433594,5.367188,5.367188,True,True,True
1675595,63779589558617,-13.57614,2.588792,-0.05445826,-0.06059597,0.8617066,0.03953116,-0.5022221,0.007089615,0.003215088,-0.02399913,0.3429108,0.02497864,0.9390259,0.02892551,0.002778549,-0.02273808,0.02892551,0.002778549,-0.02273808,0.3283691,0.04867554,0.9432831,0.3283691,0.04867554,0.9432831,5.373489,5.373489,True,True,True
1675603,63779589558628,-13.57612,2.58873,-0.0544818,-0.06073565,0.8616423,0.03971503,-0.502301,0.007023758,0.003216416,-0.02400227,0.3429108,0.02427673,0.9390411,0.02892923,0.002778549,-0.02273793,0.02892923,0.002778549,-0.02273793,0.3278046,0.04858398,0.9434814,0.3278046,0.04858398,0.9434814,5.367065,5.367065,True,True,True
1675611,63779589558628,-13.5762,2.588764,-0.05447716,-0.06077738,0.8616368,0.03977422,-0.5023009,0.006933045,0.003218155,-0.02400397,0.3423309,0.02285767,0.9392853,0.02893358,0.002778549,-0.02273273,0.02893358,0.002778549,-0.02273273,0.328476,0.0466156,0.9433441,0.328476,0.0466156,0.9433441,5.366516,5.366516,True,True,True
1675620,63779589558639,-13.5762,2.588764,-0.05447716,-0.06077738,0.8616368,0.03977422,-0.5023009,0.006219132,0.003232025,-0.02404434,0.3427277,0.02278137,0.9391479,0.02893512,0.002778549,-0.02273132,0.02893512,0.002778549,-0.02273132,0.3282166,0.04595947,0.9434662,0.3282166,0.04595947,0.9434662,5.366211,5.366211,True,True,True
1675628,63779589558649,-13.57618,2.588783,-0.05449367,-0.06078319,0.861598,0.03993097,-0.5023543,0.007050705,0.003215332,-0.02399501,0.3424988,0.0236969,0.939209,0.02893974,0.002778549,-0.0227296,0.02893974,0.002778549,-0.0227296,0.3288116,0.04588318,0.9432678,0.3288116,0.04588318,0.9432678,5.366257,5.366257,True,True,True
1675636,63779589558661,-13.57618,2.588795,-0.05449796,-0.06088902,0.8615211,0.0400235,-0.5024659,0.007066529,0.003213944,-0.02399266,0.3427734,0.02397156,0.9391022,0.02894165,0.002777817,-0.02272731,0.02894165,0.002777817,-0.02272731,0.3288116,0.04595947,0.9432678,0.3288116,0.04595947,0.9432678,5.366791,5.366791,True,True,True
1675645,63779589558672,-13.57616,2.588869,-0.05447692,-0.06092288,0.8615456,0.04014318,-0.5024103,0.006112198,0.003232529,-0.02404614,0.3415375,0.02293396,0.9395752,0.02894602,0.002777817,-0.02272423,0.02894602,0.002777817,-0.02272423,0.328064,0.04563904,0.9435425,0.328064,0.04563904,0.9435425,5.36618,5.36618,True,True,True
1675653,63779589558672,-13.57616,2.588869,-0.05447692,-0.06092288,0.8615456,0.04014318,-0.5024103,0.006126816,0.003231522,-0.0240436,0.3423615,0.02284241,0.9392853,0.02894986,0.002777603,-0.02272241,0.02894986,0.002777603,-0.02272241,0.3290863,0.04525757,0.9432068,0.3290863,0.04525757,0.9432068,5.366577,5.366577,True,True,True
1675661,63779589558684,-13.57615,2.588901,-0.05447978,-0.06093301,0.861509,0.04016478,-0.5024701,0.006154434,0.003229767,-0.02404013,0.3408966,0.02290344,0.9398041,0.02895381,0.002776581,-0.02272003,0.02895381,0.002776581,-0.02272003,0.3260498,0.04504395,0.9442749,0.3260498,0.04504395,0.9442749,5.365387,5.365387,True,True,True
1675670,63779589558694,-13.57619,2.588915,-0.0545153,-0.06088737,0.8615245,0.04034465,-0.5024346,0.006222367,0.003227524,-0.02403301,0.3401642,0.0229187,0.9400787,0.02895923,0.002774964,-0.02271758,0.02895923,0.002774964,-0.02271758,0.3271332,0.04533386,0.9438782,0.3271332,0.04533386,0.9438782,5.365738,5.365738,True,True,True
1675678,63779589558694,-13.57619,2.588915,-0.0545153,-0.06088737,0.8615245,0.04034465,-0.5024346,0.006291138,0.003225403,-0.02402806,0.3355408,0.02374268,0.9417114,0.02896457,0.002773575,-0.02271555,0.02896457,0.002773575,-0.02271555,0.3233337,0.04536438,0.9451904,0.3233337,0.04536438,0.9451904,5.361664,5.361664,True,True,True
1675686,63779589558706,-13.57626,2.588904,-0.05440807,-0.06093919,0.8615013,0.0403854,-0.5024647,0.006365479,0.003222641,-0.02402338,0.33461,0.0246582,0.9420319,0.02897019,0.002771729,-0.02271466,0.02897019,0.002771729,-0.02271466,0.3234558,0.04588318,0.9451141,0.3234558,0.04588318,0.9451141,5.362305,5.362305,True,True,True
1675695,63779589558716,-13.57628,2.588921,-0.05440462,-0.06088692,0.8615159,0.04044743,-0.5024412,0.006235383,0.003224961,-0.02403059,0.3339691,0.02412415,0.9422607,0.02897762,0.002771027,-0.02271358,0.02897762,0.002771027,-0.02271358,0.3215942,0.0451355,0.9457855,0.3215942,0.0451355,0.9457855,5.361084,5.361084,True,True,True
1675703,63779589558728,-13.57628,2.588911,-0.05447525,-0.06090076,0.8614586,0.04050569,-0.5025331,0.006197114,0.003224213,-0.02403017,0.3315582,0.02330017,0.9431458,0.02898207,0.002768402,-0.02271288,0.02898207,0.002768402,-0.02271288,0.3180237,0.04478455,0.9470215,0.3180237,0.04478455,0.9470215,5.356232,5.356232,True,True,True
1675711,63779589558739,-13.57631,2.588928,-0.05448812,-0.06102373,0.8615081,0.04048748,-0.5024347,0.006495438,0.003217606,-0.02401268,0.3321381,0.02481079,0.9428864,0.02898738,0.002767334,-0.02271205,0.02898738,0.002767334,-0.02271205,0.318222,0.04605103,0.9468842,0.318222,0.04605103,0.9468842,5.357224,5.357224,True,True,True
1675720,63779589558739,-13.57631,2.588928,-0.05448812,-0.06102373,0.8615081,0.04048748,-0.5024347,0.00667424,0.003213623,-0.02399957,0.3287811,0.02372742,0.9441071,0.02899172,0.002766541,-0.02270776,0.02899172,0.002766541,-0.02270776,0.3130341,0.04464722,0.9486847,0.3130341,0.04464722,0.9486847,5.35466,5.35466,True,True,True
1675728,63779589558749,-13.57634,2.58889,-0.05454296,-0.06101015,0.8615437,0.04043254,-0.5023797,0.006843933,0.003209381,-0.0239867,0.3286896,0.02394104,0.9441223,0.02899758,0.002765518,-0.02270612,0.02899758,0.002765518,-0.02270612,0.3119812,0.04475403,0.9490204,0.3119812,0.04475403,0.9490204,5.351013,5.351013,True,True,True
1675736,63779589558760,-13.57637,2.588869,-0.0545665,-0.06097499,0.861608,0.04038056,-0.5022778,0.006909607,0.003207123,-0.023978,0.3287811,0.02398682,0.9440918,0.02900343,0.002763718,-0.02270132,0.02900343,0.002763718,-0.02270132,0.3112793,0.04490662,0.9492493,0.3112793,0.04490662,0.9492493,5.354309,5.354309,True,True,True
1675745,63779589558771,-13.57641,2.588888,-0.05463427,-0.06100013,0.8615775,0.04022841,-0.5023395,0.006871277,0.003207306,-0.02397858,0.3295746,0.02388,0.9438171,0.02900791,0.002762558,-0.02269898,0.02900791,0.002762558,-0.02269898,0.3119049,0.04508972,0.9490356,0.3119049,0.04508972,0.9490356,5.35466,5.35466,True,True,True
1675753,63779589558771,-13.57641,2.588888,-0.05463427,-0.06100013,0.8615775,0.04022841,-0.5023395,0.006945526,0.003205872,-0.02397136,0.3299103,0.02337646,0.9437103,0.02901373,0.002762436,-0.02269472,0.02901373,0.002762436,-0.02269472,0.3133698,0.04484558,0.9485626,0.3133698,0.04484558,0.9485626,5.352448,5.352448,True,True,True
1675761,63779589558783,-13.57644,2.58881,-0.0545817,-0.06104895,0.8616082,0.04021702,-0.5022817,0.007074082,0.003202515,-0.0239603,0.3303986,0.0218811,0.943573,0.02901837,0.002761017,-0.02269016,0.02901837,0.002761017,-0.02269016,0.3134155,0.0422821,0.9486694,0.3134155,0.0422821,0.9486694,5.351013,5.351013,True,True,True
1675770,63779589558783,-13.57644,2.58881,-0.0545817,-0.06104895,0.8616082,0.04021702,-0.5022817,0.007185272,0.003200211,-0.02395352,0.3308716,0.02204895,0.9434052,0.02902158,0.002760788,-0.02268925,0.02902158,0.002760788,-0.02268925,0.3134613,0.0422821,0.9486542,0.3134613,0.0422821,0.9486542,5.353943,5.353943,True,True,True
1675778,63779589558799,-13.57651,2.588799,-0.05458081,-0.06105357,0.8617002,0.03994515,-0.5021451,0.007115036,0.00320047,-0.02395236,0.3312225,0.02192688,0.9432831,0.02902622,0.002758759,-0.02268263,0.02902622,0.002758759,-0.02268263,0.314621,0.04241943,0.9482574,0.314621,0.04241943,0.9482574,5.347427,5.347427,True,True,True
1675786,63779589558807,-13.57647,2.588802,-0.05456603,-0.06107237,0.8617202,0.03973794,-0.5021249,0.007106461,0.003199707,-0.02395055,0.3291931,0.02168274,0.9440002,0.02903024,0.002757172,-0.0226792,0.02903024,0.002757172,-0.0226792,0.3131866,0.04176331,0.948761,0.3131866,0.04176331,0.948761,5.346054,5.346054,True,True,True
1675795,63779589558816,-13.57651,2.588814,-0.05457044,-0.06103418,0.8617599,0.0394672,-0.5020827,0.007175217,0.003197296,-0.02394542,0.3298035,0.02108765,0.9438019,0.02903687,0.002755524,-0.02267726,0.02903687,0.002755524,-0.02267726,0.3135834,0.0411377,0.9486542,0.3135834,0.0411377,0.9486542,5.3461,5.3461,True,True,True
1675803,63779589558825,-13.57655,2.588762,-0.05461228,-0.0608973,0.8617361,0.03919695,-0.5021613,0.006159882,0.003217194,-0.02400322,0.3295593,0.02003479,0.9439087,0.02904102,0.002755524,-0.02267653,0.02904102,0.002755524,-0.02267653,0.3124237,0.04103088,0.9490509,0.3124237,0.04103088,0.9490509,5.345932,5.345932,True,True,True
1675811,63779589558836,-13.57666,2.588687,-0.05464721,-0.06093688,0.8617571,0.03900661,-0.5021353,0.006203324,0.003215347,-0.02399927,0.3274384,0.01989746,0.9446564,0.02904855,0.002755524,-0.02267604,0.02904855,0.002755524,-0.02267604,0.3133087,0.04090881,0.948761,0.3133087,0.04090881,0.948761,5.336899,5.336899,True,True,True
1675820,63779589558836,-13.57666,2.588687,-0.05464721,-0.06093688,0.8617571,0.03900661,-0.5021353,0.006275315,0.003213715,-0.02399297,0.328476,0.01991272,0.9442902,0.02905527,0.002755524,-0.02267209,0.02905527,0.002755524,-0.02267209,0.3148346,0.04071045,0.9482574,0.3148346,0.04071045,0.9482574,5.335358,5.335358,True,True,True
1675828,63779589558848,-13.57675,2.588666,-0.05468559,-0.06097129,0.8617412,0.03897731,-0.5021607,0.006402436,0.003210785,-0.02398521,0.329071,0.01956177,0.9440918,0.02906125,0.002755524,-0.02267137,0.02906125,0.002755524,-0.02267137,0.3163452,0.04168701,0.9477234,0.3163452,0.04168701,0.9477234,5.335785,5.335785,True,True,True
1675836,63779589558859,-13.5768,2.588591,-0.05468148,-0.06115839,0.8617075,0.03899534,-0.5021944,0.00655394,0.003206742,-0.02397617,0.3270264,0.01982117,0.9447937,0.02906653,0.002755524,-0.02267096,0.02906653,0.002755524,-0.02267096,0.3130798,0.04148865,0.9488068,0.3130798,0.04148865,0.9488068,5.328659,5.328659,True,True,True
1675845,63779589558870,-13.57686,2.588541,-0.05468887,-0.06153263,0.861648,0.03895279,-0.5022541,0.006780594,0.003201859,-0.02395975,0.3262177,0.01985168,0.9450836,0.02907088,0.002755524,-0.02266786,0.02907088,0.002755524,-0.02266786,0.3118591,0.04121399,0.9492188,0.3118591,0.04121399,0.9492188,5.328232,5.328232,True,True,True
1675853,63779589558870,-13.57686,2.588541,-0.05468887,-0.06153263,0.861648,0.03895279,-0.5022541,0.006883362,0.003198166,-0.02395239,0.3238068,0.02053833,0.9458923,0.02907536,0.002755524,-0.02266559,0.02907536,0.002755524,-0.02266559,0.3104553,0.04168701,0.9496613,0.3104553,0.04168701,0.9496613,5.328171,5.328171,True,True,True
1675861,63779589558881,-13.57691,2.5885,-0.05468065,-0.06165665,0.8616533,0.03877037,-0.5022439,0.006854782,0.003200379,-0.02395068,0.3189392,0.01927185,0.9475708,0.02907718,0.002758163,-0.02266208,0.02907718,0.002758163,-0.02266208,0.3047638,0.04000854,0.9515686,0.3047638,0.04000854,0.9515686,5.309875,5.309875,True,True,True
1675870,63779589558892,-13.57696,2.588474,-0.05469531,-0.06184964,0.8616536,0.0385863,-0.5022338,0.00698378,0.003190155,-0.02394193,0.321228,0.02174377,0.9467468,0.0290815,0.00275824,-0.02265941,0.0290815,0.00275824,-0.02265941,0.3043976,0.03988647,0.9517059,0.3043976,0.03988647,0.9517059,5.324921,5.324921,True,True,True
1675878,63779589558903,-13.57703,2.588452,-0.05469114,-0.06185402,0.8616579,0.03846924,-0.5022348,0.007065857,0.00318924,-0.02393535,0.3199463,0.021698,0.9471741,0.02908376,0.002759293,-0.0226574,0.02908376,0.002759293,-0.0226574,0.302475,0.03929138,0.9523315,0.302475,0.03929138,0.9523315,5.306946,5.306946,True,True,True
1675886,63779589558903,-13.57703,2.588452,-0.05469114,-0.06185402,0.8616579,0.03846924,-0.5022348,0.006561661,0.003198731,-0.0239637,0.3192596,0.02116394,0.9474182,0.02908762,0.002759293,-0.02265656,0.02908762,0.002759293,-0.02265656,0.3027649,0.03916931,0.9522552,0.3027649,0.03916931,0.9522552,5.29985,5.29985,True,True,True
1675895,63779589558914,-13.57702,2.588434,-0.05468774,-0.06191002,0.8616369,0.03832112,-0.5022754,0.006499634,0.003200058,-0.02396451,0.3192444,0.02090454,0.9474335,0.02909378,0.002759293,-0.02265187,0.02909378,0.002759293,-0.02265187,0.3031464,0.03889465,0.9521484,0.3031464,0.03889465,0.9521484,5.300186,5.300186,True,True,True
1675903,63779589558926,-13.57707,2.588472,-0.05467159,-0.06183681,0.8616256,0.038222,-0.5023113,0.00634993,0.003192429,-0.02394363,0.3102722,0.02033997,0.9504242,0.029127,0.002745423,-0.02261836,0.029127,0.002745423,-0.02261836,0.2918243,0.03735352,0.9557343,0.2918243,0.03735352,0.9557343,5.226929,5.226929,True,True,True
1675911,63779589558936,-13.57705,2.588508,-0.0547331,-0.06178273,0.8616554,0.03809783,-0.5022762,0.00632811,0.003189972,-0.02397862,0.3276062,0.02191162,0.9445496,0.02899909,0.002736069,-0.02265495,0.02899909,0.002736069,-0.02265495,0.3127441,0.04208374,0.9488983,0.3127441,0.04208374,0.9488983,5.267426,5.267426,True,True,True
1675920,63779589558936,-13.57705,2.588508,-0.0547331,-0.06178273,0.8616554,0.03809783,-0.5022762,0.007045929,0.003183289,-0.02396849,0.3432312,0.02833557,0.9388123,0.02887876,0.002734604,-0.02268874,0.02887876,0.002734604,-0.02268874,0.3267517,0.05497742,0.9434967,0.3267517,0.05497742,0.9434967,5.232758,5.232758,True,True,True
1675928,63779589558947,-13.57708,2.588494,-0.05471623,-0.06172482,0.861662,0.03801219,-0.5022786,0.00891919,0.003162079,-0.02388927,0.3688812,0.02961731,0.9289856,0.02880258,0.002763504,-0.02271452,0.02880258,0.002763504,-0.02271452,0.357132,0.04937744,0.9327393,0.357132,0.04937744,0.9327393,5.256287,5.256287,True,True,True
1675936,63779589558958,-13.57713,2.588496,-0.05474168,-0.06174562,0.8616653,0.03804239,-0.502268,0.01034573,0.003150162,-0.02381543,0.377533,0.03309631,0.9253845,0.02877826,0.002782272,-0.02273041,0.02877826,0.002782272,-0.02273041,0.3706512,0.05351257,0.9272156,0.3706512,0.05351257,0.9272156,5.355133,5.355133,True,True,True
1675945,63779589558970,-13.57718,2.588462,-0.05475307,-0.0617455,0.8616871,0.03809511,-0.5022266,0.01137088,0.003126984,-0.02375165,0.3697815,0.03672791,0.9283752,0.02879311,0.002779099,-0.02272478,0.02879311,0.002779099,-0.02272478,0.3594055,0.0582428,0.9313507,0.3594055,0.0582428,0.9313507,5.275436,5.275436,True,True,True
1675953,63779589558970,-13.57718,2.588462,-0.05475307,-0.0617455,0.8616871,0.03809511,-0.5022266,0.01173164,0.003118302,-0.02373221,0.3670807,0.0413208,0.9292603,0.02879717,0.002777756,-0.02272681,0.02879717,0.002777756,-0.02272681,0.3563843,0.06304932,0.9322052,0.3563843,0.06304932,0.9322052,5.185104,5.185104,True,True,True
1675961,63779589558981,-13.57722,2.588478,-0.05475414,-0.06178665,0.8616601,0.03818564,-0.5022609,0.01139433,0.003125534,-0.02375197,0.3674164,0.04223633,0.9290924,0.02879865,0.002779282,-0.02272623,0.02879865,0.002779282,-0.02272623,0.3571472,0.06388855,0.9318542,0.3571472,0.06388855,0.9318542,5.208786,5.208786,True,True,True
1675970,63779589558992,-13.57719,2.588472,-0.05476916,-0.06186754,0.8616681,0.03819851,-0.5022364,0.01068718,0.003139237,-0.02379305,0.3672791,0.04003906,0.929245,0.02880013,0.002778885,-0.02272565,0.02880013,0.002778885,-0.02272565,0.3579102,0.06309509,0.9316101,0.3579102,0.06309509,0.9316101,5.230545,5.230545,True,True,True
1675978,63779589559003,-13.57726,2.588488,-0.05477023,-0.06192461,0.8616803,0.03825361,-0.5022042,0.009475739,0.003163819,-0.02386467,0.3694,0.03945923,0.928421,0.02880249,0.002779373,-0.02272548,0.02880249,0.002779373,-0.02272548,0.358551,0.06390381,0.9313049,0.358551,0.06390381,0.9313049,5.249222,5.249222,True,True,True
1675986,63779589559003,-13.57726,2.588488,-0.05477023,-0.06192461,0.8616803,0.03825361,-0.5022042,0.007949479,0.003193893,-0.02395435,0.3697205,0.03729248,0.9283752,0.02880486,0.002778885,-0.02272531,0.02880486,0.002778885,-0.02272531,0.3594971,0.06341553,0.9309845,0.3594971,0.06341553,0.9309845,5.26741,5.26741,True,True,True
1675995,63779589559015,-13.57732,2.588482,-0.05475259,-0.06199986,0.8617231,0.03832266,-0.5021162,0.006130036,0.003229798,-0.02406151,0.3719025,0.03468323,0.9276123,0.02880692,0.00277832,-0.02272458,0.02880692,0.00277832,-0.02272458,0.3597107,0.06311035,0.9309235,0.3597107,0.06311035,0.9309235,5.249603,5.249603,True,True,True
1676003,63779589559025,-13.57731,2.588446,-0.05473745,-0.06218316,0.8617277,0.03833735,-0.5020846,0.006262726,0.003227676,-0.02405303,0.3708038,0.03491211,0.9280396,0.02880898,0.002778885,-0.02272386,0.02880898,0.002778885,-0.02272386,0.3599243,0.06307983,0.9308319,0.3599243,0.06307983,0.9308319,5.233246,5.233246,True,True,True
1676011,63779589559037,-13.57745,2.588434,-0.05467898,-0.06222251,0.8617502,0.03830809,-0.5020433,0.006355606,0.003225739,-0.02404726,0.3703156,0.03512573,0.9282379,0.02881224,0.002778443,-0.02272365,0.02881224,0.002778443,-0.02272365,0.361084,0.06312561,0.9303741,0.361084,0.06312561,0.9303741,5.251144,5.251144,True,True,True
1676020,63779589559037,-13.57745,2.588434,-0.05467898,-0.06222251,0.8617502,0.03830809,-0.5020433,0.006693558,0.00321904,-0.02402728,0.3709412,0.03555298,0.9279633,0.02881549,0.002778,-0.02272386,0.02881549,0.002778,-0.02272386,0.3617859,0.06292725,0.93013,0.3617859,0.06292725,0.93013,5.251358,5.251358,True,True,True
1676028,63779589559047,-13.57748,2.58842,-0.05471247,-0.06237067,0.8617586,0.03813127,-0.502024,0.00663089,0.00322049,-0.02403056,0.3700867,0.03471375,0.9283295,0.02881586,0.002777878,-0.02272365,0.02881586,0.002777878,-0.02272365,0.3608093,0.06164551,0.9305878,0.3608093,0.06164551,0.9305878,5.258362,5.258362,True,True,True
1676036,63779589559059,-13.57753,2.588333,-0.0547111,-0.06241528,0.8617815,0.03806392,-0.5019843,0.006518403,0.003222855,-0.02403687,0.3694153,0.03347778,0.9286499,0.02881623,0.002777756,-0.02272386,0.02881623,0.002777756,-0.02272386,0.3596497,0.06022644,0.9311371,0.3596497,0.06022644,0.9311371,5.24794,5.24794,True,True,True
1676045,63779589559070,-13.57758,2.588314,-0.05471224,-0.06257164,0.861801,0.03794858,-0.5019399,0.006565827,0.003221878,-0.02403356,0.3694153,0.03417969,0.9286194,0.02881813,0.002777878,-0.02272365,0.02881813,0.002777878,-0.02272365,0.3596954,0.06152344,0.9310303,0.3596954,0.06152344,0.9310303,5.245316,5.245316,True,True,True
1676053,63779589559070,-13.57758,2.588314,-0.05471224,-0.06257164,0.861801,0.03794858,-0.5019399,0.006622544,0.003220932,-0.02402997,0.3694458,0.03512573,0.9285736,0.02882004,0.002778,-0.02272344,0.02882004,0.002778,-0.02272344,0.3597412,0.0627594,0.9309235,0.3597412,0.0627594,0.9309235,5.24263,5.24263,True,True,True
1676061,63779589559081,-13.57764,2.588298,-0.05470091,-0.06267516,0.8618066,0.03798495,-0.5019147,0.006656449,0.003220291,-0.02402707,0.369339,0.03541565,0.9286041,0.02882135,0.002777878,-0.02272217,0.02882135,0.002777878,-0.02272217,0.3596191,0.06297302,0.9309692,0.3596191,0.06297302,0.9309692,5.241913,5.241913,True,True,True
1676070,63779589559092,-13.57769,2.588294,-0.05465865,-0.06276908,0.861802,0.03786163,-0.5019201,0.006681534,0.003219788,-0.02402382,0.3696289,0.03520203,0.9284973,0.02882265,0.002777756,-0.0227209,0.02882265,0.002777756,-0.0227209,0.3594971,0.06260681,0.9310303,0.3594971,0.06260681,0.9310303,5.242783,5.242783,True,True,True
1676078,63779589559103,-13.57778,2.588279,-0.05459917,-0.06293581,0.8618543,0.03779034,-0.501815,0.006084259,0.003231522,-0.02405731,0.3688202,0.03460693,0.9288483,0.02882744,0.0027771,-0.02271777,0.02882744,0.0027771,-0.02271777,0.3579254,0.06246948,0.9316406,0.3579254,0.06246948,0.9316406,5.245331,5.245331,True,True,True
1676086,63779589559103,-13.57778,2.588279,-0.05459917,-0.06293581,0.8618543,0.03779034,-0.501815,0.006034958,0.003232117,-0.02406009,0.3684235,0.0344696,0.9290161,0.02882758,0.002776154,-0.02271777,0.02882758,0.002776154,-0.02271777,0.3568878,0.06268311,0.9320374,0.3568878,0.06268311,0.9320374,5.248917,5.248917,True,True,True
1676095,63779589559114,-13.57785,2.58826,-0.0546146,-0.06297238,0.8618451,0.03773727,-0.5018302,0.006156876,0.003229874,-0.02405211,0.3673401,0.03544617,0.9293976,0.02882846,0.002776154,-0.02271617,0.02882846,0.002776154,-0.02271617,0.3568268,0.06399536,0.9319611,0.3568268,0.06399536,0.9319611,5.249664,5.249664,True,True,True
1676103,63779589559125,-13.5779,2.588255,-0.05459011,-0.06312124,0.861881,0.03774531,-0.5017492,0.006011902,0.003232742,-0.02406078,0.3661499,0.0353241,0.9298706,0.0288318,0.002775635,-0.02271617,0.0288318,0.002775635,-0.02271617,0.3550568,0.06399536,0.9326477,0.3550568,0.06399536,0.9326477,5.249298,5.249298,True,True,True
1676111,63779589559136,-13.57796,2.588263,-0.05459821,-0.06313724,0.8618393,0.03776465,-0.5018173,0.006164383,0.003229767,-0.02405196,0.3648834,0.03575134,0.9303589,0.02883551,0.002775635,-0.02271617,0.02883551,0.002775635,-0.02271617,0.3529968,0.06384277,0.9334259,0.3529968,0.06384277,0.9334259,5.244186,5.244186,True,True,True
1676119,63779589559136,-13.57796,2.588263,-0.05459821,-0.06313724,0.8618393,0.03776465,-0.5018173,0.006209091,0.0032285,-0.02404936,0.3642731,0.03674316,0.9305573,0.02883647,0.00277414,-0.02271617,0.02883647,0.00277414,-0.02271617,0.3518372,0.06550598,0.9337463,0.3518372,0.06550598,0.9337463,5.248627,5.248627,True,True,True
1676128,63779589559147,-13.57802,2.588258,-0.05454189,-0.06314559,0.8618384,0.037804,-0.5018148,0.006287262,0.003226151,-0.02404444,0.3619537,0.03694153,0.9314575,0.02883774,0.002772492,-0.02271617,0.02883774,0.002772492,-0.02271617,0.3477783,0.06570435,0.935257,0.3477783,0.06570435,0.935257,5.249786,5.249786,True,True,True
1676136,63779589559159,-13.57802,2.588254,-0.05449367,-0.06311531,0.8618808,0.03772173,-0.501752,0.00620369,0.003199585,-0.02405086,0.3614807,0.04492188,0.9312897,0.02884097,0.0027258,-0.02271918,0.02884097,0.0027258,-0.02271918,0.3479614,0.07917786,0.9341431,0.3479614,0.07917786,0.9341431,5.259399,5.259399,True,True,True
1676144,63779589559170,-13.57805,2.588246,-0.05449003,-0.06320033,0.8618081,0.03771055,-0.5018669,0.006239762,0.003198563,-0.02404816,0.3609924,0.04521179,0.9314575,0.02884517,0.00272525,-0.02271802,0.02884517,0.00272525,-0.02271802,0.3474579,0.0796051,0.9342957,0.3474579,0.0796051,0.9342957,5.26001,5.26001,True,True,True
1676153,63779589559170,-13.57805,2.588246,-0.05449003,-0.06320033,0.8618081,0.03771055,-0.5018669,0.006284974,0.003197693,-0.02404398,0.3609772,0.04516602,0.9314728,0.02885886,0.002724945,-0.02271802,0.02885886,0.002724945,-0.02271802,0.3474731,0.0796814,0.9342957,0.3474731,0.0796814,0.9342957,5.260254,5.260254,True,True,True
1676161,63779589559181,-13.57809,2.588241,-0.05447394,-0.06319841,0.8618615,0.03759139,-0.5017843,0.006175599,0.003200104,-0.02405026,0.3603821,0.04823303,0.9315491,0.02886478,0.002724945,-0.02271802,0.02886478,0.002724945,-0.02271802,0.3488159,0.08505249,0.9333191,0.3488159,0.08505249,0.9333191,5.264938,5.264938,True,True,True
1676169,63779589559192,-13.57809,2.58822,-0.05443865,-0.06312487,0.861863,0.03746459,-0.5018006,0.006196259,0.003198853,-0.02404875,0.3596954,0.04850769,0.9317932,0.02886812,0.002723328,-0.02271802,0.02886812,0.002723328,-0.02271802,0.3479767,0.08544922,0.9335938,0.3479767,0.08544922,0.9335938,5.266739,5.266739,True,True,True
1676178,63779589559203,-13.57809,2.588204,-0.05443561,-0.06313235,0.8618019,0.03742823,-0.5019072,0.00690712,0.003183914,-0.02400679,0.35849,0.04959106,0.9322052,0.02886942,0.002723114,-0.02271802,0.02886942,0.002723114,-0.02271802,0.3473663,0.08547974,0.9338074,0.3473663,0.08547974,0.9338074,5.266663,5.266663,True,True,True
1676186,63779589559203,-13.57809,2.588204,-0.05443561,-0.06313235,0.8618019,0.03742823,-0.5019072,0.006955781,0.003180786,-0.02400406,0.3587646,0.04786682,0.9321899,0.0288736,0.002719559,-0.02271802,0.0288736,0.002719559,-0.02271802,0.3479462,0.08259583,0.9338531,0.3479462,0.08259583,0.9338531,5.267975,5.267975,True,True,True
1676194,63779589559214,-13.57807,2.58821,-0.05440223,-0.06323036,0.8618085,0.03728994,-0.5018939,0.006988434,0.003180161,-0.02400122,0.3581085,0.05015564,0.9323273,0.0288785,0.002719254,-0.02271802,0.0288785,0.002719254,-0.02271802,0.3465881,0.08647156,0.934021,0.3465881,0.08647156,0.934021,5.270187,5.270187,True,True,True
1676203,63779589559225,-13.57809,2.588167,-0.0543654,-0.06329934,0.8618122,0.03720617,-0.501885,0.006974595,0.003179871,-0.02400209,0.3582306,0.04803467,0.9323883,0.02888255,0.00271788,-0.02271802,0.02888255,0.00271788,-0.02271802,0.3469849,0.08311462,0.9341736,0.3469849,0.08311462,0.9341736,5.285583,5.285583,True,True,True
1676211,63779589559237,-13.57808,2.588154,-0.05438983,-0.06335302,0.8618157,0.03726476,-0.501868,0.006940247,0.003180527,-0.02400314,0.3581696,0.0479126,0.9324188,0.02888829,0.002717499,-0.02271662,0.02888829,0.002717499,-0.02271662,0.3477936,0.08306885,0.9338684,0.3477936,0.08306885,0.9338684,5.287857,5.287857,True,True,True
1676219,63779589559237,-13.57808,2.588154,-0.05438983,-0.06335302,0.8618157,0.03726476,-0.501868,0.006965866,0.003180115,-0.02399965,0.3558807,0.04730225,0.9333191,0.02889215,0.002717392,-0.02271662,0.02889215,0.002717392,-0.02271662,0.343399,0.08204651,0.9355927,0.343399,0.08204651,0.9355927,5.288574,5.288574,True,True,True
1676228,63779589559248,-13.57805,2.588142,-0.05438429,-0.06338669,0.8617911,0.03722296,-0.501909,0.006951813,0.003180603,-0.02399954,0.3565369,0.04724121,0.933075,0.02889908,0.002717392,-0.02271518,0.02889908,0.002717392,-0.02271518,0.344101,0.08198547,0.9353333,0.344101,0.08198547,0.9353333,5.289032,5.289032,True,True,True
1676236,63779589559259,-13.57803,2.588178,-0.05439925,-0.06345425,0.8618029,0.03719711,-0.5018822,0.006999695,0.003179794,-0.02399554,0.3569946,0.04722595,0.9329071,0.02890517,0.002717392,-0.02271423,0.02890517,0.002717392,-0.02271423,0.3447266,0.08201599,0.9351044,0.3447266,0.08201599,0.9351044,5.292664,5.292664,True,True,True
1676244,63779589559271,-13.57805,2.588172,-0.05433941,-0.0634707,0.8618369,0.03723584,-0.5018187,0.00704657,0.003179184,-0.02399153,0.3575287,0.04656982,0.932724,0.02891179,0.002717392,-0.02271217,0.02891179,0.002717392,-0.02271217,0.3452606,0.08094788,0.9349976,0.3452606,0.08094788,0.9349976,5.29216,5.29216,True,True,True
1676253,63779589559271,-13.57805,2.588172,-0.05433941,-0.0634707,0.8618369,0.03723584,-0.5018187,0.007019837,0.003180374,-0.02399234,0.3553009,0.04742432,0.9335327,0.02891384,0.002717392,-0.02271124,0.02891384,0.002717392,-0.02271124,0.3439026,0.08178711,0.9354248,0.3439026,0.08178711,0.9354248,5.289047,5.289047,True,True,True
1676261,63779589559282,-13.578,2.58817,-0.05433202,-0.0635035,0.8618397,0.03736198,-0.5018006,0.00695131,0.003181992,-0.02399352,0.3559875,0.04759216,0.9332581,0.02891742,0.002717392,-0.02270737,0.02891742,0.002717392,-0.02270737,0.3447571,0.08230591,0.9350586,0.3447571,0.08230591,0.9350586,5.293381,5.293381,True,True,True
1676269,63779589559293,-13.57798,2.588209,-0.05432528,-0.06342636,0.8618729,0.03734637,-0.5017544,0.00700914,0.003181,-0.02398854,0.3539429,0.046875,0.934082,0.02891883,0.002717499,-0.02270653,0.02891883,0.002717499,-0.02270653,0.3421173,0.08132935,0.9361115,0.3421173,0.08132935,0.9361115,5.291367,5.291367,True,True,True
1676278,63779589559305,-13.57796,2.588228,-0.05431622,-0.06342994,0.8619007,0.03762771,-0.5016851,0.006849457,0.003185013,-0.02399414,0.3539276,0.04722595,0.9340668,0.02892108,0.00271788,-0.02270032,0.02892108,0.00271788,-0.02270032,0.342453,0.08076477,0.9360504,0.342453,0.08076477,0.9360504,5.288452,5.288452,True,True,True
1676286,63779589559305,-13.57796,2.588228,-0.05431622,-0.06342994,0.8619007,0.03762771,-0.5016851,0.00674585,0.003187561,-0.02399918,0.3506317,0.04492188,0.9354248,0.02892159,0.002718155,-0.02269904,0.02892159,0.002718155,-0.02269904,0.3415833,0.07957458,0.9364624,0.3415833,0.07957458,0.9364624,5.289963,5.289963,True,True,True
1676294,63779589559316,-13.57795,2.588217,-0.05434424,-0.06329408,0.8618852,0.03777407,-0.5017179,0.005507675,0.003253876,-0.02404657,0.3507385,0.029953,0.9359894,0.02892259,0.002785461,-0.02265752,0.02892259,0.002785461,-0.02265752,0.3408203,0.05802917,0.938324,0.3408203,0.05802917,0.938324,5.272919,5.272919,True,True,True
1676303,63779589559327,-13.57791,2.588246,-0.0543257,-0.06329907,0.8619062,0.03789416,-0.5016722,0.00453392,0.003273438,-0.02410167,0.3511505,0.02859497,0.9358673,0.02892397,0.002785461,-0.02265372,0.02892397,0.002785461,-0.02265372,0.3408051,0.05776978,0.9383392,0.3408051,0.05776978,0.9383392,5.272888,5.272888,True,True,True
1676311,63779589559327,-13.57791,2.588246,-0.0543257,-0.06329907,0.8619062,0.03789416,-0.5016722,0.003522476,0.00329419,-0.02415909,0.3495636,0.02708435,0.9365082,0.02892879,0.002785461,-0.02265201,0.02892879,0.002785461,-0.02265201,0.3389587,0.05751038,0.9390259,0.3389587,0.05751038,0.9390259,5.272095,5.272095,True,True,True
1676319,63779589559339,-13.57787,2.588268,-0.05423939,-0.0632566,0.8619495,0.03800812,-0.5015945,0.002924713,0.003306244,-0.02419386,0.3490601,0.02679443,0.9367065,0.02892972,0.002785461,-0.02265117,0.02892972,0.002785461,-0.02265117,0.3379059,0.05677795,0.9394531,0.3379059,0.05677795,0.9394531,5.271179,5.271179,True,True,True
1676328,63779589559350,-13.57784,2.588255,-0.05424178,-0.06312606,0.8620013,0.03817197,-0.5015095,0.002736862,0.003310059,-0.02420207,0.3478088,0.02629089,0.9371796,0.02893041,0.002785461,-0.02264707,0.02893041,0.002785461,-0.02264707,0.3364563,0.056427,0.9400024,0.3364563,0.056427,0.9400024,5.270325,5.270325,True,True,True
1676336,63779589559361,-13.57782,2.58828,-0.05426735,-0.06314221,0.8620007,0.03817306,-0.5015084,0.003051117,0.003303833,-0.02418338,0.3450165,0.02557373,0.9382324,0.02893466,0.002785461,-0.02264675,0.02893466,0.002785461,-0.02264675,0.331131,0.05604553,0.9419098,0.331131,0.05604553,0.9419098,5.267761,5.267761,True,True,True
1676344,63779589559361,-13.57779,2.588334,-0.0542984,-0.0630747,0.8621241,0.03817887,-0.5013043,0.003896179,0.003286972,-0.0241279,0.3445129,0.02609253,0.9384155,0.02893624,0.002785461,-0.02264621,0.02893624,0.002785461,-0.02264621,0.3310699,0.05599976,0.9419403,0.3310699,0.05599976,0.9419403,5.267761,5.267761,True,True,True
1676353,63779589559372,-13.57779,2.588334,-0.0542984,-0.0630747,0.8621241,0.03817887,-0.5013043,0.005041306,0.003264069,-0.02405763,0.3438263,0.02687073,0.9386444,0.02893778,0.002785461,-0.02264231,0.02893778,0.002785461,-0.02264231,0.3308716,0.05505371,0.9420624,0.3308716,0.05505371,0.9420624,5.29808,5.29808,True,True,True
1676361,63779589559383,-13.57775,2.588333,-0.05432141,-0.06312846,0.8621557,0.03823196,-0.5012392,0.00617685,0.003240906,-0.02398988,0.3426666,0.02819824,0.9390259,0.02894293,0.002784607,-0.02264105,0.02894293,0.002784607,-0.02264105,0.3306122,0.05505371,0.9421539,0.3306122,0.05505371,0.9421539,5.275497,5.275497,True,True,True
1676369,63779589559394,-13.57767,2.588336,-0.05434841,-0.0631209,0.8622729,0.03818277,-0.5010423,0.007023362,0.003222702,-0.02393752,0.3410492,0.02796936,0.939621,0.02894853,0.002782456,-0.02263826,0.02894853,0.002782456,-0.02263826,0.3293915,0.05323792,0.942688,0.3293915,0.05323792,0.942688,5.273895,5.273895,True,True,True
1676378,63779589559405,-13.57762,2.588332,-0.05437791,-0.06313729,0.8623748,0.03809486,-0.5008714,0.006739991,0.003198944,-0.02393207,0.3338013,0.03088379,0.9421234,0.02897846,0.002745071,-0.02260738,0.02897846,0.002745071,-0.02260738,0.3197174,0.05386353,0.9459686,0.3197174,0.05386353,0.9459686,5.254684,5.254684,True,True,True
1676386,63779589559405,-13.57762,2.588332,-0.05437791,-0.06313729,0.8623748,0.03809486,-0.5008714,0.006177735,0.003212051,-0.02396082,0.3412323,0.02261353,0.9396973,0.02898915,0.002745895,-0.02260446,0.02898915,0.002745895,-0.02260446,0.3316498,0.04626465,0.9422607,0.3316498,0.04626465,0.9422607,5.306015,5.306015,True,True,True
1676394,63779589559417,-13.57763,2.58828,-0.05442345,-0.06321521,0.8624601,0.03799145,-0.5007225,0.005766098,0.003219467,-0.02399466,0.33992,0.03363037,0.9398346,0.02900972,0.002747376,-0.02261263,0.02900972,0.002747376,-0.02261263,0.3275299,0.06234741,0.9427795,0.3275299,0.06234741,0.9427795,5.236313,5.236313,True,True,True
1676403,63779589559428,-13.57757,2.588247,-0.05450523,-0.06317034,0.8625509,0.03787048,-0.5005811,0.005779572,0.00321933,-0.02397679,0.3419037,0.01879883,0.9395294,0.02902396,0.002758194,-0.02259812,0.02902396,0.002758194,-0.02259812,0.3336945,0.04425049,0.9416351,0.3336945,0.04425049,0.9416351,5.258392,5.258392,True,True,True
1676411,63779589559438,-13.57751,2.588229,-0.05453211,-0.06315707,0.8626119,0.03775207,-0.5004864,0.00549028,0.003249481,-0.023987,0.3357697,0.01634216,0.9417877,0.02905353,0.002774887,-0.02258223,0.02905353,0.002774887,-0.02258223,0.324707,0.03167725,0.9452667,0.324707,0.03167725,0.9452667,5.056564,5.056564,True,True,True
1676419,63779589559438,-13.57751,2.588229,-0.05453211,-0.06315707,0.8626119,0.03775207,-0.5004864,0.007447464,0.003233521,-0.02387914,0.354187,0.01443481,0.9350586,0.02912222,0.002800888,-0.02261916,0.02912222,0.002800888,-0.02261916,0.3574219,0.04872131,0.932663,0.3574219,0.04872131,0.932663,5.300186,5.300186,True,True,True
1676428,63779589559449,-13.57753,2.588214,-0.05447388,-0.06325299,0.8626835,0.03771082,-0.5003541,-0.0286338,0.003985169,-0.02591522,0.313446,-0.07527161,0.9466095,0.02922383,0.002853928,-0.02257083,0.02922383,0.002853928,-0.02257083,0,0,0,0,0,0,-1,-1,True,True,True
1676436,63779589559460,-13.57749,2.588188,-0.05445302,-0.06316241,0.8628033,0.03751476,-0.5001736,-0.0285309,0.004085999,-0.02592133,0.3270569,-0.04272461,0.9440308,0.02939018,0.002941071,-0.02252522,0.02939018,0.002941071,-0.02252522,0,0,0,0,0,0,-1,-1,True,True,True
1676444,63779589559460,-13.57749,2.588188,-0.05445302,-0.06316241,0.8628033,0.03751476,-0.5001736,-0.02840437,0.004097077,-0.02583014,0.3182373,-0.1168823,0.9407654,0.02939967,0.003031494,-0.02248508,0.02939967,0.003031494,-0.02248508,0,0,0,0,0,0,-1,-1,True,True,True
1676453,63779589559472,-13.57751,2.588172,-0.05445689,-0.06307556,0.8629091,0.03723428,-0.5000231,-0.001,-0.001,-0.001,1,-1,-1,0.0301165,0.001400681,-0.01467996,0.0301165,0.001400681,-0.01467996,0,0,0,0,0,0,-1,-1,False,True,True
1676461,63779589559484,-13.57747,2.58813,-0.05447298,-0.06306172,0.8629953,0.03710511,-0.4998855,-0.001,-0.001,-0.001,1,-1,-1,0.03169966,-0.001064163,-0.01366089,0.03169966,-0.001064163,-0.01366089,0,0,0,0,0,0,-1,-1,False,True,True
1676469,63779589559494,-13.57748,2.588148,-0.05446106,-0.06317903,0.8631411,0.03694225,-0.499631,-0.001,-0.001,-0.001,1,-1,-1,0.03169966,-0.001064163,-0.01366089,0.03169966,-0.001064163,-0.01366089,0,0,0,0,0,0,-1,-1,False,False,False
1676478,63779589559494,-13.57748,2.588148,-0.05446106,-0.06317903,0.8631411,0.03694225,-0.499631,-0.001,-0.001,-0.001,1,-1,-1,0.03131877,0.001221344,-0.02249843,0.03131877,0.001221344,-0.02249843,0,0,0,0,0,0,-1,-1,False,True,True
1676486,63779589559505,-13.57748,2.58812,-0.05443621,-0.06317694,0.8631527,0.03710002,-0.4995995,-0.001,-0.001,-0.001,1,-1,-1,0.03233406,0.002128616,-0.02218546,0.03233406,0.002128616,-0.02218546,0,0,0,0,0,0,-1,-1,False,True,True
1676494,63779589559516,-13.57747,2.588136,-0.05442417,-0.06316398,0.8632649,0.03721679,-0.4993986,-0.001,-0.001,-0.001,1,-1,-1,0.03222821,0.001210632,-0.02227164,0.03222821,0.001210632,-0.02227164,0,0,0,0,0,0,-1,-1,False,True,True
1676503,63779589559528,-13.57741,2.58814,-0.05450678,-0.06335543,0.8632683,0.03739238,-0.4993553,-0.001,-0.001,-0.001,1,-1,-1,0.03136701,-6.280518E-05,-0.01680754,0.03136701,-6.280518E-05,-0.01680754,0,0,0,0,0,0,-1,-1,False,True,True
1676511,63779589559538,-13.57735,2.588142,-0.05461735,-0.06355745,0.8632942,0.03747625,-0.4992786,-0.001,-0.001,-0.001,1,-1,-1,0.03056165,0.001334107,-0.01842446,0.03056165,0.001334107,-0.01842446,0,0,0,0,0,0,-1,-1,False,True,True
1676519,63779589559538,-13.57735,2.588142,-0.05461735,-0.06355745,0.8632942,0.03747625,-0.4992786,-0.001,-0.001,-0.001,1,-1,-1,0.02896556,0.002934311,-0.02259785,0.02896556,0.002934311,-0.02259785,0,0,0,0,0,0,-1,-1,False,True,True
1676528,63779589559549,-13.57733,2.588177,-0.05461997,-0.06367249,0.8633698,0.03735071,-0.4991427,-0.001,-0.001,-0.001,1,-1,-1,0.02970856,0.002701432,-0.02220738,0.02970856,0.002701432,-0.02220738,0,0,0,0,0,0,-1,-1,False,True,True
1676536,63779589559560,-13.57725,2.588179,-0.05465615,-0.06367933,0.8634105,0.03732569,-0.4990731,-0.001,-0.001,-0.001,1,-1,-1,0.0294852,0.002982102,-0.0225128,0.0294852,0.002982102,-0.0225128,0,0,0,0,0,0,-1,-1,False,True,True
1676544,63779589559571,-13.57722,2.588211,-0.05467111,-0.0636441,0.8635362,0.03716513,-0.4988722,-0.001,-0.001,-0.001,1,-1,-1,0.02922414,0.003109497,-0.02240425,0.02922414,0.003109497,-0.02240425,0,0,0,0,0,0,-1,-1,False,True,True
1676553,63779589559571,-13.57722,2.588211,-0.05467111,-0.0636441,0.8635362,0.03716513,-0.4988722,-0.001,-0.001,-0.001,1,-1,-1,0.02878777,0.00434932,-0.02208096,0.02878777,0.00434932,-0.02208096,0,0,0,0,0,0,-1,-1,False,True,True
1676561,63779589559583,-13.57719,2.588236,-0.05471182,-0.06342482,0.863677,0.03713555,-0.4986586,-0.001,-0.001,-0.001,1,-1,-1,0.02945323,0.003125198,-0.02223558,0.02945323,0.003125198,-0.02223558,0,0,0,0,0,0,-1,-1,False,True,True
1676569,63779589559593,-13.57714,2.588258,-0.05474389,-0.0631812,0.8638214,0.03710518,-0.4984414,-0.001,-0.001,-0.001,1,-1,-1,0.02956362,0.002849564,-0.02254212,0.02956362,0.002849564,-0.02254212,0,0,0,0,0,0,-1,-1,False,True,True
1676578,63779589559604,-13.5771,2.588265,-0.05475861,-0.06277466,0.863934,0.03703596,-0.4983028,-0.02838815,0.00401854,-0.02580466,0.2571259,-0.06057739,0.9644623,0.02946186,0.00282605,-0.02247185,0.02946186,0.00282605,-0.02247185,0.2721558,0.0227356,0.9619751,0.2721558,0.0227356,0.9619751,5.083206,5.083206,True,True,True
1676586,63779589559604,-13.5771,2.588265,-0.05475861,-0.06277466,0.863934,0.03703596,-0.4983028,-0.02843073,0.004005875,-0.02582019,0.2662506,-0.06636047,0.9616089,0.02945767,0.002818009,-0.02247206,0.02945767,0.002818009,-0.02247206,0.2573853,0.03511047,0.9656677,0.2573853,0.03511047,0.9656677,5.074936,5.074936,True,True,True
1676594,63779589559615,-13.57706,2.588299,-0.05475861,-0.0625895,0.8639987,0.03699666,-0.4982169,-0.02318891,0.003829178,-0.0255484,0.289505,-0.04212952,0.9562378,0.02952637,0.002789353,-0.02250443,0.02952637,0.002789353,-0.02250443,0.282959,0.04920959,0.9578552,0.282959,0.04920959,0.9578552,5.151443,5.151443,True,True,True
1676603,63779589559627,-13.57701,2.588276,-0.05475658,-0.0625323,0.8640494,0.03702535,-0.498134,-0.02310283,0.003877365,-0.0255257,0.2740784,-0.05101013,0.9603424,0.02946344,0.002791001,-0.02249605,0.02946344,0.002791001,-0.02249605,0.2832489,0.03736877,0.958313,0.2832489,0.03736877,0.958313,5.137527,5.137527,True,True,True
1676611,63779589559638,-13.57702,2.58827,-0.05476844,-0.06253142,0.8640925,0.03697463,-0.4980633,-0.01929659,0.003788742,-0.02530306,0.2615356,-0.04782104,0.9640045,0.02928661,0.002795334,-0.02251755,0.02928661,0.002795334,-0.02251755,0.2103577,0.03157043,0.9770966,0.2103577,0.03157043,0.9770966,5.043442,5.043442,True,True,True
1676619,63779589559638,-13.57702,2.58827,-0.05476844,-0.06253142,0.8640925,0.03697463,-0.4980633,-0.01821642,0.00375084,-0.0252756,0.2875824,-0.007217407,0.9577179,0.02948689,0.002753311,-0.02247563,0.02948689,0.002753311,-0.02247563,0.2625885,0.04238892,0.9639587,0.2625885,0.04238892,0.9639587,5.085663,5.085663,True,True,True
1676628,63779589559649,-13.57698,2.588222,-0.05478227,-0.06259266,0.8641652,0.03683174,-0.4979397,-0.01793932,0.003741059,-0.02523958,0.2744141,-0.01811218,0.9614258,0.02951141,0.002722031,-0.02247002,0.02951141,0.002722031,-0.02247002,0.2747345,0.05503845,0.9599304,0.2747345,0.05503845,0.9599304,5.109192,5.109192,True,True,True
1676636,63779589559660,-13.57691,2.588194,-0.05478311,-0.06263865,0.8642116,0.03687043,-0.4978507,0.001323807,0.003313995,-0.02411861,0.2766571,0.0164032,0.9608154,0.02950276,0.002702866,-0.02246141,0.02950276,0.002702866,-0.02246141,0.272644,0.0506897,0.9607697,0.272644,0.0506897,0.9607697,5.087524,5.087524,True,True,True
1676644,63779589559671,-13.57684,2.588146,-0.05479276,-0.06262387,0.8642835,0.03682267,-0.4977312,0.006118439,0.003215393,-0.02380447,0.2713623,0.00541687,0.9624481,0.02949692,0.002724365,-0.02241354,0.02949692,0.002724365,-0.02241354,0.2682648,0.02565002,0.9629974,0.2682648,0.02565002,0.9629974,5.047668,5.047668,True,True,True
1676653,63779589559671,-13.57684,2.588146,-0.05479276,-0.06262387,0.8642835,0.03682267,-0.4977312,0.008129639,0.003169769,-0.02369942,0.2727966,0.01768494,0.9618988,0.02948979,0.00271402,-0.02242259,0.02948979,0.00271402,-0.02242259,0.2630463,0.03346252,0.9641876,0.2630463,0.03346252,0.9641876,5.066147,5.066147,True,True,True
1676661,63779589559682,-13.57679,2.588131,-0.0547899,-0.06258051,0.8643565,0.03677864,-0.4976134,0.004737854,0.00323581,-0.02388261,0.266098,0.008712769,0.9638977,0.02950469,0.002708924,-0.02241974,0.02950469,0.002708924,-0.02241974,0.2630615,0.03843689,0.9640045,0.2630615,0.03843689,0.9640045,5.035324,5.035324,True,True,True
1676669,63779589559694,-13.5767,2.588104,-0.05473864,-0.06235349,0.8644904,0.03674854,-0.4974112,0.003476196,0.003267532,-0.02396771,0.269104,0.01502991,0.9629822,0.02951396,0.002721085,-0.02242688,0.02951396,0.002721085,-0.02242688,0.2636414,0.04171753,0.9636993,0.2636414,0.04171753,0.9636993,5.086639,5.086639,True,True,True
1676678,63779589559704,-13.57664,2.588095,-0.05472934,-0.06229348,0.8645738,0.03668838,-0.4972782,0.002916825,0.003275131,-0.02398558,0.2681885,0.009841919,0.9633026,0.02951474,0.002720673,-0.02239783,0.02951474,0.002720673,-0.02239783,0.2606049,0.03219604,0.9649048,0.2606049,0.03219604,0.9649048,5.034622,5.034622,True,True,True
1676686,63779589559704,-13.57664,2.588095,-0.05472934,-0.06229348,0.8645738,0.03668838,-0.4972782,0.002726639,0.003265335,-0.02399338,0.2642517,0.02183533,0.9641876,0.02952065,0.002700592,-0.02238106,0.02952065,0.002700592,-0.02238106,0.250412,0.0446167,0.9671021,0.250412,0.0446167,0.9671021,5.010101,5.010101,True,True,True
1676694,63779589559715,-13.57664,2.588127,-0.05469728,-0.06218903,0.8646491,0.03664078,-0.4971639,0.004495377,0.003217209,-0.02390746,0.2631226,0.02766418,0.9643555,0.02950188,0.002685181,-0.02242246,0.02950188,0.002685181,-0.02242246,0.2559052,0.0483551,0.9654846,0.2559052,0.0483551,0.9654846,5.063599,5.063599,True,True,True
1676703,63779589559727,-13.57657,2.58817,-0.05470639,-0.0621082,0.8647373,0.03662781,-0.4970216,0.00530542,0.003178894,-0.0238465,0.2602386,0.02540588,0.9651947,0.02951602,0.002676819,-0.02238602,0.02951602,0.002676819,-0.02238602,0.249527,0.03768921,0.9676208,0.249527,0.03768921,0.9676208,5.029099,5.029099,True,True,True
1676711,63779589559737,-13.5765,2.588173,-0.05469161,-0.06217346,0.8647487,0.03668573,-0.4969893,0.00506192,0.003180191,-0.02384619,0.259491,0.01753235,0.9655762,0.02953258,0.002662964,-0.02236678,0.02953258,0.002662964,-0.02236678,0.2510986,0.03189087,0.9674225,0.2510986,0.03189087,0.9674225,5.125381,5.125381,True,True,True
1676719,63779589559737,-13.5765,2.588173,-0.05469161,-0.06217346,0.8647487,0.03668573,-0.4969893,0.00534314,0.00317096,-0.02382907,0.2563934,0.01951599,0.9663696,0.02954016,0.002657166,-0.0223734,0.02954016,0.002657166,-0.0223734,0.2478943,0.04077148,0.9679108,0.2478943,0.04077148,0.9679108,4.962418,4.962418,True,True,True
1676728,63779589559749,-13.57655,2.588231,-0.05468756,-0.06217848,0.86479,0.03676585,-0.4969108,0.00467421,0.003179245,-0.02385298,0.2509613,0.01940918,0.9677887,0.0295557,0.002647888,-0.02234563,0.0295557,0.002647888,-0.02234563,0.237915,0.04180908,0.9703827,0.237915,0.04180908,0.9703827,4.993774,4.993774,True,True,True
1676736,63779589559760,-13.5765,2.588253,-0.05467075,-0.06217603,0.8648506,0.03665889,-0.4968137,0.003866272,0.003188995,-0.02389363,0.2509003,0.02078247,0.9677734,0.02956177,0.002638168,-0.02232884,0.02956177,0.002638168,-0.02232884,0.2350464,0.04101563,0.9711151,0.2350464,0.04101563,0.9711151,4.934845,4.934845,True,True,True
1676744,63779589559771,-13.57646,2.588191,-0.05462056,-0.0622784,0.8649428,0.03676582,-0.4966324,0.002755707,0.003208038,-0.02394515,0.2457581,0.02165222,0.9690857,0.0295674,0.002630615,-0.02230002,0.0295674,0.002630615,-0.02230002,0.2269592,0.04058838,0.973053,0.2269592,0.04058838,0.973053,4.91095,4.91095,True,True,True
1676753,63779589559771,-13.57646,2.588191,-0.05462056,-0.0622784,0.8649428,0.03676582,-0.4966324,0.002141892,0.003222122,-0.02398221,0.2476349,0.01977539,0.9686432,0.02957067,0.00263504,-0.02230325,0.02957067,0.00263504,-0.02230325,0.2315826,0.03942871,0.9720001,0.2315826,0.03942871,0.9720001,4.980301,4.980301,True,True,True
1676761,63779589559782,-13.57637,2.58816,-0.05461133,-0.06232033,0.8650438,0.03680788,-0.496448,0.0008872224,0.003240158,-0.02403966,0.2450714,0.01448059,0.9693909,0.02957636,0.002618759,-0.02226845,0.02957636,0.002618759,-0.02226845,0.2279663,0.03555298,0.9730072,0.2279663,0.03555298,0.9730072,4.977768,4.977768,True,True,True
1676769,63779589559793,-13.57632,2.588178,-0.05461234,-0.06236653,0.8651984,0.03678076,-0.4961746,-0.0002670288,0.003261765,-0.02410742,0.2468872,0.01217651,0.9689636,0.02958403,0.002613007,-0.02226494,0.02958403,0.002613007,-0.02226494,0.2334137,0.03547668,0.9717255,0.2334137,0.03547668,0.9717255,4.989014,4.989014,True,True,True
1676778,63779589559804,-13.57628,2.588233,-0.05470639,-0.06232936,0.8652954,0.03690271,-0.4960013,-8.424378E-05,0.003250946,-0.02407965,0.243927,0.01266479,0.969696,0.02959451,0.002598755,-0.02223386,0.02959451,0.002598755,-0.02223386,0.2295532,0.0380249,0.9725494,0.2295532,0.0380249,0.9725494,4.896469,4.896469,True,True,True
1676786,63779589559804,-13.57628,2.588233,-0.05470639,-0.06232936,0.8652954,0.03690271,-0.4960013,-0.0002109986,0.003250443,-0.02407837,0.2418671,0.01351929,0.9701996,0.02959921,0.002591889,-0.02221803,0.02959921,0.002591889,-0.02221803,0.2270508,0.03889465,0.9730988,0.2270508,0.03889465,0.9730988,4.940414,4.940414,True,True,True
1676794,63779589559804,-13.57628,2.588233,-0.05470639,-0.06232936,0.8652954,0.03690271,-0.4960013,-0.001788284,0.003277649,-0.02416107,0.2451019,0.01005554,0.9694366,0.02960999,0.002575028,-0.02218134,0.02960999,0.002575028,-0.02218134,0.2327118,0.03511047,0.9719086,0.2327118,0.03511047,0.9719086,4.955856,4.955856,True,True,True
1676803,63779589559827,-13.57623,2.588254,-0.05471069,-0.06214191,0.8654784,0.03692362,-0.4957038,-0.001815689,0.003275452,-0.02415875,0.2444,0.009918213,0.9696198,0.02961179,0.002568924,-0.02217137,0.02961179,0.002568924,-0.02217137,0.2312164,0.03381348,0.9723053,0.2312164,0.03381348,0.9723053,4.955368,4.955368,True,True,True
1676811,63779589559835,-13.57622,2.588291,-0.05476528,-0.0620143,0.8656332,0.03687405,-0.495453,-0.001960587,0.003278641,-0.02416947,0.2439117,0.01124573,0.9697266,0.02961153,0.002569351,-0.02217566,0.02961153,0.002569351,-0.02217566,0.22966,0.03761292,0.9725342,0.22966,0.03761292,0.9725342,4.984955,4.984955,True,True,True
1676819,63779589559843,-13.57616,2.588267,-0.05479687,-0.06192358,0.865731,0.03688289,-0.4952928,-0.0009732514,0.003256012,-0.02410877,0.2427216,0.01228333,0.9700012,0.02961179,0.002568924,-0.02217995,0.02961179,0.002568924,-0.02217995,0.2277069,0.0385437,0.9729614,0.2277069,0.0385437,0.9729614,4.956818,4.956818,True,True,True
1676828,63779589559852,-13.57617,2.588298,-0.05478501,-0.06187757,0.8658973,0.03687479,-0.4950083,-0.000103714,0.003234757,-0.02405142,0.2399292,0.01200867,0.9707031,0.02961409,0.002568329,-0.02217566,0.02961409,0.002568329,-0.02217566,0.2233276,0.03633118,0.9740601,0.2233276,0.03633118,0.9740601,4.951752,4.951752,True,True,True
1676836,63779589559860,-13.57614,2.588287,-0.05474943,-0.06175128,0.866023,0.03695016,-0.4947985,0.001431351,0.003198654,-0.02395194,0.2366486,0.01222229,0.9715118,0.02961638,0.002567749,-0.02217137,0.02961638,0.002567749,-0.02217137,0.2189941,0.03425598,0.9751129,0.2189941,0.03425598,0.9751129,4.952728,4.952728,True,True,True
1676844,63779589559869,-13.57608,2.588322,-0.05477715,-0.06166357,0.8661476,0.0369846,-0.4945889,0.002860733,0.003162995,-0.0238573,0.2345276,0.01434326,0.9720001,0.02962131,0.00256456,-0.02216388,0.02962131,0.00256456,-0.02216388,0.2173157,0.03579712,0.9754333,0.2173157,0.03579712,0.9754333,4.980972,4.980972,True,True,True
1676853,63779589559869,-13.57608,2.588322,-0.05477715,-0.06166357,0.8661476,0.0369846,-0.4945889,0.004837204,0.00311525,-0.02372768,0.231781,0.01567078,0.9726257,0.02962625,0.002561371,-0.02215639,0.02962625,0.002561371,-0.02215639,0.2152405,0.03504944,0.9759216,0.2152405,0.03504944,0.9759216,4.963348,4.963348,True,True,True
1676861,63779589559880,-13.57602,2.588365,-0.05483603,-0.06155923,0.8662542,0.03708617,-0.4944074,0.005566041,0.003095215,-0.02366978,0.2305756,0.01574707,0.9729156,0.02962947,0.002554901,-0.02213608,0.02962947,0.002554901,-0.02213608,0.2138367,0.03540039,0.9762268,0.2138367,0.03540039,0.9762268,4.978653,4.978653,True,True,True
1676869,63779589559891,-13.57596,2.588454,-0.05486768,-0.06127239,0.8664176,0.03720142,-0.494148,0.005113266,0.0031017,-0.0236871,0.2301941,0.01493835,0.9730225,0.02963269,0.002548432,-0.02211577,0.02963269,0.002548432,-0.02211577,0.2124176,0.03578186,0.9765167,0.2124176,0.03578186,0.9765167,4.99382,4.99382,True,True,True
1676878,63779589559902,-13.57574,2.588472,-0.05493534,-0.06098246,0.8666418,0.03725605,-0.4937866,0.003919113,0.003125748,-0.02375452,0.2298279,0.01228333,0.9731445,0.02963541,0.002543686,-0.02210016,0.02963541,0.002543686,-0.02210016,0.212204,0.03559875,0.9765625,0.212204,0.03559875,0.9765625,4.989029,4.989029,True,True,True
1676886,63779589559902,-13.57574,2.588472,-0.05493534,-0.06098246,0.8666418,0.03725605,-0.4937866,0.002374024,0.003158218,-0.02384575,0.2291107,0.01055908,0.9733276,0.02963812,0.002538941,-0.02208453,0.02963812,0.002538941,-0.02208453,0.2120819,0.03555298,0.976593,0.2120819,0.03555298,0.976593,4.994797,4.994797,True,True,True
1676894,63779589559913,-13.57562,2.588545,-0.05500638,-0.0606295,0.8669456,0.03728964,-0.4932938,0.0008508912,0.00318808,-0.02393018,0.227005,0.006896973,0.9738617,0.02964028,0.002530258,-0.02205783,0.02964028,0.002530258,-0.02205783,0.2098389,0.03521729,0.9770966,0.2098389,0.03521729,0.9770966,4.998123,4.998123,True,True,True
1676903,63779589559924,-13.5755,2.588574,-0.05509305,-0.06048874,0.8671954,0.03729853,-0.4928713,-0.0006815644,0.003219071,-0.02401724,0.2259064,0.005050659,0.9741211,0.02964243,0.002521561,-0.02203114,0.02964243,0.002521561,-0.02203114,0.2075958,0.03482056,0.9775848,0.2075958,0.03482056,0.9775848,5.001465,5.001465,True,True,True
1676911,63779589559935,-13.57542,2.588608,-0.05516827,-0.06028104,0.8674991,0.03724442,-0.4923662,-0.002052383,0.003246079,-0.02409621,0.2273254,0.00340271,0.9738007,0.02964754,0.00251358,-0.02200687,0.02964754,0.00251358,-0.02200687,0.2087708,0.03421021,0.977356,0.2087708,0.03421021,0.977356,5.007187,5.007187,True,True,True
1676919,63779589559935,-13.57542,2.588608,-0.05516827,-0.06028104,0.8674991,0.03724442,-0.4923662,-0.003465759,0.003275513,-0.02417871,0.2298279,0.001541138,0.9732208,0.02965265,0.0025056,-0.02198261,0.02965265,0.0025056,-0.02198261,0.2099609,0.0335083,0.9771271,0.2099609,0.0335083,0.9771271,5.012772,5.012772,True,True,True
1676928,63779589559947,-13.5753,2.588631,-0.05524397,-0.06014502,0.8678405,0.03718161,-0.4917855,-0.005311371,0.003313614,-0.02428474,0.2290344,-0.00112915,0.9734039,0.02966185,0.002493073,-0.02194208,0.02966185,0.002493073,-0.02194208,0.2118225,0.03286743,0.9767456,0.2118225,0.03286743,0.9767456,5.024979,5.024979,True,True,True
1676936,63779589559957,-13.57514,2.58861,-0.05533487,-0.06002008,0.8681461,0.03700789,-0.4912745,-0.006144425,0.003327866,-0.02433412,0.2309113,-0.001785278,0.9729614,0.02966863,0.002488068,-0.02193028,0.02966863,0.002488068,-0.02193028,0.2129974,0.03118896,0.9765472,0.2129974,0.03118896,0.9765472,5.02478,5.02478,True,True,True
1676944,63779589559968,-13.57501,2.588652,-0.05541909,-0.06007554,0.8685421,0.03683508,-0.4905799,-0.006700745,0.003335358,-0.02435967,0.2258911,-0.004074097,0.9741364,0.02966917,0.002480759,-0.02190451,0.02966917,0.002480759,-0.02190451,0.2118378,0.02650452,0.976944,0.2118378,0.02650452,0.976944,5.025574,5.025574,True,True,True
1676953,63779589559980,-13.57485,2.588654,-0.05552334,-0.06015642,0.8689089,0.03656434,-0.4899403,-0.007609879,0.003349915,-0.02440259,0.2263031,-0.006744385,0.9740295,0.02967311,0.002467621,-0.02186281,0.02967311,0.002467621,-0.02186281,0.2082367,0.02409363,0.9777679,0.2082367,0.02409363,0.9777679,5.024841,5.024841,True,True,True
1676961,63779589559980,-13.57485,2.588654,-0.05552334,-0.06015642,0.8689089,0.03656434,-0.4899403,-0.009406266,0.003385162,-0.02450351,0.2275238,-0.00819397,0.9737244,0.02968183,0.002447846,-0.02180241,0.02968183,0.002447846,-0.02180241,0.2071991,0.02445984,0.9779816,0.2071991,0.02445984,0.9779816,5.036743,5.036743,True,True,True
1676969,63779589559991,-13.57479,2.588577,-0.05556214,-0.06020369,0.8693591,0.0364738,-0.4891421,-0.01085117,0.003413056,-0.02458865,0.2295837,-0.01034546,0.9732208,0.02969359,0.0024254,-0.02175493,0.02969359,0.0024254,-0.02175493,0.2097778,0.02661133,0.9773712,0.2097778,0.02661133,0.9773712,5.04039,5.04039,True,True,True
1676978,63779589560002,-13.57469,2.588577,-0.05568844,-0.06025573,0.869798,0.03626491,-0.4883703,-0.01450346,0.003495667,-0.02483104,0.2315674,-0.01333618,0.9727173,0.02970085,0.002404724,-0.02170088,0.02970085,0.002404724,-0.02170088,0.2094879,0.02859497,0.9773865,0.2094879,0.02859497,0.9773865,5.044769,5.044769,True,True,True
1676986,63779589560013,-13.57463,2.588549,-0.05582118,-0.06015161,0.8703103,0.03605042,-0.4874854,-0.01697939,0.003552872,-0.0249975,0.2303162,-0.01615906,0.9729767,0.02970737,0.002394959,-0.02167375,0.02970737,0.002394959,-0.02167375,0.2113495,0.02955627,0.9769592,0.2113495,0.02955627,0.9769592,5.05864,5.05864,True,True,True
1676994,63779589560013,-13.57463,2.588549,-0.05582118,-0.06015161,0.8703103,0.03605042,-0.4874854,-0.01842931,0.003584625,-0.02509676,0.2307739,-0.01834106,0.9728241,0.02971332,0.002386749,-0.02164838,0.02971332,0.002386749,-0.02164838,0.2096405,0.02993774,0.9773102,0.2096405,0.02993774,0.9773102,5.061218,5.061218,True,True,True
1677003,63779589560024,-13.57452,2.588541,-0.05593425,-0.06027048,0.8707787,0.03579272,-0.4866526,-0.0195511,0.00360614,-0.02515901,0.23172,-0.02018738,0.9725647,0.0297202,0.002362976,-0.02157356,0.0297202,0.002362976,-0.02157356,0.209671,0.03096008,0.9772644,0.209671,0.03096008,0.9772644,5.070541,5.070541,True,True,True
1677011,63779589560035,-13.57438,2.588504,-0.05607367,-0.06051667,0.8711544,0.03563088,-0.485961,-0.02196538,0.003659454,-0.02531885,0.2331848,-0.02250671,0.972168,0.02973189,0.002323593,-0.02144362,0.02973189,0.002323593,-0.02144362,0.2117615,0.03279114,0.9767609,0.2117615,0.03279114,0.9767609,5.085175,5.085175,True,True,True
1677019,63779589560046,-13.57431,2.588456,-0.05614877,-0.06072116,0.8716062,0.03531235,-0.4851482,-0.02360548,0.003699112,-0.02543404,0.234314,-0.02713013,0.9717712,0.02973798,0.002297729,-0.02136264,0.02973798,0.002297729,-0.02136264,0.2124023,0.03308105,0.9766083,0.2124023,0.03308105,0.9766083,5.092285,5.092285,True,True,True
1677028,63779589560046,-13.57431,2.588456,-0.05614877,-0.06072116,0.8716062,0.03531235,-0.4851482,-0.02538431,0.003744003,-0.02556555,0.234848,-0.03253174,0.9714813,0.02974329,0.002286408,-0.02133618,0.02974329,0.002286408,-0.02133618,0.211441,0.03227234,0.9768524,0.211441,0.03227234,0.9768524,5.098389,5.098389,True,True,True
1677036,63779589560057,-13.5742,2.588415,-0.05624831,-0.06112818,0.872019,0.03514894,-0.4843663,-0.02595288,0.003756363,-0.02560729,0.2340546,-0.03297424,0.9716492,0.02974983,0.002275543,-0.02131705,0.02974983,0.002275543,-0.02131705,0.2095184,0.03334045,0.9772186,0.2095184,0.03334045,0.9772186,5.09903,5.09903,True,True,True
1677044,63779589560069,-13.57413,2.588353,-0.05639672,-0.06139129,0.872426,0.0348224,-0.4836232,-0.02607546,0.00375531,-0.02561191,0.2327423,-0.03248596,0.9719849,0.02975345,0.002274475,-0.02130176,0.02975345,0.002274475,-0.02130176,0.2092285,0.03239441,0.9773254,0.2092285,0.03239441,0.9773254,5.12561,5.12561,True,True,True
1677053,63779589560080,-13.57405,2.588359,-0.05650479,-0.0614686,0.8727971,0.03442795,-0.4829716,-0.02532831,0.003731858,-0.02555145,0.2327118,-0.03111267,0.9720306,0.02976067,0.002263611,-0.02127359,0.02976067,0.002263611,-0.02127359,0.2077026,0.03233337,0.9776459,0.2077026,0.03233337,0.9776459,5.12616,5.12616,True,True,True
1677061,63779589560080,-13.57405,2.588359,-0.05650479,-0.0614686,0.8727971,0.03442795,-0.4829716,-0.02350803,0.003680771,-0.02540855,0.2317657,-0.02978516,0.9723053,0.02976543,0.002263291,-0.02127234,0.02976543,0.002263291,-0.02127234,0.2035675,0.03210449,0.9785309,0.2035675,0.03210449,0.9785309,5.125061,5.125061,True,True,True
1677069,63779589560091,-13.57402,2.588349,-0.05658656,-0.06147471,0.8731472,0.03428063,-0.4823481,-0.01873963,0.003551621,-0.02500403,0.2178345,-0.02655029,0.9756165,0.02983467,0.002262467,-0.02124169,0.02983467,0.002262467,-0.02124169,0.2099457,0.0275116,0.9773102,0.2099457,0.0275116,0.9773102,5.127197,5.127197,True,True,True
1677078,63779589560103,-13.57391,2.58832,-0.05672342,-0.0613432,0.8734741,0.03407274,-0.4817874,-0.006854935,0.00324881,-0.02410768,0.2082062,-0.01335144,0.9779816,0.02985704,0.002291962,-0.02132056,0.02985704,0.002291962,-0.02132056,0.2102203,0.02954102,0.9772034,0.2102203,0.02954102,0.9772034,5.124069,5.124069,True,True,True
1677086,63779589560103,-13.57391,2.58832,-0.05672342,-0.0613432,0.8734741,0.03407274,-0.4817874,-0.003619522,0.003143234,-0.02376409,0.2132416,-0.009613037,0.976944,0.02985645,0.002231919,-0.0210817,0.02985645,0.002231919,-0.0210817,0.2020874,0.03184509,0.9788361,0.2020874,0.03184509,0.9788361,5.12735,5.12735,True,True,True
1677094,63779589560113,-13.57376,2.588283,-0.05677539,-0.06109067,0.8738983,0.03381825,-0.4810676,-0.0004416809,0.003079956,-0.02363176,0.2311554,-0.008728027,0.9728699,0.02974074,0.002307861,-0.0213087,0.02974074,0.002307861,-0.0213087,0.2153168,0.01785278,0.9763641,0.2153168,0.01785278,0.9763641,5.048477,5.048477,True,True,True
1677103,63779589560124,-13.57369,2.588296,-0.05688649,-0.06096341,0.874225,0.03346932,-0.4805142,-0.004685547,0.003218399,-0.02402872,0.2542267,-0.04330444,0.9661713,0.02971788,0.002391144,-0.02152861,0.02971788,0.002391144,-0.02152861,0.2591095,0.0244751,0.9655304,0.2591095,0.0244751,0.9655304,5.100403,5.100403,True,True,True
1677111,63779589560135,-13.57359,2.588303,-0.05696136,-0.06083116,0.8745833,0.03307526,-0.4799059,-0.02832808,0.003829483,-0.02575688,0.2582092,-0.09350586,0.9615479,0.02952832,0.002466065,-0.02163158,0.02952832,0.002466065,-0.02163158,0,0,0,0,0,0,-1,-1,True,True,True
1677119,63779589560135,-13.57359,2.588303,-0.05696136,-0.06083116,0.8745833,0.03307526,-0.4799059,-0.02825043,0.003841111,-0.02580914,0.3153534,-0.05885315,0.9471436,0.02952754,0.00253186,-0.02157109,0.02952754,0.00253186,-0.02157109,0,0,0,0,0,0,-1,-1,True,True,True
1677128,63779589560147,-13.57353,2.588313,-0.05708623,-0.06057974,0.8748664,0.03282782,-0.4794384,-0.001,-0.001,-0.001,1,-1,-1,0.02947722,0.002664414,-0.02161398,0.02947722,0.002664414,-0.02161398,0,0,0,0,0,0,-1,-1,False,True,True
1677136,63779589560158,-13.57345,2.588268,-0.0571999,-0.06042157,0.8751332,0.03262039,-0.4789855,-0.001,-0.001,-0.001,1,-1,-1,0.02950969,0.002670227,-0.0214576,0.02950969,0.002670227,-0.0214576,0,0,0,0,0,0,-1,-1,False,True,True
1677144,63779589560169,-13.57337,2.588236,-0.05729312,-0.06031245,0.8754014,0.03261531,-0.4785093,-0.001,-0.001,-0.001,1,-1,-1,0.02950969,0.002670227,-0.0214576,0.02950969,0.002670227,-0.0214576,0,0,0,0,0,0,-1,-1,False,False,False
1677153,63779589560169,-13.57337,2.588236,-0.05729312,-0.06031245,0.8754014,0.03261531,-0.4785093,-0.001,-0.001,-0.001,1,-1,-1,0.02950969,0.002670227,-0.0214576,0.02950969,0.002670227,-0.0214576,0,0,0,0,0,0,-1,-1,False,False,False
1677161,63779589560180,-13.57328,2.588244,-0.0573824,-0.06050234,0.8756381,0.03254049,-0.4780571,-0.001,-0.001,-0.001,1,-1,-1,0.03449762,-0.0001186218,-0.02359076,0.03449762,-0.0001186218,-0.02359076,0,0,0,0,0,0,-1,-1,False,True,True
1677169,63779589560191,-13.5732,2.588245,-0.05747497,-0.060637,0.8758683,0.03268375,-0.4776082,-0.001,-0.001,-0.001,1,-1,-1,0.03449083,-0.0001504364,-0.02360156,0.03449083,-0.0001504364,-0.02360156,0,0,0,0,0,0,-1,-1,False,True,True
1677178,63779589560202,-13.57308,2.58823,-0.05755401,-0.06084152,0.8761278,0.032731,-0.4771028,-0.001,-0.001,-0.001,1,-1,-1,0.03494089,-0.0001265717,-0.02394615,0.03494089,-0.0001265717,-0.02394615,0,0,0,0,0,0,-1,-1,False,True,True
1677186,63779589560202,-13.57308,2.58823,-0.05755401,-0.06084152,0.8761278,0.032731,-0.4771028,-0.001,-0.001,-0.001,1,-1,-1,0.03591074,-0.0007165528,-0.02429225,0.03591074,-0.0007165528,-0.02429225,0,0,0,0,0,0,-1,-1,False,True,True
1677194,63779589560213,-13.57296,2.588255,-0.05762684,-0.06076124,0.8763768,0.03254268,-0.4766684,-0.001,-0.001,-0.001,1,-1,-1,0.0315255,0.0001831055,-0.02180392,0.0315255,0.0001831055,-0.02180392,0,0,0,0,0,0,-1,-1,False,True,True
1677203,63779589560224,-13.57281,2.588367,-0.05785501,-0.0605887,0.8766726,0.03233806,-0.47616,-0.001,-0.001,-0.001,1,-1,-1,0.03301378,-0.0004144135,-0.02196448,0.03301378,-0.0004144135,-0.02196448,0,0,0,0,0,0,-1,-1,False,True,True
1677211,63779589560235,-13.57271,2.588406,-0.05791587,-0.0604033,0.8769401,0.03213097,-0.4757049,-0.001,-0.001,-0.001,1,-1,-1,0.03202718,0.0009156342,-0.02156059,0.03202718,0.0009156342,-0.02156059,0,0,0,0,0,0,-1,-1,False,True,True
1677219,63779589560235,-13.57271,2.588406,-0.05791587,-0.0604033,0.8769401,0.03213097,-0.4757049,-0.001,-0.001,-0.001,1,-1,-1,0.03133667,0.0003600311,-0.02172148,0.03133667,0.0003600311,-0.02172148,0,0,0,0,0,0,-1,-1,False,True,True
1677228,63779589560246,-13.57257,2.588484,-0.05799645,-0.06022518,0.8772854,0.03179681,-0.4751129,-0.001,-0.001,-0.001,1,-1,-1,0.03189296,0.0008718262,-0.02170714,0.03189296,0.0008718262,-0.02170714,0,0,0,0,0,0,-1,-1,False,True,True
1677236,63779589560258,-13.57246,2.58851,-0.05808389,-0.05998621,0.8775966,0.03149871,-0.4745879,-0.001,-0.001,-0.001,1,-1,-1,0.0320706,0.001084458,-0.02171817,0.0320706,0.001084458,-0.02171817,0,0,0,0,0,0,-1,-1,False,True,True
1677244,63779589560269,-13.57228,2.588528,-0.05821711,-0.05993617,0.8779312,0.03135316,-0.4739846,-0.001,-0.001,-0.001,1,-1,-1,0.03211841,0.001213928,-0.02169484,0.03211841,0.001213928,-0.02169484,0,0,0,0,0,0,-1,-1,False,True,True
1677253,63779589560269,-13.57228,2.588528,-0.05821711,-0.05993617,0.8779312,0.03135316,-0.4739846,-0.001,-0.001,-0.001,1,-1,-1,0.03198801,4.394531E-05,-0.02214134,0.03198801,4.394531E-05,-0.02214134,0,0,0,0,0,0,-1,-1,False,True,True
1677261,63779589560280,-13.57215,2.588556,-0.05831784,-0.05973375,0.8783506,0.03095151,-0.4732591,-0.001,-0.001,-0.001,1,-1,-1,0.02958406,0.00313385,-0.02128569,0.02958406,0.00313385,-0.02128569,0,0,0,0,0,0,-1,-1,False,True,True
1677269,63779589560291,-13.57205,2.588524,-0.05847359,-0.05937557,0.8788432,0.0308861,-0.4723932,-0.001,-0.001,-0.001,1,-1,-1,0.02798892,0.002837982,-0.02120401,0.02798892,0.002837982,-0.02120401,0,0,0,0,0,0,-1,-1,False,True,True
1677278,63779589560301,-13.57187,2.588541,-0.05862916,-0.05880238,0.8793324,0.03068174,-0.4715671,-0.001,-0.001,-0.001,1,-1,-1,0.02924516,0.002749527,-0.02138532,0.02924516,0.002749527,-0.02138532,0,0,0,0,0,0,-1,-1,False,True,True
1677286,63779589560301,-13.57187,2.588541,-0.05862916,-0.05880238,0.8793324,0.03068174,-0.4715671,-0.001,-0.001,-0.001,1,-1,-1,0.02947258,0.002639603,-0.02153284,0.02947258,0.002639603,-0.02153284,0,0,0,0,0,0,-1,-1,False,True,True
1677294,63779589560313,-13.57172,2.588557,-0.05878973,-0.05838047,0.8798671,0.03043795,-0.4706368,-0.001,-0.001,-0.001,1,-1,-1,0.03004535,0.002712479,-0.02132193,0.03004535,0.002712479,-0.02132193,0,0,0,0,0,0,-1,-1,False,True,True
1677303,63779589560324,-13.57158,2.588574,-0.05892098,-0.05781293,0.880337,0.03008995,-0.46985,-0.001,-0.001,-0.001,1,-1,-1,0.0291409,0.002515808,-0.02166339,0.0291409,0.002515808,-0.02166339,0,0,0,0,0,0,-1,-1,False,True,True
1677311,63779589560335,-13.57142,2.588566,-0.05906081,-0.05738217,0.8807232,0.02987011,-0.4691927,-0.001,-0.001,-0.001,1,-1,-1,0.02953356,0.002603317,-0.02157234,0.02953356,0.002603317,-0.02157234,0,0,0,0,0,0,-1,-1,False,True,True
1677319,63779589560346,-13.57132,2.588493,-0.05917537,-0.05710228,0.8811566,0.0296759,-0.4684246,-0.001,-0.001,-0.001,1,-1,-1,0.02954511,0.002667664,-0.02161198,0.02954511,0.002667664,-0.02161198,0,0,0,0,0,0,-1,-1,False,True,True
1677328,63779589560346,-13.57132,2.588493,-0.05917537,-0.05710228,0.8811566,0.0296759,-0.4684246,-0.001,-0.001,-0.001,1,-1,-1,0.02919936,0.002853134,-0.02149501,0.02919936,0.002853134,-0.02149501,0,0,0,0,0,0,-1,-1,False,True,True
1677336,63779589560358,-13.57113,2.588442,-0.05927938,-0.05683008,0.8815064,0.02939804,-0.4678167,-0.001,-0.001,-0.001,1,-1,-1,0.02935983,0.002820847,-0.02144115,0.02935983,0.002820847,-0.02144115,0,0,0,0,0,0,-1,-1,False,True,True
1677344,63779589560369,-13.57098,2.588441,-0.05943561,-0.05671465,0.881872,0.0290337,-0.4671641,-0.001,-0.001,-0.001,1,-1,-1,0.02954176,0.002553269,-0.02160983,0.02954176,0.002553269,-0.02160983,0,0,0,0,0,0,-1,-1,False,True,True
1677353,63779589560369,-13.57098,2.588441,-0.05943561,-0.05671465,0.881872,0.0290337,-0.4671641,0.0187832,0.002797211,-0.02238541,0.2970886,-0.006652832,0.9548187,0.02948099,0.002532288,-0.02161131,0.02948099,0.002532288,-0.02161131,0.3008118,0.01245117,0.953598,0.3008118,0.01245117,0.953598,4.922653,4.922653,True,True,True
1677361,63779589560382,-13.5709,2.588472,-0.05956167,-0.05661108,0.8821819,0.02874327,-0.4666092,0.01558388,0.002858093,-0.02262418,0.2985382,-0.001663208,0.9543915,0.02947789,0.002511292,-0.02161524,0.02947789,0.002511292,-0.02161524,0.3017731,0.0206604,0.9531403,0.3017731,0.0206604,0.9531403,5.005692,5.005692,True,True,True
1677369,63779589560393,-13.5708,2.588472,-0.05962056,-0.05634587,0.8825309,0.02840428,-0.4660017,-0.005635788,0.003371445,-0.02417427,0.2971954,-0.02790833,0.9543915,0.02946944,0.0024935,-0.0216409,0.02946944,0.0024935,-0.0216409,0.3119659,0.04016113,0.949234,0.3119659,0.04016113,0.949234,5.120331,5.120331,True,True,True
1677378,63779589560404,-13.57074,2.588466,-0.05970931,-0.05609624,0.8828423,0.02819685,-0.4654543,0.001536499,0.003156021,-0.02367688,0.3041992,0.00227356,0.9525909,0.02944882,0.002490677,-0.02164105,0.02944882,0.002490677,-0.02164105,0.3037567,0.04833984,0.9515076,0.3037567,0.04833984,0.9515076,5.103119,5.103119,True,True,True
1677386,63779589560404,-13.57074,2.588466,-0.05970931,-0.05609624,0.8828423,0.02819685,-0.4654543,0.001172257,0.003172714,-0.02369531,0.2993622,-0.0191803,0.9539337,0.02931828,0.002457886,-0.02166007,0.02931828,0.002457886,-0.02166007,0.3031769,0.03941345,0.9521027,0.3031769,0.03941345,0.9521027,5.053589,5.053589,True,True,True
1677394,63779589560416,-13.57068,2.58845,-0.0597769,-0.05581658,0.8831362,0.02791341,-0.4649471,0.0008316346,0.003197724,-0.02374303,0.3108521,-0.02319336,0.9501648,0.02916245,0.002495346,-0.02164678,0.02916245,0.002495346,-0.02164678,0.2863159,0.01615906,0.9579926,0.2863159,0.01615906,0.9579926,4.9151,4.9151,True,True,True
1677403,63779589560427,-13.57059,2.588396,-0.05980378,-0.05567547,0.8833773,0.0275979,-0.4645247,0.003185715,0.003119324,-0.02360024,0.3340607,-0.01672363,0.9423981,0.02916887,0.002448624,-0.02167355,0.02916887,0.002448624,-0.02167355,0.3206024,0.01040649,0.9471436,0.3206024,0.01040649,0.9471436,4.838181,4.838181,True,True,True
1677411,63779589560438,-13.57043,2.588363,-0.05982947,-0.0556826,0.8836243,0.02725887,-0.4640738,0.009439331,0.002955857,-0.02314154,0.326355,0.006546021,0.9452057,0.02917499,0.002447937,-0.02167868,0.02917499,0.002447937,-0.02167868,0.3161316,0.02493286,0.9483795,0.3161316,0.02493286,0.9483795,4.915985,4.915985,True,True,True
1677419,63779589560438,-13.57043,2.588363,-0.05982947,-0.0556826,0.8836243,0.02725887,-0.4640738,0.01503298,0.002782318,-0.02272166,0.3187256,0.0113678,0.9477692,0.02919147,0.002423691,-0.02167697,0.02919147,0.002423691,-0.02167697,0.3111267,0.03427124,0.9497375,0.3111267,0.03427124,0.9497375,4.944,4.944,True,True,True
1677428,63779589560450,-13.5703,2.588405,-0.05988091,-0.05564428,0.8838527,0.02695423,-0.4636612,0.01606069,0.002769791,-0.02263528,0.3092041,0.008148193,0.950943,0.02915769,0.002442093,-0.02166123,0.02915769,0.002442093,-0.02166123,0.2997589,0.02069092,0.9537811,0.2997589,0.02069092,0.9537811,4.891571,4.891571,True,True,True
1677436,63779589560461,-13.5702,2.588386,-0.05998284,-0.0556551,0.8840269,0.0266734,-0.4633437,0.01557874,0.002778183,-0.02267781,0.3195343,0.01322937,0.9474792,0.0291686,0.002436676,-0.02166536,0.0291686,0.002436676,-0.02166536,0.3108063,0.0254364,0.950119,0.3108063,0.0254364,0.950119,4.946304,4.946304,True,True,True
1677444,63779589560472,-13.57008,2.588384,-0.05998802,-0.05581702,0.8842089,0.02647739,-0.4629883,0.01415575,0.002784912,-0.02279527,0.3253479,0.0193634,0.9453888,0.02920911,0.002399002,-0.02167775,0.02920911,0.002399002,-0.02167775,0.3173218,0.03509521,0.9476624,0.3173218,0.03509521,0.9476624,4.973022,4.973022,True,True,True
1677453,63779589560472,-13.57008,2.588384,-0.05998802,-0.05581702,0.8842089,0.02647739,-0.4629883,0.01138934,0.002849793,-0.02300879,0.3335571,0.02342224,0.9424286,0.02922025,0.002393997,-0.02169232,0.02922025,0.002393997,-0.02169232,0.330368,0.04466248,0.9427795,0.330368,0.04466248,0.9427795,5.021729,5.021729,True,True,True
1677461,63779589560483,-13.57,2.588358,-0.05996054,-0.05584363,0.884448,0.02621917,-0.4625429,0.009677643,0.002903549,-0.02312071,0.3196564,0.01550293,0.947403,0.02918698,0.002411972,-0.02167125,0.02918698,0.002411972,-0.02167125,0.3068848,0.0358429,0.9510651,0.3068848,0.0358429,0.9510651,4.949875,4.949875,True,True,True
1677469,63779589560494,-13.56993,2.58836,-0.05996984,-0.05595721,0.884624,0.02606669,-0.4622011,0.007337494,0.00296341,-0.02328238,0.3115845,0.006484985,0.9501801,0.02919115,0.002414322,-0.02166042,0.02919115,0.002414322,-0.02166042,0.2974548,0.02864075,0.9542999,0.2974548,0.02864075,0.9542999,4.87561,4.87561,True,True,True
1677478,63779589560494,-13.56993,2.58836,-0.05996984,-0.05595721,0.884624,0.02606669,-0.4622011,0.007316193,0.002974228,-0.0232777,0.3163757,-0.0001983643,0.9486237,0.02919737,0.002412628,-0.02165918,0.02919737,0.002412628,-0.02165918,0.3060455,0.02227783,0.9517517,0.3060455,0.02227783,0.9517517,4.922852,4.922852,True,True,True
1677486,63779589560506,-13.56985,2.58836,-0.05984581,-0.05606325,0.8848286,0.02584902,-0.4618085,0.007682724,0.00293985,-0.02324062,0.3132935,0.006439209,0.9496307,0.02921596,0.002397812,-0.02165512,0.02921596,0.002397812,-0.02165512,0.3070221,0.02801514,0.9512787,0.3070221,0.02801514,0.9512787,5.002792,5.002792,True,True,True
1677494,63779589560516,-13.56974,2.588349,-0.05982661,-0.05609281,0.8850861,0.02567476,-0.4613208,0.0078228,0.002938172,-0.02324329,0.3257446,0.01150513,0.9453735,0.02922984,0.002397827,-0.02165912,0.02922984,0.002397827,-0.02165912,0.3143768,0.03163147,0.948761,0.3143768,0.03163147,0.948761,4.975281,4.975281,True,True,True
1677503,63779589560528,-13.56969,2.588362,-0.05980951,-0.05617846,0.8853092,0.02556897,-0.460888,0.008084412,0.002941879,-0.02321993,0.3158417,0.009094238,0.948761,0.02923755,0.002395599,-0.02165483,0.02923755,0.002395599,-0.02165483,0.3071442,0.03053284,0.9511566,0.3071442,0.03053284,0.9511566,4.93631,4.93631,True,True,True
1677511,63779589560538,-13.56962,2.588352,-0.05974984,-0.05627679,0.8855406,0.02557965,-0.4604306,0.008160935,0.002936112,-0.02321042,0.3154297,0.00843811,0.9488983,0.02924524,0.002393387,-0.02165056,0.02924524,0.002393387,-0.02165056,0.306488,0.03022766,0.9513855,0.306488,0.03022766,0.9513855,4.971634,4.971634,True,True,True
1677519,63779589560538,-13.56962,2.588352,-0.05974984,-0.05627679,0.8855406,0.02557965,-0.4604306,0.007690308,0.002946625,-0.02324726,0.3150177,0.01397705,0.9489746,0.02925148,0.002392212,-0.02164905,0.02925148,0.002392212,-0.02164905,0.3049622,0.03092957,0.9518585,0.3049622,0.03092957,0.9518585,4.946915,4.946915,True,True,True
1677528,63779589560550,-13.56951,2.588383,-0.05973554,-0.05633677,0.8857278,0.02545832,-0.4600699,0.007333237,0.002946686,-0.02327405,0.3127594,0.01004028,0.9497681,0.02925772,0.002391037,-0.02164754,0.02925772,0.002391037,-0.02164754,0.303772,0.03033447,0.9522552,0.303772,0.03033447,0.9522552,4.95694,4.95694,True,True,True
1677536,63779589560561,-13.56941,2.588391,-0.05969071,-0.05646368,0.8859609,0.02539002,-0.4596092,0.007054902,0.002947647,-0.02328427,0.307373,0.00819397,0.9515533,0.02928166,0.002383591,-0.02163062,0.02928166,0.002383591,-0.02163062,0.2933197,0.02792358,0.9555969,0.2933197,0.02792358,0.9555969,4.934647,4.934647,True,True,True
1677544,63779589560572,-13.56929,2.588448,-0.05966383,-0.05662227,0.8861659,0.02545275,-0.4591908,0.006642548,0.00296373,-0.02331712,0.3145447,0.005264282,0.9492188,0.02928232,0.002395935,-0.02163593,0.02928232,0.002395935,-0.02163593,0.3033295,0.02404785,0.9525757,0.3033295,0.02404785,0.9525757,4.990433,4.990433,True,True,True
1677553,63779589560572,-13.56929,2.588448,-0.05966383,-0.05662227,0.8861659,0.02545275,-0.4591908,0.00606308,0.00297461,-0.02334944,0.308548,-0.003723145,0.9511871,0.02928784,0.002389725,-0.02161832,0.02928784,0.002389725,-0.02161832,0.2943573,0.01014709,0.9556274,0.2943573,0.01014709,0.9556274,4.947998,4.947998,True,True,True
1677561,63779589560583,-13.56921,2.588516,-0.05961376,-0.05681229,0.8864279,0.02549883,-0.4586588,0.005662933,0.002984497,-0.0233781,0.3055267,-0.002990723,0.9521637,0.0292919,0.002389267,-0.02161691,0.0292919,0.002389267,-0.02161691,0.2909241,0.01167297,0.956665,0.2909241,0.01167297,0.956665,4.964355,4.964355,True,True,True
1677569,63779589560594,-13.56909,2.588535,-0.05960804,-0.05700025,0.8866376,0.02560977,-0.4582237,0.00531778,0.002994339,-0.02340534,0.3107758,-0.001449585,0.95047,0.02930772,0.002387115,-0.02161968,0.02930772,0.002387115,-0.02161968,0.3000946,0.01597595,0.9537659,0.3000946,0.01597595,0.9537659,5.077347,5.077347,True,True,True
1677578,63779589560605,-13.56899,2.588575,-0.05960923,-0.05707034,0.886849,0.02563998,-0.4578039,0.005309189,0.002994141,-0.02340114,0.3077545,-0.00302124,0.9514465,0.02932216,0.002383133,-0.02161156,0.02932216,0.002383133,-0.02161156,0.2950897,0.01435852,0.9553528,0.2950897,0.01435852,0.9553528,5.061844,5.061844,True,True,True
1677586,63779589560605,-13.56899,2.588575,-0.05960923,-0.05707034,0.886849,0.02563998,-0.4578039,0.005400559,0.002990525,-0.02339273,0.3035431,-0.002166748,0.9528046,0.02932678,0.002381729,-0.02160974,0.02932678,0.002381729,-0.02160974,0.2904053,0.01551819,0.9567719,0.2904053,0.01551819,0.9567719,5.044342,5.044342,True,True,True
1677594,63779589560616,-13.56889,2.588623,-0.05962229,-0.05693684,0.8871313,0.02577952,-0.4572655,0.005653702,0.002982788,-0.02337229,0.300705,-0.002853394,0.9537048,0.02933139,0.002380325,-0.02160793,0.02933139,0.002380325,-0.02160793,0.288269,0.014328,0.957428,0.288269,0.014328,0.957428,5.042328,5.042328,True,True,True
1677603,63779589560627,-13.56878,2.588676,-0.05967778,-0.05677148,0.8873909,0.0260002,-0.4567696,0.006022766,0.002966827,-0.02334337,0.3010406,-0.000793457,0.953598,0.02934285,0.002370102,-0.02160486,0.02934285,0.002370102,-0.02160486,0.2900238,0.01695251,0.9568634,0.2900238,0.01695251,0.9568634,5.036514,5.036514,True,True,True
1677611,63779589560639,-13.56862,2.588798,-0.0597716,-0.05648899,0.887634,0.02617848,-0.4563217,0.006265457,0.002953995,-0.02332387,0.3014526,0.001159668,0.953476,0.02935429,0.002359879,-0.02160179,0.02935429,0.002359879,-0.02160179,0.2917938,0.01954651,0.9562683,0.2917938,0.01954651,0.9562683,5.030533,5.030533,True,True,True
1677619,63779589560639,-13.56862,2.588798,-0.0597716,-0.05648899,0.887634,0.02617848,-0.4563217,0.006279266,0.002952347,-0.02332221,0.3015442,0.002227783,0.9534454,0.02935889,0.002358383,-0.02160048,0.02935889,0.002358383,-0.02160048,0.2918549,0.02113342,0.9562225,0.2918549,0.02113342,0.9562225,5.031174,5.031174,True,True,True
1677628,63779589560649,-13.5685,2.588904,-0.05988264,-0.05619729,0.8879199,0.02627363,-0.4557959,0.006490067,0.002945633,-0.02330585,0.301651,0.001937866,0.9533997,0.02936347,0.002356873,-0.02159917,0.02936347,0.002356873,-0.02159917,0.2920685,0.02018738,0.9561768,0.2920685,0.02018738,0.9561768,5.03125,5.03125,True,True,True
1677636,63779589560661,-13.56842,2.588953,-0.05993962,-0.05600708,0.8882279,0.0264241,-0.4552102,0.006371674,0.002936051,-0.02331098,0.3063812,0.001449585,0.9519043,0.02939975,0.002335037,-0.02159154,0.02939975,0.002335037,-0.02159154,0.3014069,0.0199585,0.9532776,0.3014069,0.0199585,0.9532776,5.055878,5.055878,True,True,True
1677644,63779589560672,-13.56833,2.588951,-0.05999798,-0.05557195,0.8885202,0.0264514,-0.454691,0.00679335,0.002914444,-0.02325824,0.2999573,-0.006286621,0.9539185,0.02940881,0.002332337,-0.0215766,0.02940881,0.002332337,-0.0215766,0.2943115,0.01245117,0.9556122,0.2943115,0.01245117,0.9556122,5.061279,5.061279,True,True,True
1677653,63779589560672,-13.56833,2.588951,-0.05999798,-0.05557195,0.8885202,0.0264514,-0.454691,0.007367737,0.002896912,-0.02321303,0.2992249,-0.005401611,0.9541626,0.02941513,0.002329529,-0.02157271,0.02941513,0.002329529,-0.02157271,0.2927246,0.01403809,0.9560852,0.2927246,0.01403809,0.9560852,5.089294,5.089294,True,True,True
1677661,63779589560683,-13.56827,2.588934,-0.06006205,-0.05538265,0.8887642,0.0265215,-0.4542329,0.007820695,0.002888596,-0.0231812,0.3012848,-0.005401611,0.9535065,0.02942059,0.002335861,-0.02157575,0.02942059,0.002335861,-0.02157575,0.2969666,0.01403809,0.9547729,0.2969666,0.01403809,0.9547729,5.095612,5.095612,True,True,True
1677669,63779589560694,-13.56815,2.588918,-0.0601635,-0.05511897,0.8890148,0.02654992,-0.4537728,0.00799907,0.002882752,-0.02316121,0.293335,-0.004318237,0.9559937,0.02942911,0.002334763,-0.0215649,0.02942911,0.002334763,-0.0215649,0.2851868,0.01448059,0.9583588,0.2851868,0.01448059,0.9583588,5.030075,5.030075,True,True,True
1677678,63779589560705,-13.56808,2.588922,-0.06021947,-0.05502664,0.8892607,0.02658907,-0.4532996,0.008044907,0.002878571,-0.0231568,0.3007965,-0.009429932,0.9536285,0.02943915,0.002330948,-0.02156268,0.02943915,0.002330948,-0.02156268,0.2979279,0.006942749,0.9545593,0.2979279,0.006942749,0.9545593,5.098328,5.098328,True,True,True
1677686,63779589560705,-13.56808,2.588922,-0.06021947,-0.05502664,0.8892607,0.02658907,-0.4532996,0.008386704,0.002863312,-0.02312521,0.2953644,-0.00213623,0.955368,0.02944727,0.002327835,-0.02156481,0.02944727,0.002327835,-0.02156481,0.2927399,0.02241516,0.9559174,0.2927399,0.02241516,0.9559174,5.133163,5.133163,True,True,True
1677694,63779589560716,-13.56804,2.589006,-0.06026351,-0.05501856,0.8894456,0.02652005,-0.4529417,0.00825467,0.002859222,-0.02312914,0.297287,-0.007522583,0.9547424,0.02945689,0.002318894,-0.02155257,0.02945689,0.002318894,-0.02155257,0.2924042,0.01383972,0.9561768,0.2924042,0.01383972,0.9561768,5.101318,5.101318,True,True,True
1677703,63779589560728,-13.56796,2.589023,-0.06030083,-0.05507126,0.8896556,0.02646201,-0.4525261,0.007845856,0.00286586,-0.02315691,0.2934265,-0.004638672,0.9559631,0.02946637,0.002316803,-0.02155332,0.02946637,0.002316803,-0.02155332,0.289978,0.02058411,0.9568024,0.289978,0.02058411,0.9568024,5.09996,5.09996,True,True,True
1677711,63779589560728,-13.56788,2.589042,-0.06034708,-0.055127,0.8898498,0.02639238,-0.4521415,0.008117981,0.002856781,-0.02313568,0.2925262,-0.004608154,0.9562378,0.02947055,0.002314057,-0.02155179,0.02947055,0.002314057,-0.02155179,0.2900543,0.01757813,0.9568329,0.2900543,0.01757813,0.9568329,5.089645,5.089645,True,True,True
1677719,63779589560739,-13.56788,2.589042,-0.06034708,-0.055127,0.8898498,0.02639238,-0.4521415,0.007835694,0.002857224,-0.02314707,0.2896423,-0.01040649,0.957077,0.02948331,0.002303406,-0.02153734,0.02948331,0.002303406,-0.02153734,0.2865295,0.01222229,0.9579773,0.2865295,0.01222229,0.9579773,5.197952,5.197952,True,True,True
1677728,63779589560749,-13.56786,2.58905,-0.06037116,-0.05509195,0.8900896,0.02620602,-0.4516844,0.007553269,0.002859451,-0.02316292,0.2884064,-0.01309204,0.9574127,0.02949135,0.002295563,-0.02152942,0.02949135,0.002295563,-0.02152942,0.2826233,0.008712769,0.9591827,0.2826233,0.008712769,0.9591827,5.098541,5.098541,True,True,True
1677736,63779589560761,-13.56781,2.589044,-0.06043798,-0.05506066,0.8902791,0.02623839,-0.4513125,0.007123429,0.00286789,-0.0231913,0.2865295,-0.01365662,0.957962,0.02949774,0.002291657,-0.02152338,0.02949774,0.002291657,-0.02152338,0.2806244,0.008544922,0.9597778,0.2806244,0.008544922,0.9597778,5.114563,5.114563,True,True,True
1677744,63779589560772,-13.5678,2.589002,-0.06043899,-0.05498217,0.8905376,0.02616726,-0.4508159,0.006824723,0.002870026,-0.02321365,0.2821198,-0.003128052,0.9593658,0.02950774,0.002289368,-0.02152843,0.02950774,0.002289368,-0.02152843,0.2795105,0.02020264,0.9599152,0.2795105,0.02020264,0.9599152,5.108566,5.108566,True,True,True
1677753,63779589560772,-13.5678,2.589002,-0.06043899,-0.05498217,0.8905376,0.02616726,-0.4508159,0.006468567,0.002877777,-0.02324301,0.2863922,0.0007171631,0.9580994,0.02952147,0.002287018,-0.02153015,0.02952147,0.002287018,-0.02153015,0.2853241,0.02415466,0.9581146,0.2853241,0.02415466,0.9581146,5.190643,5.190643,True,True,True
1677761,63779589560783,-13.56776,2.589014,-0.06045902,-0.05501274,0.8907593,0.0261446,-0.4503752,0.006419205,0.002874375,-0.02323776,0.282074,-0.006698608,0.9593658,0.02952782,0.002283035,-0.02152361,0.02952782,0.002283035,-0.02152361,0.2811279,0.01834106,0.9594879,0.2811279,0.01834106,0.9594879,5.151978,5.151978,True,True,True
1677769,63779589560795,-13.56765,2.589024,-0.06052488,-0.05513899,0.8909669,0.02624943,-0.449943,0.006737687,0.00285907,-0.02320667,0.2819214,-0.00453186,0.9594116,0.02954724,0.002272949,-0.021507,0.02954724,0.002272949,-0.021507,0.2803497,0.01748657,0.9597321,0.2803497,0.01748657,0.9597321,5.12912,5.12912,True,True,True
1677778,63779589560805,-13.56761,2.589096,-0.06060237,-0.05517987,0.8911411,0.02645296,-0.449581,0.007489533,0.002832031,-0.02313893,0.278717,-0.0111084,0.9602966,0.02955763,0.002267288,-0.02149796,0.02955763,0.002267288,-0.02149796,0.2803955,0.01203918,0.9597931,0.2803955,0.01203918,0.9597931,5.155899,5.155899,True,True,True
1677786,63779589560805,-13.56761,2.589096,-0.06060237,-0.05517987,0.8911411,0.02645296,-0.449581,0.007477036,0.002832215,-0.02314224,0.2775879,-0.007095337,0.9606628,0.02956256,0.002267517,-0.0214968,0.02956256,0.002267517,-0.0214968,0.2761841,0.01399231,0.9609985,0.2761841,0.01399231,0.9609985,5.139771,5.139771,True,True,True
1677794,63779589560816,-13.5676,2.589149,-0.06065649,-0.05530346,0.8913475,0.02662825,-0.4491459,0.00679863,0.002848648,-0.02319235,0.2756348,-0.00982666,0.9611969,0.02956748,0.002267288,-0.02149564,0.02956748,0.002267288,-0.02149564,0.2719574,0.01119995,0.9622345,0.2719574,0.01119995,0.9622345,5.120895,5.120895,True,True,True
1677803,63779589560827,-13.56751,2.589226,-0.0607354,-0.05533382,0.8914572,0.02690743,-0.4489078,0.00682367,0.002844162,-0.02318294,0.2717438,-0.01132202,0.9622955,0.0295695,0.00226503,-0.02149219,0.0295695,0.00226503,-0.02149219,0.2718811,0.01118469,0.9622498,0.2718811,0.01118469,0.9622498,5.133942,5.133942,True,True,True
1677811,63779589560839,-13.56747,2.589255,-0.0608114,-0.05545514,0.891625,0.02729801,-0.4485358,0.006941605,0.002837509,-0.02317037,0.273468,-0.01524353,0.9617462,0.02957155,0.002262787,-0.02148874,0.02957155,0.002262787,-0.02148874,0.2718048,0.01116943,0.9622803,0.2718048,0.01116943,0.9622803,5.147858,5.147858,True,True,True
1677819,63779589560839,-13.56747,2.589255,-0.0608114,-0.05545514,0.891625,0.02729801,-0.4485358,0.006851853,0.002837235,-0.02317824,0.2688446,-0.009674072,0.9631195,0.02957396,0.002262589,-0.02148839,0.02957396,0.002262589,-0.02148839,0.2677155,0.01144409,0.9634247,0.2677155,0.01144409,0.9634247,5.146881,5.146881,True,True,True
1677828,63779589560849,-13.5674,2.589368,-0.06086826,-0.05565033,0.8917395,0.02779006,-0.4482536,0.007266709,0.002823181,-0.02314586,0.2637177,-0.007446289,0.9645691,0.02957639,0.002262406,-0.02148804,0.02957639,0.002262406,-0.02148804,0.2636108,0.01080322,0.9645538,0.2636108,0.01080322,0.9645538,5.145432,5.145432,True,True,True
1677836,63779589560860,-13.56747,2.589384,-0.06089658,-0.0558444,0.8919032,0.02831961,-0.4478707,0.007045212,0.002817734,-0.02313303,0.2542572,-0.0149231,0.9670105,0.02960405,0.002246018,-0.02144072,0.02960405,0.002246018,-0.02144072,0.2480927,0.001296997,0.9687195,0.2480927,0.001296997,0.9687195,5.104385,5.104385,True,True,True
1677844,63779589560860,-13.56747,2.589417,-0.06101346,-0.05610617,0.8920547,0.0287588,-0.447508,0.006098328,0.002836975,-0.02319869,0.245575,-0.0105896,0.9693146,0.02960796,0.002243408,-0.0214357,0.02960796,0.002243408,-0.0214357,0.2344971,0.01261902,0.9720306,0.2344971,0.01261902,0.9720306,5.033112,5.033112,True,True,True
1677853,63779589560872,-13.56747,2.589417,-0.06101346,-0.05610617,0.8920547,0.0287588,-0.447508,0.004740876,0.002868775,-0.02329831,0.2476807,-0.014328,0.9687195,0.02961072,0.002237595,-0.02143193,0.02961072,0.002237595,-0.02143193,0.2378693,0.007263184,0.9712677,0.2378693,0.007263184,0.9712677,5.082703,5.082703,True,True,True
1677861,63779589560883,-13.56747,2.589421,-0.06113917,-0.05626696,0.8922392,0.02909127,-0.4470982,0.003766434,0.002879669,-0.02337586,0.2489014,-0.01353455,0.9684296,0.02961348,0.002231781,-0.02142816,0.02961348,0.002231781,-0.02142816,0.236557,0.001480103,0.9716034,0.236557,0.001480103,0.9716034,5.087463,5.087463,True,True,True
1677869,63779589560895,-13.56745,2.589447,-0.06125385,-0.05635664,0.8924139,0.02916528,-0.4467336,0.00274324,0.002894409,-0.02344154,0.250946,-0.01242065,0.9679108,0.02963222,0.002208832,-0.02140865,0.02963222,0.002208832,-0.02140865,0.2400513,0.007537842,0.9707184,0.2400513,0.007537842,0.9707184,5.187088,5.187088,True,True,True
1677878,63779589560895,-13.56745,2.589447,-0.06125385,-0.05635664,0.8924139,0.02916528,-0.4467336,0.002241181,0.002898178,-0.0234684,0.2452698,-0.009231567,0.9694061,0.02964133,0.002192246,-0.02139015,0.02964133,0.002192246,-0.02139015,0.234375,0.01045227,0.9720764,0.234375,0.01045227,0.9720764,5.157181,5.157181,True,True,True
1677886,63779589560906,-13.56743,2.589441,-0.06138831,-0.05624679,0.8926476,0.0291121,-0.4462836,0.002934876,0.002879654,-0.02342162,0.2458344,-0.009155273,0.9692535,0.02962215,0.002185852,-0.02140663,0.02962215,0.002185852,-0.02140663,0.2373352,0.01239014,0.971344,0.2373352,0.01239014,0.971344,5.146973,5.146973,True,True,True
1677894,63779589560916,-13.56735,2.58949,-0.06155092,-0.05611733,0.8928884,0.02887528,-0.4458333,0.003971512,0.002830902,-0.02339977,0.2766571,-0.01101685,0.9608917,0.02948207,0.002185456,-0.02147756,0.02948207,0.002185456,-0.02147756,0.2655487,0.003265381,0.9640808,0.2655487,0.003265381,0.9640808,5.134003,5.134003,True,True,True
1677903,63779589560928,-13.56733,2.589473,-0.06163329,-0.0558445,0.8931516,0.02860783,-0.4453574,0.005779678,0.002780258,-0.02330689,0.3024445,-0.01014709,0.9530945,0.02922707,0.00216774,-0.02153261,0.02922707,0.00216774,-0.02153261,0.2853699,0.005737305,0.9583893,0.2853699,0.005737305,0.9583893,5.074585,5.074585,True,True,True
1677911,63779589560938,-13.56728,2.589453,-0.06171715,-0.05574511,0.8933642,0.02813019,-0.4449737,0.00605806,0.002781601,-0.02331523,0.3286285,-0.02023315,0.9442291,0.02907123,0.002184021,-0.02157561,0.02907123,0.002184021,-0.02157561,0.3207855,-0.004013062,0.9471283,0.3207855,-0.004013062,0.9471283,5.270798,5.270798,True,True,True
1677919,63779589560938,-13.56728,2.589453,-0.06171715,-0.05574511,0.8933642,0.02813019,-0.4449737,0.005236954,0.002804504,-0.02339563,0.3384399,-0.01223755,0.9409027,0.02904205,0.002186493,-0.0215909,0.02904205,0.002186493,-0.0215909,0.3272247,0.002883911,0.944931,0.3272247,0.002883911,0.944931,5.138596,5.138596,True,True,True
1677928,63779589560949,-13.56726,2.589435,-0.06181902,-0.05557992,0.893527,0.02769672,-0.4446946,0.004888993,0.002818024,-0.02341339,0.3372955,-0.01507568,0.9412689,0.02907739,0.002196472,-0.0215845,0.02907739,0.002196472,-0.0215845,0.3289948,0.004776001,0.9443054,0.3289948,0.004776001,0.9443054,5.181671,5.181671,True,True,True
1677936,63779589560961,-13.56721,2.589413,-0.06188023,-0.05566024,0.893711,0.02739915,-0.4443332,0.004394303,0.0028237,-0.0234415,0.334549,-0.02032471,0.9421539,0.02908666,0.002189072,-0.02157436,0.02908666,0.002189072,-0.02157436,0.327713,-0.004089355,0.9447632,0.327713,-0.004089355,0.9447632,5.195786,5.195786,True,True,True
1677944,63779589560972,-13.56723,2.589401,-0.06211066,-0.05564404,0.8938321,0.02705754,-0.4441122,0.004583374,0.002820542,-0.02343054,0.3360901,-0.01657104,0.9416809,0.02908956,0.002191803,-0.02157817,0.02908956,0.002191803,-0.02157817,0.3288116,0.001831055,0.9443817,0.3288116,0.001831055,0.9443817,5.227722,5.227722,True,True,True
1677953,63779589560972,-13.56723,2.589401,-0.06211066,-0.05564404,0.8938321,0.02705754,-0.4441122,0.004711396,0.002818588,-0.02341663,0.333252,-0.01887512,0.9426422,0.02909621,0.002195679,-0.02156975,0.02909621,0.002195679,-0.02156975,0.3219757,-0.00201416,0.9467316,0.3219757,-0.00201416,0.9467316,5.118164,5.118164,True,True,True
1677961,63779589560983,-13.56724,2.589338,-0.06220222,-0.05585459,0.8939652,0.02680863,-0.443833,0.005197159,0.002807159,-0.0233752,0.3287964,-0.01794434,0.9442139,0.02911546,0.002196076,-0.02156677,0.02911546,0.002196076,-0.02156677,0.3155823,0.005172729,0.9488831,0.3155823,0.005172729,0.9488831,5.19986,5.19986,True,True,True
1677969,63779589560994,-13.56726,2.5892,-0.06219774,-0.05606658,0.8940374,0.02664366,-0.4436708,0.005821762,0.002793716,-0.02332301,0.3232422,-0.01618958,0.946167,0.0291395,0.002197372,-0.02155322,0.0291395,0.002197372,-0.02155322,0.3061218,0.0007629395,0.9519806,0.3061218,0.0007629395,0.9519806,5.161697,5.161697,True,True,True
1677978,63779589561005,-13.56727,2.589147,-0.06224656,-0.05627949,0.894125,0.02637621,-0.4434832,0.00607869,0.002787933,-0.02330039,0.3314972,-0.02365112,0.9431458,0.02916055,0.002200012,-0.02155968,0.02916055,0.002200012,-0.02155968,0.3271942,-0.00630188,0.944931,0.3271942,-0.00630188,0.944931,5.197235,5.197235,True,True,True
1677986,63779589561005,-13.56727,2.589147,-0.06224656,-0.05627949,0.894125,0.02637621,-0.4434832,0.006301743,0.002781632,-0.02328302,0.3272705,-0.01858521,0.9447327,0.02916774,0.002200455,-0.02155963,0.02916774,0.002200455,-0.02155963,0.321991,-0.002151489,0.9467316,0.321991,-0.002151489,0.9467316,5.174683,5.174683,True,True,True
1677994,63779589561016,-13.56725,2.58904,-0.06230676,-0.0565022,0.894233,0.02615224,-0.4432504,0.006262253,0.002781784,-0.02328142,0.3191376,-0.01321411,0.9476013,0.02918695,0.002197983,-0.02155087,0.02918695,0.002197983,-0.02155087,0.3087769,0.005371094,0.9511108,0.3087769,0.005371094,0.9511108,5.184082,5.184082,True,True,True
1678003,63779589561028,-13.56726,2.589006,-0.06231946,-0.05658817,0.8942674,0.02594883,-0.4431819,0.007659363,0.002746521,-0.02317972,0.3190765,-0.003387451,0.9477081,0.0291935,0.002201126,-0.02156267,0.0291935,0.002201126,-0.02156267,0.3137512,0.01925659,0.949295,0.3137512,0.01925659,0.949295,5.193604,5.193604,True,True,True
1678011,63779589561028,-13.56726,2.589006,-0.06231946,-0.05658817,0.8942674,0.02594883,-0.4431819,0.007791916,0.002736893,-0.0231579,0.3170776,-0.01318359,0.9483032,0.02920512,0.002191376,-0.02154231,0.02920512,0.002191376,-0.02154231,0.3074799,0.00440979,0.9515381,0.3074799,0.00440979,0.9515381,5.187241,5.187241,True,True,True
1678019,63779589561039,-13.56723,2.588947,-0.06235886,-0.05669391,0.894297,0.02582067,-0.4431162,0.007536728,0.002746994,-0.02317015,0.3072968,-0.01167297,0.9515381,0.02922077,0.002195557,-0.02153089,0.02922077,0.002195557,-0.02153089,0.2911682,0.006561279,0.9566345,0.2911682,0.006561279,0.9566345,5.10318,5.10318,True,True,True
1678028,63779589561050,-13.56726,2.588925,-0.06240737,-0.05674835,0.8943472,0.02569782,-0.4430151,0.006361954,0.002776657,-0.02325055,0.311264,-0.02224731,0.950058,0.02923966,0.002196976,-0.02152162,0.02923966,0.002196976,-0.02152162,0.2999725,-0.007141113,0.9539032,0.2999725,-0.007141113,0.9539032,5.165024,5.165024,True,True,True
1678036,63779589561061,-13.56725,2.588903,-0.06245416,-0.05685361,0.8943464,0.02557342,-0.4430105,0.006308915,0.002779282,-0.02324944,0.3051147,-0.01933289,0.9521027,0.02925874,0.002199478,-0.02151949,0.02925874,0.002199478,-0.02151949,0.2950897,-0.0002288818,0.9554596,0.2950897,-0.0002288818,0.9554596,5.162888,5.162888,True,True,True
1678044,63779589561061,-13.56725,2.588903,-0.06245416,-0.05685361,0.8943464,0.02557342,-0.4430105,0.006252045,0.002783554,-0.02325922,0.3122864,-0.01586914,0.9498444,0.02927971,0.002201538,-0.0215235,0.02927971,0.002201538,-0.0215235,0.3072662,-0.000869751,0.9516144,0.3072662,-0.000869751,0.9516144,5.232819,5.232819,True,True,True
1678053,63779589561072,-13.56721,2.588879,-0.06249619,-0.05691107,0.8944185,0.02541709,-0.4428663,0.006259888,0.002782395,-0.02325382,0.3128967,-0.01980591,0.9495697,0.02930026,0.002201325,-0.0215188,0.02930026,0.002201325,-0.0215188,0.3109589,-0.006500244,0.9503937,0.3109589,-0.006500244,0.9503937,5.215927,5.215927,True,True,True
1678061,63779589561083,-13.5672,2.588873,-0.06255716,-0.05706454,0.8944845,0.02542191,-0.4427131,0.006570633,0.002773117,-0.02322266,0.3040009,-0.01695251,0.9525146,0.02931812,0.002198761,-0.02150949,0.02931812,0.002198761,-0.02150949,0.2986908,-0.001724243,0.9543457,0.2986908,-0.001724243,0.9543457,5.170639,5.170639,True,True,True
1678069,63779589561094,-13.56726,2.58885,-0.06249595,-0.05714018,0.8945548,0.02548584,-0.4425577,0.006775314,0.002769074,-0.02320999,0.3009186,-0.008712769,0.953598,0.02932761,0.002196106,-0.02150914,0.02932761,0.002196106,-0.02150914,0.293808,0.00440979,0.9558411,0.293808,0.00440979,0.9558411,5.114487,5.114487,True,True,True
1678078,63779589561105,-13.56723,2.588851,-0.06251162,-0.05712948,0.8946568,0.02538791,-0.4423584,0.006989731,0.002761139,-0.02318562,0.2984314,-0.01885986,0.9542389,0.02933345,0.002192932,-0.02150523,0.02933345,0.002192932,-0.02150523,0.291275,-0.002197266,0.9566345,0.291275,-0.002197266,0.9566345,5.104675,5.104675,True,True,True
1678086,63779589561105,-13.56723,2.588851,-0.06251162,-0.05712948,0.8946568,0.02538791,-0.4423584,0.007431565,0.002748108,-0.02315059,0.2985382,-0.02015686,0.9541779,0.0293393,0.002189758,-0.02150131,0.0293393,0.002189758,-0.02150131,0.2887421,-0.003051758,0.9573975,0.2887421,-0.003051758,0.9573975,5.098343,5.098343,True,True,True
1678094,63779589561116,-13.56722,2.588832,-0.0625605,-0.05727872,0.8947775,0.02534949,-0.442097,0.007360504,0.002747055,-0.02314505,0.2979279,-0.02148438,0.9543304,0.02937,0.002185165,-0.02148656,0.02937,0.002185165,-0.02148656,0.2892914,-0.003234863,0.9572296,0.2892914,-0.003234863,0.9572296,5.10939,5.10939,True,True,True
1678103,63779589561127,-13.56725,2.588904,-0.06258476,-0.05732682,0.8948777,0.02537476,-0.4418866,0.006604599,0.002764832,-0.02319144,0.2941284,-0.02416992,0.9554443,0.02938652,0.002182358,-0.02147026,0.02938652,0.002182358,-0.02147026,0.2857513,-0.01037598,0.9582367,0.2857513,-0.01037598,0.9582367,5.083435,5.083435,True,True,True
1678111,63779589561127,-13.56725,2.588904,-0.06258476,-0.05732682,0.8948777,0.02537476,-0.4418866,0.006593506,0.002764405,-0.02319244,0.2926788,-0.01701355,0.9560547,0.02940468,0.002184143,-0.02147521,0.02940468,0.002184143,-0.02147521,0.2864685,0.003463745,0.9580688,0.2864685,0.003463745,0.9580688,5.108948,5.108948,True,True,True
1678119,63779589561139,-13.56723,2.588875,-0.06265837,-0.05733673,0.8950298,0.02527916,-0.4415824,0.006309555,0.002769058,-0.02320866,0.297226,-0.02432251,0.954483,0.02941895,0.002179184,-0.02146167,0.02941895,0.002179184,-0.02146167,0.2899017,-0.01010132,0.9569855,0.2899017,-0.01010132,0.9569855,5.069809,5.069809,True,True,True
1678128,63779589561150,-13.5672,2.588842,-0.06264991,-0.05739859,0.8952236,0.02527305,-0.4411818,0.006453522,0.002767471,-0.02319567,0.2937927,-0.01974487,0.955658,0.02943591,0.00218454,-0.02146773,0.02943591,0.00218454,-0.02146773,0.2903442,0.001525879,0.9569092,0.2903442,0.001525879,0.9569092,5.110474,5.110474,True,True,True
1678136,63779589561161,-13.5672,2.588889,-0.06273168,-0.05730649,0.8954111,0.02521541,-0.4408164,0.006587219,0.002764771,-0.02318358,0.2969666,-0.02423096,0.9545746,0.02945462,0.002184906,-0.02146243,0.02945462,0.002184906,-0.02146243,0.2942505,-0.006072998,0.9557037,0.2942505,-0.006072998,0.9557037,5.149628,5.149628,True,True,True
1678144,63779589561161,-13.5672,2.588889,-0.06273168,-0.05730649,0.8954111,0.02521541,-0.4408164,0.007490799,0.002742768,-0.02311766,0.3008118,-0.02401733,0.9533691,0.02946196,0.002185913,-0.0214653,0.02946196,0.002185913,-0.0214653,0.3006439,-0.006896973,0.9537048,0.3006439,-0.006896973,0.9537048,5.152756,5.152756,True,True,True
1678153,63779589561173,-13.56718,2.588902,-0.06278181,-0.05717145,0.8955691,0.02512162,-0.4405181,0.007540482,0.002740891,-0.0231125,0.2989044,-0.02442932,0.9539642,0.02946932,0.002184906,-0.02146279,0.02946932,0.002184906,-0.02146279,0.2980957,-0.007720947,0.9544983,0.2980957,-0.007720947,0.9544983,5.150467,5.150467,True,True,True
1678161,63779589561183,-13.56718,2.588886,-0.06281859,-0.05698879,0.8957245,0.02508721,-0.4402278,0.007441712,0.002742661,-0.02311989,0.2987518,-0.02449036,0.95401,0.02947473,0.002183747,-0.02146262,0.02947473,0.002183747,-0.02146262,0.2983856,-0.007537842,0.9544067,0.2983856,-0.007537842,0.9544067,5.140457,5.140457,True,True,True
1678169,63779589561195,-13.56716,2.588852,-0.06286436,-0.05696048,0.8958847,0.02505681,-0.4399071,0.007632493,0.002737122,-0.02310547,0.2984009,-0.02432251,0.9541168,0.02948015,0.002182571,-0.02146243,0.02948015,0.002182571,-0.02146243,0.2986603,-0.007369995,0.9543152,0.2986603,-0.007369995,0.9543152,5.130249,5.130249,True,True,True
1678178,63779589561195,-13.56716,2.588852,-0.06286436,-0.05696048,0.8958847,0.02505681,-0.4399071,0.007376908,0.002740265,-0.02311016,0.2899323,-0.02732849,0.9566498,0.02949886,0.002176788,-0.02143787,0.02949886,0.002176788,-0.02143787,0.2858582,-0.01182556,0.9581909,0.2858582,-0.01182556,0.9581909,5.132095,5.132095,True,True,True
1678186,63779589561206,-13.56716,2.588819,-0.06286228,-0.05690456,0.8960517,0.02494199,-0.4395806,0.006396729,0.002776062,-0.02318022,0.2851868,-0.03590393,0.9577942,0.029495,0.002195236,-0.02143161,0.029495,0.002195236,-0.02143161,0.2781525,-0.02511597,0.9602051,0.2781525,-0.02511597,0.9602051,5.052704,5.052704,True,True,True
1678194,63779589561216,-13.56715,2.588767,-0.06290549,-0.05686424,0.8961843,0.02488087,-0.4393191,0.005732895,0.002784256,-0.02323189,0.2874756,-0.02633667,0.9574127,0.02952082,0.002180557,-0.02143218,0.02952082,0.002180557,-0.02143218,0.2820892,-0.008575439,0.9593353,0.2820892,-0.008575439,0.9593353,5.073914,5.073914,True,True,True
1678203,63779589561227,-13.56717,2.588762,-0.06296885,-0.05680346,0.8962671,0.02476613,-0.4391645,0.004994187,0.002804474,-0.02328456,0.2871094,-0.03048706,0.9573975,0.0295331,0.002183258,-0.02142593,0.0295331,0.002183258,-0.02142593,0.2823181,-0.01483154,0.959198,0.2823181,-0.01483154,0.959198,5.042725,5.042725,True,True,True
1678211,63779589561227,-13.56717,2.588762,-0.06296885,-0.05680346,0.8962671,0.02476613,-0.4391645,0.004509262,0.002814545,-0.0233105,0.280899,-0.03353882,0.959137,0.02954132,0.002179611,-0.02140657,0.02954132,0.002179611,-0.02140657,0.2723846,-0.01960754,0.9619751,0.2723846,-0.01960754,0.9619751,5.043503,5.043503,True,True,True
1678219,63779589561239,-13.56714,2.588744,-0.06293094,-0.05674084,0.8963473,0.02466644,-0.4390145,0.00436998,0.002816605,-0.02332245,0.2845459,-0.03538513,0.9579926,0.02954846,0.002176773,-0.02140906,0.02954846,0.002176773,-0.02140906,0.2793579,-0.02249146,0.9599152,0.2793579,-0.02249146,0.9599152,5.093033,5.093033,True,True,True
1678228,63779589561250,-13.56712,2.588754,-0.06292313,-0.05670166,0.8963653,0.02452877,-0.4389904,0.004432084,0.002812607,-0.02331262,0.2765656,-0.02862549,0.960556,0.02956075,0.002172135,-0.02139978,0.02956075,0.002172135,-0.02139978,0.2658386,-0.0103302,0.9639587,0.2658386,-0.0103302,0.9639587,4.953903,4.953903,True,True,True
1678236,63779589561261,-13.56704,2.588725,-0.06293237,-0.05670372,0.8963608,0.02445472,-0.4390036,0.005993485,0.002765549,-0.02317047,0.2677307,-0.03358459,0.9629059,0.02956593,0.002172516,-0.02140003,0.02956593,0.002172516,-0.02140003,0.2700043,-0.009567261,0.9627991,0.2700043,-0.009567261,0.9627991,5.03157,5.03157,True,True,True
1678244,63779589561261,-13.56704,2.588725,-0.06293237,-0.05670372,0.8963608,0.02445472,-0.4390036,0.006835862,0.002742905,-0.02309598,0.2659454,-0.02993774,0.9635162,0.02958441,0.002165375,-0.02137013,0.02958441,0.002165375,-0.02137013,0.260376,-0.01274109,0.9654083,0.260376,-0.01274109,0.9654083,5.079529,5.079529,True,True,True
1678253,63779589561272,-13.56704,2.588694,-0.06291741,-0.05671386,0.896398,0.02432746,-0.4389333,0.008428528,0.002719605,-0.02298108,0.2700958,-0.03865051,0.9620514,0.02958264,0.00219281,-0.0213835,0.02958264,0.00219281,-0.0213835,0.2688293,-0.026474,0.9628143,0.2688293,-0.026474,0.9628143,5.14917,5.14917,True,True,True
1678261,63779589561283,-13.56708,2.58869,-0.06293178,-0.0566916,0.8963991,0.02440411,-0.4389295,0.008775559,0.002686386,-0.02292642,0.258316,-0.0322876,0.9655151,0.0295986,0.002154785,-0.02134213,0.0295986,0.002154785,-0.02134213,0.2536621,-0.0168457,0.9671326,0.2536621,-0.0168457,0.9671326,4.948425,4.948425,True,True,True
1678269,63779589561294,-13.56707,2.588644,-0.06286865,-0.05675718,0.8963688,0.02437316,-0.4389848,0.007975098,0.002702194,-0.02297789,0.2563934,-0.03320313,0.9659882,0.02960657,0.002146835,-0.02132701,0.02960657,0.002146835,-0.02132701,0.2501526,-0.01742554,0.9680328,0.2501526,-0.01742554,0.9680328,4.990387,4.990387,True,True,True
1678278,63779589561294,-13.56707,2.588644,-0.06286865,-0.05675718,0.8963688,0.02446956,-0.4389197,0.007101288,0.002724335,-0.02303896,0.2562561,-0.03430176,0.9659882,0.02961693,0.002143036,-0.0213226,0.02961693,0.002143036,-0.0213226,0.2506409,-0.01608276,0.9679413,0.2506409,-0.01608276,0.9679413,4.982239,4.982239,True,True,True
1678286,63779589561305,-13.56708,2.588642,-0.06283528,-0.05672968,0.8963998,0.02446956,-0.4389197,0.005791184,0.002741867,-0.02313849,0.2515106,-0.02983093,0.9673767,0.0296238,0.002138306,-0.02131142,0.0296238,0.002138306,-0.02131142,0.240509,-0.0138092,0.9705353,0.240509,-0.0138092,0.9705353,4.959946,4.959946,True,True,True
1678294,63779589561316,-13.56704,2.588638,-0.06280643,-0.05676923,0.89636,0.02452156,-0.4389928,0.003960968,0.002784607,-0.02326932,0.2489471,-0.03379822,0.9679108,0.02963066,0.002133576,-0.02130023,0.02963066,0.002133576,-0.02130023,0.2366333,-0.01571655,0.9714661,0.2366333,-0.01571655,0.9714661,4.979233,4.979233,True,True,True
1678303,63779589561327,-13.56702,2.588675,-0.06276137,-0.05673218,0.8963851,0.02442464,-0.4389516,0.00294899,0.002807327,-0.02334294,0.2479858,-0.0332489,0.9681854,0.02963489,0.00212944,-0.02129268,0.02963489,0.00212944,-0.02129268,0.2346649,-0.01335144,0.9719696,0.2346649,-0.01335144,0.9719696,4.959503,4.959503,True,True,True
1678311,63779589561339,-13.56698,2.588656,-0.06281924,-0.05674466,0.8964018,0.02452581,-0.4389105,0.002310761,0.002820618,-0.02338805,0.2470398,-0.03410339,0.968399,0.02963912,0.002125305,-0.02128514,0.02963912,0.002125305,-0.02128514,0.2330627,-0.01470947,0.9723358,0.2330627,-0.01470947,0.9723358,4.979446,4.979446,True,True,True
1678319,63779589561339,-13.56698,2.588656,-0.06281924,-0.05674466,0.8964018,0.02452581,-0.4389105,0.003750519,0.002780335,-0.02327249,0.242691,-0.03466797,0.9694824,0.02964051,0.002125107,-0.02128441,0.02964051,0.002125107,-0.02128441,0.2301178,-0.01620483,0.9730225,0.2301178,-0.01620483,0.9730225,4.956985,4.956985,True,True,True
1678328,63779589561350,-13.56693,2.58866,-0.06291503,-0.05683364,0.8964548,0.02465397,-0.4387836,0.004364335,0.002763886,-0.02322096,0.236557,-0.03561401,0.9709473,0.02964188,0.002125305,-0.02128514,0.02964188,0.002125305,-0.02128514,0.2275696,-0.01725769,0.9736023,0.2275696,-0.01725769,0.9736023,4.976639,4.976639,True,True,True
1678336,63779589561361,-13.56689,2.588729,-0.06290823,-0.05700598,0.8965657,0.0246441,-0.4385349,0.00591565,0.002726807,-0.02310132,0.2355652,-0.03358459,0.9712677,0.02964397,0.002128738,-0.02128449,0.02964397,0.002128738,-0.02128449,0.2278595,-0.01838684,0.9735107,0.2278595,-0.01838684,0.9735107,4.977463,4.977463,True,True,True
1678344,63779589561372,-13.56686,2.588732,-0.06293231,-0.05702821,0.8966287,0.02477934,-0.4383956,0.006839158,0.002700669,-0.02303055,0.2367096,-0.03268433,0.9710236,0.02964607,0.002125305,-0.02128383,0.02964607,0.002125305,-0.02128383,0.2281647,-0.0177002,0.9734497,0.2281647,-0.0177002,0.9734497,4.979065,4.979065,True,True,True
1678353,63779589561372,-13.56686,2.588732,-0.06293231,-0.05702821,0.8966287,0.02477934,-0.4383956,0.007504471,0.002682358,-0.02297858,0.232605,-0.03059387,0.9720764,0.02965087,0.002125244,-0.02128375,0.02965087,0.002125244,-0.02128375,0.2248535,-0.01789856,0.9742126,0.2248535,-0.01789856,0.9742126,4.979172,4.979172,True,True,True
1678361,63779589561383,-13.56682,2.588721,-0.06297171,-0.05708617,0.8967511,0.02492584,-0.4381293,0.00265329,0.002773712,-0.02325089,0.2341614,-0.03796387,0.9714508,0.02964951,0.002064285,-0.02109549,0.02964951,0.002064285,-0.02109549,0.2191772,-0.021698,0.9754333,0.2191772,-0.021698,0.9754333,4.929855,4.929855,True,True,True
1678369,63779589561394,-13.56679,2.588727,-0.06300873,-0.05702971,0.8968543,0.02506759,-0.4379173,0.002686722,0.002873215,-0.02339913,0.2804108,-0.02732849,0.9594879,0.02951109,0.002191437,-0.02135037,0.02951109,0.002191437,-0.02135037,0.2798004,-0.01519775,0.9599304,0.2798004,-0.01519775,0.9599304,5.057816,5.057816,True,True,True
1678378,63779589561394,-13.56679,2.588727,-0.06300873,-0.05702971,0.8968543,0.02506759,-0.4379173,0.003643494,0.002956726,-0.02335611,0.2993622,-0.01875305,0.953949,0.02936418,0.002286804,-0.0213886,0.02936418,0.002286804,-0.0213886,0.2867584,3.051758E-05,0.9579926,0.2867584,3.051758E-05,0.9579926,5.04277,5.04277,True,True,True
1678386,63779589561405,-13.5668,2.588749,-0.06303948,-0.05705327,0.8970118,0.025154,-0.4375865,0.002449783,0.003033768,-0.02346483,0.2993774,-0.005126953,0.9541016,0.02927474,0.002335831,-0.02140451,0.02927474,0.002335831,-0.02140451,0.2769165,0.0135498,0.9607849,0.2769165,0.0135498,0.9607849,5.024017,5.024017,True,True,True
1678394,63779589561416,-13.56672,2.588779,-0.06306279,-0.0570555,0.8971047,0.02523735,-0.4373911,0.001101837,0.003081513,-0.02358377,0.3126678,0.002044678,0.9498596,0.02927727,0.002351822,-0.02142114,0.02927727,0.002351822,-0.02142114,0.2975159,0.01708984,0.9545593,0.2975159,0.01708984,0.9545593,4.988846,4.988846,True,True,True
1678403,63779589561427,-13.56673,2.58874,-0.06290656,-0.05677356,0.8972511,0.02530212,-0.4371236,0.0004608002,0.003090332,-0.0236241,0.3100281,-0.005081177,0.9506989,0.0293069,0.002344589,-0.02140492,0.0293069,0.002344589,-0.02140492,0.2910767,0.009048462,0.9566498,0.2910767,0.009048462,0.9566498,5.063889,5.063889,True,True,True
1678411,63779589561427,-13.56673,2.58874,-0.06290656,-0.05677356,0.8972511,0.02530212,-0.4371236,0.000242096,0.003101441,-0.0236382,0.3053741,-0.006408691,0.9521942,0.0293254,0.002343826,-0.02140499,0.0293254,0.002343826,-0.02140499,0.2929382,0.0105896,0.9560547,0.2929382,0.0105896,0.9560547,5.071548,5.071548,True,True,True
1678419,63779589561439,-13.56668,2.588816,-0.06287009,-0.05668378,0.8973709,0.0252913,-0.4368898,-0.0002661438,0.003115555,-0.02367674,0.3057861,-0.004684448,0.9520721,0.02933354,0.002348267,-0.02141239,0.02933354,0.002348267,-0.02141239,0.2972717,0.01768494,0.9546204,0.2972717,0.01768494,0.9546204,5.079147,5.079147,True,True,True
1678428,63779589561450,-13.56662,2.588837,-0.06283122,-0.05663323,0.8973775,0.0252619,-0.4368846,-0.0006674805,0.003116959,-0.02369985,0.3005371,-0.006988525,0.9537354,0.02934146,0.002340424,-0.02140114,0.02934146,0.002340424,-0.02140114,0.2909698,0.01187134,0.9566498,0.2909698,0.01187134,0.9566498,5.035477,5.035477,True,True,True
1678436,63779589561461,-13.56661,2.588844,-0.0627864,-0.05653341,0.8974767,0.02524324,-0.4366947,-0.000501236,0.003108826,-0.02368645,0.3028412,-0.008712769,0.9529877,0.02935385,0.002335236,-0.02140108,0.02935385,0.002335236,-0.02140108,0.2989502,0.00994873,0.9542084,0.2989502,0.00994873,0.9542084,5.086212,5.086212,True,True,True
1678444,63779589561461,-13.56661,2.588844,-0.0627864,-0.05653341,0.8974767,0.02524324,-0.4366947,0.007550949,0.002894562,-0.02306302,0.2987976,-0.007614136,0.9542694,0.02936649,0.002324707,-0.02139009,0.02936649,0.002324707,-0.02139009,0.295929,0.00541687,0.9551849,0.295929,0.00541687,0.9551849,5.090073,5.090073,True,True,True
1678452,63779589561472,-13.56662,2.588855,-0.06280541,-0.05653951,0.8974918,0.02513073,-0.4366693,0.007315918,0.002897202,-0.02307506,0.2949677,-0.004760742,0.9554901,0.02937589,0.002318207,-0.02138228,0.02937589,0.002318207,-0.02138228,0.286972,0.009567261,0.9578857,0.286972,0.009567261,0.9578857,5.086136,5.086136,True,True,True
1678461,63779589561484,-13.56661,2.588833,-0.06281072,-0.05655899,0.897542,0.02515464,-0.4365623,0.007125229,0.002901962,-0.0230887,0.2981567,-0.003005981,0.9544983,0.02939137,0.002316864,-0.02138208,0.02939137,0.002316864,-0.02138208,0.2892456,0.01344299,0.9571533,0.2892456,0.01344299,0.9571533,5.111801,5.111801,True,True,True
1678469,63779589561494,-13.56657,2.588821,-0.06281817,-0.05660283,0.8975859,0.02514227,-0.4364672,0.00690979,0.002903992,-0.02310454,0.2991791,-0.0004425049,0.9541779,0.02940491,0.002310669,-0.02137978,0.02940491,0.002310669,-0.02137978,0.2902374,0.01747131,0.9567871,0.2902374,0.01747131,0.9567871,5.169281,5.169281,True,True,True
1678477,63779589561494,-13.56657,2.588821,-0.06281817,-0.05660283,0.8975859,0.02514227,-0.4364672,0.006746735,0.002904373,-0.02311606,0.303421,-0.003997803,0.9528351,0.02941561,0.002304077,-0.02137727,0.02941561,0.002304077,-0.02137727,0.2969971,0.01219177,0.9547882,0.2969971,0.01219177,0.9547882,5.086349,5.086349,True,True,True
1678486,63779589561505,-13.56657,2.588805,-0.06276464,-0.05677354,0.8975736,0.02528155,-0.4364621,0.006555573,0.002905457,-0.02312984,0.296936,0.004760742,0.9548798,0.02942865,0.002297211,-0.02137468,0.02942865,0.002297211,-0.02137468,0.2853546,0.02815247,0.9579926,0.2853546,0.02815247,0.9579926,5.097595,5.097595,True,True,True
1678494,63779589561517,-13.56653,2.588824,-0.06278735,-0.05694148,0.8975544,0.02537152,-0.4364746,0.006363358,0.00291005,-0.02314253,0.2984161,-4.577637E-05,0.954422,0.02943303,0.002296311,-0.02137077,0.02943303,0.002296311,-0.02137077,0.2869873,0.02168274,0.9576721,0.2869873,0.02168274,0.9576721,5.09758,5.09758,True,True,True
1678502,63779589561527,-13.56659,2.588812,-0.06273115,-0.05714664,0.8975585,0.02543925,-0.4364352,0.006535584,0.002904663,-0.02312723,0.2995453,-0.002639771,0.954071,0.02943741,0.002295426,-0.02136685,0.02943741,0.002295426,-0.02136685,0.2886353,0.01713562,0.9572754,0.2886353,0.01713562,0.9572754,5.098434,5.098434,True,True,True
1678511,63779589561527,-13.56659,2.588812,-0.06273115,-0.05714664,0.8975585,0.02543925,-0.4364352,0.006466355,0.002906509,-0.0231308,0.2996368,-0.00352478,0.9540405,0.02944209,0.002296036,-0.02136382,0.02944209,0.002296036,-0.02136382,0.2894897,0.01591492,0.9570313,0.2894897,0.01591492,0.9570313,5.10527,5.10527,True,True,True
1678519,63779589561539,-13.56657,2.588781,-0.06272548,-0.0574086,0.8975103,0.02547678,-0.436498,0.006371186,0.002908936,-0.02313655,0.2987976,-0.003143311,0.9542999,0.02944679,0.002296631,-0.0213608,0.02944679,0.002296631,-0.0213608,0.2903595,0.01646423,0.9567566,0.2903595,0.01646423,0.9567566,5.113266,5.113266,True,True,True
1678527,63779589561550,-13.56647,2.588698,-0.06273478,-0.05771821,0.8974907,0.02551484,-0.436495,0.006044419,0.002918305,-0.0231572,0.2978821,-0.002838135,0.9545898,0.02948677,0.002297638,-0.0213501,0.02948677,0.002297638,-0.0213501,0.2910309,0.01763916,0.956543,0.2910309,0.01763916,0.956543,5.194977,5.194977,True,True,True
1678536,63779589561561,-13.56643,2.588676,-0.06278276,-0.0580335,0.8974676,0.02544642,-0.4365049,0.005614167,0.002930664,-0.02318305,0.2908783,-0.005279541,0.9567413,0.02949703,0.002300247,-0.02133743,0.02949703,0.002300247,-0.02133743,0.2786255,0.01367188,0.9602966,0.2786255,0.01367188,0.9602966,5.11821,5.11821,True,True,True
1678544,63779589561561,-13.56643,2.588676,-0.06278276,-0.0580335,0.8974676,0.02544642,-0.4365049,0.00532811,0.002937668,-0.02320375,0.2922974,-0.007339478,0.9562836,0.0295054,0.002300354,-0.02133493,0.0295054,0.002300354,-0.02133493,0.2805481,0.01042175,0.9597778,0.2805481,0.01042175,0.9597778,5.148193,5.148193,True,True,True
1678552,63779589561572,-13.56644,2.588741,-0.062796,-0.05824272,0.8975109,0.02538034,-0.4363918,0.006296479,0.002904968,-0.02311006,0.2786102,-0.004516602,0.9603882,0.02951489,0.00230043,-0.02133432,0.02951489,0.00230043,-0.02133432,0.2756042,0.01745605,0.9611053,0.2756042,0.01745605,0.9611053,5.143723,5.143723,True,True,True
1678561,63779589561583,-13.56641,2.588788,-0.0628764,-0.05814146,0.8975627,0.02529292,-0.4363038,0.007167847,0.002882263,-0.0230358,0.2711487,-0.002426147,0.9625244,0.02952547,0.00229837,-0.02131989,0.02952547,0.00229837,-0.02131989,0.2684784,0.01101685,0.9632111,0.2684784,0.01101685,0.9632111,5.052628,5.052628,True,True,True
1678569,63779589561594,-13.56641,2.588813,-0.06280667,-0.05821374,0.8976414,0.02528113,-0.4361328,0.008124757,0.002858673,-0.0229651,0.272934,-0.0001068115,0.9620209,0.02953807,0.002300278,-0.02132482,0.02953807,0.002300278,-0.02132482,0.2713318,0.01780701,0.9623108,0.2713318,0.01780701,0.9623108,5.091766,5.091766,True,True,True
1678577,63779589561605,-13.56636,2.588852,-0.06280363,-0.05788964,0.8977695,0.02527338,-0.4359127,0.009080124,0.002836014,-0.02289133,0.2775726,-0.005737305,0.9606781,0.02954436,0.002305008,-0.02132575,0.02954436,0.002305008,-0.02132575,0.2779236,0.01004028,0.9605408,0.2779236,0.01004028,0.9605408,5.105942,5.105942,True,True,True
1678586,63779589561605,-13.56636,2.588852,-0.06280363,-0.05788964,0.8977695,0.02527338,-0.4359127,0.009728745,0.002815064,-0.02284351,0.276947,-0.007034302,0.9608459,0.02955214,0.002311325,-0.02132541,0.02955214,0.002311325,-0.02132541,0.2748566,0.006469727,0.9614563,0.2748566,0.006469727,0.9614563,5.07373,5.07373,True,True,True
1678594,63779589561616,-13.56633,2.588866,-0.06283295,-0.05778702,0.8978638,0.02524155,-0.4357341,0.01006874,0.002819992,-0.02280534,0.2681732,-0.005752563,0.9633484,0.02956145,0.002314896,-0.02131551,0.02956145,0.002314896,-0.02131551,0.2650757,0.008590698,0.9641724,0.2650757,0.008590698,0.9641724,5.024033,5.024033,True,True,True
1678602,63779589561628,-13.56632,2.588888,-0.06286788,-0.05772819,0.8979838,0.02517106,-0.4354984,0.009952805,0.002823013,-0.02281912,0.2714844,-0.0005950928,0.9624329,0.02958264,0.00231189,-0.02132147,0.02958264,0.00231189,-0.02132147,0.2704773,0.01467896,0.9626007,0.2704773,0.01467896,0.9626007,5.047409,5.047409,True,True,True
1678611,63779589561628,-13.56632,2.588888,-0.06286788,-0.05772819,0.8979838,0.02517106,-0.4354984,0.00925557,0.002836548,-0.02286594,0.2577362,-0.01051331,0.9661407,0.02959851,0.002322251,-0.02131241,0.02959851,0.002322251,-0.02131241,0.2544708,0.003326416,0.9670715,0.2544708,0.003326416,0.9670715,5.009872,5.009872,True,True,True
1678619,63779589561639,-13.56628,2.588883,-0.06289297,-0.05771302,0.8981081,0.02514888,-0.4352455,0.008361221,0.002852905,-0.02293016,0.2607422,-0.00869751,0.9653625,0.02961254,0.00230809,-0.02130203,0.02961254,0.00230809,-0.02130203,0.2530365,0.008636475,0.9674072,0.2530365,0.008636475,0.9674072,5.032898,5.032898,True,True,True
1678627,63779589561649,-13.56618,2.588884,-0.06294101,-0.05780857,0.8982546,0.02514597,-0.4349306,0.008656159,0.002846298,-0.02290875,0.2754822,-0.01176453,0.9612274,0.02969948,0.002306824,-0.02132187,0.02969948,0.002306824,-0.02132187,0.2894897,0.02371216,0.9568787,0.2894897,0.02371216,0.9568787,5.108688,5.108688,True,True,True
1678636,63779589561661,-13.56613,2.58889,-0.06294709,-0.05785963,0.8983732,0.02510071,-0.4346812,0.009564041,0.002837174,-0.02280994,0.2468567,-0.01713562,0.9688873,0.0296434,0.002330887,-0.02129338,0.0296434,0.002330887,-0.02129338,0.2473907,0.01997375,0.9687042,0.2473907,0.01997375,0.9687042,4.931519,4.931519,True,True,True
1678644,63779589561661,-13.56613,2.58889,-0.06294709,-0.05785963,0.8983732,0.02510071,-0.4346812,-0.02818016,0.003824631,-0.02562149,0.2432404,-0.1138306,0.9632568,0.02976885,0.002454514,-0.0212861,0.02976885,0.002454514,-0.0212861,0,0,0,0,0,0,-1,-1,True,True,True
1678652,63779589561672,-13.5661,2.588868,-0.06300032,-0.05775432,0.8985277,0.02509622,-0.4343763,-0.001,-0.001,-0.001,1,-1,-1,0.0298179,0.002583786,-0.02128716,0.0298179,0.002583786,-0.02128716,0,0,0,0,0,0,-1,-1,False,True,True
1678661,63779589561683,-13.56608,2.588856,-0.06303602,-0.05770671,0.8986737,0.0249397,-0.4340895,-0.001,-0.001,-0.001,1,-1,-1,0.02985117,0.002949021,-0.02235524,0.02985117,0.002949021,-0.02235524,0,0,0,0,0,0,-1,-1,False,True,True
1678669,63779589561694,-13.56606,2.588847,-0.06307429,-0.05772265,0.8988968,0.02484502,-0.4336305,-0.001,-0.001,-0.001,1,-1,-1,0.0309577,0.001674011,-0.02120245,0.0309577,0.001674011,-0.02120245,0,0,0,0,0,0,-1,-1,False,True,True
1678677,63779589561694,-13.56606,2.588847,-0.06307429,-0.05772265,0.8988968,0.02484502,-0.4336305,-0.001,-0.001,-0.001,1,-1,-1,0.0309577,0.001674011,-0.02120245,0.0309577,0.001674011,-0.02120245,0,0,0,0,0,0,-1,-1,False,False,False
1678686,63779589561705,-13.56605,2.588788,-0.06315309,-0.05767821,0.8990839,0.02474755,-0.433254,-0.001,-0.001,-0.001,1,-1,-1,0.03225872,0.0002179413,-0.02142842,0.03225872,0.0002179413,-0.02142842,0,0,0,0,0,0,-1,-1,False,True,True
1678694,63779589561716,-13.56598,2.588799,-0.06325513,-0.05772591,0.8992139,0.02449983,-0.4329918,-0.001,-0.001,-0.001,1,-1,-1,0.035603,-0.0002360993,-0.02388074,0.035603,-0.0002360993,-0.02388074,0,0,0,0,0,0,-1,-1,False,True,True
1678702,63779589561728,-13.56592,2.588757,-0.06332642,-0.05780268,0.8994039,0.02423438,-0.4326016,-0.001,-0.001,-0.001,1,-1,-1,0.03496942,1.937866E-06,-0.02372968,0.03496942,1.937866E-06,-0.02372968,0,0,0,0,0,0,-1,-1,False,True,True
1678711,63779589561728,-13.56592,2.588757,-0.06332642,-0.05780268,0.8994039,0.02423438,-0.4326016,-0.001,-0.001,-0.001,1,-1,-1,0.0352921,0.0002289124,-0.02409703,0.0352921,0.0002289124,-0.02409703,0,0,0,0,0,0,-1,-1,False,True,True
1678719,63779589561738,-13.56584,2.588758,-0.06336433,-0.05786272,0.8996361,0.02405064,-0.4321207,-0.001,-0.001,-0.001,1,-1,-1,0.03629962,0.0001891022,-0.02466289,0.03629962,0.0001891022,-0.02466289,0,0,0,0,0,0,-1,-1,False,True,True
1678727,63779589561749,-13.56582,2.588712,-0.06335986,-0.05785459,0.8998615,0.02395812,-0.4316575,-0.001,-0.001,-0.001,1,-1,-1,0.03176027,0.0007991639,-0.021345,0.03176027,0.0007991639,-0.021345,0,0,0,0,0,0,-1,-1,False,True,True
1678736,63779589561760,-13.56583,2.588758,-0.06340802,-0.05773108,0.9000831,0.02390471,-0.4312147,-0.001,-0.001,-0.001,1,-1,-1,0.0319733,0.001189346,-0.02138001,0.0319733,0.001189346,-0.02138001,0,0,0,0,0,0,-1,-1,False,True,True
1678744,63779589561771,-13.56582,2.588735,-0.06339329,-0.05747965,0.9002905,0.02369824,-0.4308265,-0.001,-0.001,-0.001,1,-1,-1,0.03153976,0.002075607,-0.02097736,0.03153976,0.002075607,-0.02097736,0,0,0,0,0,0,-1,-1,False,True,True
1678752,63779589561771,-13.56582,2.588735,-0.06339329,-0.05747965,0.9002905,0.02369824,-0.4308265,-0.001,-0.001,-0.001,1,-1,-1,0.03124765,0.001471802,-0.02104765,0.03124765,0.001471802,-0.02104765,0,0,0,0,0,0,-1,-1,False,True,True
1678761,63779589561783,-13.5658,2.588713,-0.06343478,-0.05739372,0.9004056,0.02365053,-0.4305998,-0.001,-0.001,-0.001,1,-1,-1,0.03023085,0.001226288,-0.01389992,0.03023085,0.001226288,-0.01389992,0,0,0,0,0,0,-1,-1,False,True,True
1678769,63779589561794,-13.56587,2.588707,-0.06346256,-0.05742582,0.9005061,0.02357697,-0.4303895,-0.001,-0.001,-0.001,1,-1,-1,0.02956732,0.002652191,-0.02023635,0.02956732,0.002652191,-0.02023635,0,0,0,0,0,0,-1,-1,False,True,True
1678777,63779589561805,-13.56584,2.588701,-0.06345326,-0.05749023,0.9005405,0.02347112,-0.4303148,-0.001,-0.001,-0.001,1,-1,-1,0.02982843,0.004044708,-0.02685277,0.02982843,0.004044708,-0.02685277,0,0,0,0,0,0,-1,-1,False,True,True
1678786,63779589561805,-13.56584,2.588701,-0.06345326,-0.05749023,0.9005405,0.02347112,-0.4303148,-0.001,-0.001,-0.001,1,-1,-1,0.02998052,0.003031738,-0.02236186,0.02998052,0.003031738,-0.02236186,0,0,0,0,0,0,-1,-1,False,True,True
1678794,63779589561817,-13.56584,2.588627,-0.06350803,-0.05763993,0.9005955,0.0233676,-0.4301851,-0.001,-0.001,-0.001,1,-1,-1,0.0302227,0.002736252,-0.02038385,0.0302227,0.002736252,-0.02038385,0,0,0,0,0,0,-1,-1,False,True,True
1678802,63779589561828,-13.56581,2.588652,-0.06356823,-0.05775735,0.9006231,0.02342544,-0.4301086,-0.001,-0.001,-0.001,1,-1,-1,0.03004068,0.002722305,-0.02112389,0.03004068,0.002722305,-0.02112389,0,0,0,0,0,0,-1,-1,False,True,True
1678811,63779589561838,-13.56572,2.58862,-0.06358945,-0.05785849,0.9007012,0.0234162,-0.4299318,-0.001,-0.001,-0.001,1,-1,-1,0.02984152,0.002702973,-0.02041797,0.02984152,0.002702973,-0.02041797,0,0,0,0,0,0,-1,-1,False,True,True
1678819,63779589561838,-13.56572,2.58862,-0.06358945,-0.05785849,0.9007012,0.0234162,-0.4299318,-0.001,-0.001,-0.001,1,-1,-1,0.03000417,0.002665512,-0.02146167,0.03000417,0.002665512,-0.02146167,0,0,0,0,0,0,-1,-1,False,True,True
1678827,63779589561850,-13.56571,2.588643,-0.06370705,-0.05783147,0.9007293,0.02338314,-0.4298786,-0.001,-0.001,-0.001,1,-1,-1,0.02996227,0.002732575,-0.02183981,0.02996227,0.002732575,-0.02183981,0,0,0,0,0,0,-1,-1,False,True,True
1678836,63779589561860,-13.56571,2.588641,-0.06370533,-0.05790383,0.9007928,0.02338299,-0.4297356,-0.02804843,0.003996277,-0.02565595,0.2427521,-0.01615906,0.9699402,0.02995136,0.00269458,-0.02184122,0.02995136,0.00269458,-0.02184122,0.2020111,0.01919556,0.979187,0.2020111,0.01919556,0.979187,5.032547,5.032547,True,True,True
1678844,63779589561872,-13.56574,2.588618,-0.06375176,-0.05778816,0.9008141,0.0233649,-0.4297078,-0.02804305,0.003978729,-0.02565729,0.2402496,-0.01138306,0.9706268,0.02996297,0.002622742,-0.02163747,0.02996297,0.002622742,-0.02163747,0.2094727,0.04624939,0.9767151,0.2094727,0.04624939,0.9767151,5.211853,5.211853,True,True,True
1678852,63779589561872,-13.56574,2.588618,-0.06375176,-0.05778816,0.9008141,0.0233649,-0.4297078,-0.02808566,0.003955582,-0.02560613,0.2106628,-0.06816101,0.975174,0.02995587,0.00266951,-0.02189545,0.02995587,0.00266951,-0.02189545,0.2045288,-0.01004028,0.9788055,0.2045288,-0.01004028,0.9788055,4.905304,4.905304,True,True,True
1678861,63779589561883,-13.56574,2.588616,-0.06373835,-0.05770264,0.9008881,0.02344738,-0.4295594,-0.02808463,0.00395929,-0.02564188,0.2224274,-0.03103638,0.9744415,0.02996369,0.002649918,-0.02189139,0.02996369,0.002649918,-0.02189139,0.205246,0.006866455,0.9786835,0.205246,0.006866455,0.9786835,4.893341,4.893341,True,True,True
1678869,63779589561893,-13.56566,2.5887,-0.06374204,-0.05760001,0.9008199,0.02336616,-0.4297207,-0.02807726,0.003942551,-0.02562511,0.2137909,-0.04368591,0.9758911,0.02998291,0.002619125,-0.02177266,0.02998291,0.002619125,-0.02177266,0.2024078,0.01826477,0.979126,0.2024078,0.01826477,0.979126,4.965439,4.965439,True,True,True
1678878,63779589561904,-13.56565,2.588735,-0.06375116,-0.05762321,0.9008704,0.02331477,-0.4296143,-0.0280562,0.003938507,-0.02562517,0.2169952,-0.04434204,0.9751587,0.02998755,0.002580841,-0.02165039,0.02998755,0.002580841,-0.02165039,0.2053223,0.01667786,0.9785461,0.2053223,0.01667786,0.9785461,5.009201,5.009201,True,True,True
1678886,63779589561904,-13.56565,2.588735,-0.06375116,-0.05762321,0.9008704,0.02331477,-0.4296143,-0.02794756,0.003912613,-0.0256205,0.2266235,-0.03930664,0.973175,0.03003534,0.002610062,-0.02177107,0.03003534,0.002610062,-0.02177107,0.2093658,0.006454468,0.9778137,0.2093658,0.006454468,0.9778137,5.035461,5.035461,True,True,True
1678894,63779589561915,-13.56563,2.588731,-0.06380004,-0.0575487,0.9009288,0.02334375,-0.4295005,-0.01980504,0.003720596,-0.02507713,0.2289581,-0.02050781,0.9732056,0.02999901,0.002552506,-0.02164537,0.02999901,0.002552506,-0.02164537,0.1777344,-0.003997803,0.9840546,0.1777344,-0.003997803,0.9840546,4.845963,4.845963,True,True,True
1678903,63779589561926,-13.56556,2.588705,-0.06385911,-0.05753115,0.9009801,0.02325753,-0.4293999,-0.01202737,0.003531327,-0.02455594,0.2088928,-0.01820374,0.9777527,0.03000723,0.002552673,-0.02170941,0.03000723,0.002552673,-0.02170941,0.1766968,0.001266479,0.9842529,0.1766968,0.001266479,0.9842529,4.925781,4.925781,True,True,True
1678911,63779589561937,-13.56552,2.588727,-0.06388199,-0.0575969,0.9010603,0.02311279,-0.4292304,-0.01472578,0.00359491,-0.02470404,0.2073212,-0.0214386,0.9780273,0.02999611,0.002521683,-0.02160323,0.02999611,0.002521683,-0.02160323,0.1787872,0.01264954,0.9837952,0.1787872,0.01264954,0.9837952,4.93129,4.93129,True,True,True
1678919,63779589561937,-13.56552,2.588727,-0.06388199,-0.0575969,0.9010603,0.02311279,-0.4292304,-0.01161873,0.003516434,-0.02451376,0.1940613,-0.02841187,0.9805756,0.03000617,0.002523773,-0.02173767,0.03000617,0.002523773,-0.02173767,0.1672821,0.01197815,0.9858246,0.1672821,0.01197815,0.9858246,4.875076,4.875076,True,True,True
1678928,63779589561949,-13.56549,2.588705,-0.06392324,-0.05756848,0.9011688,0.02302198,-0.4290113,-0.01122519,0.003509094,-0.02451065,0.1911926,-0.02342224,0.9812622,0.03001071,0.002547699,-0.02181783,0.03001071,0.002547699,-0.02181783,0.1625824,0.01742554,0.9865265,0.1625824,0.01742554,0.9865265,4.947327,4.947327,True,True,True
1678936,63779589561960,-13.56551,2.588683,-0.06395376,-0.05753826,0.9012665,0.02291955,-0.4288157,-0.006616669,0.003393326,-0.02418443,0.1902313,-0.01797485,0.9815674,0.03002286,0.002533905,-0.02174687,0.03002286,0.002533905,-0.02174687,0.1684265,0.01893616,0.9855194,0.1684265,0.01893616,0.9855194,5.035004,5.035004,True,True,True
1678944,63779589561971,-13.56547,2.588686,-0.06402993,-0.05764108,0.9014318,0.0227421,-0.4284636,-0.005891281,0.003386154,-0.02418402,0.1860199,-0.01574707,0.9824066,0.03002568,0.002564545,-0.02186403,0.03002568,0.002564545,-0.02186403,0.1619873,0.01118469,0.9867249,0.1619873,0.01118469,0.9867249,4.901657,4.901657,True,True,True
1678953,63779589561971,-13.56547,2.588686,-0.06402993,-0.05764108,0.9014318,0.0227421,-0.4284636,-0.009196183,0.003478974,-0.02439645,0.1802521,-0.02612305,0.9832611,0.03003941,0.0025728,-0.02189559,0.03003941,0.0025728,-0.02189559,0.1621704,0.002319336,0.9867554,0.1621704,0.002319336,0.9867554,4.979584,4.979584,True,True,True
1678961,63779589561982,-13.56534,2.588644,-0.06414127,-0.05750833,0.9016256,0.02272614,-0.4280744,-0.0112462,0.003531799,-0.0245266,0.1815491,-0.03302002,0.9828186,0.0300428,0.002576645,-0.02191477,0.0300428,0.002576645,-0.02191477,0.1580505,0.007705688,0.9873962,0.1580505,0.007705688,0.9873962,5.000885,5.000885,True,True,True
1678969,63779589561993,-13.56525,2.588667,-0.064264,-0.05742873,0.901865,0.02261604,-0.4275861,-0.01606874,0.003640274,-0.02483931,0.1819305,-0.03024292,0.9828339,0.03004619,0.002577866,-0.02193394,0.03004619,0.002577866,-0.02193394,0.156311,0.008636475,0.9876556,0.156311,0.008636475,0.9876556,4.980698,4.980698,True,True,True
1678978,63779589562005,-13.56523,2.588661,-0.06439471,-0.05742683,0.9020833,0.0224338,-0.4271352,-0.0143893,0.003596283,-0.02472568,0.1771851,-0.02786255,0.9837799,0.0300501,0.002575333,-0.02191477,0.0300501,0.002575333,-0.02191477,0.1562195,0.007202148,0.9876862,0.1562195,0.007202148,0.9876862,5.000107,5.000107,True,True,True
1678986,63779589562005,-13.56523,2.588661,-0.06439471,-0.05742683,0.9020833,0.0224338,-0.4271352,-0.01264352,0.003540573,-0.02457639,0.1748047,-0.02279663,0.9843292,0.0300831,0.002520294,-0.02176514,0.0300831,0.002520294,-0.02176514,0.155304,0.01286316,0.9877777,0.155304,0.01286316,0.9877777,4.920166,4.920166,True,True,True
1678994,63779589562015,-13.56519,2.588656,-0.06453872,-0.05721954,0.9023679,0.02229765,-0.4265687,-0.009332703,0.003456451,-0.02434288,0.1715546,-0.02200317,0.9849243,0.03009728,0.002507767,-0.02171503,0.03009728,0.002507767,-0.02171503,0.153717,0.01174927,0.9880371,0.153717,0.01174927,0.9880371,5.032578,5.032578,True,True,True
1679003,63779589562027,-13.56512,2.588693,-0.0646832,-0.05709375,0.9026654,0.02218002,-0.4259617,-0.01274411,0.003528916,-0.02454767,0.1761932,-0.022995,0.9840851,0.0301178,0.002468185,-0.0216321,0.0301178,0.002468185,-0.0216321,0.1620636,0.01771545,0.986618,0.1620636,0.01771545,0.986618,4.988037,4.988037,True,True,True
1679011,63779589562027,-13.56512,2.588693,-0.0646832,-0.05709375,0.9026654,0.02218002,-0.4259617,-0.01860013,0.003680725,-0.02493392,0.1786804,-0.03111267,0.9834137,0.03012259,0.002465302,-0.02160336,0.03012259,0.002465302,-0.02160336,0.1611176,0.01412964,0.9868317,0.1611176,0.01412964,0.9868317,4.996033,4.996033,True,True,True
1679019,63779589562038,-13.56508,2.588724,-0.06487405,-0.05683789,0.9029638,0.02251003,-0.4253458,-0.02182027,0.003762894,-0.02515758,0.1795654,-0.02613831,0.9833832,0.03012737,0.002466904,-0.02159035,0.03012737,0.002466904,-0.02159035,0.1599731,0.012146,0.9870453,0.1599731,0.012146,0.9870453,4.986267,4.986267,True,True,True
1679028,63779589562049,-13.56501,2.588836,-0.06504941,-0.05640762,0.9032535,0.02289727,-0.4247671,-0.02242386,0.003764755,-0.02520042,0.1794434,-0.03193665,0.9832458,0.03013646,0.002473206,-0.02163477,0.03013646,0.002473206,-0.02163477,0.1572723,0.01437378,0.987442,0.1572723,0.01437378,0.987442,4.942764,4.942764,True,True,True
1679036,63779589562060,-13.56495,2.588952,-0.06529468,-0.05624017,0.9036017,0.0234787,-0.4240162,-0.02081221,0.003722,-0.02509119,0.1677856,-0.02314758,0.9855347,0.0301378,0.002481567,-0.02167098,0.0301378,0.002481567,-0.02167098,0.1532898,0.01654053,0.9880371,0.1532898,0.01654053,0.9880371,4.995316,4.995316,True,True,True
1679044,63779589562071,-13.56492,2.589059,-0.06550735,-0.05628457,0.9040281,0.02435728,-0.4230508,-0.01621443,0.003609634,-0.02478012,0.1672668,-0.02290344,0.9856415,0.03014279,0.002479858,-0.02166347,0.03014279,0.002479858,-0.02166347,0.1532135,0.01568604,0.9880676,0.1532135,0.01568604,0.9880676,5.013306,5.013306,True,True,True
1679053,63779589562071,-13.56492,2.589059,-0.06550735,-0.05628457,0.9040281,0.02435728,-0.4230508,-0.007505021,0.003398178,-0.02419653,0.164566,-0.01759338,0.9862061,0.0301478,0.002481567,-0.02167098,0.0301478,0.002481567,-0.02167098,0.1529846,0.01486206,0.9881134,0.1529846,0.01486206,0.9881134,5.017349,5.017349,True,True,True
1679061,63779589562082,-13.56482,2.589225,-0.06581903,-0.05626302,0.904536,0.02525516,-0.4219138,0.001363693,0.003186371,-0.02360562,0.1618347,-0.01055908,0.9867554,0.03015083,0.002486389,-0.02168128,0.03015083,0.002486389,-0.02168128,0.1530609,0.01504517,0.9880981,0.1530609,0.01504517,0.9880981,5.008057,5.008057,True,True,True
1679069,63779589562093,-13.56453,2.589411,-0.0660857,-0.05623429,0.9051906,0.02618413,-0.4204547,0.002840637,0.003152725,-0.02351117,0.1618805,-0.01011658,0.9867554,0.03015389,0.002487686,-0.02169156,0.03015389,0.002487686,-0.02169156,0.1532898,0.0145874,0.9880676,0.1532898,0.0145874,0.9880676,5.016495,5.016495,True,True,True
1679078,63779589562104,-13.56432,2.589659,-0.06643587,-0.05660463,0.9058855,0.02645706,-0.4188883,0.00316449,0.003143662,-0.02349017,0.1616058,-0.00944519,0.9868011,0.03015509,0.002484635,-0.02169336,0.03015509,0.002484635,-0.02169336,0.1533508,0.01521301,0.9880524,0.1533508,0.01521301,0.9880524,5.023285,5.023285,True,True,True
1679086,63779589562104,-13.56432,2.589659,-0.06643587,-0.05660463,0.9058855,0.02645706,-0.4188883,0.003202606,0.003141556,-0.02348628,0.1614227,-0.009170532,0.9868317,0.0301563,0.002481567,-0.02169156,0.0301563,0.002481567,-0.02169156,0.1534271,0.01551819,0.9880219,0.1534271,0.01551819,0.9880219,5.030151,5.030151,True,True,True
1679094,63779589562115,-13.56412,2.590117,-0.06681401,-0.05659477,0.9068063,0.02709297,-0.4168518,0.004739151,0.003104065,-0.0233819,0.1619568,-0.008255005,0.9867554,0.03015807,0.002479858,-0.02168952,0.03015807,0.002479858,-0.02168952,0.1542358,0.01521301,0.9878998,0.1542358,0.01521301,0.9878998,5.03244,5.03244,True,True,True
1679103,63779589562127,-13.56393,2.590576,-0.06716388,-0.05625878,0.9078146,0.02777043,-0.4146523,0.006339966,0.003064774,-0.02327324,0.1620789,-0.007202148,0.9867401,0.03015984,0.002478149,-0.02168746,0.03015984,0.002478149,-0.02168746,0.1544342,0.01487732,0.9878845,0.1544342,0.01487732,0.9878845,5.034729,5.034729,True,True,True
1679111,63779589562138,-13.56369,2.590974,-0.06755346,-0.0554716,0.9089597,0.02828042,-0.412208,0.00391417,0.00305777,-0.02335446,0.1614075,-0.01371765,0.9867859,0.03016301,0.002357041,-0.02154189,0.03016301,0.002357041,-0.02154189,0.1513062,0.006988525,0.9884491,0.1513062,0.006988525,0.9884491,5.036591,5.036591,True,True,True
1679119,63779589562138,-13.56369,2.590974,-0.06755346,-0.0554716,0.9089597,0.02828042,-0.412208,0.001035034,0.003131073,-0.02357485,0.1616364,-0.01400757,0.9867401,0.03015746,0.002351013,-0.02158692,0.03015746,0.002351013,-0.02158692,0.149231,0.01095581,0.988739,0.149231,0.01095581,0.988739,5.033875,5.033875,True,True,True
1679128,63779589562149,-13.56345,2.591281,-0.06794357,-0.05452453,0.9102314,0.02829013,-0.4095186,-8.769226E-05,0.003158981,-0.02367175,0.1621704,-0.01487732,0.9866333,0.03015064,0.002348251,-0.02162918,0.03015064,0.002348251,-0.02162918,0.1492157,0.01106262,0.988739,0.1492157,0.01106262,0.988739,5.090897,5.090897,True,True,True
1679136,63779589562160,-13.56316,2.591515,-0.06827098,-0.05365928,0.9115202,0.02805601,-0.4067732,-0.001402512,0.003187866,-0.02375211,0.1632538,-0.01837158,0.9864044,0.03014656,0.002336136,-0.02161043,0.03014656,0.002336136,-0.02161043,0.1501923,0.005813599,0.9886322,0.1501923,0.005813599,0.9886322,5.104492,5.104492,True,True,True
1679144,63779589562171,-13.56293,2.591739,-0.06852973,-0.05254124,0.9129438,0.02720938,-0.4037731,-0.003780274,0.003207855,-0.02388066,0.1679688,-0.02693176,0.9854126,0.03012747,0.002303238,-0.02154167,0.03012747,0.002303238,-0.02154167,0.1565704,0.00239563,0.9876556,0.1565704,0.00239563,0.9876556,5.139359,5.139359,True,True,True
1679153,63779589562171,-13.56293,2.591739,-0.06852973,-0.05254124,0.9129438,0.02720938,-0.4037731,-0.005786301,0.003252091,-0.0240082,0.1638489,-0.02728271,0.9860992,0.03011444,0.002299683,-0.02150638,0.03011444,0.002299683,-0.02150638,0.1452026,0.0007476807,0.9893951,0.1452026,0.0007476807,0.9893951,5.002243,5.002243,True,True,True
1679161,63779589562182,-13.56274,2.592013,-0.06888616,-0.05146648,0.9142356,0.02622315,-0.4010445,-0.007511749,0.003288681,-0.02411821,0.168808,-0.02905273,0.9852142,0.03009805,0.002304459,-0.02147653,0.03009805,0.002304459,-0.02147653,0.1522217,0.005142212,0.988327,0.1522217,0.005142212,0.988327,5.095596,5.095596,True,True,True
1679169,63779589562193,-13.56247,2.592134,-0.06902719,-0.05023507,0.9155141,0.02627064,-0.3982715,-0.008958924,0.00329979,-0.02421083,0.1722107,-0.02711487,0.9846802,0.03008321,0.002283447,-0.02143608,0.03008321,0.002283447,-0.02143608,0.1587067,-0.0009307861,0.9873199,0.1587067,-0.0009307861,0.9873199,5.128937,5.128937,True,True,True
1679178,63779589562204,-13.56222,2.59209,-0.06920201,-0.05001149,0.9165576,0.02543431,-0.3959472,-0.007635315,0.003250611,-0.0241194,0.1743622,-0.02484131,0.9843597,0.03005876,0.002272614,-0.02143715,0.03005876,0.002272614,-0.02143715,0.1543121,0.01039124,0.9879608,0.1543121,0.01039124,0.9879608,5.117447,5.117447,True,True,True
1679186,63779589562204,-13.56222,2.59209,-0.06920201,-0.05001149,0.9165576,0.02543431,-0.3959472,-0.006192551,0.003183075,-0.02401972,0.1799927,-0.01795959,0.98349,0.03003545,0.00227301,-0.02141431,0.03003545,0.00227301,-0.02141431,0.1522675,0.0025177,0.988327,0.1522675,0.0025177,0.988327,5.086884,5.086884,True,True,True
1679194,63779589562216,-13.56199,2.591996,-0.06929994,-0.05032857,0.9174871,0.02424591,-0.393823,-0.005715607,0.003185715,-0.02402153,0.1868134,-0.02081299,0.9821625,0.03001972,0.002325912,-0.02153305,0.03001972,0.002325912,-0.02153305,0.1669769,0.009002686,0.9859161,0.1669769,0.009002686,0.9859161,5.172119,5.172119,True,True,True
1679203,63779589562227,-13.56173,2.591963,-0.0693782,-0.05075941,0.9183204,0.02385852,-0.3918443,-0.004065766,0.003149292,-0.02390976,0.1833801,-0.01838684,0.9828644,0.03001602,0.002333313,-0.02153841,0.03001602,0.002333313,-0.02153841,0.1595154,0.006835938,0.9871674,0.1595154,0.006835938,0.9871674,5.154495,5.154495,True,True,True
1679211,63779589562238,-13.56158,2.592003,-0.06942588,-0.05135476,0.9190307,0.02393371,-0.390093,-0.001410156,0.00308725,-0.02372299,0.1791229,-0.01878357,0.9836426,0.03001233,0.002337402,-0.02153677,0.03001233,0.002337402,-0.02153677,0.1567535,0.005661011,0.9876099,0.1567535,0.005661011,0.9876099,5.138992,5.138992,True,True,True
1679219,63779589562238,-13.56158,2.592003,-0.06942588,-0.05135476,0.9190307,0.02393371,-0.390093,0.0001687775,0.003047577,-0.02361288,0.1799469,-0.01716614,0.9835205,0.03000827,0.00233374,-0.02153691,0.03000827,0.00233374,-0.02153691,0.1596832,0.006576538,0.9871368,0.1596832,0.006576538,0.9871368,5.143463,5.143463,True,True,True
1679228,63779589562249,-13.56143,2.591938,-0.06942922,-0.05165292,0.9197308,0.0240341,-0.3883936,-6.008911E-05,0.003051392,-0.02362869,0.1790009,-0.01675415,0.9837036,0.03000571,0.002330093,-0.02153677,0.03000571,0.002330093,-0.02153677,0.1595764,0.007705688,0.9871521,0.1595764,0.007705688,0.9871521,5.140549,5.140549,True,True,True
1679236,63779589562260,-13.56132,2.591857,-0.06948173,-0.05180286,0.9203814,0.02394332,-0.3868349,-0.0009954682,0.003073105,-0.02369391,0.1811218,-0.01696777,0.9833069,0.03000565,0.002328003,-0.02153491,0.03000565,0.002328003,-0.02153491,0.1612701,0.008026123,0.9868622,0.1612701,0.008026123,0.9868622,5.144409,5.144409,True,True,True
1679244,63779589562271,-13.56122,2.591807,-0.06948835,-0.05185469,0.9208661,0.02421843,-0.3856558,-0.0009736634,0.003071854,-0.02369252,0.1810455,-0.01651001,0.9833221,0.03000571,0.002325912,-0.02153305,0.03000571,0.002325912,-0.02153305,0.1595917,0.008132935,0.9871368,0.1595917,0.008132935,0.9871368,5.140854,5.140854,True,True,True
1679253,63779589562271,-13.56122,2.591807,-0.06948835,-0.05185469,0.9208661,0.02421843,-0.3856558,0.001661087,0.003004807,-0.02349921,0.1804962,-0.01495361,0.9834595,0.03000643,0.002318802,-0.02151593,0.03000643,0.002318802,-0.02151593,0.1604156,0.007034302,0.9870148,0.1604156,0.007034302,0.9870148,5.132782,5.132782,True,True,True
1679261,63779589562283,-13.56113,2.591767,-0.06952929,-0.05156134,0.9213716,0.0246486,-0.3844583,0.003933991,0.002945908,-0.02333214,0.1794128,-0.01316833,0.9836731,0.03000714,0.002311707,-0.02150279,0.03000714,0.002311707,-0.02150279,0.1599274,0.007171631,0.9870911,0.1599274,0.007171631,0.9870911,5.125305,5.125305,True,True,True
1679269,63779589562293,-13.561,2.591851,-0.06956106,-0.05135839,0.9217912,0.02520462,-0.3834423,0.005967865,0.002893677,-0.02318825,0.176651,-0.01116943,0.9842072,0.03000856,0.002306946,-0.02150081,0.03000856,0.002306946,-0.02150081,0.1586761,0.007888794,0.9872894,0.1586761,0.007888794,0.9872894,5.133331,5.133331,True,True,True
1679278,63779589562305,-13.56089,2.591864,-0.06957918,-0.05132364,0.9222702,0.0258027,-0.3822534,0.005487518,0.00290268,-0.0232208,0.1780396,-0.01115417,0.9839478,0.03000998,0.002302201,-0.02149881,0.03000998,0.002302201,-0.02149881,0.1594086,0.008560181,0.9871674,0.1594086,0.008560181,0.9871674,5.142273,5.142273,True,True,True
1679286,63779589562305,-13.56089,2.591864,-0.06957918,-0.05132364,0.9222702,0.0258027,-0.3822534,0.005263413,0.002907318,-0.02323514,0.1772766,-0.01148987,0.9840851,0.03001115,0.00230069,-0.02149635,0.03001115,0.00230069,-0.02149635,0.1587524,0.008743286,0.9872742,0.1587524,0.008743286,0.9872742,5.145966,5.145966,True,True,True
1679294,63779589562316,-13.56068,2.591914,-0.06960416,-0.05150866,0.9226837,0.02603902,-0.3812137,0.005246765,0.002906876,-0.02323494,0.1763763,-0.01133728,0.9842529,0.03001233,0.002299194,-0.02149388,0.03001233,0.002299194,-0.02149388,0.1581116,0.008728027,0.9873657,0.1581116,0.008728027,0.9873657,5.149445,5.149445,True,True,True
1679303,63779589562327,-13.56054,2.59188,-0.06959552,-0.05183974,0.9230301,0.02595287,-0.3803349,0.005396805,0.002902359,-0.02322362,0.1758728,-0.01173401,0.9843292,0.03001233,0.002297729,-0.02149257,0.03001233,0.002297729,-0.02149257,0.1575928,0.007781982,0.9874573,0.1575928,0.007781982,0.9874573,5.155136,5.155136,True,True,True
1679311,63779589562327,-13.56054,2.59188,-0.06959552,-0.05183974,0.9230301,0.02595287,-0.3803349,0.005830155,0.002890869,-0.02319235,0.1751556,-0.01193237,0.9844666,0.03001233,0.002296265,-0.02149126,0.03001233,0.002296265,-0.02149126,0.157074,0.006774902,0.9875488,0.157074,0.006774902,0.9875488,5.1604,5.1604,True,True,True
1679319,63779589562338,-13.56042,2.591935,-0.06967527,-0.05202614,0.9233508,0.0256734,-0.379549,0.006400971,0.002876633,-0.02315085,0.1741638,-0.0123291,0.9846344,0.03001233,0.002295899,-0.02148952,0.03001233,0.002295899,-0.02148952,0.1561279,0.005279541,0.9877167,0.1561279,0.005279541,0.9877167,5.149384,5.149384,True,True,True
1679328,63779589562349,-13.56027,2.591965,-0.06976098,-0.05190211,0.923709,0.02580621,-0.3786846,0.006853455,0.002856369,-0.02311919,0.1727753,-0.01164246,0.9848785,0.03001703,0.002280136,-0.02148952,0.03001703,0.002280136,-0.02148952,0.1574249,0.006134033,0.9875031,0.1574249,0.006134033,0.9875031,5.150024,5.150024,True,True,True
1679336,63779589562360,-13.56012,2.591966,-0.0698204,-0.05164965,0.9242102,0.02563851,-0.3775058,0.006498215,0.002840546,-0.02312242,0.1700439,-0.01443481,0.985321,0.03008566,0.002235947,-0.02144879,0.03008566,0.002235947,-0.02144879,0.1523895,0.001922607,0.9883118,0.1523895,0.001922607,0.9883118,5.070236,5.070236,True,True,True
1679344,63779589562371,-13.55999,2.591988,-0.06989205,-0.0517374,0.9246364,0.02518025,-0.3764793,0.005494461,0.002866699,-0.0231908,0.1740875,-0.01808167,0.9845581,0.03009753,0.002236267,-0.02144431,0.03009753,0.002236267,-0.02144431,0.1593933,-0.003433228,0.9871979,0.1593933,-0.003433228,0.9871979,5.150421,5.150421,True,True,True
1679353,63779589562371,-13.55999,2.591988,-0.06989205,-0.0517374,0.9246364,0.02518025,-0.3764793,0.00490419,0.002884949,-0.02323551,0.1738892,-0.01843262,0.9845886,0.0301017,0.002240235,-0.02145078,0.0301017,0.002240235,-0.02145078,0.1577606,-0.002960205,0.9874573,0.1577606,-0.002960205,0.9874573,5.145767,5.145767,True,True,True
1679361,63779589562382,-13.55983,2.592016,-0.06995976,-0.05161716,0.925109,0.02473299,-0.3753629,0.004481125,0.002897598,-0.02326152,0.1738434,-0.01858521,0.9845886,0.03010588,0.002240677,-0.02144431,0.03010588,0.002240677,-0.02144431,0.1562347,-0.002243042,0.9877014,0.1562347,-0.002243042,0.9877014,5.150421,5.150421,True,True,True
1679369,63779589562393,-13.55967,2.592045,-0.06993085,-0.05155432,0.9255939,0.02445611,-0.3741926,0.004490403,0.002899536,-0.02326244,0.1739044,-0.01805115,0.9845886,0.03011173,0.00223848,-0.02144759,0.03011173,0.00223848,-0.02144759,0.1576538,-0.0001678467,0.9874878,0.1576538,-0.0001678467,0.9874878,5.185272,5.185272,True,True,True
1679377,63779589562404,-13.55953,2.59205,-0.07002825,-0.05146399,0.9261581,0.02411835,-0.3728284,0.005065033,0.002893097,-0.02321799,0.1745758,-0.02050781,0.9844208,0.03011757,0.002236267,-0.02145085,0.03011757,0.002236267,-0.02145085,0.1590424,-0.0001373291,0.9872589,0.1590424,-0.0001373291,0.9872589,5.213333,5.213333,True,True,True
1679386,63779589562404,-13.55953,2.59205,-0.07002825,-0.05146399,0.9261581,0.02411835,-0.3728284,0.005825119,0.002873902,-0.02316229,0.171463,-0.02081299,0.9849548,0.0301209,0.002235535,-0.02144759,0.0301209,0.002235535,-0.02144759,0.157196,-0.001495361,0.9875641,0.157196,-0.001495361,0.9875641,5.215134,5.215134,True,True,True
1679394,63779589562416,-13.55934,2.591985,-0.07013661,-0.0514317,0.9267038,0.02352166,-0.3715126,0.006822418,0.002847397,-0.02308945,0.166687,-0.02102661,0.9857788,0.03012421,0.002234787,-0.02144431,0.03012421,0.002234787,-0.02144431,0.1553192,-0.002868652,0.987854,0.1553192,-0.002868652,0.987854,5.211578,5.211578,True,True,True
1679402,63779589562427,-13.5592,2.591977,-0.07026458,-0.0513888,0.9273535,0.02300133,-0.3699265,0.007267105,0.0028331,-0.02305669,0.1654816,-0.02319336,0.9859314,0.03012729,0.002230362,-0.02144183,0.03012729,0.002230362,-0.02144183,0.1536713,-0.006973267,0.9880829,0.1536713,-0.006973267,0.9880829,5.211655,5.211655,True,True,True
1679411,63779589562427,-13.5592,2.591977,-0.07026458,-0.0513888,0.9273535,0.02300133,-0.3699265,0.008546525,0.002796677,-0.02296445,0.1621704,-0.02371216,0.9864655,0.03013036,0.002225922,-0.02143935,0.03013036,0.002225922,-0.02143935,0.1520081,-0.009078979,0.988327,0.1520081,-0.009078979,0.988327,5.209106,5.209106,True,True,True
1679419,63779589562438,-13.55905,2.592051,-0.07045162,-0.05107388,0.92792,0.0229398,-0.3685508,0.008429367,0.002793976,-0.02297283,0.1613312,-0.02145386,0.9866638,0.03013529,0.002216492,-0.02143924,0.03013529,0.002216492,-0.02143924,0.1508942,-0.005325317,0.9885254,0.1508942,-0.005325317,0.9885254,5.213104,5.213104,True,True,True
1679427,63779589562449,-13.55891,2.592244,-0.07079762,-0.05061286,0.9285117,0.02319738,-0.3671052,0.008179795,0.002794876,-0.02299049,0.1609039,-0.02055359,0.9867554,0.03014023,0.002207062,-0.02143913,0.03014023,0.002207062,-0.02143913,0.1497498,-0.004089355,0.9887085,0.1497498,-0.004089355,0.9887085,5.211655,5.211655,True,True,True
1679436,63779589562460,-13.55883,2.592423,-0.07105935,-0.05011012,0.9291042,0.02359063,-0.3656472,0.007944886,0.002801728,-0.02300646,0.1603851,-0.02133179,0.9868164,0.03014391,0.002207871,-0.02143924,0.03014391,0.002207871,-0.02143924,0.1494904,-0.004898071,0.988739,0.1494904,-0.004898071,0.988739,5.210541,5.210541,True,True,True
1679444,63779589562471,-13.55874,2.592649,-0.07141072,-0.04965521,0.9297294,0.02429782,-0.3640703,0.007724457,0.002815262,-0.02302092,0.15979,-0.02374268,0.9868622,0.0301476,0.002207062,-0.02143913,0.0301476,0.002207062,-0.02143913,0.149231,-0.005172729,0.9887848,0.149231,-0.005172729,0.9887848,5.209427,5.209427,True,True,True
1679452,63779589562471,-13.55874,2.592649,-0.07141072,-0.04965521,0.9297294,0.02429782,-0.3640703,0.007786118,0.002812927,-0.02301505,0.1584167,-0.02342224,0.9870911,0.03015013,0.002205826,-0.02143692,0.03015013,0.002205826,-0.02143692,0.1488953,-0.005447388,0.9888306,0.1488953,-0.005447388,0.9888306,5.210281,5.210281,True,True,True
1679461,63779589562483,-13.55864,2.592745,-0.07172018,-0.04939798,0.9303696,0.02470057,-0.3624392,0.007070145,0.002806458,-0.02301398,0.1549377,-0.02813721,0.9875183,0.03018279,0.002170013,-0.02137203,0.03018279,0.002170013,-0.02137203,0.1427155,-0.009902954,0.9897003,0.1427155,-0.009902954,0.9897003,5.137802,5.137802,True,True,True
1679469,63779589562493,-13.55852,2.592844,-0.07195252,-0.04911389,0.931056,0.02464865,-0.3607147,0.006183045,0.002824005,-0.02307628,0.1526337,-0.02664185,0.987915,0.03018376,0.002164871,-0.02137001,0.03018376,0.002164871,-0.02137001,0.1376648,-0.004348755,0.9904633,0.1376648,-0.004348755,0.9904633,5.157776,5.157776,True,True,True
1679477,63779589562504,-13.55836,2.592921,-0.07220733,-0.04904784,0.9317188,0.02462896,-0.3590094,0.006064606,0.002828461,-0.02309195,0.154068,-0.03211975,0.9875336,0.03018341,0.002165924,-0.02138556,0.03018341,0.002165924,-0.02138556,0.1430359,-0.01268005,0.989624,0.1430359,-0.01268005,0.989624,5.164581,5.164581,True,True,True
1679486,63779589562504,-13.55836,2.592921,-0.07220733,-0.04904784,0.9317188,0.02462896,-0.3590094,0.00646782,0.002817505,-0.02307228,0.1514282,-0.03283691,0.987915,0.03018306,0.002166992,-0.02140111,0.03018306,0.002166992,-0.02140111,0.1382141,-0.01486206,0.9902802,0.1382141,-0.01486206,0.9902802,5.167297,5.167297,True,True,True
1679494,63779589562516,-13.55814,2.593016,-0.07239294,-0.04884324,0.9324335,0.0243038,-0.3571994,0.0070327,0.002800949,-0.02304134,0.1503601,-0.03106689,0.9881287,0.0301832,0.002165924,-0.02141609,0.0301832,0.002165924,-0.02141609,0.1382904,-0.01550293,0.9902649,0.1382904,-0.01550293,0.9902649,5.169769,5.169769,True,True,True
1679502,63779589562527,-13.55799,2.593082,-0.07258064,-0.04860593,0.9331699,0.02385227,-0.3553344,0.006966294,0.002802994,-0.0230549,0.149765,-0.03349304,0.9881439,0.03018306,0.002166992,-0.02143109,0.03018306,0.002166992,-0.02143109,0.1382294,-0.01683044,0.9902496,0.1382294,-0.01683044,0.9902496,5.165192,5.165192,True,True,True
1679511,63779589562527,-13.55799,2.593082,-0.07258064,-0.04860593,0.9331699,0.02385227,-0.3553344,0.006493241,0.002817642,-0.02308986,0.1496735,-0.03123474,0.9882355,0.03018247,0.002169113,-0.02143526,0.03018247,0.002169113,-0.02143526,0.1380463,-0.01506042,0.9902954,0.1380463,-0.01506042,0.9902954,5.169464,5.169464,True,True,True
1679519,63779589562538,-13.55778,2.593143,-0.07276869,-0.04835926,0.9339927,0.02332332,-0.353235,0.005701752,0.002840988,-0.02314694,0.1504822,-0.03230286,0.9880676,0.03018189,0.002171234,-0.02143944,0.03018189,0.002171234,-0.02143944,0.1379395,-0.01730347,0.9902802,0.1379395,-0.01730347,0.9902802,5.171204,5.171204,True,True,True
1679527,63779589562549,-13.55749,2.593216,-0.07292128,-0.0480289,0.9347454,0.02297598,-0.3513068,0.00306662,0.002930527,-0.02337589,0.151825,-0.03575134,0.9877472,0.0301796,0.002202881,-0.0215244,0.0301796,0.002202881,-0.0215244,0.1386414,-0.02122498,0.9901123,0.1386414,-0.02122498,0.9901123,5.17337,5.17337,True,True,True
1679536,63779589562560,-13.55723,2.593276,-0.0731045,-0.0474739,0.9355284,0.02281198,-0.3493029,-0.003030274,0.00310849,-0.02382857,0.1537933,-0.04083252,0.9872437,0.03018143,0.002234512,-0.02160938,0.03018143,0.002234512,-0.02160938,0.1374207,-0.02362061,0.9902191,0.1374207,-0.02362061,0.9902191,5.161606,5.161606,True,True,True
1679544,63779589562560,-13.55723,2.593276,-0.0731045,-0.0474739,0.9355284,0.02281198,-0.3493029,-0.009511902,0.003280365,-0.02426277,0.157196,-0.04367065,0.9865875,0.03018166,0.002237808,-0.02161395,0.03018166,0.002237808,-0.02161395,0.1374512,-0.02386475,0.9902191,0.1374512,-0.02386475,0.9902191,5.163666,5.163666,True,True,True
1679552,63779589562571,-13.55698,2.593405,-0.07327926,-0.04692007,0.9362905,0.02275355,-0.347334,-0.01307323,0.003375046,-0.02450124,0.1591797,-0.04637146,0.986145,0.03018189,0.002241104,-0.02161855,0.03018189,0.002241104,-0.02161855,0.1374817,-0.02409363,0.9902039,0.1374817,-0.02409363,0.9902039,5.16597,5.16597,True,True,True
1679561,63779589562582,-13.55678,2.593575,-0.07346386,-0.04628716,0.9371052,0.02272651,-0.3452171,-0.01395178,0.003397995,-0.02455922,0.1599426,-0.048172,0.9859467,0.03018247,0.002241776,-0.02161888,0.03018247,0.002241776,-0.02161888,0.137558,-0.02458191,0.9901733,0.137558,-0.02458191,0.9901733,5.163315,5.163315,True,True,True
1679569,63779589562594,-13.55654,2.593706,-0.0736624,-0.04533752,0.9378595,0.02300782,-0.3432707,-0.01312526,0.003376282,-0.0245036,0.1598511,-0.0488739,0.9859161,0.03018306,0.002242432,-0.02161922,0.03018306,0.002242432,-0.02161922,0.1376648,-0.02436829,0.9901733,0.1376648,-0.02436829,0.9901733,5.165894,5.165894,True,True,True
1679577,63779589562594,-13.55654,2.593706,-0.0736624,-0.04533752,0.9378595,0.02300782,-0.3432707,-0.01102757,0.003321076,-0.0243635,0.1581268,-0.04797363,0.9862366,0.0301832,0.002243347,-0.02162235,0.0301832,0.002243347,-0.02162235,0.1374817,-0.02476501,0.9901886,0.1374817,-0.02476501,0.9901886,5.16394,5.16394,True,True,True
1679586,63779589562605,-13.55634,2.593841,-0.07375532,-0.04442562,0.9386705,0.02331116,-0.3411462,-0.006920319,0.003213486,-0.02409023,0.1554108,-0.0459137,0.9867706,0.03018335,0.002244263,-0.02162546,0.03018335,0.002244263,-0.02162546,0.1373291,-0.02507019,0.9902039,0.1373291,-0.02507019,0.9902039,5.165192,5.165192,True,True,True
1679594,63779589562615,-13.55604,2.59397,-0.07390285,-0.043606,0.9393402,0.02351718,-0.3393896,-0.0008033905,0.003056748,-0.02368373,0.1521301,-0.04376221,0.987381,0.03018335,0.002250809,-0.02162715,0.03018335,0.002250809,-0.02162715,0.1373138,-0.02764893,0.9901276,0.1373138,-0.02764893,0.9901276,5.163803,5.163803,True,True,True
1679602,63779589562627,-13.55577,2.594043,-0.07400846,-0.04285316,0.9399858,0.02369758,-0.3376814,0.006135819,0.00286319,-0.0232179,0.1461945,-0.04708862,0.9881287,0.03018547,0.002261673,-0.02164821,0.03018547,0.002261673,-0.02164821,0.1378326,-0.02915955,0.9900208,0.1378326,-0.02915955,0.9900208,5.162231,5.162231,True,True,True
1679611,63779589562638,-13.55555,2.59403,-0.07415938,-0.04245921,0.9406092,0.0238033,-0.3359838,0.008243699,0.002818222,-0.02310352,0.1443176,-0.0443573,0.9885254,0.03018656,0.002276123,-0.02169295,0.03018656,0.002276123,-0.02169295,0.1373749,-0.0309906,0.9900208,0.1373749,-0.0309906,0.9900208,5.159348,5.159348,True,True,True
1679619,63779589562638,-13.55555,2.59403,-0.07415938,-0.04245921,0.9406092,0.0238033,-0.3359838,0.002566986,0.00297403,-0.02354649,0.1493988,-0.05111694,0.987442,0.03018704,0.00235054,-0.02182834,0.03018704,0.00235054,-0.02182834,0.1360016,-0.0436554,0.9897308,0.1360016,-0.0436554,0.9897308,5.145096,5.145096,True,True,True
1679627,63779589562649,-13.55527,2.594027,-0.07422596,-0.04209556,0.9411877,0.02381375,-0.3344047,-0.006070252,0.003165253,-0.02409827,0.1535339,-0.05290222,0.9867096,0.0301882,0.002353424,-0.02187154,0.0301882,0.002353424,-0.02187154,0.1347351,-0.04145813,0.9900055,0.1347351,-0.04145813,0.9900055,5.144196,5.144196,True,True,True
1679636,63779589562660,-13.55506,2.594035,-0.07437325,-0.04207818,0.9416978,0.02376383,-0.3329714,-0.01298875,0.003318192,-0.02452448,0.1565552,-0.05366516,0.9862061,0.0301906,0.002357376,-0.02187471,0.0301906,0.002357376,-0.02187471,0.1341705,-0.04368591,0.9899902,0.1341705,-0.04368591,0.9899902,5.14241,5.14241,True,True,True
1679644,63779589562660,-13.55506,2.594035,-0.07437325,-0.04207818,0.9416978,0.02376383,-0.3329714,-0.01936923,0.003440064,-0.02485172,0.1650696,-0.06439209,0.9841614,0.0301622,0.002121781,-0.02131552,0.0301622,0.002121781,-0.02131552,0.134201,-0.03161621,0.990448,0.134201,-0.03161621,0.990448,5.146179,5.146179,True,True,True
1679652,63779589562672,-13.55485,2.594061,-0.07450294,-0.04205904,0.9421552,0.0239174,-0.3316663,-0.02097997,0.003451279,-0.02505277,0.1830139,-0.05247498,0.9817047,0.03001343,0.002266068,-0.0218055,0.03001343,0.002266068,-0.0218055,0.1510773,-0.05413818,0.98703,0.1510773,-0.05413818,0.98703,5.14772,5.14772,True,True,True
1679661,63779589562683,-13.55469,2.594085,-0.07463557,-0.04238982,0.9426637,0.02418285,-0.3301568,-0.02127045,0.003469986,-0.02506653,0.2062683,-0.06216431,0.9765167,0.02989435,0.002172318,-0.02158818,0.02989435,0.002172318,-0.02158818,0.1774902,-0.04145813,0.9832458,0.1774902,-0.04145813,0.9832458,5.186951,5.186951,True,True,True
1679669,63779589562693,-13.55451,2.594073,-0.07471728,-0.04266642,0.9432142,0.02451016,-0.3285205,-0.02489465,0.00355748,-0.02532077,0.2342224,-0.06419373,0.970047,0.02975762,0.002070679,-0.02131986,0.02975762,0.002070679,-0.02131986,0.1971741,-0.04518127,0.9793243,0.1971741,-0.04518127,0.9793243,5.121185,5.121185,True,True,True
1679677,63779589562704,-13.55437,2.594086,-0.07488477,-0.04292404,0.9437413,0.02466363,-0.3269581,-0.02528717,0.003579331,-0.02536511,0.2399597,-0.06648254,0.9684906,0.02966661,0.002095535,-0.02152756,0.02966661,0.002095535,-0.02152756,0.2089996,-0.03813171,0.9771576,0.2089996,-0.03813171,0.9771576,5.102509,5.102509,True,True,True
1679686,63779589562704,-13.55437,2.594086,-0.07488477,-0.04292404,0.9437413,0.02466363,-0.3269581,-0.0257829,0.003601837,-0.0254135,0.2532349,-0.06352234,0.9653015,0.02965869,0.002108887,-0.0215428,0.02965869,0.002108887,-0.0215428,0.2111664,-0.03477478,0.9768219,0.2111664,-0.03477478,0.9768219,5.073654,5.073654,True,True,True
1679694,63779589562715,-13.55425,2.594134,-0.0751189,-0.04294335,0.944342,0.02524491,-0.3251721,-0.02536627,0.00358635,-0.02538895,0.2520142,-0.05889893,0.9659119,0.02967276,0.002114807,-0.02159882,0.02967276,0.002114807,-0.02159882,0.1935577,-0.04251099,0.9801636,0.1935577,-0.04251099,0.9801636,4.965973,4.965973,True,True,True
1679702,63779589562727,-13.55401,2.594114,-0.07524067,-0.04288212,0.9448974,0.02560209,-0.3235347,-0.02233083,0.003498795,-0.02517513,0.2433624,-0.06440735,0.9677887,0.02968074,0.002096787,-0.02160086,0.02968074,0.002096787,-0.02160086,0.2069702,-0.03318787,0.9777679,0.2069702,-0.03318787,0.9777679,5.08226,5.08226,True,True,True
1679711,63779589562737,-13.5539,2.594162,-0.07542628,-0.0428465,0.9454212,0.02579854,-0.3219898,-0.01761166,0.003366654,-0.02484513,0.2389679,-0.06312561,0.9689636,0.02968477,0.002092423,-0.02159461,0.02968477,0.002092423,-0.02159461,0.2011108,-0.03146362,0.9790497,0.2011108,-0.03146362,0.9790497,5.040634,5.040634,True,True,True
1679719,63779589562737,-13.5539,2.594162,-0.07542628,-0.0428465,0.9454212,0.02579854,-0.3219898,-0.01315564,0.003243256,-0.02453658,0.2360229,-0.06178284,0.9697723,0.02968878,0.002088074,-0.02158835,0.02968878,0.002088074,-0.02158835,0.200943,-0.03227234,0.9790649,0.200943,-0.03227234,0.9790649,5.020142,5.020142,True,True,True
1679727,63779589562749,-13.55374,2.594179,-0.07551676,-0.04308254,0.9459442,0.02600818,-0.3204014,-0.005308792,0.00302832,-0.02399024,0.2288666,-0.05514526,0.9718781,0.02969266,0.002084076,-0.02157347,0.02969266,0.002084076,-0.02157347,0.1996613,-0.03065491,0.9793701,0.1996613,-0.03065491,0.9793701,5.05159,5.05159,True,True,True
1679736,63779589562760,-13.55363,2.594154,-0.07569993,-0.04319162,0.9465073,0.02649123,-0.3186796,-0.002276138,0.002943955,-0.02377422,0.2257538,-0.05337524,0.9727173,0.02969654,0.002080093,-0.02155859,0.02969654,0.002080093,-0.02155859,0.2006378,-0.03182983,0.9791412,0.2006378,-0.03182983,0.9791412,5.082275,5.082275,True,True,True
1679744,63779589562771,-13.55346,2.594108,-0.07589912,-0.04350356,0.9470142,0.02632208,-0.3171414,-0.002588348,0.002950699,-0.02379842,0.2250214,-0.05319214,0.9728851,0.0297013,0.002078003,-0.02156426,0.0297013,0.002078003,-0.02156426,0.2007751,-0.03128052,0.979126,0.2007751,-0.03128052,0.979126,5.08255,5.08255,True,True,True
1679752,63779589562771,-13.55346,2.594108,-0.07589912,-0.04350356,0.9470142,0.02632208,-0.3171414,0.00494046,0.002748139,-0.02328091,0.2194061,-0.0483551,0.9744263,0.02970606,0.002080093,-0.02156992,0.02970606,0.002080093,-0.02156992,0.2009125,-0.03186035,0.9790802,0.2009125,-0.03186035,0.9790802,5.082642,5.082642,True,True,True
1679761,63779589562783,-13.55334,2.594104,-0.0760535,-0.0437309,0.9475366,0.02600418,-0.3155723,0.00566388,0.002728577,-0.02323654,0.2195435,-0.04768372,0.9744263,0.02971135,0.002080444,-0.02157913,0.02971135,0.002080444,-0.02157913,0.2021637,-0.03157043,0.9788361,0.2021637,-0.03157043,0.9788361,5.082397,5.082397,True,True,True
1679769,63779589562793,-13.55319,2.594152,-0.07624161,-0.04371543,0.9481043,0.02575698,-0.3138851,0.005959458,0.002721146,-0.02322157,0.2194824,-0.04768372,0.9744415,0.02971663,0.00208078,-0.02158835,0.02971663,0.00208078,-0.02158835,0.2033997,-0.03117371,0.9785919,0.2033997,-0.03117371,0.9785919,5.082245,5.082245,True,True,True
1679777,63779589562804,-13.55305,2.594206,-0.07637215,-0.04350273,0.9486489,0.02574474,-0.3122659,0.005827927,0.00272702,-0.02323422,0.2167206,-0.0486908,0.9750061,0.02972165,0.002084427,-0.02159461,0.02972165,0.002084427,-0.02159461,0.1995544,-0.03207397,0.9793549,0.1995544,-0.03207397,0.9793549,5.064346,5.064346,True,True,True
1679786,63779589562804,-13.55305,2.594206,-0.07637215,-0.04350273,0.9486489,0.02574474,-0.3122659,0.005737122,0.002731766,-0.02324397,0.2148132,-0.04931641,0.9754028,0.02972667,0.002088074,-0.02160086,0.02972667,0.002088074,-0.02160086,0.1959686,-0.03277588,0.9800568,0.1959686,-0.03277588,0.9800568,5.0793,5.0793,True,True,True
1679794,63779589562815,-13.55295,2.594271,-0.07657409,-0.0432781,0.9492416,0.02589876,-0.310478,0.00558757,0.002738358,-0.02325649,0.214859,-0.05000305,0.9753571,0.02973204,0.002092423,-0.02160504,0.02973204,0.002092423,-0.02160504,0.1956482,-0.03364563,0.9800873,0.1956482,-0.03364563,0.9800873,5.078949,5.078949,True,True,True
1679802,63779589562826,-13.55281,2.59433,-0.0767777,-0.04290403,0.949779,0.02617559,-0.308859,0.005274537,0.002749222,-0.02327995,0.2147675,-0.05099487,0.9753265,0.02973743,0.002096787,-0.02160922,0.02973743,0.002096787,-0.02160922,0.1953125,-0.03463745,0.9801178,0.1953125,-0.03463745,0.9801178,5.078796,5.078796,True,True,True
1679811,63779589562838,-13.55266,2.594383,-0.07696199,-0.04256755,0.9502879,0.02653109,-0.3073061,0.004147766,0.002783432,-0.02338872,0.2131348,-0.05233765,0.9756165,0.02974156,0.00210434,-0.02166693,0.02974156,0.00210434,-0.02166693,0.1910706,-0.03536987,0.9809265,0.1910706,-0.03536987,0.9809265,5.074951,5.074951,True,True,True
1679819,63779589562838,-13.55266,2.594383,-0.07696199,-0.04256755,0.9502879,0.02653109,-0.3073061,0.001435425,0.0028591,-0.02359963,0.2132721,-0.05482483,0.9754486,0.0297457,0.002111908,-0.02172464,0.0297457,0.002111908,-0.02172464,0.1868134,-0.03617859,0.98172,0.1868134,-0.03617859,0.98172,5.071655,5.071655,True,True,True
1679827,63779589562849,-13.55252,2.594403,-0.07710654,-0.04232826,0.9507998,0.02671873,-0.3057357,-0.002036194,0.002950424,-0.02382846,0.2169037,-0.0574646,0.9744873,0.02975498,0.002111908,-0.02172464,0.02975498,0.002111908,-0.02172464,0.1889648,-0.03627014,0.981308,0.1889648,-0.03627014,0.981308,5.076706,5.076706,True,True,True
1679836,63779589562861,-13.55236,2.594378,-0.07713801,-0.04205912,0.951263,0.02688176,-0.3043142,-0.004125946,0.003004044,-0.02396594,0.2132721,-0.06037903,0.9751129,0.02976177,0.002111908,-0.02172464,0.02976177,0.002111908,-0.02172464,0.1886444,-0.03768921,0.981308,0.1886444,-0.03768921,0.981308,5.083878,5.083878,True,True,True
1679844,63779589562871,-13.55212,2.59439,-0.07727027,-0.04195027,0.951715,0.02699317,-0.3029029,-0.004669144,0.00301828,-0.02400153,0.2143402,-0.06161499,0.9748077,0.02976938,0.002111908,-0.02172464,0.02976938,0.002111908,-0.02172464,0.1901855,-0.03840637,0.9809875,0.1901855,-0.03840637,0.9809875,5.105698,5.105698,True,True,True
1679852,63779589562871,-13.55212,2.59439,-0.07727027,-0.04195027,0.951715,0.02699317,-0.3029029,-0.003981049,0.003000168,-0.02395615,0.2142487,-0.06149292,0.9748383,0.02977336,0.002111908,-0.02172464,0.02977336,0.002111908,-0.02172464,0.1910248,-0.03846741,0.9808197,0.1910248,-0.03846741,0.9808197,5.11528,5.11528,True,True,True
1679861,63779589562882,-13.55199,2.594444,-0.07740897,-0.04193759,0.9521059,0.02712287,-0.3016619,-0.002559754,0.002961365,-0.02386192,0.2115479,-0.06037903,0.9754944,0.02977686,0.002111908,-0.02172464,0.02977686,0.002111908,-0.02172464,0.1915588,-0.03845215,0.9807129,0.1915588,-0.03845215,0.9807129,5.115173,5.115173,True,True,True
1679869,63779589562893,-13.55171,2.594519,-0.07755977,-0.0419704,0.9525025,0.02745808,-0.3003723,-2.439881E-05,0.002894012,-0.02369414,0.2054291,-0.05995178,0.9768219,0.02978037,0.002111908,-0.02172464,0.02978037,0.002111908,-0.02172464,0.1821289,-0.04006958,0.9824524,0.1821289,-0.04006958,0.9824524,5.117584,5.117584,True,True,True
1679877,63779589562893,-13.55171,2.594519,-0.07755977,-0.0419704,0.9525025,0.02745808,-0.3003723,0.003192703,0.002808075,-0.02348107,0.2029419,-0.05810547,0.9774628,0.02978327,0.002111908,-0.02172464,0.02978327,0.002111908,-0.02172464,0.1816711,-0.04016113,0.9825287,0.1816711,-0.04016113,0.9825287,5.117477,5.117477,True,True,True
1679886,63779589562905,-13.55156,2.594587,-0.0777216,-0.042071,0.9528677,0.02757569,-0.2991869,-1.174927E-05,0.002843735,-0.02356819,0.2024841,-0.06468201,0.9771423,0.02980902,0.002054993,-0.02151068,0.02980902,0.002054993,-0.02151068,0.1882629,-0.03919983,0.9813232,0.1882629,-0.03919983,0.9813232,5.135544,5.135544,True,True,True
1679894,63779589562916,-13.55138,2.594627,-0.07786876,-0.04208451,0.9532483,0.02755327,-0.2979721,-0.007140641,0.003027039,-0.02405042,0.2001343,-0.07214355,0.9770966,0.02981554,0.002053665,-0.02149889,0.02981554,0.002053665,-0.02149889,0.1890869,-0.03967285,0.9811554,0.1890869,-0.03967285,0.9811554,5.138489,5.138489,True,True,True
1679902,63779589562927,-13.55121,2.594529,-0.07806003,-0.04221015,0.9536281,0.0276153,-0.2967308,-0.01426808,0.003213211,-0.02454143,0.2037048,-0.07839966,0.9758759,0.02982358,0.002046036,-0.02148561,0.02982358,0.002046036,-0.02148561,0.1813507,-0.03930664,0.9826202,0.1813507,-0.03930664,0.9826202,5.13768,5.13768,True,True,True
1679911,63779589562927,-13.55121,2.594529,-0.07806003,-0.04221015,0.9536281,0.0276153,-0.2967308,-0.01794942,0.00330893,-0.02479573,0.2019196,-0.07846069,0.9762421,0.02983495,0.002040955,-0.02148561,0.02983495,0.002040955,-0.02148561,0.1825104,-0.03875732,0.9824371,0.1825104,-0.03875732,0.9824371,5.138504,5.138504,True,True,True
1679919,63779589562938,-13.55107,2.594387,-0.07817811,-0.04219671,0.954023,0.02721425,-0.2954976,-0.01915666,0.003342453,-0.02488261,0.2112427,-0.08570862,0.9736633,0.02985175,0.002040955,-0.02148561,0.02985175,0.002040955,-0.02148561,0.1831665,-0.04171753,0.982193,0.1831665,-0.04171753,0.982193,5.155411,5.155411,True,True,True
1679927,63779589562949,-13.55089,2.594239,-0.07834744,-0.04223085,0.954465,0.02684914,-0.2940956,-0.01825761,0.003316925,-0.02481262,0.2038574,-0.08911133,0.9749298,0.02986009,0.002040955,-0.02148561,0.02986009,0.002040955,-0.02148561,0.1847687,-0.04457092,0.9817657,0.1847687,-0.04457092,0.9817657,5.158508,5.158508,True,True,True
1679936,63779589562960,-13.5508,2.594069,-0.07841367,-0.04211106,0.9549372,0.02630051,-0.2926257,-0.01502089,0.003230744,-0.02458872,0.2015991,-0.08448792,0.9757996,0.02987131,0.002040955,-0.02148561,0.02987131,0.002040955,-0.02148561,0.1858368,-0.0461731,0.9814911,0.1858368,-0.0461731,0.9814911,5.17189,5.17189,True,True,True
1679944,63779589562971,-13.55068,2.593971,-0.07852715,-0.0422573,0.9553443,0.0256073,-0.2913346,-0.008508469,0.003057907,-0.02413861,0.1988678,-0.07728577,0.9769592,0.02988442,0.002040955,-0.02148561,0.02988442,0.002040955,-0.02148561,0.187561,-0.04614258,0.9811554,0.187561,-0.04614258,0.9811554,5.177094,5.177094,True,True,True
1679952,63779589562971,-13.55068,2.593971,-0.07852715,-0.0422573,0.9553443,0.0256073,-0.2913346,0.000815033,0.002811112,-0.02350127,0.1959686,-0.07269287,0.9779053,0.02989725,0.002040955,-0.02149889,0.02989725,0.002040955,-0.02149889,0.1858826,-0.04963684,0.981308,0.1858826,-0.04963684,0.981308,5.185394,5.185394,True,True,True
1679961,63779589562982,-13.55059,2.593883,-0.07866877,-0.04241352,0.9557394,0.02506337,-0.2900605,0.007133652,0.002643906,-0.02306645,0.1937561,-0.06671143,0.978775,0.02990527,0.002040955,-0.02149889,0.02990527,0.002040955,-0.02149889,0.18573,-0.04968262,0.9813385,0.18573,-0.04968262,0.9813385,5.178787,5.178787,True,True,True
1679969,63779589562993,-13.5505,2.593762,-0.07875001,-0.04275944,0.9561182,0.02447319,-0.2888091,0.007037339,0.002646607,-0.02307956,0.1932373,-0.06643677,0.9788971,0.02991051,0.002040955,-0.02150945,0.02991051,0.002040955,-0.02150945,0.1859436,-0.04902649,0.9813232,0.1859436,-0.04902649,0.9813232,5.18541,5.18541,True,True,True
1679977,63779589563004,-13.55033,2.593634,-0.07890368,-0.04318744,0.9564692,0.02394804,-0.2876247,0.005439392,0.002700928,-0.02322788,0.1929474,-0.07089233,0.9786377,0.02991718,0.002061417,-0.02157607,0.02991718,0.002061417,-0.02157607,0.1858368,-0.05445862,0.9810638,0.1858368,-0.05445862,0.9810638,5.180237,5.180237,True,True,True
1679986,63779589563004,-13.55033,2.593634,-0.07890368,-0.04318744,0.9564692,0.02394804,-0.2876247,-0.006182953,0.003041062,-0.02409505,0.1895142,-0.08303833,0.9783478,0.02999132,0.002155243,-0.02179132,0.02999132,0.002155243,-0.02179132,0.1677246,-0.06614685,0.9835968,0.1677246,-0.06614685,0.9835968,5.243546,5.243546,True,True,True
1679994,63779589563015,-13.55028,2.593616,-0.07900071,-0.04327799,0.956817,0.02360499,-0.2864803,-0.01730829,0.003315155,-0.02480718,0.1968689,-0.087677,0.9764862,0.03000162,0.002161331,-0.02181151,0.03000162,0.002161331,-0.02181151,0.1712189,-0.06362915,0.9831696,0.1712189,-0.06362915,0.9831696,5.201294,5.201294,True,True,True
1680002,63779589563027,-13.55024,2.593549,-0.07914716,-0.04324619,0.9571705,0.02348089,-0.2853122,-0.02328905,0.003462525,-0.02518507,0.1939392,-0.09117126,0.9767609,0.03000627,0.002168808,-0.02183537,0.03000627,0.002168808,-0.02183537,0.1669006,-0.06376648,0.983902,0.1669006,-0.06376648,0.983902,5.181763,5.181763,True,True,True
1680011,63779589563027,-13.55024,2.593549,-0.07914716,-0.04324619,0.9571705,0.02348089,-0.2853122,-0.02557208,0.003517365,-0.02532671,0.1889343,-0.09242249,0.9776154,0.03001094,0.0021763,-0.02185922,0.03001094,0.0021763,-0.02185922,0.1643066,-0.06481934,0.9842682,0.1643066,-0.06481934,0.9842682,5.162216,5.162216,True,True,True
1680019,63779589563038,-13.55029,2.593584,-0.07931226,-0.04303098,0.9574195,0.02343497,-0.2845123,-0.02605359,0.003523377,-0.02533623,0.189621,-0.09022522,0.9776917,0.03001424,0.002182556,-0.02188127,0.03001424,0.002182556,-0.02188127,0.1644135,-0.06488037,0.9842377,0.1644135,-0.06488037,0.9842377,5.179276,5.179276,True,True,True
1680027,63779589563049,-13.55029,2.593569,-0.07939595,-0.04283947,0.9576489,0.02357229,-0.2837563,-0.02562749,0.003502243,-0.02530171,0.1799469,-0.09016418,0.9795227,0.03001755,0.002188812,-0.02190334,0.03001755,0.002188812,-0.02190334,0.1645203,-0.06484985,0.9842224,0.1645203,-0.06484985,0.9842224,5.195938,5.195938,True,True,True
1680036,63779589563060,-13.55034,2.59351,-0.07950813,-0.04252763,0.9578269,0.0236953,-0.2831919,-0.02242078,0.00341568,-0.02508656,0.1748199,-0.09532166,0.9799652,0.03007302,0.002140106,-0.02177173,0.03007302,0.002140106,-0.02177173,0.150528,-0.06959534,0.986145,0.150528,-0.06959534,0.986145,5.203293,5.203293,True,True,True
1680044,63779589563071,-13.55034,2.59344,-0.07952744,-0.04237118,0.9579432,0.02360456,-0.2828292,-0.01468932,0.003222046,-0.02459686,0.1753387,-0.08654785,0.9806824,0.03009537,0.002123917,-0.02173758,0.03009537,0.002123917,-0.02173758,0.1523132,-0.07376099,0.9855652,0.1523132,-0.07376099,0.9855652,5.140472,5.140472,True,True,True
1680052,63779589563071,-13.55034,2.59344,-0.07952744,-0.04237118,0.9579432,0.02360456,-0.2828292,-0.004804215,0.002993118,-0.02397301,0.168045,-0.09208679,0.9814606,0.03010985,0.002121292,-0.02175261,0.03010985,0.002121292,-0.02175261,0.148468,-0.07569885,0.9860077,0.148468,-0.07569885,0.9860077,5.088318,5.088318,True,True,True
1680061,63779589563082,-13.55036,2.593415,-0.07959902,-0.04210813,0.9580408,0.02348013,-0.2825479,6.712342E-05,0.002856293,-0.02366463,0.1649017,-0.08280945,0.9828186,0.03010257,0.002115662,-0.0217399,0.03010257,0.002115662,-0.0217399,0.1520538,-0.07376099,0.985611,0.1520538,-0.07376099,0.985611,5.144577,5.144577,True,True,True
1680069,63779589563093,-13.55035,2.593437,-0.07956398,-0.04163894,0.9581035,0.02344945,-0.2824074,-0.002537964,0.002926071,-0.02382506,0.1668549,-0.0827179,0.9824982,0.03009529,0.002110031,-0.02172719,0.03009529,0.002110031,-0.02172719,0.1553192,-0.07206726,0.9852295,0.1553192,-0.07206726,0.9852295,5.159332,5.159332,True,True,True
1680077,63779589563093,-13.55035,2.593437,-0.07956398,-0.04163894,0.9581035,0.02344945,-0.2824074,-0.005681733,0.002999161,-0.0239836,0.1635895,-0.07829285,0.9834137,0.03010188,0.002070114,-0.02167073,0.03010188,0.002070114,-0.02167073,0.1529236,-0.06192017,0.9862823,0.1529236,-0.06192017,0.9862823,5.185242,5.185242,True,True,True
1680086,63779589563105,-13.55038,2.593454,-0.07958442,-0.04130163,0.9581112,0.02342656,-0.2824328,-0.00818361,0.003046768,-0.02414307,0.1660767,-0.07557678,0.9832001,0.03013484,0.002024368,-0.02160138,0.03013484,0.002024368,-0.02160138,0.1512299,-0.05522156,0.9869537,0.1512299,-0.05522156,0.9869537,5.111298,5.111298,True,True,True
1680094,63779589563116,-13.55042,2.593494,-0.07958001,-0.04070787,0.9580938,0.02343293,-0.2825773,-0.006439758,0.002998734,-0.02404208,0.1661377,-0.07536316,0.9832153,0.03016063,0.002037872,-0.02167006,0.03016063,0.002037872,-0.02167006,0.144104,-0.05725098,0.9878998,0.144104,-0.05725098,0.9878998,5.207886,5.207886,True,True,True
1680102,63779589563126,-13.55049,2.593543,-0.07957894,-0.04018372,0.9580753,0.02343653,-0.2827151,-0.002859177,0.002903793,-0.02382041,0.1645203,-0.08027649,0.9830933,0.03019792,0.002035767,-0.02169167,0.03019792,0.002035767,-0.02169167,0.1490021,-0.06796265,0.986496,0.1490021,-0.06796265,0.986496,5.193298,5.193298,True,True,True
1680111,63779589563126,-13.55049,2.593543,-0.07957894,-0.04018372,0.9580753,0.02343653,-0.2827151,-0.002021759,0.002893845,-0.02385135,0.1549072,-0.08003235,0.9846802,0.03023071,0.002082459,-0.02187193,0.03023071,0.002082459,-0.02187193,0.1368561,-0.06173706,0.9886627,0.1368561,-0.06173706,0.9886627,5.159637,5.159637,True,True,True
1680119,63779589563138,-13.5506,2.593571,-0.07960492,-0.03955522,0.9579636,0.02346461,-0.2831793,-0.007925751,0.003040009,-0.02424393,0.1535645,-0.08221436,0.9846954,0.0302621,0.002099228,-0.02195136,0.0302621,0.002099228,-0.02195136,0.137085,-0.06123352,0.9886627,0.137085,-0.06123352,0.9886627,5.099731,5.099731,True,True,True
1680127,63779589563149,-13.55072,2.593611,-0.07967412,-0.0389151,0.9578955,0.02344749,-0.2834997,-0.01915923,0.003331162,-0.02494203,0.1414337,-0.09265137,0.9855957,0.03028621,0.00211435,-0.02204138,0.03028621,0.00211435,-0.02204138,0.1434937,-0.07312012,0.9869385,0.1434937,-0.07312012,0.9869385,5.178558,5.178558,True,True,True
1680136,63779589563160,-13.55083,2.593647,-0.0796805,-0.03829839,0.957794,0.02355662,-0.2839175,-0.02639827,0.003497544,-0.02537288,0.1428986,-0.09481812,0.9851837,0.03029671,0.002222153,-0.02231387,0.03029671,0.002222153,-0.02231387,0.1251221,-0.07745361,0.9891052,0.1251221,-0.07745361,0.9891052,5.07843,5.07843,True,True,True
1680144,63779589563171,-13.55087,2.593748,-0.07967812,-0.03777367,0.9577464,0.02345316,-0.2841566,-0.02771909,0.003527344,-0.02544856,0.1361847,-0.09672546,0.9859467,0.0302791,0.002328034,-0.02278159,0.0302791,0.002328034,-0.02278159,0.1161652,-0.07635498,0.9902802,0.1161652,-0.07635498,0.9902802,5.116089,5.116089,True,True,True
1680152,63779589563171,-13.55087,2.593748,-0.07967812,-0.03777367,0.9577464,0.02345316,-0.2841566,-0.02774138,0.003513321,-0.02543717,0.1341248,-0.0917511,0.9866943,0.03033184,0.002232086,-0.02248937,0.03033184,0.002232086,-0.02248937,0.1029358,-0.0743866,0.9918976,0.1029358,-0.0743866,0.9918976,5.088974,5.088974,True,True,True
1680161,63779589563182,-13.55096,2.593778,-0.07968217,-0.03728061,0.9577655,0.02328884,-0.284171,-0.02771329,0.003507431,-0.02543285,0.1292725,-0.09431458,0.9871063,0.03038002,0.002088669,-0.02214624,0.03038002,0.002088669,-0.02214624,0.1141052,-0.06471252,0.9913483,0.1141052,-0.06471252,0.9913483,5.115356,5.115356,True,True,True
1680169,63779589563193,-13.55101,2.593802,-0.07973021,-0.03684891,0.957856,0.02299627,-0.2839458,-0.0276543,0.003507736,-0.02544156,0.119751,-0.1022797,0.9875183,0.03041673,0.002095841,-0.0221772,0.03041673,0.002095841,-0.0221772,0.1142426,-0.07455444,0.9906464,0.1142426,-0.07455444,0.9906464,5.130753,5.130753,True,True,True
1680177,63779589563193,-13.55101,2.593802,-0.07973021,-0.03684891,0.957856,0.02299627,-0.2839458,-0.0275379,0.003524475,-0.0255009,0.1246185,-0.1012726,0.9870148,0.03044438,0.002140198,-0.02236875,0.03044438,0.002140198,-0.02236875,0.1180573,-0.07725525,0.9899902,0.1180573,-0.07725525,0.9899902,5.133789,5.133789,True,True,True
1680186,63779589563205,-13.55108,2.593748,-0.07980192,-0.03663938,0.9580302,0.02244754,-0.2834287,-0.02748074,0.00351825,-0.02552376,0.1165466,-0.09190369,0.9889221,0.03047203,0.002200607,-0.02266716,0.03047203,0.002200607,-0.02266716,0.1007996,-0.06878662,0.9925232,0.1007996,-0.06878662,0.9925232,5.073807,5.073807,True,True,True
1680194,63779589563216,-13.55105,2.593708,-0.07991678,-0.03704473,0.9582614,0.02171807,-0.2826503,-0.02715813,0.003511856,-0.0255277,0.1072998,-0.08894348,0.9902344,0.03051628,0.002200668,-0.02251215,0.03051628,0.002200668,-0.02251215,0.1082611,-0.08782959,0.9902191,0.1082611,-0.08782959,0.9902191,5.100372,5.100372,True,True,True
1680202,63779589563227,-13.55105,2.593658,-0.08017248,-0.03777336,0.9585667,0.02123384,-0.2815534,-0.02661966,0.003453583,-0.02533675,0.1080017,-0.09573364,0.9895172,0.03055754,0.002070374,-0.02216519,0.03055754,0.002070374,-0.02216519,0.1110382,-0.07302856,0.9911194,0.1110382,-0.07302856,0.9911194,5.117462,5.117462,True,True,True
1680211,63779589563227,-13.55105,2.593658,-0.08017248,-0.03777336,0.9585667,0.02123384,-0.2815534,-0.02589993,0.003404495,-0.0251698,0.1180725,-0.09411621,0.9885254,0.03058711,0.002051712,-0.02214691,0.03058711,0.002051712,-0.02214691,0.1148071,-0.07139587,0.9908142,0.1148071,-0.07139587,0.9908142,5.14502,5.14502,True,True,True
1680219,63779589563238,-13.55092,2.593604,-0.08039796,-0.03897318,0.9591048,0.02063,-0.2795953,-0.02403653,0.003344666,-0.02497951,0.111496,-0.09391785,0.9893036,0.03060262,0.002077301,-0.02225992,0.03060262,0.002077301,-0.02225992,0.1097717,-0.05801392,0.9922485,0.1097717,-0.05801392,0.9922485,5.059113,5.059113,True,True,True
1680227,63779589563249,-13.55086,2.593473,-0.08067316,-0.04034264,0.9597962,0.02024536,-0.277045,-0.01420403,0.003093842,-0.02439685,0.1091003,-0.08865356,0.9900665,0.03065215,0.001960159,-0.02195691,0.03065215,0.001960159,-0.02195691,0.1138306,-0.05436707,0.9920044,0.1138306,-0.05436707,0.9920044,5.127243,5.127243,True,True,True
1680236,63779589563260,-13.55069,2.593374,-0.0809406,-0.04184986,0.9607275,0.01980087,-0.2736043,0.02217969,0.002181366,-0.02243492,0.1096191,-0.06356812,0.9919281,0.03065814,0.001987106,-0.02205626,0.03065814,0.001987106,-0.02205626,0.1082611,-0.05929565,0.9923401,0.1082611,-0.05929565,0.9923401,5.074371,5.074371,True,True,True
1680244,63779589563271,-13.55052,2.593244,-0.08124959,-0.04319506,0.9617437,0.01962755,-0.2698112,0.02873731,0.002015244,-0.02208736,0.1092682,-0.06211853,0.9920654,0.03066782,0.001970123,-0.02200003,0.03066782,0.001970123,-0.02200003,0.1091003,-0.06111145,0.9921417,0.1091003,-0.06111145,0.9921417,5.083298,5.083298,True,True,True
1680252,63779589563271,-13.55052,2.593244,-0.08124959,-0.04319506,0.9617437,0.01962755,-0.2698112,0.02953685,0.001980576,-0.02199721,0.1105347,-0.05993652,0.9920502,0.03067749,0.001953156,-0.0219438,0.03067749,0.001953156,-0.0219438,0.1103668,-0.05947876,0.9920959,0.1103668,-0.05947876,0.9920959,5.093842,5.093842,True,True,True
1680261,63779589563282,-13.55035,2.593153,-0.08152854,-0.04418248,0.9627581,0.01930781,-0.2660303,0.03022672,0.001966889,-0.0219612,0.1122284,-0.06022644,0.9918518,0.03067902,0.001955994,-0.02193993,0.03067902,0.001955994,-0.02193993,0.1121674,-0.06005859,0.9918671,0.1121674,-0.06005859,0.9918671,5.086502,5.086502,True,True,True
1680269,63779589563293,-13.55012,2.593042,-0.08183849,-0.0451665,0.9637915,0.01916772,-0.2621039,0.03053511,0.00196228,-0.0219428,0.1133728,-0.06063843,0.9916992,0.0306779,0.001958832,-0.02193605,0.0306779,0.001958832,-0.02193605,0.1133575,-0.06057739,0.9916992,0.1133575,-0.06057739,0.9916992,5.094131,5.094131,True,True,True
1680277,63779589563304,-13.54986,2.592915,-0.08221138,-0.04600343,0.9647468,0.01894196,-0.258435,0.03052252,0.00196341,-0.02194727,0.1136169,-0.06013489,0.9916992,0.03067771,0.001959641,-0.02193993,0.03067771,0.001959641,-0.02193993,0.1136017,-0.06007385,0.9916992,0.1136017,-0.06007385,0.9916992,5.104141,5.104141,True,True,True
1680286,63779589563304,-13.54986,2.592915,-0.08221138,-0.04600343,0.9647468,0.01894196,-0.258435,0.02999849,0.00197699,-0.02196813,0.113739,-0.06054688,0.9916534,0.03067749,0.001960449,-0.02193605,0.03067749,0.001960449,-0.02193605,0.1137085,-0.06022644,0.991684,0.1137085,-0.06022644,0.991684,5.094437,5.094437,True,True,True
1680294,63779589563315,-13.54955,2.592886,-0.08257288,-0.04700898,0.9656515,0.01884479,-0.2548573,0.02738622,0.002040573,-0.02208629,0.1143188,-0.06063843,0.9915771,0.03067557,0.001960266,-0.02193044,0.03067557,0.001960266,-0.02193044,0.1141052,-0.05900574,0.9916992,0.1141052,-0.05900574,0.9916992,5.105148,5.105148,True,True,True
1680302,63779589563326,-13.54928,2.592813,-0.08283937,-0.0479756,0.9664686,0.01880124,-0.2515619,0.0305529,0.001975174,-0.02189629,0.120224,-0.05200195,0.9913788,0.03082546,0.00196756,-0.02187935,0.03082546,0.00196756,-0.02187935,0.1203003,-0.05180359,0.9913788,0.1203003,-0.05180359,0.9913788,5.094772,5.094772,True,True,True
1680311,63779589563337,-13.54901,2.592791,-0.08307326,-0.04888238,0.9672321,0.01886799,-0.2484281,0.0309294,0.002068695,-0.0222207,0.1043549,-0.06530762,0.9923859,0.03099806,0.002066834,-0.02221678,0.03099806,0.002066834,-0.02221678,0.1044006,-0.06529236,0.9923859,0.1044006,-0.06529236,0.9923859,5.102982,5.102982,True,True,True
1680319,63779589563337,-13.54901,2.592791,-0.08307326,-0.04888238,0.9672321,0.01886799,-0.2484281,0.03084601,0.002208923,-0.02270899,0.08992004,-0.08340454,0.9924469,0.03105032,0.002204056,-0.02269978,0.03105032,0.002204056,-0.02269978,0.09002686,-0.08337402,0.9924316,0.09002686,-0.08337402,0.9924316,5.079453,5.079453,True,True,True
1680327,63779589563348,-13.54874,2.592777,-0.08331537,-0.04944606,0.9679301,0.01897488,-0.2455737,0.03078882,0.002087174,-0.02235135,0.09260559,-0.06764221,0.9933929,0.03110163,0.002078995,-0.02233543,0.03110163,0.002078995,-0.02233543,0.09280396,-0.06758118,0.9933777,0.09280396,-0.06758118,0.9933777,5.074402,5.074402,True,True,True
1680336,63779589563360,-13.54852,2.592806,-0.08355451,-0.0497841,0.968593,0.0190877,-0.2428677,0.03078755,0.002084473,-0.02232385,0.09362793,-0.07434082,0.9928131,0.03109515,0.002077698,-0.02231262,0.03109515,0.002077698,-0.02231262,0.09379578,-0.07434082,0.9927979,0.09379578,-0.07434082,0.9927979,5.081116,5.081116,True,True,True
1680344,63779589563371,-13.54831,2.592826,-0.08379507,-0.04987943,0.9691464,0.0191796,-0.2406231,0.03091745,0.002080673,-0.02230808,0.09075928,-0.07270813,0.9932098,0.0310945,0.002076782,-0.02230158,0.0310945,0.002076782,-0.02230158,0.09085083,-0.07269287,0.9931946,0.09085083,-0.07269287,0.9931946,5.072266,5.072266,True,True,True
1680352,63779589563371,-13.54831,2.592826,-0.08379507,-0.04987943,0.9691464,0.0191796,-0.2406231,0.03103459,0.002077194,-0.02229276,0.08813477,-0.07254028,0.993454,0.03109483,0.002075867,-0.02229054,0.03109483,0.002075867,-0.02229054,0.08816528,-0.07252502,0.993454,0.08816528,-0.07252502,0.993454,5.062531,5.062531,True,True,True
1680361,63779589563382,-13.54812,2.592804,-0.08400226,-0.04988649,0.9697216,0.01928978,-0.2382842,0.03108064,0.002077103,-0.02230211,0.08824158,-0.07124329,0.9935455,0.03109499,0.002076782,-0.02230158,0.03109499,0.002076782,-0.02230158,0.08824158,-0.07124329,0.9935455,0.08824158,-0.07124329,0.9935455,5.0681,5.0681,True,True,True
1680369,63779589563393,-13.54792,2.592813,-0.08426809,-0.04967288,0.9702169,0.01931757,-0.2363019,0.03109241,0.002077759,-0.02231271,0.08831787,-0.06996155,0.9936218,0.03109515,0.002077698,-0.02231262,0.03109515,0.002077698,-0.02231262,0.08831787,-0.06996155,0.9936218,0.08831787,-0.06996155,0.9936218,5.073257,5.073257,True,True,True
1680377,63779589563404,-13.54772,2.592775,-0.08447242,-0.04930536,0.9706855,0.01929701,-0.2344488,0.03109483,0.002082001,-0.02232582,0.08729553,-0.07099915,0.9936371,0.0310952,0.002081986,-0.02232582,0.0310952,0.002081986,-0.02232582,0.08729553,-0.07099915,0.9936371,0.08729553,-0.07099915,0.9936371,5.067139,5.067139,True,True,True
1680386,63779589563404,-13.54772,2.592775,-0.08447242,-0.04930536,0.9706855,0.01929701,-0.2344488,0.03109372,0.002077728,-0.02231267,0.08625793,-0.07151794,0.9936981,0.03109525,0.002077698,-0.02231262,0.03109525,0.002077698,-0.02231262,0.08625793,-0.07151794,0.9936981,0.08625793,-0.07151794,0.9936981,5.06218,5.06218,True,True,True
1680394,63779589563415,-13.54757,2.592762,-0.08469552,-0.04872773,0.9711449,0.01900653,-0.2326842,0.03103328,0.002078186,-0.02230394,0.08480835,-0.07363892,0.9936676,0.03109723,0.002076782,-0.02230158,0.03109723,0.002076782,-0.02230158,0.08482361,-0.07362366,0.9936676,0.08482361,-0.07362366,0.9936676,5.06102,5.06102,True,True,True
1680402,63779589563426,-13.54741,2.592705,-0.08494091,-0.04811915,0.9716116,0.01854588,-0.2308929,0.03004018,0.002099045,-0.02232961,0.08305359,-0.07579041,0.9936523,0.03109921,0.002075867,-0.02229054,0.03109921,0.002075867,-0.02229054,0.08337402,-0.07569885,0.9936371,0.08337402,-0.07569885,0.9936371,5.060287,5.060287,True,True,True
1680411,63779589563437,-13.54722,2.592638,-0.08515358,-0.04730436,0.9720896,0.01805137,-0.2290816,0.008543244,0.002569305,-0.02312196,0.07661438,-0.07775879,0.9940186,0.03110355,0.002075653,-0.02228943,0.03110355,0.002075653,-0.02228943,0.08392334,-0.07575989,0.993576,0.08392334,-0.07575989,0.993576,5.057022,5.057022,True,True,True
1680419,63779589563437,-13.54722,2.592638,-0.08515358,-0.04730436,0.9720896,0.01805137,-0.2290816,0.01049471,0.002511688,-0.02301239,0.07540894,-0.07777405,0.9941101,0.03110788,0.002075424,-0.02228833,0.03110788,0.002075424,-0.02228833,0.0844574,-0.07582092,0.9935303,0.0844574,-0.07582092,0.9935303,5.053879,5.053879,True,True,True
1680427,63779589563448,-13.54701,2.592621,-0.08548129,-0.04666271,0.972559,0.01747207,-0.2272583,0.01242296,0.002500794,-0.02302333,0.07514954,-0.08157349,0.9938202,0.03112305,0.002075653,-0.02228943,0.03112305,0.002075653,-0.02228943,0.08831787,-0.07575989,0.9931946,0.08831787,-0.07575989,0.9931946,5.052826,5.052826,True,True,True
1680436,63779589563448,-13.54701,2.592621,-0.08548129,-0.04666271,0.972559,0.01747207,-0.2272583,0.01502286,0.002440537,-0.02292113,0.08155823,-0.08059692,0.9933929,0.03113823,0.002075867,-0.02229054,0.03113823,0.002075867,-0.02229054,0.09216309,-0.07583618,0.9928436,0.09216309,-0.07583618,0.9928436,5.052185,5.052185,True,True,True
1680444,63779589563468,-13.54678,2.592591,-0.08576852,-0.04612019,0.9730765,0.01704615,-0.2251764,0.01824339,0.002367386,-0.02280368,0.0843811,-0.07948303,0.9932556,0.03114371,0.002076782,-0.02230158,0.03114371,0.002076782,-0.02230158,0.09300232,-0.07601929,0.9927521,0.09300232,-0.07601929,0.9927521,5.052734,5.052734,True,True,True
1680452,63779589563474,-13.54658,2.592486,-0.08607501,-0.04574532,0.9736857,0.01664413,-0.2226355,0.01860466,0.002354614,-0.02278365,0.08462524,-0.07971191,0.9932098,0.03114919,0.002077698,-0.02231262,0.03114919,0.002077698,-0.02231262,0.09382629,-0.07632446,0.9926453,0.09382629,-0.07632446,0.9926453,5.051117,5.051117,True,True,True
1680461,63779589563480,-13.5463,2.592415,-0.08639014,-0.04549944,0.9742653,0.01602666,-0.220182,0.01856374,0.002358887,-0.0227954,0.0809021,-0.08137512,0.9933929,0.03115821,0.002082672,-0.02232681,0.03115821,0.002082672,-0.02232681,0.08848572,-0.0785675,0.9929657,0.08848572,-0.0785675,0.9929657,5.04541,5.04541,True,True,True
1680469,63779589563488,-13.54596,2.592252,-0.08673757,-0.04531568,0.9750053,0.01518981,-0.2169801,0.01771815,0.002379975,-0.02283328,0.07911682,-0.08143616,0.9935303,0.03116524,0.002086289,-0.02233901,0.03116524,0.002086289,-0.02233901,0.0877533,-0.07868958,0.9930267,0.0877533,-0.07868958,0.9930267,5.03772,5.03772,True,True,True
1680477,63779589563499,-13.5456,2.592213,-0.08715719,-0.04539219,0.9758654,0.01431545,-0.2131232,0.01595209,0.002424805,-0.02292401,0.07150269,-0.08216858,0.9940491,0.03116655,0.002094147,-0.02237706,0.03116655,0.002094147,-0.02237706,0.07897949,-0.07836914,0.9937897,0.07897949,-0.07836914,0.9937897,5.031967,5.031967,True,True,True
1680486,63779589563510,-13.54515,2.59213,-0.08759826,-0.04541912,0.9767046,0.01367883,-0.2092799,0.01370326,0.002475571,-0.02301169,0.06977844,-0.0823822,0.9941406,0.03117491,0.002095825,-0.02238161,0.03117491,0.002095825,-0.02238161,0.07852173,-0.07850647,0.9938049,0.07852173,-0.07850647,0.9938049,5.031723,5.031723,True,True,True
1680494,63779589563510,-13.54515,2.59213,-0.08759826,-0.04541912,0.9767046,0.01367883,-0.2092799,0.01041625,0.002553101,-0.02316411,0.06416321,-0.08207703,0.9945526,0.03117534,0.002104187,-0.02242787,0.03117534,0.002104187,-0.02242787,0.07287598,-0.07772827,0.9942932,0.07287598,-0.07772827,0.9942932,5.028168,5.028168,True,True,True
1680502,63779589563522,-13.54469,2.592142,-0.08802265,-0.04540372,0.9775417,0.01302408,-0.2053805,0.004426865,0.002692978,-0.02340003,0.06039429,-0.08387756,0.9946289,0.03118655,0.002118576,-0.02247786,0.03118655,0.002118576,-0.02247786,0.07290649,-0.07818604,0.9942627,0.07290649,-0.07818604,0.9942627,5.022858,5.022858,True,True,True
1680511,63779589563532,-13.54429,2.592082,-0.08845663,-0.04525667,0.9783681,0.01244645,-0.2014765,-0.002974793,0.002863816,-0.02369003,0.05302429,-0.0852356,0.9949341,0.03119248,0.002139771,-0.02256903,0.03119248,0.002139771,-0.02256903,0.06730652,-0.07728577,0.9947205,0.06730652,-0.07728577,0.9947205,5.017059,5.017059,True,True,True
1680519,63779589563544,-13.54387,2.591997,-0.08888292,-0.04510912,0.9791118,0.01171687,-0.197909,-0.01198601,0.003057953,-0.02400343,0.04983521,-0.08679199,0.9949646,0.03120265,0.002151001,-0.02261853,0.03120265,0.002151001,-0.02261853,0.06715393,-0.0763092,0.994812,0.06715393,-0.0763092,0.994812,5.015808,5.015808,True,True,True
1680527,63779589563544,-13.54387,2.591997,-0.08888292,-0.04510912,0.9791118,0.01171687,-0.197909,-0.01739696,0.003173691,-0.02418706,0.04730225,-0.08792114,0.9949951,0.03120808,0.002162171,-0.0226465,0.03120808,0.002162171,-0.0226465,0.06822205,-0.0770874,0.9946747,0.06822205,-0.0770874,0.9946747,5.009308,5.009308,True,True,True
1680536,63779589563554,-13.54344,2.591829,-0.08930159,-0.04492652,0.9798571,0.01100788,-0.1942691,-0.01919202,0.003212692,-0.02424814,0.04719543,-0.08825684,0.9949646,0.03121024,0.002169785,-0.02265552,0.03121024,0.002169785,-0.02265552,0.06880188,-0.07853699,0.9945221,0.06880188,-0.07853699,0.9945221,5.008286,5.008286,True,True,True
1680544,63779589563566,-13.54305,2.591763,-0.08967894,-0.04480108,0.9805739,0.01020807,-0.1906922,-0.020056,0.003232742,-0.02428186,0.04612732,-0.08836365,0.9950104,0.03121024,0.002182846,-0.0226839,0.03121024,0.002182846,-0.0226839,0.06880188,-0.07881165,0.9945068,0.06880188,-0.07881165,0.9945068,5.007187,5.007187,True,True,True
1680552,63779589563577,-13.54266,2.591702,-0.09007466,-0.04446212,0.9812548,0.009533846,-0.1872733,-0.0199707,0.003239594,-0.02429294,0.04669189,-0.08914185,0.9949188,0.03121024,0.002231415,-0.02278343,0.03121024,0.002231415,-0.02278343,0.0688324,-0.08505249,0.993988,0.0688324,-0.08505249,0.993988,5.000198,5.000198,True,True,True
1680561,63779589563577,-13.54266,2.591702,-0.09007466,-0.04446212,0.9812548,0.009533846,-0.1872733,-0.01887439,0.003220612,-0.02426218,0.04763794,-0.08860779,0.9949188,0.03121024,0.002231415,-0.02278343,0.03121024,0.002231415,-0.02278343,0.06861877,-0.08155823,0.9942932,0.06861877,-0.08155823,0.9942932,5.001312,5.001312,True,True,True
1680569,63779589563588,-13.54235,2.591707,-0.09042096,-0.04396268,0.9818893,0.009049362,-0.1840618,-0.01517796,0.003147629,-0.02415856,0.04997253,-0.08735657,0.9949188,0.03121024,0.002231415,-0.02278343,0.03121024,0.002231415,-0.02278343,0.06861877,-0.08094788,0.994339,0.06861877,-0.08094788,0.994339,5.001526,5.001526,True,True,True
1680577,63779589563599,-13.54208,2.591717,-0.09070897,-0.04320632,0.9824416,0.008576655,-0.1812957,-0.01189555,0.00308281,-0.02406639,0.05201721,-0.08584595,0.9949341,0.03121024,0.002231415,-0.02278343,0.03121024,0.002231415,-0.02278343,0.06860352,-0.07896423,0.9945068,0.06860352,-0.07896423,0.9945068,5.002472,5.002472,True,True,True
1680586,63779589563610,-13.5418,2.591695,-0.09099042,-0.04248488,0.9829379,0.008152651,-0.1787783,-0.008327897,0.003016632,-0.02396742,0.05345154,-0.08372498,0.9950409,0.03121024,0.002231415,-0.02278343,0.03121024,0.002231415,-0.02278343,0.06869507,-0.07225037,0.9950104,0.06869507,-0.07225037,0.9950104,4.996323,4.996323,True,True,True
1680594,63779589563610,-13.5418,2.591695,-0.09099042,-0.04248488,0.9829379,0.008152651,-0.1787783,-0.004370652,0.002941467,-0.02385573,0.05514526,-0.08288574,0.9950256,0.03121024,0.002231415,-0.02278343,0.03121024,0.002231415,-0.02278343,0.06904602,-0.07197571,0.9950104,0.06904602,-0.07197571,0.9950104,4.991455,4.991455,True,True,True
1680602,63779589563621,-13.54146,2.591657,-0.09121025,-0.04186907,0.9833622,0.007746851,-0.1765951,0.0003793488,0.00285051,-0.02372434,0.05667114,-0.08103943,0.9950867,0.03120886,0.002231415,-0.02278343,0.03120886,0.002231415,-0.02278343,0.06867981,-0.07066345,0.9951172,0.06867981,-0.07066345,0.9951172,4.99234,4.99234,True,True,True
1680611,63779589563632,-13.54119,2.591672,-0.09144145,-0.0413585,0.9837248,0.007358206,-0.1747021,0.005747498,0.002744324,-0.02357135,0.05865479,-0.07650757,0.9953308,0.03120824,0.0022332,-0.02278343,0.03120824,0.0022332,-0.02278343,0.06904602,-0.06668091,0.9953766,0.06904602,-0.06668091,0.9953766,4.982727,4.982727,True,True,True
1680619,63779589563643,-13.54092,2.591646,-0.09167129,-0.04073599,0.9840772,0.007021062,-0.1728683,0.008405945,0.002695419,-0.02343863,0.0597229,-0.07559204,0.9953461,0.03120824,0.002240219,-0.0226983,0.03120824,0.002240219,-0.0226983,0.06930542,-0.06809998,0.9952545,0.06930542,-0.06809998,0.9952545,4.985718,4.985718,True,True,True
1680627,63779589563643,-13.54092,2.591646,-0.09167129,-0.04073599,0.9840772,0.007021062,-0.1728683,0.009998551,0.002664414,-0.02339298,0.06086731,-0.07345581,0.9954376,0.03120824,0.002240219,-0.0226983,0.03120824,0.002240219,-0.0226983,0.06997681,-0.06578064,0.9953766,0.06997681,-0.06578064,0.9953766,4.986725,4.986725,True,True,True
1680636,63779589563654,-13.54062,2.591688,-0.09198183,-0.04004689,0.9844189,0.006757686,-0.1710849,0.008572754,0.002693222,-0.02344014,0.06069946,-0.07356262,0.9954376,0.03120824,0.002240219,-0.0226983,0.03120824,0.002240219,-0.0226983,0.07069397,-0.06506348,0.9953613,0.07069397,-0.06506348,0.9953613,4.987152,4.987152,True,True,True
1680644,63779589563666,-13.54038,2.591697,-0.09218919,-0.03925412,0.9848369,0.006428084,-0.1688613,0.007036805,0.002731049,-0.02349115,0.06001282,-0.07467651,0.9953918,0.03120824,0.002252319,-0.0226983,0.03120824,0.002252319,-0.0226983,0.07067871,-0.06604004,0.9953003,0.07067871,-0.06604004,0.9953003,4.986816,4.986816,True,True,True
1680652,63779589563677,-13.54011,2.591677,-0.0923931,-0.0386715,0.9852232,0.005969053,-0.166746,0.005831101,0.002755081,-0.0235307,0.05950928,-0.07472229,0.9954224,0.03120824,0.002252579,-0.0226983,0.03120824,0.002252579,-0.0226983,0.07073975,-0.06530762,0.9953461,0.07073975,-0.06530762,0.9953461,4.996902,4.996902,True,True,True
1680661,63779589563677,-13.54011,2.591677,-0.0923931,-0.0386715,0.9852232,0.005969053,-0.166746,0.004926377,0.002775955,-0.02356038,0.05897522,-0.07574463,0.9953766,0.03120824,0.00225798,-0.0226983,0.03120824,0.00225798,-0.0226983,0.07066345,-0.06660461,0.9952698,0.07066345,-0.06660461,0.9952698,4.986618,4.986618,True,True,True
1680669,63779589563688,-13.53982,2.591622,-0.09260541,-0.03847925,0.9856109,0.005308907,-0.1645062,0.005008011,0.002781769,-0.02355771,0.05909729,-0.0774231,0.9952393,0.03120886,0.002271439,-0.0226983,0.03120886,0.002271439,-0.0226983,0.07081604,-0.0684967,0.9951324,0.07081604,-0.0684967,0.9951324,4.985916,4.985916,True,True,True
1680677,63779589563699,-13.53951,2.59151,-0.09282506,-0.03874008,0.9860019,0.004361724,-0.1621123,0.005851014,0.002767441,-0.0235302,0.05967712,-0.07736206,0.9952087,0.03121669,0.002275559,-0.0226983,0.03121669,0.002275559,-0.0226983,0.07115173,-0.068573,0.9951019,0.07115173,-0.068573,0.9951019,4.98558,4.98558,True,True,True
1680686,63779589563710,-13.53915,2.591335,-0.09306073,-0.03949961,0.9863965,0.00327075,-0.1595341,0.0174393,0.00252565,-0.02309476,0.06338501,-0.07591248,0.9950867,0.03122389,0.002288147,-0.02272537,0.03122389,0.002288147,-0.02272537,0.07310486,-0.06976318,0.994873,0.07310486,-0.06976318,0.994873,4.984451,4.984451,True,True,True
1680694,63779589563710,-13.53915,2.591335,-0.09306073,-0.03949961,0.9863965,0.00327075,-0.1595341,0.019482,0.00251944,-0.02311516,0.06820679,-0.07585144,0.9947815,0.03123515,0.002299332,-0.02275751,0.03123515,0.002299332,-0.02275751,0.07551575,-0.07015991,0.9946594,0.07551575,-0.07015991,0.9946594,4.982986,4.982986,True,True,True
1680702,63779589563721,-13.53882,2.591199,-0.09328955,-0.04034012,0.9867908,0.002384699,-0.1568784,0.03061786,0.002335343,-0.02284961,0.07539368,-0.07054138,0.9946442,0.03123966,0.00232637,-0.02283942,0.03123966,0.00232637,-0.02283942,0.07569885,-0.07041931,0.9946289,0.07569885,-0.07041931,0.9946289,4.979965,4.979965,True,True,True
1680711,63779589563732,-13.53844,2.591139,-0.09357059,-0.04118035,0.9872209,0.001700214,-0.1539353,0.03119898,0.002328217,-0.02284802,0.07733154,-0.06925964,0.9945831,0.03124794,0.002327499,-0.02284723,0.03124794,0.002327499,-0.02284723,0.0773468,-0.06924438,0.9945831,0.0773468,-0.06924438,0.9945831,4.980408,4.980408,True,True,True
1680719,63779589563743,-13.53811,2.59108,-0.09384751,-0.04169351,0.9876037,0.001352153,-0.1513234,0.03124225,0.00233905,-0.02285462,0.07394409,-0.07148743,0.9946899,0.03125495,0.002338867,-0.02285439,0.03125495,0.002338867,-0.02285439,0.07395935,-0.07147217,0.9946899,0.07395935,-0.07147217,0.9946899,4.979004,4.979004,True,True,True
1680727,63779589563743,-13.53811,2.59108,-0.09384751,-0.04169351,0.9876037,0.001352153,-0.1513234,0.0312545,0.002348694,-0.02285898,0.07035828,-0.0737915,0.9947815,0.03126099,0.002348603,-0.02285887,0.03126099,0.002348603,-0.02285887,0.07035828,-0.0737915,0.9947815,0.07035828,-0.0737915,0.9947815,4.97789,4.97789,True,True,True
1680736,63779589563755,-13.53791,2.591098,-0.09413242,-0.04191476,0.9879983,0.001110661,-0.1486651,0.0312623,0.002349762,-0.02285985,0.07133484,-0.07203674,0.9948425,0.03126784,0.002349671,-0.02285976,0.03126784,0.002349671,-0.02285976,0.07133484,-0.07203674,0.9948425,0.07133484,-0.07203674,0.9948425,4.979034,4.979034,True,True,True
1680744,63779589563765,-13.53756,2.59101,-0.09438694,-0.04175866,0.9883689,0.00101504,-0.1462264,0.03126545,0.00235112,-0.02286875,0.07151794,-0.07054138,0.9949341,0.03127616,0.002350968,-0.02286858,0.03127616,0.002350968,-0.02286858,0.07151794,-0.07054138,0.9949341,0.07151794,-0.07054138,0.9949341,4.983704,4.983704,True,True,True
1680752,63779589563777,-13.53725,2.590951,-0.09462541,-0.04147974,0.9887412,0.0008461402,-0.1437697,0.03123198,0.002368683,-0.02289687,0.07144165,-0.07022095,0.9949646,0.03128237,0.002367951,-0.02289606,0.03128237,0.002367951,-0.02289606,0.07145691,-0.07020569,0.9949646,0.07145691,-0.07020569,0.9949646,4.966309,4.966309,True,True,True
1680761,63779589563777,-13.53725,2.590951,-0.09462541,-0.04147974,0.9887412,0.0008461402,-0.1437697,0.03072646,0.002383057,-0.02291289,0.07139587,-0.07118225,0.9948883,0.03129335,0.002374985,-0.02290402,0.03129335,0.002374985,-0.02290402,0.07165527,-0.07110596,0.9948883,0.07165527,-0.07110596,0.9948883,4.966019,4.966019,True,True,True
1680769,63779589563788,-13.53691,2.590888,-0.09481215,-0.04123471,0.9891122,0.0006137433,-0.1412669,0.03000697,0.002472779,-0.02337161,0.04959106,-0.07015991,0.9962921,0.03145456,0.002450684,-0.02334731,0.03145456,0.002450684,-0.02334731,0.05046082,-0.06997681,0.9962616,0.05046082,-0.06997681,0.9962616,4.924408,4.924408,True,True,True
1680777,63779589563799,-13.53654,2.590826,-0.09498918,-0.04082367,0.9894612,0.0002914499,-0.1389237,-0.02615878,0.003177155,-0.02374355,0.007461548,-0.08009338,0.9967499,0.03161073,0.002588822,-0.02403256,0.03161073,0.002588822,-0.02403256,0.01834106,-0.07550049,0.9969635,0.01834106,-0.07550049,0.9969635,4.94487,4.94487,True,True,True
1680786,63779589563810,-13.5362,2.590772,-0.09515792,-0.04047712,0.9898372,6.392979E-05,-0.1363233,-0.02625839,0.003144623,-0.02362157,0.01350403,-0.0793457,0.9967499,0.03176776,0.002664917,-0.02445943,0.03176776,0.002664917,-0.02445943,0.01231384,-0.07852173,0.9968262,0.01231384,-0.07852173,0.9968262,4.89064,4.89064,True,True,True
1680794,63779589563810,-13.5362,2.590772,-0.09515792,-0.04047712,0.9898372,6.392979E-05,-0.1363233,-0.02600353,0.003648331,-0.0253667,0.03662109,-0.09129333,0.9951477,0.03184628,0.002623398,-0.02441539,0.03184628,0.002623398,-0.02441539,-0.009918213,-0.07579041,0.9970703,-0.009918213,-0.07579041,0.9970703,4.950027,4.950027,True,True,True
1680802,63779589563821,-13.53593,2.590768,-0.09530598,-0.04028699,0.9902058,-0.0003478353,-0.1336767,-0.02610825,0.003016266,-0.02324361,-0.004119873,-0.06123352,0.9981079,0.03188048,0.002655411,-0.02457425,0.03188048,0.002655411,-0.02457425,-0.01412964,-0.07321167,0.9972076,-0.01412964,-0.07321167,0.9972076,4.979218,4.979218,True,True,True
1680811,63779589563833,-13.53553,2.590717,-0.09547901,-0.04011169,0.9905856,-0.0007101942,-0.1308841,-0.02608325,0.003056351,-0.02335324,0.003341675,-0.06477356,0.997879,0.03188307,0.002662842,-0.02458812,0.03188307,0.002662842,-0.02458812,-0.01255798,-0.07200623,0.9973145,-0.01255798,-0.07200623,0.9973145,4.960266,4.960266,True,True,True
1680819,63779589563843,-13.53518,2.59074,-0.09554929,-0.04011026,0.9909557,-0.001096757,-0.1280497,-0.02607478,0.002985825,-0.02312538,-0.003555298,-0.07670593,0.9970398,0.03188565,0.002669052,-0.02457425,0.03188565,0.002669052,-0.02457425,-0.01274109,-0.07553101,0.9970551,-0.01274109,-0.07553101,0.9970551,4.978485,4.978485,True,True,True
1680827,63779589563843,-13.53518,2.59074,-0.09554929,-0.04011026,0.9909557,-0.001096757,-0.1280497,-0.02460588,0.002972168,-0.02313695,-0.002365112,-0.0773468,0.996994,0.03188875,0.002663788,-0.02456163,0.03188875,0.002663788,-0.02456163,-0.01208496,-0.07569885,0.9970551,-0.01208496,-0.07569885,0.9970551,4.960968,4.960968,True,True,True
1680836,63779589563854,-13.5348,2.590726,-0.09574264,-0.04026296,0.9913367,-0.001303755,-0.1250149,0.02557143,0.002690369,-0.02437914,-0.01014709,-0.07579041,0.9970703,0.03189185,0.002658524,-0.02454901,0.03189185,0.002658524,-0.02454901,-0.01126099,-0.07571411,0.9970551,-0.01126099,-0.07571411,0.9970551,4.978836,4.978836,True,True,True
1680844,63779589563865,-13.53443,2.590719,-0.09590036,-0.04029325,0.9917046,-0.00154706,-0.1220494,0.03189064,0.002656998,-0.02451589,-0.01080322,-0.07725525,0.9969482,0.03189559,0.002656967,-0.02451602,0.03189559,0.002656967,-0.02451602,-0.01080322,-0.07725525,0.9969482,-0.01080322,-0.07725525,0.9969482,4.977921,4.977921,True,True,True
1680852,63779589563876,-13.53403,2.590787,-0.09612703,-0.04037709,0.992067,-0.001581914,-0.1190392,0.03189911,0.002655411,-0.02448303,-0.0103302,-0.07939148,0.9967804,0.03189931,0.002655411,-0.02448303,0.03189931,0.002655411,-0.02448303,-0.0103302,-0.07939148,0.9967804,-0.0103302,-0.07939148,0.9967804,4.976868,4.976868,True,True,True
1680861,63779589563876,-13.53403,2.590787,-0.09612703,-0.04037709,0.992067,-0.001581914,-0.1190392,0.03190263,0.002648743,-0.02444304,-0.01013184,-0.08001709,0.9967346,0.03190276,0.002648743,-0.02444304,0.03190276,0.002648743,-0.02444304,-0.01013184,-0.08001709,0.9967346,-0.01013184,-0.08001709,0.9967346,4.979355,4.979355,True,True,True
1680869,63779589563888,-13.53365,2.590795,-0.09630787,-0.04038947,0.992402,-0.001624716,-0.1162086,0.03190589,0.002642075,-0.02440303,-0.00994873,-0.08096313,0.9966583,0.03190619,0.002642075,-0.02440303,0.03190619,0.002642075,-0.02440303,-0.00994873,-0.08096313,0.9966583,-0.00994873,-0.08096313,0.9966583,4.978867,4.978867,True,True,True
1680877,63779589563899,-13.53328,2.590778,-0.09645271,-0.04047965,0.9927094,-0.001703576,-0.1135194,0.02875035,0.002655136,-0.02430223,-0.01412964,-0.08103943,0.9965973,0.03190906,0.002640274,-0.0243853,0.03190906,0.002640274,-0.0243853,-0.01472473,-0.08155823,0.9965515,-0.01472473,-0.08155823,0.9965515,4.981567,4.981567,True,True,True
1680886,63779589563910,-13.53289,2.590838,-0.09656727,-0.04048521,0.9929915,-0.001911876,-0.1110184,0.02553935,0.002668686,-0.02420253,-0.01789856,-0.08094788,0.9965515,0.03191191,0.002638992,-0.02436961,0.03191191,0.002638992,-0.02436961,-0.01951599,-0.08215332,0.9964142,-0.01951599,-0.08215332,0.9964142,4.980789,4.980789,True,True,True
1680894,63779589563910,-13.53289,2.590838,-0.09656727,-0.04048521,0.9929915,-0.001911876,-0.1110184,0.01433058,0.002720597,-0.02391237,-0.01509094,-0.07846069,0.9967957,0.03191512,0.002640533,-0.02437952,0.03191512,0.002640533,-0.02437952,-0.01950073,-0.08158875,0.99646,-0.01950073,-0.08158875,0.99646,4.982132,4.982132,True,True,True
1680902,63779589563922,-13.53254,2.590831,-0.09663284,-0.04069173,0.9932588,-0.001965875,-0.1085235,0.009357179,0.002742386,-0.02378224,-0.01387024,-0.07710266,0.9969177,0.03191831,0.002642075,-0.0243894,0.03191831,0.002642075,-0.0243894,-0.01948547,-0.08096313,0.996521,-0.01948547,-0.08096313,0.996521,4.983582,4.983582,True,True,True
1680910,63779589563933,-13.53213,2.590872,-0.09670955,-0.04106144,0.9934782,-0.002208719,-0.1063493,0.004439224,0.002764328,-0.02365152,-0.01223755,-0.07582092,0.9970398,0.03192146,0.00264476,-0.02439572,0.03192146,0.00264476,-0.02439572,-0.0186615,-0.08096313,0.9965363,-0.0186615,-0.08096313,0.9965363,4.986526,4.986526,True,True,True
1680919,63779589563945,-13.53185,2.590899,-0.09680891,-0.04148408,0.9936964,-0.002256928,-0.104122,0.006213333,0.002756851,-0.02370146,-0.01222229,-0.07620239,0.9970093,0.03192462,0.002647431,-0.02440202,0.03192462,0.002647431,-0.02440202,-0.01783752,-0.08108521,0.9965363,-0.01783752,-0.08108521,0.9965363,4.989822,4.989822,True,True,True
1680927,63779589563945,-13.53185,2.590899,-0.09680891,-0.04148408,0.9936964,-0.002256928,-0.104122,0.009008103,0.00274173,-0.02376993,-0.01249695,-0.07569885,0.9970398,0.03192876,0.002647431,-0.02440202,0.03192876,0.002647431,-0.02440202,-0.01672363,-0.08023071,0.9966278,-0.01672363,-0.08023071,0.9966278,4.990494,4.990494,True,True,True
1680935,63779589563956,-13.53158,2.590897,-0.09686017,-0.04160811,0.9939146,-0.002099148,-0.1019706,0.01118576,0.002729843,-0.02382298,-0.01225281,-0.07600403,0.9970245,0.03193471,0.002647431,-0.02440202,0.03193471,0.002647431,-0.02440202,-0.01524353,-0.08024597,0.9966431,-0.01524353,-0.08024597,0.9966431,5.004288,5.004288,True,True,True
1680944,63779589563967,-13.53127,2.590915,-0.09693736,-0.0416807,0.9941201,-0.002106233,-0.09991764,0.01205034,0.002724258,-0.02384224,-0.01296997,-0.07601929,0.9970093,0.03194075,0.002647431,-0.02440202,0.03194075,0.002647431,-0.02440202,-0.01615906,-0.08030701,0.9966278,-0.01615906,-0.08030701,0.9966278,4.990463,4.990463,True,True,True
1680952,63779589563979,-13.53103,2.590909,-0.09696543,-0.0416608,0.9943119,-0.001912197,-0.09800398,0.01284706,0.002719101,-0.02385999,-0.01631165,-0.07601929,0.9969635,0.03194571,0.002647431,-0.02440202,0.03194571,0.002647431,-0.02440202,-0.02096558,-0.08030701,0.9965363,-0.02096558,-0.08030701,0.9965363,4.991272,4.991272,True,True,True
1680960,63779589563979,-13.53103,2.590909,-0.09696543,-0.0416608,0.9943119,-0.001912197,-0.09800398,0.0136565,0.002713638,-0.02386739,-0.01756287,-0.07661438,0.9969025,0.0319514,0.002647431,-0.0243894,0.0319514,0.002647431,-0.0243894,-0.02151489,-0.0811615,0.99646,-0.02151489,-0.0811615,0.99646,4.990707,4.990707,True,True,True
1680969,63779589563991,-13.53077,2.590854,-0.0970434,-0.04158184,0.9944842,-0.001892434,-0.09627331,0.01490785,0.002707321,-0.02389527,-0.01646423,-0.07623291,0.9969482,0.03195792,0.002647431,-0.0243894,0.03195792,0.002647431,-0.0243894,-0.01983643,-0.08015442,0.996582,-0.01983643,-0.08015442,0.996582,4.990829,4.990829,True,True,True
1680977,63779589564002,-13.5305,2.590872,-0.09710395,-0.04148695,0.9946662,-0.00188678,-0.09441736,0.01714876,0.00269458,-0.0239418,-0.02287292,-0.07675171,0.9967804,0.03196375,0.002647431,-0.0243894,0.03196375,0.002647431,-0.0243894,-0.02786255,-0.08000183,0.9963989,-0.02786255,-0.08000183,0.9963989,4.991821,4.991821,True,True,True
1680985,63779589564002,-13.5305,2.590872,-0.09710395,-0.04148695,0.9946662,-0.00188678,-0.09441736,0.02039237,0.002681717,-0.02402913,-0.02806091,-0.07748413,0.9965973,0.03197196,0.002647431,-0.0243894,0.03197196,0.002647431,-0.0243894,-0.03240967,-0.07995605,0.9962616,-0.03240967,-0.07995605,0.9962616,4.992188,4.992188,True,True,True
1680994,63779589564013,-13.53024,2.590859,-0.09709829,-0.04149982,0.9948292,-0.002028428,-0.09267358,0.02417325,0.002654434,-0.02418318,-0.03596497,-0.07557678,0.9964905,0.03206073,0.002631882,-0.02444669,0.03206073,0.002631882,-0.02444669,-0.04005432,-0.07687378,0.9962311,-0.04005432,-0.07687378,0.9962311,4.942459,4.942459,True,True,True
1681002,63779589564024,-13.52993,2.590773,-0.09710681,-0.04160135,0.9949889,-0.002196974,-0.09089308,0.02528984,0.002666046,-0.02428604,-0.03837585,-0.07276917,0.9965973,0.03207954,0.00264859,-0.02452162,0.03207954,0.00264859,-0.02452162,-0.04232788,-0.07342529,0.9963989,-0.04232788,-0.07342529,0.9963989,4.988129,4.988129,True,True,True
1681010,63779589564036,-13.52965,2.590764,-0.09710097,-0.04160599,0.9951549,-0.00258315,-0.08904475,0.0217802,0.002684769,-0.02417299,-0.03944397,-0.07215881,0.9965973,0.03208946,0.002640717,-0.02449967,0.03208946,0.002640717,-0.02449967,-0.04244995,-0.07002258,0.9966278,-0.04244995,-0.07002258,0.9966278,4.948242,4.948242,True,True,True
1681019,63779589564036,-13.52965,2.590764,-0.09710097,-0.04160599,0.9951549,-0.00258315,-0.08904475,0.01878728,0.002690079,-0.02405426,-0.03979492,-0.07522583,0.9963684,0.03209192,0.002630448,-0.02446533,0.03209192,0.002630448,-0.02446533,-0.0438385,-0.07470703,0.9962311,-0.0438385,-0.07470703,0.9962311,4.95343,4.95343,True,True,True
1681027,63779589564047,-13.52933,2.590745,-0.09710568,-0.04163931,0.9953188,-0.002893551,-0.08716883,0.01668628,0.002677704,-0.02391002,-0.04579163,-0.08435059,0.9953766,0.03210089,0.002596725,-0.02433953,0.03210089,0.002596725,-0.02433953,-0.04959106,-0.08435059,0.9951935,-0.04959106,-0.08435059,0.9951935,4.910141,4.910141,True,True,True
1681035,63779589564059,-13.52906,2.590703,-0.09713584,-0.04166462,0.9954873,-0.003139259,-0.08520121,0.01532257,0.002689224,-0.02387955,-0.04777527,-0.08041382,0.9956055,0.03210495,0.002599381,-0.02433939,0.03210495,0.002599381,-0.02433939,-0.05439758,-0.07803345,0.9954529,-0.05439758,-0.07803345,0.9954529,4.916046,4.916046,True,True,True
1681044,63779589564070,-13.52879,2.590694,-0.09722596,-0.04160797,0.9956475,-0.003351388,-0.08332822,0.01437605,0.00269455,-0.02385184,-0.04888916,-0.08161926,0.9954529,0.03210805,0.002601593,-0.0243432,0.03210805,0.002601593,-0.0243432,-0.05654907,-0.08001709,0.9951782,-0.05654907,-0.08001709,0.9951782,4.95079,4.95079,True,True,True
1681052,63779589564070,-13.52879,2.590694,-0.09722596,-0.04160797,0.9956475,-0.003351388,-0.08332822,0.01375977,0.002697983,-0.02383281,-0.0501709,-0.08010864,0.9955139,0.03211116,0.002603806,-0.024347,0.03211116,0.002603806,-0.024347,-0.05873108,-0.07824707,0.9951935,-0.05873108,-0.07824707,0.9951935,4.987274,4.987274,True,True,True
1681060,63779589564081,-13.5285,2.590662,-0.09723258,-0.04157468,0.9957865,-0.003481166,-0.0816615,0.00805571,0.002776749,-0.02381397,-0.05053711,-0.08418274,0.995163,0.03211324,0.002693268,-0.02460747,0.03211324,0.002693268,-0.02460747,-0.0614624,-0.08364868,0.9945831,-0.0614624,-0.08364868,0.9945831,4.943985,4.943985,True,True,True
1681069,63779589564093,-13.52825,2.590667,-0.09726417,-0.0415442,0.995917,-0.00363556,-0.08006391,0.03195018,0.002634155,-0.02439616,-0.05981445,-0.07533264,0.9953613,0.03211418,0.002632446,-0.02439711,0.03211418,0.002632446,-0.02439711,-0.05996704,-0.07530212,0.9953461,-0.05996704,-0.07530212,0.9953461,4.942245,4.942245,True,True,True
1681077,63779589564104,-13.52802,2.590654,-0.09725696,-0.04156767,0.9960365,-0.00386614,-0.07853898,0.03215944,0.002685181,-0.02461473,-0.05160522,-0.07872009,0.9955597,0.03215958,0.002685181,-0.02461473,0.03215958,0.002685181,-0.02461473,-0.05160522,-0.07872009,0.9955597,-0.05160522,-0.07872009,0.9955597,4.934616,4.934616,True,True,True
1681085,63779589564104,-13.52802,2.590654,-0.09725696,-0.04156767,0.9960365,-0.00386614,-0.07853898,0.03212924,0.002727295,-0.02474974,-0.05014038,-0.06504822,0.9966125,0.03212927,0.002727295,-0.02474974,0.03212927,0.002727295,-0.02474974,-0.05014038,-0.06504822,0.9966125,-0.05014038,-0.06504822,0.9966125,4.918716,4.918716,True,True,True
1681094,63779589564115,-13.52778,2.590631,-0.09716254,-0.041453,0.996146,-0.003894308,-0.07719808,0.03198683,0.002764664,-0.02447324,-0.07481384,-0.09407043,0.9927368,0.03198685,0.002764664,-0.02447324,0.03198685,0.002764664,-0.02447324,-0.07481384,-0.09407043,0.9927368,-0.07481384,-0.09407043,0.9927368,5.002365,5.002365,True,True,True
1681102,63779589564125,-13.52755,2.590633,-0.09706777,-0.04146057,0.9962388,-0.004112985,-0.07597642,0.03190728,0.002783448,-0.02446391,-0.05728149,-0.2131348,0.9753265,0.03190728,0.002783448,-0.02446391,0.03190728,0.002783448,-0.02446391,-0.05728149,-0.2131348,0.9753265,-0.05728149,-0.2131348,0.9753265,4.218506,4.218506,True,True,True
1681110,63779589564125,-13.52755,2.590633,-0.09706777,-0.04146057,0.9962388,-0.004112985,-0.07597642,-0.02594472,0.003207413,-0.02318726,0.006072998,-0.1716156,0.9851379,0.03169771,0.002581894,-0.02300298,0.03169771,0.002581894,-0.02300298,0,0,0,0,0,0,-1,-1,True,True,True
1681119,63779589564137,-13.52732,2.590667,-0.09702647,-0.04130062,0.9963336,-0.004063956,-0.07481386,-0.001,-0.001,-0.001,1,-1,-1,0.03166719,0.001907456,-0.02427727,0.03166719,0.001907456,-0.02427727,0,0,0,0,0,0,-1,-1,False,True,True
1681127,63779589564148,-13.52714,2.590712,-0.09699804,-0.04110393,0.9964204,-0.004013035,-0.07376131,-0.001,-0.001,-0.001,1,-1,-1,0.03166719,0.001907456,-0.02427727,0.03166719,0.001907456,-0.02427727,0,0,0,0,0,0,-1,-1,False,False,False
1681135,63779589564159,-13.52696,2.590776,-0.09691125,-0.04082802,0.9964966,-0.003935998,-0.07288453,-0.001,-0.001,-0.001,1,-1,-1,0.03166719,0.001907456,-0.02427727,0.03166719,0.001907456,-0.02427727,0,0,0,0,0,0,-1,-1,False,False,False
1681144,63779589564159,-13.52696,2.590776,-0.09691125,-0.04082802,0.9964966,-0.003935998,-0.07288453,-0.001,-0.001,-0.001,1,-1,-1,0.03166719,0.001907456,-0.02427727,0.03166719,0.001907456,-0.02427727,0,0,0,0,0,0,-1,-1,False,False,False
1681152,63779589564171,-13.52674,2.59081,-0.09682018,-0.04060081,0.99655,-0.003798424,-0.07228731,-0.001,-0.001,-0.001,1,-1,-1,0.03119193,0.001171204,-0.02444513,0.03119193,0.001171204,-0.02444513,0,0,0,0,0,0,-1,-1,False,True,True
1681160,63779589564182,-13.52661,2.59083,-0.09671277,-0.04044506,0.9965951,-0.003579217,-0.07176066,-0.001,-0.001,-0.001,1,-1,-1,0.03189534,0.001258972,-0.02442655,0.03189534,0.001258972,-0.02442655,0,0,0,0,0,0,-1,-1,False,True,True
1681169,63779589564193,-13.52649,2.590872,-0.09660321,-0.0403661,0.9966201,-0.003353063,-0.07146962,-0.001,-0.001,-0.001,1,-1,-1,0.03171703,0.001805313,-0.02429527,0.03171703,0.001805313,-0.02429527,0,0,0,0,0,0,-1,-1,False,True,True
1681177,63779589564193,-13.52649,2.590872,-0.09660321,-0.0403661,0.9966201,-0.003353063,-0.07146962,-0.001,-0.001,-0.001,1,-1,-1,0.03229418,0.0008622285,-0.02040762,0.03229418,0.0008622285,-0.02040762,0,0,0,0,0,0,-1,-1,False,True,True
1681185,63779589564204,-13.52638,2.590899,-0.09645516,-0.04019678,0.996646,-0.003174428,-0.07120977,-0.001,-0.001,-0.001,1,-1,-1,0.03220477,-0.001238983,-0.01314681,0.03220477,-0.001238983,-0.01314681,0,0,0,0,0,0,-1,-1,False,True,True
1681194,63779589564215,-13.52624,2.590924,-0.09631735,-0.03997482,0.9966526,-0.002975155,-0.07125211,-0.001,-0.001,-0.001,1,-1,-1,0.03128659,0.001558563,-0.01467401,0.03128659,0.001558563,-0.01467401,0,0,0,0,0,0,-1,-1,False,True,True
1681202,63779589564226,-13.52614,2.590973,-0.09622914,-0.03968775,0.9966661,-0.002874609,-0.07122717,-0.001,-0.001,-0.001,1,-1,-1,0.030116,0.002860336,-0.02297096,0.030116,0.002860336,-0.02297096,0,0,0,0,0,0,-1,-1,False,True,True
1681210,63779589564226,-13.52614,2.590973,-0.09622914,-0.03968775,0.9966661,-0.002874609,-0.07122717,-0.001,-0.001,-0.001,1,-1,-1,0.02968155,0.002964508,-0.0219511,0.02968155,0.002964508,-0.0219511,0,0,0,0,0,0,-1,-1,False,True,True
1681219,63779589564238,-13.52607,2.591009,-0.09608191,-0.03936389,0.9966699,-0.002750217,-0.07135931,-0.001,-0.001,-0.001,1,-1,-1,0.03011696,0.002855896,-0.02338239,0.03011696,0.002855896,-0.02338239,0,0,0,0,0,0,-1,-1,False,True,True
1681227,63779589564248,-13.526,2.591038,-0.09594381,-0.03899761,0.9966723,-0.002597632,-0.07153117,-0.001,-0.001,-0.001,1,-1,-1,0.03013841,0.00278299,-0.02299466,0.03013841,0.00278299,-0.02299466,0,0,0,0,0,0,-1,-1,False,True,True
1681235,63779589564259,-13.52595,2.591074,-0.09574586,-0.03863977,0.9966762,-0.002429803,-0.07167728,-0.001,-0.001,-0.001,1,-1,-1,0.03020018,0.002725983,-0.02255756,0.03020018,0.002725983,-0.02255756,0,0,0,0,0,0,-1,-1,False,True,True
1681244,63779589564270,-13.52587,2.59112,-0.09558594,-0.03842002,0.996671,-0.002319864,-0.07187147,-0.02764903,0.003364456,-0.02339082,0.1792297,-0.08674622,0.9799652,0.0301996,0.002826645,-0.02328674,0.0301996,0.002826645,-0.02328674,0,0,0,0,0,0,-1,-1,True,True,True
1681252,63779589564270,-13.52587,2.59112,-0.09558594,-0.03842002,0.996671,-0.002319864,-0.07187147,-0.02768961,0.003381577,-0.02339885,0.1785126,-0.08961487,0.9798431,0.03021002,0.002796082,-0.02326563,0.03021002,0.002796082,-0.02326563,0,0,0,0,0,0,-1,-1,True,True,True
1681260,63779589564281,-13.52579,2.591114,-0.09545171,-0.03815097,0.9966688,-0.002046075,-0.07205318,-0.02760755,0.00333461,-0.02339873,0.1859436,-0.0788269,0.9793854,0.03023012,0.002774552,-0.02317598,0.03023012,0.002774552,-0.02317598,0,0,0,0,0,0,-1,-1,True,True,True
1681269,63779589564292,-13.52573,2.591152,-0.09531081,-0.03811564,0.9966651,-0.001706371,-0.07213285,-0.02760106,0.003311875,-0.02337457,0.1673431,-0.1040649,0.9803772,0.03025369,0.002697891,-0.02310771,0.03025369,0.002697891,-0.02310771,0,0,0,0,0,0,-1,-1,True,True,True
1681277,63779589564304,-13.52562,2.591185,-0.0952459,-0.03808937,0.9966604,-0.001261362,-0.07222047,-0.02754822,0.003298722,-0.02337433,0.1593323,-0.09303284,0.9828186,0.03027199,0.002736847,-0.0231603,0.03027199,0.002736847,-0.0231603,0.09300232,-0.03373718,0.9950867,0.09300232,-0.03373718,0.9950867,4.994095,4.994095,True,True,True
1681285,63779589564304,-13.52562,2.591185,-0.0952459,-0.03808937,0.9966604,-0.001261362,-0.07222047,-0.02752194,0.003288666,-0.02337174,0.1564789,-0.09178162,0.9833984,0.03030545,0.002701523,-0.02312297,0.03030545,0.002701523,-0.02312297,0.08677673,-0.03227234,0.995697,0.08677673,-0.03227234,0.995697,4.870941,4.870941,True,True,True
1681294,63779589564315,-13.52552,2.591225,-0.09522063,-0.03822249,0.9966434,-0.0004796891,-0.07239411,-0.02528941,0.003285019,-0.02338204,0.148468,-0.06893921,0.986496,0.03031207,0.002773941,-0.02337729,0.03031207,0.002773941,-0.02337729,0.07745361,-0.05429077,0.9955139,0.07745361,-0.05429077,0.9955139,4.831879,4.831879,True,True,True
1681302,63779589564326,-13.52545,2.591245,-0.0951072,-0.03849842,0.9966258,0.0001478024,-0.07249182,-0.02579448,0.003271698,-0.02337651,0.1360168,-0.07481384,0.9878693,0.03030092,0.002801254,-0.02348772,0.03030092,0.002801254,-0.02348772,0.06724548,-0.02008057,0.9975281,0.06724548,-0.02008057,0.9975281,4.987534,4.987534,True,True,True
1681310,63779589564337,-13.5253,2.591245,-0.09498066,-0.03900342,0.9966078,0.0008682994,-0.07246307,-0.0262031,0.003270462,-0.02335517,0.1357574,-0.1047821,0.9851685,0.03029543,0.002850525,-0.02348619,0.03029543,0.002850525,-0.02348619,0.07624817,-0.04290771,0.9961548,0.07624817,-0.04290771,0.9961548,5.078217,5.078217,True,True,True
1681319,63779589564337,-13.5253,2.591245,-0.09498066,-0.03900342,0.9966078,0.0008682994,-0.07246307,-0.001,-0.001,-0.001,1,-1,-1,0.03029363,0.002986084,-0.02387993,0.03029363,0.002986084,-0.02387993,0,0,0,0,0,0,-1,-1,False,True,True
1681327,63779589564348,-13.52519,2.591233,-0.0948813,-0.0395401,0.9965993,0.001604235,-0.07227594,-0.001,-0.001,-0.001,1,-1,-1,0.03136019,0.002306397,-0.02402973,0.03136019,0.002306397,-0.02402973,0,0,0,0,0,0,-1,-1,False,True,True
1681335,63779589564359,-13.52503,2.591264,-0.09479707,-0.04027083,0.996591,0.002254453,-0.07196956,-0.001,-0.001,-0.001,1,-1,-1,0.03137364,0.001524109,-0.02414221,0.03137364,0.001524109,-0.02414221,0,0,0,0,0,0,-1,-1,False,True,True
1681344,63779589564359,-13.52503,2.591264,-0.09479707,-0.04027083,0.996591,0.002254453,-0.07196956,-0.001,-0.001,-0.001,1,-1,-1,0.03123294,0.001012543,-0.0242785,0.03123294,0.001012543,-0.0242785,0,0,0,0,0,0,-1,-1,False,True,True
1681352,63779589564370,-13.52493,2.591382,-0.09473491,-0.04066363,0.9966063,0.00277325,-0.07151685,-0.001,-0.001,-0.001,1,-1,-1,0.03123294,0.001012543,-0.0242785,0.03123294,0.001012543,-0.0242785,0,0,0,0,0,0,-1,-1,False,False,False
1681360,63779589564381,-13.52485,2.591457,-0.09470034,-0.04106389,0.9966114,0.003399033,-0.07118951,-0.001,-0.001,-0.001,1,-1,-1,0.03413635,0.0005871735,-0.02532909,0.03413635,0.0005871735,-0.02532909,0,0,0,0,0,0,-1,-1,False,True,True
1681369,63779589564392,-13.52477,2.591563,-0.09467405,-0.04103493,0.9966365,0.004080513,-0.07081886,-0.001,-0.001,-0.001,1,-1,-1,0.03472038,0.0009771881,-0.02560227,0.03472038,0.0009771881,-0.02560227,0,0,0,0,0,0,-1,-1,False,True,True
1681377,63779589564392,-13.52477,2.591563,-0.09467405,-0.04103493,0.9966365,0.004080513,-0.07081886,-0.001,-0.001,-0.001,1,-1,-1,0.03197183,0.001258255,-0.02425409,0.03197183,0.001258255,-0.02425409,0,0,0,0,0,0,-1,-1,False,True,True
1681385,63779589564404,-13.52469,2.591645,-0.09460562,-0.04085407,0.9966573,0.004642189,-0.07059629,-0.001,-0.001,-0.001,1,-1,-1,0.03242313,0.002093216,-0.02392183,0.03242313,0.002093216,-0.02392183,0,0,0,0,0,0,-1,-1,False,True,True
1681394,63779589564415,-13.5246,2.591661,-0.09451514,-0.04046611,0.9966771,0.005156737,-0.07050314,-0.001,-0.001,-0.001,1,-1,-1,0.03178082,0.001794357,-0.02411447,0.03178082,0.001794357,-0.02411447,0,0,0,0,0,0,-1,-1,False,True,True
1681402,63779589564426,-13.52452,2.591686,-0.09442407,-0.04035663,0.9966854,0.005582315,-0.07041536,-0.001,-0.001,-0.001,1,-1,-1,0.03261765,0.002353073,-0.02398689,0.03261765,0.002353073,-0.02398689,0,0,0,0,0,0,-1,-1,False,True,True
1681410,63779589564437,-13.52446,2.591697,-0.09431624,-0.04036387,0.9966831,0.005880405,-0.07042123,-0.001,-0.001,-0.001,1,-1,-1,0.03101242,0.001607697,-0.01910541,0.03101242,0.001607697,-0.01910541,0,0,0,0,0,0,-1,-1,False,True,True
1681419,63779589564437,-13.52446,2.591697,-0.09431624,-0.04036387,0.9966831,0.005880405,-0.07042123,-0.001,-0.001,-0.001,1,-1,-1,0.03065442,-0.0005552368,-0.01067334,0.03065442,-0.0005552368,-0.01067334,0,0,0,0,0,0,-1,-1,False,True,True
1681427,63779589564448,-13.52434,2.591737,-0.09422541,-0.0403597,0.9966736,0.006170669,-0.07053292,-0.001,-0.001,-0.001,1,-1,-1,0.03101627,0.003408997,-0.02287512,0.03101627,0.003408997,-0.02287512,0,0,0,0,0,0,-1,-1,False,True,True
1681435,63779589564459,-13.52427,2.591775,-0.09414786,-0.04045688,0.9966525,0.006367799,-0.07075647,-0.001,-0.001,-0.001,1,-1,-1,0.03069774,0.002787933,-0.02298006,0.03069774,0.002787933,-0.02298006,0,0,0,0,0,0,-1,-1,False,True,True
1681444,63779589564470,-13.52423,2.591829,-0.09406263,-0.04051147,0.9966323,0.006579896,-0.07099016,-0.001,-0.001,-0.001,1,-1,-1,0.03076087,0.002716171,-0.02297736,0.03076087,0.002716171,-0.02297736,0,0,0,0,0,0,-1,-1,False,True,True
1681452,63779589564470,-13.52423,2.591829,-0.09406263,-0.04051147,0.9966323,0.006579896,-0.07099016,-0.001,-0.001,-0.001,1,-1,-1,0.03095606,0.002257523,-0.02082076,0.03095606,0.002257523,-0.02082076,0,0,0,0,0,0,-1,-1,False,True,True
1681460,63779589564481,-13.52418,2.591866,-0.09398443,-0.04052367,0.9966103,0.006737873,-0.07127708,-0.001,-0.001,-0.001,1,-1,-1,0.03084267,0.002672394,-0.02291899,0.03084267,0.002672394,-0.02291899,0,0,0,0,0,0,-1,-1,False,True,True
1681469,63779589564492,-13.5242,2.591887,-0.09395838,-0.04049212,0.9965872,0.006917979,-0.07160094,-0.001,-0.001,-0.001,1,-1,-1,0.03091588,0.002594742,-0.02285849,0.03091588,0.002594742,-0.02285849,0,0,0,0,0,0,-1,-1,False,True,True
1681477,63779589564503,-13.52423,2.591914,-0.09394497,-0.04043078,0.9965777,0.006980218,-0.0717611,-0.02730606,0.003423493,-0.02372153,0.08410645,-0.1030884,0.9911041,0.03095567,0.002539902,-0.02263989,0.03095567,0.002539902,-0.02263989,0.07107544,-0.04994202,0.9962158,0.07107544,-0.04994202,0.9962158,5.037354,5.037354,True,True,True
1681485,63779589564503,-13.52423,2.591914,-0.09394497,-0.04043078,0.9965777,0.006980218,-0.0717611,-0.02731563,0.003607758,-0.02455107,0.06498718,-0.1009979,0.9927521,0.03099178,0.002620957,-0.02304213,0.03099178,0.002620957,-0.02304213,0.09896851,-0.05671692,0.9934692,0.09896851,-0.05671692,0.9934692,4.859879,4.859879,True,True,True
1681494,63779589564514,-13.5242,2.591883,-0.09389466,-0.04041871,0.9965515,0.007084703,-0.07212023,-0.0273203,0.003810684,-0.02546474,0.05932617,-0.116684,0.991394,0.03103578,0.002595322,-0.02302782,0.03103578,0.002595322,-0.02302782,0.09811401,-0.07032776,0.9926758,0.09811401,-0.07032776,0.9926758,4.809509,4.809509,True,True,True
1681502,63779589564525,-13.52411,2.591874,-0.09386265,-0.0404311,0.9965287,0.006962548,-0.0724398,0.03105983,0.002605118,-0.02311948,0.09785461,-0.06311035,0.9931946,0.03106035,0.002605118,-0.02311946,0.03106035,0.002605118,-0.02311946,0.09785461,-0.06311035,0.9931946,0.09785461,-0.06311035,0.9931946,4.868271,4.868271,True,True,True
1681510,63779589564537,-13.52407,2.591846,-0.09380931,-0.04047218,0.9965068,0.006878427,-0.07272534,0.03110352,0.00258844,-0.02309415,0.1021118,-0.05123901,0.9934387,0.03110353,0.00258844,-0.02309415,0.03110353,0.00258844,-0.02309415,0.1021118,-0.05123901,0.9934387,0.1021118,-0.05123901,0.9934387,4.928986,4.928986,True,True,True
1681519,63779589564537,-13.52407,2.591846,-0.09380931,-0.04047218,0.9965068,0.006878427,-0.07272534,0.03114844,0.002552078,-0.02306609,0.1047516,-0.05545044,0.9929504,0.03114844,0.002552078,-0.02306609,0.03114844,0.002552078,-0.02306609,0.1047516,-0.05545044,0.9929504,0.1047516,-0.05545044,0.9929504,4.88118,4.88118,True,True,True
1681527,63779589564548,-13.52403,2.59182,-0.09376878,-0.04060057,0.9964854,0.006760887,-0.07295825,0.031179,0.002515015,-0.02298831,0.09242249,-0.03240967,0.9951782,0.031179,0.002515015,-0.02298831,0.031179,0.002515015,-0.02298831,0.09242249,-0.03240967,0.9951782,0.09242249,-0.03240967,0.9951782,5.015121,5.015121,True,True,True
1681535,63779589564559,-13.52395,2.591766,-0.09373379,-0.04074169,0.9964693,0.006672191,-0.07310674,0.03120155,0.002511383,-0.02304518,0.1017303,-0.05818176,0.993103,0.03120155,0.002511383,-0.02304518,0.03120155,0.002511383,-0.02304518,0.1017303,-0.05818176,0.993103,0.1017303,-0.05818176,0.993103,4.82402,4.82402,True,True,True
1681544,63779589564570,-13.52393,2.591739,-0.09371167,-0.04086381,0.9964558,0.006564847,-0.073231,0.03122032,0.002504837,-0.02305084,0.08488464,-0.0556488,0.9948273,0.03122032,0.002504837,-0.02305084,0.03122032,0.002504837,-0.02305084,0.08488464,-0.0556488,0.9948273,0.08488464,-0.0556488,0.9948273,4.879227,4.879227,True,True,True
1681552,63779589564570,-13.52393,2.591739,-0.09371167,-0.04086381,0.9964558,0.006564847,-0.073231,0.03123532,0.002477051,-0.02297948,0.08229065,-0.08346558,0.993103,0.03123532,0.002477051,-0.02297948,0.03123532,0.002477051,-0.02297948,0.08229065,-0.08346558,0.993103,0.08229065,-0.08346558,0.993103,4.759903,4.759903,True,True,True
1681560,63779589564582,-13.52386,2.591762,-0.09393018,-0.04099999,0.9964447,0.006479467,-0.0733153,0.03125296,0.002519669,-0.02313226,0.08279419,-0.05636597,0.9949646,0.03125305,0.002519669,-0.02313226,0.03125305,0.002519669,-0.02313226,0.08279419,-0.05636597,0.9949646,0.08279419,-0.05636597,0.9949646,4.873276,4.873276,True,True,True
1681569,63779589564592,-13.5238,2.59177,-0.09394902,-0.04097528,0.9964308,0.006537438,-0.07351282,0.03127481,0.002528382,-0.02319899,0.08049011,-0.06317139,0.9947357,0.03127539,0.002528382,-0.02319898,0.03127539,0.002528382,-0.02319898,0.08049011,-0.06317139,0.994751,0.08049011,-0.06317139,0.994751,4.828384,4.828384,True,True,True
1681577,63779589564603,-13.52379,2.591814,-0.09395266,-0.04096203,0.9964257,0.006575845,-0.0735857,0.03129764,0.002519669,-0.02325816,0.07818604,-0.06591797,0.994751,0.03129773,0.002519669,-0.02325816,0.03129773,0.002519669,-0.02325816,0.07818604,-0.06591797,0.994751,0.07818604,-0.06591797,0.994751,4.7854,4.7854,True,True,True
1681585,63779589564603,-13.52379,2.591814,-0.09395266,-0.04096203,0.9964257,0.006575845,-0.0735857,0.03130699,0.002528382,-0.02326192,0.07232666,-0.07336426,0.9946747,0.03130704,0.002528382,-0.02326192,0.03130704,0.002528382,-0.02326192,0.07232666,-0.07336426,0.9946747,0.07232666,-0.07336426,0.9946747,4.772858,4.772858,True,True,True
1681594,63779589564615,-13.52376,2.591769,-0.09398025,-0.04090324,0.996421,0.006594555,-0.07368005,0.03131616,0.002537094,-0.02326569,0.06648254,-0.08079529,0.9945068,0.03131636,0.002537094,-0.02326569,0.03131636,0.002537094,-0.02326569,0.06648254,-0.08079529,0.9945068,0.06648254,-0.08079529,0.9945068,4.760681,4.760681,True,True,True
1681602,63779589564625,-13.52373,2.591766,-0.09400952,-0.04089455,0.9964099,0.006545312,-0.0738394,0.03131859,0.002539536,-0.02336768,0.06684875,-0.07455444,0.9949646,0.03132668,0.002539383,-0.02336743,0.03132668,0.002539383,-0.02336743,0.06684875,-0.07455444,0.9949646,0.06684875,-0.07455444,0.9949646,4.7686,4.7686,True,True,True
1681610,63779589564637,-13.52362,2.591736,-0.09399211,-0.04079291,0.9964081,0.00649036,-0.07392421,0.03125157,0.002542984,-0.02347075,0.0670929,-0.06838989,0.9953918,0.03133699,0.002541687,-0.02346918,0.03133699,0.002541687,-0.02346918,0.06715393,-0.06837463,0.9953918,0.06715393,-0.06837463,0.9953918,4.764343,4.764343,True,True,True
1681619,63779589564637,-13.52362,2.591736,-0.09399211,-0.04079291,0.9964081,0.00649036,-0.07392421,0.02957181,0.002619614,-0.0237328,0.04534912,-0.06416321,0.9969025,0.03144782,0.002593933,-0.02370874,0.03144782,0.002593933,-0.02370874,0.04620361,-0.06361389,0.9969025,0.04620361,-0.06361389,0.9969025,4.85434,4.85434,True,True,True
1681627,63779589564648,-13.52355,2.591715,-0.09399557,-0.04086363,0.9963928,0.006302431,-0.07410719,0.02791161,0.002633515,-0.02371263,0.04527283,-0.07333374,0.9962769,0.03146436,0.00258963,-0.0236846,0.03146436,0.00258963,-0.0236846,0.04580688,-0.07235718,0.9963226,0.04580688,-0.07235718,0.9963226,4.836365,4.836365,True,True,True
1681635,63779589564659,-13.5235,2.591694,-0.09387773,-0.04087076,0.9963906,0.006152953,-0.07414614,0.03096291,0.002561478,-0.02360303,0.04330444,-0.06681824,0.9968109,0.03149188,0.002554642,-0.02359813,0.03149188,0.002554642,-0.02359813,0.04336548,-0.06663513,0.9968262,0.04336548,-0.06663513,0.9968262,4.745178,4.745178,True,True,True
1681644,63779589564670,-13.52347,2.591702,-0.09386349,-0.04086246,0.99639,0.005868594,-0.07417993,0.03139989,0.002514969,-0.02345017,0.03982544,-0.06243896,0.9972382,0.03151459,0.002513397,-0.02344878,0.03151459,0.002513397,-0.02344878,0.0398407,-0.06239319,0.9972534,0.0398407,-0.06239319,0.9972534,4.787308,4.787308,True,True,True
1681652,63779589564670,-13.52347,2.591702,-0.09386349,-0.04086246,0.99639,0.005868594,-0.07417993,0.03140563,0.002575608,-0.02370761,0.03051758,-0.05923462,0.9977722,0.0315388,0.002573914,-0.02370661,0.0315388,0.002573914,-0.02370661,0.03051758,-0.05915833,0.9977722,0.03051758,-0.05915833,0.9977722,4.905426,4.905426,True,True,True
1681660,63779589564681,-13.52344,2.591607,-0.09386474,-0.04099569,0.9963723,0.005704321,-0.0743583,0.03131647,0.002586044,-0.02374541,0.02752686,-0.06338501,0.9976044,0.03155667,0.002582993,-0.02374364,0.03155667,0.002582993,-0.02374364,0.02752686,-0.06326294,0.9976044,0.02752686,-0.06326294,0.9976044,4.916275,4.916275,True,True,True
1681669,63779589564692,-13.52341,2.591616,-0.09390932,-0.04107993,0.9963651,0.005600781,-0.07441607,0.03117147,0.002581131,-0.02372525,0.02424622,-0.06385803,0.9976501,0.03153961,0.002576431,-0.02372218,0.03153961,0.002576431,-0.02372218,0.02424622,-0.06367493,0.9976654,0.02424622,-0.06367493,0.9976654,4.916885,4.916885,True,True,True
1681677,63779589564703,-13.52338,2.591622,-0.09393322,-0.0411292,0.9963533,0.005667545,-0.07454184,0.03107256,0.002604721,-0.02369356,0.03923035,-0.06799316,0.9969025,0.03127168,0.002601669,-0.02368956,0.03127168,0.002601669,-0.02368956,0.03930664,-0.06788635,0.9969025,0.03930664,-0.06788635,0.9969025,4.924164,4.924164,True,True,True
1681685,63779589564703,-13.52338,2.591622,-0.09393322,-0.0411292,0.9963533,0.005667545,-0.07454184,0.02945706,0.002199249,-0.02225168,0.09867859,-0.05677795,0.9934845,0.03090657,0.002159775,-0.02215814,0.03090657,0.002159775,-0.02215814,0.09931946,-0.05609131,0.9934692,0.09931946,-0.05609131,0.9934692,5.119415,5.119415,True,True,True
1681694,63779589564714,-13.52338,2.591626,-0.09392893,-0.04130643,0.9963372,0.005596654,-0.07466306,0.002358215,0.002844605,-0.023594,0.1203613,-0.06556702,0.9905548,0.03025987,0.002338135,-0.02269438,0.03025987,0.002338135,-0.02269438,0.08940125,-0.05952454,0.9942017,0.08940125,-0.05952454,0.9942017,5.053513,5.053513,True,True,True
1681702,63779589564726,-13.52336,2.591624,-0.09393859,-0.04154505,0.9963144,0.005595302,-0.07483509,-0.007075913,0.003043961,-0.02405013,0.1837463,-0.05921936,0.9811859,0.02981534,0.00244635,-0.02302576,0.02981534,0.00244635,-0.02302576,0.1270599,-0.04518127,0.99086,0.1270599,-0.04518127,0.99086,5.044037,5.044037,True,True,True
1681710,63779589564737,-13.52334,2.591608,-0.09393507,-0.04170714,0.9962906,0.005658201,-0.0750578,-0.00877649,0.003117737,-0.02431194,0.2387238,-0.05410767,0.969574,0.02954349,0.002590683,-0.02352297,0.02954349,0.002590683,-0.02352297,0.1762238,-0.0464325,0.9832458,0.1762238,-0.0464325,0.9832458,5.062729,5.062729,True,True,True
1681719,63779589564737,-13.52334,2.591608,-0.09393507,-0.04170714,0.9962906,0.005658201,-0.0750578,-0.01689641,0.00325679,-0.02449437,0.2657013,-0.05485535,0.9624786,0.02951029,0.002611099,-0.02354312,0.02951029,0.002611099,-0.02354312,0.1930695,-0.03607178,0.9805145,0.1930695,-0.03607178,0.9805145,4.940079,4.940079,True,True,True
1681727,63779589564748,-13.52337,2.5916,-0.09391958,-0.04181477,0.9962708,0.005677115,-0.0752585,-0.02485332,0.003375412,-0.02463979,0.2684631,-0.06869507,0.9608307,0.02953067,0.002599228,-0.02350494,0.02953067,0.002599228,-0.02350494,0.1830902,-0.03303528,0.9825287,0.1830902,-0.03303528,0.9825287,4.969543,4.969543,True,True,True
1681735,63779589564759,-13.52338,2.591583,-0.0939036,-0.04192455,0.9962462,0.005584387,-0.07552967,-0.02709674,0.003392731,-0.02469212,0.2795868,-0.05807495,0.9583588,0.02955605,0.002571549,-0.02344392,0.02955605,0.002571549,-0.02344392,0.1774902,-0.04029846,0.9832916,0.1774902,-0.04029846,0.9832916,4.986862,4.986862,True,True,True
1681744,63779589564770,-13.52337,2.591544,-0.09393913,-0.04203445,0.9962121,0.00552565,-0.07592072,-0.02712883,0.003393982,-0.024677,0.2684784,-0.06109619,0.9613342,0.02957343,0.002556183,-0.02340788,0.02957343,0.002556183,-0.02340788,0.1813202,-0.03488159,0.9828033,0.1813202,-0.03488159,0.9828033,5.017532,5.017532,True,True,True
1681752,63779589564770,-13.52337,2.591544,-0.09393913,-0.04203445,0.9962121,0.00552565,-0.07592072,-0.02672116,0.003395172,-0.02464768,0.2594147,-0.06947327,0.9632568,0.02959454,0.00252565,-0.02323397,0.02959454,0.00252565,-0.02323397,0.1603241,-0.03001404,0.9866028,0.1603241,-0.03001404,0.9866028,4.967972,4.967972,True,True,True
1681760,63779589564781,-13.52339,2.591548,-0.09389752,-0.04210462,0.9961878,0.00543628,-0.07620749,-0.0267274,0.003386383,-0.02464299,0.2578278,-0.06088257,0.9642639,0.02964766,0.002452973,-0.02294304,0.02964766,0.002452973,-0.02294304,0.1675873,-0.03800964,0.9851074,0.1675873,-0.03800964,0.9851074,5.044937,5.044937,True,True,True
1681769,63779589564792,-13.52332,2.591512,-0.09391916,-0.04211595,0.9961558,0.005334426,-0.0766255,-0.02808896,0.003404373,-0.02466832,0.247818,-0.06208801,0.9668121,0.02971967,0.002248779,-0.02220621,0.02971967,0.002248779,-0.02220621,0.1740723,-0.03826904,0.9839783,0.1740723,-0.03826904,0.9839783,5.042053,5.042053,True,True,True
1681777,63779589564803,-13.52334,2.591545,-0.09387398,-0.04216318,0.9961319,0.00525608,-0.07691493,-0.02808333,0.003405899,-0.02467067,0.253006,-0.06069946,0.9655457,0.02977716,0.002101181,-0.02163226,0.02977716,0.002101181,-0.02163226,0.1824646,-0.03578186,0.9825592,0.1824646,-0.03578186,0.9825592,5.104797,5.104797,True,True,True
1681785,63779589564803,-13.52334,2.591545,-0.09387398,-0.04216318,0.9961319,0.00525608,-0.07691493,-0.02806651,0.003405304,-0.02466502,0.2480316,-0.05915833,0.9669342,0.02981711,0.002045883,-0.02143497,0.02981711,0.002045883,-0.02143497,0.190094,-0.03839111,0.9810028,0.190094,-0.03839111,0.9810028,5.160873,5.160873,True,True,True
1681794,63779589564815,-13.52337,2.591534,-0.09383625,-0.0423113,0.9960992,0.005237654,-0.07725772,-0.02805367,0.003402115,-0.02465508,0.2378082,-0.05761719,0.9695892,0.02984526,0.002036255,-0.02139639,0.02984526,0.002036255,-0.02139639,0.1912994,-0.0375061,0.9808044,0.1912994,-0.0375061,0.9808044,5.177322,5.177322,True,True,True
1681802,63779589564827,-13.52342,2.591532,-0.09384537,-0.04236935,0.9960726,0.005126949,-0.07757495,-0.02803003,0.003404953,-0.02464536,0.2371521,-0.0647583,0.9692993,0.02986514,0.002032654,-0.02138486,0.02986514,0.002032654,-0.02138486,0.1793976,-0.03796387,0.9830322,0.1793976,-0.03796387,0.9830322,5.134399,5.134399,True,True,True
1681810,63779589564838,-13.52347,2.591492,-0.09385729,-0.04247468,0.9960481,0.00524306,-0.07782426,-0.02800537,0.003399948,-0.0246406,0.2368011,-0.06443787,0.9694061,0.02989153,0.00208316,-0.02154418,0.02989153,0.00208316,-0.02154418,0.1849213,-0.03486633,0.9821167,0.1849213,-0.03486633,0.9821167,5.119766,5.119766,True,True,True
1681819,63779589564838,-13.52347,2.591492,-0.09385729,-0.04247468,0.9960481,0.00524306,-0.07782426,-0.02799379,0.003404785,-0.02462923,0.2280579,-0.0620575,0.9716644,0.02991458,0.002145905,-0.0217493,0.02991458,0.002145905,-0.0217493,0.1753235,-0.04260254,0.9835815,0.1753235,-0.04260254,0.9835815,5.131454,5.131454,True,True,True
1681827,63779589564849,-13.52355,2.591555,-0.09393907,-0.04254154,0.9960177,0.005306112,-0.07817215,-0.02797444,0.003407303,-0.0246246,0.223114,-0.05592346,0.973175,0.02993419,0.002164124,-0.02180248,0.02993419,0.002164124,-0.02180248,0.1724548,-0.0400238,0.9841919,0.1724548,-0.0400238,0.9841919,5.146591,5.146591,True,True,True
1681835,63779589564860,-13.52359,2.591573,-0.09394503,-0.04266045,0.9959862,0.005396195,-0.07850118,-0.02794148,0.003399811,-0.02461046,0.219696,-0.06916809,0.9730988,0.02996727,0.002107193,-0.02159717,0.02996727,0.002107193,-0.02159717,0.1655426,-0.04393005,0.9852142,0.1655426,-0.04393005,0.9852142,5.107239,5.107239,True,True,True
1681844,63779589564871,-13.52367,2.591631,-0.09392065,-0.04276678,0.995952,0.005495693,-0.07886983,-0.02635658,0.003357468,-0.02452626,0.2121124,-0.0645752,0.9750977,0.02998618,0.0021306,-0.02167296,0.02998618,0.0021306,-0.02167296,0.1687622,-0.04496765,0.9846191,0.1687622,-0.04496765,0.9846191,5.159897,5.159897,True,True,True
1681852,63779589564871,-13.52367,2.591631,-0.09392065,-0.04276678,0.995952,0.005495693,-0.07886983,-0.0232318,0.003282761,-0.02439197,0.2081451,-0.05265808,0.9766693,0.02999726,0.00218309,-0.02186073,0.02999726,0.00218309,-0.02186073,0.1572418,-0.04756165,0.9864044,0.1572418,-0.04756165,0.9864044,5.085159,5.085159,True,True,True
1681860,63779589564882,-13.52373,2.591644,-0.09382463,-0.04279613,0.9959286,0.005703429,-0.07913402,-0.02596448,0.003333298,-0.02450505,0.195694,-0.06277466,0.9786377,0.03000824,0.002203552,-0.02193054,0.03000824,0.002203552,-0.02193054,0.1407623,-0.04754639,0.9888916,0.1407623,-0.04754639,0.9888916,5.078262,5.078262,True,True,True
1681868,63779589564893,-13.52379,2.591695,-0.09379226,-0.04278631,0.9958965,0.005863284,-0.07952989,-0.02605374,0.003336105,-0.0245081,0.1956482,-0.06159973,0.9787292,0.03004692,0.002198471,-0.02192748,0.03004692,0.002198471,-0.02192748,0.1452789,-0.04832458,0.988205,0.1452789,-0.04832458,0.988205,5.166046,5.166046,True,True,True
1681877,63779589564904,-13.52386,2.591691,-0.09376681,-0.04289445,0.9958648,0.006128241,-0.079849,-0.02450542,0.003294602,-0.02443149,0.1954651,-0.05805969,0.9789886,0.03007923,0.002179367,-0.02186089,0.03007923,0.002179367,-0.02186089,0.1402283,-0.05400085,0.9886322,0.1402283,-0.05400085,0.9886322,5.105331,5.105331,True,True,True
1681885,63779589564904,-13.52386,2.591691,-0.09376681,-0.04289445,0.9958648,0.006128241,-0.079849,-0.01906355,0.003181031,-0.02415994,0.1816711,-0.06863403,0.980957,0.03010193,0.002192673,-0.02186347,0.03010193,0.002192673,-0.02186347,0.1422424,-0.05632019,0.9882202,0.1422424,-0.05632019,0.9882202,5.157944,5.157944,True,True,True
1681893,63779589564915,-13.52392,2.591769,-0.09370476,-0.04276552,0.9958363,0.006301506,-0.08025983,-0.01451953,0.003093018,-0.02396611,0.1699066,-0.06658936,0.9832001,0.03012795,0.002219422,-0.02197829,0.03012795,0.002219422,-0.02197829,0.1405945,-0.05639648,0.9884491,0.1405945,-0.05639648,0.9884491,5.23175,5.23175,True,True,True
1681902,63779589564927,-13.5239,2.591803,-0.0936361,-0.04266839,0.9958106,0.006421185,-0.08061932,-0.01181984,0.003021195,-0.02381935,0.1754761,-0.06318665,0.9824371,0.03009725,0.002173172,-0.0218349,0.03009725,0.002173172,-0.0218349,0.1353149,-0.06149292,0.9888763,0.1353149,-0.06149292,0.9888763,5.151627,5.151627,True,True,True
1681910,63779589564938,-13.52401,2.591841,-0.09356576,-0.04264112,0.9957854,0.006732297,-0.08091925,-0.01465167,0.003087845,-0.02394391,0.1965332,-0.06536865,0.978302,0.02992593,0.002124725,-0.02174689,0.02992593,0.002124725,-0.02174689,0.1585999,-0.04229736,0.9864197,0.1585999,-0.04229736,0.9864197,5.146393,5.146393,True,True,True
1681918,63779589564938,-13.52401,2.591841,-0.09356576,-0.04264112,0.9957854,0.006732297,-0.08091925,-0.02514433,0.003321304,-0.02449469,0.2520294,-0.05412292,0.9662018,0.02973784,0.00195958,-0.02117137,0.02973784,0.00195958,-0.02117137,0.1916656,-0.03756714,0.9807281,0.1916656,-0.03756714,0.9807281,5.118195,5.118195,True,True,True
1681927,63779589564948,-13.52407,2.591879,-0.09352559,-0.04262827,0.9957579,0.006882295,-0.08125034,-0.02584276,0.003379151,-0.02456424,0.2657318,-0.06326294,0.9619598,0.02964209,0.002076508,-0.02157868,0.02964209,0.002076508,-0.02157868,0.2059937,-0.03552246,0.9779053,0.2059937,-0.03552246,0.9779053,5.136215,5.136215,True,True,True
1681935,63779589564959,-13.52407,2.591887,-0.09348911,-0.04261658,0.9957326,0.007082736,-0.08154879,-0.02790971,0.003424103,-0.02467128,0.2682343,-0.06736755,0.9609833,0.0296667,0.001980499,-0.02116733,0.0296667,0.001980499,-0.02116733,0.2149506,-0.02610779,0.9762726,0.2149506,-0.02610779,0.9762726,5.084122,5.084122,True,True,True
1681943,63779589564971,-13.52412,2.591997,-0.09343368,-0.04262228,0.9957029,0.007158273,-0.0819008,-0.02800926,0.003417038,-0.02467523,0.262558,-0.05976868,0.9630585,0.02967555,0.002025009,-0.02135671,0.02967555,0.002025009,-0.02135671,0.2208099,-0.03413391,0.9747162,0.2208099,-0.03413391,0.9747162,5.188248,5.188248,True,True,True
1681952,63779589564971,-13.52412,2.591997,-0.09343368,-0.04262228,0.9957029,0.007158273,-0.0819008,-0.02800005,0.003405533,-0.02467301,0.264801,-0.06027222,0.9624023,0.02969779,0.002012482,-0.02132385,0.02969779,0.002012482,-0.02132385,0.2032013,-0.0280304,0.9787292,0.2032013,-0.0280304,0.9787292,5.108826,5.108826,True,True,True
1681960,63779589564982,-13.52415,2.591997,-0.09336656,-0.04268271,0.9956684,0.007362294,-0.08227018,-0.02797621,0.00338823,-0.02466092,0.2542877,-0.05793762,0.9653778,0.02972453,0.002013809,-0.0213434,0.02972453,0.002013809,-0.0213434,0.1887817,-0.02804565,0.9816132,0.1887817,-0.02804565,0.9816132,5.033005,5.033005,True,True,True
1681968,63779589564993,-13.52422,2.592049,-0.0933308,-0.04265076,0.9956369,0.007513163,-0.08265348,-0.02771726,0.003378006,-0.02464179,0.2513428,-0.06056213,0.9659882,0.02975006,0.002062622,-0.02150557,0.02975006,0.002062622,-0.02150557,0.1900787,-0.03617859,0.9810944,0.1900787,-0.03617859,0.9810944,5.022003,5.022003,True,True,True
1681977,63779589565004,-13.5243,2.592079,-0.09329814,-0.04251964,0.9956142,0.007747753,-0.08297282,-0.02695064,0.003364975,-0.02459842,0.2521057,-0.05787659,0.9659576,0.02979062,0.001973969,-0.02130174,0.02979062,0.001973969,-0.02130174,0.1875,-0.03398132,0.9816742,0.1875,-0.03398132,0.9816742,5.018936,5.018936,True,True,True
1681985,63779589565004,-13.5243,2.592079,-0.09329814,-0.04251964,0.9956142,0.007747753,-0.08297282,-0.02340798,0.003273468,-0.02438197,0.2355347,-0.05886841,0.9700775,0.02981105,0.001981293,-0.02135169,0.02981105,0.001981293,-0.02135169,0.1973572,-0.02742004,0.9799347,0.1973572,-0.02742004,0.9799347,5.132706,5.132706,True,True,True
1681993,63779589565015,-13.52442,2.592083,-0.09325802,-0.04250713,0.9955881,0.007935567,-0.08327347,-0.01206345,0.00299141,-0.02372432,0.2229004,-0.05706787,0.9731598,0.02983405,0.001974472,-0.02133458,0.02983405,0.001974472,-0.02133458,0.1891022,-0.0309906,0.9814606,0.1891022,-0.0309906,0.9814606,5.100937,5.100937,True,True,True
1682002,63779589565027,-13.52448,2.592148,-0.09323823,-0.04252775,0.9955464,0.008201588,-0.08373441,-0.008169984,0.002895218,-0.02350079,0.2236786,-0.0513916,0.9732971,0.02985982,0.001972702,-0.02132852,0.02985982,0.001972702,-0.02132852,0.1942749,-0.02565002,0.9806061,0.1942749,-0.02565002,0.9806061,5.14032,5.14032,True,True,True
1682010,63779589565027,-13.52448,2.592148,-0.09323823,-0.04253091,0.9955088,0.008475468,-0.08415128,-0.0004354554,0.002717529,-0.02309102,0.2084961,-0.04747009,0.9768524,0.02988168,0.001994904,-0.02140704,0.02988168,0.001994904,-0.02140704,0.1862793,-0.0295105,0.9820404,0.1862793,-0.0295105,0.9820404,5.08786,5.08786,True,True,True
1682018,63779589565038,-13.52461,2.592196,-0.09322131,-0.04253091,0.9955088,0.008475468,-0.08415128,-0.003183701,0.002796784,-0.0232901,0.2109985,-0.05151367,0.97612,0.0299064,0.002028855,-0.02152203,0.0299064,0.002028855,-0.02152203,0.1893463,-0.03109741,0.9814148,0.1893463,-0.03109741,0.9814148,5.103714,5.103714,True,True,True
1682027,63779589565049,-13.52462,2.592224,-0.09318191,-0.04259291,0.9954696,0.00863923,-0.08456661,-0.009865952,0.002952179,-0.02365761,0.2103577,-0.04934692,0.9763641,0.02993045,0.002035934,-0.02155594,0.02993045,0.002035934,-0.02155594,0.1855621,-0.02838135,0.9822083,0.1855621,-0.02838135,0.9822083,5.093735,5.093735,True,True,True
1682035,63779589565059,-13.52469,2.592267,-0.09318125,-0.04267122,0.9954358,0.008692186,-0.08491796,-0.0140853,0.003044724,-0.02387267,0.2048035,-0.05917358,0.977005,0.02994806,0.002035812,-0.02157178,0.02994806,0.002035812,-0.02157178,0.1785583,-0.02828979,0.9835205,0.1785583,-0.02828979,0.9835205,5.088181,5.088181,True,True,True
1682043,63779589565070,-13.52477,2.592384,-0.093104,-0.04271096,0.9954033,0.008689838,-0.08527858,-0.01622269,0.003092209,-0.02399522,0.2125549,-0.05358887,0.9756622,0.02996015,0.002029907,-0.02157167,0.02996015,0.002029907,-0.02157167,0.182251,-0.0316925,0.9827271,0.182251,-0.0316925,0.9827271,5.070663,5.070663,True,True,True
1682052,63779589565070,-13.52477,2.592384,-0.093104,-0.04271096,0.9954033,0.008689838,-0.08527858,-0.01736469,0.003109848,-0.02404126,0.2023163,-0.05789185,0.9776001,0.02998444,0.002023117,-0.02154378,0.02998444,0.002023117,-0.02154378,0.1696167,-0.03717041,0.9848022,0.1696167,-0.03717041,0.9848022,5.057571,5.057571,True,True,True
1682060,63779589565082,-13.52487,2.592439,-0.09305912,-0.04255616,0.9953869,0.008607673,-0.08555575,-0.01534963,0.003048798,-0.02393982,0.1999207,-0.05895996,0.9780273,0.02999982,0.002027298,-0.02155986,0.02999982,0.002027298,-0.02155986,0.1669617,-0.04437256,0.9849548,0.1669617,-0.04437256,0.9849548,5.107162,5.107162,True,True,True
1682068,63779589565093,-13.52497,2.592424,-0.09294754,-0.04258204,0.9953573,0.008630749,-0.08588488,-0.01192873,0.002969086,-0.02375661,0.1925964,-0.05958557,0.9794617,0.03001822,0.002029007,-0.02156018,0.03001822,0.002029007,-0.02156018,0.1675262,-0.04774475,0.9846954,0.1675262,-0.04774475,0.9846954,5.134171,5.134171,True,True,True
1682077,63779589565104,-13.52512,2.592381,-0.09293395,-0.04260708,0.9953219,0.008508339,-0.08629312,-0.005482361,0.002836868,-0.02344603,0.1910858,-0.05722046,0.9798889,0.030041,0.0020504,-0.02162361,0.030041,0.0020504,-0.02162361,0.1659546,-0.04528809,0.9850769,0.1659546,-0.04528809,0.9850769,5.068161,5.068161,True,True,True
1682085,63779589565104,-13.52512,2.592381,-0.09293395,-0.04260708,0.9953219,0.008508339,-0.08629312,0.002407379,0.00265271,-0.02302144,0.1766663,-0.05596924,0.982666,0.03007459,0.002039063,-0.02159041,0.03007459,0.002039063,-0.02159041,0.1587067,-0.0528717,0.9859009,0.1587067,-0.0528717,0.9859009,5.066483,5.066483,True,True,True
1682093,63779589565115,-13.52522,2.592376,-0.0928635,-0.0425867,0.9952826,0.008352644,-0.08677042,0.006122773,0.002564728,-0.02280318,0.1731415,-0.05656433,0.9832611,0.03009596,0.002029816,-0.02155788,0.03009596,0.002029816,-0.02155788,0.1645203,-0.04621887,0.9852753,0.1645203,-0.04621887,0.9852753,5.049744,5.049744,True,True,True
1682102,63779589565126,-13.52522,2.592318,-0.09288096,-0.04272021,0.9952298,0.008274757,-0.08731622,0.00646637,0.002551682,-0.02279402,0.1658783,-0.05198669,0.9847717,0.03011311,0.00202681,-0.02155538,0.03011311,0.00202681,-0.02155538,0.1499023,-0.04595947,0.9876251,0.1499023,-0.04595947,0.9876251,5.043121,5.043121,True,True,True
1682110,63779589565137,-13.52533,2.592316,-0.0928089,-0.04275259,0.9951737,0.008138717,-0.08795019,0.006018036,0.002563431,-0.02280335,0.1660156,-0.05619812,0.9845123,0.03013715,0.002021652,-0.02153291,0.03013715,0.002021652,-0.02153291,0.1484222,-0.04974365,0.9876709,0.1484222,-0.04974365,0.9876709,5.114258,5.114258,True,True,True
1682118,63779589565137,-13.52533,2.592316,-0.0928089,-0.04275259,0.9951737,0.008138717,-0.08795019,0.005071442,0.002575455,-0.02282329,0.1687622,-0.05683899,0.9840088,0.03016072,0.00200946,-0.02148172,0.03016072,0.00200946,-0.02148172,0.1544037,-0.04998779,0.9867401,0.1544037,-0.04998779,0.9867401,5.09491,5.09491,True,True,True
1682127,63779589565148,-13.52543,2.592274,-0.09279513,-0.04284819,0.995119,0.008038451,-0.08852997,0.005127671,0.002594025,-0.02286461,0.1594849,-0.05741882,0.9855194,0.0301845,0.002037415,-0.0215587,0.0301845,0.002037415,-0.0215587,0.1420746,-0.04866028,0.9886475,0.1420746,-0.04866028,0.9886475,5.07962,5.07962,True,True,True
1682135,63779589565160,-13.52557,2.592201,-0.09277093,-0.04282353,0.9950494,0.007912059,-0.08933158,0.00600119,0.002577973,-0.02281334,0.1503754,-0.06536865,0.9864502,0.03019963,0.002050873,-0.02159824,0.03019963,0.002050873,-0.02159824,0.1439056,-0.05389404,0.9881134,0.1439056,-0.05389404,0.9881134,5.072708,5.072708,True,True,True
1682143,63779589565170,-13.52569,2.592166,-0.09271204,-0.04285933,0.9949862,0.007840611,-0.09002145,0.0042453,0.002635758,-0.02295139,0.1577759,-0.06541443,0.9852905,0.03025104,0.002068253,-0.02167772,0.03025104,0.002068253,-0.02167772,0.1455231,-0.05323792,0.987915,0.1455231,-0.05323792,0.987915,5.030228,5.030228,True,True,True
1682152,63779589565170,-13.52569,2.592166,-0.09271204,-0.04285933,0.9949862,0.007840611,-0.09002145,0.001810455,0.002696289,-0.02309181,0.1570282,-0.06893921,0.9851837,0.03028049,0.002075455,-0.02172565,0.03028049,0.002075455,-0.02172565,0.1450653,-0.0629425,0.9874115,0.1450653,-0.0629425,0.9874115,5.082474,5.082474,True,True,True
1682160,63779589565182,-13.52583,2.592085,-0.0926252,-0.04290575,0.9949112,0.007718712,-0.09083629,-0.01880591,0.003173248,-0.0241449,0.1688538,-0.08345032,0.9820862,0.03027822,0.002204147,-0.02211383,0.03027822,0.002204147,-0.02211383,0.1343384,-0.05996704,0.9891052,0.1343384,-0.05996704,0.9891052,5.002106,5.002106,True,True,True
1682168,63779589565193,-13.52595,2.592036,-0.09259135,-0.04304535,0.9948242,0.007571512,-0.09173099,-0.02600713,0.003304489,-0.02443054,0.1629333,-0.09365845,0.9821777,0.03029238,0.00221341,-0.02214182,0.03029238,0.00221341,-0.02214182,0.1295624,-0.06121826,0.9896698,0.1295624,-0.06121826,0.9896698,4.996643,4.996643,True,True,True
1682177,63779589565204,-13.52605,2.59201,-0.09252214,-0.04331045,0.9947273,0.00744266,-0.09266294,-0.02588622,0.003285065,-0.02440952,0.1640015,-0.08323669,0.9829254,0.03035196,0.002024613,-0.02157823,0.03035196,0.002024613,-0.02157823,0.1282043,-0.04063416,0.9909058,0.1282043,-0.04063416,0.9909058,5.008209,5.008209,True,True,True
1682185,63779589565204,-13.52605,2.59201,-0.09252214,-0.04331045,0.9947273,0.00744266,-0.09266294,-0.02622491,0.003352814,-0.02449765,0.153595,-0.08432007,0.9845276,0.03038477,0.002004776,-0.02146311,0.03038477,0.002004776,-0.02146311,0.1329041,-0.04780579,0.9899597,0.1329041,-0.04780579,0.9899597,4.980072,4.980072,True,True,True
1682193,63779589565215,-13.5262,2.591921,-0.09248328,-0.04353638,0.9946133,0.007392475,-0.09377774,-0.02610788,0.003319824,-0.02448847,0.138443,-0.07424927,0.9875793,0.03040061,0.002035995,-0.02159689,0.03040061,0.002035995,-0.02159689,0.1305542,-0.0508728,0.9901276,0.1305542,-0.0508728,0.9901276,5.036285,5.036285,True,True,True
1682202,63779589565226,-13.5263,2.591872,-0.09246814,-0.0436905,0.9945071,0.007330846,-0.09483137,-0.02760674,0.003331848,-0.02450311,0.1391144,-0.07601929,0.9873505,0.03034508,0.002476044,-0.02301155,0.03034508,0.002476044,-0.02301155,0.09628296,-0.07099915,0.9928131,0.09628296,-0.07099915,0.9928131,4.927887,4.927887,True,True,True
1682210,63779589565238,-13.52643,2.591816,-0.09242833,-0.04394213,0.9943721,0.007286453,-0.09612533,-0.02760312,0.003437409,-0.02481735,0.1231995,-0.09309387,0.9879913,0.03041467,0.002292435,-0.0224442,0.03041467,0.002292435,-0.0224442,0.1056061,-0.06521606,0.9922638,0.1056061,-0.06521606,0.9922638,5.044113,5.044113,True,True,True
1682218,63779589565238,-13.52643,2.591816,-0.09242833,-0.04394213,0.9943721,0.007286453,-0.09612533,-0.02759497,0.003465256,-0.02488826,0.1193085,-0.1038666,0.9873962,0.03032172,0.002576096,-0.02320267,0.03032172,0.002576096,-0.02320267,0.08830261,-0.06958008,0.9936523,0.08830261,-0.06958008,0.9936523,5.042725,5.042725,True,True,True
1682227,63779589565248,-13.52658,2.591823,-0.09240299,-0.04403717,0.9942392,0.007291884,-0.09744836,-0.02767224,0.003418213,-0.02460037,0.151001,-0.1356354,0.9791718,0.0301888,0.002498032,-0.02287711,0.0301888,0.002498032,-0.02287711,0.1054382,-0.06774902,0.9921112,0.1054382,-0.06774902,0.9921112,5.097549,5.097549,True,True,True
1682235,63779589565259,-13.52671,2.591806,-0.09234989,-0.043919,0.9941095,0.00735285,-0.09880959,-0.02787421,0.003493042,-0.02460663,0.2112885,-0.09208679,0.9730682,0.02997969,0.002570603,-0.02266223,0.02997969,0.002570603,-0.02266223,0,0,0,0,0,0,-1,-1,True,True,True
1682243,63779589565259,-13.52671,2.591806,-0.09234989,-0.043919,0.9941095,0.00735285,-0.09880959,-0.001,-0.001,-0.001,1,-1,-1,0.02974759,0.002638168,-0.02254781,0.02974759,0.002638168,-0.02254781,0,0,0,0,0,0,-1,-1,False,True,True
1682252,63779589565272,-13.52686,2.591796,-0.09233439,-0.04372963,0.9939945,0.007412513,-0.1000388,-0.001,-0.001,-0.001,1,-1,-1,0.03137419,-0.0008517457,-0.01464592,0.03137419,-0.0008517457,-0.01464592,0,0,0,0,0,0,-1,-1,False,True,True
1682260,63779589565282,-13.52701,2.591784,-0.09230965,-0.04366328,0.9938657,0.007477774,-0.1013345,-0.001,-0.001,-0.001,1,-1,-1,0.03137419,-0.0008517457,-0.01464592,0.03137419,-0.0008517457,-0.01464592,0,0,0,0,0,0,-1,-1,False,False,False
1682268,63779589565293,-13.52715,2.591773,-0.09230649,-0.04355623,0.9937243,0.007578715,-0.1027489,-0.001,-0.001,-0.001,1,-1,-1,0.03137419,-0.0008517457,-0.01464592,0.03137419,-0.0008517457,-0.01464592,0,0,0,0,0,0,-1,-1,False,False,False
1682277,63779589565293,-13.52715,2.591773,-0.09230649,-0.04355623,0.9937243,0.007578715,-0.1027489,-0.001,-0.001,-0.001,1,-1,-1,0.03461136,8.982849E-05,-0.02366525,0.03461136,8.982849E-05,-0.02366525,0,0,0,0,0,0,-1,-1,False,True,True
1682285,63779589565304,-13.52731,2.591755,-0.09230453,-0.04341752,0.9935924,0.007650649,-0.10407,-0.001,-0.001,-0.001,1,-1,-1,0.03314308,0.0009632874,-0.02325755,0.03314308,0.0009632874,-0.02325755,0,0,0,0,0,0,-1,-1,False,True,True
1682293,63779589565315,-13.52747,2.591782,-0.09234709,-0.04320857,0.9934602,0.007612245,-0.1054128,-0.001,-0.001,-0.001,1,-1,-1,0.03535074,-0.0003094178,-0.0243438,0.03535074,-0.0003094178,-0.0243438,0,0,0,0,0,0,-1,-1,False,True,True
1682302,63779589565326,-13.52766,2.591758,-0.09236503,-0.04309722,0.9933066,0.007721682,-0.1068877,-0.001,-0.001,-0.001,1,-1,-1,0.035584,-0.0003510132,-0.02394234,0.035584,-0.0003510132,-0.02394234,0,0,0,0,0,0,-1,-1,False,True,True
1682310,63779589565326,-13.52766,2.591758,-0.09236503,-0.04309722,0.9933066,0.007721682,-0.1068877,-0.001,-0.001,-0.001,1,-1,-1,0.0314342,0.0009936524,-0.02208559,0.0314342,0.0009936524,-0.02208559,0,0,0,0,0,0,-1,-1,False,True,True
1682318,63779589565337,-13.52782,2.591747,-0.0924018,-0.04290808,0.9931515,0.007594872,-0.1084037,-0.001,-0.001,-0.001,1,-1,-1,0.0315056,0.001152268,-0.02206662,0.0315056,0.001152268,-0.02206662,0,0,0,0,0,0,-1,-1,False,True,True
1682327,63779589565348,-13.52803,2.591696,-0.09240836,-0.04270955,0.9929981,0.007428867,-0.1098878,-0.001,-0.001,-0.001,1,-1,-1,0.03126575,-0.0003830567,-0.01784599,0.03126575,-0.0003830567,-0.01784599,0,0,0,0,0,0,-1,-1,False,True,True
1682335,63779589565359,-13.52821,2.591688,-0.09243286,-0.04271958,0.9928499,0.007075261,-0.1112392,-0.001,-0.001,-0.001,1,-1,-1,0.03165936,0.001777451,-0.02202199,0.03165936,0.001777451,-0.02202199,0,0,0,0,0,0,-1,-1,False,True,True
1682343,63779589565370,-13.52839,2.591624,-0.09241265,-0.04275837,0.9926862,0.006751994,-0.1126952,-0.001,-0.001,-0.001,1,-1,-1,0.02863577,0.002725983,-0.02203403,0.02863577,0.002725983,-0.02203403,0,0,0,0,0,0,-1,-1,False,True,True
1682352,63779589565370,-13.52839,2.591624,-0.09241265,-0.04275837,0.9926862,0.006751994,-0.1126952,-0.001,-0.001,-0.001,1,-1,-1,0.02869084,0.002672028,-0.02228531,0.02869084,0.002672028,-0.02228531,0,0,0,0,0,0,-1,-1,False,True,True
1682360,63779589565382,-13.52861,2.591602,-0.09240711,-0.04293173,0.9925162,0.006345198,-0.1141417,-0.001,-0.001,-0.001,1,-1,-1,0.02870056,0.002613297,-0.02227492,0.02870056,0.002613297,-0.02227492,0,0,0,0,0,0,-1,-1,False,True,True
1682368,63779589565393,-13.5288,2.591556,-0.09239888,-0.04320826,0.9923425,0.005891948,-0.1155625,-0.001,-0.001,-0.001,1,-1,-1,0.02870467,0.002612122,-0.0223242,0.02870467,0.002612122,-0.0223242,0,0,0,0,0,0,-1,-1,False,True,True
1682377,63779589565404,-13.52909,2.591493,-0.09239119,-0.04355656,0.9921383,0.005471175,-0.1171945,-0.001,-0.001,-0.001,1,-1,-1,0.02875601,0.002566208,-0.02230669,0.02875601,0.002566208,-0.02230669,0,0,0,0,0,0,-1,-1,False,True,True
1682385,63779589565404,-13.52909,2.591493,-0.09239119,-0.04355656,0.9921383,0.005471175,-0.1171945,-0.001,-0.001,-0.001,1,-1,-1,0.02877831,0.00255156,-0.02230193,0.02877831,0.00255156,-0.02230193,0,0,0,0,0,0,-1,-1,False,True,True
1682393,63779589565415,-13.52929,2.591427,-0.09229118,-0.04405007,0.9919341,0.005114587,-0.1187445,-0.02897916,0.003774842,-0.025149,0.450882,0.002059937,0.8925629,0.02874138,0.002560547,-0.02227695,0.02874138,0.002560547,-0.02227695,0.376358,0.01902771,0.9262695,0.376358,0.01902771,0.9262695,5.154312,5.154312,True,True,True
1682402,63779589565426,-13.52953,2.591355,-0.09230006,-0.04451357,0.9917435,0.004795174,-0.1201682,-0.02896146,0.003685288,-0.02501793,0.4022369,-0.09135437,0.9109497,0.02877519,0.002536667,-0.02227765,0.02877519,0.002536667,-0.02227765,0.3792725,0.02275085,0.9250031,0.3792725,0.02275085,0.9250031,5.084732,5.084732,True,True,True
1682410,63779589565437,-13.52979,2.591374,-0.09230882,-0.04495998,0.9915493,0.00441312,-0.121611,-0.0264764,0.003645218,-0.02492642,0.4114227,-0.06256104,0.9092865,0.0287905,0.002533936,-0.02226955,0.0287905,0.002533936,-0.02226955,0.3796387,0.01501465,0.9250031,0.3796387,0.01501465,0.9250031,4.952072,4.952072,True,True,True
1682418,63779589565437,-13.52979,2.591374,-0.09230882,-0.04495998,0.9915493,0.00441312,-0.121611,0.01060286,0.002886673,-0.0231501,0.3809052,0.01225281,0.9245148,0.02880704,0.00251709,-0.02227797,0.02880704,0.00251709,-0.02227797,0.366394,0.04478455,0.9293671,0.366394,0.04478455,0.9293671,5.14888,5.14888,True,True,True
1682427,63779589565448,-13.53001,2.591341,-0.09229213,-0.04548107,0.9913451,0.004152237,-0.1230815,0.0150421,0.002757584,-0.02289481,0.3649292,-0.01229858,0.9309387,0.02885225,0.002475632,-0.0222273,0.02885225,0.002475632,-0.0222273,0.3541565,0.005172729,0.9351654,0.3541565,0.005172729,0.9351654,4.967209,4.967209,True,True,True
1682435,63779589565459,-13.53023,2.591355,-0.09226918,-0.04576455,0.9911572,0.0040267,-0.1244861,0.01585806,0.002727173,-0.02285814,0.36763,-0.002838135,0.9299622,0.02889305,0.002458496,-0.02223009,0.02889305,0.002458496,-0.02223009,0.3597565,0.01429749,0.9329224,0.3597565,0.01429749,0.9329224,4.973282,4.973282,True,True,True
1682443,63779589565470,-13.53046,2.591393,-0.09223938,-0.0460362,0.990959,0.003908207,-0.1259593,0.01557341,0.002768265,-0.02284506,0.3572388,-0.005371094,0.9339905,0.02889436,0.002508179,-0.02219379,0.02889436,0.002508179,-0.02219379,0.3461609,0.008987427,0.9381256,0.3461609,0.008987427,0.9381256,5.006851,5.006851,True,True,True
1682452,63779589565470,-13.53046,2.591393,-0.09223938,-0.0460362,0.990959,0.003908207,-0.1259593,0.0124083,0.002828705,-0.02299773,0.3582764,-0.00163269,0.933609,0.02891292,0.002510849,-0.02219306,0.02891292,0.002510849,-0.02219306,0.3464813,0.01574707,0.937912,0.3464813,0.01574707,0.937912,5.022247,5.022247,True,True,True
1682460,63779589565481,-13.53073,2.591442,-0.09224194,-0.04625171,0.9907629,0.003869768,-0.1274155,0.009861512,0.002842651,-0.02311977,0.3527069,-0.0007781982,0.93573,0.02895903,0.002458359,-0.02219296,0.02895903,0.002458359,-0.02219296,0.3403473,0.01849365,0.9401093,0.3403473,0.01849365,0.9401093,4.979477,4.979477,True,True,True
1682468,63779589565493,-13.53103,2.591463,-0.09226352,-0.04630606,0.9905528,0.00374988,-0.1290224,0.005680176,0.002919556,-0.02332402,0.3583527,-0.000289917,0.9335785,0.02897722,0.002444397,-0.02219911,0.02897722,0.002444397,-0.02219911,0.3443298,0.02600098,0.9384766,0.3443298,0.02600098,0.9384766,4.965454,4.965454,True,True,True
1682477,63779589565504,-13.53125,2.591456,-0.09228671,-0.04640317,0.9903594,0.003771828,-0.130464,0.003021622,0.002981415,-0.02342618,0.3501587,-0.01409912,0.9365692,0.02895554,0.002472519,-0.02216644,0.02895554,0.002472519,-0.02216644,0.3312531,0.01011658,0.9434814,0.3312531,0.01011658,0.9434814,5.068069,5.068069,True,True,True
1682485,63779589565504,-13.53125,2.591456,-0.09228671,-0.04640317,0.9903594,0.003771828,-0.130464,0.003836029,0.002958054,-0.02339114,0.3530884,-0.002334595,0.9355774,0.02899425,0.002458817,-0.02216039,0.02899425,0.002458817,-0.02216039,0.3328705,0.01525879,0.9428406,0.3328705,0.01525879,0.9428406,5.067123,5.067123,True,True,True
1682493,63779589565515,-13.53154,2.591446,-0.09232157,-0.0465401,0.9901717,0.003734194,-0.1318335,0.005077316,0.002919022,-0.023315,0.3416901,-0.006820679,0.9397736,0.02902333,0.002443161,-0.02214903,0.02902333,0.002443161,-0.02214903,0.3266449,0.01313782,0.9450531,0.3266449,0.01313782,0.9450531,5.042587,5.042587,True,True,True
1682502,63779589565526,-13.53176,2.591448,-0.09232777,-0.04661677,0.9899905,0.00354621,-0.1331655,0.00570694,0.002905899,-0.02328401,0.3340454,0.00428772,0.9425354,0.0290472,0.002440781,-0.02214815,0.0290472,0.002440781,-0.02214815,0.3182526,0.02249146,0.9477234,0.3182526,0.02249146,0.9477234,4.991226,4.991226,True,True,True
1682510,63779589565537,-13.53202,2.591489,-0.09235728,-0.04660629,0.9898065,0.003380814,-0.1345346,0.005897904,0.002900162,-0.02326953,0.3297272,0.00402832,0.9440613,0.02906449,0.002442429,-0.02214456,0.02906449,0.002442429,-0.02214456,0.3123474,0.02354431,0.9496613,0.3123474,0.02354431,0.9496613,4.942657,4.942657,True,True,True
1682518,63779589565537,-13.53202,2.591489,-0.09235728,-0.04660629,0.9898065,0.003380814,-0.1345346,0.007249329,0.002874252,-0.02319534,0.3296814,-0.001525879,0.9440765,0.02909595,0.002440384,-0.02213573,0.02909595,0.002440384,-0.02213573,0.3160095,0.01501465,0.9486237,0.3160095,0.01501465,0.9486237,5.04393,5.04393,True,True,True
1682527,63779589565548,-13.5323,2.591542,-0.09239841,-0.04641649,0.9896431,0.003162751,-0.1358012,0.006969498,0.002871918,-0.02320033,0.3236237,0.005126953,0.946167,0.02913634,0.00243132,-0.02212631,0.02913634,0.00243132,-0.02212631,0.3057251,0.02349854,0.9518127,0.3057251,0.02349854,0.9518127,4.979721,4.979721,True,True,True
1682535,63779589565559,-13.53249,2.591556,-0.09241652,-0.04627651,0.9894768,0.002920693,-0.1370602,0.007005143,0.002867172,-0.02318791,0.3160248,0.004272461,0.9487305,0.02915405,0.002426895,-0.02211437,0.02915405,0.002426895,-0.02211437,0.2964478,0.02099609,0.9548035,0.2964478,0.02099609,0.9548035,4.953552,4.953552,True,True,True
1682543,63779589565571,-13.53276,2.591668,-0.09248823,-0.04596918,0.9893262,0.002279658,-0.1382577,0.007454255,0.002858032,-0.02315765,0.3184052,-0.008499146,0.9479065,0.02918326,0.002429291,-0.02210253,0.02918326,0.002429291,-0.02210253,0.296814,0.006607056,0.954895,0.296814,0.006607056,0.954895,5.001007,5.001007,True,True,True
1682552,63779589565571,-13.53276,2.591668,-0.09248823,-0.04596918,0.9893262,0.002279658,-0.1382577,0.007931763,0.002848572,-0.02312846,0.3115082,-0.001480103,0.9502258,0.02921645,0.002429718,-0.02209869,0.02921645,0.002429718,-0.02209869,0.2946014,0.01219177,0.9555359,0.2946014,0.01219177,0.9555359,4.914734,4.914734,True,True,True
1682560,63779589565581,-13.53296,2.59167,-0.09253079,-0.04578406,0.9891872,0.001815207,-0.1393166,0.008210511,0.002843262,-0.02311821,0.3142853,0.004364014,0.9493103,0.02924809,0.002431687,-0.02210297,0.02924809,0.002431687,-0.02210297,0.3013153,0.01856995,0.9533386,0.3013153,0.01856995,0.9533386,4.966293,4.966293,True,True,True
1682568,63779589565593,-13.53314,2.591645,-0.09257746,-0.04566719,0.9890475,0.00113814,-0.1403505,0.007886795,0.00284166,-0.02310715,0.2992706,-0.007492065,0.9541321,0.02927132,0.002424484,-0.02207456,0.02927132,0.002424484,-0.02207456,0.2830811,0.01124573,0.9590149,0.2830811,0.01124573,0.9590149,4.989059,4.989059,True,True,True
1682577,63779589565604,-13.53338,2.591645,-0.09263176,-0.04555398,0.9889165,0.0004479662,-0.1413113,0.007663788,0.002855087,-0.02312126,0.2998352,-0.009140015,0.9539337,0.02928496,0.002440277,-0.02207498,0.02928496,0.002440277,-0.02207498,0.2827148,0.00491333,0.9591827,0.2827148,0.00491333,0.9591827,4.975555,4.975555,True,True,True
1682585,63779589565604,-13.53338,2.591645,-0.09263176,-0.04555398,0.9889165,0.0004479662,-0.1413113,0.007408905,0.002862137,-0.02312645,0.2965393,-0.006256104,0.9549866,0.02931172,0.002443039,-0.02206232,0.02931172,0.002443039,-0.02206232,0.2810364,0.0001373291,0.9596863,0.2810364,0.0001373291,0.9596863,4.986237,4.986237,True,True,True
1682593,63779589565615,-13.53355,2.591668,-0.09265608,-0.04537446,0.9887888,-0.0003969261,-0.1422591,0.007067063,0.002872543,-0.02314137,0.3018494,-0.007873535,0.9533081,0.02932666,0.002448425,-0.02206604,0.02932666,0.002448425,-0.02206604,0.2887878,0.00390625,0.9573669,0.2887878,0.00390625,0.9573669,5.012192,5.012192,True,True,True
1682602,63779589565626,-13.5337,2.591746,-0.09271801,-0.04498895,0.9886771,-0.001359423,-0.1431496,0.006816315,0.002873612,-0.02314282,0.2963715,-0.0003356934,0.9550629,0.02936162,0.002439133,-0.02204909,0.02936162,0.002439133,-0.02204909,0.2823792,0.01445007,0.9591827,0.2823792,0.01445007,0.9591827,5.034607,5.034607,True,True,True
1682610,63779589565637,-13.53384,2.59183,-0.0927574,-0.04461434,0.9885832,-0.002436283,-0.1438987,0.007488709,0.002845505,-0.02309833,0.294693,0.001953125,0.9555817,0.02938628,0.002439926,-0.02203844,0.02938628,0.002439926,-0.02203844,0.2845306,0.01257324,0.9585724,0.2845306,0.01257324,0.9585724,5.011429,5.011429,True,True,True
1682618,63779589565637,-13.53384,2.59183,-0.0927574,-0.04461434,0.9885832,-0.002436283,-0.1438987,0.00630513,0.002878967,-0.02313878,0.2893524,-0.008148193,0.9571686,0.02940222,0.002433304,-0.02201151,0.02940222,0.002433304,-0.02201151,0.2752838,0.007278442,0.961319,0.2752838,0.007278442,0.961319,5.017303,5.017303,True,True,True
1682627,63779589565648,-13.53399,2.591822,-0.09279972,-0.04427415,0.9884867,-0.003578803,-0.1446411,0.005650971,0.00287735,-0.02316893,0.2885895,0.002944946,0.9574432,0.02942154,0.002437241,-0.02200845,0.02942154,0.002437241,-0.02200845,0.2732239,0.01411438,0.9618378,0.2732239,0.01411438,0.9618378,5.022797,5.022797,True,True,True
1682635,63779589565659,-13.53414,2.591805,-0.09285271,-0.04407758,0.9883815,-0.004770735,-0.1453837,0.00548584,0.002879913,-0.02317415,0.2909851,0.001953125,0.9567108,0.02943888,0.002440415,-0.022009,0.02943888,0.002440415,-0.022009,0.2807465,0.01339722,0.959671,0.2807465,0.01339722,0.959671,5.072449,5.072449,True,True,True
1682643,63779589565670,-13.53428,2.591763,-0.09290862,-0.04383519,0.9882799,-0.006212828,-0.1460918,0.005164704,0.002886872,-0.02317332,0.2828369,0.001663208,0.9591522,0.02945186,0.00244632,-0.02198265,0.02945186,0.00244632,-0.02198265,0.2692719,0.01048279,0.9629974,0.2692719,0.01048279,0.9629974,5.020874,5.020874,True,True,True
1682652,63779589565670,-13.53428,2.591763,-0.09290862,-0.04383519,0.9882799,-0.006212828,-0.1460918,0.004315079,0.002908417,-0.02320247,0.2770844,0.001861572,0.9608307,0.02946306,0.002451096,-0.02196153,0.02946306,0.002451096,-0.02196153,0.2581787,0.01255798,0.9660034,0.2581787,0.01255798,0.9660034,4.993103,4.993103,True,True,True
1682660,63779589565681,-13.53439,2.591711,-0.0929544,-0.04362494,0.9881731,-0.007779243,-0.1468003,0.004229019,0.002920868,-0.02321019,0.2773438,0.005432129,0.9607544,0.02947946,0.002472412,-0.02197002,0.02947946,0.002472412,-0.02197002,0.2648163,0.01237488,0.9642029,0.2648163,0.01237488,0.9642029,5.094864,5.094864,True,True,True
1682668,63779589565693,-13.53451,2.591682,-0.09304065,-0.04348701,0.9880463,-0.009487076,-0.1475921,0.004450562,0.002925019,-0.02319797,0.2816315,-0.0007019043,0.9595184,0.02950041,0.002486069,-0.02197078,0.02950041,0.002486069,-0.02197078,0.2711792,0.006011963,0.9624939,0.2711792,0.006011963,0.9624939,5.090057,5.090057,True,True,True
1682677,63779589565704,-13.53471,2.591635,-0.09310395,-0.04348262,0.9878978,-0.01126106,-0.14846,0.004736221,0.002928085,-0.02318028,0.276947,0.003540039,0.9608612,0.02951732,0.002498444,-0.02196829,0.02951732,0.002498444,-0.02196829,0.2674103,0.0116272,0.963501,0.2674103,0.0116272,0.963501,5.089249,5.089249,True,True,True
1682685,63779589565704,-13.53471,2.591635,-0.09310395,-0.04348262,0.9878978,-0.01126106,-0.14846,0.004825684,0.002928543,-0.02316181,0.2702332,0.009063721,0.962738,0.02953671,0.002499878,-0.02194106,0.02953671,0.002499878,-0.02194106,0.2530365,0.01847839,0.9672699,0.2530365,0.01847839,0.9672699,5.051727,5.051727,True,True,True
1682693,63779589565715,-13.53487,2.591517,-0.09316075,-0.04354148,0.9877277,-0.01304632,-0.1494254,0.00522522,0.002926651,-0.02312856,0.2670288,0.008789063,0.9636383,0.02955388,0.002504013,-0.02192082,0.02955388,0.002504013,-0.02192082,0.2518616,0.01567078,0.9676208,0.2518616,0.01567078,0.9676208,5.054855,5.054855,True,True,True
1682702,63779589565726,-13.53503,2.591405,-0.09321058,-0.04362328,0.9875482,-0.01501882,-0.150399,0.005766144,0.00293483,-0.02310829,0.2580872,0.01550293,0.9659882,0.02957419,0.002484772,-0.02194197,0.02957419,0.002484772,-0.02194197,0.2461548,0.03186035,0.9687042,0.2461548,0.03186035,0.9687042,5.005524,5.005524,True,True,True
1682710,63779589565737,-13.53524,2.591262,-0.09319162,-0.04362235,0.9873393,-0.01719353,-0.1515341,0.004722595,0.002972138,-0.02313532,0.2449341,0.02090454,0.9692993,0.02959587,0.002524612,-0.02189188,0.02959587,0.002524612,-0.02189188,0.2271118,0.03623962,0.9731903,0.2271118,0.03623962,0.9731903,4.907654,4.907654,True,True,True
1682718,63779589565737,-13.53524,2.591262,-0.09319162,-0.04362235,0.9873393,-0.01719353,-0.1515341,0.003634445,0.00301886,-0.02315941,0.2464752,0.01702881,0.9689941,0.02962602,0.002535111,-0.02184976,0.02962602,0.002535111,-0.02184976,0.226059,0.03671265,0.9734192,0.226059,0.03671265,0.9734192,5.054184,5.054184,True,True,True
1682727,63779589565748,-13.53541,2.591122,-0.09323663,-0.04349872,0.9871262,-0.01952105,-0.1526715,0.004927673,0.003034103,-0.02313576,0.2631531,0.01812744,0.9645691,0.02974416,0.002562302,-0.02193161,0.02974416,0.002562302,-0.02193161,0.2568512,0.05151367,0.9650726,0.2568512,0.05151367,0.9650726,5.128418,5.128418,True,True,True
1682735,63779589565759,-13.53559,2.590973,-0.09326726,-0.04329799,0.9869259,-0.02196285,-0.1536889,0.00505246,0.003068421,-0.02306018,0.2373199,-0.02896118,0.970993,0.02968245,0.002613846,-0.02185285,0.02968245,0.002613846,-0.02185285,0.2336578,-0.005233765,0.97229,0.2336578,-0.005233765,0.97229,4.812408,4.812408,True,True,True
1682743,63779589565771,-13.5358,2.590828,-0.09330457,-0.04313657,0.9866912,-0.02466357,-0.1548271,-0.02809973,0.003711945,-0.02467656,0.2556305,-0.06245422,0.9647522,0.02977661,0.002643555,-0.02176996,0.02977661,0.002643555,-0.02176996,0,0,0,0,0,0,-1,-1,True,True,True
1682752,63779589565771,-13.5358,2.590828,-0.09330457,-0.04313657,0.9866912,-0.02466357,-0.1548271,-0.001,-0.001,-0.001,1,-1,-1,0.02983219,0.002678604,-0.02177994,0.02983219,0.002678604,-0.02177994,0,0,0,0,0,0,-1,-1,False,True,True
1682760,63779589565782,-13.53602,2.590581,-0.0933035,-0.04295348,0.9864388,-0.027426,-0.1560173,-0.001,-0.001,-0.001,1,-1,-1,0.02961272,0.002903443,-0.02213242,0.02961272,0.002903443,-0.02213242,0,0,0,0,0,0,-1,-1,False,True,True
1682768,63779589565792,-13.53617,2.59031,-0.09334338,-0.04288719,0.9861413,-0.03058322,-0.1573237,-0.001,-0.001,-0.001,1,-1,-1,0.02991167,0.002792038,-0.02187828,0.02991167,0.002792038,-0.02187828,0,0,0,0,0,0,-1,-1,False,True,True
1682777,63779589565804,-13.5364,2.590033,-0.09332883,-0.04285458,0.9858276,-0.0337854,-0.1586375,-0.001,-0.001,-0.001,1,-1,-1,0.03073866,0.0008337098,-0.01575551,0.03073866,0.0008337098,-0.01575551,0,0,0,0,0,0,-1,-1,False,True,True
1682785,63779589565804,-13.5364,2.590033,-0.09332883,-0.04285458,0.9858276,-0.0337854,-0.1586375,-0.001,-0.001,-0.001,1,-1,-1,0.03129178,0.0007253876,-0.01767709,0.03129178,0.0007253876,-0.01767709,0,0,0,0,0,0,-1,-1,False,True,True
1682793,63779589565815,-13.53664,2.589755,-0.09333062,-0.04296349,0.9854655,-0.03698607,-0.1601373,-0.001,-0.001,-0.001,1,-1,-1,0.03147345,0.0009318543,-0.02203471,0.03147345,0.0009318543,-0.02203471,0,0,0,0,0,0,-1,-1,False,True,True
1682802,63779589565826,-13.53702,2.589513,-0.0933857,-0.04313079,0.9850775,-0.03993379,-0.1617634,-0.001,-0.001,-0.001,1,-1,-1,0.03125273,0.0006903687,-0.02205943,0.03125273,0.0006903687,-0.02205943,0,0,0,0,0,0,-1,-1,False,True,True
1682810,63779589565837,-13.53739,2.589247,-0.09339261,-0.04335273,0.9846402,-0.04272604,-0.1636419,-0.001,-0.001,-0.001,1,-1,-1,0.03284923,0.0007873688,-0.02192436,0.03284923,0.0007873688,-0.02192436,0,0,0,0,0,0,-1,-1,False,True,True
1682818,63779589565837,-13.53739,2.589247,-0.09339261,-0.04335273,0.9846402,-0.04272604,-0.1636419,-0.001,-0.001,-0.001,1,-1,-1,0.03056491,0.001183136,-0.02183725,0.03056491,0.001183136,-0.02183725,0,0,0,0,0,0,-1,-1,False,True,True
1682827,63779589565848,-13.5378,2.588901,-0.09338528,-0.04366088,0.9841259,-0.04577017,-0.165816,-0.001,-0.001,-0.001,1,-1,-1,0.03556529,0.001265945,-0.02436571,0.03556529,0.001265945,-0.02436571,0,0,0,0,0,0,-1,-1,False,True,True
1682835,63779589565859,-13.53827,2.588433,-0.0932678,-0.0442058,0.983525,-0.04903026,-0.1682871,-0.001,-0.001,-0.001,1,-1,-1,0.03443912,0.0008517914,-0.02456595,0.03443912,0.0008517914,-0.02456595,0,0,0,0,0,0,-1,-1,False,True,True
1682843,63779589565859,-13.53827,2.588433,-0.0932678,-0.0442058,0.983525,-0.04903026,-0.1682871,-0.001,-0.001,-0.001,1,-1,-1,0.03144954,0.0004179077,-0.02216332,0.03144954,0.0004179077,-0.02216332,0,0,0,0,0,0,-1,-1,False,True,True
1682852,63779589565870,-13.53873,2.587881,-0.09310108,-0.04501268,0.9828172,-0.05262827,-0.1710978,-0.001,-0.001,-0.001,1,-1,-1,0.03209276,0.0009174042,-0.02197049,0.03209276,0.0009174042,-0.02197049,0,0,0,0,0,0,-1,-1,False,True,True
1682860,63779589565881,-13.5393,2.587352,-0.09282851,-0.04619112,0.9820451,-0.05635922,-0.1740045,-0.001,-0.001,-0.001,1,-1,-1,0.03291353,0.00150827,-0.02182747,0.03291353,0.00150827,-0.02182747,0,0,0,0,0,0,-1,-1,False,True,True
1682868,63779589565892,-13.53992,2.586717,-0.09250939,-0.04773836,0.9811584,-0.06029546,-0.1772394,-0.001,-0.001,-0.001,1,-1,-1,0.03179613,-0.0002303925,-0.02243076,0.03179613,-0.0002303925,-0.02243076,0,0,0,0,0,0,-1,-1,False,True,True
1682877,63779589565892,-13.53992,2.586717,-0.09250939,-0.04773836,0.9811584,-0.06029546,-0.1772394,-0.001,-0.001,-0.001,1,-1,-1,0.0355201,0.0005331574,-0.02534461,0.0355201,0.0005331574,-0.02534461,0,0,0,0,0,0,-1,-1,False,True,True
1682885,63779589565903,-13.54059,2.586159,-0.09219521,-0.04939456,0.9802085,-0.06389987,-0.1807437,-0.001,-0.001,-0.001,1,-1,-1,0.03404504,0.00113884,-0.02525288,0.03404504,0.00113884,-0.02525288,0,0,0,0,0,0,-1,-1,False,True,True
1682893,63779589565915,-13.5413,2.585606,-0.09186137,-0.05143126,0.979143,-0.06697134,-0.1847939,-0.001,-0.001,-0.001,1,-1,-1,0.03193575,0.0008847504,-0.0220058,0.03193575,0.0008847504,-0.0220058,0,0,0,0,0,0,-1,-1,False,True,True
1682902,63779589565926,-13.5421,2.58512,-0.09147662,-0.05336606,0.9780514,-0.06976172,-0.1889466,-0.001,-0.001,-0.001,1,-1,-1,0.03185857,0.0005769653,-0.02219756,0.03185857,0.0005769653,-0.02219756,0,0,0,0,0,0,-1,-1,False,True,True
1682910,63779589565937,-13.54287,2.584535,-0.09113604,-0.05512611,0.9768637,-0.07235988,-0.1935523,-0.001,-0.001,-0.001,1,-1,-1,0.03176146,0.0006807556,-0.02214731,0.03176146,0.0006807556,-0.02214731,0,0,0,0,0,0,-1,-1,False,True,True
1682918,63779589565937,-13.54287,2.584535,-0.09113604,-0.05512611,0.9768637,-0.07235988,-0.1935523,-0.001,-0.001,-0.001,1,-1,-1,0.03164467,0.000562088,-0.02216118,0.03164467,0.000562088,-0.02216118,0,0,0,0,0,0,-1,-1,False,True,True
1682927,63779589565948,-13.54377,2.584032,-0.09070224,-0.05663508,0.9756686,-0.07514642,-0.1980311,-0.001,-0.001,-0.001,1,-1,-1,0.03169385,0.0007873383,-0.02210666,0.03169385,0.0007873383,-0.02210666,0,0,0,0,0,0,-1,-1,False,True,True
1682935,63779589565960,-13.54461,2.583492,-0.09031934,-0.05750506,0.9744824,-0.07783449,-0.2025316,-0.001,-0.001,-0.001,1,-1,-1,0.03213751,0.001176041,-0.02201376,0.03213751,0.001176041,-0.02201376,0,0,0,0,0,0,-1,-1,False,True,True
1682943,63779589565970,-13.5454,2.583031,-0.08990914,-0.05800026,0.9733154,-0.08057077,-0.2068854,-0.001,-0.001,-0.001,1,-1,-1,0.031967,0.0009158631,-0.02206595,0.031967,0.0009158631,-0.02206595,0,0,0,0,0,0,-1,-1,False,True,True
1682952,63779589565970,-13.5454,2.583031,-0.08990914,-0.05800026,0.9733154,-0.08057077,-0.2068854,-0.001,-0.001,-0.001,1,-1,-1,0.03161063,0.001093308,-0.0220275,0.03161063,0.001093308,-0.0220275,0,0,0,0,0,0,-1,-1,False,True,True
1682960,63779589565981,-13.5462,2.582659,-0.08957058,-0.05830072,0.9721684,-0.08316855,-0.2111225,-0.03068337,0.002349503,-0.02597228,0.4687653,-0.1190491,0.8752441,0.03153183,0.001081665,-0.02201558,0.03153183,0.001081665,-0.02201558,0,0,0,0,0,0,-1,-1,True,True,True
1682968,63779589565993,-13.54699,2.582315,-0.08921397,-0.05837527,0.9710733,-0.08530371,-0.2152495,-0.02762714,0.003732163,-0.0246333,0.3851166,-0.3180237,0.866333,0.0322348,0.001738846,-0.021678,0.0322348,0.001738846,-0.021678,0,0,0,0,0,0,-1,-1,True,True,True
1682977,63779589566004,-13.54779,2.582042,-0.08888078,-0.05855789,0.9699762,-0.08700501,-0.219425,-0.02832211,0.003300263,-0.02498381,0.5433807,-0.2086029,0.8131409,0.03266036,0.001798981,-0.02185291,0.03266036,0.001798981,-0.02185291,0,0,0,0,0,0,-1,-1,True,True,True
1682985,63779589566004,-13.54779,2.582042,-0.08888078,-0.05855789,0.9699762,-0.08700501,-0.219425,-0.0275761,0.004012192,-0.02432492,0.2287292,-0.4062958,0.8846436,0.03219302,0.001709839,-0.02171133,0.03219302,0.001709839,-0.02171133,0,0,0,0,0,0,-1,-1,True,True,True
1682993,63779589566015,-13.54856,2.581894,-0.08857173,-0.05868607,0.9689002,-0.08781623,-0.2237779,-0.0285201,0.002830948,-0.02486556,0.3197937,-0.1572113,0.9343414,0.03116593,0.001156036,-0.02217891,0.03116593,0.001156036,-0.02217891,0,0,0,0,0,0,-1,-1,True,True,True
1683002,63779589566026,-13.54928,2.581748,-0.08829671,-0.05876468,0.9677765,-0.08852953,-0.2282933,-0.02994307,0.003343949,-0.02489774,0.05302429,-0.04722595,0.997467,0.03236084,0.001496811,-0.02187215,0.03236084,0.001496811,-0.02187215,0,0,0,0,0,0,-1,-1,True,True,True
1683010,63779589566037,-13.55005,2.581734,-0.08803391,-0.05858933,0.9667279,-0.08884931,-0.2326164,-0.02931307,0.004267227,-0.02468285,0.1917725,-0.2081909,0.9590912,0.03101288,0.002097122,-0.01724564,0.03101288,0.002097122,-0.01724564,0,0,0,0,0,0,-1,-1,True,True,True
1683018,63779589566037,-13.55005,2.581734,-0.08803391,-0.05858933,0.9667279,-0.08884931,-0.2326164,-0.02698653,0.004392975,-0.02336046,0.2516632,-0.2443542,0.9364471,0.03030232,0.002817001,-0.0195007,0.03030232,0.002817001,-0.0195007,0,0,0,0,0,0,-1,-1,True,True,True
1683027,63779589566048,-13.55074,2.581628,-0.08779001,-0.05826738,0.9657382,-0.08910284,-0.2366754,-0.02734631,0.004303345,-0.0245156,0.1705322,-0.1515198,0.9736176,0.03059421,0.003301498,-0.02162856,0.03059421,0.003301498,-0.02162856,0,0,0,0,0,0,-1,-1,True,True,True
1683035,63779589566059,-13.55148,2.581639,-0.08756423,-0.05775644,0.9648409,-0.08900185,-0.2404681,-0.02712047,0.003209641,-0.0221729,0.1402588,-0.02374268,0.9898224,0.03072725,0.003610581,-0.02352611,0.03072725,0.003610581,-0.02352611,0,0,0,0,0,0,-1,-1,True,True,True
1683043,63779589566071,-13.55209,2.581615,-0.0872919,-0.05725844,0.9639779,-0.08887765,-0.2440674,-0.027353,0.00465065,-0.02648007,0.08480835,-0.1109924,0.9901886,0.02955142,0.001174866,-0.01956537,0.02955142,0.001174866,-0.01956537,0,0,0,0,0,0,-1,-1,True,True,True
1683052,63779589566071,-13.55209,2.581615,-0.0872919,-0.05725844,0.9639779,-0.08887765,-0.2440674,-0.02702852,0.003828262,-0.02201021,0.1409149,-0.1152802,0.9832764,0.03085286,0.003461945,-0.02195133,0.03085286,0.003461945,-0.02195133,0,0,0,0,0,0,-1,-1,True,True,True
1683060,63779589566081,-13.55257,2.581618,-0.08703333,-0.05674739,0.9631197,-0.08875909,-0.2475923,-0.02727332,0.004637802,-0.02633026,0.09454346,-0.04144287,0.9946442,0.03101105,0.003814789,-0.02370822,0.03101105,0.003814789,-0.02370822,0,0,0,0,0,0,-1,-1,True,True,True
1683068,63779589566093,-13.55313,2.581695,-0.08678949,-0.05654797,0.9623158,-0.08866562,-0.2507768,-0.02721488,0.00470575,-0.02649968,0.09223938,-0.04640198,0.9946442,0.03108928,0.003505097,-0.02226396,0.03108928,0.003505097,-0.02226396,0,0,0,0,0,0,-1,-1,True,True,True
1683076,63779589566104,-13.55363,2.581634,-0.08655828,-0.05628631,0.9616022,-0.08832411,-0.253677,-0.02721199,0.004601105,-0.02614745,0.09236145,-0.009307861,0.9956665,0.03093572,0.003147141,-0.0210985,0.03093572,0.003147141,-0.0210985,0,0,0,0,0,0,-1,-1,True,True,True
1683085,63779589566104,-13.55363,2.581634,-0.08655828,-0.05628631,0.9616022,-0.08832411,-0.253677,-0.02713796,0.004512772,-0.02590868,0.08601379,-0.004364014,0.9962769,0.03114101,0.003394821,-0.02178014,0.03114101,0.003394821,-0.02178014,0,0,0,0,0,0,-1,-1,True,True,True
1683093,63779589566115,-13.55407,2.581611,-0.08638579,-0.05649901,0.9609497,-0.08804373,-0.2561871,-0.02708151,0.004472596,-0.02576746,0.07839966,0.001678467,0.9969177,0.03111063,0.004180283,-0.02576105,0.03111063,0.004180283,-0.02576105,0,0,0,0,0,0,-1,-1,True,True,True
1683101,63779589566126,-13.55446,2.581627,-0.08614266,-0.05656886,0.9603611,-0.0877397,-0.2584732,0.006799225,0.004157044,-0.02535048,0.07330322,-0.002853394,0.9972992,0.03123863,0.003816849,-0.02464497,0.03123863,0.003816849,-0.02464497,0.07777405,0.02064514,0.9967499,0.07777405,0.02064514,0.9967499,4.960159,4.960159,True,True,True
1683110,63779589566137,-13.55466,2.581581,-0.08594334,-0.05691686,0.959892,-0.08749369,-0.2602165,0.007726258,0.004022705,-0.0250315,0.08996582,-0.003738403,0.9959259,0.03126285,0.003763489,-0.0246304,0.03126285,0.003763489,-0.0246304,0.1041565,0.001571655,0.9945526,0.1041565,0.001571655,0.9945526,4.953491,4.953491,True,True,True
1683118,63779589566137,-13.55466,2.581581,-0.08594334,-0.05691686,0.959892,-0.08749369,-0.2602165,-0.02698294,0.004059174,-0.02464391,0.04750061,0.006698608,0.9988403,0.03131525,0.003737961,-0.02455863,0.03131525,0.003737961,-0.02455863,0.07794189,0.06246948,0.9949951,0.07794189,0.06246948,0.9949951,5.111221,5.111221,True,True,True
1683126,63779589566148,-13.55501,2.581599,-0.08575928,-0.05724479,0.9594871,-0.08727784,-0.2617065,-0.02701006,0.004352768,-0.02558335,0.03547668,-0.0319519,0.9988556,0.03132955,0.003700791,-0.02454314,0.03132955,0.003700791,-0.02454314,0.09396362,0.05033875,0.9942932,0.09396362,0.05033875,0.9942932,5.097473,5.097473,True,True,True
1683135,63779589566159,-13.55521,2.581523,-0.08559722,-0.05760397,0.9593267,-0.08700898,-0.2623042,-0.02698973,0.004386459,-0.02570918,0.03153992,-0.02728271,0.999115,0.03135286,0.003702271,-0.02462653,0.03135286,0.003702271,-0.02462653,0.08473206,0.03536987,0.9957733,0.08473206,0.03536987,0.9957733,5.120834,5.120834,True,True,True
1683143,63779589566170,-13.55536,2.581448,-0.08547318,-0.05824596,0.9592365,-0.08683332,-0.2625506,-0.02695535,0.004396286,-0.02577881,0.03034973,-0.02406311,0.9992371,0.03138603,0.003655167,-0.02449698,0.03138603,0.003655167,-0.02449698,0.07946777,-0.007125854,0.9967957,0.07946777,-0.007125854,0.9967957,4.958893,4.958893,True,True,True
1683151,63779589566170,-13.55536,2.581448,-0.08547318,-0.05824596,0.9592365,-0.08683332,-0.2625506,-0.02686543,0.004331284,-0.02559558,0.04898071,-0.02455139,0.9984894,0.03146068,0.003469803,-0.02404451,0.03146068,0.003469803,-0.02404451,0.09629822,0.03968811,0.9945526,0.09629822,0.03968811,0.9945526,5.059113,5.059113,True,True,True
1683160,63779589566182,-13.55547,2.581373,-0.08538127,-0.05889712,0.9592414,-0.08660508,-0.2624629,-0.01507489,0.003671539,-0.02383992,0.06341553,0.02420044,0.9976807,0.03148101,0.003694794,-0.02505367,0.03148101,0.003694794,-0.02505367,0.09384155,0.02633667,0.995224,0.09384155,0.02633667,0.995224,4.858337,4.858337,True,True,True
1683168,63779589566193,-13.55562,2.58135,-0.08542109,-0.05969583,0.9594059,-0.08648042,-0.2617213,0.03149113,0.003702912,-0.02509126,0.09182739,0.0271759,0.9953918,0.03149663,0.003702881,-0.02509129,0.03149663,0.003702881,-0.02509129,0.09182739,0.0271759,0.9953918,0.09182739,0.0271759,0.9953918,5.010284,5.010284,True,True,True
1683176,63779589566204,-13.55568,2.5813,-0.08537811,-0.06044909,0.9596362,-0.08614439,-0.2608129,0.03149983,0.003702393,-0.02512171,0.08572388,0.03034973,0.9958496,0.03149996,0.003702393,-0.02512171,0.03149996,0.003702393,-0.02512171,0.08572388,0.03034973,0.9958496,0.08572388,0.03034973,0.9958496,4.924576,4.924576,True,True,True
1683185,63779589566204,-13.55568,2.5813,-0.08537811,-0.06044909,0.9596362,-0.08614439,-0.2608129,0.0314995,0.003516586,-0.02435928,0.0852356,0.02464294,0.996048,0.03150104,0.003516571,-0.02435927,0.03150104,0.003516571,-0.02435927,0.0852356,0.02464294,0.996048,0.0852356,0.02464294,0.996048,5.006821,5.006821,True,True,True
1683193,63779589566214,-13.55568,2.581262,-0.08541912,-0.06118142,0.9599251,-0.08563437,-0.2597448,0.03149944,0.003467087,-0.02420819,0.07559204,0.02232361,0.9968872,0.03151424,0.003466934,-0.02420804,0.03151424,0.003466934,-0.02420804,0.07559204,0.02233887,0.9968872,0.07559204,0.02233887,0.9968872,4.900665,4.900665,True,True,True
1683201,63779589566226,-13.55576,2.581316,-0.08547896,-0.06165008,0.96018,-0.0849876,-0.2589033,0.03144983,0.003468842,-0.02420462,0.07598877,0.01519775,0.9969788,0.03150803,0.003468201,-0.024204,0.03150803,0.003468201,-0.024204,0.07600403,0.01521301,0.9969788,0.07600403,0.01521301,0.9969788,4.895859,4.895859,True,True,True
1683210,63779589566226,-13.55576,2.581316,-0.08547896,-0.06195358,0.9604852,-0.08426334,-0.2579337,0.03021004,0.00347966,-0.02420908,0.07458496,0.01295471,0.9971161,0.03150516,0.003465439,-0.02419435,0.03150516,0.003465439,-0.02419435,0.07501221,0.01339722,0.9970856,0.07501221,0.01339722,0.9970856,4.939743,4.939743,True,True,True
1683218,63779589566237,-13.55569,2.581381,-0.08552003,-0.06195358,0.9604852,-0.08426334,-0.2579337,-0.001434403,0.003823822,-0.02457527,0.06350708,0.004165649,0.9979706,0.03150229,0.003462662,-0.02419469,0.03150229,0.003462662,-0.02419469,0.07450867,0.01542664,0.9970856,0.07450867,0.01542664,0.9970856,4.951172,4.951172,True,True,True
1683226,63779589566248,-13.55565,2.581417,-0.08564705,-0.06205617,0.9608227,-0.08360625,-0.2568635,-0.02515882,0.004079971,-0.02486028,0.05639648,-0.001480103,0.9983978,0.03150164,0.003458939,-0.0241897,0.03150164,0.003458939,-0.0241897,0.07437134,0.01663208,0.9970856,0.07437134,0.01663208,0.9970856,4.948242,4.948242,True,True,True
1683235,63779589566259,-13.55557,2.581473,-0.08571988,-0.0620435,0.9611817,-0.08290456,-0.2557484,-0.02586063,0.004087067,-0.02485419,0.05679321,0.0003356934,0.9983826,0.03145882,0.00342453,-0.0239673,0.03145882,0.00342453,-0.0239673,0.06742859,0.03196716,0.9972076,0.06742859,0.03196716,0.9972076,5.012756,5.012756,True,True,True
1683243,63779589566271,-13.55553,2.581471,-0.08580834,-0.06204153,0.9615187,-0.0821216,-0.2547326,-0.0193047,0.003744522,-0.02368407,0.05342102,0.03295898,0.9980164,0.03133051,0.003667648,-0.02450565,0.03133051,0.003667648,-0.02450565,0.06381226,0.01600647,0.997818,0.06381226,0.01600647,0.997818,4.993591,4.993591,True,True,True
1683251,63779589566271,-13.55553,2.581471,-0.08580834,-0.06204153,0.9615187,-0.0821216,-0.2547326,0.03130609,0.003596222,-0.02405666,0.09031677,0.04751587,0.9947662,0.03131362,0.003596207,-0.02405679,0.03131362,0.003596207,-0.02405679,0.09031677,0.04751587,0.9947662,0.09031677,0.04751587,0.9947662,5.034744,5.034744,True,True,True
1683260,63779589566282,-13.55552,2.581639,-0.08590871,-0.06171621,0.9618794,-0.08117429,-0.2537516,0.03119186,0.003907761,-0.02478279,0.06419373,0.03594971,0.9972839,0.03119186,0.003907761,-0.02478279,0.03119186,0.003907761,-0.02478279,0.06419373,0.03594971,0.9972839,0.06419373,0.03594971,0.9972839,5.015442,5.015442,True,True,True
1683268,63779589566293,-13.55547,2.581879,-0.08601469,-0.06118748,0.9621461,-0.0800444,-0.2532269,0.03114777,0.003724106,-0.02415323,0.04928589,0.02233887,0.9985199,0.03114777,0.003724106,-0.02415323,0.03114777,0.003724106,-0.02415323,0.04928589,0.02233887,0.9985199,0.04928589,0.02233887,0.9985199,4.95108,4.95108,True,True,True
1683276,63779589566293,-13.55547,2.581879,-0.08601469,-0.06118748,0.9621461,-0.0800444,-0.2532269,0.03119376,0.003591767,-0.02373763,0.05987549,0.039505,0.9974213,0.03119376,0.003591767,-0.02373763,0.03119376,0.003591767,-0.02373763,0.05987549,0.039505,0.9974213,0.05987549,0.039505,0.9974213,5.08905,5.08905,True,True,True
1683285,63779589566304,-13.55546,2.58207,-0.08605117,-0.06052359,0.9624051,-0.07888431,-0.2527657,0.03118828,0.003567413,-0.02373225,0.06341553,0.03768921,0.9972687,0.03118828,0.003567413,-0.02373225,0.03118828,0.003567413,-0.02373225,0.06341553,0.03768921,0.9972687,0.06341553,0.03768921,0.9972687,4.984924,4.984924,True,True,True
1683293,63779589566315,-13.55543,2.582277,-0.08611417,-0.05961325,0.9626442,-0.07781544,-0.252403,0.03117815,0.003553055,-0.02374706,0.06053162,0.0375824,0.9974518,0.03117815,0.003553055,-0.02374706,0.03117815,0.003553055,-0.02374706,0.06053162,0.0375824,0.9974518,0.06053162,0.0375824,0.9974518,4.996231,4.996231,True,True,True
1683301,63779589566326,-13.55538,2.582392,-0.08617783,-0.0587633,0.9628336,-0.07681481,-0.2521858,0.03118262,0.003533921,-0.02369115,0.05836487,0.0408783,0.9974518,0.03118262,0.003533921,-0.02369115,0.03118262,0.003533921,-0.02369115,0.05836487,0.0408783,0.9974518,0.05836487,0.0408783,0.9974518,5.005707,5.005707,True,True,True
1683310,63779589566337,-13.55544,2.582514,-0.08623636,-0.05775523,0.962989,-0.07611491,-0.2520379,0.03117813,0.003553055,-0.02374706,0.06060791,0.03759766,0.9974518,0.03117815,0.003553055,-0.02374706,0.03117815,0.003553055,-0.02374706,0.06060791,0.03759766,0.9974518,0.06060791,0.03759766,0.9974518,5.00769,5.00769,True,True,True
1683318,63779589566337,-13.55544,2.582514,-0.08623636,-0.05775523,0.962989,-0.07611491,-0.2520379,0.03116397,0.003562271,-0.02386502,0.05537415,0.03956604,0.9976807,0.03116399,0.003562271,-0.02386502,0.03116399,0.003562271,-0.02386502,0.05537415,0.03956604,0.9976807,0.05537415,0.03956604,0.9976807,4.998703,4.998703,True,True,True
1683326,63779589566348,-13.55553,2.582521,-0.08626044,-0.05678532,0.9631203,-0.07552083,-0.2519354,0.03115575,0.003553055,-0.0239093,0.05213928,0.04185486,0.997757,0.03115575,0.003553055,-0.0239093,0.03115575,0.003553055,-0.0239093,0.05213928,0.04185486,0.997757,0.05213928,0.04185486,0.997757,4.992554,4.992554,True,True,True
1683335,63779589566359,-13.55553,2.582564,-0.08617377,-0.05587628,0.9631951,-0.07514922,-0.2519633,0.03116689,0.003550568,-0.02382817,0.05493164,0.03694153,0.9978027,0.03116695,0.003550568,-0.02382817,0.03116695,0.003550568,-0.02382817,0.05493164,0.03694153,0.9978027,0.05493164,0.03694153,0.9978027,4.998199,4.998199,True,True,True
1683343,63779589566359,-13.55553,2.582564,-0.08617377,-0.05587628,0.9631951,-0.07514922,-0.2519633,0.0311772,0.003548096,-0.02374707,0.057724,0.03207397,0.9978027,0.03117815,0.003548096,-0.02374706,0.03117815,0.003548096,-0.02374706,0.057724,0.03207397,0.9978027,0.057724,0.03207397,0.9978027,5.004318,5.004318,True,True,True
1683351,63779589566371,-13.55548,2.582678,-0.08612406,-0.05495197,0.9632685,-0.07463304,-0.2520396,0.02897202,0.00355394,-0.02373314,0.05726624,0.03163147,0.9978485,0.03118262,0.003531449,-0.02369115,0.03118262,0.003531449,-0.02369115,0.05738831,0.03184509,0.9978333,0.05738831,0.03184509,0.9978333,5.018387,5.018387,True,True,True
1683360,63779589566382,-13.55551,2.582799,-0.08599222,-0.0543132,0.9633116,-0.07385515,-0.2522426,0.004259613,0.003794815,-0.02417369,0.0559845,0.02941895,0.9979858,0.0311871,0.003514801,-0.02363524,0.0311871,0.003514801,-0.02363524,0.05705261,0.03187561,0.9978485,0.05705261,0.03187561,0.9978485,5.032181,5.032181,True,True,True
1683368,63779589566393,-13.55553,2.582999,-0.0859496,-0.05367583,0.9633272,-0.07288052,-0.2526023,-0.003740372,0.003862213,-0.02432489,0.05470276,0.03109741,0.9980164,0.03119307,0.003476013,-0.02359209,0.03119307,0.003476013,-0.02359209,0.05838013,0.03948975,0.9974976,0.05838013,0.03948975,0.9974976,5.042084,5.042084,True,True,True
1683376,63779589566393,-13.55553,2.582999,-0.0859496,-0.05367583,0.9633272,-0.07288052,-0.2526023,-0.01287096,0.003953858,-0.02451662,0.0521698,0.03279114,0.9980927,0.03119902,0.003437241,-0.02354894,0.03119902,0.003437241,-0.02354894,0.05969238,0.04704285,0.9971008,0.05969238,0.04704285,0.9971008,5.052322,5.052322,True,True,True
1683385,63779589566404,-13.55574,2.583153,-0.08583164,-0.05316621,0.9632964,-0.07172961,-0.2531567,-0.01691611,0.00400087,-0.02462644,0.05133057,0.03108215,0.9981842,0.03119922,0.003436401,-0.02354343,0.03119922,0.003436401,-0.02354343,0.05918884,0.04655457,0.9971466,0.05918884,0.04655457,0.9971466,5.061234,5.061234,True,True,True
1683393,63779589566415,-13.55587,2.583285,-0.08573115,-0.05281832,0.9632462,-0.07042948,-0.2537848,-0.01814085,0.004014847,-0.02467734,0.05101013,0.03048706,0.99823,0.03119942,0.003435577,-0.02354894,0.03119942,0.003435577,-0.02354894,0.0586853,0.04681396,0.9971771,0.0586853,0.04681396,0.9971771,5.06955,5.06955,True,True,True
1683401,63779589566426,-13.556,2.583443,-0.08566463,-0.05249874,0.9631225,-0.06902022,-0.2547057,-0.01488803,0.003976548,-0.02462424,0.05029297,0.03239441,0.9981995,0.03120316,0.003436401,-0.0235629,0.03120316,0.003436401,-0.0235629,0.05610657,0.04745483,0.9972839,0.05610657,0.04745483,0.9972839,5.070908,5.070908,True,True,True
1683410,63779589566437,-13.5562,2.583661,-0.08548635,-0.05221257,0.9629581,-0.06753665,-0.2557819,-0.02240776,0.004075455,-0.02487219,0.04907227,0.02841187,0.9983826,0.03129552,0.003578324,-0.02424735,0.03129552,0.003578324,-0.02424735,0.06312561,0.01754761,0.9978485,0.06312561,0.01754761,0.9978485,5.065063,5.065063,True,True,True
1683418,63779589566437,-13.5562,2.583661,-0.08548635,-0.05221257,0.9629581,-0.06753665,-0.2557819,-0.02087924,0.004028412,-0.02475675,0.05038452,0.02937317,0.998291,0.03134148,0.003334366,-0.02350696,0.03134148,0.003334366,-0.02350696,0.07780457,0.03684998,0.9962769,0.07780457,0.03684998,0.9962769,5.130844,5.130844,True,True,True
1683426,63779589566448,-13.55641,2.583894,-0.08533776,-0.0519512,0.9627286,-0.06588648,-0.2571259,-0.02007118,0.003934799,-0.02465346,0.08659363,0.01686096,0.9960938,0.03104977,0.003358673,-0.02349545,0.03104977,0.003358673,-0.02349545,0.08528137,0.04136658,0.9954834,0.08528137,0.04136658,0.9954834,5.162003,5.162003,True,True,True
1683435,63779589566459,-13.55683,2.584135,-0.08507288,-0.05169999,0.9623334,-0.06402108,-0.2591195,-0.02408963,0.003982803,-0.02478388,0.1459045,0.03669739,0.9886017,0.03034723,0.003528031,-0.02383286,0.03034723,0.003528031,-0.02383286,0.08537292,0.05934143,0.9945679,0.08537292,0.05934143,0.9945679,5.305588,5.305588,True,True,True
1683443,63779589566459,-13.55683,2.584135,-0.08507288,-0.05169999,0.9623334,-0.06402108,-0.2591195,-0.02781787,0.004059403,-0.02485668,0.1758423,0.004013062,0.9844055,0.02991471,0.003499024,-0.02371456,0.02991471,0.003499024,-0.02371456,0,0,0,0,0,0,-1,-1,True,True,True
1683451,63779589566470,-13.55718,2.584389,-0.08479661,-0.05142629,0.9617989,-0.06205554,-0.2616246,-0.02798769,0.004110886,-0.02489296,0.2671051,-0.06666565,0.9613495,0.02971782,0.003586777,-0.02382475,0.02971782,0.003586777,-0.02382475,0,0,0,0,0,0,-1,-1,True,True,True
1683460,63779589566482,-13.55773,2.584641,-0.08449352,-0.05114353,0.9610084,-0.06008628,-0.2650224,-0.001,-0.001,-0.001,1,-1,-1,0.02950421,0.003625611,-0.0237934,0.02950421,0.003625611,-0.0237934,0,0,0,0,0,0,-1,-1,False,True,True
1683468,63779589566492,-13.55822,2.584887,-0.08412385,-0.05088352,0.9601054,-0.05812827,-0.2687556,-0.001,-0.001,-0.001,1,-1,-1,0.02927281,0.003790878,-0.02391406,0.02927281,0.003790878,-0.02391406,0,0,0,0,0,0,-1,-1,False,True,True
1683476,63779589566503,-13.55865,2.5851,-0.08372664,-0.05098755,0.9591592,-0.05606139,-0.272527,-0.001,-0.001,-0.001,1,-1,-1,0.03252832,0.002749283,-0.02391397,0.03252832,0.002749283,-0.02391397,0,0,0,0,0,0,-1,-1,False,True,True
1683485,63779589566503,-13.55865,2.5851,-0.08372664,-0.05098755,0.9591592,-0.05606139,-0.272527,-0.001,-0.001,-0.001,1,-1,-1,0.032351,0.0006430664,-0.0170031,0.032351,0.0006430664,-0.0170031,0,0,0,0,0,0,-1,-1,False,True,True
1683493,63779589566515,-13.55926,2.585344,-0.08329684,-0.05128901,0.9580402,-0.05397886,-0.2767936,-0.001,-0.001,-0.001,1,-1,-1,0.03025066,0.0005985413,-0.01772739,0.03025066,0.0005985413,-0.01772739,0,0,0,0,0,0,-1,-1,False,True,True
1683501,63779589566526,-13.55985,2.585522,-0.08277482,-0.0516264,0.9568792,-0.05189516,-0.2811117,-0.001,-0.001,-0.001,1,-1,-1,0.03125241,-0.002149231,-0.008615433,0.03125241,-0.002149231,-0.008615433,0,0,0,0,0,0,-1,-1,False,True,True
1683510,63779589566526,-13.55985,2.585522,-0.08277482,-0.0516264,0.9568792,-0.05189516,-0.2811117,-0.001,-0.001,-0.001,1,-1,-1,0.02888608,0.002627564,-0.02423973,0.02888608,0.002627564,-0.02423973,0,0,0,0,0,0,-1,-1,False,True,True
1683518,63779589566537,-13.56056,2.585771,-0.08224553,-0.05230463,0.9555199,-0.04976489,-0.2859536,-0.001,-0.001,-0.001,1,-1,-1,0.02785107,0.004170227,-0.02425424,0.02785107,0.004170227,-0.02425424,0,0,0,0,0,0,-1,-1,False,True,True
1683526,63779589566548,-13.56123,2.585927,-0.08171219,-0.05305622,0.9541219,-0.04751623,-0.2908239,-0.001,-0.001,-0.001,1,-1,-1,0.02768242,0.00424054,-0.02440608,0.02768242,0.00424054,-0.02440608,0,0,0,0,0,0,-1,-1,False,True,True
1683535,63779589566559,-13.56191,2.586123,-0.08116472,-0.05384571,0.9525856,-0.04518747,-0.2960395,-0.001,-0.001,-0.001,1,-1,-1,0.02791635,0.004018402,-0.02450678,0.02791635,0.004018402,-0.02450678,0,0,0,0,0,0,-1,-1,False,True,True
1683543,63779589566559,-13.56191,2.586123,-0.08116472,-0.05384571,0.9525856,-0.04518747,-0.2960395,-0.001,-0.001,-0.001,1,-1,-1,0.02781554,0.004045685,-0.02460985,0.02781554,0.004045685,-0.02460985,0,0,0,0,0,0,-1,-1,False,True,True
1683551,63779589566571,-13.56257,2.58639,-0.08061463,-0.05465771,0.9510173,-0.04281946,-0.3012395,-0.001,-0.001,-0.001,1,-1,-1,0.02774013,0.004051072,-0.02473558,0.02774013,0.004051072,-0.02473558,0,0,0,0,0,0,-1,-1,False,True,True
1683560,63779589566582,-13.56334,2.586586,-0.08000112,-0.05569163,0.9493412,-0.04035867,-0.3066284,-0.001,-0.001,-0.001,1,-1,-1,0.02769844,0.004001328,-0.02478978,0.02769844,0.004001328,-0.02478978,0,0,0,0,0,0,-1,-1,False,True,True
1683568,63779589566593,-13.5641,2.586797,-0.07938462,-0.05681014,0.947574,-0.0379389,-0.3121488,-0.001,-0.001,-0.001,1,-1,-1,0.02767975,0.003973953,-0.02480051,0.02767975,0.003973953,-0.02480051,0,0,0,0,0,0,-1,-1,False,True,True
1683576,63779589566593,-13.5641,2.586797,-0.07938462,-0.05807688,0.9457076,-0.03563211,-0.3177966,-0.001,-0.001,-0.001,1,-1,-1,0.02774825,0.003916367,-0.02474404,0.02774825,0.003916367,-0.02474404,0,0,0,0,0,0,-1,-1,False,True,True
1683585,63779589566604,-13.56492,2.586913,-0.0786503,-0.05807688,0.9457076,-0.03563211,-0.3177966,-0.01258472,0.004088349,-0.02546756,0.5377045,0.01831055,0.842926,0.02781799,0.003856598,-0.02461534,0.02781799,0.003856598,-0.02461534,0.4893646,0.1002197,0.8662872,0.4893646,0.1002197,0.8662872,5.094055,5.094055,True,True,True
1683593,63779589566615,-13.56569,2.587132,-0.07795429,-0.05921695,0.9437804,-0.0332927,-0.3235175,-0.01218051,0.004078217,-0.02544765,0.5294495,0.04667664,0.8470459,0.02786733,0.003833405,-0.0245865,0.02786733,0.003833405,-0.0245865,0.4769592,0.1203766,0.870636,0.4769592,0.1203766,0.870636,5.317169,5.317169,True,True,True
1683601,63779589566626,-13.56651,2.587273,-0.07726842,-0.06043481,0.9416648,-0.03082845,-0.3296432,-0.009350938,0.003957978,-0.02536856,0.5201111,0.07759094,0.8505554,0.02790932,0.003769531,-0.02452059,0.02790932,0.003769531,-0.02452059,0.4723206,0.08056641,0.8777313,0.4723206,0.08056641,0.8777313,5.141556,5.141556,True,True,True
1683610,63779589566638,-13.56736,2.587433,-0.0765633,-0.06158551,0.9395625,-0.02842081,-0.3355917,-0.006962937,0.003991654,-0.02524579,0.5026703,0.04949951,0.8630371,0.02801343,0.003745041,-0.02444238,0.02801343,0.003745041,-0.02444238,0.4617157,0.07342529,0.8839722,0.4617157,0.07342529,0.8839722,4.991943,4.991943,True,True,True
1683618,63779589566638,-13.56736,2.587433,-0.0765633,-0.06158551,0.9395625,-0.02842081,-0.3355917,-0.01333434,0.003997971,-0.02536687,0.4964905,0.05822754,0.8660736,0.02807533,0.003716217,-0.02440772,0.02807533,0.003716217,-0.02440772,0.4508209,0.08189392,0.8888397,0.4508209,0.08189392,0.8888397,4.983276,4.983276,True,True,True
1683626,63779589566649,-13.56824,2.587534,-0.07582659,-0.0629409,0.937274,-0.02597746,-0.3418787,-0.01997879,0.00392067,-0.02550437,0.494751,0.09646606,0.8636475,0.02812772,0.003683884,-0.02438626,0.02812772,0.003683884,-0.02438626,0.4409027,0.09877014,0.8920898,0.4409027,0.09877014,0.8920898,5.106094,5.106094,True,True,True
1683635,63779589566659,-13.5691,2.587616,-0.07500714,-0.06417429,0.935001,-0.02368788,-0.3479853,-0.02023659,0.003924484,-0.02548433,0.4916992,0.0955658,0.8654938,0.0281505,0.003662262,-0.02436362,0.0281505,0.003662262,-0.02436362,0.423233,0.1109161,0.8991852,0.423233,0.1109161,0.8991852,5.076996,5.076996,True,True,True
1683643,63779589566659,-13.5691,2.587616,-0.07500714,-0.06551972,0.9326529,-0.02161412,-0.3541167,-0.01656973,0.003889343,-0.02533803,0.470047,0.08860779,0.8781738,0.02820656,0.003626083,-0.02431485,0.02820656,0.003626083,-0.02431485,0.4058685,0.1104584,0.9072266,0.4058685,0.1104584,0.9072266,5.214844,5.214844,True,True,True
1683651,63779589566670,-13.56994,2.587762,-0.07421607,-0.06551972,0.9326529,-0.02161412,-0.3541167,-0.01176108,0.003936829,-0.02522409,0.4616699,0.08222961,0.8832245,0.02829334,0.003610153,-0.02428932,0.02829334,0.003610153,-0.02428932,0.40448,0.115097,0.9072571,0.40448,0.115097,0.9072571,5.206818,5.206818,True,True,True
1683660,63779589566681,-13.57075,2.587805,-0.07343042,-0.06703343,0.9303056,-0.01959778,-0.3600748,-0.004401276,0.003799805,-0.02502806,0.444046,0.1119537,0.8889618,0.02838278,0.003591141,-0.02424457,0.02838278,0.003591141,-0.02424457,0.4043579,0.09849548,0.9092712,0.4043579,0.09849548,0.9092712,5.244202,5.244202,True,True,True
1683668,63779589566693,-13.57154,2.587905,-0.07266539,-0.06855152,0.9279873,-0.01773346,-0.365822,0.0005712891,0.003750778,-0.02485278,0.4243774,0.1003113,0.8999023,0.02847101,0.003580704,-0.02421628,0.02847101,0.003580704,-0.02421628,0.3985596,0.108017,0.9107513,0.3985596,0.108017,0.9107513,5.243713,5.243713,True,True,True
1683676,63779589566693,-13.57154,2.587905,-0.07266539,-0.06855152,0.9279873,-0.01773346,-0.365822,0.005373856,0.003727966,-0.02471062,0.4090881,0.08666992,0.9083557,0.02852928,0.003539643,-0.02419006,0.02852928,0.003539643,-0.02419006,0.3918457,0.1051788,0.9139862,0.3918457,0.1051788,0.9139862,5.237915,5.237915,True,True,True
1683685,63779589566704,-13.57237,2.58797,-0.07192045,-0.07012422,0.9256181,-0.01559818,-0.3715785,0.007051956,0.003699188,-0.02464005,0.3924866,0.09469604,0.914856,0.02862096,0.00351207,-0.02415468,0.02862096,0.00351207,-0.02415468,0.3768768,0.1127472,0.9193573,0.3768768,0.1127472,0.9193573,5.224075,5.224075,True,True,True
1683693,63779589566714,-13.5732,2.588035,-0.07116675,-0.07170059,0.9233223,-0.01350701,-0.3770312,0.0109773,0.003634796,-0.02453476,0.3862152,0.1089172,0.9159393,0.02867119,0.003498963,-0.02413561,0.02867119,0.003498963,-0.02413561,0.3674011,0.1191711,0.9223785,0.3674011,0.1191711,0.9223785,5.225815,5.225815,True,True,True
1683701,63779589566725,-13.57404,2.588089,-0.07048017,-0.0731354,0.9209657,-0.01129262,-0.3825519,0.01319415,0.003640686,-0.02445767,0.3748627,0.09898376,0.9217682,0.02875491,0.003492706,-0.02410672,0.02875491,0.003492706,-0.02410672,0.3633881,0.1108398,0.9250183,0.3633881,0.1108398,0.9250183,5.234467,5.234467,True,True,True
1683709,63779589566737,-13.57488,2.588179,-0.06973583,-0.07426273,0.9185704,-0.00885178,-0.3881175,0.0133438,0.003631912,-0.02442156,0.3630981,0.08848572,0.927536,0.02881613,0.003480088,-0.02407703,0.02881613,0.003480088,-0.02407703,0.3500366,0.1053467,0.9307861,0.3500366,0.1053467,0.9307861,5.211655,5.211655,True,True,True
1683718,63779589566737,-13.57488,2.588179,-0.06973583,-0.07426273,0.9185704,-0.00885178,-0.3881175,0.01256247,0.003637223,-0.0244122,0.3558655,0.0786438,0.9312134,0.02887135,0.003476593,-0.02404779,0.02887135,0.003476593,-0.02404779,0.3426666,0.09173584,0.9349518,0.3426666,0.09173584,0.9349518,5.165802,5.165802,True,True,True
1683726,63779589566748,-13.57569,2.588272,-0.06895953,-0.07515003,0.916173,-0.006537478,-0.3936201,0.0129668,0.003590454,-0.02438771,0.3457947,0.0891571,0.9340515,0.02891887,0.003456543,-0.02403662,0.02891887,0.003456543,-0.02403662,0.3261261,0.09796143,0.9402161,0.3261261,0.09796143,0.9402161,5.147995,5.147995,True,True,True
1683734,63779589566759,-13.57659,2.588332,-0.06808096,-0.07583935,0.9137146,-0.004258094,-0.3991939,0.01447003,0.003525543,-0.02434416,0.3321228,0.1110687,0.9366608,0.02905219,0.003391129,-0.02404257,0.02905219,0.003391129,-0.02404257,0.3205109,0.130188,0.9382477,0.3205109,0.130188,0.9382477,5.131439,5.131439,True,True,True
1683743,63779589566770,-13.57754,2.588483,-0.06726551,-0.07638643,0.9112957,-0.001874072,-0.4046009,0.01240772,0.003621948,-0.02433336,0.3147125,0.06645203,0.9468536,0.02907477,0.003440338,-0.02395935,0.02907477,0.003440338,-0.02395935,0.2959442,0.07603455,0.9521637,0.2959442,0.07603455,0.9521637,4.934341,4.934341,True,True,True
1683751,63779589566770,-13.57754,2.588483,-0.06726551,-0.07638643,0.9112957,-0.001874072,-0.4046009,0.01442972,0.00358905,-0.02431009,0.3162994,0.095047,0.9438782,0.02917301,0.0034207,-0.02400775,0.02917301,0.0034207,-0.02400775,0.3065491,0.1212769,0.9440918,0.3065491,0.1212769,0.9440918,5.230804,5.230804,True,True,True
1683760,63779589566781,-13.57846,2.588649,-0.06643832,-0.0769257,0.9086807,0.001017276,-0.4103422,-0.02854126,0.004127197,-0.02514377,0.3491211,-0.01907349,0.9368744,0.02922406,0.003480728,-0.02399608,0.02922406,0.003480728,-0.02399608,0,0,0,0,0,0,-1,-1,True,True,True
1683768,63779589566793,-13.57944,2.588913,-0.06563425,-0.07729613,0.9059209,0.004607356,-0.4163069,-0.02854164,0.004262375,-0.02512697,0.3455658,-0.02622986,0.9380188,0.02926238,0.003492752,-0.02395346,0.02926238,0.003492752,-0.02395346,0,0,0,0,0,0,-1,-1,True,True,True
1683776,63779589566803,-13.58041,2.589206,-0.06479245,-0.07752626,0.9029881,0.00860885,-0.4225258,-0.001,-0.001,-0.001,1,-1,-1,0.02902789,0.003585693,-0.02389641,0.02902789,0.003585693,-0.02389641,0,0,0,0,0,0,-1,-1,False,True,True
1683784,63779589566803,-13.58041,2.589206,-0.06479245,-0.07752626,0.9029881,0.00860885,-0.4225258,-0.001,-0.001,-0.001,1,-1,-1,0.02846231,0.003482163,-0.02400441,0.02846231,0.003482163,-0.02400441,0,0,0,0,0,0,-1,-1,False,True,True
1683793,63779589566814,-13.58143,2.589603,-0.06391531,-0.07754987,0.8999256,0.0125986,-0.4289071,-0.001,-0.001,-0.001,1,-1,-1,0.03118662,-0.003210648,-0.0058508,0.03118662,-0.003210648,-0.0058508,0,0,0,0,0,0,-1,-1,False,True,True
1683801,63779589566826,-13.58247,2.589985,-0.06300151,-0.07688396,0.896749,0.01685046,-0.4354839,-0.001,-0.001,-0.001,1,-1,-1,0.03050644,0.0007668457,-0.01703647,0.03050644,0.0007668457,-0.01703647,0,0,0,0,0,0,-1,-1,False,True,True
1683810,63779589566826,-13.58247,2.589985,-0.06300151,-0.07688396,0.896749,0.01685046,-0.4354839,-0.001,-0.001,-0.001,1,-1,-1,0.03050644,0.0007668457,-0.01703647,0.03050644,0.0007668457,-0.01703647,0,0,0,0,0,0,-1,-1,False,False,False
1683818,63779589566837,-13.58347,2.590433,-0.06212568,-0.07574362,0.8934701,0.02125041,-0.4421794,-0.001,-0.001,-0.001,1,-1,-1,0.03138773,0.002979767,-0.02378998,0.03138773,0.002979767,-0.02378998,0,0,0,0,0,0,-1,-1,False,True,True
1683826,63779589566848,-13.5845,2.591013,-0.06116277,-0.07363158,0.8901564,0.02588426,-0.4489208,-0.001,-0.001,-0.001,1,-1,-1,0.03178372,0.003052933,-0.02386281,0.03178372,0.003052933,-0.02386281,0,0,0,0,0,0,-1,-1,False,True,True
1683835,63779589566859,-13.58549,2.591615,-0.06021923,-0.07127275,0.8867795,0.03054273,-0.4556418,-0.001,-0.001,-0.001,1,-1,-1,0.03178372,0.003052933,-0.02386281,0.03178372,0.003052933,-0.02386281,0,0,0,0,0,0,-1,-1,False,False,False
1683843,63779589566869,-13.5865,2.59235,-0.05911624,-0.06801313,0.8833212,0.03566596,-0.4624346,-0.001,-0.001,-0.001,1,-1,-1,0.02771346,0.003715943,-0.02467125,0.02771346,0.003715943,-0.02467125,0,0,0,0,0,0,-1,-1,False,True,True
1683851,63779589566869,-13.5865,2.59235,-0.05911624,-0.06801313,0.8833212,0.03566596,-0.4624346,-0.001,-0.001,-0.001,1,-1,-1,0.0277894,0.0036586,-0.0246416,0.0277894,0.0036586,-0.0246416,0,0,0,0,0,0,-1,-1,False,True,True
1683860,63779589566881,-13.58743,2.593,-0.05815321,-0.06490252,0.8797943,0.04065832,-0.4691445,-0.001,-0.001,-0.001,1,-1,-1,0.027871,0.003579849,-0.02450037,0.027871,0.003579849,-0.02450037,0,0,0,0,0,0,-1,-1,False,True,True
1683868,63779589566892,-13.58824,2.593674,-0.05714756,-0.06196124,0.8761084,0.04535783,-0.4759595,-0.001,-0.001,-0.001,1,-1,-1,0.02790956,0.003478958,-0.0244697,0.02790956,0.003478958,-0.0244697,0,0,0,0,0,0,-1,-1,False,True,True
1683876,63779589566903,-13.58895,2.594133,-0.05620384,-0.05983003,0.8725013,0.0497725,-0.4823738,-0.001,-0.001,-0.001,1,-1,-1,0.0279969,0.003412491,-0.0244299,0.0279969,0.003412491,-0.0244299,0,0,0,0,0,0,-1,-1,False,True,True
1683885,63779589566903,-13.58895,2.594133,-0.05620384,-0.05983003,0.8725013,0.0497725,-0.4823738,-0.001,-0.001,-0.001,1,-1,-1,0.02806909,0.003320084,-0.02435904,0.02806909,0.003320084,-0.02435904,0,0,0,0,0,0,-1,-1,False,True,True
1683893,63779589566914,-13.58951,2.594445,-0.05533957,-0.0585252,0.8690537,0.053442,-0.4883281,-0.001,-0.001,-0.001,1,-1,-1,0.02814873,0.003232987,-0.02433582,0.02814873,0.003232987,-0.02433582,0,0,0,0,0,0,-1,-1,False,True,True
1683901,63779589566925,-13.58997,2.594685,-0.05458379,-0.0577314,0.8658252,0.05670966,-0.493759,0.02821082,0.00322551,-0.02425568,0.4445038,0.03089905,0.8952332,0.02821082,0.00322551,-0.02425568,0.02821082,0.00322551,-0.02425568,0.4445038,0.03089905,0.8952332,0.4445038,0.03089905,0.8952332,5.038315,5.038315,True,True,True
1683909,63779589566936,-13.59042,2.595002,-0.05382574,-0.05671833,0.8630165,0.05947008,-0.4984464,-0.02899809,0.003835984,-0.02558994,0.4894409,-0.007736206,0.871994,0.02828412,0.003166748,-0.02424937,0.02828412,0.003166748,-0.02424937,0.4350739,0.05368042,0.8987885,0.4350739,0.05368042,0.8987885,5.051392,5.051392,True,True,True
1683918,63779589566936,-13.59042,2.595002,-0.05382574,-0.05671833,0.8630165,0.05947008,-0.4984464,-0.01285245,0.003627411,-0.0252104,0.4735107,0.02935791,0.8802795,0.02836548,0.003104355,-0.02421015,0.02836548,0.003104355,-0.02421015,0.4300995,0.04338074,0.9017181,0.4300995,0.04338074,0.9017181,5.035355,5.035355,True,True,True
1683926,63779589566936,-13.59042,2.595002,-0.05382574,-0.05671833,0.8630165,0.05947008,-0.4984464,-0.004948761,0.003491425,-0.02496765,0.4480743,0.01795959,0.8937988,0.02843549,0.003054962,-0.02418907,0.02843549,0.003054962,-0.02418907,0.4203949,0.05220032,0.9058228,0.4203949,0.05220032,0.9058228,5.134811,5.134811,True,True,True
1683934,63779589566956,-13.59078,2.59529,-0.05309528,-0.05538455,0.8606883,0.06191256,-0.5023097,0.0007380219,0.003373734,-0.02480715,0.4332428,0.02288818,0.9009705,0.02848267,0.002992935,-0.02415431,0.02848267,0.002992935,-0.02415431,0.4076385,0.03971863,0.9122772,0.4076385,0.03971863,0.9122772,5.019653,5.019653,True,True,True
1683943,63779589566964,-13.59111,2.595581,-0.05246162,-0.0537675,0.8587134,0.06394103,-0.5056007,0.003428757,0.003298493,-0.02472083,0.4326477,0.007995605,0.9015198,0.02853523,0.002940247,-0.0241416,0.02853523,0.002940247,-0.0241416,0.4090271,0.03709412,0.9117584,0.4090271,0.03709412,0.9117584,5.104172,5.104172,True,True,True
1683951,63779589566978,-13.59153,2.596041,-0.05129457,-0.05019798,0.8554245,0.06666343,-0.5111606,0.003388932,0.003268097,-0.0246974,0.4236755,0.007537842,0.905777,0.02858602,0.002904419,-0.02411048,0.02858602,0.002904419,-0.02411048,0.3967896,0.03256226,0.9173126,0.3967896,0.03256226,0.9173126,5.100128,5.100128,True,True,True
1683959,63779589566978,-13.59153,2.596041,-0.05129457,-0.05019798,0.8554245,0.06666343,-0.5111606,0.011618,0.00310846,-0.02448453,0.4178009,0.01072693,0.9084625,0.02863104,0.002861511,-0.02408803,0.02863104,0.002861511,-0.02408803,0.4059601,0.02131653,0.9136353,0.4059601,0.02131653,0.9136353,5.161392,5.161392,True,True,True
1683968,63779589566989,-13.59161,2.596128,-0.05089557,-0.04884334,0.8546872,0.06710605,-0.5124656,0.01071211,0.003095413,-0.02448996,0.4060516,0.009841919,0.9137878,0.02865531,0.002846909,-0.02406465,0.02865531,0.002846909,-0.02406465,0.3939667,0.01695251,0.9189606,0.3939667,0.01695251,0.9189606,5.105499,5.105499,True,True,True
1683976,63779589566999,-13.59173,2.596267,-0.05057913,-0.04773221,0.8540256,0.06776749,-0.513585,0.01062122,0.00306723,-0.02447475,0.3980103,0.004333496,0.9173584,0.02868111,0.002821732,-0.02404596,0.02868111,0.002821732,-0.02404596,0.3850555,0.01274109,0.9227905,0.3850555,0.01274109,0.9227905,5.081955,5.081955,True,True,True
1683984,63779589567010,-13.59176,2.596362,-0.05046356,-0.04708797,0.8538448,0.06832183,-0.5138716,0.005376999,0.003126969,-0.02459222,0.3998871,0.001205444,0.9165497,0.0287007,0.002815384,-0.02404389,0.0287007,0.002815384,-0.02404389,0.3860168,0.01568604,0.922348,0.3860168,0.01568604,0.922348,5.094284,5.094284,True,True,True
1683993,63779589567010,-13.59176,2.596362,-0.05046356,-0.04708797,0.8538448,0.06832183,-0.5138716,0.005751709,0.003105499,-0.02457578,0.3928223,0.002304077,0.9196014,0.02871919,0.002802185,-0.02402809,0.02871919,0.002802185,-0.02402809,0.3723297,0.01460266,0.9279785,0.3723297,0.01460266,0.9279785,4.961029,4.961029,True,True,True
1684001,63779589567022,-13.59178,2.596516,-0.05027401,-0.04659443,0.8535303,0.06905969,-0.5143401,0.003930741,0.003112518,-0.02461504,0.3959503,0.002670288,0.9182587,0.0287352,0.002788178,-0.02403114,0.0287352,0.002788178,-0.02403114,0.3810425,0.01815796,0.9243774,0.3810425,0.01815796,0.9243774,5.044159,5.044159,True,True,True
1684010,63779589567032,-13.59185,2.596609,-0.05016208,-0.0465345,0.8537011,0.06951927,-0.5140001,0.003744309,0.003103729,-0.0246145,0.3919373,0.004760742,0.9199677,0.02874474,0.002775772,-0.02402087,0.02874474,0.002775772,-0.02402087,0.3731995,0.01898193,0.9275513,0.3731995,0.01898193,0.9275513,5.035385,5.035385,True,True,True
1684018,63779589567043,-13.59184,2.596612,-0.05007738,-0.04679189,0.8538793,0.06978505,-0.5136446,0.004099426,0.003085251,-0.02458804,0.3862,-0.007980347,0.9223785,0.02875055,0.002760254,-0.02400191,0.02875055,0.002760254,-0.02400191,0.3689575,0.00100708,0.9294434,0.3689575,0.00100708,0.9294434,4.99469,4.99469,True,True,True
1684026,63779589567043,-13.59184,2.596612,-0.05007738,-0.04679189,0.8538793,0.06978505,-0.5136446,0.005186035,0.003068024,-0.02456667,0.3856812,-0.0004425049,0.9226227,0.02875262,0.002759567,-0.02400433,0.02875262,0.002759567,-0.02400433,0.3656006,0.01203918,0.9306793,0.3656006,0.01203918,0.9306793,4.985352,4.985352,True,True,True
1684035,63779589567054,-13.59187,2.596646,-0.04999965,-0.04686949,0.8541211,0.07010987,-0.513191,0.005478531,0.003062744,-0.02455985,0.3873596,-0.003143311,0.9219208,0.02875472,0.002758881,-0.02400531,0.02875472,0.002758881,-0.02400531,0.369812,0.007400513,0.9290619,0.369812,0.007400513,0.9290619,4.99884,4.99884,True,True,True
1684043,63779589567066,-13.59192,2.596587,-0.05001003,-0.0473761,0.854617,0.07033034,-0.512288,0.005871613,0.003055695,-0.0245493,0.3860931,-0.003189087,0.9224396,0.028754,0.002757385,-0.02400412,0.028754,0.002757385,-0.02400412,0.3691254,0.007080078,0.9293365,0.3691254,0.007080078,0.9293365,5.018112,5.018112,True,True,True
1684051,63779589567077,-13.59189,2.596595,-0.05009174,-0.04790104,0.854986,0.07071213,-0.5115705,0.005719269,0.003057022,-0.02455185,0.3845673,-0.006713867,0.9230652,0.02875328,0.002758881,-0.02400295,0.02875328,0.002758881,-0.02400295,0.3681793,0.005844116,0.929718,0.3681793,0.005844116,0.929718,5.01149,5.01149,True,True,True
1684060,63779589567077,-13.59189,2.596595,-0.05009174,-0.04790104,0.854986,0.07071213,-0.5115705,0.005709,0.003056015,-0.02455142,0.3846283,-0.007324219,0.9230347,0.02875191,0.002759567,-0.02400243,0.02875191,0.002759567,-0.02400243,0.3665466,0.006134033,0.9303741,0.3665466,0.006134033,0.9303741,5.003799,5.003799,True,True,True
1684068,63779589567088,-13.59193,2.596597,-0.05017483,-0.04845813,0.8554658,0.0713108,-0.510632,0.006029374,0.003052063,-0.02454234,0.3834229,-0.006317139,0.9235382,0.02875055,0.002760254,-0.02400191,0.02875055,0.002760254,-0.02400191,0.3648987,0.006393433,0.931015,0.3648987,0.006393433,0.931015,4.996262,4.996262,True,True,True
1684076,63779589567099,-13.59203,2.596671,-0.05012941,-0.04917774,0.8558539,0.07184069,-0.5098377,0.006029038,0.003052033,-0.02453998,0.3825226,-0.006057739,0.9239197,0.02875017,0.002760605,-0.02399974,0.02875017,0.002760605,-0.02399974,0.3637848,0.006347656,0.9314423,0.3637848,0.006347656,0.9314423,4.988892,4.988892,True,True,True
1684085,63779589567110,-13.59208,2.596654,-0.05022913,-0.04973896,0.8564146,0.07239266,-0.5087627,0.006547837,0.00304538,-0.02452626,0.3814697,-0.00592041,0.9243469,0.0287498,0.002760254,-0.02399758,0.0287498,0.002760254,-0.02399758,0.3626709,0.005905151,0.9318848,0.3626709,0.005905151,0.9318848,4.980865,4.980865,True,True,True
1684093,63779589567110,-13.59208,2.596654,-0.05022913,-0.04973896,0.8564146,0.07239266,-0.5087627,0.00650293,0.003045746,-0.02452562,0.3817749,-0.006195068,0.9242249,0.02874716,0.002759567,-0.0239949,0.02874716,0.002759567,-0.0239949,0.3630371,0.005340576,0.9317474,0.3630371,0.005340576,0.9317474,4.987961,4.987961,True,True,True
1684101,63779589567121,-13.5922,2.596684,-0.05024844,-0.05015729,0.8569,0.0727712,-0.5078493,0.006486603,0.003046631,-0.02452435,0.381897,-0.006591797,0.9241791,0.02874452,0.002758881,-0.02399225,0.02874452,0.002758881,-0.02399225,0.3634033,0.004745483,0.9316101,0.3634033,0.004745483,0.9316101,4.994888,4.994888,True,True,True
1684110,63779589567132,-13.59229,2.596737,-0.05031091,-0.05033165,0.8574115,0.07295242,-0.5069421,0.006190155,0.003040436,-0.02452855,0.3909454,-0.007995605,0.9203644,0.02873894,0.002740601,-0.02398773,0.02873894,0.002740601,-0.02398773,0.3781738,0.002700806,0.9257202,0.3781738,0.002700806,0.9257202,5.05751,5.05751,True,True,True
1684118,63779589567143,-13.59237,2.596829,-0.05038202,-0.0498236,0.8580407,0.07298373,-0.505922,0.005887314,0.003042023,-0.02452959,0.3907776,-0.01350403,0.9203796,0.02874011,0.002735977,-0.02397762,0.02874011,0.002735977,-0.02397762,0.3777466,-0.006484985,0.9258728,0.3777466,-0.006484985,0.9258728,5.042984,5.042984,True,True,True
1684126,63779589567143,-13.59237,2.596829,-0.05038202,-0.0498236,0.8580407,0.07298373,-0.505922,0.005665802,0.00304776,-0.02453647,0.3918304,-0.01123047,0.9199524,0.02873311,0.002740067,-0.02398039,0.02873311,0.002740067,-0.02398039,0.3794098,-0.002929688,0.9252167,0.3794098,-0.002929688,0.9252167,5.049591,5.049591,True,True,True
1684135,63779589567154,-13.59237,2.596923,-0.05037707,-0.04934113,0.8585823,0.07321148,-0.5050168,0.0054944,0.003050659,-0.02454094,0.3959961,-0.01408386,0.9181366,0.02872444,0.002739822,-0.02398108,0.02872444,0.002739822,-0.02398108,0.3865662,-0.007888794,0.922226,0.3865662,-0.007888794,0.922226,5.079041,5.079041,True,True,True
1684143,63779589567166,-13.5924,2.59711,-0.05046892,-0.04842164,0.8591251,0.07339599,-0.5041553,0.005353088,0.003051315,-0.02454289,0.3894348,-0.01034546,0.92099,0.02871587,0.002736481,-0.02397878,0.02871587,0.002736481,-0.02397878,0.3756714,-0.0005645752,0.9267426,0.3756714,-0.0005645752,0.9267426,4.930588,4.930588,True,True,True
1684151,63779589567177,-13.59245,2.59725,-0.05048215,-0.04743615,0.8596569,0.07358261,-0.5033144,0.005360459,0.00304773,-0.02454192,0.3897858,-0.01187134,0.9208221,0.02870667,0.002730759,-0.02397769,0.02870667,0.002730759,-0.02397769,0.3766174,-0.003067017,0.9263611,0.3766174,-0.003067017,0.9263611,4.933975,4.933975,True,True,True
1684160,63779589567177,-13.59245,2.59725,-0.05048215,-0.04743615,0.8596569,0.07358261,-0.5033144,0.006299591,0.003035172,-0.02453432,0.3944702,-0.009963989,0.9188385,0.02869776,0.00272966,-0.02398096,0.02869776,0.00272966,-0.02398096,0.3775635,-0.0006256104,0.9259644,0.3775635,-0.0006256104,0.9259644,4.922562,4.922562,True,True,True
1684168,63779589567188,-13.59244,2.597309,-0.05046082,-0.04657505,0.8602054,0.07372403,-0.5024364,0.007289307,0.003016647,-0.02451175,0.3947754,-0.009765625,0.9187164,0.02868883,0.002730057,-0.0239836,0.02868883,0.002730057,-0.0239836,0.3814545,-0.002243042,0.9243774,0.3814545,-0.002243042,0.9243774,4.938766,4.938766,True,True,True
1684176,63779589567199,-13.59246,2.597384,-0.05053145,-0.04583552,0.8606892,0.07381486,-0.5016619,0.008185639,0.002998749,-0.02449022,0.3953094,-0.01382446,0.9184265,0.02868491,0.002727738,-0.02398184,0.02868491,0.002727738,-0.02398184,0.3792114,-0.003509521,0.925293,0.3792114,-0.003509521,0.925293,4.954224,4.954224,True,True,True
1684185,63779589567210,-13.59251,2.59741,-0.05048198,-0.0453878,0.8610475,0.07366946,-0.5011088,0.008860993,0.002983536,-0.02447983,0.4011688,-0.01399231,0.9158936,0.0286682,0.002724182,-0.02398819,0.0286682,0.002724182,-0.02398819,0.3879242,-0.005737305,0.9216614,0.3879242,-0.005737305,0.9216614,5.028442,5.028442,True,True,True
1684193,63779589567210,-13.59251,2.59741,-0.05048198,-0.0453878,0.8610475,0.07366946,-0.5011088,0.009073243,0.002975845,-0.02446549,0.3948059,-0.0168457,0.9185944,0.0286595,0.002726044,-0.02397922,0.0286595,0.002726044,-0.02397922,0.3813782,-0.008789063,0.9243622,0.3813782,-0.008789063,0.9243622,4.945999,4.945999,True,True,True
1684201,63779589567221,-13.59247,2.59743,-0.05051637,-0.04487746,0.8614181,0.07346238,-0.5005478,0.009011719,0.002973191,-0.02446985,0.3978577,-0.01609802,0.9172974,0.02865331,0.002727753,-0.02398138,0.02865331,0.002727753,-0.02398138,0.3839874,-0.004592896,0.9233093,0.3839874,-0.004592896,0.9233093,4.993073,4.993073,True,True,True
1684210,63779589567232,-13.59251,2.597373,-0.05057961,-0.04478281,0.8616496,0.0733756,-0.5001705,0.008813706,0.002974686,-0.02448254,0.4037628,-0.01751709,0.9146881,0.02864711,0.002729477,-0.02398262,0.02864711,0.002729477,-0.02398262,0.3865509,-0.007446289,0.922226,0.3865509,-0.007446289,0.922226,5.03653,5.03653,True,True,True
1684218,63779589567243,-13.59249,2.597313,-0.05059421,-0.04470837,0.8618375,0.07327288,-0.4998684,0.008324341,0.002979721,-0.02449527,0.4020386,-0.01603699,0.9154663,0.02863673,0.002730835,-0.02398309,0.02863673,0.002730835,-0.02398309,0.3845673,-0.006408691,0.9230652,0.3845673,-0.006408691,0.9230652,5.001816,5.001816,True,True,True
1684226,63779589567243,-13.59249,2.597313,-0.05059421,-0.04470837,0.8618375,0.07327288,-0.4998684,0.007997956,0.002982681,-0.02450345,0.401535,-0.01425171,0.9157257,0.02862634,0.002732208,-0.02398288,0.02862634,0.002732208,-0.02398288,0.3825836,-0.005386353,0.9238892,0.3825836,-0.005386353,0.9238892,4.967438,4.967438,True,True,True
1684235,63779589567254,-13.59248,2.597296,-0.05056959,-0.04499085,0.8619184,0.07323822,-0.4997085,0.007798065,0.002984696,-0.0245089,0.4013824,-0.01452637,0.9157867,0.02862399,0.002732804,-0.02398274,0.02862399,0.002732804,-0.02398274,0.3829346,-0.004821777,0.9237518,0.3829346,-0.004821777,0.9237518,4.975006,4.975006,True,True,True
1684243,63779589567266,-13.59256,2.597231,-0.05054206,-0.04514655,0.8619494,0.07307506,-0.4996649,0.007849107,0.002982895,-0.02450817,0.4015961,-0.01451111,0.9156952,0.02862164,0.002732208,-0.02398288,0.02862164,0.002732208,-0.02398288,0.3831482,-0.003952026,0.9236603,0.3831482,-0.003952026,0.9236603,4.968658,4.968658,True,True,True
1684251,63779589567277,-13.59259,2.597205,-0.05051231,-0.04535323,0.8621123,0.07305196,-0.4993685,0.00769159,0.002983505,-0.02451222,0.4011993,-0.01383972,0.9158783,0.02861314,0.002730835,-0.02398322,0.02861314,0.002730835,-0.02398322,0.3821106,-0.00352478,0.9241028,0.3821106,-0.00352478,0.9241028,4.964386,4.964386,True,True,True
1684260,63779589567277,-13.59259,2.597205,-0.05051231,-0.04535323,0.8621123,0.07305196,-0.4993685,0.007443467,0.00298587,-0.02451857,0.4008026,-0.01371765,0.9160461,0.02860465,0.002729477,-0.02398355,0.02860465,0.002729477,-0.02398355,0.381073,-0.003356934,0.92453,0.381073,-0.003356934,0.92453,4.959747,4.959747,True,True,True
1684268,63779589567288,-13.59253,2.597185,-0.05037987,-0.04555981,0.862202,0.07296441,-0.4992076,0.007255753,0.002988114,-0.02452322,0.4007111,-0.01437378,0.9160767,0.02860005,0.002729447,-0.02398322,0.02860005,0.002729447,-0.02398322,0.3801117,-0.004135132,0.9249268,0.3801117,-0.004135132,0.9249268,4.956726,4.956726,True,True,True
1684276,63779589567299,-13.59254,2.597183,-0.05030841,-0.04582211,0.8622801,0.07278563,-0.4990748,0.00679216,0.002993698,-0.02453488,0.4008789,-0.0151825,0.9159851,0.02859548,0.002729431,-0.02398288,0.02859548,0.002729431,-0.02398288,0.3791809,-0.004898071,0.925293,0.3791809,-0.004898071,0.925293,4.958206,4.958206,True,True,True
1684285,63779589567310,-13.59257,2.597106,-0.05013663,-0.04622782,0.8622566,0.07273822,-0.4990849,0.006451004,0.002998169,-0.02454352,0.4010925,-0.01547241,0.9158936,0.02858978,0.002729447,-0.02398274,0.02858978,0.002729447,-0.02398274,0.3786316,-0.005004883,0.9255219,0.3786316,-0.005004883,0.9255219,4.960739,4.960739,True,True,True
1684293,63779589567310,-13.59257,2.597106,-0.05013663,-0.04622782,0.8622566,0.07273822,-0.4990849,0.006406403,0.002999054,-0.02454465,0.4009857,-0.01556396,0.9159393,0.02858409,0.002729477,-0.02398262,0.02858409,0.002729477,-0.02398262,0.378006,-0.005050659,0.9257813,0.378006,-0.005050659,0.9257813,4.957153,4.957153,True,True,True
1684301,63779589567321,-13.59271,2.597049,-0.04995972,-0.04666807,0.8622438,0.0726974,-0.4990719,0.006370881,0.003000656,-0.02454546,0.4014587,-0.01586914,0.9157257,0.02858321,0.002730835,-0.02398236,0.02858321,0.002730835,-0.02398236,0.379303,-0.005355835,0.9252472,0.379303,-0.005355835,0.9252472,4.960068,4.960068,True,True,True
1684310,63779589567333,-13.59272,2.597039,-0.04987681,-0.04722703,0.8621946,0.07262399,-0.499115,0.006341507,0.003002182,-0.02454611,0.4024506,-0.01612854,0.9152832,0.02858234,0.002732208,-0.0239821,0.02858234,0.002732208,-0.0239821,0.3806,-0.005661011,0.9247131,0.3806,-0.005661011,0.9247131,4.963028,4.963028,True,True,True
1684318,63779589567343,-13.59272,2.596959,-0.04974473,-0.04792648,0.8621483,0.07258952,-0.4991335,0.006312668,0.003002731,-0.02454674,0.4016266,-0.01622009,0.9156494,0.02857401,0.002732468,-0.0239821,0.02857401,0.002732468,-0.0239821,0.3789673,-0.005783081,0.9253845,0.3789673,-0.005783081,0.9253845,4.962952,4.962952,True,True,True
1684326,63779589567343,-13.59272,2.596959,-0.04974473,-0.04792648,0.8621483,0.07258952,-0.4991335,0.006353104,0.003002365,-0.02454459,0.4011688,-0.01631165,0.9158478,0.02857106,0.002732513,-0.02398042,0.02857106,0.002732513,-0.02398042,0.3787231,-0.005889893,0.9254761,0.3787231,-0.005889893,0.9254761,4.962906,4.962906,True,True,True
1684335,63779589567354,-13.59273,2.596849,-0.04967344,-0.04853442,0.8620731,0.07258113,-0.4992058,0.006380036,0.003001999,-0.02454241,0.4016113,-0.01585388,0.9156647,0.02856743,0.002732513,-0.02397809,0.02856743,0.002732513,-0.02397809,0.3789978,-0.00579834,0.9253693,0.3789978,-0.00579834,0.9253693,4.962234,4.962234,True,True,True
1684343,63779589567365,-13.5928,2.596805,-0.04954714,-0.04920973,0.8619692,0.07258318,-0.4993186,0.006044251,0.003006973,-0.0245486,0.402298,-0.01559448,0.9153748,0.02856435,0.002733398,-0.02397434,0.02856435,0.002733398,-0.02397434,0.3789215,-0.005081177,0.9253998,0.3789215,-0.005081177,0.9253998,4.962616,4.962616,True,True,True
1684351,63779589567376,-13.59278,2.596734,-0.04946089,-0.04976714,0.8618648,0.07254103,-0.4994497,0.005919251,0.003009415,-0.02455115,0.4034424,-0.01568604,0.914856,0.02856435,0.002733398,-0.0239736,0.02856435,0.002733398,-0.0239736,0.3807678,-0.004730225,0.9246521,0.3807678,-0.004730225,0.9246521,4.964447,4.964447,True,True,True
1684360,63779589567376,-13.59278,2.596734,-0.04946089,-0.04976714,0.8618648,0.07254103,-0.4994497,0.005826584,0.003012024,-0.0245533,0.403717,-0.01599121,0.9147339,0.02856435,0.002733597,-0.02397327,0.02856435,0.002733597,-0.02397327,0.3811798,-0.00479126,0.9244843,0.3811798,-0.00479126,0.9244843,4.964188,4.964188,True,True,True
1684368,63779589567388,-13.5928,2.596732,-0.04944569,-0.05010969,0.8617761,0.07240735,-0.4995881,0.005760132,0.003014923,-0.02455376,0.4035187,-0.01293945,0.9148712,0.02856435,0.002734696,-0.02397128,0.02856435,0.002734696,-0.02397128,0.3812103,-0.002075195,0.9244843,0.3812103,-0.002075195,0.9244843,4.965866,4.965866,True,True,True
1684376,63779589567399,-13.59267,2.596737,-0.04937601,-0.0504535,0.8617146,0.07224566,-0.4996828,0.005726883,0.003017304,-0.02455441,0.4034576,-0.01171875,0.914917,0.02856435,0.002734894,-0.02397098,0.02856435,0.002734894,-0.02397098,0.3812561,-0.00213623,0.9244537,0.3812561,-0.00213623,0.9244537,4.96666,4.96666,True,True,True
1684385,63779589567410,-13.59262,2.596701,-0.04930902,-0.05065898,0.8617234,0.07213948,-0.4996622,0.006806977,0.003006989,-0.02452458,0.4027252,-0.01148987,0.9152374,0.02856435,0.002735733,-0.02396846,0.02856435,0.002735733,-0.02396846,0.3819427,-0.002212524,0.9241791,0.3819427,-0.002212524,0.9241791,4.967148,4.967148,True,True,True
1684393,63779589567410,-13.59262,2.596701,-0.04930902,-0.05065898,0.8617234,0.07213948,-0.4996622,0.007027863,0.003009979,-0.02451785,0.4023438,-0.01252747,0.91539,0.02856435,0.002735886,-0.02396761,0.02856435,0.002735886,-0.02396761,0.381958,-0.00227356,0.9241638,0.381958,-0.00227356,0.9241638,4.968155,4.968155,True,True,True
1684401,63779589567421,-13.59252,2.596685,-0.04926819,-0.05081208,0.8617108,0.07198446,-0.4996908,0.007096238,0.003014069,-0.02451553,0.4004059,-0.0111084,0.9162598,0.02856435,0.002735947,-0.02396715,0.02856435,0.002735947,-0.02396715,0.3819733,0.001358032,0.9241638,0.3819733,0.001358032,0.9241638,4.970276,4.970276,True,True,True
1684410,63779589567433,-13.59241,2.596685,-0.04923952,-0.05109547,0.8617567,0.0718478,-0.4996023,0.007001282,0.003019882,-0.02451753,0.4005585,-0.01177979,0.9161835,0.02856554,0.002736023,-0.0239666,0.02856554,0.002736023,-0.0239666,0.3825073,0.001373291,0.9239349,0.3825073,0.001373291,0.9239349,4.970505,4.970505,True,True,True
1684418,63779589567444,-13.59236,2.59667,-0.04922509,-0.05113357,0.8619195,0.07173904,-0.4993333,0.006855408,0.003026825,-0.0245206,0.4007874,-0.01062012,0.9161072,0.02856803,0.002736618,-0.02396558,0.02856803,0.002736618,-0.02396558,0.3829346,0.001296997,0.9237671,0.3829346,0.001296997,0.9237671,4.970978,4.970978,True,True,True
1684426,63779589567444,-13.59236,2.59667,-0.04922509,-0.05113357,0.8619195,0.07173904,-0.4993333,0.006655335,0.003033783,-0.02452559,0.4013977,-0.01101685,0.9158325,0.02857059,0.002736847,-0.02396547,0.02857059,0.002736847,-0.02396547,0.3835907,0.001678467,0.9234924,0.3835907,0.001678467,0.9234924,4.971603,4.971603,True,True,True
1684435,63779589567456,-13.59225,2.59663,-0.04916406,-0.05124772,0.8620232,0.07174665,-0.4991415,0.006593094,0.00303772,-0.02452593,0.4014893,-0.009124756,0.915802,0.02857172,0.002737473,-0.02396341,0.02857172,0.002737473,-0.02396341,0.3838959,0.002410889,0.9233551,0.3838959,0.002410889,0.9233551,4.972229,4.972229,True,True,True
1684443,63779589567467,-13.59213,2.596633,-0.04919124,-0.05120904,0.8622212,0.0717294,-0.4988057,0.006626969,0.00303949,-0.02452417,0.4016724,-0.00843811,0.9157257,0.0285753,0.002738342,-0.0239619,0.0285753,0.002738342,-0.0239619,0.3842621,0.002166748,0.9232178,0.3842621,0.002166748,0.9232178,4.97197,4.97197,True,True,True
1684451,63779589567467,-13.59213,2.596633,-0.04919124,-0.05120904,0.8622212,0.0717294,-0.4988057,0.006575486,0.003044067,-0.02452406,0.4016876,-0.009109497,0.9157104,0.02857654,0.002740235,-0.02395957,0.02857654,0.002740235,-0.02395957,0.3845978,0.001556396,0.9230804,0.3845978,0.001556396,0.9230804,4.972122,4.972122,True,True,True
1684460,63779589567479,-13.59198,2.596676,-0.04920787,-0.0511704,0.8624474,0.0716443,-0.4984308,0.006552323,0.003049179,-0.02452449,0.4017029,-0.009017944,0.9157104,0.02857654,0.002746384,-0.02395931,0.02857654,0.002746384,-0.02395931,0.384613,-0.0001068115,0.9230652,0.384613,-0.0001068115,0.9230652,4.974899,4.974899,True,True,True
1684468,63779589567490,-13.5918,2.596677,-0.04926217,-0.05101401,0.8626571,0.07164361,-0.4980837,0.005899506,0.003061325,-0.02454053,0.4021912,-0.00944519,0.9154968,0.02857654,0.002749359,-0.02395813,0.02857654,0.002749359,-0.02395813,0.384613,-0.0009460449,0.9230652,0.384613,-0.0009460449,0.9230652,4.974396,4.974396,True,True,True
1684476,63779589567501,-13.59168,2.596639,-0.0491932,-0.05110001,0.8629431,0.07167223,-0.4975752,0.005825745,0.003066956,-0.02454061,0.4022369,-0.01051331,0.9154663,0.02857654,0.002753754,-0.02395496,0.02857654,0.002753754,-0.02395496,0.3847504,-0.001861572,0.9230042,0.3847504,-0.001861572,0.9230042,4.985764,4.985764,True,True,True
1684485,63779589567501,-13.59168,2.596639,-0.0491932,-0.05110001,0.8629431,0.07167223,-0.4975752,0.004282135,0.003089417,-0.02458049,0.4035339,-0.01069641,0.9148865,0.02857654,0.002753754,-0.02395496,0.02857654,0.002753754,-0.02395496,0.3847504,-0.001861572,0.9230042,0.3847504,-0.001861572,0.9230042,4.986053,4.986053,True,True,True
1684493,63779589567513,-13.5915,2.596633,-0.04921329,-0.05106165,0.8632708,0.07181188,-0.4969904,0.00431839,0.003088898,-0.02457973,0.4042816,-0.01054382,0.914566,0.02857654,0.002753754,-0.02395496,0.02857654,0.002753754,-0.02395496,0.3857117,-0.00177002,0.9226074,0.3857117,-0.00177002,0.9226074,4.994843,4.994843,True,True,True
1684501,63779589567524,-13.59137,2.596618,-0.04927135,-0.05123047,0.8636407,0.07192493,-0.4963134,0.004407196,0.003087677,-0.02457845,0.4050446,-0.008529663,0.9142456,0.02857654,0.002753754,-0.02395496,0.02857654,0.002753754,-0.02395496,0.3871613,-0.001022339,0.9219971,0.3871613,-0.001022339,0.9219971,4.998352,4.998352,True,True,True
1684510,63779589567535,-13.59116,2.596617,-0.04934138,-0.05131174,0.8639385,0.07217412,-0.4957502,0.00498349,0.003079895,-0.02456369,0.4059753,-0.007858276,0.9138336,0.02857654,0.002753754,-0.02395496,0.02857654,0.002753754,-0.02395496,0.3875122,-0.0003204346,0.9218445,0.3875122,-0.0003204346,0.9218445,4.999359,4.999359,True,True,True
1684518,63779589567535,-13.59116,2.596617,-0.04934138,-0.05131174,0.8639385,0.07217412,-0.4957502,0.004846421,0.00308226,-0.0245683,0.4068756,-0.007385254,0.9134369,0.02857218,0.002753754,-0.02395496,0.02857218,0.002753754,-0.02395496,0.3873138,4.577637E-05,0.921936,0.3873138,4.577637E-05,0.921936,4.999344,4.999344,True,True,True
1684526,63779589567547,-13.59096,2.596649,-0.04938877,-0.05118676,0.864328,0.07234523,-0.4950589,0.004840729,0.003082535,-0.02456888,0.4066315,-0.007385254,0.913559,0.02856838,0.002753754,-0.02395496,0.02856838,0.002753754,-0.02395496,0.386673,3.051758E-05,0.9222107,0.386673,3.051758E-05,0.9222107,4.998718,4.998718,True,True,True
1684535,63779589567558,-13.59062,2.59674,-0.04941463,-0.05109839,0.864709,0.07255856,-0.494371,0.004918945,0.003081528,-0.02456683,0.4072571,-0.006790161,0.9132843,0.02856558,0.002753754,-0.02395496,0.02856558,0.002753754,-0.02395496,0.3859558,0.0007781982,0.9225159,0.3859558,0.0007781982,0.9225159,4.998413,4.998413,True,True,True
1684543,63779589567569,-13.59045,2.596774,-0.04939926,-0.0509219,0.8651859,0.0726508,-0.4935406,0.004842972,0.003056534,-0.02458122,0.4089661,0.001586914,0.9125366,0.02856381,0.002708649,-0.02397446,0.02856381,0.002708649,-0.02397446,0.3878326,0.01504517,0.9216003,0.3878326,0.01504517,0.9216003,5.007141,5.007141,True,True,True
1684551,63779589567569,-13.59045,2.596774,-0.04939926,-0.0509219,0.8651859,0.0726508,-0.4935406,0.004328812,0.003063858,-0.02459551,0.4098511,0.001480103,0.9121399,0.02855879,0.002708298,-0.02397498,0.02855879,0.002708298,-0.02397498,0.3874207,0.01516724,0.9217682,0.3874207,0.01516724,0.9217682,5.009506,5.009506,True,True,True
1684560,63779589567581,-13.59029,2.596877,-0.04941928,-0.05085029,0.8656529,0.07286055,-0.4926973,0.005593674,0.003045243,-0.02456438,0.4100494,0.002334595,0.9120483,0.02855419,0.002708298,-0.02397498,0.02855419,0.002708298,-0.02397498,0.388916,0.01550293,0.9211273,0.388916,0.01550293,0.9211273,5.010559,5.010559,True,True,True
1684568,63779589567592,-13.5901,2.596949,-0.04953009,-0.05072585,0.8660293,0.0731491,-0.4920056,0.005517487,0.003046326,-0.02456824,0.4108124,0.002120972,0.9117126,0.02855353,0.002708298,-0.02397498,0.02855353,0.002708298,-0.02397498,0.3899994,0.015625,0.9206696,0.3899994,0.015625,0.9206696,5.012939,5.012939,True,True,True
1684576,63779589567603,-13.58998,2.596984,-0.04957032,-0.05060472,0.8663909,0.07350927,-0.491327,0.005580903,0.003044815,-0.02456793,0.4108887,0.0008850098,0.9116669,0.02854886,0.002708298,-0.02397498,0.02854886,0.002708298,-0.02397498,0.3897247,0.01541138,0.9207916,0.3897247,0.01541138,0.9207916,5.012573,5.012573,True,True,True
1684585,63779589567603,-13.58998,2.596984,-0.04957032,-0.05060472,0.8663909,0.07350927,-0.491327,0.00421225,0.003052399,-0.02459561,0.4110413,-0.003112793,0.9116058,0.02860408,0.002691071,-0.02396636,0.02860408,0.002691071,-0.02396636,0.3908539,0.02098083,0.9201965,0.3908539,0.02098083,0.9201965,5.055878,5.055878,True,True,True
1684593,63779589567614,-13.58983,2.597054,-0.04956162,-0.05060208,0.8666776,0.07374804,-0.4907858,0.004314011,0.003028961,-0.02454358,0.3871155,-0.002410889,0.9220123,0.02873061,0.002664017,-0.02391664,0.02873061,0.002664017,-0.02391664,0.3698425,0.01187134,0.9290161,0.3698425,0.01187134,0.9290161,5.099991,5.099991,True,True,True
1684601,63779589567625,-13.58966,2.597097,-0.04959375,-0.05070101,0.8668975,0.07398479,-0.4903513,0.004426514,0.00301593,-0.02450681,0.3739777,-0.005172729,0.9274139,0.02878951,0.002638733,-0.02388368,0.02878951,0.002638733,-0.02388368,0.3444214,0.01054382,0.9387512,0.3444214,0.01054382,0.9387512,5.024673,5.024673,True,True,True
1684610,63779589567636,-13.58953,2.597152,-0.04960692,-0.05074462,0.8670883,0.07422648,-0.4899728,0.00560614,0.002986572,-0.02444724,0.3683014,-0.005905151,0.9296722,0.02887506,0.002615631,-0.02385164,0.02887506,0.002615631,-0.02385164,0.3474121,0.007141113,0.9376831,0.3474121,0.007141113,0.9376831,4.969833,4.969833,True,True,True
1684618,63779589567636,-13.58953,2.597152,-0.04960692,-0.05074462,0.8670883,0.07422648,-0.4899728,0.007905259,0.002954697,-0.02439586,0.3681335,0.004043579,0.9297485,0.02885727,0.002625076,-0.02386888,0.02885727,0.002625076,-0.02386888,0.355835,0.01972961,0.9343262,0.355835,0.01972961,0.9343262,5.041214,5.041214,True,True,True
1684626,63779589567647,-13.58937,2.597216,-0.04960722,-0.05094079,0.8672656,0.07459406,-0.4895827,0.008188386,0.002951355,-0.02439054,0.3728027,-0.002044678,0.9279022,0.02885141,0.002627152,-0.02386328,0.02885141,0.002627152,-0.02386328,0.3567963,0.0120697,0.9340973,0.3567963,0.0120697,0.9340973,5.022797,5.022797,True,True,True
1684635,63779589567658,-13.58913,2.597236,-0.0496068,-0.05102067,0.8674008,0.07477309,-0.4893073,0.008266678,0.002947067,-0.0243855,0.3726196,-0.004959106,0.9279633,0.02885222,0.002623062,-0.02385591,0.02885222,0.002623062,-0.02385591,0.3540955,0.007858276,0.9351654,0.3540955,0.007858276,0.9351654,5.002792,5.002792,True,True,True
1684643,63779589567669,-13.589,2.597247,-0.04944533,-0.05116758,0.8674922,0.07506014,-0.4890861,0.008011368,0.002949921,-0.02439124,0.373703,-0.005157471,0.9275208,0.02885253,0.002622086,-0.02385497,0.02885253,0.002622086,-0.02385497,0.3581848,0.004867554,0.9336243,0.3581848,0.004867554,0.9336243,5.045349,5.045349,True,True,True
1684651,63779589567669,-13.589,2.597247,-0.04944533,-0.05116758,0.8674922,0.07506014,-0.4890861,0.007549637,0.002956345,-0.0244027,0.3742828,-0.003875732,0.9272919,0.02885222,0.002621582,-0.02385402,0.02885222,0.002621582,-0.02385402,0.3582916,0.006317139,0.9335785,0.3582916,0.006317139,0.9335785,5.088516,5.088516,True,True,True
1684660,63779589567682,-13.58887,2.597281,-0.0494011,-0.05127737,0.8676078,0.07534194,-0.4888261,0.00683841,0.002967575,-0.02442047,0.3755951,-0.004455566,0.9267578,0.02885155,0.00262175,-0.02385355,0.02885155,0.00262175,-0.02385355,0.3600769,0.007720947,0.9328766,0.3600769,0.007720947,0.9328766,5.093185,5.093185,True,True,True
1684668,63779589567692,-13.58878,2.597263,-0.04938185,-0.05127309,0.867615,0.07560873,-0.4887725,0.004850144,0.002998871,-0.02447168,0.3777008,-0.007141113,0.9258881,0.02885088,0.002621918,-0.02385402,0.02885088,0.002621918,-0.02385402,0.3618469,0.006622314,0.9322052,0.3618469,0.006622314,0.9322052,5.096649,5.096649,True,True,True
1684676,63779589567703,-13.58864,2.597285,-0.04939216,-0.05130253,0.8675703,0.07585716,-0.4888103,0.004763214,0.003000092,-0.02447423,0.3785858,-0.006484985,0.9255371,0.02885075,0.002622482,-0.02385497,0.02885075,0.002622482,-0.02385497,0.3623352,0.007797241,0.9320068,0.3623352,0.007797241,0.9320068,5.094406,5.094406,True,True,True
1684685,63779589567703,-13.58864,2.597285,-0.04939216,-0.05130253,0.8675703,0.07585716,-0.4888103,0.005117752,0.0029944,-0.02446542,0.3773804,-0.006271362,0.9260254,0.02885063,0.002623062,-0.02385591,0.02885063,0.002623062,-0.02385591,0.3617706,0.007553101,0.9322205,0.3617706,0.007553101,0.9322205,5.097092,5.097092,True,True,True
1684693,63779589567714,-13.58854,2.597319,-0.04933959,-0.05126465,0.8675928,0.07611951,-0.4887336,0.004907959,0.002998459,-0.02447315,0.3732147,-0.007171631,0.9277039,0.02881687,0.002625443,-0.02386087,0.02881687,0.002625443,-0.02386087,0.3535767,0.006210327,0.935379,0.3535767,0.006210327,0.935379,5.092941,5.092941,True,True,True
1684701,63779589567725,-13.58847,2.597283,-0.04927546,-0.05136816,0.8675959,0.0762703,-0.4886938,0.004610214,0.00300325,-0.02448308,0.3691711,-0.007293701,0.9293213,0.02878311,0.002626755,-0.02386582,0.02878311,0.002626755,-0.02386582,0.3453674,0.006271362,0.938446,0.3453674,0.006271362,0.938446,5.087204,5.087204,True,True,True
1684710,63779589567736,-13.58839,2.597278,-0.04923075,-0.05152169,0.8676016,0.07648841,-0.4886332,0.004539398,0.003004059,-0.02448459,0.3697815,-0.007858276,0.9290771,0.02878189,0.002626572,-0.02386585,0.02878189,0.002626572,-0.02386585,0.3465118,0.005783081,0.9380188,0.3465118,0.005783081,0.9380188,5.08493,5.08493,True,True,True
1684718,63779589567736,-13.58839,2.597278,-0.04923075,-0.05152169,0.8676016,0.07648841,-0.4886332,0.004425598,0.003005524,-0.0244872,0.3704529,-0.007919312,0.9288025,0.02878067,0.002626373,-0.02386588,0.02878067,0.002626373,-0.02386588,0.3477325,0.005310059,0.9375763,0.3477325,0.005310059,0.9375763,5.087723,5.087723,True,True,True
1684726,63779589567747,-13.58822,2.597308,-0.04917991,-0.05158465,0.8675653,0.07655221,-0.4886812,0.004370392,0.003005692,-0.0244888,0.3707886,-0.007629395,0.9286804,0.02878035,0.00262529,-0.02386586,0.02878035,0.00262529,-0.02386586,0.3476868,0.005569458,0.9375763,0.3476868,0.005569458,0.9375763,5.089111,5.089111,True,True,True
1684735,63779589567758,-13.58814,2.597318,-0.04915607,-0.05161873,0.86761,0.07666524,-0.4885805,0.004367478,0.003005051,-0.02448907,0.3710327,-0.007293701,0.9285736,0.02878002,0.002624222,-0.02386585,0.02878002,0.002624222,-0.02386585,0.3475647,0.005813599,0.9376221,0.3475647,0.005813599,0.9376221,5.087784,5.087784,True,True,True
1684743,63779589567769,-13.58802,2.597322,-0.04911262,-0.05154023,0.8675851,0.07670665,-0.4886265,0.004410935,0.003004547,-0.02448801,0.3701324,-0.007873535,0.9289398,0.02877954,0.002624603,-0.02386583,0.02877954,0.002624603,-0.02386583,0.345932,0.004501343,0.9382324,0.345932,0.004501343,0.9382324,5.086044,5.086044,True,True,True
1684751,63779589567769,-13.58802,2.597322,-0.04911262,-0.05154023,0.8675851,0.07670665,-0.4886265,0.004516846,0.003003006,-0.02448522,0.3706512,-0.008590698,0.9287262,0.02877907,0.002624893,-0.02386582,0.02877907,0.002624893,-0.02386582,0.3473053,0.003433228,0.9377441,0.3473053,0.003433228,0.9377441,5.085251,5.085251,True,True,True
1684760,63779589567781,-13.5879,2.597332,-0.04907614,-0.0516915,0.8675023,0.07706,-0.4887019,0.004668854,0.003000672,-0.02448126,0.3705444,-0.008621216,0.928772,0.02877866,0.002624985,-0.02386582,0.02877866,0.002624985,-0.02386582,0.3471985,0.003219604,0.9377747,0.3471985,0.003219604,0.9377747,5.08519,5.08519,True,True,True
1684768,63779589567792,-13.58785,2.597379,-0.04904723,-0.05172092,0.8674733,0.07735294,-0.4887039,0.00485849,0.002998428,-0.02447629,0.3704376,-0.008956909,0.9288025,0.02877809,0.002626267,-0.02386582,0.02877809,0.002626267,-0.02386582,0.3470459,0.002868652,0.9378357,0.3470459,0.002868652,0.9378357,5.0849,5.0849,True,True,True
1684776,63779589567802,-13.58779,2.597422,-0.0490126,-0.05176409,0.8674008,0.07750367,-0.488804,0.004850617,0.002998444,-0.02447635,0.3704071,-0.008972168,0.9288177,0.02877809,0.002626267,-0.02386582,0.02877809,0.002626267,-0.02386582,0.3470001,0.002853394,0.937851,0.3470001,0.002853394,0.937851,5.080826,5.080826,True,True,True
1684785,63779589567802,-13.58779,2.597422,-0.0490126,-0.05176409,0.8674008,0.07750367,-0.488804,0.004967652,0.002996475,-0.02447325,0.3701324,-0.01106262,0.928894,0.02877809,0.002626267,-0.02386582,0.02877809,0.002626267,-0.02386582,0.3468018,0.0002746582,0.9379272,0.3468018,0.0002746582,0.9379272,5.073853,5.073853,True,True,True
1684793,63779589567814,-13.58771,2.597434,-0.0490362,-0.05188836,0.8673461,0.07760962,-0.4888712,0.0049991,0.002995178,-0.024472,0.3683624,-0.01197815,0.9295959,0.02877809,0.002624985,-0.02386508,0.02877809,0.002624985,-0.02386508,0.3439026,-0.0001831055,0.9389954,0.3439026,-0.0001831055,0.9389954,5.069138,5.069138,True,True,True
1684801,63779589567825,-13.58767,2.597446,-0.0490427,-0.05205151,0.8673232,0.07755152,-0.4889038,0.005094574,0.002993332,-0.02446759,0.3700409,-0.01187134,0.9289246,0.02877809,0.002624893,-0.02386176,0.02877809,0.002624893,-0.02386176,0.3468018,-0.001296997,0.9379272,0.3468018,-0.001296997,0.9379272,5.073105,5.073105,True,True,True
1684810,63779589567836,-13.58761,2.59744,-0.04904276,-0.05211597,0.8673337,0.07743411,-0.4888969,0.004817841,0.002997238,-0.02447455,0.3706665,-0.01275635,0.9286652,0.02877809,0.002624222,-0.02386156,0.02877809,0.002624222,-0.02386156,0.346817,-0.002700806,0.9379272,0.346817,-0.002700806,0.9379272,5.072205,5.072205,True,True,True
1684818,63779589567836,-13.58761,2.59744,-0.04904276,-0.05211597,0.8673337,0.07743411,-0.4888969,0.004730454,0.002998581,-0.02447578,0.3701935,-0.01293945,0.9288483,0.02877866,0.002624207,-0.02385986,0.02877866,0.002624207,-0.02385986,0.3461609,-0.002929688,0.9381561,0.3461609,-0.002929688,0.9381561,5.071976,5.071976,True,True,True
1684826,63779589567847,-13.58755,2.597435,-0.04904872,-0.05209573,0.8674004,0.07733458,-0.4887964,0.004662293,0.002999298,-0.02447722,0.3697662,-0.01313782,0.9290161,0.02877907,0.002623596,-0.0238595,0.02877907,0.002623596,-0.0238595,0.3454437,-0.003204346,0.9384155,0.3454437,-0.003204346,0.9384155,5.071472,5.071472,True,True,True
1684835,63779589567859,-13.58751,2.597418,-0.0490548,-0.05215675,0.8674998,0.07703234,-0.4886613,0.004631348,0.002999665,-0.02447772,0.3700409,-0.0131073,0.9289093,0.02878093,0.002623459,-0.02385948,0.02878093,0.002623459,-0.02385948,0.345932,-0.003097534,0.9382477,0.345932,-0.003097534,0.9382477,5.071854,5.071854,True,True,True
1684843,63779589567869,-13.58746,2.597395,-0.0490464,-0.05203463,0.8676416,0.07668129,-0.4884777,0.004629456,0.002997284,-0.02447623,0.3702698,-0.01231384,0.928833,0.02878279,0.002619278,-0.02385722,0.02878279,0.002619278,-0.02385722,0.3464355,-0.001724243,0.9380646,0.3464355,-0.001724243,0.9380646,5.072937,5.072937,True,True,True
1684851,63779589567869,-13.58746,2.597395,-0.0490464,-0.05203463,0.8676416,0.07668129,-0.4884777,0.004622147,0.002995758,-0.02447467,0.3704071,-0.01223755,0.928772,0.02878424,0.002616455,-0.02385432,0.02878424,0.002616455,-0.02385432,0.3463287,-0.001571655,0.9380951,0.3463287,-0.001571655,0.9380951,5.073181,5.073181,True,True,True
1684860,63779589567880,-13.58731,2.597354,-0.04901063,-0.05189431,0.8677661,0.07621129,-0.4883451,0.004638001,0.002994614,-0.0244738,0.3708038,-0.01200867,0.9286194,0.0287849,0.002615067,-0.02385375,0.0287849,0.002615067,-0.02385375,0.3471069,-0.001068115,0.9378204,0.3471069,-0.001068115,0.9378204,5.08345,5.08345,True,True,True
1684868,63779589567892,-13.58717,2.59731,-0.04894644,-0.05192025,0.8678709,0.07587416,-0.4882085,0.004631119,0.002992416,-0.02447386,0.3710785,-0.0118103,0.9285126,0.02878618,0.002611206,-0.02385358,0.02878618,0.002611206,-0.02385358,0.3474426,-6.103516E-05,0.9376831,0.3474426,-6.103516E-05,0.9376831,5.083557,5.083557,True,True,True
1684876,63779589567902,-13.58711,2.597224,-0.04892457,-0.05185232,0.867999,0.07556993,-0.488035,0.004634186,0.002992249,-0.02447292,0.3712463,-0.01184082,0.9284515,0.02878618,0.002611038,-0.02385216,0.02878618,0.002611038,-0.02385216,0.34758,-0.0001068115,0.9376373,0.34758,-0.0001068115,0.9376373,5.095108,5.095108,True,True,True
1684885,63779589567902,-13.58711,2.597224,-0.04892457,-0.05185232,0.867999,0.07556993,-0.488035,0.002625336,0.003023941,-0.02452361,0.3734131,-0.01281738,0.9275665,0.02878618,0.002611038,-0.02385089,0.02878618,0.002611038,-0.02385089,0.3482361,-4.577637E-05,0.9373932,0.3482361,-4.577637E-05,0.9373932,5.106827,5.106827,True,True,True
1684893,63779589567913,-13.58704,2.597136,-0.04892075,-0.05188509,0.8681057,0.07532296,-0.48788,0.002632263,0.003023834,-0.02452292,0.374176,-0.01260376,0.9272614,0.02878618,0.002611038,-0.02384998,0.02878618,0.002611038,-0.02384998,0.3482513,0.000213623,0.9373932,0.3482513,0.000213623,0.9373932,5.107086,5.107086,True,True,True
1684901,63779589567924,-13.58696,2.597081,-0.04892492,-0.0520325,0.8681671,0.0751713,-0.4877785,0.002647949,0.003023575,-0.02452199,0.3745728,-0.01252747,0.9271088,0.02878618,0.002611038,-0.02384902,0.02878618,0.002611038,-0.02384902,0.3486023,0.0002593994,0.9372559,0.3486023,0.0002593994,0.9372559,5.115936,5.115936,True,True,True
1684910,63779589567935,-13.58697,2.597007,-0.04890996,-0.05207309,0.8682799,0.07475904,-0.4876366,0.002631729,0.003023834,-0.02452146,0.3746033,-0.01223755,0.9270935,0.02878618,0.002611038,-0.0238474,0.02878618,0.002611038,-0.0238474,0.3486938,0.0008087158,0.9372253,0.3486938,0.0008087158,0.9372253,5.124115,5.124115,True,True,True
1684918,63779589567935,-13.58697,2.597007,-0.04890996,-0.05207309,0.8682799,0.07475904,-0.4876366,0.002640533,0.003023773,-0.02452081,0.3746948,-0.01202393,0.927063,0.02878618,0.002611038,-0.02384644,0.02878618,0.002611038,-0.02384644,0.3491669,0.001251221,0.9370422,0.3491669,0.001251221,0.9370422,5.137817,5.137817,True,True,True
1684926,63779589567946,-13.58691,2.596921,-0.04896331,-0.05212168,0.8683365,0.07458525,-0.4875572,0.002637161,0.003023834,-0.02451985,0.3743134,-0.01078796,0.9272308,0.02878618,0.002611038,-0.02384482,0.02878618,0.002611038,-0.02384482,0.3490601,0.003585815,0.937088,0.3490601,0.003585815,0.937088,5.126343,5.126343,True,True,True
1684935,63779589567958,-13.58685,2.596931,-0.048967,-0.05231895,0.8684178,0.07446962,-0.487409,0.002602387,0.00302446,-0.02452011,0.3737183,-0.01094055,0.9274597,0.02878311,0.002611206,-0.02384381,0.02878311,0.002611206,-0.02384381,0.3481903,0.003372192,0.9374084,0.3481903,0.003372192,0.9374084,5.117676,5.117676,True,True,True
1684943,63779589567969,-13.5868,2.596939,-0.0490104,-0.05222999,0.8684851,0.07432447,-0.4873208,0.002532043,0.003040726,-0.02451991,0.3691864,-0.01457214,0.9292297,0.02874335,0.002639618,-0.02384116,0.02874335,0.002639618,-0.02384116,0.3389282,-0.004180908,0.9407959,0.3389282,-0.004180908,0.9407959,5.108826,5.108826,True,True,True
1684951,63779589567969,-13.5868,2.596939,-0.0490104,-0.05222999,0.8684851,0.07432447,-0.4873208,0.002506714,0.003043259,-0.02451981,0.3693085,-0.0140686,0.929184,0.02874143,0.002643601,-0.02383991,0.02874143,0.002643601,-0.02383991,0.3391266,-0.003234863,0.9407196,0.3391266,-0.003234863,0.9407196,5.10939,5.10939,True,True,True
1684960,63779589567980,-13.58676,2.596961,-0.04903525,-0.05227897,0.8685728,0.07429896,-0.4871631,0.004476075,0.00301329,-0.02446871,0.3671722,-0.01176453,0.930069,0.02874143,0.002643601,-0.02383991,0.02874143,0.002643601,-0.02383991,0.3394165,-0.0006256104,0.9406281,0.3394165,-0.0006256104,0.9406281,5.11113,5.11113,True,True,True
1684968,63779589567991,-13.58673,2.596963,-0.04903275,-0.05230858,0.8686972,0.07419413,-0.4869541,0.004493393,0.003013016,-0.02446822,0.3675079,-0.01159668,0.9299316,0.02874143,0.002643601,-0.02383991,0.02874143,0.002643601,-0.02383991,0.3401031,-0.0003509521,0.9403839,0.3401031,-0.0003509521,0.9403839,5.111588,5.111588,True,True,True
1684976,63779589568002,-13.58659,2.596982,-0.04906023,-0.0521758,0.8687956,0.07412227,-0.4868037,0.00253981,0.003043686,-0.02451883,0.3697052,-0.01133728,0.9290619,0.02874056,0.002645294,-0.02383991,0.02874056,0.002645294,-0.02383991,0.339859,-0.0008087158,0.9404602,0.339859,-0.0008087158,0.9404602,5.106033,5.106033,True,True,True
1684985,63779589568002,-13.58659,2.596982,-0.04906023,-0.0521758,0.8687956,0.07412227,-0.4868037,0.004578476,0.003013474,-0.02446611,0.3679352,-0.01028442,0.9297791,0.02874056,0.002645294,-0.02383991,0.02874056,0.002645294,-0.02383991,0.3403931,-0.0007476807,0.9402771,0.3403931,-0.0007476807,0.9402771,5.106293,5.106293,True,True,True
1684993,63779589568013,-13.58657,2.596994,-0.04909354,-0.05215655,0.8688884,0.07429799,-0.4866132,0.00465213,0.003012528,-0.0244642,0.3683777,-0.01004028,0.9296112,0.02874056,0.002645294,-0.02383991,0.02874056,0.002645294,-0.02383991,0.3406067,-0.0003662109,0.9402008,0.3406067,-0.0003662109,0.9402008,5.111923,5.111923,True,True,True
1685001,63779589568025,-13.58653,2.597028,-0.04909003,-0.0521392,0.8689481,0.07449784,-0.486478,0.00473439,0.003012085,-0.02446208,0.3684082,-0.008605957,0.9296112,0.02874056,0.002645294,-0.02383991,0.02874056,0.002645294,-0.02383991,0.3406219,0.002288818,0.9401855,0.3406219,0.002288818,0.9401855,5.113403,5.113403,True,True,True
1685010,63779589568036,-13.5865,2.59706,-0.04912442,-0.05191614,0.8690335,0.07462312,-0.4863301,0.004811859,0.003011231,-0.02446022,0.369339,-0.008346558,0.929245,0.02874056,0.002645294,-0.02383991,0.02874056,0.002645294,-0.02383991,0.3416595,0.003189087,0.9398041,0.3416595,0.003189087,0.9398041,5.119797,5.119797,True,True,True
1685018,63779589568036,-13.5865,2.59706,-0.04912442,-0.05191614,0.8690335,0.07462312,-0.4863301,0.00474704,0.00301297,-0.0244621,0.370285,-0.008300781,0.9288635,0.02874056,0.002645294,-0.02384029,0.02874056,0.002645294,-0.02384029,0.3427124,0.003356934,0.9394226,0.3427124,0.003356934,0.9394226,5.135834,5.135834,True,True,True
1685026,63779589568047,-13.58654,2.597069,-0.04911304,-0.05184909,0.8691043,0.07476974,-0.4861881,0.00473375,0.00300592,-0.02446306,0.3746643,-0.006057739,0.927124,0.02877109,0.002632431,-0.02384058,0.02877109,0.002632431,-0.02384058,0.3506622,0.007278442,0.9364624,0.3506622,0.007278442,0.9364624,5.141998,5.141998,True,True,True
1685035,63779589568058,-13.58653,2.597116,-0.04913384,-0.0518515,0.869141,0.07511469,-0.4860691,0.00478566,0.003005219,-0.02446243,0.3751068,-0.00479126,0.9269562,0.028772,0.002632431,-0.02384113,0.028772,0.002632431,-0.02384113,0.3513794,0.009017944,0.9361725,0.3513794,0.009017944,0.9361725,5.143402,5.143402,True,True,True
1685043,63779589568069,-13.58649,2.59726,-0.04918611,-0.05186729,0.8691388,0.07543432,-0.4860219,0.004825562,0.003004593,-0.02446153,0.3751221,-0.004669189,0.9269562,0.028772,0.002632431,-0.02384113,0.028772,0.002632431,-0.02384113,0.3516388,0.009216309,0.9360809,0.3516388,0.009216309,0.9360809,5.146179,5.146179,True,True,True
1685051,63779589568069,-13.58649,2.59726,-0.04918611,-0.05186729,0.8691388,0.07543432,-0.4860219,0.002883042,0.003034775,-0.0245121,0.3801727,-0.005523682,0.924881,0.028772,0.002632431,-0.02384145,0.028772,0.002632431,-0.02384145,0.3574066,0.009674072,0.9338837,0.3574066,0.009674072,0.9338837,5.149948,5.149948,True,True,True
1685060,63779589568080,-13.58647,2.597368,-0.04921621,-0.05194529,0.8691908,0.07581859,-0.4858607,0.002962998,0.003033509,-0.02451009,0.3803558,-0.005767822,0.9248047,0.028772,0.002632431,-0.02384154,0.028772,0.002632431,-0.02384154,0.3574371,0.009521484,0.9338837,0.3574371,0.009521484,0.9338837,5.149673,5.149673,True,True,True
1685068,63779589568091,-13.58645,2.597404,-0.04928821,-0.05187667,0.8692974,0.07591675,-0.4856619,0.004818695,0.003004669,-0.02446274,0.3789063,-0.005691528,0.9253998,0.028772,0.002632416,-0.02384183,0.028772,0.002632416,-0.02384183,0.3576508,0.008056641,0.9338074,0.3576508,0.008056641,0.9338074,5.163116,5.163116,True,True,True
1685076,63779589568102,-13.58646,2.597245,-0.04937679,-0.05167298,0.8694803,0.07603007,-0.4853385,0.002867767,0.003034973,-0.02451338,0.380722,-0.006912231,0.9246521,0.028772,0.002632416,-0.02384197,0.028772,0.002632416,-0.02384197,0.3579865,0.007980347,0.9336853,0.3579865,0.007980347,0.9336853,5.163315,5.163315,True,True,True
1685085,63779589568102,-13.58646,2.597245,-0.04937679,-0.05167298,0.8694803,0.07603007,-0.4853385,0.002861969,0.00303505,-0.02451376,0.3813934,-0.007247925,0.9243774,0.02877109,0.002632431,-0.02384197,0.02877109,0.002632431,-0.02384197,0.3592072,0.007354736,0.9332123,0.3592072,0.007354736,0.9332123,5.16333,5.16333,True,True,True
1685093,63779589568113,-13.58649,2.597146,-0.04945016,-0.0513561,0.8695723,0.07590129,-0.4852273,0.003014221,0.003034805,-0.02450984,0.3823853,-0.00769043,0.9239655,0.02877043,0.002636292,-0.02384197,0.02877043,0.002636292,-0.02384197,0.3591309,0.006271362,0.9332581,0.3591309,0.006271362,0.9332581,5.16301,5.16301,True,True,True
1685101,63779589568124,-13.58652,2.597054,-0.04946393,-0.05107661,0.8696798,0.07564241,-0.4851046,0.003119125,0.003032929,-0.02450725,0.3825073,-0.008148193,0.9239044,0.02877043,0.002636292,-0.0238421,0.02877043,0.002636292,-0.0238421,0.3595428,0.005310059,0.9331055,0.3595428,0.005310059,0.9331055,5.165375,5.165375,True,True,True
1685110,63779589568136,-13.58661,2.597004,-0.04951203,-0.0509157,0.8696731,0.07534441,-0.48518,0.003112335,0.003034134,-0.02450754,0.3822479,-0.009979248,0.923996,0.02876836,0.002639176,-0.0238421,0.02876836,0.002639176,-0.0238421,0.3594971,0.002685547,0.933136,0.3594971,0.002685547,0.933136,5.163925,5.163925,True,True,True
1685118,63779589568136,-13.58661,2.597004,-0.04951203,-0.0509157,0.8696731,0.07534441,-0.48518,0.003109406,0.00303537,-0.02450713,0.3777008,-0.01133728,0.9258423,0.02873537,0.00264209,-0.0238421,0.02873537,0.00264209,-0.0238421,0.3513184,0.000579834,0.9362488,0.3513184,0.000579834,0.9362488,5.15538,5.15538,True,True,True
1685126,63779589568146,-13.58665,2.596984,-0.04953194,-0.0508047,0.8697228,0.07498313,-0.4851584,0.003118195,0.003035507,-0.02450694,0.3773804,-0.01197815,0.9259644,0.02873505,0.002643662,-0.0238421,0.02873505,0.002643662,-0.0238421,0.3513184,9.155273E-05,0.9362488,0.3513184,9.155273E-05,0.9362488,5.151016,5.151016,True,True,True
1685135,63779589568157,-13.58669,2.596949,-0.04956806,-0.05080875,0.8697175,0.07464208,-0.4852202,0.002972763,0.003038269,-0.02451067,0.3778229,-0.012146,0.9257965,0.0287336,0.002644806,-0.02384183,0.0287336,0.002644806,-0.02384183,0.3518524,-0.0001068115,0.9360504,0.3518524,-0.0001068115,0.9360504,5.15799,5.15799,True,True,True
1685143,63779589568169,-13.58674,2.596917,-0.04959208,-0.05083456,0.8697202,0.07427004,-0.4852696,0.002978348,0.003038071,-0.02451044,0.3786011,-0.01228333,0.9254761,0.02873315,0.002645508,-0.02384145,0.02873315,0.002645508,-0.02384145,0.3535461,-0.0002441406,0.9354095,0.3535461,-0.0002441406,0.9354095,5.158554,5.158554,True,True,True
1685151,63779589568169,-13.58674,2.596917,-0.04959208,-0.05083456,0.8697202,0.07427004,-0.4852696,0.002943039,0.00303978,-0.02451115,0.3784485,-0.01249695,0.9255219,0.02873029,0.002647721,-0.02384113,0.02873029,0.002647721,-0.02384113,0.3530579,-0.0001220703,0.9355927,0.3530579,-0.0001220703,0.9355927,5.151291,5.151291,True,True,True
1685160,63779589568180,-13.58673,2.596799,-0.04962003,-0.05078155,0.8696938,0.07388224,-0.4853817,0.002961304,0.003039856,-0.02451006,0.3792267,-0.01371765,0.9251862,0.02872879,0.00264914,-0.02384006,0.02872879,0.00264914,-0.02384006,0.3544922,-0.0004882813,0.9350433,0.3544922,-0.0004882813,0.9350433,5.15181,5.15181,True,True,True
1685168,63779589568191,-13.58679,2.596766,-0.04972172,-0.05062988,0.8697061,0.07374212,-0.4853969,0.002949478,0.00304036,-0.02451033,0.3789368,-0.01428223,0.9253082,0.02872748,0.002649887,-0.02384006,0.02872748,0.002649887,-0.02384006,0.3541412,-0.001449585,0.9351807,0.3541412,-0.001449585,0.9351807,5.151001,5.151001,True,True,True
1685176,63779589568202,-13.58686,2.596779,-0.04973942,-0.05041786,0.8697129,0.07354632,-0.4854363,0.003023453,0.00303894,-0.02450806,0.3781281,-0.01538086,0.9256134,0.02872559,0.002649887,-0.02383946,0.02872559,0.002649887,-0.02383946,0.3538971,-0.001541138,0.9352722,0.3538971,-0.001541138,0.9352722,5.149307,5.149307,True,True,True
1685184,63779589568202,-13.58686,2.596779,-0.04973942,-0.05041786,0.8697129,0.07354632,-0.4854363,0.002806763,0.003042084,-0.02451325,0.3782654,-0.01438904,0.9255829,0.02872492,0.002649887,-0.02383867,0.02872492,0.002649887,-0.02383867,0.3537292,-0.001617432,0.9353333,0.3537292,-0.001617432,0.9353333,5.149231,5.149231,True,True,True
1685193,63779589568213,-13.58694,2.596797,-0.04977864,-0.05037664,0.8697048,0.07346851,-0.4854669,0.002743164,0.003043244,-0.02451482,0.3787537,-0.01437378,0.9253693,0.0287247,0.00265033,-0.02383852,0.0287247,0.00265033,-0.02383852,0.3536224,-0.00100708,0.935379,0.3536224,-0.00100708,0.935379,5.144409,5.144409,True,True,True
1685201,63779589568225,-13.58702,2.596836,-0.04980236,-0.0503365,0.8696408,0.07351661,-0.4855784,0.002652329,0.003044739,-0.02451662,0.3784943,-0.01448059,0.9254761,0.02872347,0.002651032,-0.02383826,0.02872347,0.002651032,-0.02383826,0.3538361,-0.001144409,0.9353027,0.3538361,-0.001144409,0.9353027,5.144363,5.144363,True,True,True
1685209,63779589568236,-13.58712,2.596811,-0.0498001,-0.05051096,0.8695587,0.07360734,-0.4856936,0.002600906,0.00304628,-0.02451769,0.3784332,-0.01408386,0.9255066,0.02872293,0.002652619,-0.02383798,0.02872293,0.002652619,-0.02383798,0.3536987,-0.0003814697,0.9353485,0.3536987,-0.0003814697,0.9353485,5.144913,5.144913,True,True,True
1685218,63779589568236,-13.58712,2.596811,-0.0498001,-0.05051096,0.8695587,0.07360734,-0.4856936,0.002561295,0.003046692,-0.0245179,0.3774719,-0.01351929,0.9259186,0.02872284,0.00265329,-0.02383789,0.02872284,0.00265329,-0.02383789,0.35289,0.000579834,0.9356537,0.35289,0.000579834,0.9356537,5.144775,5.144775,True,True,True
1685226,63779589568247,-13.58703,2.596786,-0.04980659,-0.05075471,0.8694243,0.07381126,-0.4858778,0.002605866,0.003047363,-0.02451614,0.3778839,-0.01005554,0.9257813,0.02872205,0.00265622,-0.02383789,0.02872205,0.00265622,-0.02383789,0.353653,0.006347656,0.9353485,0.353653,0.006347656,0.9353485,5.133514,5.133514,True,True,True
1685234,63779589568258,-13.58709,2.5968,-0.04983008,-0.05093768,0.8693476,0.07409631,-0.4859525,0.002753784,0.003047363,-0.02451164,0.3777161,-0.01004028,0.9258575,0.02872127,0.002660263,-0.02383789,0.02872127,0.002660263,-0.02383789,0.3535614,0.006240845,0.935379,0.3535614,0.006240845,0.935379,5.145874,5.145874,True,True,True
1685243,63779589568269,-13.58704,2.596862,-0.04979819,-0.05106062,0.8692594,0.07432818,-0.486062,0.003100083,0.003044922,-0.02450221,0.3771515,-0.0105896,0.9260864,0.02872109,0.002665161,-0.02383789,0.02872109,0.002665161,-0.02383789,0.3534393,0.004806519,0.9354401,0.3534393,0.004806519,0.9354401,5.132599,5.132599,True,True,True
1685251,63779589568269,-13.58704,2.596862,-0.04979819,-0.05106062,0.8692594,0.07432818,-0.486062,0.00315625,0.003046097,-0.02450043,0.3772888,-0.01072693,0.9260254,0.02872086,0.002668747,-0.02383756,0.02872086,0.002668747,-0.02383756,0.3534393,0.003051758,0.9354401,0.3534393,0.003051758,0.9354401,5.144028,5.144028,True,True,True
1685259,63779589568280,-13.5871,2.596886,-0.04983449,-0.05123016,0.8691974,0.07465544,-0.4861049,0.003198441,0.003046143,-0.02449898,0.3764343,-0.009872437,0.9263763,0.02872086,0.002669495,-0.02383743,0.02872086,0.002669495,-0.02383743,0.351944,0.004684448,0.9359894,0.351944,0.004684448,0.9359894,5.135422,5.135422,True,True,True
1685268,63779589568291,-13.58719,2.596881,-0.04984057,-0.0513602,0.8691001,0.07498205,-0.4862148,0.003199753,0.003046555,-0.02449844,0.3764496,-0.009506226,0.9263763,0.02872086,0.002669495,-0.02383711,0.02872086,0.002669495,-0.02383711,0.3518066,0.005569458,0.9360504,0.3518066,0.005569458,0.9360504,5.131958,5.131958,True,True,True
1685276,63779589568302,-13.58725,2.596824,-0.04989195,-0.05153091,0.869085,0.07531144,-0.4861729,0.003181519,0.003046829,-0.02449806,0.3760376,-0.009307861,0.9265442,0.02872086,0.002669495,-0.02383691,0.02872086,0.002669495,-0.02383691,0.3510895,0.005508423,0.9363098,0.3510895,0.005508423,0.9363098,5.135452,5.135452,True,True,True
1685284,63779589568302,-13.58725,2.596824,-0.04989195,-0.05153091,0.869085,0.07531144,-0.4861729,0.00315448,0.003047333,-0.0244986,0.3762054,-0.009353638,0.9264832,0.02872086,0.002669495,-0.0238369,0.02872086,0.002669495,-0.0238369,0.3510895,0.005508423,0.9363098,0.3510895,0.005508423,0.9363098,5.135452,5.135452,True,True,True
1685293,63779589568313,-13.58739,2.596848,-0.05000436,-0.05163201,0.8690323,0.07555909,-0.4862181,0.003113693,0.003047943,-0.02449962,0.3762817,-0.009353638,0.9264526,0.02872086,0.002669495,-0.02383684,0.02872086,0.002669495,-0.02383684,0.3510895,0.005493164,0.9363098,0.3510895,0.005493164,0.9363098,5.135452,5.135452,True,True,True
1685301,63779589568324,-13.5874,2.5968,-0.05013186,-0.05156473,0.8690076,0.07577208,-0.4862361,0.002628601,0.003055466,-0.02451178,0.3767242,-0.009460449,0.9262695,0.02872086,0.002669495,-0.02383687,0.02872086,0.002669495,-0.02383687,0.3505249,0.005996704,0.9365234,0.3505249,0.005996704,0.9365234,5.135406,5.135406,True,True,True
1685309,63779589568335,-13.58746,2.596797,-0.05018729,-0.05138402,0.868991,0.0758291,-0.486276,0.006189805,0.002964554,-0.02439366,0.3746033,-0.006454468,0.9271545,0.02883409,0.002608246,-0.02380953,0.02883409,0.002608246,-0.02380953,0.3551483,0.01235962,0.9347229,0.3551483,0.01235962,0.9347229,5.127289,5.127289,True,True,True
1685318,63779589568335,-13.58746,2.596797,-0.05018729,-0.05138402,0.868991,0.0758291,-0.486276,0.005907578,0.002962937,-0.02436984,0.3600311,-0.006591797,0.9329071,0.02892842,0.002585343,-0.02376834,0.02892842,0.002585343,-0.02376834,0.3394928,0.007843018,0.940567,0.3394928,0.007843018,0.940567,5.145096,5.145096,True,True,True
1685326,63779589568346,-13.5875,2.596782,-0.0502516,-0.05125071,0.8689647,0.07586407,-0.4863315,0.004710755,0.003039154,-0.02436867,0.3549957,-0.02957153,0.9343872,0.02885944,0.002689957,-0.02372212,0.02885944,0.002689957,-0.02372212,0.3279572,-0.02079773,0.944458,0.3279572,-0.02079773,0.944458,5.146637,5.146637,True,True,True
1685334,63779589568358,-13.5875,2.596794,-0.05031174,-0.05123638,0.8689572,0.07577907,-0.4863598,0.002713745,0.003051956,-0.02442209,0.3562164,-0.0256958,0.9340363,0.02885944,0.002686035,-0.02371727,0.02885944,0.002686035,-0.02371727,0.325882,-0.02677917,0.9450226,0.325882,-0.02677917,0.9450226,5.16864,5.16864,True,True,True
1685343,63779589568369,-13.58754,2.596781,-0.05036926,-0.05111682,0.8689557,0.07569119,-0.4863886,0.000679184,0.003082672,-0.02447421,0.35672,-0.02906799,0.9337463,0.02885944,0.002688812,-0.02371243,0.02885944,0.002688812,-0.02371243,0.323761,-0.03465271,0.9454956,0.323761,-0.03465271,0.9454956,5.189545,5.189545,True,True,True
1685351,63779589568369,-13.58754,2.596781,-0.05036926,-0.05111682,0.8689557,0.07569119,-0.4863886,-0.0007151642,0.003102402,-0.0245076,0.3577881,-0.02949524,0.9333191,0.02886728,0.002687424,-0.02370395,0.02886728,0.002687424,-0.02370395,0.3243713,-0.03353882,0.9453278,0.3243713,-0.03353882,0.9453278,5.165237,5.165237,True,True,True
1685359,63779589568380,-13.58758,2.596783,-0.05037218,-0.05092793,0.8689522,0.075519,-0.4864415,-0.001185989,0.003108185,-0.0245154,0.3580933,-0.03097534,0.9331665,0.02887511,0.002686035,-0.02369547,0.02887511,0.002686035,-0.02369547,0.3249969,-0.03414917,0.9450836,0.3249969,-0.03414917,0.9450836,5.139969,5.139969,True,True,True
1685368,63779589568391,-13.58763,2.596765,-0.05040169,-0.05080383,0.869013,0.07537196,-0.4863687,-0.000978653,0.003105316,-0.02450817,0.3572388,-0.03112793,0.9334869,0.02887465,0.002686402,-0.02369431,0.02887465,0.002686402,-0.02369431,0.3247528,-0.03495789,0.9451447,0.3247528,-0.03495789,0.9451447,5.129379,5.129379,True,True,True
1685376,63779589568402,-13.58761,2.596749,-0.05037528,-0.05068597,0.8690265,0.07516751,-0.4863884,0.0004586945,0.003085144,-0.02446863,0.3555298,-0.03060913,0.9341583,0.02887511,0.002686035,-0.02369547,0.02887511,0.002686035,-0.02369547,0.3249969,-0.03414917,0.9450836,0.3249969,-0.03414917,0.9450836,5.139999,5.139999,True,True,True
1685384,63779589568402,-13.58761,2.596749,-0.05037528,-0.05068597,0.8690265,0.07516751,-0.4863884,0.00292392,0.003049957,-0.02440538,0.35289,-0.03030396,0.9351654,0.02887531,0.002684738,-0.02370395,0.02887531,0.002684738,-0.02370395,0.32547,-0.0322876,0.9449921,0.32547,-0.0322876,0.9449921,5.13588,5.13588,True,True,True
1685393,63779589568413,-13.58763,2.596733,-0.05041862,-0.05060426,0.8690496,0.07503688,-0.4863759,0.004753388,0.003023468,-0.02435094,0.3506622,-0.03031921,0.9360046,0.02887549,0.002683441,-0.02369547,0.02887549,0.002683441,-0.02369547,0.3250122,-0.03175354,0.9451599,0.3250122,-0.03175354,0.9451599,5.131699,5.131699,True,True,True
1685401,63779589568424,-13.58762,2.596701,-0.05042922,-0.0505227,0.8691501,0.07477236,-0.4862455,0.005774109,0.003009873,-0.02432245,0.3497162,-0.03027344,0.9363556,0.02887549,0.002684738,-0.02369431,0.02887549,0.002684738,-0.02369431,0.3249512,-0.03140259,0.9452057,0.3249512,-0.03140259,0.9452057,5.126602,5.126602,True,True,True
1685409,63779589568435,-13.58757,2.596683,-0.05047297,-0.05038147,0.8692335,0.07459094,-0.486139,0.006033035,0.003005753,-0.02431442,0.3498077,-0.03082275,0.9362946,0.02887549,0.002683441,-0.02369315,0.02887549,0.002683441,-0.02369315,0.3249817,-0.03193665,0.9451752,0.3249817,-0.03193665,0.9451752,5.126709,5.126709,True,True,True
1685418,63779589568435,-13.58757,2.596683,-0.05047297,-0.05038147,0.8692335,0.07459094,-0.486139,0.006278885,0.003002182,-0.02430815,0.3494263,-0.03129578,0.9364319,0.02887549,0.00268277,-0.02369431,0.02887549,0.00268277,-0.02369431,0.3252563,-0.03225708,0.9450684,0.3252563,-0.03225708,0.9450684,5.128998,5.128998,True,True,True
1685426,63779589568447,-13.58756,2.596725,-0.05050021,-0.05033768,0.8693194,0.07433841,-0.4860284,0.006509568,0.002998734,-0.02430238,0.3489227,-0.0317688,0.9365997,0.02887549,0.002682098,-0.02369547,0.02887549,0.002682098,-0.02369547,0.3249512,-0.03266907,0.9451599,0.3249512,-0.03266907,0.9451599,5.125946,5.125946,True,True,True
1685434,63779589568457,-13.58751,2.596694,-0.05051768,-0.05021629,0.8694672,0.07407109,-0.4858175,0.006426346,0.002999756,-0.02430963,0.3493195,-0.03111267,0.9364777,0.02887595,0.002681442,-0.02370395,0.02887595,0.002681442,-0.02370395,0.3253326,-0.03125,0.9450684,0.3253326,-0.03125,0.9450684,5.129303,5.129303,True,True,True
1685443,63779589568469,-13.58748,2.596652,-0.05057389,-0.05027156,0.8695685,0.07397562,-0.485645,0.006080643,0.00300444,-0.02432387,0.3500977,-0.03051758,0.936203,0.02887641,0.002680786,-0.02371243,0.02887641,0.002680786,-0.02371243,0.3256531,-0.02992249,0.9450073,0.3256531,-0.02992249,0.9450073,5.127045,5.127045,True,True,True
1685451,63779589568469,-13.58748,2.596652,-0.05057389,-0.05027156,0.8695685,0.07397562,-0.485645,0.005865845,0.003006714,-0.02432944,0.3510742,-0.03007507,0.9358521,0.02887976,0.002679169,-0.02371243,0.02887976,0.002679169,-0.02371243,0.3264618,-0.02940369,0.9447479,0.3264618,-0.02940369,0.9447479,5.121964,5.121964,True,True,True
1685459,63779589568480,-13.58751,2.59666,-0.05065978,-0.0504082,0.8696389,0.07402144,-0.4854977,0.005798019,0.002943649,-0.02433081,0.3592072,-0.01269531,0.9331665,0.02893025,0.002571091,-0.02371045,0.02893025,0.002571091,-0.02371045,0.3398895,0.0002593994,0.9404602,0.3398895,0.0002593994,0.9404602,5.144592,5.144592,True,True,True
1685468,63779589568491,-13.58745,2.596603,-0.0507372,-0.05073424,0.8697356,0.07418742,-0.4852651,0.005708634,0.002945175,-0.02433289,0.3595734,-0.01237488,0.9330292,0.02893025,0.002571091,-0.02371045,0.02893025,0.002571091,-0.02371045,0.3404083,0.001708984,0.9402618,0.3404083,0.001708984,0.9402618,5.145584,5.145584,True,True,True
1685476,63779589568502,-13.58742,2.596579,-0.05082816,-0.05097891,0.8698072,0.07434,-0.4850879,0.00573877,0.002944931,-0.02433162,0.3602905,-0.01242065,0.9327545,0.02893025,0.002571091,-0.02371045,0.02893025,0.002571091,-0.02371045,0.3413544,0.00213623,0.9399261,0.3413544,0.00213623,0.9399261,5.151993,5.151993,True,True,True
1685484,63779589568502,-13.58742,2.596579,-0.05082816,-0.05097891,0.8698072,0.07434,-0.4850879,0.005832626,0.002943497,-0.02432887,0.3605957,-0.01202393,0.9326324,0.02893025,0.002571091,-0.02371045,0.02893025,0.002571091,-0.02371045,0.3414612,0.002685547,0.9398804,0.3414612,0.002685547,0.9398804,5.152466,5.152466,True,True,True
1685493,63779589568513,-13.58733,2.596631,-0.05092877,-0.05127484,0.8699227,0.07434816,-0.4848481,0.006036408,0.002940277,-0.02432326,0.3609772,-0.01176453,0.9324951,0.02893025,0.002570938,-0.02371045,0.02893025,0.002570938,-0.02371045,0.3415985,0.00289917,0.9398346,0.3415985,0.00289917,0.9398346,5.157654,5.157654,True,True,True
1685501,63779589568525,-13.58729,2.596623,-0.05104041,-0.05144202,0.8700733,0.07446442,-0.4845424,0.006306473,0.002935883,-0.02431474,0.3604279,-0.01091003,0.9327087,0.02892803,0.002570938,-0.02370848,0.02892803,0.002570938,-0.02370848,0.3408966,0.004013062,0.9400787,0.3408966,0.004013062,0.9400787,5.153122,5.153122,True,True,True
1685509,63779589568535,-13.58729,2.596673,-0.05112195,-0.05153382,0.8703079,0.07437033,-0.4841255,0.00663794,0.002930573,-0.02430545,0.3599396,-0.009002686,0.9329224,0.02892671,0.002570938,-0.02370844,0.02892671,0.002570938,-0.02370844,0.3406677,0.006835938,0.940155,0.3406677,0.006835938,0.940155,5.154617,5.154617,True,True,True
1685518,63779589568535,-13.58729,2.596673,-0.05112195,-0.05153382,0.8703079,0.07437033,-0.4841255,0.006628281,0.002930496,-0.02430539,0.3599396,-0.008514404,0.9329224,0.02892671,0.002570526,-0.02370844,0.02892671,0.002570526,-0.02370844,0.3406677,0.006973267,0.940155,0.3406677,0.006973267,0.940155,5.154572,5.154572,True,True,True
1685526,63779589568546,-13.58725,2.596645,-0.05125397,-0.05135925,0.8705605,0.07430439,-0.4836998,0.006651002,0.002930084,-0.02430451,0.3603058,-0.008331299,0.932785,0.02892671,0.002570236,-0.02370844,0.02892671,0.002570236,-0.02370844,0.341507,0.007354736,0.9398346,0.341507,0.007354736,0.9398346,5.157104,5.157104,True,True,True
1685534,63779589568558,-13.58723,2.596695,-0.05147725,-0.05120629,0.870753,0.07420833,-0.4833842,0.006672394,0.002929123,-0.02430389,0.3600922,-0.007171631,0.9328766,0.02892671,0.002569077,-0.02370844,0.02892671,0.002569077,-0.02370844,0.3415222,0.008605957,0.9398193,0.3415222,0.008605957,0.9398193,5.157898,5.157898,True,True,True
1685543,63779589568569,-13.58719,2.596708,-0.05164748,-0.05092699,0.8710545,0.07398665,-0.4829041,0.006669571,0.002930603,-0.02430335,0.3603668,-0.007415771,0.9327698,0.02892577,0.002569077,-0.02370746,0.02892577,0.002569077,-0.02370746,0.3418579,0.008605957,0.9396973,0.3418579,0.008605957,0.9396973,5.158066,5.158066,True,True,True
1685551,63779589568569,-13.58719,2.596708,-0.05164748,-0.05092699,0.8710545,0.07398665,-0.4829041,0.006530686,0.002934799,-0.02430635,0.3605347,-0.007995605,0.9326935,0.02892548,0.002569595,-0.02370638,0.02892548,0.002569595,-0.02370638,0.3423157,0.008468628,0.9395294,0.3423157,0.008468628,0.9395294,5.168106,5.168106,True,True,True
1685559,63779589568580,-13.58714,2.59671,-0.05176324,-0.0507205,0.8713269,0.073833,-0.4824578,0.006332413,0.002939774,-0.02431139,0.360611,-0.008026123,0.932663,0.02892526,0.002570099,-0.02370598,0.02892526,0.002570099,-0.02370598,0.342453,0.008285522,0.9394836,0.342453,0.008285522,0.9394836,5.168121,5.168121,True,True,True
1685568,63779589568591,-13.58706,2.596689,-0.05188423,-0.05053842,0.8715317,0.07367869,-0.4821306,0.006150605,0.00294281,-0.02431612,0.3611603,-0.007827759,0.9324646,0.02892467,0.002570236,-0.02370578,0.02892467,0.002570236,-0.02370578,0.3430023,0.008468628,0.9392853,0.3430023,0.008468628,0.9392853,5.168335,5.168335,True,True,True
1685576,63779589568602,-13.58699,2.596688,-0.05200785,-0.05032557,0.8717902,0.07348015,-0.4817156,0.006142197,0.002942932,-0.0243163,0.3620453,-0.00793457,0.9321136,0.02892442,0.002570236,-0.02370577,0.02892442,0.002570236,-0.02370577,0.3433533,0.008544922,0.9391632,0.3433533,0.008544922,0.9391632,5.176575,5.176575,True,True,True
1685584,63779589568602,-13.58699,2.596688,-0.05200785,-0.05032557,0.8717902,0.07348015,-0.4817156,0.006130234,0.002943024,-0.02431624,0.3619537,-0.007919312,0.9321594,0.02892415,0.002570099,-0.02370519,0.02892415,0.002570099,-0.02370519,0.3433075,0.008575439,0.9391785,0.3433075,0.008575439,0.9391785,5.179184,5.179184,True,True,True
1685593,63779589568613,-13.58689,2.596651,-0.05220455,-0.05018196,0.8720468,0.07330239,-0.481293,0.006244217,0.002941132,-0.02431261,0.3613892,-0.008026123,0.932373,0.02892229,0.002570099,-0.02370397,0.02892229,0.002570099,-0.02370397,0.3428345,0.008270264,0.9393463,0.3428345,0.008270264,0.9393463,5.178619,5.178619,True,True,True
1685601,63779589568625,-13.58678,2.596674,-0.0523169,-0.04994635,0.8723441,0.07304637,-0.4808173,0.006401306,0.002938461,-0.02430724,0.3641357,-0.007553101,0.9313049,0.02891423,0.002570099,-0.02370203,0.02891423,0.002570099,-0.02370203,0.3473206,0.008743286,0.9376984,0.3473206,0.008743286,0.9376984,5.184006,5.184006,True,True,True
1685609,63779589568635,-13.58666,2.596605,-0.05244851,-0.04991669,0.8725937,0.07279383,-0.4804057,0.006351853,0.002939194,-0.02430713,0.3695526,-0.007247925,0.9291687,0.02890804,0.002570099,-0.02369963,0.02890804,0.002570099,-0.02369963,0.35466,0.009170532,0.9349365,0.35466,0.009170532,0.9349365,5.187561,5.187561,True,True,True
1685618,63779589568635,-13.58666,2.596605,-0.05244851,-0.04991669,0.8725937,0.07279383,-0.4804057,0.006292237,0.002940064,-0.02430785,0.3688812,-0.00743103,0.9294434,0.02889879,0.002570099,-0.02369847,0.02889879,0.002570099,-0.02369847,0.3533325,0.008895874,0.9354401,0.3533325,0.008895874,0.9354401,5.186172,5.186172,True,True,True
1685626,63779589568647,-13.58658,2.596535,-0.05256975,-0.04968739,0.8728492,0.07258025,-0.4799973,0.006255203,0.002939346,-0.02430875,0.3686829,-0.007553101,0.9295197,0.02889354,0.002570236,-0.0236973,0.02889354,0.002570236,-0.0236973,0.3527069,0.008758545,0.9356842,0.3527069,0.008758545,0.9356842,5.186508,5.186508,True,True,True
1685634,63779589568658,-13.58657,2.596509,-0.05270207,-0.04958024,0.8731018,0.072346,-0.4795844,0.006258377,0.00293869,-0.0243089,0.3684082,-0.007614136,0.9296265,0.02888884,0.002570236,-0.02369696,0.02888884,0.002570236,-0.02369696,0.3515472,0.00881958,0.9361115,0.3515472,0.00881958,0.9361115,5.185181,5.185181,True,True,True
1685643,63779589568669,-13.58647,2.596511,-0.05283725,-0.04939048,0.8733099,0.07205029,-0.4792694,0.00626709,0.002938614,-0.02430773,0.3696289,-0.007598877,0.9291382,0.02888738,0.002570435,-0.02369541,0.02888738,0.002570435,-0.02369541,0.3512115,0.008712769,0.9362488,0.3512115,0.008712769,0.9362488,5.185654,5.185654,True,True,True
1685651,63779589568669,-13.58647,2.596511,-0.05283725,-0.04939048,0.8733099,0.07205029,-0.4792694,0.0063172,0.002937195,-0.02430649,0.3734741,-0.006759644,0.927597,0.0288853,0.002570999,-0.02369541,0.0288853,0.002570999,-0.02369541,0.3570251,0.01104736,0.934021,0.3570251,0.01104736,0.934021,5.189774,5.189774,True,True,True
1685659,63779589568679,-13.58639,2.596452,-0.052903,-0.04920477,0.8735865,0.07173343,-0.4788318,0.006380066,0.002937882,-0.02430483,0.3745575,-0.007080078,0.9271698,0.02888016,0.002574112,-0.02369541,0.02888016,0.002574112,-0.02369541,0.359024,0.01039124,0.9332581,0.359024,0.01039124,0.9332581,5.19017,5.19017,True,True,True
1685668,63779589568691,-13.58632,2.596406,-0.05300844,-0.0489378,0.8738083,0.07139216,-0.4785053,0.006455612,0.002938843,-0.02430357,0.3755035,-0.007629395,0.9267731,0.02887725,0.002578217,-0.02369541,0.02887725,0.002578217,-0.02369541,0.3588715,0.009597778,0.9333191,0.3588715,0.009597778,0.9333191,5.189514,5.189514,True,True,True
1685676,63779589568702,-13.58622,2.59638,-0.05313188,-0.04878747,0.8740335,0.07106505,-0.4781579,0.006601807,0.002936463,-0.02429978,0.3777466,-0.00730896,0.9258728,0.02887346,0.002578278,-0.02369541,0.02887346,0.002578278,-0.02369541,0.3621216,0.01005554,0.9320679,0.3621216,0.01005554,0.9320679,5.191467,5.191467,True,True,True
1685684,63779589568702,-13.58622,2.59638,-0.05313188,-0.04878747,0.8740335,0.07106505,-0.4781579,0.006617005,0.002936234,-0.02429974,0.3787842,-0.00592041,0.9254608,0.02886974,0.002578736,-0.02369541,0.02886974,0.002578736,-0.02369541,0.3638611,0.0125885,0.931366,0.3638611,0.0125885,0.931366,5.19313,5.19313,True,True,True
1685693,63779589568713,-13.58617,2.596348,-0.05321997,-0.04872624,0.8742843,0.07082621,-0.4777409,0.006687576,0.002935089,-0.02429808,0.3809204,-0.005233765,0.9245911,0.02886873,0.002578858,-0.02369577,0.02886873,0.002578858,-0.02369577,0.3664856,0.01356506,0.9303131,0.3664856,0.01356506,0.9303131,5.195114,5.195114,True,True,True
1685701,63779589568724,-13.58609,2.596334,-0.05328703,-0.04863363,0.874458,0.07065137,-0.4774582,0.006782013,0.002933411,-0.02429765,0.3809509,-0.005020142,0.9245758,0.02886548,0.002578949,-0.02369609,0.02886548,0.002578949,-0.02369609,0.3660126,0.01348877,0.9304962,0.3660126,0.01348877,0.9304962,5.194702,5.194702,True,True,True
1685709,63779589568735,-13.58594,2.596289,-0.05335188,-0.0486425,0.8746305,0.0705476,-0.4771567,0.005315354,0.002959259,-0.024338,0.3809814,-0.006744385,0.9245453,0.02885835,0.002583267,-0.02369696,0.02885835,0.002583267,-0.02369696,0.3645782,0.01370239,0.9310608,0.3645782,0.01370239,0.9310608,5.187881,5.187881,True,True,True
1685718,63779589568735,-13.58594,2.596289,-0.05335188,-0.0486425,0.8746305,0.0705476,-0.4771567,0.003381653,0.002990631,-0.02439116,0.3828125,-0.008163452,0.9237823,0.02885596,0.002584351,-0.02369731,0.02885596,0.002584351,-0.02369731,0.3659363,0.01531982,0.9304962,0.3659363,0.01531982,0.9304962,5.189377,5.189377,True,True,True
1685726,63779589568746,-13.58588,2.59628,-0.05337721,-0.04864662,0.8748303,0.07057074,-0.4767865,0.003436112,0.002990677,-0.02439156,0.3846436,-0.00819397,0.9230194,0.02885243,0.002586853,-0.02369847,0.02885243,0.002586853,-0.02369847,0.3665924,0.01560974,0.9302368,0.3665924,0.01560974,0.9302368,5.189896,5.189896,True,True,True
1685734,63779589568758,-13.58577,2.596323,-0.05347496,-0.04873503,0.8749563,0.07064468,-0.4765351,0.003437729,0.00299144,-0.02439233,0.3852844,-0.009292603,0.9227448,0.02885184,0.002588333,-0.02369911,0.02885184,0.002588333,-0.02369911,0.3672791,0.0153656,0.9299774,0.3672791,0.0153656,0.9299774,5.189896,5.189896,True,True,True
1685743,63779589568769,-13.58572,2.596324,-0.05353642,-0.04892658,0.8750486,0.07066897,-0.4763424,0.00337085,0.002996384,-0.02439478,0.386261,-0.0105896,0.9223175,0.02884662,0.002596146,-0.02370004,0.02884662,0.002596146,-0.02370004,0.3694916,0.01347351,0.9291229,0.3694916,0.01347351,0.9291229,5.201599,5.201599,True,True,True
1685751,63779589568769,-13.58572,2.596324,-0.05353642,-0.04892658,0.8750486,0.07066897,-0.4763424,0.003298081,0.00300026,-0.02439797,0.3863831,-0.0111084,0.9222565,0.02884149,0.002601715,-0.0237011,0.02884149,0.002601715,-0.0237011,0.3690033,0.01237488,0.9293365,0.3690033,0.01237488,0.9293365,5.194565,5.194565,True,True,True
1685759,63779589568779,-13.58565,2.596337,-0.05360919,-0.0489353,0.8751742,0.07079495,-0.4760921,0.002665711,0.003011933,-0.02441883,0.3820953,-0.01205444,0.9240265,0.02881023,0.002605637,-0.02370824,0.02881023,0.002605637,-0.02370824,0.3611145,0.0112915,0.9324493,0.3611145,0.0112915,0.9324493,5.19519,5.19519,True,True,True
1685768,63779589568790,-13.58556,2.596323,-0.05365586,-0.04909968,0.8752495,0.07088254,-0.4759235,0.002653107,0.003019547,-0.02441968,0.3795929,-0.01376343,0.9250336,0.02877289,0.002619858,-0.02370935,0.02877289,0.002619858,-0.02370935,0.3562317,0.008041382,0.9343567,0.3562317,0.008041382,0.9343567,5.184494,5.184494,True,True,True
1685776,63779589568802,-13.5855,2.596312,-0.05368304,-0.04918804,0.8753369,0.07109253,-0.4757224,0.002707642,0.003034638,-0.02441841,0.3745117,-0.01809692,0.9270325,0.02873593,0.002649475,-0.02371005,0.02873593,0.002649475,-0.02371005,0.3475342,3.051758E-05,0.9376526,0.3475342,3.051758E-05,0.9376526,5.180801,5.180801,True,True,True
1685784,63779589568802,-13.5855,2.596312,-0.05368304,-0.04918804,0.8753369,0.07109253,-0.4757224,0.004600464,0.003006607,-0.02436751,0.3737335,-0.01683044,0.9273682,0.02873593,0.002649475,-0.02371028,0.02873593,0.002649475,-0.02371028,0.349472,0.0002746582,0.9369354,0.349472,0.0002746582,0.9369354,5.211517,5.211517,True,True,True
1685793,63779589568813,-13.5854,2.596333,-0.05374312,-0.04923002,0.8754101,0.07127394,-0.4755561,0.004546128,0.003007385,-0.02436946,0.3743591,-0.01701355,0.927124,0.02873593,0.002649475,-0.02371059,0.02873593,0.002649475,-0.02371059,0.3505096,0,0.936554,0.3505096,0,0.936554,5.218185,5.218185,True,True,True
1685801,63779589568824,-13.58535,2.596349,-0.05376559,-0.04930455,0.8755189,0.07140972,-0.4753276,0.004539612,0.003007477,-0.02437094,0.3752136,-0.01637268,0.9267883,0.02873593,0.002649475,-0.02371257,0.02873593,0.002649475,-0.02371257,0.3521729,0.0006713867,0.9359283,0.3521729,0.0006713867,0.9359283,5.219269,5.219269,True,True,True
1685809,63779589568836,-13.58528,2.596394,-0.05381018,-0.04936543,0.8756645,0.07148166,-0.4750423,0.004618805,0.003006287,-0.02436942,0.3757172,-0.01625061,0.9265747,0.02873593,0.002649475,-0.02371295,0.02873593,0.002649475,-0.02371295,0.3529053,0.0007476807,0.9356537,0.3529053,0.0007476807,0.9356537,5.219498,5.219498,True,True,True
1685818,63779589568836,-13.58528,2.596394,-0.05381018,-0.04936543,0.8756645,0.07148166,-0.4750423,0.002741821,0.003025635,-0.02444392,0.3878174,-0.02444458,0.921402,0.02865756,0.002641632,-0.02373486,0.02865756,0.002641632,-0.02373486,0.3639526,-0.008026123,0.931366,0.3639526,-0.008026123,0.931366,5.261398,5.261398,True,True,True
1685826,63779589568846,-13.58521,2.596374,-0.05385262,-0.04943518,0.875785,0.07161381,-0.4747929,0.007684632,0.002927536,-0.02435466,0.423645,-0.005325317,0.9057922,0.0286539,0.002601441,-0.02376878,0.0286539,0.002601441,-0.02376878,0.4095154,0.0168457,0.9121399,0.4095154,0.0168457,0.9121399,5.2164,5.2164,True,True,True
1685834,63779589568857,-13.58515,2.596366,-0.05384183,-0.04940308,0.8758928,0.07168111,-0.4745872,0.008830964,0.002903626,-0.02439443,0.4389038,-0.01164246,0.8984528,0.02838686,0.002607407,-0.02385082,0.02838686,0.002607407,-0.02385082,0.4273834,0.006134033,0.9040375,0.4273834,0.006134033,0.9040375,5.253738,5.253738,True,True,True
1685843,63779589568868,-13.58508,2.596376,-0.0538848,-0.0493248,0.8760355,0.071844,-0.4743072,0.01136458,0.002891724,-0.02438841,0.4421997,-0.006149292,0.8968811,0.02816443,0.002630417,-0.02391327,0.02816443,0.002630417,-0.02391327,0.4246979,0.003570557,0.9053192,0.4246979,0.003570557,0.9053192,5.220398,5.220398,True,True,True
1685851,63779589568868,-13.58508,2.596376,-0.0538848,-0.0493248,0.8760355,0.071844,-0.4743072,0.01582016,0.002880432,-0.02425925,0.4474792,-0.01159668,0.8942108,0.02811784,0.002699219,-0.02390053,0.02811784,0.002699219,-0.02390053,0.4337006,-0.004318237,0.9010315,0.4337006,-0.004318237,0.9010315,5.224121,5.224121,True,True,True
1685859,63779589568879,-13.58495,2.596375,-0.05386955,-0.04917422,0.8761936,0.07195507,-0.4740139,0.01764305,0.002856659,-0.0241955,0.4417877,-0.01210022,0.8970184,0.02811993,0.002703354,-0.02388866,0.02811993,0.002703354,-0.02388866,0.430954,-0.00743103,0.9023285,0.430954,-0.00743103,0.9023285,5.193817,5.193817,True,True,True
1685868,63779589568890,-13.58484,2.596431,-0.0539844,-0.04914622,0.876344,0.07209115,-0.473718,0.01874405,0.002838135,-0.02416396,0.4457397,-0.01487732,0.8950348,0.02812473,0.002700836,-0.02388931,0.02812473,0.002700836,-0.02388931,0.4361877,-0.009613037,0.8997955,0.4361877,-0.009613037,0.8997955,5.225845,5.225845,True,True,True
1685876,63779589568901,-13.58474,2.596499,-0.05401987,-0.04903724,0.8765485,0.07221825,-0.4733314,0.01867171,0.002838272,-0.02416504,0.4452972,-0.01530457,0.8952332,0.02812395,0.002699768,-0.02388815,0.02812395,0.002699768,-0.02388815,0.4356232,-0.009689331,0.9000702,0.4356232,-0.009689331,0.9000702,5.199463,5.199463,True,True,True
1685884,63779589568901,-13.58474,2.596499,-0.05401987,-0.04903724,0.8765485,0.07221825,-0.4733314,0.01844098,0.002840759,-0.02417085,0.4453125,-0.0149231,0.8952332,0.02812316,0.0026987,-0.023887,0.02812316,0.0026987,-0.023887,0.4354401,-0.009460449,0.9001617,0.4354401,-0.009460449,0.9001617,5.188202,5.188202,True,True,True
1685893,63779589568912,-13.58462,2.596534,-0.05409491,-0.04908201,0.876773,0.07236329,-0.4728886,0.01618364,0.002874069,-0.02423618,0.4477081,-0.01602173,0.8940277,0.02812395,0.002698517,-0.02388588,0.02812395,0.002698517,-0.02388588,0.4356537,-0.009521484,0.9000549,0.4356537,-0.009521484,0.9000549,5.20224,5.20224,True,True,True
1685901,63779589568923,-13.58449,2.59657,-0.054142,-0.04885086,0.8770089,0.07248896,-0.4724558,0.01231767,0.002931183,-0.02434879,0.451416,-0.01861572,0.8921051,0.02812319,0.002698349,-0.02388477,0.02812319,0.002698349,-0.02388477,0.4355469,-0.009490967,0.9001007,0.4355469,-0.009490967,0.9001007,5.196838,5.196838,True,True,True
1685909,63779589568935,-13.58435,2.596605,-0.05419898,-0.04859317,0.8772814,0.07261885,-0.4719561,0.009984895,0.002965119,-0.02441638,0.453949,-0.01881409,0.8908234,0.02812317,0.002697647,-0.02388347,0.02812317,0.002697647,-0.02388347,0.4358978,-0.008483887,0.8999481,0.4358978,-0.008483887,0.8999481,5.193497,5.193497,True,True,True
1685918,63779589568935,-13.58435,2.596605,-0.05419898,-0.04859317,0.8772814,0.07261885,-0.4719561,0.007686524,0.002998489,-0.02448306,0.4564667,-0.02108765,0.8894806,0.02812316,0.002696945,-0.02388216,0.02812316,0.002696945,-0.02388216,0.4363403,-0.009185791,0.8997192,0.4363403,-0.009185791,0.8997192,5.197708,5.197708,True,True,True
1685926,63779589568946,-13.58423,2.596658,-0.05429566,-0.0482478,0.8775517,0.07270882,-0.471475,0.005483566,0.003029755,-0.02454743,0.4595032,-0.02168274,0.8879089,0.02812309,0.00269548,-0.02388132,0.02812309,0.00269548,-0.02388132,0.4365997,-0.008590698,0.8995972,0.4365997,-0.008590698,0.8995972,5.20784,5.20784,True,True,True
1685934,63779589568957,-13.58406,2.596714,-0.05435508,-0.04807833,0.8777814,0.07268003,-0.4710689,0.005542481,0.003027634,-0.02454529,0.4603119,-0.02108765,0.8874969,0.02812302,0.002694016,-0.02388048,0.02812302,0.002694016,-0.02388048,0.4368744,-0.008041382,0.8994751,0.4368744,-0.008041382,0.8994751,5.218002,5.218002,True,True,True
1685943,63779589568968,-13.58395,2.596766,-0.05445045,-0.04786179,0.8781368,0.07272153,-0.4704218,0.005539627,0.003026932,-0.02454518,0.4603119,-0.02113342,0.8874969,0.02812151,0.002693238,-0.0238799,0.02812151,0.002693238,-0.0238799,0.4370422,-0.008010864,0.8993988,0.4370422,-0.008010864,0.8993988,5.208557,5.208557,True,True,True
1685951,63779589568968,-13.58395,2.596766,-0.05445045,-0.04786179,0.8781368,0.07272153,-0.4704218,0.005580261,0.003025589,-0.02454379,0.4603577,-0.02104187,0.8874664,0.02812,0.002692459,-0.0238793,0.02812,0.002692459,-0.0238793,0.4373779,-0.007858276,0.899231,0.4373779,-0.007858276,0.899231,5.218262,5.218262,True,True,True
1685959,63779589568980,-13.58379,2.596813,-0.05452985,-0.04778866,0.8783415,0.07268316,-0.4700527,0.005615326,0.003024078,-0.02454207,0.46138,-0.02137756,0.8869324,0.02811856,0.002690933,-0.02387824,0.02811856,0.002690933,-0.02387824,0.4393311,-0.00743103,0.8982849,0.4393311,-0.00743103,0.8982849,5.210205,5.210205,True,True,True
1685968,63779589568990,-13.58373,2.596766,-0.05460256,-0.04780211,0.8786443,0.07284097,-0.4694608,0.005644165,0.003022675,-0.02454053,0.4624023,-0.02098083,0.8864136,0.02811714,0.002689392,-0.02387715,0.02811714,0.002689392,-0.02387715,0.4412537,-0.007003784,0.8973389,0.4412537,-0.007003784,0.8973389,5.201874,5.201874,True,True,True
1685976,63779589569001,-13.58361,2.596805,-0.0546869,-0.04781738,0.8789476,0.07287778,-0.4688852,0.007159394,0.002999207,-0.02449584,0.4605408,-0.02024841,0.8873901,0.02811487,0.002688721,-0.02387592,0.02811487,0.002688721,-0.02387592,0.4408112,-0.007049561,0.8975677,0.4408112,-0.007049561,0.8975677,5.197342,5.197342,True,True,True
1685984,63779589569001,-13.58361,2.596805,-0.0546869,-0.04781738,0.8789476,0.07287778,-0.4688852,0.007421494,0.002994339,-0.02448808,0.4598541,-0.02027893,0.8877563,0.0281126,0.002688049,-0.02387468,0.0281126,0.002688049,-0.02387468,0.4403687,-0.007141113,0.8977814,0.4403687,-0.007141113,0.8977814,5.192871,5.192871,True,True,True
1685993,63779589569012,-13.58345,2.596803,-0.05477953,-0.04767879,0.8792227,0.0729527,-0.4683717,0.007396439,0.002992539,-0.02448889,0.4601135,-0.02099609,0.8876038,0.02810562,0.002687378,-0.02387228,0.02810562,0.002687378,-0.02387228,0.4403687,-0.009002686,0.8977661,0.4403687,-0.009002686,0.8977661,5.18895,5.18895,True,True,True
1686001,63779589569024,-13.58333,2.596807,-0.05481058,-0.04757147,0.8795121,0.07305008,-0.4678238,0.006065033,0.003008026,-0.02452799,0.4616394,-0.02076721,0.8868103,0.02809999,0.002686111,-0.02387027,0.02809999,0.002686111,-0.02387027,0.4403839,-0.008804321,0.8977509,0.4403839,-0.008804321,0.8977509,5.18895,5.18895,True,True,True
1686009,63779589569034,-13.58316,2.596916,-0.05486631,-0.04755047,0.8798571,0.07299487,-0.4671853,0.006167938,0.003005097,-0.02452469,0.4609375,-0.02053833,0.8871765,0.02809693,0.002685974,-0.0238692,0.02809693,0.002685974,-0.0238692,0.4399261,-0.008880615,0.8979797,0.4399261,-0.008880615,0.8979797,5.178711,5.178711,True,True,True
1686018,63779589569034,-13.58316,2.596916,-0.05486631,-0.04755047,0.8798571,0.07299487,-0.4671853,0.006248276,0.003003494,-0.0245219,0.4618835,-0.0211792,0.886673,0.02809331,0.002685913,-0.02386872,0.02809331,0.002685913,-0.02386872,0.4414215,-0.01005554,0.8972321,0.4414215,-0.01005554,0.8972321,5.170822,5.170822,True,True,True
1686026,63779589569046,-13.58298,2.596885,-0.05490947,-0.0474687,0.8802454,0.07296196,-0.4664668,0.007906418,0.002977707,-0.02447203,0.4612579,-0.02130127,0.8869934,0.02809232,0.002684357,-0.02386836,0.02809232,0.002684357,-0.02386836,0.4426727,-0.01179504,0.8965912,0.4426727,-0.01179504,0.8965912,5.163162,5.163162,True,True,True
1686034,63779589569058,-13.5828,2.596878,-0.05506229,-0.04756998,0.8806471,0.07286486,-0.4657129,0.007819534,0.002978394,-0.02447368,0.4629822,-0.0216217,0.8860931,0.02809073,0.002683762,-0.02386681,0.02809073,0.002683762,-0.02386681,0.4434814,-0.01248169,0.8961792,0.4434814,-0.01248169,0.8961792,5.145523,5.145523,True,True,True
1686043,63779589569068,-13.58262,2.596866,-0.05520773,-0.04767492,0.8810807,0.07260772,-0.4649216,0.006161881,0.003001297,-0.02452213,0.4666901,-0.02371216,0.8840942,0.02809003,0.00268187,-0.02386493,0.02809003,0.00268187,-0.02386493,0.444046,-0.0135498,0.8958893,0.444046,-0.0135498,0.8958893,5.145508,5.145508,True,True,True
1686051,63779589569068,-13.58262,2.596866,-0.05520773,-0.04767492,0.8810807,0.07260772,-0.4649216,0.00763115,0.002977692,-0.0244773,0.4645996,-0.02268982,0.8852234,0.02808424,0.002678574,-0.02386254,0.02808424,0.002678574,-0.02386254,0.4428101,-0.01287842,0.8965149,0.4428101,-0.01287842,0.8965149,5.145248,5.145248,True,True,True
1686059,63779589569079,-13.58243,2.596856,-0.05540651,-0.04764996,0.8816094,0.072437,-0.4639474,0.006405365,0.002995895,-0.02452637,0.4720001,-0.01882935,0.8813782,0.02810452,0.002665146,-0.02385748,0.02810452,0.002665146,-0.02385748,0.4520416,-0.0113678,0.891922,0.4520416,-0.0113678,0.891922,5.145187,5.145187,True,True,True
1686068,63779589569090,-13.58232,2.596802,-0.05562609,-0.04743588,0.8822026,0.07217917,-0.4628808,0.006119217,0.00299437,-0.0244287,0.4562988,-0.03094482,0.8892822,0.02842806,0.002662659,-0.02374342,0.02842806,0.002662659,-0.02374342,0.4414063,-0.02420044,0.8969727,0.4414063,-0.02420044,0.8969727,5.295303,5.295303,True,True,True
1686076,63779589569101,-13.58209,2.596728,-0.05589956,-0.04715248,0.882874,0.0718152,-0.4616845,0.00319783,0.003025101,-0.02438957,0.4018555,-0.03019714,0.9151917,0.02883258,0.002639588,-0.02361987,0.02883258,0.002639588,-0.02361987,0.3736267,-0.01252747,0.927475,0.3736267,-0.01252747,0.927475,5.279343,5.279343,True,True,True
1686084,63779589569101,-13.58209,2.596728,-0.05589956,-0.04715248,0.882874,0.0718152,-0.4616845,-0.001647888,0.003120468,-0.02435797,0.3506012,-0.03474426,0.9358673,0.02924784,0.00260582,-0.02341884,0.02924784,0.00260582,-0.02341884,0.3050385,-0.01727295,0.952179,0.3050385,-0.01727295,0.952179,5.137314,5.137314,True,True,True
1686093,63779589569112,-13.58182,2.59672,-0.05626237,-0.04674828,0.88373,0.07136565,-0.4601553,-0.02834586,0.003574387,-0.02503034,0.3227386,-0.06488037,0.9442444,0.02969412,0.001961212,-0.02109776,0.02969412,0.001961212,-0.02109776,0.2669525,0.009490967,0.9636536,0.2669525,0.009490967,0.9636536,5.235428,5.235428,True,True,True
1686101,63779589569124,-13.58153,2.59672,-0.05658042,-0.0464572,0.8847162,0.07078691,-0.4583755,-0.02800922,0.003597229,-0.02493018,0.2758026,-0.05253601,0.9597626,0.02998151,0.002233414,-0.02190323,0.02998151,0.002233414,-0.02190323,0.1880188,-0.01493835,0.9820404,0.1880188,-0.01493835,0.9820404,5.154541,5.154541,True,True,True
1686109,63779589569135,-13.58121,2.59674,-0.05703706,-0.04590227,0.8860014,0.07007326,-0.4560529,-0.02769032,0.003660797,-0.02480547,0.2062073,-0.09449768,0.9739227,0.03028708,0.002656983,-0.02308751,0.03028708,0.002656983,-0.02308751,0.1214752,-0.03515625,0.9919586,0.1214752,-0.03515625,0.9919586,5.115051,5.115051,True,True,True
1686118,63779589569135,-13.58121,2.59674,-0.05703706,-0.04590227,0.8860014,0.07007326,-0.4560529,-0.02738776,0.003796219,-0.02483746,0.138504,-0.1400146,0.9804077,0.03067764,0.002811112,-0.02345731,0.03067764,0.002811112,-0.02345731,0.07453918,-0.04562378,0.99617,0.07453918,-0.04562378,0.99617,5.174789,5.174789,True,True,True
1686126,63779589569146,-13.58095,2.59678,-0.0574711,-0.04521888,0.8873766,0.06945006,-0.4535357,-0.02710878,0.004023697,-0.02544058,0.1092682,-0.07444763,0.9912109,0.03107736,0.002706207,-0.02301337,0.03107736,0.002706207,-0.02301337,0.05540466,-0.09309387,0.9941101,0.05540466,-0.09309387,0.9941101,4.871368,4.871368,True,True,True
1686134,63779589569157,-13.58055,2.596824,-0.05802989,-0.04428034,0.8890132,0.06902025,-0.4504786,-0.02679598,0.004058106,-0.02538544,0.0801239,-0.2091217,0.9745941,0.03140198,0.002802109,-0.02334273,0.03140198,0.002802109,-0.02334273,-0.02020264,-0.1329803,0.9909058,-0.02020264,-0.1329803,0.9909058,4.929688,4.929688,True,True,True
1686143,63779589569168,-13.5802,2.596905,-0.05860353,-0.04326366,0.8907351,0.06858936,-0.44723,0.03171166,0.002732163,-0.02319988,-0.1259155,-0.2812653,0.9513245,0.03171166,0.002732163,-0.02319988,0.03171166,0.002732163,-0.02319988,-0.1259155,-0.2812653,0.9513245,-0.1259155,-0.2812653,0.9513245,3.909515,3.909515,True,True,True
1686151,63779589569168,-13.5802,2.596905,-0.05860353,-0.04326366,0.8907351,0.06858936,-0.44723,-0.001,-0.001,-0.001,1,-1,-1,0.03171166,0.002732163,-0.02319988,0.03171166,0.002732163,-0.02319988,0,0,0,0,0,0,-1,-1,False,False,False
1686159,63779589569179,-13.57977,2.597013,-0.05923891,-0.04215629,0.8926755,0.06828562,-0.4434979,-0.001,-0.001,-0.001,1,-1,-1,0.03171166,0.002732163,-0.02319988,0.03171166,0.002732163,-0.02319988,0,0,0,0,0,0,-1,-1,False,False,False
1686168,63779589569190,-13.57936,2.597091,-0.05996418,-0.04115136,0.8946846,0.06797732,-0.4395737,0.03175936,0.00111441,-0.02350784,-0.1830597,-0.2836304,0.9412842,0.03175936,0.00111441,-0.02350784,0.03175936,0.00111441,-0.02350784,-0.1830597,-0.2836304,0.9412842,-0.1830597,-0.2836304,0.9412842,4.676605,4.676605,True,True,True
1686176,63779589569201,-13.57891,2.597138,-0.0606544,-0.04026432,0.896793,0.06749079,-0.4354148,-0.001,-0.001,-0.001,1,-1,-1,0.03497637,0.002111084,-0.0282009,0.03497637,0.002111084,-0.0282009,0,0,0,0,0,0,-1,-1,False,True,True
1686184,63779589569201,-13.57891,2.597138,-0.0606544,-0.04026432,0.896793,0.06749079,-0.4354148,-0.001,-0.001,-0.001,1,-1,-1,0.03497637,0.002111084,-0.0282009,0.03497637,0.002111084,-0.0282009,0,0,0,0,0,0,-1,-1,False,False,False
1686193,63779589569213,-13.5783,2.597112,-0.06151235,-0.03966656,0.8990672,0.06672674,-0.430874,0.03344986,0.001669312,-0.02348721,-0.00491333,-0.388443,0.9214478,0.03344986,0.001669312,-0.02348721,0.03344986,0.001669312,-0.02348721,-0.00491333,-0.388443,0.9214478,-0.00491333,-0.388443,0.9214478,5.235779,5.235779,True,True,True
1686201,63779589569224,-13.57772,2.597094,-0.06230193,-0.03918221,0.9013316,0.0656179,-0.4263337,0.03219185,0.00119278,-0.02361807,-0.2595062,-0.2687225,0.927597,0.03219185,0.00119278,-0.02361807,0.03219185,0.00119278,-0.02361807,-0.2595062,-0.2687225,0.927597,-0.2595062,-0.2687225,0.927597,4.996597,4.996597,True,True,True
1686209,63779589569235,-13.57702,2.596942,-0.06318438,-0.03898327,0.9037776,0.06421851,-0.4213578,0.03242435,0.001343231,-0.02367162,-0.3005524,-0.2440948,0.9219818,0.03242435,0.001343231,-0.02367162,0.03242435,0.001343231,-0.02367162,-0.3005524,-0.2440948,0.9219818,-0.3005524,-0.2440948,0.9219818,4.019485,4.019485,True,True,True
1686218,63779589569235,-13.57702,2.596942,-0.06318438,-0.03898327,0.9037776,0.06421851,-0.4213578,0.03256316,0.002071839,-0.02349701,-0.2719727,-0.4323273,0.8597107,0.03256316,0.002071839,-0.02349701,0.03256316,0.002071839,-0.02349701,-0.2719727,-0.4323273,0.8597107,-0.2719727,-0.4323273,0.8597107,4.380127,4.380127,True,True,True
1686226,63779589569247,-13.57632,2.596841,-0.06402159,-0.03887614,0.9062409,0.06258027,-0.416293,0.03435304,0.001832489,-0.02390814,-0.123703,-0.2958984,0.9471588,0.03435304,0.001832489,-0.02390814,0.03435304,0.001832489,-0.02390814,-0.123703,-0.2958984,0.9471588,-0.123703,-0.2958984,0.9471588,4.090897,4.090897,True,True,True
1686234,63779589569259,-13.57563,2.596783,-0.06494415,-0.03872775,0.9088153,0.06095487,-0.4109007,0.03340128,0.002389572,-0.02382765,-0.3845367,-0.3218689,0.8651581,0.03340128,0.002389572,-0.02382765,0.03340128,0.002389572,-0.02382765,-0.3845367,-0.3218689,0.8651581,-0.3845367,-0.3218689,0.8651581,4.54744,4.54744,True,True,True
1686243,63779589569269,-13.57488,2.596763,-0.06583315,-0.03832022,0.9114097,0.05935686,-0.4053897,0.03431789,0.001991287,-0.02389874,-0.1292267,-0.191864,0.9728699,0.03431789,0.001991287,-0.02389874,0.03431789,0.001991287,-0.02389874,-0.1292267,-0.191864,0.9728699,-0.1292267,-0.191864,0.9728699,4.00415,4.00415,True,True,True
1686251,63779589569269,-13.57488,2.596763,-0.06583315,-0.03832022,0.9114097,0.05935686,-0.4053897,0.03312004,0.0023051,-0.02388472,-0.4849548,-0.2620087,0.8343506,0.03312004,0.0023051,-0.02388472,0.03312004,0.0023051,-0.02388472,-0.4849548,-0.2620087,0.8343506,-0.4849548,-0.2620087,0.8343506,4.399506,4.399506,True,True,True
1686259,63779589569280,-13.57413,2.596711,-0.06671119,-0.03777898,0.9140738,0.05762139,-0.3996519,0.0333414,0.002340271,-0.02388503,-0.4477081,-0.2960968,0.8437195,0.0333414,0.002340271,-0.02388503,0.0333414,0.002340271,-0.02388503,-0.4477081,-0.2960968,0.8437195,-0.4477081,-0.2960968,0.8437195,4.185638,4.185638,True,True,True
1686268,63779589569291,-13.57336,2.596651,-0.06759816,-0.03695935,0.916747,0.05594102,-0.3938013,0.03376332,0.002360275,-0.0237831,-0.3054657,-0.3516235,0.8848877,0.03376332,0.002360275,-0.0237831,0.03376332,0.002360275,-0.0237831,-0.3054657,-0.3516235,0.8848877,-0.3054657,-0.3516235,0.8848877,4.206284,4.206284,True,True,True
1686276,63779589569302,-13.57257,2.596586,-0.06846863,-0.03608533,0.9194707,0.05412613,-0.3877392,0.03382185,0.002415573,-0.0238328,-0.3373108,-0.3443298,0.8761444,0.03382185,0.002415573,-0.0238328,0.03382185,0.002415573,-0.0238328,-0.3373108,-0.3443298,0.8761444,-0.3373108,-0.3443298,0.8761444,4.500092,4.500092,True,True,True
1686284,63779589569302,-13.57257,2.596586,-0.06846863,-0.03608533,0.9194707,0.05412613,-0.3877392,0.03415923,0.002662476,-0.02398988,-0.3660583,-0.2857666,0.8856201,0.03415923,0.002662476,-0.02398988,0.03415923,0.002662476,-0.02398988,-0.3660583,-0.2857666,0.8856201,-0.3660583,-0.2857666,0.8856201,4.640808,4.640808,True,True,True
1686293,63779589569313,-13.57172,2.596474,-0.06929421,-0.03515587,0.9222894,0.05235804,-0.3813199,0.03658978,0.001546356,-0.02431935,0.2632294,-0.1108246,0.9583282,0.03658978,0.001546356,-0.02431935,0.03658978,0.001546356,-0.02431935,0.2632294,-0.1108246,0.9583282,0.2632294,-0.1108246,0.9583282,4.450546,4.450546,True,True,True
1686301,63779589569325,-13.57087,2.596419,-0.0702734,-0.03444704,0.9250908,0.05059816,-0.3747801,0.028386,0.002662552,-0.02414121,-0.509613,-0.3076477,0.8035126,0.03359705,0.002610275,-0.02402782,0.03359705,0.002610275,-0.02402782,-0.5215607,-0.3252411,0.7887878,-0.5215607,-0.3252411,0.7887878,4.674988,4.674988,True,True,True
1686309,63779589569335,-13.57001,2.596419,-0.07117736,-0.03382079,0.9279618,0.04907836,-0.3678783,0.0257654,0.002470627,-0.02430029,-0.3227844,-0.2531128,0.9119873,0.03450816,0.002344772,-0.02412825,0.03450816,0.002344772,-0.02412825,-0.3132782,-0.2740021,0.909256,-0.3132782,-0.2740021,0.909256,4.867676,4.867676,True,True,True
1686318,63779589569335,-13.57001,2.596419,-0.07117736,-0.03382079,0.9279618,0.04907836,-0.3678783,-0.01584673,0.003040512,-0.02516127,-0.4143372,-0.1313934,0.9005737,0.03369368,0.001881226,-0.02427974,0.03369368,0.001881226,-0.02427974,-0.5222168,-0.1643677,0.8368073,-0.5222168,-0.1643677,0.8368073,4.563126,4.563126,True,True,True
1686326,63779589569347,-13.56899,2.596435,-0.07216609,-0.03332777,0.9308265,0.04774036,-0.3607936,-0.0179328,0.003225785,-0.02510295,-0.3703003,-0.175354,0.9122009,0.03455211,0.001628296,-0.02411614,0.03455211,0.001628296,-0.02411614,-0.1718903,-0.1251526,0.9771271,-0.1718903,-0.1251526,0.9771271,4.389267,4.389267,True,True,True
1686334,63779589569358,-13.56805,2.596439,-0.07308459,-0.03301032,0.9336918,0.04652307,-0.3535047,-0.01768213,0.003039124,-0.02516834,-0.3896179,-0.1481934,0.9089661,0.03304329,0.001100556,-0.02395459,0.03304329,0.001100556,-0.02395459,-0.3465729,-0.1049347,0.9321289,-0.3465729,-0.1049347,0.9321289,4.743225,4.743225,True,True,True
1686343,63779589569369,-13.56709,2.596445,-0.0739792,-0.03278832,0.9365212,0.04511237,-0.3461471,-0.001,-0.001,-0.001,1,-1,-1,0.03304329,0.001100556,-0.02395459,0.03304329,0.001100556,-0.02395459,0,0,0,0,0,0,-1,-1,False,False,False
1686351,63779589569369,-13.56709,2.596445,-0.0739792,-0.03278832,0.9365212,0.04511237,-0.3461471,-0.001,-0.001,-0.001,1,-1,-1,0.03304329,0.001100556,-0.02395459,0.03304329,0.001100556,-0.02395459,0,0,0,0,0,0,-1,-1,False,False,False
1686359,63779589569380,-13.56598,2.596515,-0.07481259,-0.03268404,0.9393262,0.04366373,-0.3386612,0.03348732,0.001611298,-0.0235463,-0.04501343,-0.5606995,0.8267822,0.03348732,0.001611298,-0.0235463,0.03348732,0.001611298,-0.0235463,-0.04501343,-0.5606995,0.8267822,-0.04501343,-0.5606995,0.8267822,5.092819,5.092819,True,True,True
1686367,63779589569391,-13.56496,2.596529,-0.07567126,-0.03268098,0.9421501,0.04213648,-0.3309225,-0.001,-0.001,-0.001,1,-1,-1,0.03348732,0.001611298,-0.0235463,0.03348732,0.001611298,-0.0235463,0,0,0,0,0,0,-1,-1,False,False,False
1686376,63779589569402,-13.56385,2.59652,-0.07670885,-0.0324483,0.9449928,0.04059935,-0.3229356,0.03279309,0.001502411,-0.02350299,-0.1072998,-0.5485382,0.8291931,0.03279309,0.001502411,-0.02350299,0.03279309,0.001502411,-0.02350299,-0.1072998,-0.5485382,0.8291931,-0.1072998,-0.5485382,0.8291931,4.692123,4.692123,True,True,True
1686384,63779589569402,-13.56385,2.59652,-0.07670885,-0.0324483,0.9449928,0.04059935,-0.3229356,0.03226604,0.0007199097,-0.02378201,-0.2696381,-0.3639984,0.89151,0.03226604,0.0007199097,-0.02378201,0.03226604,0.0007199097,-0.02378201,-0.2696381,-0.3639984,0.89151,-0.2696381,-0.3639984,0.89151,4.139359,4.139359,True,True,True
1686392,63779589569413,-13.56267,2.596564,-0.07755339,-0.03216275,0.9477696,0.03921252,-0.3148982,0.0328349,0.0008104706,-0.02399896,-0.3694763,-0.3485718,0.8613739,0.0328349,0.0008104706,-0.02399896,0.0328349,0.0008104706,-0.02399896,-0.3694763,-0.3485718,0.8613739,-0.3694763,-0.3485718,0.8613739,4.511429,4.511429,True,True,True
1686401,63779589569424,-13.56153,2.596627,-0.07837921,-0.03188428,0.9505813,0.03789952,-0.3065,0.03284682,0.001061569,-0.02392717,-0.3733826,-0.3040924,0.8764038,0.03284682,0.001061569,-0.02392717,0.03284682,0.001061569,-0.02392717,-0.3733826,-0.3040924,0.8764038,-0.3733826,-0.3040924,0.8764038,4.888153,4.888153,True,True,True
1686409,63779589569435,-13.56026,2.596639,-0.0791983,-0.03160045,0.9533324,0.03677952,-0.2980034,-0.001,-0.001,-0.001,1,-1,-1,0.03284682,0.001061569,-0.02392717,0.03284682,0.001061569,-0.02392717,0,0,0,0,0,0,-1,-1,False,False,False
1686417,63779589569435,-13.56026,2.596639,-0.0791983,-0.03160045,0.9533324,0.03677952,-0.2980034,0.03326326,0.001608124,-0.02403285,-0.4493561,-0.2094574,0.8684387,0.03326326,0.001608124,-0.02403285,0.03326326,0.001608124,-0.02403285,-0.4493561,-0.2094727,0.8684387,-0.4493561,-0.2094727,0.8684387,4.643295,4.643295,True,True,True
1686426,63779589569447,-13.55896,2.596633,-0.08002168,-0.03135727,0.9560727,0.03552986,-0.2892738,-0.001,-0.001,-0.001,1,-1,-1,0.03326326,0.001608124,-0.02403285,0.03326326,0.001608124,-0.02403285,0,0,0,0,0,0,-1,-1,False,False,False
1686434,63779589569457,-13.55753,2.596575,-0.08089787,-0.03156007,0.9588519,0.034222,-0.280064,0.03464701,0.002414047,-0.02423943,-0.3287354,-0.1906128,0.9249725,0.03464701,0.002414047,-0.02423943,0.03464701,0.002414047,-0.02423943,-0.3287354,-0.1906128,0.9249725,-0.3287354,-0.1906128,0.9249725,5.052872,5.052872,True,True,True
1686442,63779589569468,-13.5561,2.596474,-0.08171308,-0.03188966,0.961539,0.03284997,-0.2708258,0.03425476,0.002564881,-0.02437395,-0.4798584,-0.1450653,0.8652496,0.03425476,0.002564881,-0.02437395,0.03425476,0.002564881,-0.02437395,-0.4798584,-0.1450653,0.8652496,-0.4798584,-0.1450653,0.8652496,4.881729,4.881729,True,True,True
1686451,63779589569468,-13.5561,2.596474,-0.08171308,-0.03188966,0.961539,0.03284997,-0.2708258,0.03392081,0.002314057,-0.02442455,-0.5628967,-0.09010315,0.821579,0.03392081,0.002314057,-0.02442455,0.03392081,0.002314057,-0.02442455,-0.5628967,-0.09010315,0.821579,-0.5628967,-0.09010315,0.821579,4.910812,4.910812,True,True,True
1686459,63779589569479,-13.5547,2.596435,-0.08265716,-0.03246491,0.9642985,0.03149147,-0.2609265,0.03413997,0.002366898,-0.02430773,-0.4676666,-0.1720581,0.8669891,0.03414754,0.002366791,-0.02430757,0.03414754,0.002366791,-0.02430757,-0.4676666,-0.1720581,0.8669891,-0.4676666,-0.1720581,0.8669891,4.778107,4.778107,True,True,True
1686467,63779589569490,-13.55326,2.596448,-0.08352947,-0.03290167,0.9669105,0.03049504,-0.2511406,-0.0222597,0.003240006,-0.02524353,-0.3580475,-0.1161804,0.9264374,0.0340408,0.002349396,-0.02423899,0.0340408,0.002349396,-0.02423899,-0.4514008,-0.1520844,0.8792572,-0.4514008,-0.1520844,0.8792572,4.788483,4.788483,True,True,True
1686476,63779589569501,-13.55174,2.596565,-0.0844754,-0.03291365,0.9695358,0.03003065,-0.2408633,-0.02185092,0.003234528,-0.02517803,-0.3491364,-0.1302338,0.9279633,0.03398013,0.00232135,-0.0241722,0.03398013,0.00232135,-0.0241722,-0.4247589,-0.1443634,0.8937073,-0.4247589,-0.1443634,0.8937073,4.819611,4.819611,True,True,True
1686484,63779589569501,-13.55174,2.596565,-0.0844754,-0.03291365,0.9695358,0.03003065,-0.2408633,-0.01530856,0.003119904,-0.02503038,-0.3505096,-0.1292419,0.9275818,0.03384661,0.002279038,-0.024108,0.03384661,0.002279038,-0.024108,-0.4224243,-0.1780396,0.8887329,-0.4224243,-0.1780396,0.8887329,4.611679,4.611679,True,True,True
1686492,63779589569512,-13.55022,2.596598,-0.08534753,-0.0324268,0.9720439,0.02965184,-0.2306513,-0.001991577,0.002900055,-0.02473943,-0.3565369,-0.1108093,0.9276733,0.03380587,0.002288635,-0.02408202,0.03380587,0.002288635,-0.02408202,-0.4078674,-0.1288605,0.9038849,-0.4078674,-0.1288605,0.9038849,4.891647,4.891647,True,True,True
1686501,63779589569523,-13.54867,2.596604,-0.0861755,-0.03167188,0.974417,0.02896044,-0.2206124,0.004593415,0.002781571,-0.02457614,-0.3477631,-0.09437561,0.9328156,0.03371932,0.002280273,-0.024036,0.03371932,0.002280273,-0.024036,-0.3851166,-0.09333801,0.9181213,-0.3851166,-0.09333801,0.9181213,4.90126,4.90126,True,True,True
1686509,63779589569535,-13.54704,2.596564,-0.08694929,-0.03091163,0.9767662,0.02806772,-0.2102009,0.01661635,0.002594833,-0.02431905,-0.3588715,-0.08262634,0.9297028,0.03362973,0.002304504,-0.02400011,0.03362973,0.002304504,-0.02400011,-0.378952,-0.07528687,0.9223328,-0.378952,-0.07528687,0.9223328,4.866959,4.866959,True,True,True
1686517,63779589569535,-13.54704,2.596564,-0.08694929,-0.03091163,0.9767662,0.02806772,-0.2102009,-0.003312393,0.002936279,-0.02463861,-0.3057861,-0.09204102,0.9476318,0.03354016,0.002315216,-0.02392305,0.03354016,0.002315216,-0.02392305,-0.3546448,-0.1096191,0.9285431,-0.3546448,-0.1096191,0.9285431,4.679733,4.679733,True,True,True
1686526,63779589569545,-13.54539,2.596514,-0.08766776,-0.03042631,0.9789589,0.02690456,-0.1999747,-0.005294663,0.002982636,-0.02463626,-0.3077087,-0.1012573,0.9460602,0.03341274,0.002347305,-0.02385752,0.03341274,0.002347305,-0.02385752,-0.3474121,-0.1419373,0.9268951,-0.3474121,-0.1419373,0.9268951,4.404297,4.404297,True,True,True
1686534,63779589569556,-13.54368,2.596324,-0.08835316,-0.03018532,0.9810827,0.02555149,-0.1895068,-0.005575837,0.003014557,-0.02459839,-0.2677307,-0.09545898,0.9587402,0.03331145,0.002369675,-0.0238008,0.03331145,0.002369675,-0.0238008,-0.3260498,-0.14151,0.9346924,-0.3260498,-0.14151,0.9346924,4.577164,4.577164,True,True,True
1686542,63779589569568,-13.54195,2.596163,-0.08896971,-0.03046469,0.9830444,0.02393902,-0.179228,-0.0103204,0.003123566,-0.02463306,-0.2672424,-0.0901947,0.9593964,0.03324065,0.002413239,-0.02371979,0.03324065,0.002413239,-0.02371979,-0.2868042,-0.1838226,0.9401703,-0.2868042,-0.1838226,0.9401703,4.240936,4.240936,True,True,True
1686551,63779589569579,-13.54022,2.595964,-0.08954298,-0.03095978,0.9849176,0.02200185,-0.168804,-0.02463129,0.003376785,-0.02460411,-0.2149811,-0.1345062,0.9673004,0.03314809,0.002578888,-0.02368178,0.03314809,0.002578888,-0.02368178,0,0,0,0,0,0,-1,-1,True,True,True
1686559,63779589569579,-13.54022,2.595964,-0.08954298,-0.03095978,0.9849176,0.02200185,-0.168804,-0.001,-0.001,-0.001,1,-1,-1,0.03304712,0.002654633,-0.02345604,0.03304712,0.002654633,-0.02345604,0,0,0,0,0,0,-1,-1,False,True,True
1686567,63779589569590,-13.53852,2.595801,-0.09015352,-0.0315304,0.9866331,0.02014236,-0.1586041,-0.001,-0.001,-0.001,1,-1,-1,0.03225981,0.00157309,-0.02358049,0.03225981,0.00157309,-0.02358049,0,0,0,0,0,0,-1,-1,False,True,True
1686576,63779589569601,-13.53677,2.595644,-0.09057277,-0.03222616,0.9882077,0.01813729,-0.148587,-0.001,-0.001,-0.001,1,-1,-1,0.03214444,0.001244476,-0.02362161,0.03214444,0.001244476,-0.02362161,0,0,0,0,0,0,-1,-1,False,True,True
1686584,63779589569601,-13.53677,2.595644,-0.09057277,-0.03222616,0.9882077,0.01813729,-0.148587,-0.001,-0.001,-0.001,1,-1,-1,0.03256763,0.001705902,-0.02318376,0.03256763,0.001705902,-0.02318376,0,0,0,0,0,0,-1,-1,False,True,True
1686592,63779589569612,-13.53499,2.595432,-0.09099841,-0.03260523,0.9896792,0.01606495,-0.1386146,-0.001,-0.001,-0.001,1,-1,-1,0.0328269,0.001429642,-0.02349526,0.0328269,0.001429642,-0.02349526,0,0,0,0,0,0,-1,-1,False,True,True
1686601,63779589569623,-13.53325,2.5951,-0.091335,-0.03309477,0.9910188,0.0137292,-0.1288329,-0.001,-0.001,-0.001,1,-1,-1,0.03208173,-6.388855E-05,-0.02394162,0.03208173,-6.388855E-05,-0.02394162,0,0,0,0,0,0,-1,-1,False,True,True
1686609,63779589569634,-13.53151,2.594734,-0.09152985,-0.03355576,0.9922608,0.01092701,-0.1190518,-0.001,-0.001,-0.001,1,-1,-1,0.03478384,0.0012827,-0.02959458,0.03478384,0.0012827,-0.02959458,0,0,0,0,0,0,-1,-1,False,True,True
1686617,63779589569634,-13.53151,2.594734,-0.09152985,-0.03355576,0.9922608,0.01092701,-0.1190518,-0.001,-0.001,-0.001,1,-1,-1,0.03607204,0.001287323,-0.02957051,0.03607204,0.001287323,-0.02957051,0,0,0,0,0,0,-1,-1,False,True,True
1686626,63779589569645,-13.52982,2.59438,-0.09176439,-0.03408422,0.993372,0.008248912,-0.1094639,-0.001,-0.001,-0.001,1,-1,-1,0.03320235,0.002785751,-0.02346073,0.03320235,0.002785751,-0.02346073,0,0,0,0,0,0,-1,-1,False,True,True
1686634,63779589569657,-13.52825,2.594084,-0.09198952,-0.03458796,0.9943159,0.00611642,-0.1005102,-0.001,-0.001,-0.001,1,-1,-1,0.0329359,0.002763504,-0.02363486,0.0329359,0.002763504,-0.02363486,0,0,0,0,0,0,-1,-1,False,True,True
1686642,63779589569667,-13.52677,2.593924,-0.09222734,-0.03490087,0.9951543,0.004362051,-0.09181982,-0.001,-0.001,-0.001,1,-1,-1,0.03432916,0.003994721,-0.02317441,0.03432916,0.003994721,-0.02317441,0,0,0,0,0,0,-1,-1,False,True,True
1686651,63779589569679,-13.52533,2.593821,-0.09241217,-0.03473117,0.9958367,0.003131129,-0.08422097,-0.001,-0.001,-0.001,1,-1,-1,0.03440273,0.003090134,-0.02334267,0.03440273,0.003090134,-0.02334267,0,0,0,0,0,0,-1,-1,False,True,True
1686659,63779589569679,-13.52533,2.593821,-0.09241217,-0.03473117,0.9958367,0.003131129,-0.08422097,-0.001,-0.001,-0.001,1,-1,-1,0.03267374,0.002742005,-0.02354402,0.03267374,0.002742005,-0.02354402,0,0,0,0,0,0,-1,-1,False,True,True
1686667,63779589569690,-13.52392,2.593721,-0.09262842,-0.03434138,0.996444,0.001792675,-0.07692138,-0.001,-0.001,-0.001,1,-1,-1,0.03259043,0.002760163,-0.02350017,0.03259043,0.002760163,-0.02350017,0,0,0,0,0,0,-1,-1,False,True,True
1686676,63779589569700,-13.52259,2.593655,-0.09274781,-0.03365641,0.9969577,0.0006130541,-0.07030039,-0.001,-0.001,-0.001,1,-1,-1,0.03253027,0.002782944,-0.02352933,0.03253027,0.002782944,-0.02352933,0,0,0,0,0,0,-1,-1,False,True,True
1686684,63779589569711,-13.52127,2.593517,-0.09283578,-0.03271118,0.9973996,-0.0004364729,-0.06421777,-0.02543222,0.003613632,-0.0246512,-0.09164429,-0.06416321,0.9937134,0.03248915,0.002730881,-0.02353188,0.03248915,0.002730881,-0.02353188,-0.1758728,-0.008926392,0.9843597,-0.1758728,-0.008926392,0.9843597,4.977188,4.977188,True,True,True
1686692,63779589569711,-13.52127,2.593517,-0.09283578,-0.03271118,0.9973996,-0.0004364729,-0.06421777,-0.02546617,0.003532639,-0.02429828,-0.07705688,-0.05641174,0.9954224,0.0323895,0.00280864,-0.02349097,0.0323895,0.00280864,-0.02349097,-0.1525116,-0.02345276,0.9880066,-0.1525116,-0.02345276,0.9880066,5.001877,5.001877,True,True,True
1686701,63779589569723,-13.52008,2.593359,-0.09301299,-0.03164664,0.997806,-0.001580643,-0.05813003,0.03234337,0.002841187,-0.02349461,-0.1185455,-0.004592896,0.9929352,0.03234337,0.002841187,-0.02349461,0.03234337,0.002841187,-0.02349461,-0.1185455,-0.004592896,0.9929352,-0.1185455,-0.004592896,0.9929352,4.962341,4.962341,True,True,True
1686709,63779589569734,-13.51904,2.593204,-0.09308344,-0.03050663,0.998127,-0.002372678,-0.0529734,0.03226981,0.002792114,-0.0235139,-0.1046753,-0.003662109,0.9944916,0.03226981,0.002792114,-0.0235139,0.03226981,0.002792114,-0.0235139,-0.1046753,-0.003662109,0.9944916,-0.1046753,-0.003662109,0.9944916,4.850601,4.850601,True,True,True
1686717,63779589569734,-13.51904,2.593204,-0.09308344,-0.03050663,0.998127,-0.002372678,-0.0529734,0.03219742,0.002823334,-0.02359885,-0.09106445,0.001480103,0.9958344,0.03219742,0.002823334,-0.02359885,0.03219742,0.002823334,-0.02359885,-0.09106445,0.001480103,0.9958344,-0.09106445,0.001480103,0.9958344,4.946854,4.946854,True,True,True
1686726,63779589569746,-13.51802,2.593182,-0.09322709,-0.02914712,0.9984018,-0.003008689,-0.04832597,0.03084502,0.002916443,-0.02390822,-0.07048035,-0.001098633,0.9974976,0.03215877,0.002903183,-0.02390146,0.03215877,0.002903183,-0.02390146,-0.07145691,0.000289917,0.9974365,-0.07145691,0.000289917,0.9974365,4.852509,4.852509,True,True,True
1686734,63779589569757,-13.5169,2.59312,-0.0932622,-0.02800705,0.9986284,-0.003535625,-0.0440962,-0.02566268,0.003464645,-0.02413463,-0.03509521,-0.05297852,0.9979706,0.03212624,0.003272125,-0.02532629,0.03212624,0.003272125,-0.02532629,-0.04977417,-0.01544189,0.9986267,-0.04977417,-0.01544189,0.9986267,4.83197,4.83197,True,True,True
1686742,63779589569767,-13.51606,2.593112,-0.09325945,-0.02680133,0.9987971,-0.003849142,-0.04088157,-0.02589374,0.003487335,-0.02435329,-0.01594543,-0.03695679,0.999176,0.03208968,0.003197602,-0.02516977,0.03208968,0.003197602,-0.02516977,-0.0398407,-0.008361816,0.9991608,-0.0398407,-0.008361816,0.9991608,4.786774,4.786774,True,True,True
1686751,63779589569767,-13.51606,2.593112,-0.09325945,-0.02680133,0.9987971,-0.003849142,-0.04088157,-0.02597791,0.003514191,-0.02446965,-0.01570129,-0.04248047,0.9989624,0.03202214,0.003305084,-0.02542507,0.03202214,0.003305084,-0.02542507,-0.02806091,-0.01782227,0.9994354,-0.02806091,-0.01782227,0.9994354,4.730408,4.730408,True,True,True
1686759,63779589569778,-13.51521,2.593056,-0.09326166,-0.02557836,0.9989567,-0.004169763,-0.03760196,-0.02603929,0.003578583,-0.02467575,0.001876831,-0.0289917,0.9995728,0.03201297,0.003301224,-0.02557567,0.03201297,0.003301224,-0.02557567,-0.01135254,-0.009078979,0.9998932,-0.01135254,-0.009078979,0.9998932,4.661713,4.661713,True,True,True
1686767,63779589569790,-13.51449,2.592968,-0.09322941,-0.02452936,0.999072,-0.004518464,-0.03511551,-0.02613857,0.003327911,-0.02374938,-0.01628113,-0.025177,0.9995422,0.03196376,0.003189362,-0.0251196,0.03196376,0.003189362,-0.0251196,-0.006378174,-0.02345276,0.9996948,-0.006378174,-0.02345276,0.9996948,4.702332,4.702332,True,True,True
1686776,63779589569801,-13.51384,2.592915,-0.0932883,-0.02341286,0.9991736,-0.004808633,-0.03287629,-0.02620607,0.003263474,-0.02358139,-0.02018738,-0.02287292,0.999527,0.03188849,0.003199646,-0.02510341,0.03188849,0.003199646,-0.02510341,0.0003967285,-0.01391602,0.9998932,0.0003967285,-0.01391602,0.9998932,4.704803,4.704803,True,True,True
1686784,63779589569801,-13.51384,2.592915,-0.0932883,-0.02341286,0.9991736,-0.004808633,-0.03287629,-0.02625749,0.003346787,-0.02391438,-0.01811218,-0.02864075,0.9994202,0.0318096,0.003034149,-0.0243161,0.0318096,0.003034149,-0.0243161,-0.01268005,-0.02319336,0.999649,-0.01268005,-0.02319336,0.999649,4.726898,4.726898,True,True,True
1686792,63779589569812,-13.51318,2.592968,-0.09343237,-0.02253161,0.99925,-0.005101006,-0.03107764,-0.02629062,0.003360245,-0.02398245,-0.01449585,-0.02735901,0.9995117,0.03179614,0.003047501,-0.02418001,0.03179614,0.003047501,-0.02418001,-0.0002746582,-0.02658081,0.9996338,-0.0002746582,-0.02658081,0.9996338,4.792236,4.792236,True,True,True
1686801,63779589569823,-13.5127,2.592918,-0.09335643,-0.02185278,0.9992883,-0.005209709,-0.03030307,-0.02631789,0.00339383,-0.02411893,-0.01423645,-0.02851868,0.9994812,0.03177155,0.003036408,-0.0241288,0.03177155,0.003036408,-0.0241288,-0.001602173,-0.02368164,0.9997101,-0.001602173,-0.02368164,0.9997101,4.645706,4.645706,True,True,True
1686809,63779589569835,-13.51225,2.592873,-0.09324777,-0.0212623,0.999317,-0.005276437,-0.02975796,-0.02634259,0.003388108,-0.02411107,-0.01147461,-0.02619934,0.999588,0.03177072,0.002893372,-0.02383512,0.03177072,0.002893372,-0.02383512,0.01219177,-0.00440979,0.9999084,0.01219177,-0.00440979,0.9999084,4.750488,4.750488,True,True,True
1686817,63779589569835,-13.51225,2.592873,-0.09324777,-0.0212623,0.999317,-0.005276437,-0.02975796,-0.02636975,0.003385056,-0.02410947,-0.008148193,-0.02981567,0.9995117,0.03175113,0.002904144,-0.02385059,0.03175113,0.002904144,-0.02385059,0.01570129,-0.004623413,0.9998627,0.01570129,-0.004623413,0.9998627,4.742844,4.742844,True,True,True
1686826,63779589569845,-13.51193,2.592859,-0.09312457,-0.02079036,0.9993237,-0.005347597,-0.02985456,-0.02644177,0.003557266,-0.02460124,-0.02102661,-0.04338074,0.9988251,0.03173,0.002902054,-0.02378356,0.03173,0.002902054,-0.02378356,0.0177002,-0.01396179,0.9997406,0.0177002,-0.01396179,0.9997406,4.710297,4.710297,True,True,True
1686834,63779589569857,-13.5115,2.592863,-0.09308261,-0.02020225,0.9993366,-0.00543714,-0.02981093,-0.0263389,0.003577057,-0.02471134,-0.01686096,-0.04093933,0.9990082,0.0317305,0.003041199,-0.02425617,0.0317305,0.003041199,-0.02425617,0.02520752,-0.0165863,0.9995422,0.02520752,-0.0165863,0.9995422,4.715897,4.715897,True,True,True
1686842,63779589569868,-13.51116,2.592887,-0.09302163,-0.0197354,0.9993288,-0.005550226,-0.03035821,-0.003519821,0.003365128,-0.02452646,-0.001602173,-0.03205872,0.9994812,0.03172974,0.003025345,-0.02419055,0.03172974,0.003025345,-0.02419055,0.026474,-0.01535034,0.999527,0.026474,-0.01535034,0.999527,4.691193,4.691193,True,True,True
1686851,63779589569868,-13.51116,2.592887,-0.09302163,-0.0197354,0.9993288,-0.005550226,-0.03035821,0.03101175,0.003016693,-0.02413298,0.02436829,-0.01628113,0.9995575,0.03172896,0.003009476,-0.02412492,0.03172896,0.003009476,-0.02412492,0.0249176,-0.01596069,0.9995575,0.0249176,-0.01596069,0.9995575,4.675522,4.675522,True,True,True
1686859,63779589569879,-13.51105,2.592979,-0.09293437,-0.01918946,0.9993135,-0.005445011,-0.03121965,0.03152148,0.002933274,-0.02388568,0.02029419,-0.01028442,0.9997406,0.03171514,0.002931061,-0.02388272,0.03171514,0.002931061,-0.02388272,0.02043152,-0.01016235,0.9997253,0.02043152,-0.01016235,0.9997253,4.68187,4.68187,True,True,True
1686867,63779589569890,-13.51094,2.593033,-0.09290069,-0.01865914,0.9993002,-0.005164841,-0.03200224,0.03102205,0.002861298,-0.02366429,0.01554871,-0.004135132,0.9998627,0.0317013,0.002852646,-0.02365118,0.0317013,0.002852646,-0.02365118,0.01597595,-0.003646851,0.9998627,0.01597595,-0.003646851,0.9998627,4.6884,4.6884,True,True,True
1686876,63779589569901,-13.51089,2.593052,-0.09286839,-0.01826372,0.9992636,-0.004842982,-0.03339623,0.02806319,0.002898651,-0.02372434,0.01344299,-0.005645752,0.9998932,0.03170066,0.002852341,-0.0236546,0.03170066,0.002852341,-0.0236546,0.01567078,-0.003005981,0.9998627,0.01567078,-0.003005981,0.9998627,4.66716,4.66716,True,True,True
1686884,63779589569901,-13.51089,2.593052,-0.09286839,-0.01826372,0.9992636,-0.004842982,-0.03339623,0.01818909,0.003024231,-0.02391539,0.007507324,-0.01307678,0.9998779,0.03170003,0.002852646,-0.02365804,0.03170003,0.002852646,-0.02365804,0.01564026,-0.003295898,0.9998627,0.01564026,-0.003295898,0.9998627,4.687531,4.687531,True,True,True
1686892,63779589569913,-13.5109,2.593093,-0.09277266,-0.01800503,0.9992188,-0.004489928,-0.03489259,-0.01664386,0.003461151,-0.02455667,-0.01303101,-0.03890991,0.9991455,0.03170066,0.002852844,-0.02365878,0.03170066,0.002852844,-0.02365878,0.01568604,-0.003952026,0.9998627,0.01568604,-0.003952026,0.9998627,4.666458,4.666458,True,True,True
1686901,63779589569923,-13.51094,2.593147,-0.09267604,-0.0181173,0.9991555,-0.004165293,-0.03664149,-0.02580805,0.003569946,-0.02470033,-0.01799011,-0.04605103,0.998764,0.0317013,0.002853028,-0.02365953,0.0317013,0.002853028,-0.02365953,0.01571655,-0.00352478,0.9998627,0.01571655,-0.00352478,0.9998627,4.646057,4.646057,True,True,True
1686909,63779589569935,-13.51104,2.593183,-0.09246421,-0.01818873,0.9990875,-0.003926949,-0.03844492,-0.0260669,0.003568939,-0.02470186,-0.01864624,-0.04808044,0.9986572,0.03170424,0.002855942,-0.02366522,0.03170424,0.002855942,-0.02366522,0.01644897,-0.004592896,0.9998474,0.01644897,-0.004592896,0.9998474,4.641479,4.641479,True,True,True
1686917,63779589569935,-13.51104,2.593183,-0.09246421,-0.01818873,0.9990875,-0.003926949,-0.03844492,-0.02464368,0.003547302,-0.02467339,-0.01824951,-0.04899597,0.9986267,0.0317072,0.002858856,-0.0236709,0.0317072,0.002858856,-0.0236709,0.0171814,-0.005630493,0.9998322,0.0171814,-0.005630493,0.9998322,4.636887,4.636887,True,True,True
1686926,63779589569946,-13.51117,2.593189,-0.0923695,-0.01860288,0.9990133,-0.003843049,-0.04014441,-0.0150509,0.003426117,-0.0244838,-0.01239014,-0.04240417,0.9990082,0.03171305,0.002864945,-0.02369396,0.03171305,0.002864945,-0.02369396,0.01808167,-0.00604248,0.9998169,0.01808167,-0.00604248,0.9998169,4.639496,4.639496,True,True,True
1686934,63779589569957,-13.51125,2.593137,-0.09223878,-0.01919472,0.9989259,-0.003789055,-0.0420023,0.02662094,0.002911972,-0.0237498,0.01663208,-0.009033203,0.9998169,0.03171889,0.002871033,-0.023717,0.03171889,0.002871033,-0.023717,0.01898193,-0.006484985,0.9997864,0.01898193,-0.006484985,0.9997864,4.642334,4.642334,True,True,True
1686942,63779589569968,-13.51143,2.593112,-0.09219503,-0.01976159,0.9988392,-0.003743609,-0.04376835,0.03145616,0.002910034,-0.02376346,0.01937866,-0.01348877,0.9997101,0.03172392,0.002908035,-0.0237619,0.03172392,0.002908035,-0.0237619,0.01951599,-0.01342773,0.9997101,0.01951599,-0.01342773,0.9997101,4.648041,4.648041,True,True,True
1686951,63779589569968,-13.51143,2.593112,-0.09219503,-0.01976159,0.9988392,-0.003743609,-0.04376835,0.03167261,0.002941193,-0.02380711,0.02000427,-0.01925659,0.9996033,0.03172896,0.002940796,-0.02380679,0.03172896,0.002940796,-0.02380679,0.02003479,-0.01924133,0.9996033,0.02003479,-0.01924133,0.9996033,4.654007,4.654007,True,True,True
1686959,63779589569979,-13.51158,2.59312,-0.09205234,-0.02048255,0.9987403,-0.003790032,-0.04565119,0.03170278,0.002927139,-0.02380695,0.01379395,-0.01553345,0.9997711,0.03172896,0.002926941,-0.02380679,0.03172896,0.002926941,-0.02380679,0.0138092,-0.01551819,0.9997711,0.0138092,-0.01551819,0.9997711,4.65593,4.65593,True,True,True
1686967,63779589569990,-13.51182,2.593127,-0.09195471,-0.02096177,0.9986426,-0.003843767,-0.04752852,0.03154761,0.002799057,-0.02367452,0.008850098,-0.02218628,0.9997101,0.03158469,0.00279866,-0.02367391,0.03158469,0.00279866,-0.02367391,0.008850098,-0.02217102,0.9997101,0.008850098,-0.02217102,0.9997101,4.679245,4.679245,True,True,True
1686976,63779589570001,-13.51207,2.593131,-0.0918569,-0.02153341,0.9985368,-0.003973884,-0.04944506,0.03072806,0.002623032,-0.02301325,0.05860901,-0.03990173,0.9974823,0.03121855,0.002616959,-0.02300211,0.03121855,0.002616959,-0.02300211,0.05871582,-0.03977966,0.997467,0.05871582,-0.03977966,0.997467,4.696594,4.696594,True,True,True
1686984,63779589570001,-13.51207,2.593131,-0.0918569,-0.02153341,0.9985368,-0.003973884,-0.04944506,0.02793698,0.002677445,-0.02303015,0.08349609,-0.04978943,0.9952545,0.03074454,0.00263118,-0.02291452,0.03074454,0.00263118,-0.02291452,0.08383179,-0.04933167,0.9952545,0.08383179,-0.04933167,0.9952545,4.693726,4.693726,True,True,True
1686992,63779589570013,-13.51231,2.593081,-0.09171051,-0.02227695,0.9984153,-0.003964772,-0.051527,-0.02548679,0.003297119,-0.02455104,0.1392822,-0.0385437,0.9894867,0.0302717,0.002361817,-0.02217822,0.0302717,0.002361817,-0.02217822,0.1035614,-0.03175354,0.9941101,0.1035614,-0.03175354,0.9941101,4.738815,4.738815,True,True,True
1687001,63779589570023,-13.51265,2.593031,-0.09153473,-0.02308564,0.9982785,-0.004242492,-0.05375043,-0.02763707,0.003341141,-0.02464021,0.1645203,-0.06141663,0.9844513,0.0301452,0.002336945,-0.0220399,0.0301452,0.002336945,-0.0220399,0.1283112,-0.02632141,0.9913788,0.1283112,-0.02632141,0.9913788,4.693298,4.693298,True,True,True
1687009,63779589570034,-13.51297,2.592978,-0.09135485,-0.02391107,0.9981322,-0.004385338,-0.05604645,-0.0276449,0.003298523,-0.02465411,0.169754,-0.04202271,0.9845734,0.03016399,0.002335968,-0.02200383,0.03016399,0.002335968,-0.02200383,0.1224823,-0.02084351,0.9922485,0.1224823,-0.02084351,0.9922485,4.671036,4.671036,True,True,True
1687017,63779589570034,-13.51297,2.592978,-0.09135485,-0.02391107,0.9981322,-0.004385338,-0.05604645,-0.02763492,0.003346543,-0.02464467,0.1661377,-0.05644226,0.9844818,0.03020751,0.002383682,-0.02219995,0.03020751,0.002383682,-0.02219995,0.1325989,-0.02726746,0.9907837,0.1325989,-0.02726746,0.9907837,4.756729,4.756729,True,True,True
1687026,63779589570045,-13.51335,2.592922,-0.09118414,-0.02497734,0.997972,-0.004507424,-0.05837634,-0.02761812,0.003347534,-0.02464212,0.159729,-0.0562439,0.9855499,0.03025849,0.002260681,-0.02171816,0.03025849,0.002260681,-0.02171816,0.1332092,-0.02264404,0.9908142,0.1332092,-0.02264404,0.9908142,4.747421,4.747421,True,True,True
1687034,63779589570057,-13.51364,2.592903,-0.09103149,-0.02602072,0.997802,-0.004576027,-0.06077169,-0.0276053,0.003354706,-0.02464044,0.1533051,-0.05929565,0.9863892,0.03027156,0.002293152,-0.02185912,0.03027156,0.002293152,-0.02185912,0.1305389,-0.02145386,0.9911957,0.1305389,-0.02145386,0.9911957,4.768524,4.768524,True,True,True
1687042,63779589570068,-13.51401,2.592831,-0.09091824,-0.02693293,0.9976268,-0.004596334,-0.06319901,-0.02758293,0.003358612,-0.02464452,0.1554718,-0.0553894,0.9862823,0.03029633,0.002304657,-0.02191843,0.03029633,0.002304657,-0.02191843,0.1167603,-0.02709961,0.9927826,0.1167603,-0.02709961,0.9927826,4.749649,4.749649,True,True,True
1687051,63779589570068,-13.51401,2.592831,-0.09091824,-0.02693293,0.9976268,-0.004596334,-0.06319901,-0.02743965,0.003367188,-0.02464209,0.1449432,-0.0565033,0.9878235,0.03033176,0.0022314,-0.02172489,0.03033176,0.0022314,-0.02172489,0.1139832,-0.01934814,0.9932861,0.1139832,-0.01934814,0.9932861,4.737564,4.737564,True,True,True
1687059,63779589570079,-13.51444,2.592804,-0.09074485,-0.0277965,0.9974438,-0.004570759,-0.06566836,-0.02598326,0.003319855,-0.02454109,0.1529846,-0.0484314,0.98703,0.03036669,0.002215988,-0.02167214,0.03036669,0.002215988,-0.02167214,0.1217651,-0.02027893,0.9923401,0.1217651,-0.02027893,0.9923401,4.740234,4.740234,True,True,True
1687067,63779589570091,-13.51487,2.592778,-0.09057307,-0.02864128,0.9972596,-0.00458943,-0.06805806,-0.02609512,0.003312012,-0.02452458,0.1412201,-0.04811096,0.9888,0.03038312,0.002204941,-0.02163533,0.03038312,0.002204941,-0.02163533,0.1203308,-0.02008057,0.9925232,0.1203308,-0.02008057,0.9925232,4.751358,4.751358,True,True,True
1687076,63779589570101,-13.51531,2.59273,-0.09037691,-0.02939378,0.9970732,-0.004607948,-0.07042539,-0.02621865,0.003340271,-0.02455412,0.1296844,-0.05345154,0.990097,0.03043079,0.002167618,-0.02150734,0.03043079,0.002167618,-0.02150734,0.1060181,-0.01289368,0.994278,0.1060181,-0.01289368,0.994278,4.652664,4.652664,True,True,True
1687084,63779589570101,-13.51531,2.59273,-0.09037691,-0.02939378,0.9970732,-0.004607948,-0.07042539,-0.02624515,0.003277634,-0.02447553,0.1371002,-0.03242493,0.9900208,0.03047002,0.002145172,-0.02142723,0.03047002,0.002145172,-0.02142723,0.1105804,-0.02206421,0.9936066,0.1105804,-0.02206421,0.9936066,4.721588,4.721588,True,True,True
1687092,63779589570113,-13.51566,2.59266,-0.09016532,-0.03000535,0.9968976,-0.004631563,-0.07261894,-0.02562759,0.003342133,-0.02454205,0.1222839,-0.0431366,0.9915466,0.03051004,0.002167816,-0.02148904,0.03051004,0.002167816,-0.02148904,0.1070709,-0.01812744,0.9940796,0.1070709,-0.01812744,0.9940796,4.728531,4.728531,True,True,True
1687101,63779589570124,-13.51598,2.59263,-0.08993232,-0.03050198,0.996726,-0.004702944,-0.07473242,-0.01866039,0.003119965,-0.02401877,0.1232452,-0.02890015,0.9919434,0.03055867,0.002192322,-0.02156563,0.03055867,0.002192322,-0.02156563,0.1055603,-0.01496887,0.9942932,0.1055603,-0.01496887,0.9942932,4.699173,4.699173,True,True,True
1687109,63779589570135,-13.5164,2.592605,-0.08973008,-0.03098392,0.9965519,-0.004719737,-0.07682537,-0.01038359,0.00295723,-0.02357053,0.1108856,-0.03582764,0.9931793,0.03059323,0.002208786,-0.02163347,0.03059323,0.002208786,-0.02163347,0.09919739,-0.02618408,0.9947205,0.09919739,-0.02618408,0.9947205,4.691147,4.691147,True,True,True
1687117,63779589570135,-13.5164,2.592605,-0.08973008,-0.03098392,0.9965519,-0.004719737,-0.07682537,0.00162648,0.002843201,-0.0232937,0.09890747,-0.03079224,0.9946136,0.0306359,0.002232697,-0.02170895,0.0306359,0.002232697,-0.02170895,0.09873962,-0.01281738,0.9950256,0.09873962,-0.01281738,0.9950256,4.620941,4.620941,True,True,True
1687126,63779589570146,-13.51681,2.592621,-0.08957756,-0.03143144,0.9963911,-0.004604541,-0.07871246,-0.02735446,0.003485993,-0.02497702,0.103775,-0.04772949,0.9934387,0.03052359,0.002827225,-0.02361398,0.03052359,0.002827225,-0.02361398,0.0642395,-0.04974365,0.9966888,0.0642395,-0.04974365,0.9966888,4.623138,4.623138,True,True,True
1687134,63779589570157,-13.51722,2.592652,-0.08948267,-0.0318141,0.9962313,-0.004403526,-0.08057129,-0.02746062,0.00388942,-0.02638085,0.08381653,-0.07220459,0.9938507,0.03055583,0.002827881,-0.02360913,0.03055583,0.002827881,-0.02360913,0.07015991,-0.04885864,0.9963226,0.07015991,-0.04885864,0.9963226,4.617828,4.617828,True,True,True
1687142,63779589570168,-13.51762,2.592606,-0.08932918,-0.03197597,0.9960728,-0.004237794,-0.08245329,-0.02620987,0.004152085,-0.02742848,0.06643677,-0.07133484,0.995224,0.0305688,0.002858689,-0.02370342,0.0305688,0.002858689,-0.02370342,0.06365967,-0.05804443,0.9962769,0.06365967,-0.05804443,0.9962769,4.593872,4.593872,True,True,True
1687151,63779589570168,-13.51762,2.592606,-0.08932918,-0.03197597,0.9960728,-0.004237794,-0.08245329,0.001728638,0.003551468,-0.02571355,0.06393433,-0.06713867,0.9956818,0.03061397,0.002955002,-0.02402934,0.03061397,0.002955002,-0.02402934,0.06469727,-0.0579834,0.9962158,0.06469727,-0.0579834,0.9962158,4.531479,4.531479,True,True,True
1687159,63779589570179,-13.51799,2.592577,-0.08916914,-0.0322018,0.9959262,-0.003892267,-0.08413608,0.02827469,0.003013184,-0.02419599,0.06054688,-0.06004333,0.9963531,0.03066348,0.002965592,-0.02406313,0.03066348,0.002965592,-0.02406313,0.06059265,-0.05981445,0.9963531,0.06059265,-0.05981445,0.9963531,4.551697,4.551697,True,True,True
1687167,63779589570190,-13.51839,2.59258,-0.08899057,-0.03245351,0.9957726,-0.003538176,-0.08585518,0.03027019,0.002976929,-0.02409732,0.06347656,-0.05659485,0.9963684,0.03067496,0.002969574,-0.02407747,0.03067496,0.002969574,-0.02407747,0.0634613,-0.056427,0.9963837,0.0634613,-0.056427,0.9963837,4.552261,4.552261,True,True,True
1687176,63779589570201,-13.51875,2.592554,-0.08892125,-0.0325557,0.9956368,-0.003281395,-0.08738783,0.03062349,0.002974671,-0.02409474,0.06634521,-0.06002808,0.9959869,0.03068645,0.002973557,-0.02409183,0.03068645,0.002973557,-0.02409183,0.06636047,-0.06001282,0.9959869,0.06636047,-0.06001282,0.9959869,4.549698,4.549698,True,True,True
1687184,63779589570201,-13.51875,2.592554,-0.08892125,-0.0325557,0.9956368,-0.003281395,-0.08738783,0.03068985,0.002984238,-0.02418205,0.06404114,-0.06402588,0.9958801,0.03073282,0.002983566,-0.02418041,0.03073282,0.002983566,-0.02418041,0.06404114,-0.06402588,0.9958801,0.06404114,-0.06402588,0.9958801,4.535995,4.535995,True,True,True
1687192,63779589570212,-13.51913,2.592589,-0.08884311,-0.03282129,0.9955046,-0.003022119,-0.08879307,0.0307601,0.003004685,-0.02426302,0.06356812,-0.05989075,0.99617,0.03077419,0.003004486,-0.02426254,0.03077419,0.003004486,-0.02426254,0.06356812,-0.05989075,0.99617,0.06356812,-0.05989075,0.99617,4.608459,4.608459,True,True,True
1687201,63779589570224,-13.5195,2.592651,-0.088678,-0.03316797,0.9953797,-0.00282453,-0.0900614,0.03080983,0.002990555,-0.02422014,0.06726074,-0.06138611,0.9958344,0.03080985,0.002990555,-0.02422014,0.03080985,0.002990555,-0.02422014,0.06726074,-0.06138611,0.9958344,0.06726074,-0.06138611,0.9958344,4.50058,4.50058,True,True,True
1687209,63779589570234,-13.51986,2.592677,-0.08857042,-0.03344762,0.9952733,-0.002574381,-0.09113537,0.03098155,0.002322739,-0.0219729,0.1173706,-0.03312683,0.9925232,0.03101193,0.002322113,-0.02197124,0.03101193,0.002322113,-0.02197124,0.1174011,-0.03311157,0.9925232,0.1174011,-0.03311157,0.9925232,4.60907,4.60907,True,True,True
1687217,63779589570234,-13.51986,2.592677,-0.08857042,-0.03344762,0.9952733,-0.002574381,-0.09113537,0.02982108,0.002346863,-0.02205397,0.1170959,-0.03366089,0.9925385,0.03102916,0.002321716,-0.02198782,0.03102916,0.002321716,-0.02198782,0.1181183,-0.03305054,0.9924469,0.1181183,-0.03305054,0.9924469,4.701462,4.701462,True,True,True
1687226,63779589570245,-13.5202,2.59268,-0.08840001,-0.03363969,0.9951804,-0.002463608,-0.09207718,-0.02683942,0.003700516,-0.0257827,0.06544495,-0.06535339,0.9957123,0.03104501,0.002333634,-0.02205857,0.03104501,0.002333634,-0.02205857,0.1116028,-0.0243988,0.9934387,0.1116028,-0.0243988,0.9934387,4.62323,4.62323,True,True,True
1687234,63779589570256,-13.52048,2.592697,-0.08826184,-0.03389587,0.9951062,-0.002385208,-0.09278463,-0.02728905,0.003887009,-0.02643288,0.06300354,-0.07023621,0.9955292,0.03104727,0.002342636,-0.02209764,0.03104727,0.002342636,-0.02209764,0.1122437,-0.02838135,0.9932709,0.1122437,-0.02838135,0.9932709,4.636887,4.636887,True,True,True
1687242,63779589570268,-13.52078,2.592681,-0.08811581,-0.03418888,0.9950464,-0.002288489,-0.09331949,-0.0272532,0.003814072,-0.02616622,0.05201721,-0.07783508,0.9956055,0.0310605,0.002378815,-0.02223189,0.0310605,0.002378815,-0.02223189,0.1098633,-0.0362854,0.9932709,0.1098633,-0.0362854,0.9932709,4.618347,4.618347,True,True,True
1687251,63779589570268,-13.52078,2.592681,-0.08811581,-0.03418888,0.9950464,-0.002288489,-0.09331949,-0.02720589,0.003545532,-0.02516104,0.05436707,-0.06610107,0.9963226,0.03107298,0.002387863,-0.02226477,0.03107298,0.002387863,-0.02226477,0.1044159,-0.03343201,0.9939575,0.1044159,-0.03343201,0.9939575,4.653671,4.653671,True,True,True
1687259,63779589570279,-13.52106,2.592714,-0.08799762,-0.03444276,0.9950122,-0.002110888,-0.09359432,-0.02720053,0.003544632,-0.0251597,0.05421448,-0.06710815,0.9962616,0.03107872,0.002395066,-0.02229842,0.03107872,0.002395066,-0.02229842,0.1065216,-0.03477478,0.9936981,0.1065216,-0.03477478,0.9936981,4.649567,4.649567,True,True,True
1687267,63779589570290,-13.52129,2.592769,-0.08784235,-0.03469489,0.9949853,-0.001880512,-0.09379223,-0.02698528,0.003539612,-0.02514816,0.05474854,-0.06745911,0.9962158,0.03108446,0.002402252,-0.02233208,0.03108446,0.002402252,-0.02233208,0.1074524,-0.03614807,0.9935455,0.1074524,-0.03614807,0.9935455,4.646011,4.646011,True,True,True
1687276,63779589570301,-13.52153,2.592828,-0.08772475,-0.03484609,0.994982,-0.001625265,-0.0937759,0.02245789,0.002578308,-0.02277779,0.09788513,-0.04174805,0.9943085,0.0310885,0.002410355,-0.02236382,0.0310885,0.002410355,-0.02236382,0.1056061,-0.03738403,0.9936981,0.1056061,-0.03738403,0.9936981,4.639404,4.639404,True,True,True
1687284,63779589570301,-13.52153,2.592828,-0.08772475,-0.03484609,0.994982,-0.001625265,-0.0937759,0.03108618,0.002418579,-0.02239586,0.1037445,-0.03868103,0.9938354,0.03109253,0.002418457,-0.02239555,0.03109253,0.002418457,-0.02239555,0.1037598,-0.03868103,0.9938354,0.1037598,-0.03868103,0.9938354,4.632675,4.632675,True,True,True
1687292,63779589570312,-13.52176,2.592921,-0.08761299,-0.03501116,0.9949789,-0.001298963,-0.09375229,0.03109187,0.002418976,-0.0223976,0.1031189,-0.0375824,0.9939423,0.03109653,0.002418884,-0.02239734,0.03109653,0.002418884,-0.02239734,0.1031342,-0.0375824,0.9939423,0.1031342,-0.0375824,0.9939423,4.625259,4.625259,True,True,True
1687301,63779589570323,-13.52201,2.593015,-0.08754754,-0.03514754,0.9950024,-0.0008636075,-0.09345612,0.03109882,0.002418488,-0.02239923,0.1024933,-0.0362854,0.9940643,0.03110051,0.002418457,-0.02239913,0.03110051,0.002418457,-0.02239913,0.1025085,-0.0362854,0.9940643,0.1025085,-0.0362854,0.9940643,4.617691,4.617691,True,True,True
1687309,63779589570334,-13.52211,2.59315,-0.0873996,-0.03523389,0.9950027,-0.0003794883,-0.09342377,0.03110123,0.002418274,-0.02241539,0.09959412,-0.0352478,0.9944,0.03110198,0.002418244,-0.02241535,0.03110198,0.002418244,-0.02241535,0.09959412,-0.0352478,0.9944,0.09959412,-0.0352478,0.9944,4.604004,4.604004,True,True,True
1687317,63779589570334,-13.52211,2.59315,-0.0873996,-0.03523389,0.9950027,-0.0003794883,-0.09342377,0.03110074,0.002418106,-0.02243172,0.09872437,-0.03413391,0.9945221,0.03110342,0.002418045,-0.02243155,0.03110342,0.002418045,-0.02243155,0.09872437,-0.03413391,0.9945221,0.09872437,-0.03413391,0.9945221,4.601334,4.601334,True,True,True
1687326,63779589570345,-13.52231,2.59332,-0.08739358,-0.03524212,0.9950205,5.021683E-05,-0.09323165,0.03110094,0.002417954,-0.02243193,0.1013641,-0.0348053,0.9942322,0.03110657,0.002417831,-0.0224316,0.03110657,0.002417831,-0.0224316,0.1013641,-0.03479004,0.9942322,0.1013641,-0.03479004,0.9942322,4.595963,4.595963,True,True,True
1687334,63779589570357,-13.52253,2.593423,-0.08730674,-0.03520846,0.9950357,0.0006084632,-0.09308027,0.03110307,0.002418198,-0.02243201,0.1013489,-0.03565979,0.9942017,0.0311096,0.002418045,-0.02243163,0.0311096,0.002418045,-0.02243163,0.1013489,-0.03565979,0.9942017,0.1013489,-0.03565979,0.9942017,4.590225,4.590225,True,True,True
1687342,63779589570368,-13.52267,2.593535,-0.08732623,-0.03521197,0.9950469,0.001163351,-0.09295402,0.03109436,0.002418579,-0.02243286,0.100769,-0.03578186,0.9942627,0.0311093,0.002418244,-0.02243198,0.0311093,0.002418244,-0.02243198,0.1007843,-0.0357666,0.9942627,0.1007843,-0.0357666,0.9942627,4.595581,4.595581,True,True,True
1687351,63779589570368,-13.52267,2.593535,-0.08732623,-0.03521197,0.9950469,0.001163351,-0.09295402,0.03103157,0.002419769,-0.02243686,0.1011963,-0.03579712,0.9942169,0.03110898,0.002418045,-0.02243233,0.03110898,0.002418045,-0.02243233,0.1012726,-0.03575134,0.9942017,0.1012726,-0.03575134,0.9942017,4.600662,4.600662,True,True,True
1687359,63779589570380,-13.52291,2.593687,-0.08729666,-0.03489341,0.9950659,0.002014973,-0.0928555,0.03014711,0.002439209,-0.02249451,0.1009827,-0.03614807,0.9942169,0.03110662,0.002417831,-0.02243862,0.03110662,0.002417831,-0.02243862,0.1019135,-0.03559875,0.9941406,0.1019135,-0.03559875,0.9941406,4.595306,4.595306,True,True,True
1687367,63779589570390,-13.52318,2.593908,-0.08726084,-0.03464847,0.9950801,0.003015813,-0.09276845,0.01620404,0.002749298,-0.02331215,0.08610535,-0.04397583,0.9953003,0.03110425,0.002417603,-0.0224449,0.03110425,0.002417603,-0.0224449,0.09992981,-0.03547668,0.9943542,0.09992981,-0.03547668,0.9943542,4.589706,4.589706,True,True,True
1687376,63779589570401,-13.52348,2.594213,-0.08729273,-0.03420211,0.9950746,0.004447329,-0.09293462,0.0109552,0.00286615,-0.02362651,0.08055115,-0.04771423,0.9956055,0.03110425,0.002417603,-0.02245842,0.03110425,0.002417603,-0.02245842,0.09887695,-0.0362854,0.9944305,0.09887695,-0.0362854,0.9944305,4.58667,4.58667,True,True,True
1687384,63779589570401,-13.52348,2.594213,-0.08729273,-0.03420211,0.9950746,0.004447329,-0.09293462,0.009269563,0.002905548,-0.023737,0.07875061,-0.04855347,0.995697,0.03110425,0.002418045,-0.02247066,0.03110425,0.002418045,-0.02247066,0.09881592,-0.03598022,0.9944458,0.09881592,-0.03598022,0.9944458,4.586243,4.586243,True,True,True
1687392,63779589570412,-13.52387,2.594689,-0.08748186,-0.03366124,0.9950518,0.006785098,-0.09323491,0.008077668,0.002933868,-0.02380676,0.07762146,-0.05093384,0.9956665,0.03110425,0.002418045,-0.0224708,0.03110425,0.002418045,-0.0224708,0.09881592,-0.037323,0.9944,0.09881592,-0.037323,0.9944,4.585526,4.585526,True,True,True
1687401,63779589570423,-13.52425,2.595351,-0.08778113,-0.03296102,0.9949868,0.01079479,-0.09379897,0.007315934,0.002948898,-0.02385083,0.07650757,-0.05192566,0.9957123,0.03110425,0.002417603,-0.02247153,0.03110425,0.002417603,-0.02247153,0.09883118,-0.03851318,0.9943542,0.09883118,-0.03851318,0.9943542,4.585052,4.585052,True,True,True
1687409,63779589570435,-13.52465,2.596246,-0.08817768,-0.03228981,0.9948717,0.01577919,-0.09454487,0.01387708,0.002779526,-0.02339954,0.0843811,-0.05195618,0.9950714,0.03110425,0.002416931,-0.02247153,0.03110425,0.002416931,-0.02247153,0.09892273,-0.03892517,0.9943237,0.09892273,-0.03892517,0.9943237,4.587296,4.587296,True,True,True
1687417,63779589570435,-13.52465,2.596246,-0.08817768,-0.03228981,0.9948717,0.01577919,-0.09454487,0.02230307,0.002526581,-0.02278557,0.08500671,-0.06149292,0.9944763,0.03110098,0.00233403,-0.02229703,0.03110098,0.00233403,-0.02229703,0.09159851,-0.05630493,0.9941864,0.09159851,-0.05630493,0.9941864,4.61319,4.61319,True,True,True
1687426,63779589570445,-13.5251,2.597365,-0.0886758,-0.03162257,0.9946825,0.02282748,-0.09531904,0.02948531,0.002354462,-0.02246704,0.09338379,-0.06213379,0.9936829,0.03108756,0.002321488,-0.02238683,0.03108756,0.002321488,-0.02238683,0.09469604,-0.06126404,0.9936066,0.09469604,-0.06126404,0.9936066,4.589645,4.589645,True,True,True
1687434,63779589570457,-13.52558,2.598332,-0.08908838,-0.03110712,0.994417,0.02999778,-0.09626718,0.03098894,0.002281372,-0.02244011,0.09011841,-0.06747437,0.9936371,0.03108238,0.002279663,-0.02243613,0.03108238,0.002279663,-0.02243613,0.0901947,-0.06744385,0.9936218,0.0901947,-0.06744385,0.9936218,4.599503,4.599503,True,True,True
1687442,63779589570467,-13.52607,2.599154,-0.0893907,-0.03087546,0.9940712,0.0368932,-0.09750947,0.03108194,0.00215033,-0.02224864,0.08627319,-0.06741333,0.9939728,0.03108594,0.002150253,-0.02224849,0.03108594,0.002150253,-0.02224849,0.08627319,-0.06741333,0.9939728,0.08627319,-0.06741333,0.9939728,4.57692,4.57692,True,True,True
1687451,63779589570467,-13.52607,2.599154,-0.0893907,-0.03087546,0.9940712,0.0368932,-0.09750947,0.0310878,0.002073471,-0.02224071,0.09146118,-0.06695557,0.9935455,0.03108812,0.002073471,-0.02224069,0.03108812,0.002073471,-0.02224069,0.09146118,-0.06695557,0.9935455,0.09146118,-0.06695557,0.9935455,4.598267,4.598267,True,True,True
1687459,63779589570479,-13.52655,2.599808,-0.0895921,-0.03067808,0.993737,0.04246795,-0.09870166,0.03108498,0.001998108,-0.02221639,0.08605957,-0.07246399,0.9936371,0.03108514,0.001998093,-0.02221639,0.03108514,0.001998093,-0.02221639,0.08605957,-0.07246399,0.9936371,0.08605957,-0.07246399,0.9936371,4.59935,4.59935,True,True,True
1687467,63779589570490,-13.52699,2.600274,-0.08962029,-0.03022605,0.9934312,0.04714471,-0.09979144,0.03109004,0.001919861,-0.0221833,0.08274841,-0.07826233,0.9934845,0.03109044,0.001919846,-0.02218329,0.03109044,0.001919846,-0.02218329,0.08274841,-0.07824707,0.9934845,0.08274841,-0.07824707,0.9934845,4.541443,4.541443,True,True,True
1687476,63779589570501,-13.52737,2.60064,-0.08949244,-0.02971517,0.9931733,0.05035767,-0.1009351,0.03104645,0.00206012,-0.02277504,0.06916809,-0.1091614,0.9916077,0.03105057,0.002060059,-0.0227749,0.03105057,0.002060059,-0.0227749,0.06916809,-0.1091614,0.9916077,0.06916809,-0.1091614,0.9916077,4.55838,4.55838,True,True,True
1687484,63779589570501,-13.52737,2.60064,-0.08949244,-0.02971517,0.9931733,0.05035767,-0.1009351,0.03088704,0.00198909,-0.02271495,0.06037903,-0.1118164,0.9918823,0.03106117,0.001986054,-0.02270895,0.03106117,0.001986054,-0.02270895,0.06040955,-0.1117096,0.9918976,0.06040955,-0.1117096,0.9918976,4.513062,4.513062,True,True,True
1687492,63779589570512,-13.52772,2.600879,-0.08931363,-0.02925676,0.9929516,0.05269972,-0.1020488,0.02545368,0.00202536,-0.02290448,0.06214905,-0.118576,0.9909973,0.03106184,0.00192746,-0.02271364,0.03106184,0.00192746,-0.02271364,0.063797,-0.1163635,0.9911499,0.063797,-0.1163635,0.9911499,4.616226,4.616226,True,True,True
1687501,63779589570523,-13.52808,2.601001,-0.08901179,-0.02907459,0.9928038,0.0535249,-0.1031049,-0.01453366,0.002712448,-0.02438021,0.04449463,-0.1399231,0.989151,0.03107353,0.001901657,-0.02274744,0.03107353,0.001901657,-0.02274744,0.05926514,-0.1212006,0.9908447,0.05926514,-0.1212006,0.9908447,4.590668,4.590668,True,True,True
1687509,63779589570535,-13.52836,2.601087,-0.08863658,-0.02891458,0.9926844,0.05394935,-0.1040731,-0.02639311,0.002869019,-0.02471724,0.0459137,-0.1513824,0.9873962,0.03107692,0.001930588,-0.02289124,0.03107692,0.001930588,-0.02289124,0.0539856,-0.1208801,0.9911957,0.0539856,-0.1208801,0.9911957,4.593765,4.593765,True,True,True
1687517,63779589570535,-13.52836,2.601087,-0.08863658,-0.02891458,0.9926844,0.05394935,-0.1040731,-0.0267744,0.002904251,-0.02488037,0.03694153,-0.1462097,0.9885559,0.03107868,0.001939255,-0.02293817,0.03107868,0.001939255,-0.02293817,0.05352783,-0.1233521,0.9909058,0.05352783,-0.1233521,0.9909058,4.550201,4.550201,True,True,True
1687526,63779589570545,-13.52857,2.601122,-0.08828938,-0.02908809,0.9926091,0.05339827,-0.1050221,-0.02627892,0.002914215,-0.02498581,0.04045105,-0.1532288,0.9873505,0.03109053,0.001954132,-0.02302017,0.03109053,0.001954132,-0.02302017,0.05186462,-0.1237335,0.9909515,0.05186462,-0.1237335,0.9909515,4.587189,4.587189,True,True,True
1687534,63779589570556,-13.52875,2.601162,-0.08789617,-0.02932294,0.9925405,0.05301328,-0.1057979,-0.02434313,0.002868912,-0.0249104,0.03677368,-0.1531525,0.9875031,0.03109863,0.001963593,-0.02307524,0.03109863,0.001963593,-0.02307524,0.05065918,-0.1352386,0.989502,0.05065918,-0.1352386,0.989502,4.590073,4.590073,True,True,True
1687542,63779589570568,-13.52893,2.601091,-0.08757854,-0.02982853,0.9925403,0.05191393,-0.1062026,-0.02183894,0.002805496,-0.02478134,0.03526306,-0.1521454,0.9877167,0.03110478,0.001977951,-0.02313205,0.03110478,0.001977951,-0.02313205,0.04658508,-0.1332245,0.989975,0.04658508,-0.1332245,0.989975,4.495102,4.495102,True,True,True
1687551,63779589570568,-13.52893,2.601091,-0.08757854,-0.02982853,0.9925403,0.05191393,-0.1062026,-0.009379731,0.002570679,-0.02430127,0.0486145,-0.1395874,0.9890137,0.03111272,0.001977371,-0.02313359,0.03111272,0.001977371,-0.02313359,0.04690552,-0.1330414,0.9899902,0.04690552,-0.1330414,0.9899902,4.507217,4.507217,True,True,True
1687559,63779589570579,-13.52908,2.601006,-0.08731902,-0.03043014,0.9925607,0.05065259,-0.1064499,-0.01254915,0.002627869,-0.02436066,0.0380249,-0.1488037,0.9881287,0.03112065,0.001977951,-0.02313515,0.03112065,0.001977951,-0.02313515,0.04722595,-0.1329803,0.9899902,0.04722595,-0.1329803,0.9899902,4.51915,4.51915,True,True,True
1687567,63779589570590,-13.52922,2.601036,-0.08711767,-0.0310523,0.9925719,0.04983784,-0.1065497,-0.006983384,0.002543579,-0.02415636,0.03771973,-0.149292,0.9880676,0.03112828,0.001981644,-0.02314389,0.03112828,0.001981644,-0.02314389,0.04708862,-0.133316,0.9899445,0.04708862,-0.133316,0.9899445,4.56601,4.56601,True,True,True
1687576,63779589570601,-13.52939,2.601139,-0.08702141,-0.03142909,0.9925887,0.04952828,-0.1064279,0.004440247,0.002383301,-0.02385752,0.04216003,-0.1458282,0.9884033,0.0311359,0.001985336,-0.02315263,0.0311359,0.001985336,-0.02315263,0.04684448,-0.1336823,0.9899139,0.04684448,-0.1336823,0.9899139,4.596649,4.596649,True,True,True
1687584,63779589570601,-13.52939,2.601139,-0.08702141,-0.03142909,0.9925887,0.04952828,-0.1064279,0.01980025,0.002153351,-0.0234476,0.04298401,-0.1372833,0.9895935,0.03114057,0.001981644,-0.02314389,0.03114057,0.001981644,-0.02314389,0.0453186,-0.1331787,0.9900513,0.0453186,-0.1331787,0.9900513,4.605011,4.605011,True,True,True
1687592,63779589570612,-13.52952,2.601239,-0.08702838,-0.03162239,0.9925904,0.04949479,-0.1063706,0.02484296,0.00208374,-0.02332276,0.04103088,-0.1311951,0.9904938,0.03111116,0.001984467,-0.02312535,0.03111116,0.001984467,-0.02312535,0.04164124,-0.1290894,0.9907532,0.04164124,-0.1290894,0.9907532,4.583099,4.583099,True,True,True
1687601,63779589570623,-13.52966,2.601309,-0.08704418,-0.03179643,0.9925938,0.049571,-0.1062513,0.02107251,0.002020111,-0.02302376,0.06700134,-0.1322632,0.9889374,0.03094238,0.001855743,-0.02269264,0.03094238,0.001855743,-0.02269264,0.06771851,-0.1294098,0.9892731,0.06771851,-0.1294098,0.9892731,4.59935,4.59935,True,True,True
1687609,63779589570634,-13.52972,2.601343,-0.08711225,-0.03193158,0.9926047,0.04956428,-0.1061117,-0.0108853,0.002605362,-0.02422389,0.08737183,-0.139801,0.9863129,0.03073242,0.001861862,-0.02260439,0.03073242,0.001861862,-0.02260439,0.08789063,-0.1306915,0.9875031,0.08789063,-0.1306915,0.9875031,4.639786,4.639786,True,True,True
1687617,63779589570634,-13.52972,2.601343,-0.08711225,-0.03193158,0.9926047,0.04956428,-0.1061117,-0.01744159,0.002765137,-0.02467442,0.1086273,-0.1404419,0.9841003,0.03049889,0.001945068,-0.02282811,0.03049889,0.001945068,-0.02282811,0.08509827,-0.1183319,0.9893188,0.08509827,-0.1183319,0.9893188,4.585861,4.585861,True,True,True
1687626,63779589570645,-13.52979,2.601352,-0.0872618,-0.0320756,0.9926037,0.0494815,-0.1061168,-0.01975156,0.002832932,-0.02483017,0.124649,-0.1372223,0.9826508,0.03039885,0.001922028,-0.02262813,0.03039885,0.001922028,-0.02262813,0.1151276,-0.1293182,0.9848938,0.1151276,-0.1293182,0.9848938,4.589188,4.589188,True,True,True
1687634,63779589570656,-13.52991,2.601302,-0.08733642,-0.03225771,0.9926099,0.04935238,-0.1060639,-0.01806551,0.002802216,-0.02473662,0.1289368,-0.1391907,0.9818268,0.03039388,0.001904877,-0.02253964,0.03039388,0.001904877,-0.02253964,0.1147919,-0.127594,0.9851532,0.1147919,-0.127594,0.9851532,4.571304,4.571304,True,True,True
1687642,63779589570668,-13.52998,2.601278,-0.08748239,-0.03244821,0.9926127,0.04907643,-0.1061073,-0.01255795,0.002698929,-0.02448306,0.1276398,-0.1425629,0.9815063,0.03039986,0.001902725,-0.02253742,0.03039986,0.001902725,-0.02253742,0.1187134,-0.1293488,0.9844513,0.1187134,-0.1293488,0.9844513,4.594543,4.594543,True,True,True
1687651,63779589570668,-13.52998,2.601278,-0.08748239,-0.03244821,0.9926127,0.04907643,-0.1061073,-0.009439972,0.002640594,-0.02434094,0.1257782,-0.1399078,0.982132,0.03040583,0.001900589,-0.02253517,0.03040583,0.001900589,-0.02253517,0.118927,-0.1267548,0.9847717,0.118927,-0.1267548,0.9847717,4.571976,4.571976,True,True,True
1687659,63779589570679,-13.53005,2.601225,-0.0875693,-0.03266172,0.9926317,0.04872894,-0.1060237,-0.0005811768,0.002472656,-0.0239289,0.1253967,-0.1364899,0.982666,0.03041097,0.001893021,-0.0225127,0.03041097,0.001893021,-0.0225127,0.1200256,-0.1274414,0.9845428,0.1200256,-0.1274414,0.9845428,4.594223,4.594223,True,True,True
1687667,63779589570691,-13.5301,2.601112,-0.08764285,-0.03288461,0.9926447,0.04827119,-0.1060425,0.007471512,0.002317856,-0.02354701,0.1239929,-0.1342163,0.9831543,0.03041609,0.001885437,-0.02249022,0.03041609,0.001885437,-0.02249022,0.121109,-0.1280823,0.9843292,0.121109,-0.1280823,0.9843292,4.616776,4.616776,True,True,True
1687676,63779589570701,-13.53016,2.601041,-0.08774388,-0.03284601,0.9926674,0.04762606,-0.1061337,0.02266017,0.002036026,-0.02285175,0.1211548,-0.1315765,0.9838715,0.03041861,0.001890366,-0.02249525,0.03041861,0.001890366,-0.02249525,0.1200409,-0.1298676,0.9842224,0.1200409,-0.1298676,0.9842224,4.594025,4.594025,True,True,True
1687684,63779589570701,-13.53016,2.601041,-0.08774388,-0.03284601,0.9926674,0.04762606,-0.1061337,0.005436402,0.00236322,-0.02364591,0.1227417,-0.1349182,0.9832153,0.03042111,0.001895294,-0.02250028,0.03042111,0.001895294,-0.02250028,0.1191559,-0.1302032,0.9842834,0.1191559,-0.1302032,0.9842834,4.598541,4.598541,True,True,True
1687692,63779589570712,-13.5302,2.600931,-0.0878371,-0.03279254,0.9926708,0.04721986,-0.1062993,-0.005504761,0.002570557,-0.02415401,0.1238098,-0.1353302,0.983017,0.03042272,0.001897934,-0.02251773,0.03042272,0.001897934,-0.02251773,0.1193695,-0.1284027,0.9844971,0.1193695,-0.1284027,0.9844971,4.607101,4.607101,True,True,True
1687701,63779589570723,-13.53027,2.600822,-0.08802986,-0.03249985,0.9926996,0.04675542,-0.1063262,0.004047059,0.002393936,-0.02372841,0.1223755,-0.1324615,0.9835968,0.0304243,0.001900589,-0.02253517,0.0304243,0.001900589,-0.02253517,0.1194763,-0.1266479,0.9847107,0.1194763,-0.1266479,0.9847107,4.60289,4.60289,True,True,True
1687709,63779589570734,-13.53033,2.600715,-0.08818579,-0.03230899,0.992716,0.0463599,-0.1064043,0.005726746,0.002364441,-0.02365236,0.1216583,-0.1320648,0.9837341,0.03042496,0.001902725,-0.02253523,0.03042496,0.001902725,-0.02253523,0.1185303,-0.12677,0.9848175,0.1185303,-0.12677,0.9848175,4.600769,4.600769,True,True,True
1687717,63779589570734,-13.53033,2.600715,-0.08818579,-0.03230899,0.992716,0.0463599,-0.1064043,0.005721482,0.002367386,-0.0236527,0.1210022,-0.13237,0.9837799,0.0304256,0.001904877,-0.02253529,0.0304256,0.001904877,-0.02253529,0.1176147,-0.1268921,0.9849091,0.1176147,-0.1268921,0.9849091,4.602509,4.602509,True,True,True
1687726,63779589570745,-13.53041,2.600578,-0.08839846,-0.03216072,0.9927384,0.04587558,-0.10645,0.005688858,0.002371399,-0.02365534,0.1208496,-0.1313477,0.9839325,0.03042681,0.001907974,-0.02253748,0.03042681,0.001907974,-0.02253748,0.1175995,-0.1246948,0.985199,0.1175995,-0.1246948,0.985199,4.609772,4.609772,True,True,True
1687734,63779589570745,-13.53041,2.600578,-0.08839846,-0.03216072,0.9927384,0.04587558,-0.10645,0.005570496,0.002375977,-0.02366202,0.1208191,-0.1299591,0.9841156,0.030428,0.001911087,-0.02253964,0.030428,0.001911087,-0.02253964,0.1174927,-0.1225739,0.9854736,0.1174927,-0.1225739,0.9854736,4.604462,4.604462,True,True,True
1687742,63779589570768,-13.53045,2.600382,-0.08859837,-0.03213806,0.9927498,0.04555219,-0.1064899,0.005230866,0.002386276,-0.02368396,0.120224,-0.1301575,0.9841614,0.03042803,0.001917053,-0.02255121,0.03042803,0.001917053,-0.02255121,0.1168213,-0.1231689,0.9854736,0.1168213,-0.1231689,0.9854736,4.60968,4.60968,True,True,True
1687751,63779589570773,-13.53056,2.60025,-0.08876181,-0.03218465,0.9927607,0.04523879,-0.1065078,0.005635651,0.002382477,-0.02367249,0.119812,-0.1303406,0.9841919,0.03042804,0.001923004,-0.02256278,0.03042804,0.001923004,-0.02256278,0.1161499,-0.1237793,0.9854736,0.1161499,-0.1237793,0.9854736,4.615341,4.615341,True,True,True
1687759,63779589570784,-13.53063,2.599985,-0.08920753,-0.03227634,0.9927881,0.04415303,-0.1066798,0.006049118,0.002386856,-0.02365637,0.1194763,-0.1330566,0.9838715,0.03042825,0.001943192,-0.02256674,0.03042825,0.001943192,-0.02256674,0.1161194,-0.1286469,0.9848633,0.1161194,-0.1286469,0.9848633,4.617279,4.617279,True,True,True
1687767,63779589570784,-13.53063,2.599985,-0.08920753,-0.03227634,0.9927881,0.04415303,-0.1066798,0.007162109,0.002389267,-0.02362503,0.1182709,-0.1316223,0.9842072,0.0304333,0.00194339,-0.02256674,0.0304333,0.00194339,-0.02256674,0.1168976,-0.1279602,0.9848633,0.1168976,-0.1279602,0.9848633,4.61969,4.61969,True,True,True
1687776,63779589570796,-13.53062,2.599871,-0.08943635,-0.03223591,0.9928156,0.04352113,-0.1066961,0.008487031,0.002371368,-0.02356746,0.1165314,-0.1326752,0.9842682,0.030435,0.001947937,-0.02256674,0.030435,0.001947937,-0.02256674,0.1169586,-0.1272278,0.9849396,0.1169586,-0.1272278,0.9849396,4.62973,4.62973,True,True,True
1687784,63779589570807,-13.53062,2.599756,-0.08963776,-0.03246817,0.9928423,0.04291177,-0.106624,0.009684525,0.002351395,-0.02351555,0.1171875,-0.1323395,0.9842377,0.03043715,0.001948959,-0.02256674,0.03043715,0.001948959,-0.02256674,0.117157,-0.1274109,0.9848938,0.117157,-0.1274109,0.9848938,4.629654,4.629654,True,True,True
1687792,63779589570818,-13.53061,2.599673,-0.08980095,-0.03252507,0.9928638,0.04218452,-0.1066962,0.01081339,0.00233316,-0.02346649,0.1152954,-0.1319427,0.9845123,0.03043878,0.001950958,-0.02256674,0.03043878,0.001950958,-0.02256674,0.1146545,-0.1274109,0.9851837,0.1146545,-0.1274109,0.9851837,4.629501,4.629501,True,True,True
1687801,63779589570818,-13.53061,2.599673,-0.08980095,-0.03252507,0.9928638,0.04218452,-0.1066962,0.01157407,0.002319901,-0.02343137,0.1158752,-0.1293488,0.9848022,0.03044205,0.001951584,-0.02256674,0.03044205,0.001951584,-0.02256674,0.1150665,-0.1235657,0.9856262,0.1150665,-0.1235657,0.9856262,4.632645,4.632645,True,True,True
1687809,63779589570829,-13.53061,2.599577,-0.08995759,-0.03272178,0.9929023,0.04127948,-0.1066324,0.01206264,0.002319107,-0.02341269,0.1182556,-0.1270294,0.9848175,0.03044475,0.001951584,-0.02256674,0.03044475,0.001951584,-0.02256674,0.1157837,-0.1202393,0.9859619,0.1157837,-0.1202393,0.9859619,4.634079,4.634079,True,True,True
1687817,63779589570841,-13.53055,2.599442,-0.09016401,-0.03279974,0.9929286,0.04035261,-0.1067179,0.0120253,0.002323761,-0.02341681,0.1167145,-0.1227722,0.9855347,0.03044505,0.001951584,-0.02256674,0.03044505,0.001951584,-0.02256674,0.1146698,-0.1172333,0.9864502,0.1146698,-0.1172333,0.9864502,4.638504,4.638504,True,True,True
1687826,63779589570851,-13.53053,2.599256,-0.09030002,-0.03293654,0.9929549,0.03936854,-0.1067988,0.01056256,0.002350266,-0.02345325,0.1155853,-0.1213684,0.9858398,0.03044991,0.001951584,-0.02253285,0.03044991,0.001951584,-0.02253285,0.1140289,-0.115448,0.9867401,0.1140289,-0.115448,0.9867401,4.640671,4.640671,True,True,True
1687834,63779589570851,-13.53053,2.599256,-0.09030002,-0.03293654,0.9929549,0.03936854,-0.1067988,0.008306168,0.002392868,-0.023517,0.1140137,-0.120575,0.9861298,0.03045195,0.001951584,-0.02248128,0.03045195,0.001951584,-0.02248128,0.114624,-0.1156311,0.9866486,0.114624,-0.1156311,0.9866486,4.64325,4.64325,True,True,True
1687842,63779589570863,-13.53058,2.59912,-0.0903908,-0.03292457,0.9929862,0.03832438,-0.1068904,0.003979187,0.002478394,-0.02369893,0.11586,-0.1222229,0.9857025,0.03045297,0.001951584,-0.02244878,0.03045297,0.001951584,-0.02244878,0.1138153,-0.1172333,0.986557,0.1138153,-0.1172333,0.986557,4.659866,4.659866,True,True,True
1687851,63779589570874,-13.53057,2.598884,-0.0904333,-0.03295695,0.9930067,0.03729643,-0.1070536,0.001661072,0.002524429,-0.02380258,0.1169128,-0.1225128,0.9855499,0.03045401,0.00195285,-0.02244309,0.03045401,0.00195285,-0.02244309,0.1123657,-0.1172485,0.9867096,0.1123657,-0.1172485,0.9867096,4.643753,4.643753,True,True,True
1687859,63779589570885,-13.53056,2.598714,-0.09052342,-0.03297542,0.9930182,0.0363875,-0.1072537,-0.000214325,0.002560776,-0.02388416,0.1151581,-0.1230469,0.9856873,0.03045478,0.00195285,-0.02243333,0.03045478,0.00195285,-0.02243333,0.1114044,-0.1176147,0.9867859,0.1114044,-0.1176147,0.9867859,4.643921,4.643921,True,True,True
1687867,63779589570885,-13.53056,2.598714,-0.09052342,-0.03297542,0.9930182,0.0363875,-0.1072537,-0.00263089,0.002609711,-0.02397833,0.1142731,-0.1243286,0.9856262,0.03046181,0.00195285,-0.02238017,0.03046181,0.00195285,-0.02238017,0.1126862,-0.1196594,0.9863892,0.1126862,-0.1196594,0.9863892,4.645294,4.645294,True,True,True
1687876,63779589570896,-13.53051,2.598456,-0.09060377,-0.03308355,0.9930307,0.035397,-0.1074359,-0.004128632,0.002639588,-0.02404192,0.114502,-0.1238251,0.985672,0.03046306,0.001950958,-0.02235393,0.03046306,0.001950958,-0.02235393,0.1131592,-0.1180573,0.9865265,0.1131592,-0.1180573,0.9865265,4.66304,4.66304,True,True,True
1687884,63779589570907,-13.53049,2.598268,-0.09064662,-0.03300908,0.9930414,0.03440903,-0.1076811,-0.004351899,0.002662262,-0.02406276,0.1130066,-0.1231995,0.9859161,0.03046306,0.001950958,-0.02235393,0.03046306,0.001950958,-0.02235393,0.1131439,-0.1115112,0.9872894,0.1131439,-0.1115112,0.9872894,4.665192,4.665192,True,True,True
1687892,63779589570918,-13.53041,2.598072,-0.09074277,-0.03302001,0.9930328,0.03346355,-0.108055,-0.004556565,0.002664429,-0.02404378,0.1157837,-0.1205597,0.9859161,0.03046538,0.001950958,-0.02232019,0.03046538,0.001950958,-0.02232019,0.1137848,-0.1121674,0.9871368,0.1137848,-0.1121674,0.9871368,4.671646,4.671646,True,True,True
1687901,63779589570918,-13.53041,2.598072,-0.09074277,-0.03302001,0.9930328,0.03346355,-0.108055,-0.005522049,0.002690674,-0.02408759,0.11763,-0.116684,0.9861755,0.0304657,0.001950958,-0.02229677,0.0304657,0.001950958,-0.02229677,0.1133575,-0.1082916,0.9876251,0.1133575,-0.1082916,0.9876251,4.673691,4.673691,True,True,True
1687909,63779589570929,-13.53038,2.597917,-0.09072691,-0.03312203,0.9930394,0.03248198,-0.108262,-0.00204837,0.002642777,-0.02396477,0.1166382,-0.1150665,0.9864807,0.03046604,0.001955094,-0.02229035,0.03046604,0.001955094,-0.02229035,0.1131439,-0.1062164,0.9878693,0.1131439,-0.1062164,0.9878693,4.675888,4.675888,True,True,True
1687917,63779589570940,-13.53035,2.597807,-0.09077579,-0.03311057,0.9930291,0.0316899,-0.1085935,0.005582947,0.002504715,-0.0236093,0.1151428,-0.1140289,0.9867706,0.03046613,0.001964523,-0.02229035,0.03046613,0.001964523,-0.02229035,0.1132202,-0.1048279,0.9880219,0.1132202,-0.1048279,0.9880219,4.685715,4.685715,True,True,True
