version https://git-lfs.github.com/spec/v1
oid sha256:8d1c5cd20ebc558e9c407d66d230a550bbf8b7a55320748d70b216ad5de35796
size 2329359
