OcutimeStamp,UnityTimeStamp,LeftCollide,RightCollide
4079066710,63784847956304,None,None
4079075041,63784847956316,None,None
4079083373,63784847956326,None,None
4079100036,63784847956338,None,None
4079108367,63784847956349,None,None
4079116699,63784847956360,None,None
4079133362,63784847956371,None,None
4079141693,63784847956382,None,None
4079150025,63784847956394,None,None
4079166688,63784847956405,None,None
4079175019,63784847956416,None,None
4079191683,63784847956427,None,None
4079200014,63784847956437,None,None
4079208346,63784847956449,None,None
4079225009,63784847956460,None,None
4079233340,63784847956472,None,None
4079241672,63784847956482,None,None
4079258335,63784847956494,None,None
4079266666,63784847956505,None,None
4079274998,63784847956516,None,None
4079283329,63784847956527,None,None
4079299992,63784847956539,None,None
4079308324,63784847956550,None,None
4079324987,63784847956561,None,None
4079333318,63784847956573,None,None
4079341650,63784847956584,None,None
4079358313,63784847956595,None,None
4079366645,63784847956606,None,None
4079374976,63784847956618,None,None
4079391639,63784847956628,None,None
4079399971,63784847956639,None,None
4079408302,63784847956650,None,None
4079424965,63784847956661,None,None
4079433297,63784847956673,None,None
4079441628,63784847956684,None,None
4079458291,63784847956696,None,None
4079466623,63784847956705,None,None
4079474954,63784847956717,None,None
4079491617,63784847956729,None,None
4079499949,63784847956739,None,None
4079508280,63784847956750,None,None
4079524944,63784847956761,None,None
4079533275,63784847956773,None,None
4079541607,63784847956784,None,None
4079558270,63784847956795,None,None
4079566601,63784847956806,None,None
4079574933,63784847956818,None,None
4079591596,63784847956829,None,None
4079599927,63784847956840,None,None
4079608259,63784847956851,None,None
4079624922,63784847956862,None,None
4079633253,63784847956874,None,None
4079641585,63784847956885,None,None
4079658248,63784847956896,None,None
4079666579,63784847956907,None,None
4079674911,63784847956918,None,None
4079691574,63784847956929,None,None
4079699906,63784847956941,None,None
4079708237,63784847956952,None,None
4079724900,63784847956963,None,None
4079733232,63784847956974,None,None
4079749895,63784847956986,None,None
4079758226,63784847956996,None,None
4079766558,63784847957008,None,None
4079774889,63784847957019,None,None
4079791552,63784847957031,None,None
4079799884,63784847957042,None,None
4079808215,63784847957052,None,None
4079824878,63784847957064,None,None
4079833210,63784847957075,None,None
4079849873,63784847957086,None,None
4079858205,63784847957096,None,None
4079866536,63784847957108,None,None
4079883199,63784847957119,None,None
4079891531,63784847957130,None,None
4079899862,63784847957141,None,None
4079916525,63784847957153,None,None
4079924857,63784847957165,None,None
4079933188,63784847957175,None,None
4079949851,63784847957187,None,None
4079958183,63784847957197,None,None
4079966514,63784847957209,None,None
4079983177,63784847957220,None,None
4079991509,63784847957231,None,None
4079999840,63784847957242,None,None
4080016503,63784847957253,None,None
4080024835,63784847957264,None,None
4080033167,63784847957277,None,None
4080049830,63784847957287,None,None
4080058161,63784847957298,None,None
4080066493,63784847957309,None,None
4080083156,63784847957321,None,None
4080091487,63784847957331,None,None
4080099819,63784847957343,None,None
4080116482,63784847957354,None,None
4080124813,63784847957365,None,None
4080133145,63784847957376,None,None
4080149808,63784847957388,None,None
4080158139,63784847957398,None,None
4080166471,63784847957410,None,None
4080183134,63784847957421,None,None
4080191466,63784847957432,None,None
4080199797,63784847957443,None,None
4080216460,63784847957455,None,None
4080224792,63784847957466,None,None
4080233123,63784847957477,None,None
4080249786,63784847957488,None,None
4080258118,63784847957499,None,None
4080266449,63784847957511,None,None
4080283112,63784847957522,None,None
4080291444,63784847957533,None,None
4080299775,63784847957544,None,None
4080316438,63784847957555,None,None
4080324770,63784847957566,None,None
4080341433,63784847957578,None,None
4080349764,63784847957589,None,None
4080358096,63784847957600,None,None
4080374759,63784847957611,None,None
4080374759,63784847957623,None,None
4080374759,63784847957632,None,None
4080374759,63784847957644,None,None
4080374759,63784847957655,None,None
4080374759,63784847957667,None,None
4080374759,63784847957677,None,None
4080374759,63784847957689,None,None
4080374759,63784847957700,None,None
4080374759,63784847957711,None,None
4080483069,63784847957723,None,None
4080491400,63784847957734,None,None
4080508063,63784847957746,None,None
4080516395,63784847957757,None,None
4080524727,63784847957768,None,None
4080541390,63784847957779,None,None
4080549721,63784847957790,None,None
4080558053,63784847957801,None,None
4080574716,63784847957812,None,None
4080583047,63784847957824,None,None
4080591379,63784847957834,None,None
4080608042,63784847957845,None,None
4080616373,63784847957857,None,None
4080624705,63784847957868,None,None
4080641368,63784847957879,None,None
4080649699,63784847957890,None,None
4080658031,63784847957901,None,None
4080674694,63784847957912,None,None
4080683025,63784847957924,None,None
4080699689,63784847957935,None,None
4080708020,63784847957946,99_Bahnsteig_PF,99_Bahnsteig_PF
4080716352,63784847957957,None,99_Bahnsteig_PF
4080733015,63784847957968,99_Bahnsteig_PF,None
4080741346,63784847957980,None,None
4080749678,63784847957991,None,None
4080766341,63784847958002,None,None
4080774672,63784847958013,None,None
4080783004,63784847958025,None,None
4080799667,63784847958035,None,99_Bahnsteig_PF
4080807998,63784847958046,None,99_Bahnsteig_PF
4080816330,63784847958057,None,99_Bahnsteig_PF
4080832993,63784847958068,None,99_Bahnsteig_PF
4080841324,63784847958080,99_Bahnsteig_PF,None
4080849656,63784847958091,99_Bahnsteig_PF,99_Bahnsteig_PF
4080866319,63784847958102,99_Bahnsteig_PF,99_Bahnsteig_PF
4080874651,63784847958113,99_Bahnsteig_PF,99_Bahnsteig_PF
4080882982,63784847958125,99_Bahnsteig_PF,99_Bahnsteig_PF
4080899645,63784847958136,99_Bahnsteig_PF,99_Bahnsteig_PF
4080907977,63784847958147,99_Bahnsteig_PF,99_Bahnsteig_PF
4080916308,63784847958158,99_Bahnsteig_PF,99_Bahnsteig_PF
4080932971,63784847958169,99_Bahnsteig_PF,99_Bahnsteig_PF
4080941303,63784847958181,99_Bahnsteig_PF,99_Bahnsteig_PF
4080949634,63784847958192,99_Bahnsteig_PF,99_Bahnsteig_PF
4080966297,63784847958203,99_Bahnsteig_PF,99_Bahnsteig_PF
4080974629,63784847958214,99_Bahnsteig_PF,99_Bahnsteig_PF
4080982960,63784847958226,99_Bahnsteig_PF,99_Bahnsteig_PF
4080999623,63784847958237,99_Bahnsteig_PF,99_Bahnsteig_PF
4081007955,63784847958248,99_Bahnsteig_PF,99_Bahnsteig_PF
4081016286,63784847958260,99_Bahnsteig_PF,99_Bahnsteig_PF
4081032950,63784847958270,99_Bahnsteig_PF,99_Bahnsteig_PF
4081041281,63784847958281,99_Bahnsteig_PF,99_Bahnsteig_PF
4081049613,63784847958292,99_Bahnsteig_PF,99_Bahnsteig_PF
4081066276,63784847958303,99_Bahnsteig_PF,99_Bahnsteig_PF
4081074607,63784847958314,None,99_Bahnsteig_PF
4081082939,63784847958326,99_Bahnsteig_PF,99_Bahnsteig_PF
4081099602,63784847958336,99_Bahnsteig_PF,99_Bahnsteig_PF
4081107933,63784847958348,99_Bahnsteig_PF,99_Bahnsteig_PF
4081116265,63784847958359,99_Bahnsteig_PF,99_Bahnsteig_PF
4081132928,63784847958370,99_Bahnsteig_PF,99_Bahnsteig_PF
4081141259,63784847958381,99_Bahnsteig_PF,99_Bahnsteig_PF
4081149591,63784847958392,99_Bahnsteig_PF,99_Bahnsteig_PF
4081166254,63784847958403,99_Bahnsteig_PF,99_Bahnsteig_PF
4081174585,63784847958415,99_Bahnsteig_PF,99_Bahnsteig_PF
4081191249,63784847958426,99_Bahnsteig_PF,99_Bahnsteig_PF
4081199580,63784847958437,99_Bahnsteig_PF,99_Bahnsteig_PF
4081207912,63784847958449,99_Bahnsteig_PF,99_Bahnsteig_PF
4081224575,63784847958460,99_Bahnsteig_PF,99_Bahnsteig_PF
4081232906,63784847958471,99_Bahnsteig_PF,99_Bahnsteig_PF
4081241238,63784847958482,99_Bahnsteig_PF,99_Bahnsteig_PF
4081257901,63784847958493,99_Bahnsteig_PF,99_Bahnsteig_PF
4081266232,63784847958505,99_Bahnsteig_PF,99_Bahnsteig_PF
4081274564,63784847958516,99_Bahnsteig_PF,99_Bahnsteig_PF
4081291227,63784847958527,99_Bahnsteig_PF,99_Bahnsteig_PF
4081299558,63784847958537,99_Bahnsteig_PF,99_Bahnsteig_PF
4081307890,63784847958549,99_Bahnsteig_PF,99_Bahnsteig_PF
4081324553,63784847958560,99_Bahnsteig_PF,99_Bahnsteig_PF
4081332884,63784847958571,99_Bahnsteig_PF,99_Bahnsteig_PF
4081341216,63784847958582,99_Bahnsteig_PF,99_Bahnsteig_PF
4081357879,63784847958594,99_Bahnsteig_PF,99_Bahnsteig_PF
4081366211,63784847958605,99_Bahnsteig_PF,99_Bahnsteig_PF
4081374542,63784847958616,99_Bahnsteig_PF,99_Bahnsteig_PF
4081391205,63784847958629,99_Bahnsteig_PF,99_Bahnsteig_PF
4081399537,63784847958638,99_Bahnsteig_PF,99_Bahnsteig_PF
4081407868,63784847958649,99_Bahnsteig_PF,99_Bahnsteig_PF
4081424531,63784847958661,99_Bahnsteig_PF,99_Bahnsteig_PF
4081432863,63784847958672,None,None
4081449526,63784847958683,None,None
4081457857,63784847958694,None,None
4081466189,63784847958706,None,None
4081482852,63784847958717,None,None
4081491183,63784847958728,None,None
4081499515,63784847958739,None,None
4081516178,63784847958751,None,None
4081524510,63784847958762,None,None
4081532841,63784847958772,None,None
4081549504,63784847958784,None,None
4081557836,63784847958796,None,None
4081566167,63784847958807,None,99_Bahnsteig_PF
4081574499,63784847958817,99_Bahnsteig_PF,None
4081591162,63784847958829,99_Bahnsteig_PF,99_Bahnsteig_PF
4081599493,63784847958840,99_Bahnsteig_PF,99_Bahnsteig_PF
4081616156,63784847958860,None,99_Bahnsteig_PF
4081624488,63784847958866,99_Bahnsteig_PF,99_Bahnsteig_PF
4081632819,63784847958872,99_Bahnsteig_PF,99_Bahnsteig_PF
4081641151,63784847958881,99_Bahnsteig_PF,99_Bahnsteig_PF
4081649482,63784847958892,99_Bahnsteig_PF,99_Bahnsteig_PF
4081666145,63784847958903,99_Bahnsteig_PF,99_Bahnsteig_PF
4081674477,63784847958914,99_Bahnsteig_PF,99_Bahnsteig_PF
4081682808,63784847958925,99_Bahnsteig_PF,99_Bahnsteig_PF
4081699472,63784847958936,99_Bahnsteig_PF,99_Bahnsteig_PF
4081707803,63784847958947,99_Bahnsteig_PF,99_Bahnsteig_PF
4081716135,63784847958958,99_Bahnsteig_PF,99_Bahnsteig_PF
4081732798,63784847958970,99_Bahnsteig_PF,99_Bahnsteig_PF
4081741129,63784847958981,99_Bahnsteig_PF,99_Bahnsteig_PF
4081749461,63784847958992,99_Bahnsteig_PF,99_Bahnsteig_PF
4081766124,63784847959004,99_Bahnsteig_PF,99_Bahnsteig_PF
4081774455,63784847959015,99_Bahnsteig_PF,99_Bahnsteig_PF
4081782787,63784847959026,99_Bahnsteig_PF,99_Bahnsteig_PF
4081799450,63784847959037,99_Bahnsteig_PF,99_Bahnsteig_PF
4081807781,63784847959048,99_Bahnsteig_PF,99_Bahnsteig_PF
4081816113,63784847959059,99_Bahnsteig_PF,99_Bahnsteig_PF
4081832776,63784847959071,99_Bahnsteig_PF,99_Bahnsteig_PF
4081841107,63784847959082,99_Bahnsteig_PF,99_Bahnsteig_PF
4081857771,63784847959094,99_Bahnsteig_PF,99_Bahnsteig_PF
4081866102,63784847959104,99_Bahnsteig_PF,99_Bahnsteig_PF
4081874434,63784847959116,99_Bahnsteig_PF,99_Bahnsteig_PF
4081891097,63784847959127,99_Bahnsteig_PF,99_Bahnsteig_PF
4081899428,63784847959138,99_Bahnsteig_PF,99_Bahnsteig_PF
4081907760,63784847959149,99_Bahnsteig_PF,99_Bahnsteig_PF
4081924423,63784847959160,99_Bahnsteig_PF,99_Bahnsteig_PF
4081932754,63784847959171,99_Bahnsteig_PF,99_Bahnsteig_PF
4081941086,63784847959182,99_Bahnsteig_PF,99_Bahnsteig_PF
4081957749,63784847959194,99_Bahnsteig_PF,99_Bahnsteig_PF
4081966080,63784847959205,99_Bahnsteig_PF,99_Bahnsteig_PF
4081974412,63784847959216,99_Bahnsteig_PF,99_Bahnsteig_PF
4081991075,63784847959228,99_Bahnsteig_PF,99_Bahnsteig_PF
4081999406,63784847959239,99_Bahnsteig_PF,99_Bahnsteig_PF
4082007738,63784847959250,99_Bahnsteig_PF,99_Bahnsteig_PF
4082024401,63784847959262,99_Bahnsteig_PF,99_Bahnsteig_PF
4082032733,63784847959273,99_Bahnsteig_PF,99_Bahnsteig_PF
4082041064,63784847959284,99_Bahnsteig_PF,99_Bahnsteig_PF
4082057727,63784847959295,99_Bahnsteig_PF,99_Bahnsteig_PF
4082066059,63784847959306,99_Bahnsteig_PF,99_Bahnsteig_PF
4082082722,63784847959318,99_Bahnsteig_PF,99_Bahnsteig_PF
4082091053,63784847959329,99_Bahnsteig_PF,99_Bahnsteig_PF
4082099385,63784847959341,99_Bahnsteig_PF,99_Bahnsteig_PF
4082116048,63784847959352,99_Bahnsteig_PF,99_Bahnsteig_PF
4082124379,63784847959363,99_Bahnsteig_PF,99_Bahnsteig_PF
4082132711,63784847959374,99_Bahnsteig_PF,99_Bahnsteig_PF
4082149374,63784847959387,99_Bahnsteig_PF,99_Bahnsteig_PF
4082157705,63784847959398,99_Bahnsteig_PF,99_Bahnsteig_PF
4082166037,63784847959409,99_Bahnsteig_PF,99_Bahnsteig_PF
4082182700,63784847959420,99_Bahnsteig_PF,99_Bahnsteig_PF
4082191032,63784847959431,99_Bahnsteig_PF,99_Bahnsteig_PF
4082199363,63784847959442,99_Bahnsteig_PF,99_Bahnsteig_PF
4082216026,63784847959454,99_Bahnsteig_PF,99_Bahnsteig_PF
4082224358,63784847959465,99_Bahnsteig_PF,99_Bahnsteig_PF
4082232689,63784847959476,99_Bahnsteig_PF,99_Bahnsteig_PF
4082249352,63784847959487,99_Bahnsteig_PF,99_Bahnsteig_PF
4082257684,63784847959499,99_Bahnsteig_PF,99_Bahnsteig_PF
4082266015,63784847959510,99_Bahnsteig_PF,99_Bahnsteig_PF
4082282678,63784847959521,99_Bahnsteig_PF,99_Bahnsteig_PF
4082291010,63784847959532,99_Bahnsteig_PF,99_Bahnsteig_PF
4082307673,63784847959544,99_Bahnsteig_PF,99_Bahnsteig_PF
4082316004,63784847959555,99_Bahnsteig_PF,99_Bahnsteig_PF
4082324336,63784847959566,99_Bahnsteig_PF,99_Bahnsteig_PF
4082340999,63784847959577,99_Bahnsteig_PF,99_Bahnsteig_PF
4082349330,63784847959589,99_Bahnsteig_PF,99_Bahnsteig_PF
4082357662,63784847959599,99_Bahnsteig_PF,99_Bahnsteig_PF
4082374325,63784847959611,99_Bahnsteig_PF,99_Bahnsteig_PF
4082374325,63784847959621,99_Bahnsteig_PF,99_Bahnsteig_PF
4082374325,63784847959634,99_Bahnsteig_PF,99_Bahnsteig_PF
4082374325,63784847959643,99_Bahnsteig_PF,99_Bahnsteig_PF
4082374325,63784847959655,99_Bahnsteig_PF,99_Bahnsteig_PF
4082374325,63784847959666,99_Bahnsteig_PF,99_Bahnsteig_PF
4082374325,63784847959677,99_Bahnsteig_PF,99_Bahnsteig_PF
4082374325,63784847959688,99_Bahnsteig_PF,99_Bahnsteig_PF
4082374325,63784847959700,99_Bahnsteig_PF,99_Bahnsteig_PF
4082374325,63784847959710,99_Bahnsteig_PF,99_Bahnsteig_PF
4082482635,63784847959722,99_Bahnsteig_PF,99_Bahnsteig_PF
4082490966,63784847959733,99_Bahnsteig_PF,99_Bahnsteig_PF
4082507629,63784847959745,99_Bahnsteig_PF,99_Bahnsteig_PF
4082515961,63784847959756,99_Bahnsteig_PF,99_Bahnsteig_PF
4082524293,63784847959766,99_Bahnsteig_PF,99_Bahnsteig_PF
4082540956,63784847959777,99_Bahnsteig_PF,99_Bahnsteig_PF
4082549287,63784847959789,99_Bahnsteig_PF,99_Bahnsteig_PF
4082557619,63784847959800,99_Bahnsteig_PF,99_Bahnsteig_PF
4082574282,63784847959811,99_Bahnsteig_PF,99_Bahnsteig_PF
4082582613,63784847959822,99_Bahnsteig_PF,99_Bahnsteig_PF
4082590945,63784847959833,99_Bahnsteig_PF,99_Bahnsteig_PF
4082607608,63784847959845,99_Bahnsteig_PF,99_Bahnsteig_PF
4082615939,63784847959856,99_Bahnsteig_PF,99_Bahnsteig_PF
4082624271,63784847959867,99_Bahnsteig_PF,99_Bahnsteig_PF
4082640934,63784847959878,99_Bahnsteig_PF,99_Bahnsteig_PF
4082649265,63784847959890,99_Bahnsteig_PF,99_Bahnsteig_PF
4082665928,63784847959901,99_Bahnsteig_PF,99_Bahnsteig_PF
4082674260,63784847959912,99_Bahnsteig_PF,99_Bahnsteig_PF
4082682591,63784847959923,99_Bahnsteig_PF,99_Bahnsteig_PF
4082699255,63784847959935,99_Bahnsteig_PF,99_Bahnsteig_PF
4082707586,63784847959945,99_Bahnsteig_PF,99_Bahnsteig_PF
4082715918,63784847959956,99_Bahnsteig_PF,99_Bahnsteig_PF
4082732581,63784847959968,99_Bahnsteig_PF,99_Bahnsteig_PF
4082740912,63784847959979,99_Bahnsteig_PF,99_Bahnsteig_PF
4082749244,63784847959990,99_Bahnsteig_PF,99_Bahnsteig_PF
4082757575,63784847960001,99_Bahnsteig_PF,99_Bahnsteig_PF
4082774238,63784847960013,99_Bahnsteig_PF,99_Bahnsteig_PF
4082782570,63784847960024,99_Bahnsteig_PF,99_Bahnsteig_PF
4082790901,63784847960035,99_Bahnsteig_PF,99_Bahnsteig_PF
4082807564,63784847960046,99_Bahnsteig_PF,99_Bahnsteig_PF
4082815896,63784847960057,99_Bahnsteig_PF,99_Bahnsteig_PF
4082832559,63784847960068,99_Bahnsteig_PF,99_Bahnsteig_PF
4082840890,63784847960080,99_Bahnsteig_PF,99_Bahnsteig_PF
4082849222,63784847960091,99_Bahnsteig_PF,99_Bahnsteig_PF
4082865885,63784847960102,99_Bahnsteig_PF,99_Bahnsteig_PF
4082874217,63784847960113,99_Bahnsteig_PF,99_Bahnsteig_PF
4082882548,63784847960124,99_Bahnsteig_PF,99_Bahnsteig_PF
4082899211,63784847960135,99_Bahnsteig_PF,99_Bahnsteig_PF
4082907543,63784847960146,99_Bahnsteig_PF,99_Bahnsteig_PF
4082915874,63784847960157,99_Bahnsteig_PF,99_Bahnsteig_PF
4082932537,63784847960168,99_Bahnsteig_PF,99_Bahnsteig_PF
4082940869,63784847960179,99_Bahnsteig_PF,99_Bahnsteig_PF
4082949200,63784847960191,99_Bahnsteig_PF,99_Bahnsteig_PF
4082965863,63784847960202,99_Bahnsteig_PF,99_Bahnsteig_PF
4082974195,63784847960213,99_Bahnsteig_PF,99_Bahnsteig_PF
4082982526,63784847960224,99_Bahnsteig_PF,99_Bahnsteig_PF
4082999189,63784847960235,99_Bahnsteig_PF,99_Bahnsteig_PF
4083007521,63784847960247,99_Bahnsteig_PF,99_Bahnsteig_PF
4083015852,63784847960258,99_Bahnsteig_PF,99_Bahnsteig_PF
4083032516,63784847960269,99_Bahnsteig_PF,99_Bahnsteig_PF
4083040847,63784847960281,99_Bahnsteig_PF,99_Bahnsteig_PF
4083049179,63784847960292,99_Bahnsteig_PF,99_Bahnsteig_PF
4083065842,63784847960303,99_Bahnsteig_PF,99_Bahnsteig_PF
4083074173,63784847960315,99_Bahnsteig_PF,99_Bahnsteig_PF
4083082505,63784847960325,99_Bahnsteig_PF,99_Bahnsteig_PF
4083099168,63784847960337,99_Bahnsteig_PF,99_Bahnsteig_PF
4083107499,63784847960348,99_Bahnsteig_PF,99_Bahnsteig_PF
4083115831,63784847960359,99_Bahnsteig_PF,99_Bahnsteig_PF
4083132494,63784847960370,99_Bahnsteig_PF,99_Bahnsteig_PF
4083140825,63784847960381,99_Bahnsteig_PF,99_Bahnsteig_PF
4083157488,63784847960392,None,None
4083165820,63784847960403,None,None
4083174151,63784847960415,None,None
4083190815,63784847960426,None,None
4083199146,63784847960437,None,None
4083207478,63784847960448,None,None
4083224141,63784847960460,None,None
4083232472,63784847960470,None,None
4083249135,63784847960482,None,None
4083257467,63784847960492,None,None
4083265798,63784847960503,None,None
4083274130,63784847960514,None,None
4083290793,63784847960526,None,None
4083299124,63784847960537,None,None
4083307456,63784847960548,None,None
4083324119,63784847960559,None,None
4083332450,63784847960570,None,None
4083340782,63784847960582,99_Bahnsteig_PF,99_Bahnsteig_PF
4083357445,63784847960593,99_Bahnsteig_PF,None
4083365777,63784847960604,99_Bahnsteig_PF,None
4083374108,63784847960615,99_Bahnsteig_PF,99_Bahnsteig_PF
4083390771,63784847960627,99_Bahnsteig_PF,None
4083399103,63784847960640,99_Bahnsteig_PF,99_Bahnsteig_PF
4083407434,63784847960649,99_Bahnsteig_PF,99_Bahnsteig_PF
4083424097,63784847960660,99_Bahnsteig_PF,99_Bahnsteig_PF
4083432429,63784847960671,99_Bahnsteig_PF,99_Bahnsteig_PF
4083440760,63784847960683,99_Bahnsteig_PF,99_Bahnsteig_PF
4083457423,63784847960693,99_Bahnsteig_PF,99_Bahnsteig_PF
4083465755,63784847960704,99_Bahnsteig_PF,99_Bahnsteig_PF
4083474086,63784847960716,99_Bahnsteig_PF,99_Bahnsteig_PF
4083490749,63784847960727,99_Bahnsteig_PF,99_Bahnsteig_PF
4083499081,63784847960739,99_Bahnsteig_PF,99_Bahnsteig_PF
4083507412,63784847960749,99_Bahnsteig_PF,99_Bahnsteig_PF
4083524076,63784847960760,99_Bahnsteig_PF,99_Bahnsteig_PF
4083532407,63784847960771,99_Bahnsteig_PF,99_Bahnsteig_PF
4083540739,63784847960783,99_Bahnsteig_PF,99_Bahnsteig_PF
4083557402,63784847960795,99_Bahnsteig_PF,99_Bahnsteig_PF
4083565733,63784847960805,99_Bahnsteig_PF,99_Bahnsteig_PF
4083574065,63784847960817,99_Bahnsteig_PF,99_Bahnsteig_PF
4083590728,63784847960827,99_Bahnsteig_PF,99_Bahnsteig_PF
4083599059,63784847960839,99_Bahnsteig_PF,99_Bahnsteig_PF
4083607391,63784847960850,99_Bahnsteig_PF,99_Bahnsteig_PF
4083624054,63784847960861,99_Bahnsteig_PF,99_Bahnsteig_PF
4083632385,63784847960872,99_Bahnsteig_PF,99_Bahnsteig_PF
4083640717,63784847960883,99_Bahnsteig_PF,99_Bahnsteig_PF
4083657380,63784847960894,99_Bahnsteig_PF,99_Bahnsteig_PF
4083665711,63784847960906,99_Bahnsteig_PF,99_Bahnsteig_PF
4083674043,63784847960917,99_Bahnsteig_PF,99_Bahnsteig_PF
4083690706,63784847960928,99_Bahnsteig_PF,99_Bahnsteig_PF
4083699038,63784847960939,99_Bahnsteig_PF,99_Bahnsteig_PF
4083715701,63784847960951,99_Bahnsteig_PF,99_Bahnsteig_PF
4083724032,63784847960961,99_Bahnsteig_PF,99_Bahnsteig_PF
4083732364,63784847960973,99_Bahnsteig_PF,99_Bahnsteig_PF
4083740695,63784847960983,99_Bahnsteig_PF,99_Bahnsteig_PF
4083757358,63784847960995,99_Bahnsteig_PF,99_Bahnsteig_PF
4083765690,63784847961006,99_Bahnsteig_PF,99_Bahnsteig_PF
4083782353,63784847961018,99_Bahnsteig_PF,99_Bahnsteig_PF
4083790684,63784847961029,99_Bahnsteig_PF,99_Bahnsteig_PF
4083799016,63784847961040,99_Bahnsteig_PF,99_Bahnsteig_PF
4083815679,63784847961051,99_Bahnsteig_PF,99_Bahnsteig_PF
4083824010,63784847961062,99_Bahnsteig_PF,99_Bahnsteig_PF
4083832342,63784847961073,99_Bahnsteig_PF,99_Bahnsteig_PF
4083849005,63784847961085,99_Bahnsteig_PF,99_Bahnsteig_PF
4083857337,63784847961096,99_Bahnsteig_PF,99_Bahnsteig_PF
4083865668,63784847961108,99_Bahnsteig_PF,99_Bahnsteig_PF
4083882331,63784847961118,99_Bahnsteig_PF,99_Bahnsteig_PF
4083890663,63784847961129,99_Bahnsteig_PF,99_Bahnsteig_PF
4083898994,63784847961141,99_Bahnsteig_PF,99_Bahnsteig_PF
4083915657,63784847961152,99_Bahnsteig_PF,99_Bahnsteig_PF
4083923989,63784847961163,99_Bahnsteig_PF,99_Bahnsteig_PF
4083932320,63784847961174,99_Bahnsteig_PF,99_Bahnsteig_PF
4083948983,63784847961186,99_Bahnsteig_PF,99_Bahnsteig_PF
4083957315,63784847961197,99_Bahnsteig_PF,99_Bahnsteig_PF
4083965646,63784847961208,99_Bahnsteig_PF,99_Bahnsteig_PF
4083982309,63784847961218,99_Bahnsteig_PF,99_Bahnsteig_PF
4083990641,63784847961229,99_Bahnsteig_PF,99_Bahnsteig_PF
4083998972,63784847961240,99_Bahnsteig_PF,99_Bahnsteig_PF
4084015635,63784847961252,99_Bahnsteig_PF,99_Bahnsteig_PF
4084023967,63784847961263,99_Bahnsteig_PF,99_Bahnsteig_PF
4084032299,63784847961274,99_Bahnsteig_PF,99_Bahnsteig_PF
4084048962,63784847961285,99_Bahnsteig_PF,99_Bahnsteig_PF
4084057293,63784847961296,99_Bahnsteig_PF,99_Bahnsteig_PF
4084065625,63784847961308,99_Bahnsteig_PF,99_Bahnsteig_PF
4084082288,63784847961319,99_Bahnsteig_PF,99_Bahnsteig_PF
4084090619,63784847961331,99_Bahnsteig_PF,99_Bahnsteig_PF
4084098951,63784847961341,99_Bahnsteig_PF,99_Bahnsteig_PF
4084115614,63784847961352,99_Bahnsteig_PF,99_Bahnsteig_PF
4084123945,63784847961364,99_Bahnsteig_PF,99_Bahnsteig_PF
4084132277,63784847961375,99_Bahnsteig_PF,99_Bahnsteig_PF
4084148940,63784847961386,99_Bahnsteig_PF,99_Bahnsteig_PF
4084157271,63784847961397,99_Bahnsteig_PF,99_Bahnsteig_PF
4084165603,63784847961408,99_Bahnsteig_PF,99_Bahnsteig_PF
4084182266,63784847961420,99_Bahnsteig_PF,99_Bahnsteig_PF
4084190598,63784847961431,99_Bahnsteig_PF,99_Bahnsteig_PF
4084198929,63784847961442,99_Bahnsteig_PF,99_Bahnsteig_PF
4084215592,63784847961453,99_Bahnsteig_PF,99_Bahnsteig_PF
4084223924,63784847961465,99_Bahnsteig_PF,99_Bahnsteig_PF
4084232255,63784847961476,99_Bahnsteig_PF,99_Bahnsteig_PF
4084248918,63784847961487,99_Bahnsteig_PF,99_Bahnsteig_PF
4084257250,63784847961498,99_Bahnsteig_PF,99_Bahnsteig_PF
4084265581,63784847961509,99_Bahnsteig_PF,99_Bahnsteig_PF
4084282244,63784847961520,99_Bahnsteig_PF,99_Bahnsteig_PF
4084290576,63784847961532,99_Bahnsteig_PF,99_Bahnsteig_PF
4084307239,63784847961543,99_Bahnsteig_PF,99_Bahnsteig_PF
4084315570,63784847961553,99_Bahnsteig_PF,99_Bahnsteig_PF
4084323902,63784847961565,99_Bahnsteig_PF,99_Bahnsteig_PF
4084340565,63784847961577,99_Bahnsteig_PF,99_Bahnsteig_PF
4084348896,63784847961587,99_Bahnsteig_PF,99_Bahnsteig_PF
4084357228,63784847961598,99_Bahnsteig_PF,99_Bahnsteig_PF
4084382223,63784847961621,None,None
4084390554,63784847961626,99_Bahnsteig_PF,99_Bahnsteig_PF
4084390554,63784847961633,99_Bahnsteig_PF,99_Bahnsteig_PF
4084398886,63784847961641,99_Bahnsteig_PF,99_Bahnsteig_PF
4084407217,63784847961649,99_Bahnsteig_PF,99_Bahnsteig_PF
4084423880,63784847961661,99_Bahnsteig_PF,99_Bahnsteig_PF
4084432212,63784847961672,99_Bahnsteig_PF,99_Bahnsteig_PF
4084440543,63784847961683,99_Bahnsteig_PF,99_Bahnsteig_PF
4084457206,63784847961694,99_Bahnsteig_PF,99_Bahnsteig_PF
4084465538,63784847961706,99_Bahnsteig_PF,99_Bahnsteig_PF
4084473869,63784847961717,99_Bahnsteig_PF,99_Bahnsteig_PF
4084490532,63784847961728,99_Bahnsteig_PF,99_Bahnsteig_PF
4084498864,63784847961739,99_Bahnsteig_PF,99_Bahnsteig_PF
4084507195,63784847961750,99_Bahnsteig_PF,99_Bahnsteig_PF
4084523859,63784847961761,99_Bahnsteig_PF,99_Bahnsteig_PF
4084532190,63784847961772,99_Bahnsteig_PF,99_Bahnsteig_PF
4084540522,63784847961784,None,None
4084557185,63784847961795,99_Bahnsteig_PF,99_Bahnsteig_PF
4084565516,63784847961806,99_Bahnsteig_PF,99_Bahnsteig_PF
4084590511,63784847961829,99_Bahnsteig_PF,99_Bahnsteig_PF
4084598842,63784847961840,99_Bahnsteig_PF,99_Bahnsteig_PF
4084615505,63784847961851,99_Bahnsteig_PF,99_Bahnsteig_PF
4084623837,63784847961862,99_Bahnsteig_PF,99_Bahnsteig_PF
4084632168,63784847961873,99_Bahnsteig_PF,99_Bahnsteig_PF
4084648831,63784847961885,99_Bahnsteig_PF,99_Bahnsteig_PF
4084657163,63784847961896,99_Bahnsteig_PF,99_Bahnsteig_PF
4084665494,63784847961907,99_Bahnsteig_PF,99_Bahnsteig_PF
4084682157,63784847961918,99_Bahnsteig_PF,99_Bahnsteig_PF
4084690489,63784847961929,99_Bahnsteig_PF,99_Bahnsteig_PF
4084698821,63784847961941,99_Bahnsteig_PF,99_Bahnsteig_PF
4084715484,63784847961950,99_Bahnsteig_PF,99_Bahnsteig_PF
4084723815,63784847961962,99_Bahnsteig_PF,99_Bahnsteig_PF
4084732147,63784847961973,99_Bahnsteig_PF,99_Bahnsteig_PF
4084748810,63784847961985,99_Bahnsteig_PF,99_Bahnsteig_PF
4084757141,63784847961996,99_Bahnsteig_PF,99_Bahnsteig_PF
4084765473,63784847962008,99_Bahnsteig_PF,99_Bahnsteig_PF
4084782136,63784847962019,99_Bahnsteig_PF,99_Bahnsteig_PF
4084790467,63784847962030,99_Bahnsteig_PF,99_Bahnsteig_PF
4084807130,63784847962042,None,None
4084815462,63784847962053,99_Bahnsteig_PF,99_Bahnsteig_PF
4084823793,63784847962065,99_Bahnsteig_PF,99_Bahnsteig_PF
4084840456,63784847962076,99_Bahnsteig_PF,99_Bahnsteig_PF
4084848788,63784847962087,99_Bahnsteig_PF,99_Bahnsteig_PF
4084857120,63784847962099,99_Bahnsteig_PF,99_Bahnsteig_PF
4084873783,63784847962110,99_Bahnsteig_PF,99_Bahnsteig_PF
4084882114,63784847962122,99_Bahnsteig_PF,99_Bahnsteig_PF
4084890446,63784847962133,99_Bahnsteig_PF,99_Bahnsteig_PF
4084907109,63784847962145,99_Bahnsteig_PF,99_Bahnsteig_PF
4084915440,63784847962156,99_Bahnsteig_PF,99_Bahnsteig_PF
4084932103,63784847962167,None,None
4084940435,63784847962179,99_Bahnsteig_PF,99_Bahnsteig_PF
4084948766,63784847962190,99_Bahnsteig_PF,99_Bahnsteig_PF
4084965429,63784847962203,99_Bahnsteig_PF,99_Bahnsteig_PF
4084973761,63784847962213,99_Bahnsteig_PF,99_Bahnsteig_PF
4084982092,63784847962224,99_Bahnsteig_PF,99_Bahnsteig_PF
4084998755,63784847962236,99_Bahnsteig_PF,99_Bahnsteig_PF
4085007087,63784847962246,99_Bahnsteig_PF,99_Bahnsteig_PF
4085015418,63784847962258,99_Bahnsteig_PF,99_Bahnsteig_PF
4085032082,63784847962268,99_Bahnsteig_PF,99_Bahnsteig_PF
4085040413,63784847962279,99_Bahnsteig_PF,99_Bahnsteig_PF
4085048745,63784847962290,99_Bahnsteig_PF,99_Bahnsteig_PF
4085065408,63784847962302,99_Bahnsteig_PF,99_Bahnsteig_PF
4085073739,63784847962313,99_Bahnsteig_PF,99_Bahnsteig_PF
4085082071,63784847962325,99_Bahnsteig_PF,99_Bahnsteig_PF
4085098734,63784847962335,99_Bahnsteig_PF,99_Bahnsteig_PF
4085107065,63784847962347,99_Bahnsteig_PF,99_Bahnsteig_PF
4085115397,63784847962358,99_Bahnsteig_PF,99_Bahnsteig_PF
4085132060,63784847962369,99_Bahnsteig_PF,99_Bahnsteig_PF
4085140391,63784847962380,99_Bahnsteig_PF,99_Bahnsteig_PF
4085148723,63784847962391,99_Bahnsteig_PF,99_Bahnsteig_PF
4085165386,63784847962403,99_Bahnsteig_PF,99_Bahnsteig_PF
4085173717,63784847962414,99_Bahnsteig_PF,99_Bahnsteig_PF
4085182049,63784847962425,99_Bahnsteig_PF,99_Bahnsteig_PF
4085198712,63784847962436,99_Bahnsteig_PF,99_Bahnsteig_PF
4085207044,63784847962447,99_Bahnsteig_PF,99_Bahnsteig_PF
4085215375,63784847962458,99_Bahnsteig_PF,99_Bahnsteig_PF
4085232038,63784847962470,99_Bahnsteig_PF,99_Bahnsteig_PF
4085240370,63784847962481,99_Bahnsteig_PF,99_Bahnsteig_PF
4085248701,63784847962492,99_Bahnsteig_PF,99_Bahnsteig_PF
4085265364,63784847962504,99_Bahnsteig_PF,99_Bahnsteig_PF
4085273696,63784847962515,99_Bahnsteig_PF,99_Bahnsteig_PF
4085290359,63784847962526,99_Bahnsteig_PF,99_Bahnsteig_PF
4085298690,63784847962537,99_Bahnsteig_PF,99_Bahnsteig_PF
4085307022,63784847962548,99_Bahnsteig_PF,99_Bahnsteig_PF
4085323685,63784847962559,99_Bahnsteig_PF,99_Bahnsteig_PF
4085332016,63784847962570,99_Bahnsteig_PF,99_Bahnsteig_PF
4085340348,63784847962581,99_Bahnsteig_PF,99_Bahnsteig_PF
4085357011,63784847962593,99_Bahnsteig_PF,None
4085365343,63784847962604,99_Bahnsteig_PF,None
4085373674,63784847962615,99_Bahnsteig_PF,None
4085390337,63784847962626,99_Bahnsteig_PF,None
4085398669,63784847962637,99_Bahnsteig_PF,None
4085415332,63784847962652,99_Bahnsteig_PF,99_Bahnsteig_PF
4085423663,63784847962660,None,99_Bahnsteig_PF
4085431995,63784847962671,None,99_Bahnsteig_PF
4085440326,63784847962683,None,None
4085456989,63784847962693,None,None
4085465321,63784847962705,None,None
4085473652,63784847962717,None,None
4085490315,63784847962727,None,None
4085498647,63784847962738,None,None
4085506978,63784847962749,None,None
4085523642,63784847962761,None,None
4085531973,63784847962772,None,None
4085540305,63784847962783,None,None
4085556968,63784847962795,None,None
4085565299,63784847962804,None,None
4085573631,63784847962816,None,None
4085590294,63784847962827,None,None
4085598625,63784847962838,None,None
4085606957,63784847962849,None,None
4085623620,63784847962860,None,None
4085631951,63784847962872,None,None
4085640283,63784847962883,None,None
4085656946,63784847962894,None,None
4085665277,63784847962905,None,None
4085673609,63784847962916,None,None
4085690272,63784847962928,None,None
4085698604,63784847962939,None,None
4085706935,63784847962950,None,None
4085723598,63784847962961,None,None
4085731930,63784847962972,None,None
4085740261,63784847962984,None,None
4085756924,63784847962995,None,None
4085765256,63784847963006,None,None
4085773587,63784847963017,None,None
4085790250,63784847963028,None,None
4085798582,63784847963040,None,None
4085806913,63784847963051,None,None
4085823576,63784847963062,None,None
4085831908,63784847963073,None,None
4085840239,63784847963083,None,None
4085856903,63784847963095,None,None
4085865234,63784847963106,None,None
4085873566,63784847963118,None,None
4085890229,63784847963128,None,None
4085898560,63784847963140,None,None
4085906892,63784847963151,None,None
4085923555,63784847963162,None,None
4085931886,63784847963173,99_Bahnsteig_PF,99_Bahnsteig_PF
4085948549,63784847963184,99_Bahnsteig_PF,99_Bahnsteig_PF
4085956881,63784847963196,99_Bahnsteig_PF,99_Bahnsteig_PF
4085965212,63784847963207,99_Bahnsteig_PF,99_Bahnsteig_PF
4085981875,63784847963219,99_Bahnsteig_PF,99_Bahnsteig_PF
4085990207,63784847963229,99_Bahnsteig_PF,99_Bahnsteig_PF
4085998538,63784847963240,99_Bahnsteig_PF,99_Bahnsteig_PF
4086015201,63784847963252,99_Bahnsteig_PF,99_Bahnsteig_PF
4086023533,63784847963263,99_Bahnsteig_PF,99_Bahnsteig_PF
4086031865,63784847963275,99_Bahnsteig_PF,99_Bahnsteig_PF
4086048528,63784847963286,99_Bahnsteig_PF,99_Bahnsteig_PF
4086056859,63784847963297,99_Bahnsteig_PF,99_Bahnsteig_PF
4086065191,63784847963308,99_Bahnsteig_PF,99_Bahnsteig_PF
4086081854,63784847963320,99_Bahnsteig_PF,99_Bahnsteig_PF
4086090185,63784847963330,99_Bahnsteig_PF,99_Bahnsteig_PF
4086098517,63784847963341,99_Bahnsteig_PF,99_Bahnsteig_PF
4086115180,63784847963352,99_Bahnsteig_PF,99_Bahnsteig_PF
4086123511,63784847963363,99_Bahnsteig_PF,99_Bahnsteig_PF
4086131843,63784847963374,99_Bahnsteig_PF,99_Bahnsteig_PF
4086148506,63784847963387,99_Bahnsteig_PF,99_Bahnsteig_PF
4086156837,63784847963397,99_Bahnsteig_PF,99_Bahnsteig_PF
4086165169,63784847963408,99_Bahnsteig_PF,99_Bahnsteig_PF
4086181832,63784847963420,99_Bahnsteig_PF,99_Bahnsteig_PF
4086190164,63784847963430,99_Bahnsteig_PF,99_Bahnsteig_PF
4086198495,63784847963441,99_Bahnsteig_PF,99_Bahnsteig_PF
4086215158,63784847963453,99_Bahnsteig_PF,99_Bahnsteig_PF
4086223490,63784847963463,99_Bahnsteig_PF,99_Bahnsteig_PF
4086231821,63784847963474,99_Bahnsteig_PF,99_Bahnsteig_PF
4086248484,63784847963486,99_Bahnsteig_PF,99_Bahnsteig_PF
4086256816,63784847963497,99_Bahnsteig_PF,99_Bahnsteig_PF
4086265147,63784847963508,99_Bahnsteig_PF,99_Bahnsteig_PF
4086281810,63784847963519,99_Bahnsteig_PF,99_Bahnsteig_PF
4086290142,63784847963530,99_Bahnsteig_PF,99_Bahnsteig_PF
4086298473,63784847963542,99_Bahnsteig_PF,99_Bahnsteig_PF
4086315136,63784847963553,99_Bahnsteig_PF,99_Bahnsteig_PF
4086323468,63784847963564,99_Bahnsteig_PF,99_Bahnsteig_PF
4086331799,63784847963575,99_Bahnsteig_PF,99_Bahnsteig_PF
4086348462,63784847963587,99_Bahnsteig_PF,99_Bahnsteig_PF
4086356794,63784847963598,99_Bahnsteig_PF,99_Bahnsteig_PF
4086373457,63784847963620,99_Bahnsteig_PF,99_Bahnsteig_PF
4086373457,63784847963631,99_Bahnsteig_PF,99_Bahnsteig_PF
4086373457,63784847963642,99_Bahnsteig_PF,99_Bahnsteig_PF
4086373457,63784847963659,99_Bahnsteig_PF,99_Bahnsteig_PF
4086373457,63784847963665,99_Bahnsteig_PF,99_Bahnsteig_PF
4086373457,63784847963676,99_Bahnsteig_PF,99_Bahnsteig_PF
4086373457,63784847963687,99_Bahnsteig_PF,99_Bahnsteig_PF
4086373457,63784847963698,99_Bahnsteig_PF,99_Bahnsteig_PF
4086373457,63784847963710,99_Bahnsteig_PF,99_Bahnsteig_PF
4086481767,63784847963721,99_Bahnsteig_PF,99_Bahnsteig_PF
4086490098,63784847963732,99_Bahnsteig_PF,99_Bahnsteig_PF
4086506761,63784847963744,99_Bahnsteig_PF,None
4086515093,63784847963754,99_Bahnsteig_PF,99_Bahnsteig_PF
4086523425,63784847963766,None,99_Bahnsteig_PF
4086540088,63784847963777,99_Bahnsteig_PF,99_Bahnsteig_PF
4086548419,63784847963788,None,99_Bahnsteig_PF
4086556751,63784847963799,None,None
4086573414,63784847963810,99_Bahnsteig_PF,99_Bahnsteig_PF
4086581745,63784847963822,None,None
4086590077,63784847963833,None,99_Bahnsteig_PF
4086606740,63784847963843,None,None
4086615071,63784847963854,None,None
4086623403,63784847963865,None,None
4086640066,63784847963877,None,None
4086648397,63784847963888,None,None
4086665060,63784847963903,None,None
4086673392,63784847963910,None,None
4086681723,63784847963918,None,None
4086690055,63784847963929,None,None
4086698387,63784847963941,None,None
4086715050,63784847963952,None,None
4086723381,63784847963963,None,None
4086731713,63784847963974,None,None
4086748376,63784847963985,None,None
4086756707,63784847963997,None,None
4086765039,63784847964008,None,None
4086781702,63784847964019,None,None
4086790033,63784847964030,None,None
4086798365,63784847964041,None,None
4086815028,63784847964053,None,None
4086823359,63784847964064,None,None
4086831691,63784847964076,None,None
4086848354,63784847964086,None,None
4086856686,63784847964097,None,None
4086865017,63784847964108,None,None
4086881680,63784847964120,None,None
4086890012,63784847964131,None,None
4086898343,63784847964142,None,None
4086915006,63784847964153,None,None
4086923338,63784847964164,None,None
4086931669,63784847964175,None,None
4086948332,63784847964187,None,None
4086956664,63784847964198,None,None
4086964995,63784847964209,None,None
4086981658,63784847964219,None,None
4086989990,63784847964231,None,None
4087006653,63784847964242,None,None
4087014984,63784847964253,None,None
4087023316,63784847964265,None,None
4087039979,63784847964276,None,None
4087048311,63784847964288,None,None
4087056642,63784847964300,None,None
4087073305,63784847964310,None,None
4087081637,63784847964322,None,None
4087089968,63784847964333,None,None
4087106631,63784847964345,None,None
4087114963,63784847964356,None,None
4087123294,63784847964367,None,None
4087139957,63784847964378,None,None
4087148289,63784847964391,None,None
4087164952,63784847964401,None,None
4087173283,63784847964412,None,None
4087181615,63784847964424,None,None
4087198278,63784847964435,None,None
4087206610,63784847964446,None,None
4087214941,63784847964458,None,None
4087231604,63784847964468,None,None
4087239936,63784847964480,None,None
4087248267,63784847964491,None,None
4087264930,63784847964502,None,None
4087273262,63784847964513,None,None
4087281593,63784847964525,None,None
4087298256,63784847964536,None,None
4087306588,63784847964548,None,None
4087314919,63784847964558,None,None
4087331582,63784847964570,None,None
4087339914,63784847964580,None,None
4087348245,63784847964591,None,None
4087364909,63784847964603,None,None
4087373240,63784847964614,None,None
4087381572,63784847964625,None,None
4087398235,63784847964636,None,None
4087406566,63784847964647,None,None
4087423229,63784847964659,None,None
4087431561,63784847964670,None,None
4087439892,63784847964681,None,None
4087456555,63784847964693,None,None
4087464887,63784847964704,None,None
4087473218,63784847964714,None,None
4087489881,63784847964726,None,None
4087498213,63784847964737,None,None
4087506544,63784847964748,None,None
4087523208,63784847964760,None,None
4087531539,63784847964771,None,None
4087539871,63784847964783,None,None
4087556534,63784847964793,None,None
4087564865,63784847964805,None,None
4087573197,63784847964816,None,None
4087589860,63784847964827,None,None
4087598191,63784847964839,None,None
4087606523,63784847964849,None,None
4087623186,63784847964861,None,None
4087631517,63784847964871,None,None
4087639849,63784847964882,None,None
4087656512,63784847964894,None,None
4087664843,63784847964905,None,None
4087673175,63784847964916,None,None
4087689838,63784847964927,None,None
4087698170,63784847964938,None,None
4087706501,63784847964950,None,None
4087723164,63784847964960,None,None
4087731496,63784847964972,None,None
4087739827,63784847964982,None,None
4087756490,63784847964993,None,None
4087764822,63784847965005,None,None
4087773153,63784847965016,None,None
4087789816,63784847965027,None,None
4087798148,63784847965039,None,None
4087806479,63784847965050,None,None
4087823142,63784847965061,None,None
4087831474,63784847965072,None,None
4087839805,63784847965083,None,None
4087856469,63784847965095,None,None
4087864800,63784847965106,None,None
4087873132,63784847965117,None,None
4087889795,63784847965129,None,None
4087898126,63784847965139,None,None
4087906458,63784847965151,None,None
4087923121,63784847965162,None,None
4087931452,63784847965173,None,None
4087939784,63784847965183,None,None
4087956447,63784847965195,None,None
4087964778,63784847965206,None,None
4087981441,63784847965217,None,None
4087989773,63784847965228,None,None
4087998104,63784847965240,None,None
4088014767,63784847965251,None,None
4088023099,63784847965262,None,None
4088031431,63784847965274,None,None
4088048094,63784847965284,None,None
4088056425,63784847965296,None,None
4088064757,63784847965307,None,None
4088081420,63784847965318,None,None
4088089751,63784847965330,None,None
4088098083,63784847965340,None,None
4088114746,63784847965351,None,None
4088123077,63784847965363,None,None
4088131409,63784847965375,None,None
4088148072,63784847965385,None,None
4088156403,63784847965397,None,None
4088164735,63784847965407,None,None
4088181398,63784847965419,None,None
4088189730,63784847965429,None,None
4088198061,63784847965441,None,None
4088214724,63784847965452,None,None
4088223056,63784847965464,None,None
4088231387,63784847965475,None,None
4088248050,63784847965486,None,None
4088256382,63784847965497,None,None
4088264713,63784847965508,None,None
4088281376,63784847965519,None,None
4088289708,63784847965530,None,None
4088298039,63784847965541,None,None
4088314702,63784847965553,None,None
4088323034,63784847965564,None,None
4088331365,63784847965575,None,None
4088348028,63784847965586,None,None
4088356360,63784847965597,None,None
4088364692,63784847965608,None,None
4088381355,63784847965620,None,None
4088389686,63784847965631,None,None
4088398018,63784847965642,None,None
4088414681,63784847965653,None,None
4088423012,63784847965665,None,None
4088431344,63784847965676,None,None
4088448007,63784847965687,None,None
4088456338,63784847965698,None,None
4088464670,63784847965709,None,None
4088481333,63784847965721,None,None
4088489664,63784847965731,None,None
4088506327,63784847965743,None,None
4088514659,63784847965754,None,None
4088522991,63784847965765,None,None
4088539654,63784847965777,None,None
4088547985,63784847965788,None,None
4088556317,63784847965800,None,None
4088572980,63784847965809,None,None
4088581311,63784847965821,None,None
4088589643,63784847965831,None,None
4088606306,63784847965843,None,None
4088614637,63784847965854,None,None
4088622969,63784847965865,None,None
4088639632,63784847965876,None,None
4088647963,63784847965887,None,None
4088656295,63784847965898,None,None
4088672958,63784847965910,None,None
4088681289,63784847965922,None,99_Bahnsteig_PF
4088697953,63784847965932,None,None
4088706284,63784847965944,99_Bahnsteig_PF,None
4088714616,63784847965955,None,None
4088731279,63784847965966,None,None
4088739610,63784847965978,None,99_Bahnsteig_PF
4088747942,63784847965989,None,None
4088764605,63784847966000,None,None
4088772936,63784847966011,None,None
4088781268,63784847966023,None,None
4088797931,63784847966034,None,None
4088806262,63784847966044,None,None
4088814594,63784847966056,None,None
4088831257,63784847966067,None,None
4088839588,63784847966077,None,None
4088847920,63784847966089,None,99_Bahnsteig_PF
4088864583,63784847966099,99_Bahnsteig_PF,99_Bahnsteig_PF
4088872915,63784847966111,99_Bahnsteig_PF,None
4088881246,63784847966122,99_Bahnsteig_PF,None
4088897909,63784847966133,99_Bahnsteig_PF,99_Bahnsteig_PF
4088906241,63784847966144,99_Bahnsteig_PF,99_Bahnsteig_PF
4088914572,63784847966156,99_Bahnsteig_PF,99_Bahnsteig_PF
4088931235,63784847966167,99_Bahnsteig_PF,99_Bahnsteig_PF
4088939567,63784847966178,99_Bahnsteig_PF,99_Bahnsteig_PF
4088947898,63784847966189,99_Bahnsteig_PF,99_Bahnsteig_PF
4088964561,63784847966201,99_Bahnsteig_PF,99_Bahnsteig_PF
4088972893,63784847966212,99_Bahnsteig_PF,99_Bahnsteig_PF
4088981224,63784847966223,99_Bahnsteig_PF,99_Bahnsteig_PF
4088997887,63784847966234,99_Bahnsteig_PF,99_Bahnsteig_PF
4089006219,63784847966245,99_Bahnsteig_PF,None
4089014550,63784847966257,99_Bahnsteig_PF,99_Bahnsteig_PF
4089031214,63784847966268,99_Bahnsteig_PF,99_Bahnsteig_PF
4089039545,63784847966278,99_Bahnsteig_PF,99_Bahnsteig_PF
4089047877,63784847966290,99_Bahnsteig_PF,99_Bahnsteig_PF
4089064540,63784847966301,99_Bahnsteig_PF,99_Bahnsteig_PF
4089072871,63784847966312,99_Bahnsteig_PF,99_Bahnsteig_PF
4089081203,63784847966323,99_Bahnsteig_PF,99_Bahnsteig_PF
4089097866,63784847966334,99_Bahnsteig_PF,99_Bahnsteig_PF
4089106197,63784847966345,99_Bahnsteig_PF,99_Bahnsteig_PF
4089114529,63784847966357,99_Bahnsteig_PF,99_Bahnsteig_PF
4089131192,63784847966368,99_Bahnsteig_PF,99_Bahnsteig_PF
4089139523,63784847966379,99_Bahnsteig_PF,99_Bahnsteig_PF
4089147855,63784847966391,99_Bahnsteig_PF,99_Bahnsteig_PF
4089164518,63784847966402,99_Bahnsteig_PF,99_Bahnsteig_PF
4089172849,63784847966413,99_Bahnsteig_PF,99_Bahnsteig_PF
4089181181,63784847966424,None,None
4089197844,63784847966435,99_Bahnsteig_PF,None
4089206176,63784847966446,99_Bahnsteig_PF,None
4089214507,63784847966458,99_Bahnsteig_PF,None
4089231170,63784847966469,99_Bahnsteig_PF,None
4089239502,63784847966480,99_Bahnsteig_PF,99_Bahnsteig_PF
4089247833,63784847966491,99_Bahnsteig_PF,99_Bahnsteig_PF
4089264496,63784847966503,99_Bahnsteig_PF,99_Bahnsteig_PF
4089272828,63784847966513,99_Bahnsteig_PF,None
4089289491,63784847966524,None,99_Bahnsteig_PF
4089297822,63784847966536,None,99_Bahnsteig_PF
4089306154,63784847966546,99_Bahnsteig_PF,None
4089322817,63784847966557,None,99_Bahnsteig_PF
4089331148,63784847966569,99_Bahnsteig_PF,99_Bahnsteig_PF
4089339480,63784847966581,None,99_Bahnsteig_PF
4089356143,63784847966592,None,99_Bahnsteig_PF
4089364475,63784847966602,None,None
4089372806,63784847966614,None,None
4089389469,63784847966625,None,None
4089397801,63784847966636,None,None
4089406132,63784847966648,None,None
4089422795,63784847966658,None,None
4089431127,63784847966671,None,None
4089439458,63784847966681,None,None
4089456121,63784847966692,None,None
4089464453,63784847966705,None,None
4089472784,63784847966715,None,None
4089489447,63784847966725,None,None
4089497779,63784847966737,None,None
4089506110,63784847966748,None,None
4089522774,63784847966759,None,None
4089531105,63784847966770,99_Bahnsteig_PF,None
4089539437,63784847966781,99_Bahnsteig_PF,None
4089556100,63784847966792,None,None
4089564431,63784847966803,None,None
4089572763,63784847966814,None,None
4089589426,63784847966826,None,None
4089597757,63784847966837,None,None
4089606089,63784847966848,None,None
4089622752,63784847966859,None,None
4089631083,63784847966870,None,None
4089639415,63784847966881,None,None
4089656078,63784847966893,None,None
4089664409,63784847966904,None,None
4089672741,63784847966915,None,None
4089689404,63784847966926,None,None
4089697736,63784847966937,None,None
4089714399,63784847966949,None,None
4089722730,63784847966960,None,None
4089731062,63784847966971,None,None
4089747725,63784847966982,None,None
4089756056,63784847966993,None,None
4089764388,63784847967004,None,None
4089781051,63784847967016,None,None
4089789382,63784847967027,None,None
4089797714,63784847967038,None,None
4089814377,63784847967050,None,None
4089822708,63784847967061,None,None
4089831040,63784847967072,None,None
4089847703,63784847967083,None,None
4089856035,63784847967095,None,None
4089864366,63784847967105,None,None
4089881029,63784847967116,None,None
4089889361,63784847967127,None,None
4089897692,63784847967138,None,None
4089914355,63784847967150,None,None
4089922687,63784847967161,None,None
4089931018,63784847967172,None,None
4089947681,63784847967183,None,None
4089956013,63784847967194,None,None
4089972676,63784847967207,None,None
4089981007,63784847967217,None,None
4089989339,63784847967229,None,None
4089997670,63784847967239,None,None
4090014333,63784847967251,None,None
4090022665,63784847967261,None,None
4090030997,63784847967273,None,None
4090047660,63784847967284,None,None
4090055991,63784847967295,None,None
4090064323,63784847967306,None,None
4090080986,63784847967318,None,None
4090089317,63784847967329,None,None
4090097649,63784847967340,None,None
4090114312,63784847967351,None,99_Bahnsteig_PF
4090122643,63784847967363,None,None
4090130975,63784847967373,None,99_Bahnsteig_PF
4090147638,63784847967385,None,99_Bahnsteig_PF
4090155969,63784847967396,None,None
4090164301,63784847967407,None,99_Bahnsteig_PF
4090189296,63784847967429,None,None
4090197627,63784847967435,None,99_Bahnsteig_PF
4090205959,63784847967441,None,99_Bahnsteig_PF
4090205959,63784847967446,None,99_Bahnsteig_PF
4090222622,63784847967458,None,99_Bahnsteig_PF
4090230953,63784847967469,None,99_Bahnsteig_PF
4090239285,63784847967480,None,99_Bahnsteig_PF
4090255948,63784847967491,None,None
4090264279,63784847967502,None,None
4090272611,63784847967514,None,None
4090289274,63784847967525,None,None
4090297605,63784847967536,None,None
4090305937,63784847967547,None,None
4090322600,63784847967558,None,None
4090330931,63784847967569,None,None
4090339263,63784847967581,99_Bahnsteig_PF,None
4090355926,63784847967592,None,None
4090364258,63784847967603,None,None
4090372589,63784847967615,None,None
4090372589,63784847967626,None,None
4090372589,63784847967637,None,None
4090372589,63784847967647,None,None
4090372589,63784847967658,None,None
4090372589,63784847967671,None,None
4090372589,63784847967681,None,None
4090372589,63784847967692,None,None
4090372589,63784847967703,None,None
4090414247,63784847967714,None,None
4090489230,63784847967725,None,None
4090497562,63784847967737,None,None
4090505893,63784847967748,None,None
4090522557,63784847967759,None,None
4090530888,63784847967770,None,None
4090547551,63784847967781,None,None
4090555883,63784847967793,None,None
4090564214,63784847967804,None,None
4090580877,63784847967816,99_Bahnsteig_PF,None
4090589209,63784847967828,None,None
4090597540,63784847967839,None,None
4090614203,63784847967850,None,None
4090622535,63784847967862,99_Bahnsteig_PF,None
4090639198,63784847967873,None,None
4090647529,63784847967884,None,None
4090655861,63784847967897,99_Bahnsteig_PF,None
4090672524,63784847967907,99_Bahnsteig_PF,None
4090680855,63784847967919,99_Bahnsteig_PF,None
4090689187,63784847967931,99_Bahnsteig_PF,None
4090705850,63784847967941,99_Bahnsteig_PF,None
4090714182,63784847967953,99_Bahnsteig_PF,None
4090722513,63784847967965,99_Bahnsteig_PF,None
4090739176,63784847967976,99_Bahnsteig_PF,None
4090747508,63784847967987,99_Bahnsteig_PF,None
4090755839,63784847967999,99_Bahnsteig_PF,None
4090772502,63784847968010,99_Bahnsteig_PF,None
4090780834,63784847968021,99_Bahnsteig_PF,None
4090797497,63784847968033,99_Bahnsteig_PF,None
4090805828,63784847968044,99_Bahnsteig_PF,None
4090814160,63784847968055,99_Bahnsteig_PF,None
4090830823,63784847968066,None,None
4090839154,63784847968078,None,None
4090847486,63784847968088,None,None
4090864149,63784847968099,None,None
4090872481,63784847968110,None,None
4090880812,63784847968121,None,None
4090897475,63784847968132,None,99_Bahnsteig_PF
4090905807,63784847968144,None,99_Bahnsteig_PF
4090914138,63784847968156,None,99_Bahnsteig_PF
4090930801,63784847968166,None,None
4090939133,63784847968177,None,None
4090947464,63784847968189,99_Bahnsteig_PF,99_Bahnsteig_PF
4090964127,63784847968200,99_Bahnsteig_PF,99_Bahnsteig_PF
4090972459,63784847968211,99_Bahnsteig_PF,99_Bahnsteig_PF
4090980790,63784847968222,None,99_Bahnsteig_PF
4090997453,63784847968233,None,99_Bahnsteig_PF
4091005785,63784847968245,None,99_Bahnsteig_PF
4091014116,63784847968256,None,99_Bahnsteig_PF
4091030780,63784847968267,None,99_Bahnsteig_PF
4091039111,63784847968279,None,99_Bahnsteig_PF
4091047443,63784847968289,99_Bahnsteig_PF,99_Bahnsteig_PF
4091064106,63784847968301,99_Bahnsteig_PF,99_Bahnsteig_PF
4091072437,63784847968313,None,99_Bahnsteig_PF
4091080769,63784847968323,None,99_Bahnsteig_PF
4091097432,63784847968335,None,99_Bahnsteig_PF
4091105763,63784847968345,None,99_Bahnsteig_PF
4091114095,63784847968357,None,99_Bahnsteig_PF
4091130758,63784847968368,None,99_Bahnsteig_PF
4091139089,63784847968379,None,99_Bahnsteig_PF
4091147421,63784847968389,None,99_Bahnsteig_PF
4091164084,63784847968401,None,99_Bahnsteig_PF
4091172415,63784847968412,None,99_Bahnsteig_PF
4091189079,63784847968423,None,None
4091197410,63784847968434,99_Bahnsteig_PF,None
4091205742,63784847968446,99_Bahnsteig_PF,None
4091222405,63784847968457,99_Bahnsteig_PF,None
4091230736,63784847968467,99_Bahnsteig_PF,99_Bahnsteig_PF
4091239068,63784847968479,99_Bahnsteig_PF,99_Bahnsteig_PF
4091247399,63784847968490,99_Bahnsteig_PF,99_Bahnsteig_PF
4091264062,63784847968501,None,None
4091272394,63784847968513,99_Bahnsteig_PF,None
4091289057,63784847968524,99_Bahnsteig_PF,None
4091297388,63784847968535,None,None
4091305720,63784847968547,None,99_Bahnsteig_PF
4091322383,63784847968557,None,99_Bahnsteig_PF
4091330714,63784847968569,None,99_Bahnsteig_PF
4091339046,63784847968580,None,99_Bahnsteig_PF
4091355709,63784847968591,None,99_Bahnsteig_PF
4091364041,63784847968602,99_Bahnsteig_PF,99_Bahnsteig_PF
4091372372,63784847968613,99_Bahnsteig_PF,99_Bahnsteig_PF
4091389035,63784847968624,99_Bahnsteig_PF,99_Bahnsteig_PF
4091397367,63784847968635,99_Bahnsteig_PF,99_Bahnsteig_PF
4091405698,63784847968647,99_Bahnsteig_PF,99_Bahnsteig_PF
4091422361,63784847968658,99_Bahnsteig_PF,99_Bahnsteig_PF
4091430693,63784847968669,99_Bahnsteig_PF,99_Bahnsteig_PF
4091439024,63784847968682,99_Bahnsteig_PF,99_Bahnsteig_PF
4091455687,63784847968691,99_Bahnsteig_PF,99_Bahnsteig_PF
4091464019,63784847968702,99_Bahnsteig_PF,99_Bahnsteig_PF
4091472350,63784847968714,99_Bahnsteig_PF,99_Bahnsteig_PF
4091489013,63784847968724,99_Bahnsteig_PF,99_Bahnsteig_PF
4091497345,63784847968736,99_Bahnsteig_PF,99_Bahnsteig_PF
4091505676,63784847968747,99_Bahnsteig_PF,99_Bahnsteig_PF
4091522340,63784847968758,99_Bahnsteig_PF,99_Bahnsteig_PF
4091530671,63784847968769,99_Bahnsteig_PF,99_Bahnsteig_PF
4091539003,63784847968780,99_Bahnsteig_PF,99_Bahnsteig_PF
4091555666,63784847968791,99_Bahnsteig_PF,99_Bahnsteig_PF
4091563997,63784847968803,99_Bahnsteig_PF,99_Bahnsteig_PF
4091572329,63784847968815,99_Bahnsteig_PF,99_Bahnsteig_PF
4091588992,63784847968825,99_Bahnsteig_PF,99_Bahnsteig_PF
4091597323,63784847968836,99_Bahnsteig_PF,99_Bahnsteig_PF
4091605655,63784847968848,99_Bahnsteig_PF,99_Bahnsteig_PF
4091622318,63784847968859,99_Bahnsteig_PF,99_Bahnsteig_PF
4091630649,63784847968870,99_Bahnsteig_PF,99_Bahnsteig_PF
4091638981,63784847968881,99_Bahnsteig_PF,99_Bahnsteig_PF
4091655644,63784847968893,99_Bahnsteig_PF,99_Bahnsteig_PF
4091663975,63784847968904,99_Bahnsteig_PF,99_Bahnsteig_PF
4091672307,63784847968915,99_Bahnsteig_PF,99_Bahnsteig_PF
4091688970,63784847968926,99_Bahnsteig_PF,99_Bahnsteig_PF
4091697302,63784847968938,99_Bahnsteig_PF,99_Bahnsteig_PF
4091705633,63784847968949,99_Bahnsteig_PF,99_Bahnsteig_PF
4091722296,63784847968960,99_Bahnsteig_PF,99_Bahnsteig_PF
4091730628,63784847968971,99_Bahnsteig_PF,99_Bahnsteig_PF
4091747291,63784847968983,None,99_Bahnsteig_PF
4091755622,63784847968993,99_Bahnsteig_PF,99_Bahnsteig_PF
4091763954,63784847969004,99_Bahnsteig_PF,99_Bahnsteig_PF
4091772285,63784847969016,99_Bahnsteig_PF,99_Bahnsteig_PF
4091788948,63784847969026,99_Bahnsteig_PF,99_Bahnsteig_PF
4091797280,63784847969038,99_Bahnsteig_PF,99_Bahnsteig_PF
4091805611,63784847969048,99_Bahnsteig_PF,99_Bahnsteig_PF
4091822274,63784847969060,99_Bahnsteig_PF,99_Bahnsteig_PF
4091830606,63784847969071,99_Bahnsteig_PF,99_Bahnsteig_PF
4091847269,63784847969082,99_Bahnsteig_PF,99_Bahnsteig_PF
4091855601,63784847969093,99_Bahnsteig_PF,99_Bahnsteig_PF
4091863932,63784847969104,99_Bahnsteig_PF,99_Bahnsteig_PF
4091880595,63784847969116,99_Bahnsteig_PF,99_Bahnsteig_PF
4091888927,63784847969127,99_Bahnsteig_PF,99_Bahnsteig_PF
4091897258,63784847969139,99_Bahnsteig_PF,99_Bahnsteig_PF
4091905590,63784847969149,99_Bahnsteig_PF,99_Bahnsteig_PF
4091922253,63784847969160,99_Bahnsteig_PF,99_Bahnsteig_PF
4091930584,63784847969171,99_Bahnsteig_PF,99_Bahnsteig_PF
4091947247,63784847969183,99_Bahnsteig_PF,99_Bahnsteig_PF
4091955579,63784847969194,99_Bahnsteig_PF,99_Bahnsteig_PF
4091963910,63784847969205,99_Bahnsteig_PF,99_Bahnsteig_PF
4091980573,63784847969216,99_Bahnsteig_PF,99_Bahnsteig_PF
4091988905,63784847969227,99_Bahnsteig_PF,99_Bahnsteig_PF
4091997236,63784847969239,99_Bahnsteig_PF,99_Bahnsteig_PF
4092013899,63784847969250,99_Bahnsteig_PF,99_Bahnsteig_PF
4092022231,63784847969261,99_Bahnsteig_PF,99_Bahnsteig_PF
4092030563,63784847969272,99_Bahnsteig_PF,99_Bahnsteig_PF
4092047226,63784847969284,99_Bahnsteig_PF,99_Bahnsteig_PF
4092055557,63784847969294,99_Bahnsteig_PF,99_Bahnsteig_PF
4092063889,63784847969306,99_Bahnsteig_PF,99_Bahnsteig_PF
4092080552,63784847969317,99_Bahnsteig_PF,99_Bahnsteig_PF
4092088883,63784847969328,99_Bahnsteig_PF,99_Bahnsteig_PF
4092097215,63784847969339,99_Bahnsteig_PF,99_Bahnsteig_PF
4092113878,63784847969350,99_Bahnsteig_PF,99_Bahnsteig_PF
4092122209,63784847969361,99_Bahnsteig_PF,99_Bahnsteig_PF
4092130541,63784847969373,99_Bahnsteig_PF,99_Bahnsteig_PF
4092147204,63784847969384,99_Bahnsteig_PF,99_Bahnsteig_PF
4092155535,63784847969395,99_Bahnsteig_PF,99_Bahnsteig_PF
4092163867,63784847969406,99_Bahnsteig_PF,99_Bahnsteig_PF
4092180530,63784847969417,99_Bahnsteig_PF,99_Bahnsteig_PF
4092188862,63784847969428,99_Bahnsteig_PF,99_Bahnsteig_PF
4092197193,63784847969439,99_Bahnsteig_PF,99_Bahnsteig_PF
4092213856,63784847969451,99_Bahnsteig_PF,99_Bahnsteig_PF
4092222188,63784847969462,99_Bahnsteig_PF,99_Bahnsteig_PF
4092230519,63784847969473,99_Bahnsteig_PF,99_Bahnsteig_PF
4092247182,63784847969484,99_Bahnsteig_PF,99_Bahnsteig_PF
4092255514,63784847969495,99_Bahnsteig_PF,99_Bahnsteig_PF
4092263845,63784847969506,99_Bahnsteig_PF,99_Bahnsteig_PF
4092280508,63784847969517,99_Bahnsteig_PF,99_Bahnsteig_PF
4092288840,63784847969528,99_Bahnsteig_PF,99_Bahnsteig_PF
4092297171,63784847969540,99_Bahnsteig_PF,99_Bahnsteig_PF
4092313834,63784847969552,99_Bahnsteig_PF,99_Bahnsteig_PF
4092322166,63784847969562,99_Bahnsteig_PF,99_Bahnsteig_PF
4092330497,63784847969573,99_Bahnsteig_PF,99_Bahnsteig_PF
4092347160,63784847969585,99_Bahnsteig_PF,99_Bahnsteig_PF
4092355492,63784847969596,99_Bahnsteig_PF,99_Bahnsteig_PF
4092363824,63784847969607,99_Bahnsteig_PF,99_Bahnsteig_PF
4092372155,63784847969618,99_Bahnsteig_PF,99_Bahnsteig_PF
4092372155,63784847969630,99_Bahnsteig_PF,99_Bahnsteig_PF
4092372155,63784847969641,99_Bahnsteig_PF,99_Bahnsteig_PF
4092372155,63784847969652,99_Bahnsteig_PF,99_Bahnsteig_PF
4092372155,63784847969663,99_Bahnsteig_PF,99_Bahnsteig_PF
4092372155,63784847969674,99_Bahnsteig_PF,99_Bahnsteig_PF
4092372155,63784847969687,99_Bahnsteig_PF,99_Bahnsteig_PF
4092372155,63784847969697,99_Bahnsteig_PF,99_Bahnsteig_PF
4092372155,63784847969708,99_Bahnsteig_PF,99_Bahnsteig_PF
4092480465,63784847969719,99_Bahnsteig_PF,99_Bahnsteig_PF
4092488796,63784847969730,99_Bahnsteig_PF,99_Bahnsteig_PF
4092505459,63784847969742,99_Bahnsteig_PF,99_Bahnsteig_PF
4092513791,63784847969752,99_Bahnsteig_PF,99_Bahnsteig_PF
4092522123,63784847969764,99_Bahnsteig_PF,99_Bahnsteig_PF
4092538786,63784847969775,99_Bahnsteig_PF,99_Bahnsteig_PF
4092547117,63784847969786,99_Bahnsteig_PF,99_Bahnsteig_PF
4092555449,63784847969797,99_Bahnsteig_PF,99_Bahnsteig_PF
4092572112,63784847969808,99_Bahnsteig_PF,99_Bahnsteig_PF
4092580443,63784847969820,99_Bahnsteig_PF,99_Bahnsteig_PF
4092588775,63784847969831,99_Bahnsteig_PF,99_Bahnsteig_PF
4092605438,63784847969842,99_Bahnsteig_PF,99_Bahnsteig_PF
4092613769,63784847969853,99_Bahnsteig_PF,99_Bahnsteig_PF
4092622101,63784847969864,99_Bahnsteig_PF,99_Bahnsteig_PF
4092638764,63784847969875,99_Bahnsteig_PF,99_Bahnsteig_PF
4092647095,63784847969886,99_Bahnsteig_PF,99_Bahnsteig_PF
4092655427,63784847969898,99_Bahnsteig_PF,99_Bahnsteig_PF
4092672090,63784847969909,99_Bahnsteig_PF,99_Bahnsteig_PF
4092680421,63784847969920,99_Bahnsteig_PF,99_Bahnsteig_PF
4092688753,63784847969931,99_Bahnsteig_PF,99_Bahnsteig_PF
4092705416,63784847969943,99_Bahnsteig_PF,99_Bahnsteig_PF
4092713748,63784847969954,99_Bahnsteig_PF,99_Bahnsteig_PF
4092722079,63784847969965,99_Bahnsteig_PF,99_Bahnsteig_PF
4092738742,63784847969976,99_Bahnsteig_PF,99_Bahnsteig_PF
4092747074,63784847969987,99_Bahnsteig_PF,99_Bahnsteig_PF
4092755405,63784847969998,99_Bahnsteig_PF,99_Bahnsteig_PF
4092772068,63784847970009,99_Bahnsteig_PF,99_Bahnsteig_PF
4092780400,63784847970021,99_Bahnsteig_PF,99_Bahnsteig_PF
4092788731,63784847970032,99_Bahnsteig_PF,99_Bahnsteig_PF
4092805394,63784847970044,99_Bahnsteig_PF,99_Bahnsteig_PF
4092813726,63784847970055,99_Bahnsteig_PF,99_Bahnsteig_PF
4092822057,63784847970066,99_Bahnsteig_PF,99_Bahnsteig_PF
4092838720,63784847970077,99_Bahnsteig_PF,99_Bahnsteig_PF
4092847052,63784847970088,99_Bahnsteig_PF,99_Bahnsteig_PF
4092855384,63784847970099,99_Bahnsteig_PF,99_Bahnsteig_PF
4092872047,63784847970110,99_Bahnsteig_PF,99_Bahnsteig_PF
4092880378,63784847970122,99_Bahnsteig_PF,99_Bahnsteig_PF
4092888710,63784847970132,99_Bahnsteig_PF,99_Bahnsteig_PF
4092905373,63784847970143,99_Bahnsteig_PF,99_Bahnsteig_PF
4092913704,63784847970154,99_Bahnsteig_PF,99_Bahnsteig_PF
4092930367,63784847970166,99_Bahnsteig_PF,99_Bahnsteig_PF
4092938699,63784847970177,99_Bahnsteig_PF,99_Bahnsteig_PF
4092947030,63784847970188,99_Bahnsteig_PF,99_Bahnsteig_PF
4092963693,63784847970200,99_Bahnsteig_PF,99_Bahnsteig_PF
4092972025,63784847970211,99_Bahnsteig_PF,99_Bahnsteig_PF
4092980356,63784847970223,99_Bahnsteig_PF,99_Bahnsteig_PF
4092997019,63784847970233,99_Bahnsteig_PF,99_Bahnsteig_PF
4093005351,63784847970244,99_Bahnsteig_PF,99_Bahnsteig_PF
4093013682,63784847970256,99_Bahnsteig_PF,99_Bahnsteig_PF
4093030346,63784847970266,99_Bahnsteig_PF,99_Bahnsteig_PF
4093038677,63784847970278,99_Bahnsteig_PF,99_Bahnsteig_PF
4093047009,63784847970288,99_Bahnsteig_PF,99_Bahnsteig_PF
4093063672,63784847970300,99_Bahnsteig_PF,99_Bahnsteig_PF
4093072003,63784847970311,99_Bahnsteig_PF,99_Bahnsteig_PF
4093080335,63784847970323,99_Bahnsteig_PF,99_Bahnsteig_PF
4093096998,63784847970334,99_Bahnsteig_PF,99_Bahnsteig_PF
4093105329,63784847970344,99_Bahnsteig_PF,99_Bahnsteig_PF
4093113661,63784847970355,99_Bahnsteig_PF,99_Bahnsteig_PF
4093130324,63784847970367,99_Bahnsteig_PF,99_Bahnsteig_PF
4093138655,63784847970378,99_Bahnsteig_PF,99_Bahnsteig_PF
4093146987,63784847970389,99_Bahnsteig_PF,99_Bahnsteig_PF
4093163650,63784847970405,99_Bahnsteig_PF,99_Bahnsteig_PF
4093171981,63784847970412,99_Bahnsteig_PF,99_Bahnsteig_PF
4093180313,63784847970418,99_Bahnsteig_PF,99_Bahnsteig_PF
4093188645,63784847970429,99_Bahnsteig_PF,99_Bahnsteig_PF
4093205308,63784847970441,99_Bahnsteig_PF,99_Bahnsteig_PF
4093213639,63784847970452,99_Bahnsteig_PF,99_Bahnsteig_PF
4093221971,63784847970463,99_Bahnsteig_PF,99_Bahnsteig_PF
4093238634,63784847970474,99_Bahnsteig_PF,99_Bahnsteig_PF
4093246965,63784847970486,99_Bahnsteig_PF,99_Bahnsteig_PF
4093255297,63784847970497,99_Bahnsteig_PF,99_Bahnsteig_PF
4093271960,63784847970508,99_Bahnsteig_PF,99_Bahnsteig_PF
4093280291,63784847970519,99_Bahnsteig_PF,99_Bahnsteig_PF
4093288623,63784847970530,99_Bahnsteig_PF,99_Bahnsteig_PF
4093305286,63784847970542,99_Bahnsteig_PF,99_Bahnsteig_PF
4093313617,63784847970553,99_Bahnsteig_PF,99_Bahnsteig_PF
4093321949,63784847970564,99_Bahnsteig_PF,99_Bahnsteig_PF
4093338612,63784847970575,99_Bahnsteig_PF,99_Bahnsteig_PF
4093346943,63784847970587,99_Bahnsteig_PF,99_Bahnsteig_PF
4093355275,63784847970598,99_Bahnsteig_PF,99_Bahnsteig_PF
4093371938,63784847970609,99_Bahnsteig_PF,99_Bahnsteig_PF
4093380270,63784847970620,99_Bahnsteig_PF,99_Bahnsteig_PF
4093388601,63784847970631,99_Bahnsteig_PF,99_Bahnsteig_PF
4093405264,63784847970643,99_Bahnsteig_PF,99_Bahnsteig_PF
4093413596,63784847970654,99_Bahnsteig_PF,99_Bahnsteig_PF
4093421927,63784847970665,99_Bahnsteig_PF,99_Bahnsteig_PF
4093438590,63784847970676,99_Bahnsteig_PF,99_Bahnsteig_PF
4093446922,63784847970690,99_Bahnsteig_PF,99_Bahnsteig_PF
4093455253,63784847970698,99_Bahnsteig_PF,99_Bahnsteig_PF
4093471916,63784847970709,99_Bahnsteig_PF,99_Bahnsteig_PF
4093480248,63784847970720,99_Bahnsteig_PF,99_Bahnsteig_PF
4093488579,63784847970731,99_Bahnsteig_PF,99_Bahnsteig_PF
4093505242,63784847970742,99_Bahnsteig_PF,99_Bahnsteig_PF
4093513574,63784847970753,99_Bahnsteig_PF,99_Bahnsteig_PF
4093521906,63784847970765,99_Bahnsteig_PF,99_Bahnsteig_PF
4093538569,63784847970777,99_Bahnsteig_PF,99_Bahnsteig_PF
4093546900,63784847970788,99_Bahnsteig_PF,99_Bahnsteig_PF
4093563563,63784847970800,99_Bahnsteig_PF,99_Bahnsteig_PF
4093571895,63784847970811,99_Bahnsteig_PF,99_Bahnsteig_PF
4093580226,63784847970822,99_Bahnsteig_PF,99_Bahnsteig_PF
4093596889,63784847970833,99_Bahnsteig_PF,99_Bahnsteig_PF
4093605221,63784847970845,99_Bahnsteig_PF,99_Bahnsteig_PF
4093613552,63784847970856,99_Bahnsteig_PF,99_Bahnsteig_PF
4093630215,63784847970868,99_Bahnsteig_PF,99_Bahnsteig_PF
4093638547,63784847970879,99_Bahnsteig_PF,99_Bahnsteig_PF
4093646878,63784847970890,99_Bahnsteig_PF,99_Bahnsteig_PF
4093663541,63784847970902,99_Bahnsteig_PF,99_Bahnsteig_PF
4093671873,63784847970913,99_Bahnsteig_PF,99_Bahnsteig_PF
4093688536,63784847970925,99_Bahnsteig_PF,99_Bahnsteig_PF
4093696868,63784847970935,99_Bahnsteig_PF,99_Bahnsteig_PF
4093705199,63784847970947,99_Bahnsteig_PF,99_Bahnsteig_PF
4093721862,63784847970959,99_Bahnsteig_PF,99_Bahnsteig_PF
4093730194,63784847970970,99_Bahnsteig_PF,99_Bahnsteig_PF
4093738525,63784847970981,99_Bahnsteig_PF,99_Bahnsteig_PF
4093755188,63784847970992,99_Bahnsteig_PF,99_Bahnsteig_PF
4093763520,63784847971004,99_Bahnsteig_PF,99_Bahnsteig_PF
4093771851,63784847971015,99_Bahnsteig_PF,99_Bahnsteig_PF
4093788514,63784847971026,99_Bahnsteig_PF,99_Bahnsteig_PF
4093796846,63784847971038,99_Bahnsteig_PF,99_Bahnsteig_PF
4093805177,63784847971048,99_Bahnsteig_PF,99_Bahnsteig_PF
4093821840,63784847971059,99_Bahnsteig_PF,99_Bahnsteig_PF
4093830172,63784847971070,99_Bahnsteig_PF,99_Bahnsteig_PF
4093838503,63784847971081,99_Bahnsteig_PF,99_Bahnsteig_PF
4093855167,63784847971092,99_Bahnsteig_PF,99_Bahnsteig_PF
4093863498,63784847971104,99_Bahnsteig_PF,99_Bahnsteig_PF
4093880161,63784847971115,99_Bahnsteig_PF,99_Bahnsteig_PF
4093888493,63784847971126,99_Bahnsteig_PF,99_Bahnsteig_PF
4093896824,63784847971137,99_Bahnsteig_PF,99_Bahnsteig_PF
4093905156,63784847971148,99_Bahnsteig_PF,99_Bahnsteig_PF
4093921819,63784847971159,99_Bahnsteig_PF,99_Bahnsteig_PF
4093930150,63784847971171,99_Bahnsteig_PF,99_Bahnsteig_PF
4093946813,63784847971182,99_Bahnsteig_PF,99_Bahnsteig_PF
4093955145,63784847971194,99_Bahnsteig_PF,99_Bahnsteig_PF
4093963476,63784847971204,99_Bahnsteig_PF,99_Bahnsteig_PF
4093980139,63784847971216,99_Bahnsteig_PF,99_Bahnsteig_PF
4093988471,63784847971227,99_Bahnsteig_PF,99_Bahnsteig_PF
4093996802,63784847971239,99_Bahnsteig_PF,99_Bahnsteig_PF
4094013465,63784847971249,99_Bahnsteig_PF,99_Bahnsteig_PF
4094021797,63784847971260,99_Bahnsteig_PF,99_Bahnsteig_PF
4094030129,63784847971272,99_Bahnsteig_PF,99_Bahnsteig_PF
4094046792,63784847971283,99_Bahnsteig_PF,99_Bahnsteig_PF
4094055123,63784847971294,99_Bahnsteig_PF,99_Bahnsteig_PF
4094063455,63784847971305,99_Bahnsteig_PF,99_Bahnsteig_PF
4094080118,63784847971316,99_Bahnsteig_PF,99_Bahnsteig_PF
4094088449,63784847971328,99_Bahnsteig_PF,99_Bahnsteig_PF
4094096781,63784847971339,99_Bahnsteig_PF,99_Bahnsteig_PF
4094113444,63784847971350,99_Bahnsteig_PF,99_Bahnsteig_PF
4094121775,63784847971362,99_Bahnsteig_PF,99_Bahnsteig_PF
4094130107,63784847971372,99_Bahnsteig_PF,99_Bahnsteig_PF
4094146770,63784847971383,99_Bahnsteig_PF,99_Bahnsteig_PF
4094155101,63784847971395,99_Bahnsteig_PF,99_Bahnsteig_PF
4094163433,63784847971406,99_Bahnsteig_PF,99_Bahnsteig_PF
4094180096,63784847971417,99_Bahnsteig_PF,99_Bahnsteig_PF
4094188428,63784847971428,99_Bahnsteig_PF,99_Bahnsteig_PF
4094196759,63784847971439,99_Bahnsteig_PF,99_Bahnsteig_PF
4094213422,63784847971450,99_Bahnsteig_PF,99_Bahnsteig_PF
4094221754,63784847971461,99_Bahnsteig_PF,99_Bahnsteig_PF
4094230085,63784847971472,99_Bahnsteig_PF,99_Bahnsteig_PF
4094246748,63784847971483,99_Bahnsteig_PF,99_Bahnsteig_PF
4094255080,63784847971495,99_Bahnsteig_PF,99_Bahnsteig_PF
4094263411,63784847971505,99_Bahnsteig_PF,99_Bahnsteig_PF
4094280074,63784847971517,99_Bahnsteig_PF,99_Bahnsteig_PF
4094288406,63784847971527,99_Bahnsteig_PF,99_Bahnsteig_PF
4094296737,63784847971540,99_Bahnsteig_PF,99_Bahnsteig_PF
4094313400,63784847971550,99_Bahnsteig_PF,99_Bahnsteig_PF
4094321732,63784847971562,99_Bahnsteig_PF,99_Bahnsteig_PF
4094330063,63784847971573,99_Bahnsteig_PF,99_Bahnsteig_PF
4094346726,63784847971585,99_Bahnsteig_PF,99_Bahnsteig_PF
4094355058,63784847971596,99_Bahnsteig_PF,99_Bahnsteig_PF
4094363390,63784847971606,99_Bahnsteig_PF,99_Bahnsteig_PF
4094371721,63784847971618,99_Bahnsteig_PF,99_Bahnsteig_PF
4094371721,63784847971629,99_Bahnsteig_PF,99_Bahnsteig_PF
4094371721,63784847971640,99_Bahnsteig_PF,99_Bahnsteig_PF
4094371721,63784847971651,99_Bahnsteig_PF,99_Bahnsteig_PF
4094371721,63784847971663,99_Bahnsteig_PF,99_Bahnsteig_PF
4094371721,63784847971674,99_Bahnsteig_PF,99_Bahnsteig_PF
4094371721,63784847971685,99_Bahnsteig_PF,99_Bahnsteig_PF
4094371721,63784847971699,99_Bahnsteig_PF,99_Bahnsteig_PF
4094371721,63784847971708,99_Bahnsteig_PF,99_Bahnsteig_PF
4094480031,63784847971718,99_Bahnsteig_PF,99_Bahnsteig_PF
4094488362,63784847971729,99_Bahnsteig_PF,99_Bahnsteig_PF
4094505025,63784847971741,99_Bahnsteig_PF,99_Bahnsteig_PF
4094513357,63784847971753,99_Bahnsteig_PF,99_Bahnsteig_PF
4094521689,63784847971763,99_Bahnsteig_PF,99_Bahnsteig_PF
4094538352,63784847971774,99_Bahnsteig_PF,99_Bahnsteig_PF
4094546683,63784847971786,99_Bahnsteig_PF,99_Bahnsteig_PF
4094555015,63784847971797,99_Bahnsteig_PF,99_Bahnsteig_PF
4094571678,63784847971809,99_Bahnsteig_PF,99_Bahnsteig_PF
4094580009,63784847971820,99_Bahnsteig_PF,99_Bahnsteig_PF
4094588341,63784847971830,99_Bahnsteig_PF,99_Bahnsteig_PF
4094605004,63784847971842,99_Bahnsteig_PF,99_Bahnsteig_PF
4094613335,63784847971853,99_Bahnsteig_PF,99_Bahnsteig_PF
4094621667,63784847971864,99_Bahnsteig_PF,99_Bahnsteig_PF
4094638330,63784847971874,99_Bahnsteig_PF,99_Bahnsteig_PF
4094646661,63784847971886,99_Bahnsteig_PF,99_Bahnsteig_PF
4094654993,63784847971897,99_Bahnsteig_PF,99_Bahnsteig_PF
4094671656,63784847971908,99_Bahnsteig_PF,99_Bahnsteig_PF
4094679987,63784847971919,99_Bahnsteig_PF,99_Bahnsteig_PF
4094688319,63784847971930,99_Bahnsteig_PF,99_Bahnsteig_PF
4094704982,63784847971941,99_Bahnsteig_PF,99_Bahnsteig_PF
4094713314,63784847971953,99_Bahnsteig_PF,99_Bahnsteig_PF
4094721645,63784847971963,99_Bahnsteig_PF,99_Bahnsteig_PF
4094738308,63784847971975,99_Bahnsteig_PF,99_Bahnsteig_PF
4094746640,63784847971986,99_Bahnsteig_PF,99_Bahnsteig_PF
4094754971,63784847971997,99_Bahnsteig_PF,99_Bahnsteig_PF
4094771634,63784847972009,99_Bahnsteig_PF,99_Bahnsteig_PF
4094779966,63784847972020,99_Bahnsteig_PF,99_Bahnsteig_PF
4094788297,63784847972031,99_Bahnsteig_PF,99_Bahnsteig_PF
4094804960,63784847972042,99_Bahnsteig_PF,99_Bahnsteig_PF
4094813292,63784847972054,99_Bahnsteig_PF,99_Bahnsteig_PF
4094821623,63784847972064,99_Bahnsteig_PF,99_Bahnsteig_PF
4094838286,63784847972076,99_Bahnsteig_PF,99_Bahnsteig_PF
4094846618,63784847972087,99_Bahnsteig_PF,99_Bahnsteig_PF
4094863281,63784847972099,99_Bahnsteig_PF,99_Bahnsteig_PF
4094871613,63784847972109,99_Bahnsteig_PF,99_Bahnsteig_PF
4094879944,63784847972120,99_Bahnsteig_PF,99_Bahnsteig_PF
4094888276,63784847972132,99_Bahnsteig_PF,99_Bahnsteig_PF
4094904939,63784847972143,99_Bahnsteig_PF,99_Bahnsteig_PF
4094913270,63784847972154,99_Bahnsteig_PF,99_Bahnsteig_PF
4094921602,63784847972165,99_Bahnsteig_PF,99_Bahnsteig_PF
4094938265,63784847972177,99_Bahnsteig_PF,99_Bahnsteig_PF
4094946596,63784847972188,99_Bahnsteig_PF,99_Bahnsteig_PF
4094963259,63784847972199,99_Bahnsteig_PF,99_Bahnsteig_PF
4094971591,63784847972210,99_Bahnsteig_PF,99_Bahnsteig_PF
4094979922,63784847972221,99_Bahnsteig_PF,99_Bahnsteig_PF
4094996585,63784847972233,99_Bahnsteig_PF,99_Bahnsteig_PF
4095004917,63784847972244,99_Bahnsteig_PF,99_Bahnsteig_PF
4095013248,63784847972254,99_Bahnsteig_PF,99_Bahnsteig_PF
4095029912,63784847972265,99_Bahnsteig_PF,99_Bahnsteig_PF
4095038243,63784847972276,99_Bahnsteig_PF,99_Bahnsteig_PF
4095046575,63784847972288,99_Bahnsteig_PF,99_Bahnsteig_PF
4095063238,63784847972299,99_Bahnsteig_PF,99_Bahnsteig_PF
4095071569,63784847972310,99_Bahnsteig_PF,99_Bahnsteig_PF
4095079901,63784847972321,99_Bahnsteig_PF,99_Bahnsteig_PF
4095096564,63784847972332,99_Bahnsteig_PF,99_Bahnsteig_PF
4095104895,63784847972344,99_Bahnsteig_PF,99_Bahnsteig_PF
4095113227,63784847972355,99_Bahnsteig_PF,99_Bahnsteig_PF
4095129890,63784847972367,99_Bahnsteig_PF,99_Bahnsteig_PF
4095138221,63784847972378,99_Bahnsteig_PF,99_Bahnsteig_PF
4095146553,63784847972389,99_Bahnsteig_PF,99_Bahnsteig_PF
4095163216,63784847972400,99_Bahnsteig_PF,99_Bahnsteig_PF
4095171547,63784847972411,99_Bahnsteig_PF,99_Bahnsteig_PF
4095179879,63784847972422,99_Bahnsteig_PF,99_Bahnsteig_PF
4095196542,63784847972433,99_Bahnsteig_PF,99_Bahnsteig_PF
4095204874,63784847972444,99_Bahnsteig_PF,99_Bahnsteig_PF
4095213205,63784847972456,99_Bahnsteig_PF,99_Bahnsteig_PF
4095229868,63784847972467,99_Bahnsteig_PF,99_Bahnsteig_PF
4095238200,63784847972478,99_Bahnsteig_PF,99_Bahnsteig_PF
4095246531,63784847972489,99_Bahnsteig_PF,99_Bahnsteig_PF
4095263194,63784847972500,99_Bahnsteig_PF,99_Bahnsteig_PF
4095271526,63784847972511,99_Bahnsteig_PF,99_Bahnsteig_PF
4095279857,63784847972523,99_Bahnsteig_PF,99_Bahnsteig_PF
4095296520,63784847972534,99_Bahnsteig_PF,99_Bahnsteig_PF
4095304852,63784847972545,99_Bahnsteig_PF,99_Bahnsteig_PF
4095313183,63784847972556,99_Bahnsteig_PF,99_Bahnsteig_PF
4095329846,63784847972567,99_Bahnsteig_PF,99_Bahnsteig_PF
4095338178,63784847972578,99_Bahnsteig_PF,99_Bahnsteig_PF
4095346509,63784847972590,99_Bahnsteig_PF,99_Bahnsteig_PF
4095363173,63784847972601,99_Bahnsteig_PF,99_Bahnsteig_PF
4095371504,63784847972612,99_Bahnsteig_PF,99_Bahnsteig_PF
4095379836,63784847972623,99_Bahnsteig_PF,99_Bahnsteig_PF
4095396499,63784847972635,99_Bahnsteig_PF,99_Bahnsteig_PF
4095404830,63784847972646,99_Bahnsteig_PF,99_Bahnsteig_PF
4095421493,63784847972657,99_Bahnsteig_PF,99_Bahnsteig_PF
4095429825,63784847972667,99_Bahnsteig_PF,99_Bahnsteig_PF
4095438156,63784847972679,99_Bahnsteig_PF,99_Bahnsteig_PF
4095454819,63784847972690,99_Bahnsteig_PF,99_Bahnsteig_PF
4095463151,63784847972705,99_Bahnsteig_PF,99_Bahnsteig_PF
4095471482,63784847972712,99_Bahnsteig_PF,99_Bahnsteig_PF
4095488145,63784847972723,99_Bahnsteig_PF,99_Bahnsteig_PF
4095496477,63784847972734,99_Bahnsteig_PF,99_Bahnsteig_PF
4095504808,63784847972746,99_Bahnsteig_PF,99_Bahnsteig_PF
4095521472,63784847972757,99_Bahnsteig_PF,99_Bahnsteig_PF
4095529803,63784847972768,99_Bahnsteig_PF,99_Bahnsteig_PF
4095538135,63784847972779,99_Bahnsteig_PF,99_Bahnsteig_PF
4095554798,63784847972791,99_Bahnsteig_PF,99_Bahnsteig_PF
4095563129,63784847972802,99_Bahnsteig_PF,99_Bahnsteig_PF
4095571461,63784847972813,99_Bahnsteig_PF,99_Bahnsteig_PF
4095588124,63784847972824,99_Bahnsteig_PF,99_Bahnsteig_PF
4095596455,63784847972836,99_Bahnsteig_PF,99_Bahnsteig_PF
4095604787,63784847972847,99_Bahnsteig_PF,99_Bahnsteig_PF
4095621450,63784847972858,99_Bahnsteig_PF,99_Bahnsteig_PF
4095629781,63784847972870,99_Bahnsteig_PF,99_Bahnsteig_PF
4095638113,63784847972880,99_Bahnsteig_PF,99_Bahnsteig_PF
4095654776,63784847972891,99_Bahnsteig_PF,99_Bahnsteig_PF
4095663107,63784847972903,99_Bahnsteig_PF,99_Bahnsteig_PF
4095671439,63784847972914,99_Bahnsteig_PF,99_Bahnsteig_PF
4095688102,63784847972925,99_Bahnsteig_PF,99_Bahnsteig_PF
4095704765,63784847972941,99_Bahnsteig_PF,99_Bahnsteig_PF
4095704765,63784847972947,99_Bahnsteig_PF,99_Bahnsteig_PF
4095713097,63784847972954,99_Bahnsteig_PF,99_Bahnsteig_PF
4095729760,63784847972965,None,99_Bahnsteig_PF
4095738091,63784847972976,99_Bahnsteig_PF,99_Bahnsteig_PF
4095746423,63784847972988,99_Bahnsteig_PF,99_Bahnsteig_PF
4095763086,63784847972999,99_Bahnsteig_PF,99_Bahnsteig_PF
4095771417,63784847973010,99_Bahnsteig_PF,99_Bahnsteig_PF
4095779749,63784847973021,99_Bahnsteig_PF,99_Bahnsteig_PF
4095796412,63784847973032,99_Bahnsteig_PF,99_Bahnsteig_PF
4095804743,63784847973043,99_Bahnsteig_PF,99_Bahnsteig_PF
4095813075,63784847973055,99_Bahnsteig_PF,99_Bahnsteig_PF
4095829738,63784847973066,99_Bahnsteig_PF,99_Bahnsteig_PF
4095838069,63784847973077,99_Bahnsteig_PF,99_Bahnsteig_PF
4095846401,63784847973089,99_Bahnsteig_PF,99_Bahnsteig_PF
4095863064,63784847973099,99_Bahnsteig_PF,99_Bahnsteig_PF
4095871396,63784847973111,99_Bahnsteig_PF,99_Bahnsteig_PF
4095879727,63784847973121,99_Bahnsteig_PF,99_Bahnsteig_PF
4095896390,63784847973132,99_Bahnsteig_PF,99_Bahnsteig_PF
4095904722,63784847973143,99_Bahnsteig_PF,99_Bahnsteig_PF
4095913053,63784847973155,99_Bahnsteig_PF,99_Bahnsteig_PF
4095929716,63784847973166,99_Bahnsteig_PF,99_Bahnsteig_PF
4095938048,63784847973177,99_Bahnsteig_PF,99_Bahnsteig_PF
4095946379,63784847973188,99_Bahnsteig_PF,99_Bahnsteig_PF
4095963042,63784847973199,99_Bahnsteig_PF,99_Bahnsteig_PF
4095971374,63784847973210,99_Bahnsteig_PF,99_Bahnsteig_PF
4095979705,63784847973222,99_Bahnsteig_PF,99_Bahnsteig_PF
4095996368,63784847973233,99_Bahnsteig_PF,99_Bahnsteig_PF
4096004700,63784847973244,99_Bahnsteig_PF,99_Bahnsteig_PF
4096013031,63784847973255,99_Bahnsteig_PF,99_Bahnsteig_PF
4096029695,63784847973267,99_Bahnsteig_PF,99_Bahnsteig_PF
4096038026,63784847973278,99_Bahnsteig_PF,99_Bahnsteig_PF
4096046358,63784847973289,99_Bahnsteig_PF,99_Bahnsteig_PF
4096063021,63784847973301,99_Bahnsteig_PF,99_Bahnsteig_PF
4096071352,63784847973312,99_Bahnsteig_PF,99_Bahnsteig_PF
4096079684,63784847973323,99_Bahnsteig_PF,99_Bahnsteig_PF
4096096347,63784847973335,99_Bahnsteig_PF,99_Bahnsteig_PF
4096104678,63784847973345,99_Bahnsteig_PF,99_Bahnsteig_PF
4096121341,63784847973357,99_Bahnsteig_PF,99_Bahnsteig_PF
4096129673,63784847973368,99_Bahnsteig_PF,99_Bahnsteig_PF
4096138004,63784847973379,99_Bahnsteig_PF,99_Bahnsteig_PF
4096154667,63784847973391,99_Bahnsteig_PF,99_Bahnsteig_PF
4096162999,63784847973402,99_Bahnsteig_PF,99_Bahnsteig_PF
4096171330,63784847973414,99_Bahnsteig_PF,99_Bahnsteig_PF
4096187994,63784847973426,99_Bahnsteig_PF,99_Bahnsteig_PF
4096196325,63784847973437,99_Bahnsteig_PF,99_Bahnsteig_PF
4096212988,63784847973448,99_Bahnsteig_PF,99_Bahnsteig_PF
4096221320,63784847973460,99_Bahnsteig_PF,99_Bahnsteig_PF
4096229651,63784847973471,99_Bahnsteig_PF,99_Bahnsteig_PF
4096246314,63784847973483,99_Bahnsteig_PF,99_Bahnsteig_PF
4096254646,63784847973494,99_Bahnsteig_PF,99_Bahnsteig_PF
4096262977,63784847973506,99_Bahnsteig_PF,99_Bahnsteig_PF
4096279640,63784847973517,99_Bahnsteig_PF,99_Bahnsteig_PF
4096287972,63784847973528,99_Bahnsteig_PF,99_Bahnsteig_PF
4096296303,63784847973540,99_Bahnsteig_PF,99_Bahnsteig_PF
4096312966,63784847973551,99_Bahnsteig_PF,99_Bahnsteig_PF
4096321298,63784847973561,99_Bahnsteig_PF,99_Bahnsteig_PF
4096329629,63784847973573,99_Bahnsteig_PF,99_Bahnsteig_PF
4096346292,63784847973584,99_Bahnsteig_PF,99_Bahnsteig_PF
4096354624,63784847973596,99_Bahnsteig_PF,99_Bahnsteig_PF
4096362956,63784847973606,99_Bahnsteig_PF,99_Bahnsteig_PF
4096379619,63784847973618,99_Bahnsteig_PF,99_Bahnsteig_PF
4096387950,63784847973628,99_Bahnsteig_PF,99_Bahnsteig_PF
4096404613,63784847973640,99_Bahnsteig_PF,99_Bahnsteig_PF
4096412945,63784847973651,99_Bahnsteig_PF,99_Bahnsteig_PF
4096421276,63784847973662,99_Bahnsteig_PF,99_Bahnsteig_PF
4096437939,63784847973674,99_Bahnsteig_PF,99_Bahnsteig_PF
4096446271,63784847973685,99_Bahnsteig_PF,99_Bahnsteig_PF
4096454602,63784847973696,99_Bahnsteig_PF,99_Bahnsteig_PF
4096471265,63784847973707,99_Bahnsteig_PF,99_Bahnsteig_PF
4096479597,63784847973717,99_Bahnsteig_PF,99_Bahnsteig_PF
4096487928,63784847973728,99_Bahnsteig_PF,99_Bahnsteig_PF
4096504591,63784847973740,99_Bahnsteig_PF,99_Bahnsteig_PF
4096512923,63784847973751,99_Bahnsteig_PF,99_Bahnsteig_PF
4096521255,63784847973762,99_Bahnsteig_PF,99_Bahnsteig_PF
4096537918,63784847973774,99_Bahnsteig_PF,99_Bahnsteig_PF
4096546249,63784847973785,99_Bahnsteig_PF,99_Bahnsteig_PF
4096554581,63784847973796,99_Bahnsteig_PF,99_Bahnsteig_PF
4096571244,63784847973807,99_Bahnsteig_PF,99_Bahnsteig_PF
4096579575,63784847973818,99_Bahnsteig_PF,99_Bahnsteig_PF
4096587907,63784847973829,99_Bahnsteig_PF,99_Bahnsteig_PF
4096604570,63784847973841,99_Bahnsteig_PF,99_Bahnsteig_PF
4096612901,63784847973851,99_Bahnsteig_PF,99_Bahnsteig_PF
4096621233,63784847973863,99_Bahnsteig_PF,99_Bahnsteig_PF
4096637896,63784847973874,99_Bahnsteig_PF,99_Bahnsteig_PF
4096646227,63784847973885,99_Bahnsteig_PF,99_Bahnsteig_PF
4096654559,63784847973896,99_Bahnsteig_PF,99_Bahnsteig_PF
4096671222,63784847973908,99_Bahnsteig_PF,99_Bahnsteig_PF
4096679553,63784847973919,99_Bahnsteig_PF,99_Bahnsteig_PF
4096687885,63784847973930,99_Bahnsteig_PF,99_Bahnsteig_PF
4096704548,63784847973941,99_Bahnsteig_PF,99_Bahnsteig_PF
4096712880,63784847973952,99_Bahnsteig_PF,99_Bahnsteig_PF
4096721211,63784847973964,99_Bahnsteig_PF,99_Bahnsteig_PF
4096737874,63784847973975,99_Bahnsteig_PF,99_Bahnsteig_PF
4096746206,63784847973986,99_Bahnsteig_PF,99_Bahnsteig_PF
4096754537,63784847973997,99_Bahnsteig_PF,99_Bahnsteig_PF
4096771200,63784847974008,99_Bahnsteig_PF,99_Bahnsteig_PF
4096779532,63784847974020,99_Bahnsteig_PF,99_Bahnsteig_PF
4096787863,63784847974031,99_Bahnsteig_PF,99_Bahnsteig_PF
4096804526,63784847974042,99_Bahnsteig_PF,99_Bahnsteig_PF
4096812858,63784847974053,99_Bahnsteig_PF,99_Bahnsteig_PF
4096821189,63784847974064,99_Bahnsteig_PF,99_Bahnsteig_PF
4096837852,63784847974075,99_Bahnsteig_PF,99_Bahnsteig_PF
4096846184,63784847974087,99_Bahnsteig_PF,99_Bahnsteig_PF
4096854516,63784847974098,99_Bahnsteig_PF,99_Bahnsteig_PF
4096871179,63784847974109,99_Bahnsteig_PF,99_Bahnsteig_PF
4096879510,63784847974120,99_Bahnsteig_PF,99_Bahnsteig_PF
4096896173,63784847974132,99_Bahnsteig_PF,99_Bahnsteig_PF
4096904505,63784847974143,99_Bahnsteig_PF,99_Bahnsteig_PF
4096912836,63784847974153,99_Bahnsteig_PF,99_Bahnsteig_PF
4096921168,63784847974164,99_Bahnsteig_PF,99_Bahnsteig_PF
4096937831,63784847974176,99_Bahnsteig_PF,99_Bahnsteig_PF
4096946162,63784847974186,99_Bahnsteig_PF,99_Bahnsteig_PF
4096962825,63784847974198,99_Bahnsteig_PF,99_Bahnsteig_PF
4096971157,63784847974209,99_Bahnsteig_PF,99_Bahnsteig_PF
4096979488,63784847974221,99_Bahnsteig_PF,99_Bahnsteig_PF
4096996151,63784847974232,99_Bahnsteig_PF,99_Bahnsteig_PF
4097004483,63784847974244,99_Bahnsteig_PF,99_Bahnsteig_PF
4097012814,63784847974254,99_Bahnsteig_PF,99_Bahnsteig_PF
4097029478,63784847974265,99_Bahnsteig_PF,99_Bahnsteig_PF
4097037809,63784847974277,99_Bahnsteig_PF,99_Bahnsteig_PF
4097046141,63784847974288,99_Bahnsteig_PF,99_Bahnsteig_PF
4097062804,63784847974299,99_Bahnsteig_PF,99_Bahnsteig_PF
4097071135,63784847974310,99_Bahnsteig_PF,99_Bahnsteig_PF
4097079467,63784847974321,99_Bahnsteig_PF,99_Bahnsteig_PF
4097096130,63784847974332,99_Bahnsteig_PF,99_Bahnsteig_PF
4097104461,63784847974343,99_Bahnsteig_PF,99_Bahnsteig_PF
4097112793,63784847974355,99_Bahnsteig_PF,99_Bahnsteig_PF
4097129456,63784847974366,99_Bahnsteig_PF,99_Bahnsteig_PF
4097137787,63784847974377,99_Bahnsteig_PF,99_Bahnsteig_PF
4097146119,63784847974388,99_Bahnsteig_PF,99_Bahnsteig_PF
4097162782,63784847974400,99_Bahnsteig_PF,99_Bahnsteig_PF
4097171113,63784847974410,99_Bahnsteig_PF,99_Bahnsteig_PF
4097179445,63784847974421,99_Bahnsteig_PF,99_Bahnsteig_PF
4097196108,63784847974433,99_Bahnsteig_PF,99_Bahnsteig_PF
4097204440,63784847974443,99_Bahnsteig_PF,99_Bahnsteig_PF
4097212771,63784847974455,99_Bahnsteig_PF,99_Bahnsteig_PF
4097229434,63784847974466,99_Bahnsteig_PF,99_Bahnsteig_PF
4097237766,63784847974478,99_Bahnsteig_PF,99_Bahnsteig_PF
4097246097,63784847974489,99_Bahnsteig_PF,99_Bahnsteig_PF
4097262760,63784847974500,99_Bahnsteig_PF,99_Bahnsteig_PF
4097271092,63784847974511,99_Bahnsteig_PF,99_Bahnsteig_PF
4097279423,63784847974523,99_Bahnsteig_PF,99_Bahnsteig_PF
4097296086,63784847974534,99_Bahnsteig_PF,99_Bahnsteig_PF
4097304418,63784847974545,99_Bahnsteig_PF,99_Bahnsteig_PF
4097312749,63784847974556,99_Bahnsteig_PF,99_Bahnsteig_PF
4097329412,63784847974567,99_Bahnsteig_PF,99_Bahnsteig_PF
4097337744,63784847974579,99_Bahnsteig_PF,99_Bahnsteig_PF
4097346075,63784847974589,99_Bahnsteig_PF,99_Bahnsteig_PF
4097362739,63784847974601,99_Bahnsteig_PF,99_Bahnsteig_PF
4097371070,63784847974612,99_Bahnsteig_PF,99_Bahnsteig_PF
4097379402,63784847974623,99_Bahnsteig_PF,99_Bahnsteig_PF
4097396065,63784847974635,99_Bahnsteig_PF,99_Bahnsteig_PF
4097404396,63784847974646,99_Bahnsteig_PF,99_Bahnsteig_PF
4097412728,63784847974656,99_Bahnsteig_PF,99_Bahnsteig_PF
4097429391,63784847974667,99_Bahnsteig_PF,99_Bahnsteig_PF
4097437722,63784847974678,99_Bahnsteig_PF,99_Bahnsteig_PF
4097454385,63784847974690,99_Bahnsteig_PF,99_Bahnsteig_PF
4097462717,63784847974700,99_Bahnsteig_PF,99_Bahnsteig_PF
4097471048,63784847974712,99_Bahnsteig_PF,99_Bahnsteig_PF
4097487711,63784847974723,99_Bahnsteig_PF,99_Bahnsteig_PF
4097496043,63784847974734,99_Bahnsteig_PF,99_Bahnsteig_PF
4097504374,63784847974745,99_Bahnsteig_PF,99_Bahnsteig_PF
4097521038,63784847974757,99_Bahnsteig_PF,99_Bahnsteig_PF
4097529369,63784847974768,99_Bahnsteig_PF,99_Bahnsteig_PF
4097537701,63784847974779,99_Bahnsteig_PF,99_Bahnsteig_PF
4097554364,63784847974790,99_Bahnsteig_PF,99_Bahnsteig_PF
4097562695,63784847974801,99_Bahnsteig_PF,99_Bahnsteig_PF
4097571027,63784847974812,99_Bahnsteig_PF,99_Bahnsteig_PF
4097587690,63784847974824,99_Bahnsteig_PF,99_Bahnsteig_PF
4097596021,63784847974834,99_Bahnsteig_PF,99_Bahnsteig_PF
4097604353,63784847974846,99_Bahnsteig_PF,99_Bahnsteig_PF
4097621016,63784847974857,99_Bahnsteig_PF,99_Bahnsteig_PF
4097629347,63784847974869,99_Bahnsteig_PF,99_Bahnsteig_PF
4097637679,63784847974879,99_Bahnsteig_PF,99_Bahnsteig_PF
4097654342,63784847974891,99_Bahnsteig_PF,99_Bahnsteig_PF
4097662673,63784847974902,99_Bahnsteig_PF,99_Bahnsteig_PF
4097671005,63784847974913,99_Bahnsteig_PF,99_Bahnsteig_PF
4097687668,63784847974924,99_Bahnsteig_PF,99_Bahnsteig_PF
4097696000,63784847974935,99_Bahnsteig_PF,99_Bahnsteig_PF
4097704331,63784847974946,99_Bahnsteig_PF,99_Bahnsteig_PF
4097720994,63784847974957,99_Bahnsteig_PF,99_Bahnsteig_PF
4097729326,63784847974968,99_Bahnsteig_PF,99_Bahnsteig_PF
4097737657,63784847974980,99_Bahnsteig_PF,99_Bahnsteig_PF
4097754320,63784847974991,99_Bahnsteig_PF,99_Bahnsteig_PF
4097762652,63784847975002,99_Bahnsteig_PF,99_Bahnsteig_PF
4097770983,63784847975013,99_Bahnsteig_PF,99_Bahnsteig_PF
4097787646,63784847975025,99_Bahnsteig_PF,99_Bahnsteig_PF
4097795978,63784847975036,99_Bahnsteig_PF,99_Bahnsteig_PF
4097804309,63784847975047,99_Bahnsteig_PF,99_Bahnsteig_PF
4097820972,63784847975059,99_Bahnsteig_PF,99_Bahnsteig_PF
4097829304,63784847975069,99_Bahnsteig_PF,99_Bahnsteig_PF
4097837635,63784847975081,99_Bahnsteig_PF,99_Bahnsteig_PF
4097854299,63784847975092,99_Bahnsteig_PF,99_Bahnsteig_PF
4097862630,63784847975103,99_Bahnsteig_PF,99_Bahnsteig_PF
4097870962,63784847975114,99_Bahnsteig_PF,99_Bahnsteig_PF
4097887625,63784847975126,99_Bahnsteig_PF,99_Bahnsteig_PF
4097895956,63784847975137,99_Bahnsteig_PF,99_Bahnsteig_PF
4097904288,63784847975148,99_Bahnsteig_PF,99_Bahnsteig_PF
4097920951,63784847975159,99_Bahnsteig_PF,99_Bahnsteig_PF
4097929282,63784847975172,99_Bahnsteig_PF,99_Bahnsteig_PF
4097937614,63784847975180,99_Bahnsteig_PF,99_Bahnsteig_PF
4097954277,63784847975191,99_Bahnsteig_PF,99_Bahnsteig_PF
4097962608,63784847975203,99_Bahnsteig_PF,99_Bahnsteig_PF
4097979271,63784847975214,99_Bahnsteig_PF,99_Bahnsteig_PF
4097987603,63784847975226,99_Bahnsteig_PF,99_Bahnsteig_PF
4097995934,63784847975236,99_Bahnsteig_PF,99_Bahnsteig_PF
4098012597,63784847975248,99_Bahnsteig_PF,99_Bahnsteig_PF
4098020929,63784847975259,99_Bahnsteig_PF,99_Bahnsteig_PF
4098029261,63784847975271,99_Bahnsteig_PF,99_Bahnsteig_PF
4098045924,63784847975281,99_Bahnsteig_PF,99_Bahnsteig_PF
4098054255,63784847975292,99_Bahnsteig_PF,99_Bahnsteig_PF
4098062587,63784847975303,99_Bahnsteig_PF,99_Bahnsteig_PF
4098079250,63784847975315,99_Bahnsteig_PF,99_Bahnsteig_PF
4098087581,63784847975326,99_Bahnsteig_PF,99_Bahnsteig_PF
4098095913,63784847975338,99_Bahnsteig_PF,99_Bahnsteig_PF
4098112576,63784847975348,99_Bahnsteig_PF,99_Bahnsteig_PF
4098120907,63784847975360,99_Bahnsteig_PF,99_Bahnsteig_PF
4098129239,63784847975371,99_Bahnsteig_PF,99_Bahnsteig_PF
4098145902,63784847975382,99_Bahnsteig_PF,99_Bahnsteig_PF
4098154233,63784847975393,99_Bahnsteig_PF,99_Bahnsteig_PF
4098162565,63784847975405,99_Bahnsteig_PF,99_Bahnsteig_PF
4098179228,63784847975416,99_Bahnsteig_PF,99_Bahnsteig_PF
4098187560,63784847975426,99_Bahnsteig_PF,99_Bahnsteig_PF
4098195891,63784847975438,99_Bahnsteig_PF,99_Bahnsteig_PF
4098212554,63784847975449,99_Bahnsteig_PF,99_Bahnsteig_PF
4098220886,63784847975461,99_Bahnsteig_PF,99_Bahnsteig_PF
4098229217,63784847975471,99_Bahnsteig_PF,99_Bahnsteig_PF
4098245880,63784847975483,99_Bahnsteig_PF,99_Bahnsteig_PF
4098254212,63784847975494,99_Bahnsteig_PF,99_Bahnsteig_PF
4098262543,63784847975505,99_Bahnsteig_PF,99_Bahnsteig_PF
4098279206,63784847975517,99_Bahnsteig_PF,99_Bahnsteig_PF
4098287538,63784847975527,99_Bahnsteig_PF,99_Bahnsteig_PF
4098295869,63784847975538,99_Bahnsteig_PF,99_Bahnsteig_PF
4098312532,63784847975550,99_Bahnsteig_PF,99_Bahnsteig_PF
4098320864,63784847975561,99_Bahnsteig_PF,99_Bahnsteig_PF
4098329195,63784847975572,99_Bahnsteig_PF,99_Bahnsteig_PF
4098345858,63784847975583,99_Bahnsteig_PF,99_Bahnsteig_PF
4098354190,63784847975595,99_Bahnsteig_PF,99_Bahnsteig_PF
4098362522,63784847975606,99_Bahnsteig_PF,99_Bahnsteig_PF
4098379185,63784847975617,99_Bahnsteig_PF,99_Bahnsteig_PF
4098387516,63784847975628,99_Bahnsteig_PF,99_Bahnsteig_PF
4098395848,63784847975639,99_Bahnsteig_PF,99_Bahnsteig_PF
4098412511,63784847975650,99_Bahnsteig_PF,99_Bahnsteig_PF
4098420842,63784847975661,99_Bahnsteig_PF,99_Bahnsteig_PF
4098429174,63784847975672,99_Bahnsteig_PF,99_Bahnsteig_PF
4098445837,63784847975684,99_Bahnsteig_PF,99_Bahnsteig_PF
4098454168,63784847975695,99_Bahnsteig_PF,99_Bahnsteig_PF
4098462500,63784847975706,99_Bahnsteig_PF,99_Bahnsteig_PF
4098479163,63784847975719,99_Bahnsteig_PF,99_Bahnsteig_PF
4098487494,63784847975728,99_Bahnsteig_PF,99_Bahnsteig_PF
4098504157,63784847975740,99_Bahnsteig_PF,99_Bahnsteig_PF
4098512489,63784847975751,99_Bahnsteig_PF,99_Bahnsteig_PF
4098520821,63784847975761,99_Bahnsteig_PF,99_Bahnsteig_PF
4098537484,63784847975773,99_Bahnsteig_PF,99_Bahnsteig_PF
4098545815,63784847975784,99_Bahnsteig_PF,99_Bahnsteig_PF
4098554147,63784847975796,99_Bahnsteig_PF,99_Bahnsteig_PF
4098570810,63784847975807,99_Bahnsteig_PF,99_Bahnsteig_PF
4098579141,63784847975818,99_Bahnsteig_PF,99_Bahnsteig_PF
4098587473,63784847975829,99_Bahnsteig_PF,99_Bahnsteig_PF
4098604136,63784847975840,99_Bahnsteig_PF,99_Bahnsteig_PF
4098612467,63784847975852,99_Bahnsteig_PF,99_Bahnsteig_PF
4098620799,63784847975863,99_Bahnsteig_PF,99_Bahnsteig_PF
4098637462,63784847975874,99_Bahnsteig_PF,99_Bahnsteig_PF
4098645793,63784847975884,99_Bahnsteig_PF,99_Bahnsteig_PF
4098654125,63784847975896,99_Bahnsteig_PF,99_Bahnsteig_PF
4098670788,63784847975906,99_Bahnsteig_PF,99_Bahnsteig_PF
4098679119,63784847975918,99_Bahnsteig_PF,99_Bahnsteig_PF
4098687451,63784847975929,99_Bahnsteig_PF,99_Bahnsteig_PF
4098704114,63784847975941,99_Bahnsteig_PF,99_Bahnsteig_PF
4098712446,63784847975951,99_Bahnsteig_PF,99_Bahnsteig_PF
4098720777,63784847975963,99_Bahnsteig_PF,99_Bahnsteig_PF
4098737440,63784847975974,99_Bahnsteig_PF,99_Bahnsteig_PF
4098745772,63784847975985,99_Bahnsteig_PF,99_Bahnsteig_PF
4098754103,63784847975997,99_Bahnsteig_PF,99_Bahnsteig_PF
4098770766,63784847976008,99_Bahnsteig_PF,99_Bahnsteig_PF
4098779098,63784847976018,99_Bahnsteig_PF,99_Bahnsteig_PF
4098787429,63784847976030,99_Bahnsteig_PF,99_Bahnsteig_PF
4098804092,63784847976041,99_Bahnsteig_PF,99_Bahnsteig_PF
4098812424,63784847976052,99_Bahnsteig_PF,99_Bahnsteig_PF
4098820755,63784847976064,99_Bahnsteig_PF,99_Bahnsteig_PF
4098837418,63784847976074,99_Bahnsteig_PF,99_Bahnsteig_PF
4098845750,63784847976086,99_Bahnsteig_PF,99_Bahnsteig_PF
4098854082,63784847976097,99_Bahnsteig_PF,99_Bahnsteig_PF
4098870745,63784847976109,99_Bahnsteig_PF,99_Bahnsteig_PF
4098879076,63784847976119,99_Bahnsteig_PF,99_Bahnsteig_PF
4098887408,63784847976131,99_Bahnsteig_PF,99_Bahnsteig_PF
4098904071,63784847976141,99_Bahnsteig_PF,99_Bahnsteig_PF
4098912402,63784847976152,99_Bahnsteig_PF,99_Bahnsteig_PF
4098920734,63784847976164,None,None
4098937397,63784847976175,99_Bahnsteig_PF,99_Bahnsteig_PF
4098945728,63784847976186,99_Bahnsteig_PF,99_Bahnsteig_PF
4098962391,63784847976197,99_Bahnsteig_PF,99_Bahnsteig_PF
4098970723,63784847976209,99_Bahnsteig_PF,99_Bahnsteig_PF
4098979054,63784847976219,99_Bahnsteig_PF,99_Bahnsteig_PF
4098995717,63784847976231,99_Bahnsteig_PF,99_Bahnsteig_PF
4099004049,63784847976242,99_Bahnsteig_PF,99_Bahnsteig_PF
4099012380,63784847976253,99_Bahnsteig_PF,99_Bahnsteig_PF
4099029044,63784847976264,99_Bahnsteig_PF,99_Bahnsteig_PF
4099037375,63784847976276,99_Bahnsteig_PF,99_Bahnsteig_PF
4099045707,63784847976287,99_Bahnsteig_PF,99_Bahnsteig_PF
4099062370,63784847976298,99_Bahnsteig_PF,99_Bahnsteig_PF
4099070701,63784847976309,99_Bahnsteig_PF,99_Bahnsteig_PF
4099087364,63784847976327,99_Bahnsteig_PF,99_Bahnsteig_PF
4099095696,63784847976333,99_Bahnsteig_PF,99_Bahnsteig_PF
4099095696,63784847976337,99_Bahnsteig_PF,99_Bahnsteig_PF
4099112359,63784847976349,99_Bahnsteig_PF,99_Bahnsteig_PF
4099120690,63784847976360,99_Bahnsteig_PF,99_Bahnsteig_PF
4099129022,63784847976372,99_Bahnsteig_PF,99_Bahnsteig_PF
4099145685,63784847976383,99_Bahnsteig_PF,99_Bahnsteig_PF
4099154016,63784847976394,99_Bahnsteig_PF,99_Bahnsteig_PF
4099162348,63784847976405,99_Bahnsteig_PF,99_Bahnsteig_PF
4099179011,63784847976416,99_Bahnsteig_PF,99_Bahnsteig_PF
4099187343,63784847976427,99_Bahnsteig_PF,99_Bahnsteig_PF
4099195674,63784847976438,99_Bahnsteig_PF,99_Bahnsteig_PF
4099212337,63784847976449,99_Bahnsteig_PF,99_Bahnsteig_PF
4099220669,63784847976460,99_Bahnsteig_PF,99_Bahnsteig_PF
4099229000,63784847976471,99_Bahnsteig_PF,99_Bahnsteig_PF
4099245663,63784847976483,99_Bahnsteig_PF,99_Bahnsteig_PF
4099253995,63784847976494,99_Bahnsteig_PF,99_Bahnsteig_PF
4099262326,63784847976505,99_Bahnsteig_PF,99_Bahnsteig_PF
4099278989,63784847976517,99_Bahnsteig_PF,99_Bahnsteig_PF
4099287321,63784847976528,99_Bahnsteig_PF,99_Bahnsteig_PF
4099295652,63784847976539,99_Bahnsteig_PF,99_Bahnsteig_PF
4099312315,63784847976550,99_Bahnsteig_PF,99_Bahnsteig_PF
4099320647,63784847976561,99_Bahnsteig_PF,99_Bahnsteig_PF
4099328978,63784847976572,99_Bahnsteig_PF,99_Bahnsteig_PF
4099345641,63784847976584,99_Bahnsteig_PF,99_Bahnsteig_PF
4099353973,63784847976595,99_Bahnsteig_PF,99_Bahnsteig_PF
4099370636,63784847976606,99_Bahnsteig_PF,99_Bahnsteig_PF
4099378968,63784847976617,99_Bahnsteig_PF,99_Bahnsteig_PF
4099387299,63784847976629,99_Bahnsteig_PF,99_Bahnsteig_PF
4099403962,63784847976640,99_Bahnsteig_PF,99_Bahnsteig_PF
4099412294,63784847976651,99_Bahnsteig_PF,99_Bahnsteig_PF
4099420625,63784847976661,99_Bahnsteig_PF,99_Bahnsteig_PF
4099437288,63784847976674,99_Bahnsteig_PF,99_Bahnsteig_PF
4099445620,63784847976684,99_Bahnsteig_PF,99_Bahnsteig_PF
4099453951,63784847976695,99_Bahnsteig_PF,99_Bahnsteig_PF
4099470614,63784847976706,99_Bahnsteig_PF,99_Bahnsteig_PF
4099478946,63784847976719,99_Bahnsteig_PF,99_Bahnsteig_PF
4099487277,63784847976729,99_Bahnsteig_PF,99_Bahnsteig_PF
4099503940,63784847976741,99_Bahnsteig_PF,99_Bahnsteig_PF
4099512272,63784847976752,99_Bahnsteig_PF,99_Bahnsteig_PF
4099528935,63784847976764,99_Bahnsteig_PF,99_Bahnsteig_PF
4099537267,63784847976776,99_Bahnsteig_PF,99_Bahnsteig_PF
4099545598,63784847976787,99_Bahnsteig_PF,99_Bahnsteig_PF
4099562261,63784847976798,99_Bahnsteig_PF,99_Bahnsteig_PF
4099570593,63784847976810,99_Bahnsteig_PF,99_Bahnsteig_PF
4099578924,63784847976821,99_Bahnsteig_PF,99_Bahnsteig_PF
4099595587,63784847976832,99_Bahnsteig_PF,99_Bahnsteig_PF
4099603919,63784847976844,99_Bahnsteig_PF,99_Bahnsteig_PF
4099612250,63784847976855,99_Bahnsteig_PF,99_Bahnsteig_PF
4099628913,63784847976867,99_Bahnsteig_PF,99_Bahnsteig_PF
4099637245,63784847976878,99_Bahnsteig_PF,99_Bahnsteig_PF
4099653908,63784847976889,99_Bahnsteig_PF,99_Bahnsteig_PF
4099662239,63784847976902,99_Bahnsteig_PF,99_Bahnsteig_PF
4099670571,63784847976912,99_Bahnsteig_PF,99_Bahnsteig_PF
4099687234,63784847976924,99_Bahnsteig_PF,99_Bahnsteig_PF
4099695566,63784847976935,99_Bahnsteig_PF,99_Bahnsteig_PF
4099703897,63784847976946,99_Bahnsteig_PF,99_Bahnsteig_PF
4099720560,63784847976957,99_Bahnsteig_PF,99_Bahnsteig_PF
4099728892,63784847976968,99_Bahnsteig_PF,99_Bahnsteig_PF
4099737223,63784847976980,99_Bahnsteig_PF,99_Bahnsteig_PF
4099753886,63784847976991,99_Bahnsteig_PF,99_Bahnsteig_PF
4099762218,63784847977002,99_Bahnsteig_PF,99_Bahnsteig_PF
4099770549,63784847977013,99_Bahnsteig_PF,99_Bahnsteig_PF
4099787212,63784847977024,99_Bahnsteig_PF,99_Bahnsteig_PF
4099795544,63784847977035,99_Bahnsteig_PF,99_Bahnsteig_PF
4099803875,63784847977047,99_Bahnsteig_PF,99_Bahnsteig_PF
4099820538,63784847977058,99_Bahnsteig_PF,99_Bahnsteig_PF
4099828870,63784847977069,99_Bahnsteig_PF,99_Bahnsteig_PF
4099837201,63784847977079,99_Bahnsteig_PF,99_Bahnsteig_PF
4099853865,63784847977090,99_Bahnsteig_PF,99_Bahnsteig_PF
4099862196,63784847977102,99_Bahnsteig_PF,99_Bahnsteig_PF
4099870528,63784847977113,99_Bahnsteig_PF,99_Bahnsteig_PF
4099887191,63784847977124,99_Bahnsteig_PF,99_Bahnsteig_PF
4099895522,63784847977135,99_Bahnsteig_PF,99_Bahnsteig_PF
4099903854,63784847977147,99_Bahnsteig_PF,99_Bahnsteig_PF
4099920517,63784847977158,99_Bahnsteig_PF,99_Bahnsteig_PF
4099928848,63784847977169,99_Bahnsteig_PF,99_Bahnsteig_PF
4099937180,63784847977180,99_Bahnsteig_PF,99_Bahnsteig_PF
4099953843,63784847977191,99_Bahnsteig_PF,99_Bahnsteig_PF
4099962174,63784847977202,99_Bahnsteig_PF,99_Bahnsteig_PF
4099978837,63784847977214,99_Bahnsteig_PF,99_Bahnsteig_PF
4099987169,63784847977225,99_Bahnsteig_PF,99_Bahnsteig_PF
4099995500,63784847977236,99_Bahnsteig_PF,99_Bahnsteig_PF
4100012163,63784847977248,99_Bahnsteig_PF,99_Bahnsteig_PF
4100020495,63784847977259,99_Bahnsteig_PF,99_Bahnsteig_PF
4100028827,63784847977270,99_Bahnsteig_PF,99_Bahnsteig_PF
4100045490,63784847977281,99_Bahnsteig_PF,99_Bahnsteig_PF
4100053821,63784847977292,99_Bahnsteig_PF,99_Bahnsteig_PF
4100062153,63784847977303,99_Bahnsteig_PF,99_Bahnsteig_PF
4100078816,63784847977315,99_Bahnsteig_PF,99_Bahnsteig_PF
4100087147,63784847977326,99_Bahnsteig_PF,99_Bahnsteig_PF
4100095479,63784847977337,99_Bahnsteig_PF,99_Bahnsteig_PF
4100112142,63784847977347,99_Bahnsteig_PF,99_Bahnsteig_PF
4100120473,63784847977359,99_Bahnsteig_PF,99_Bahnsteig_PF
4100128805,63784847977370,99_Bahnsteig_PF,99_Bahnsteig_PF
4100145468,63784847977381,99_Bahnsteig_PF,99_Bahnsteig_PF
4100153799,63784847977392,99_Bahnsteig_PF,99_Bahnsteig_PF
4100162131,63784847977403,99_Bahnsteig_PF,99_Bahnsteig_PF
4100178794,63784847977415,99_Bahnsteig_PF,99_Bahnsteig_PF
4100187126,63784847977426,99_Bahnsteig_PF,99_Bahnsteig_PF
4100195457,63784847977437,99_Bahnsteig_PF,99_Bahnsteig_PF
4100212120,63784847977449,99_Bahnsteig_PF,99_Bahnsteig_PF
4100220452,63784847977460,99_Bahnsteig_PF,99_Bahnsteig_PF
4100228783,63784847977471,99_Bahnsteig_PF,99_Bahnsteig_PF
4100245446,63784847977483,99_Bahnsteig_PF,99_Bahnsteig_PF
4100253778,63784847977493,99_Bahnsteig_PF,99_Bahnsteig_PF
4100262109,63784847977505,99_Bahnsteig_PF,99_Bahnsteig_PF
4100278772,63784847977516,99_Bahnsteig_PF,99_Bahnsteig_PF
4100287104,63784847977527,99_Bahnsteig_PF,99_Bahnsteig_PF
4100295435,63784847977538,99_Bahnsteig_PF,99_Bahnsteig_PF
4100312098,63784847977550,99_Bahnsteig_PF,99_Bahnsteig_PF
4100320430,63784847977560,99_Bahnsteig_PF,99_Bahnsteig_PF
4100328761,63784847977571,99_Bahnsteig_PF,99_Bahnsteig_PF
4100345424,63784847977582,99_Bahnsteig_PF,99_Bahnsteig_PF
4100353756,63784847977593,99_Bahnsteig_PF,99_Bahnsteig_PF
4100362088,63784847977604,99_Bahnsteig_PF,99_Bahnsteig_PF
4100378751,63784847977616,99_Bahnsteig_PF,99_Bahnsteig_PF
4100378751,63784847977627,99_Bahnsteig_PF,99_Bahnsteig_PF
4100378751,63784847977639,99_Bahnsteig_PF,99_Bahnsteig_PF
4100378751,63784847977649,99_Bahnsteig_PF,99_Bahnsteig_PF
4100378751,63784847977661,99_Bahnsteig_PF,99_Bahnsteig_PF
4100378751,63784847977672,99_Bahnsteig_PF,99_Bahnsteig_PF
4100378751,63784847977683,99_Bahnsteig_PF,99_Bahnsteig_PF
4100378751,63784847977695,99_Bahnsteig_PF,99_Bahnsteig_PF
4100378751,63784847977705,99_Bahnsteig_PF,99_Bahnsteig_PF
4100453734,63784847977717,None,None
4100487060,63784847977729,99_Bahnsteig_PF,99_Bahnsteig_PF
4100503723,63784847977739,99_Bahnsteig_PF,99_Bahnsteig_PF
4100512055,63784847977750,99_Bahnsteig_PF,99_Bahnsteig_PF
4100520387,63784847977761,99_Bahnsteig_PF,99_Bahnsteig_PF
4100537050,63784847977772,99_Bahnsteig_PF,99_Bahnsteig_PF
4100545381,63784847977784,99_Bahnsteig_PF,99_Bahnsteig_PF
4100553713,63784847977794,99_Bahnsteig_PF,99_Bahnsteig_PF
4100570376,63784847977806,99_Bahnsteig_PF,99_Bahnsteig_PF
4100578707,63784847977817,99_Bahnsteig_PF,99_Bahnsteig_PF
4100587039,63784847977829,99_Bahnsteig_PF,99_Bahnsteig_PF
4100603702,63784847977839,99_Bahnsteig_PF,99_Bahnsteig_PF
4100612033,63784847977851,99_Bahnsteig_PF,99_Bahnsteig_PF
4100620365,63784847977862,99_Bahnsteig_PF,99_Bahnsteig_PF
4100637028,63784847977873,99_Bahnsteig_PF,99_Bahnsteig_PF
4100645359,63784847977884,99_Bahnsteig_PF,99_Bahnsteig_PF
4100653691,63784847977896,99_Bahnsteig_PF,99_Bahnsteig_PF
4100670354,63784847977906,99_Bahnsteig_PF,99_Bahnsteig_PF
4100678685,63784847977918,99_Bahnsteig_PF,99_Bahnsteig_PF
4100687017,63784847977929,99_Bahnsteig_PF,99_Bahnsteig_PF
4100703680,63784847977941,99_Bahnsteig_PF,99_Bahnsteig_PF
4100712012,63784847977951,99_Bahnsteig_PF,99_Bahnsteig_PF
4100720343,63784847977962,99_Bahnsteig_PF,99_Bahnsteig_PF
4100737006,63784847977974,99_Bahnsteig_PF,99_Bahnsteig_PF
4100745338,63784847977985,99_Bahnsteig_PF,99_Bahnsteig_PF
4100753669,63784847977997,99_Bahnsteig_PF,99_Bahnsteig_PF
4100770332,63784847978007,99_Bahnsteig_PF,99_Bahnsteig_PF
4100778664,63784847978019,99_Bahnsteig_PF,99_Bahnsteig_PF
4100786995,63784847978030,99_Bahnsteig_PF,99_Bahnsteig_PF
4100803658,63784847978040,99_Bahnsteig_PF,99_Bahnsteig_PF
4100811990,63784847978051,99_Bahnsteig_PF,99_Bahnsteig_PF
4100820321,63784847978062,99_Bahnsteig_PF,99_Bahnsteig_PF
4100836984,63784847978073,99_Bahnsteig_PF,99_Bahnsteig_PF
4100845316,63784847978085,99_Bahnsteig_PF,99_Bahnsteig_PF
4100853648,63784847978096,99_Bahnsteig_PF,99_Bahnsteig_PF
4100870311,63784847978107,99_Bahnsteig_PF,99_Bahnsteig_PF
4100878642,63784847978118,99_Bahnsteig_PF,99_Bahnsteig_PF
4100886974,63784847978129,99_Bahnsteig_PF,99_Bahnsteig_PF
4100903637,63784847978141,99_Bahnsteig_PF,99_Bahnsteig_PF
4100911968,63784847978153,99_Bahnsteig_PF,99_Bahnsteig_PF
4100920300,63784847978163,99_Bahnsteig_PF,99_Bahnsteig_PF
4100936963,63784847978175,99_Bahnsteig_PF,99_Bahnsteig_PF
4100945294,63784847978185,99_Bahnsteig_PF,99_Bahnsteig_PF
4100953626,63784847978197,99_Bahnsteig_PF,99_Bahnsteig_PF
4100970289,63784847978208,99_Bahnsteig_PF,99_Bahnsteig_PF
4100978620,63784847978219,99_Bahnsteig_PF,99_Bahnsteig_PF
4100986952,63784847978230,99_Bahnsteig_PF,99_Bahnsteig_PF
4101003615,63784847978241,99_Bahnsteig_PF,99_Bahnsteig_PF
4101011946,63784847978253,99_Bahnsteig_PF,99_Bahnsteig_PF
4101028610,63784847978264,99_Bahnsteig_PF,99_Bahnsteig_PF
4101036941,63784847978275,99_Bahnsteig_PF,99_Bahnsteig_PF
4101045273,63784847978287,99_Bahnsteig_PF,99_Bahnsteig_PF
4101061936,63784847978298,99_Bahnsteig_PF,99_Bahnsteig_PF
4101070267,63784847978309,99_Bahnsteig_PF,99_Bahnsteig_PF
4101078599,63784847978320,99_Bahnsteig_PF,99_Bahnsteig_PF
4101095262,63784847978332,99_Bahnsteig_PF,99_Bahnsteig_PF
4101103593,63784847978342,99_Bahnsteig_PF,99_Bahnsteig_PF
4101111925,63784847978353,99_Bahnsteig_PF,99_Bahnsteig_PF
4101128588,63784847978365,99_Bahnsteig_PF,99_Bahnsteig_PF
4101136919,63784847978376,99_Bahnsteig_PF,99_Bahnsteig_PF
4101145251,63784847978387,99_Bahnsteig_PF,99_Bahnsteig_PF
4101161914,63784847978398,99_Bahnsteig_PF,99_Bahnsteig_PF
4101170245,63784847978410,99_Bahnsteig_PF,99_Bahnsteig_PF
4101178577,63784847978421,99_Bahnsteig_PF,99_Bahnsteig_PF
4101195240,63784847978432,99_Bahnsteig_PF,99_Bahnsteig_PF
4101203572,63784847978444,99_Bahnsteig_PF,99_Bahnsteig_PF
4101211903,63784847978454,99_Bahnsteig_PF,99_Bahnsteig_PF
4101228566,63784847978466,99_Bahnsteig_PF,99_Bahnsteig_PF
4101236898,63784847978475,99_Bahnsteig_PF,99_Bahnsteig_PF
4101245229,63784847978487,99_Bahnsteig_PF,99_Bahnsteig_PF
4101261892,63784847978498,99_Bahnsteig_PF,99_Bahnsteig_PF
4101270224,63784847978510,99_Bahnsteig_PF,99_Bahnsteig_PF
4101278555,63784847978521,99_Bahnsteig_PF,99_Bahnsteig_PF
4101295218,63784847978532,99_Bahnsteig_PF,99_Bahnsteig_PF
4101303550,63784847978543,99_Bahnsteig_PF,99_Bahnsteig_PF
4101311881,63784847978554,99_Bahnsteig_PF,99_Bahnsteig_PF
4101328544,63784847978565,99_Bahnsteig_PF,99_Bahnsteig_PF
4101336876,63784847978577,99_Bahnsteig_PF,99_Bahnsteig_PF
4101345207,63784847978588,99_Bahnsteig_PF,99_Bahnsteig_PF
4101361871,63784847978599,99_Bahnsteig_PF,99_Bahnsteig_PF
4101370202,63784847978610,99_Bahnsteig_PF,99_Bahnsteig_PF
4101386865,63784847978622,99_Bahnsteig_PF,99_Bahnsteig_PF
4101395197,63784847978633,99_Bahnsteig_PF,99_Bahnsteig_PF
4101403528,63784847978644,99_Bahnsteig_PF,99_Bahnsteig_PF
4101411860,63784847978655,99_Bahnsteig_PF,99_Bahnsteig_PF
4101428523,63784847978666,99_Bahnsteig_PF,99_Bahnsteig_PF
4101436854,63784847978677,99_Bahnsteig_PF,99_Bahnsteig_PF
4101445186,63784847978689,99_Bahnsteig_PF,99_Bahnsteig_PF
4101461849,63784847978699,99_Bahnsteig_PF,99_Bahnsteig_PF
4101470180,63784847978711,99_Bahnsteig_PF,99_Bahnsteig_PF
4101478512,63784847978722,99_Bahnsteig_PF,99_Bahnsteig_PF
4101495175,63784847978735,99_Bahnsteig_PF,99_Bahnsteig_PF
4101503506,63784847978744,99_Bahnsteig_PF,99_Bahnsteig_PF
4101520170,63784847978756,99_Bahnsteig_PF,99_Bahnsteig_PF
4101528501,63784847978767,99_Bahnsteig_PF,99_Bahnsteig_PF
4101536833,63784847978779,99_Bahnsteig_PF,99_Bahnsteig_PF
4101545164,63784847978789,99_Bahnsteig_PF,99_Bahnsteig_PF
4101561827,63784847978801,99_Bahnsteig_PF,99_Bahnsteig_PF
4101570159,63784847978811,99_Bahnsteig_PF,99_Bahnsteig_PF
4101586822,63784847978823,99_Bahnsteig_PF,99_Bahnsteig_PF
4101595153,63784847978834,99_Bahnsteig_PF,99_Bahnsteig_PF
4101603485,63784847978845,99_Bahnsteig_PF,99_Bahnsteig_PF
4101620148,63784847978856,99_Bahnsteig_PF,99_Bahnsteig_PF
4101628479,63784847978867,99_Bahnsteig_PF,99_Bahnsteig_PF
4101636811,63784847978878,99_Bahnsteig_PF,99_Bahnsteig_PF
4101653474,63784847978889,99_Bahnsteig_PF,99_Bahnsteig_PF
4101661805,63784847978900,99_Bahnsteig_PF,99_Bahnsteig_PF
4101670137,63784847978911,99_Bahnsteig_PF,99_Bahnsteig_PF
4101686800,63784847978922,99_Bahnsteig_PF,99_Bahnsteig_PF
4101695132,63784847978934,99_Bahnsteig_PF,99_Bahnsteig_PF
4101703463,63784847978945,99_Bahnsteig_PF,99_Bahnsteig_PF
4101720126,63784847978956,99_Bahnsteig_PF,99_Bahnsteig_PF
4101728458,63784847978967,99_Bahnsteig_PF,99_Bahnsteig_PF
4101736789,63784847978979,99_Bahnsteig_PF,99_Bahnsteig_PF
4101753452,63784847978990,99_Bahnsteig_PF,99_Bahnsteig_PF
4101761784,63784847979001,99_Bahnsteig_PF,99_Bahnsteig_PF
4101770115,63784847979012,99_Bahnsteig_PF,99_Bahnsteig_PF
4101786778,63784847979023,99_Bahnsteig_PF,99_Bahnsteig_PF
4101795110,63784847979035,99_Bahnsteig_PF,99_Bahnsteig_PF
4101803441,63784847979046,99_Bahnsteig_PF,99_Bahnsteig_PF
4101820104,63784847979057,99_Bahnsteig_PF,99_Bahnsteig_PF
4101828436,63784847979068,99_Bahnsteig_PF,99_Bahnsteig_PF
4101836767,63784847979080,99_Bahnsteig_PF,99_Bahnsteig_PF
4101853431,63784847979091,99_Bahnsteig_PF,99_Bahnsteig_PF
4101861762,63784847979103,99_Bahnsteig_PF,99_Bahnsteig_PF
4101870094,63784847979113,99_Bahnsteig_PF,99_Bahnsteig_PF
4101886757,63784847979125,99_Bahnsteig_PF,99_Bahnsteig_PF
4101895088,63784847979135,99_Bahnsteig_PF,99_Bahnsteig_PF
4101903420,63784847979146,99_Bahnsteig_PF,99_Bahnsteig_PF
4101920083,63784847979157,99_Bahnsteig_PF,99_Bahnsteig_PF
4101928414,63784847979168,99_Bahnsteig_PF,99_Bahnsteig_PF
4101936746,63784847979180,99_Bahnsteig_PF,99_Bahnsteig_PF
4101953409,63784847979191,99_Bahnsteig_PF,99_Bahnsteig_PF
4101961740,63784847979202,99_Bahnsteig_PF,99_Bahnsteig_PF
4101970072,63784847979213,99_Bahnsteig_PF,99_Bahnsteig_PF
4102003398,63784847979243,99_Bahnsteig_PF,99_Bahnsteig_PF
4102011729,63784847979249,99_Bahnsteig_PF,99_Bahnsteig_PF
4102011729,63784847979255,99_Bahnsteig_PF,99_Bahnsteig_PF
4102028393,63784847979264,99_Bahnsteig_PF,99_Bahnsteig_PF
4102036724,63784847979275,99_Bahnsteig_PF,99_Bahnsteig_PF
4102045056,63784847979286,99_Bahnsteig_PF,99_Bahnsteig_PF
4102061719,63784847979298,99_Bahnsteig_PF,99_Bahnsteig_PF
4102070050,63784847979309,99_Bahnsteig_PF,99_Bahnsteig_PF
4102078382,63784847979320,99_Bahnsteig_PF,99_Bahnsteig_PF
4102095045,63784847979331,99_Bahnsteig_PF,99_Bahnsteig_PF
4102103376,63784847979343,99_Bahnsteig_PF,99_Bahnsteig_PF
4102111708,63784847979354,99_Bahnsteig_PF,99_Bahnsteig_PF
4102128371,63784847979366,99_Bahnsteig_PF,99_Bahnsteig_PF
4102136702,63784847979376,99_Bahnsteig_PF,99_Bahnsteig_PF
4102145034,63784847979387,99_Bahnsteig_PF,99_Bahnsteig_PF
4102161697,63784847979398,99_Bahnsteig_PF,99_Bahnsteig_PF
4102170028,63784847979409,99_Bahnsteig_PF,99_Bahnsteig_PF
4102178360,63784847979421,99_Bahnsteig_PF,99_Bahnsteig_PF
4102195023,63784847979431,99_Bahnsteig_PF,99_Bahnsteig_PF
4102203355,63784847979443,99_Bahnsteig_PF,99_Bahnsteig_PF
4102211686,63784847979454,99_Bahnsteig_PF,99_Bahnsteig_PF
4102228349,63784847979465,99_Bahnsteig_PF,99_Bahnsteig_PF
4102236681,63784847979476,99_Bahnsteig_PF,99_Bahnsteig_PF
4102245012,63784847979488,99_Bahnsteig_PF,99_Bahnsteig_PF
4102261675,63784847979499,99_Bahnsteig_PF,99_Bahnsteig_PF
4102270007,63784847979510,99_Bahnsteig_PF,99_Bahnsteig_PF
4102278338,63784847979521,99_Bahnsteig_PF,99_Bahnsteig_PF
4102295001,63784847979532,99_Bahnsteig_PF,99_Bahnsteig_PF
4102303333,63784847979543,99_Bahnsteig_PF,99_Bahnsteig_PF
4102311664,63784847979555,99_Bahnsteig_PF,99_Bahnsteig_PF
4102328327,63784847979566,99_Bahnsteig_PF,99_Bahnsteig_PF
4102336659,63784847979577,99_Bahnsteig_PF,99_Bahnsteig_PF
4102344990,63784847979589,99_Bahnsteig_PF,99_Bahnsteig_PF
4102361654,63784847979600,99_Bahnsteig_PF,99_Bahnsteig_PF
4102369985,63784847979611,99_Bahnsteig_PF,99_Bahnsteig_PF
4102378317,63784847979622,99_Bahnsteig_PF,99_Bahnsteig_PF
4102378317,63784847979633,99_Bahnsteig_PF,99_Bahnsteig_PF
4102378317,63784847979644,99_Bahnsteig_PF,99_Bahnsteig_PF
4102378317,63784847979656,99_Bahnsteig_PF,99_Bahnsteig_PF
4102378317,63784847979668,99_Bahnsteig_PF,99_Bahnsteig_PF
4102378317,63784847979679,99_Bahnsteig_PF,99_Bahnsteig_PF
4102378317,63784847979690,99_Bahnsteig_PF,99_Bahnsteig_PF
4102378317,63784847979702,99_Bahnsteig_PF,99_Bahnsteig_PF
4102378317,63784847979713,99_Bahnsteig_PF,99_Bahnsteig_PF
4102486626,63784847979724,99_Bahnsteig_PF,99_Bahnsteig_PF
4102494958,63784847979739,99_Bahnsteig_PF,99_Bahnsteig_PF
4102511621,63784847979748,99_Bahnsteig_PF,99_Bahnsteig_PF
4102519953,63784847979759,99_Bahnsteig_PF,99_Bahnsteig_PF
4102528284,63784847979770,99_Bahnsteig_PF,99_Bahnsteig_PF
4102544947,63784847979782,99_Bahnsteig_PF,99_Bahnsteig_PF
4102553279,63784847979793,99_Bahnsteig_PF,99_Bahnsteig_PF
4102561610,63784847979804,99_Bahnsteig_PF,99_Bahnsteig_PF
4102578273,63784847979816,99_Bahnsteig_PF,99_Bahnsteig_PF
4102586605,63784847979827,99_Bahnsteig_PF,99_Bahnsteig_PF
4102594936,63784847979839,99_Bahnsteig_PF,99_Bahnsteig_PF
4102611599,63784847979850,99_Bahnsteig_PF,99_Bahnsteig_PF
4102619931,63784847979861,99_Bahnsteig_PF,99_Bahnsteig_PF
4102636594,63784847979873,99_Bahnsteig_PF,99_Bahnsteig_PF
4102644925,63784847979883,99_Bahnsteig_PF,99_Bahnsteig_PF
4102653257,63784847979894,99_Bahnsteig_PF,99_Bahnsteig_PF
4102669920,63784847979906,99_Bahnsteig_PF,99_Bahnsteig_PF
4102678251,63784847979917,99_Bahnsteig_PF,99_Bahnsteig_PF
4102686583,63784847979928,99_Bahnsteig_PF,99_Bahnsteig_PF
4102703246,63784847979939,99_Bahnsteig_PF,99_Bahnsteig_PF
4102711578,63784847979950,99_Bahnsteig_PF,99_Bahnsteig_PF
4102719909,63784847979961,99_Bahnsteig_PF,99_Bahnsteig_PF
4102736572,63784847979973,99_Bahnsteig_PF,99_Bahnsteig_PF
4102744904,63784847979984,99_Bahnsteig_PF,99_Bahnsteig_PF
4102753235,63784847979995,99_Bahnsteig_PF,99_Bahnsteig_PF
4102769898,63784847980006,99_Bahnsteig_PF,99_Bahnsteig_PF
4102778230,63784847980018,99_Bahnsteig_PF,99_Bahnsteig_PF
4102786561,63784847980029,99_Bahnsteig_PF,99_Bahnsteig_PF
4102803224,63784847980040,99_Bahnsteig_PF,99_Bahnsteig_PF
4102811556,63784847980051,99_Bahnsteig_PF,99_Bahnsteig_PF
4102819887,63784847980062,99_Bahnsteig_PF,99_Bahnsteig_PF
4102836550,63784847980074,99_Bahnsteig_PF,99_Bahnsteig_PF
4102844882,63784847980085,99_Bahnsteig_PF,99_Bahnsteig_PF
4102853214,63784847980095,99_Bahnsteig_PF,99_Bahnsteig_PF
4102869877,63784847980107,99_Bahnsteig_PF,99_Bahnsteig_PF
4102878208,63784847980118,99_Bahnsteig_PF,99_Bahnsteig_PF
4102886540,63784847980129,99_Bahnsteig_PF,99_Bahnsteig_PF
4102903203,63784847980140,99_Bahnsteig_PF,99_Bahnsteig_PF
4102911534,63784847980151,99_Bahnsteig_PF,99_Bahnsteig_PF
4102919866,63784847980163,99_Bahnsteig_PF,99_Bahnsteig_PF
4102936529,63784847980175,99_Bahnsteig_PF,99_Bahnsteig_PF
4102944860,63784847980186,99_Bahnsteig_PF,99_Bahnsteig_PF
4102953192,63784847980197,99_Bahnsteig_PF,99_Bahnsteig_PF
4102969855,63784847980208,99_Bahnsteig_PF,99_Bahnsteig_PF
4102978186,63784847980219,99_Bahnsteig_PF,99_Bahnsteig_PF
4102986518,63784847980230,99_Bahnsteig_PF,99_Bahnsteig_PF
4103003181,63784847980241,99_Bahnsteig_PF,99_Bahnsteig_PF
4103011512,63784847980252,99_Bahnsteig_PF,99_Bahnsteig_PF
4103028176,63784847980264,99_Bahnsteig_PF,99_Bahnsteig_PF
4103036507,63784847980275,99_Bahnsteig_PF,99_Bahnsteig_PF
4103044839,63784847980286,99_Bahnsteig_PF,99_Bahnsteig_PF
4103061502,63784847980298,99_Bahnsteig_PF,99_Bahnsteig_PF
4103069833,63784847980308,99_Bahnsteig_PF,99_Bahnsteig_PF
4103078165,63784847980320,99_Bahnsteig_PF,99_Bahnsteig_PF
4103094828,63784847980331,99_Bahnsteig_PF,99_Bahnsteig_PF
4103103159,63784847980342,99_Bahnsteig_PF,99_Bahnsteig_PF
4103111491,63784847980352,99_Bahnsteig_PF,99_Bahnsteig_PF
4103128154,63784847980364,99_Bahnsteig_PF,99_Bahnsteig_PF
4103136485,63784847980375,99_Bahnsteig_PF,99_Bahnsteig_PF
4103144817,63784847980386,99_Bahnsteig_PF,99_Bahnsteig_PF
4103161480,63784847980398,99_Bahnsteig_PF,99_Bahnsteig_PF
4103169811,63784847980408,99_Bahnsteig_PF,99_Bahnsteig_PF
4103178143,63784847980420,99_Bahnsteig_PF,99_Bahnsteig_PF
4103194806,63784847980430,99_Bahnsteig_PF,99_Bahnsteig_PF
4103203138,63784847980442,99_Bahnsteig_PF,99_Bahnsteig_PF
4103211469,63784847980454,99_Bahnsteig_PF,99_Bahnsteig_PF
4103228132,63784847980464,99_Bahnsteig_PF,99_Bahnsteig_PF
4103236464,63784847980476,99_Bahnsteig_PF,99_Bahnsteig_PF
4103244795,63784847980487,99_Bahnsteig_PF,99_Bahnsteig_PF
4103261458,63784847980499,99_Bahnsteig_PF,99_Bahnsteig_PF
4103269790,63784847980509,99_Bahnsteig_PF,99_Bahnsteig_PF
4103278121,63784847980521,99_Bahnsteig_PF,99_Bahnsteig_PF
4103294784,63784847980531,99_Bahnsteig_PF,99_Bahnsteig_PF
4103303116,63784847980542,99_Bahnsteig_PF,99_Bahnsteig_PF
4103311447,63784847980554,99_Bahnsteig_PF,99_Bahnsteig_PF
4103328110,63784847980566,99_Bahnsteig_PF,99_Bahnsteig_PF
4103336442,63784847980576,99_Bahnsteig_PF,99_Bahnsteig_PF
4103344773,63784847980587,99_Bahnsteig_PF,99_Bahnsteig_PF
4103361437,63784847980599,99_Bahnsteig_PF,99_Bahnsteig_PF
4103369768,63784847980610,99_Bahnsteig_PF,99_Bahnsteig_PF
4103378100,63784847980621,99_Bahnsteig_PF,99_Bahnsteig_PF
4103394763,63784847980632,99_Bahnsteig_PF,99_Bahnsteig_PF
4103403094,63784847980643,99_Bahnsteig_PF,99_Bahnsteig_PF
4103419757,63784847980656,99_Bahnsteig_PF,99_Bahnsteig_PF
4103428089,63784847980666,99_Bahnsteig_PF,99_Bahnsteig_PF
4103436420,63784847980677,99_Bahnsteig_PF,99_Bahnsteig_PF
4103444752,63784847980689,99_Bahnsteig_PF,99_Bahnsteig_PF
4103461415,63784847980699,99_Bahnsteig_PF,99_Bahnsteig_PF
4103469746,63784847980711,99_Bahnsteig_PF,99_Bahnsteig_PF
4103478078,63784847980721,99_Bahnsteig_PF,99_Bahnsteig_PF
4103494741,63784847980732,99_Bahnsteig_PF,99_Bahnsteig_PF
4103503072,63784847980746,99_Bahnsteig_PF,99_Bahnsteig_PF
4103511404,63784847980754,99_Bahnsteig_PF,99_Bahnsteig_PF
4103528067,63784847980766,99_Bahnsteig_PF,99_Bahnsteig_PF
4103536399,63784847980776,99_Bahnsteig_PF,99_Bahnsteig_PF
4103544730,63784847980788,99_Bahnsteig_PF,99_Bahnsteig_PF
4103561393,63784847980799,99_Bahnsteig_PF,99_Bahnsteig_PF
4103569725,63784847980811,99_Bahnsteig_PF,99_Bahnsteig_PF
4103586388,63784847980822,99_Bahnsteig_PF,99_Bahnsteig_PF
4103594719,63784847980833,99_Bahnsteig_PF,99_Bahnsteig_PF
4103603051,63784847980844,99_Bahnsteig_PF,99_Bahnsteig_PF
4103619714,63784847980856,99_Bahnsteig_PF,99_Bahnsteig_PF
4103628045,63784847980867,99_Bahnsteig_PF,99_Bahnsteig_PF
4103636377,63784847980878,99_Bahnsteig_PF,99_Bahnsteig_PF
4103653040,63784847980889,99_Bahnsteig_PF,99_Bahnsteig_PF
4103661371,63784847980900,99_Bahnsteig_PF,99_Bahnsteig_PF
4103669703,63784847980911,99_Bahnsteig_PF,99_Bahnsteig_PF
4103686366,63784847980923,99_Bahnsteig_PF,99_Bahnsteig_PF
4103694698,63784847980934,99_Bahnsteig_PF,99_Bahnsteig_PF
4103703029,63784847980945,99_Bahnsteig_PF,99_Bahnsteig_PF
4103719692,63784847980956,99_Bahnsteig_PF,99_Bahnsteig_PF
4103728024,63784847980967,99_Bahnsteig_PF,99_Bahnsteig_PF
4103736355,63784847980978,99_Bahnsteig_PF,99_Bahnsteig_PF
4103753018,63784847980989,99_Bahnsteig_PF,99_Bahnsteig_PF
4103761350,63784847981000,99_Bahnsteig_PF,99_Bahnsteig_PF
4103769681,63784847981011,99_Bahnsteig_PF,99_Bahnsteig_PF
4103786344,63784847981022,99_Bahnsteig_PF,99_Bahnsteig_PF
4103794676,63784847981034,99_Bahnsteig_PF,99_Bahnsteig_PF
4103803007,63784847981045,99_Bahnsteig_PF,99_Bahnsteig_PF
4103819670,63784847981056,99_Bahnsteig_PF,99_Bahnsteig_PF
4103828002,63784847981067,99_Bahnsteig_PF,99_Bahnsteig_PF
4103836333,63784847981078,99_Bahnsteig_PF,99_Bahnsteig_PF
4103852997,63784847981090,99_Bahnsteig_PF,99_Bahnsteig_PF
4103861328,63784847981102,99_Bahnsteig_PF,99_Bahnsteig_PF
4103869660,63784847981112,99_Bahnsteig_PF,99_Bahnsteig_PF
4103886323,63784847981124,99_Bahnsteig_PF,99_Bahnsteig_PF
4103894654,63784847981135,99_Bahnsteig_PF,99_Bahnsteig_PF
4103902986,63784847981146,99_Bahnsteig_PF,99_Bahnsteig_PF
4103919649,63784847981157,99_Bahnsteig_PF,99_Bahnsteig_PF
4103927980,63784847981168,99_Bahnsteig_PF,99_Bahnsteig_PF
4103936312,63784847981179,99_Bahnsteig_PF,99_Bahnsteig_PF
4103952975,63784847981190,99_Bahnsteig_PF,99_Bahnsteig_PF
4103961306,63784847981202,99_Bahnsteig_PF,99_Bahnsteig_PF
4103969638,63784847981213,99_Bahnsteig_PF,99_Bahnsteig_PF
4103986301,63784847981224,99_Bahnsteig_PF,99_Bahnsteig_PF
4103994632,63784847981236,99_Bahnsteig_PF,99_Bahnsteig_PF
4104002964,63784847981246,99_Bahnsteig_PF,99_Bahnsteig_PF
4104019627,63784847981258,99_Bahnsteig_PF,99_Bahnsteig_PF
4104027959,63784847981268,99_Bahnsteig_PF,99_Bahnsteig_PF
4104044622,63784847981280,99_Bahnsteig_PF,99_Bahnsteig_PF
4104052953,63784847981292,99_Bahnsteig_PF,99_Bahnsteig_PF
4104061285,63784847981302,99_Bahnsteig_PF,99_Bahnsteig_PF
4104069616,63784847981313,99_Bahnsteig_PF,99_Bahnsteig_PF
4104086279,63784847981324,99_Bahnsteig_PF,99_Bahnsteig_PF
4104094611,63784847981336,99_Bahnsteig_PF,99_Bahnsteig_PF
4104111274,63784847981348,99_Bahnsteig_PF,99_Bahnsteig_PF
4104119605,63784847981358,99_Bahnsteig_PF,99_Bahnsteig_PF
4104127937,63784847981369,99_Bahnsteig_PF,99_Bahnsteig_PF
4104144600,63784847981381,99_Bahnsteig_PF,99_Bahnsteig_PF
4104152931,63784847981392,99_Bahnsteig_PF,99_Bahnsteig_PF
4104161263,63784847981403,99_Bahnsteig_PF,99_Bahnsteig_PF
4104177926,63784847981414,99_Bahnsteig_PF,99_Bahnsteig_PF
4104186258,63784847981425,99_Bahnsteig_PF,99_Bahnsteig_PF
4104194589,63784847981437,99_Bahnsteig_PF,99_Bahnsteig_PF
4104211252,63784847981448,99_Bahnsteig_PF,99_Bahnsteig_PF
4104219584,63784847981460,99_Bahnsteig_PF,99_Bahnsteig_PF
4104227915,63784847981470,99_Bahnsteig_PF,99_Bahnsteig_PF
4104244578,63784847981481,99_Bahnsteig_PF,99_Bahnsteig_PF
4104252910,63784847981492,99_Bahnsteig_PF,99_Bahnsteig_PF
4104261241,63784847981503,99_Bahnsteig_PF,99_Bahnsteig_PF
4104277904,63784847981514,99_Bahnsteig_PF,99_Bahnsteig_PF
4104286236,63784847981525,99_Bahnsteig_PF,99_Bahnsteig_PF
4104294567,63784847981536,99_Bahnsteig_PF,99_Bahnsteig_PF
4104311230,63784847981547,99_Bahnsteig_PF,99_Bahnsteig_PF
4104319562,63784847981558,99_Bahnsteig_PF,99_Bahnsteig_PF
4104327893,63784847981570,99_Bahnsteig_PF,99_Bahnsteig_PF
4104344556,63784847981581,99_Bahnsteig_PF,99_Bahnsteig_PF
4104352888,63784847981592,99_Bahnsteig_PF,99_Bahnsteig_PF
4104361220,63784847981603,99_Bahnsteig_PF,99_Bahnsteig_PF
4104377883,63784847981615,99_Bahnsteig_PF,99_Bahnsteig_PF
4104377883,63784847981626,99_Bahnsteig_PF,99_Bahnsteig_PF
4104377883,63784847981637,99_Bahnsteig_PF,99_Bahnsteig_PF
4104377883,63784847981648,99_Bahnsteig_PF,99_Bahnsteig_PF
4104377883,63784847981659,99_Bahnsteig_PF,99_Bahnsteig_PF
4104377883,63784847981671,99_Bahnsteig_PF,99_Bahnsteig_PF
4104377883,63784847981682,99_Bahnsteig_PF,99_Bahnsteig_PF
4104377883,63784847981693,99_Bahnsteig_PF,99_Bahnsteig_PF
4104377883,63784847981704,99_Bahnsteig_PF,99_Bahnsteig_PF
4104377883,63784847981715,99_Bahnsteig_PF,99_Bahnsteig_PF
4104486192,63784847981727,99_Bahnsteig_PF,99_Bahnsteig_PF
4104494524,63784847981738,99_Bahnsteig_PF,99_Bahnsteig_PF
4104511187,63784847981750,99_Bahnsteig_PF,99_Bahnsteig_PF
4104519519,63784847981760,99_Bahnsteig_PF,99_Bahnsteig_PF
4104527850,63784847981771,99_Bahnsteig_PF,99_Bahnsteig_PF
4104544513,63784847981783,99_Bahnsteig_PF,99_Bahnsteig_PF
4104552845,63784847981794,99_Bahnsteig_PF,99_Bahnsteig_PF
4104561176,63784847981805,99_Bahnsteig_PF,99_Bahnsteig_PF
4104577839,63784847981816,99_Bahnsteig_PF,99_Bahnsteig_PF
4104586171,63784847981828,99_Bahnsteig_PF,99_Bahnsteig_PF
4104594502,63784847981838,99_Bahnsteig_PF,99_Bahnsteig_PF
4104611165,63784847981850,99_Bahnsteig_PF,99_Bahnsteig_PF
4104619497,63784847981860,99_Bahnsteig_PF,99_Bahnsteig_PF
4104627828,63784847981871,99_Bahnsteig_PF,99_Bahnsteig_PF
4104644491,63784847981883,99_Bahnsteig_PF,99_Bahnsteig_PF
4104652823,63784847981894,99_Bahnsteig_PF,99_Bahnsteig_PF
4104669486,63784847981906,99_Bahnsteig_PF,99_Bahnsteig_PF
4104677817,63784847981916,99_Bahnsteig_PF,99_Bahnsteig_PF
4104686149,63784847981927,99_Bahnsteig_PF,99_Bahnsteig_PF
4104702812,63784847981939,99_Bahnsteig_PF,99_Bahnsteig_PF
4104711144,63784847981950,99_Bahnsteig_PF,99_Bahnsteig_PF
4104719475,63784847981962,99_Bahnsteig_PF,99_Bahnsteig_PF
4104736138,63784847981973,99_Bahnsteig_PF,99_Bahnsteig_PF
4104744470,63784847981984,99_Bahnsteig_PF,99_Bahnsteig_PF
4104752801,63784847981995,99_Bahnsteig_PF,99_Bahnsteig_PF
4104769464,63784847982006,99_Bahnsteig_PF,99_Bahnsteig_PF
4104777796,63784847982017,99_Bahnsteig_PF,99_Bahnsteig_PF
4104786127,63784847982028,99_Bahnsteig_PF,99_Bahnsteig_PF
4104802790,63784847982040,99_Bahnsteig_PF,99_Bahnsteig_PF
4104811122,63784847982051,99_Bahnsteig_PF,99_Bahnsteig_PF
4104819453,63784847982063,99_Bahnsteig_PF,99_Bahnsteig_PF
4104836116,63784847982073,99_Bahnsteig_PF,99_Bahnsteig_PF
4104844448,63784847982084,99_Bahnsteig_PF,99_Bahnsteig_PF
4104861111,63784847982103,99_Bahnsteig_PF,99_Bahnsteig_PF
4104869443,63784847982109,99_Bahnsteig_PF,99_Bahnsteig_PF
4104877774,63784847982114,99_Bahnsteig_PF,99_Bahnsteig_PF
4104886106,63784847982124,99_Bahnsteig_PF,99_Bahnsteig_PF
4104894437,63784847982135,99_Bahnsteig_PF,99_Bahnsteig_PF
4104902769,63784847982146,99_Bahnsteig_PF,99_Bahnsteig_PF
4104919432,63784847982158,99_Bahnsteig_PF,99_Bahnsteig_PF
4104927763,63784847982168,99_Bahnsteig_PF,99_Bahnsteig_PF
4104936095,63784847982179,99_Bahnsteig_PF,99_Bahnsteig_PF
4104952758,63784847982191,99_Bahnsteig_PF,99_Bahnsteig_PF
4104961089,63784847982201,99_Bahnsteig_PF,99_Bahnsteig_PF
4104977752,63784847982213,99_Bahnsteig_PF,99_Bahnsteig_PF
4104986084,63784847982224,99_Bahnsteig_PF,99_Bahnsteig_PF
4104994415,63784847982235,99_Bahnsteig_PF,99_Bahnsteig_PF
4105002747,63784847982246,99_Bahnsteig_PF,99_Bahnsteig_PF
4105019410,63784847982258,99_Bahnsteig_PF,99_Bahnsteig_PF
4105027742,63784847982268,99_Bahnsteig_PF,99_Bahnsteig_PF
4105044405,63784847982280,99_Bahnsteig_PF,99_Bahnsteig_PF
4105052736,63784847982291,99_Bahnsteig_PF,99_Bahnsteig_PF
4105061068,63784847982302,99_Bahnsteig_PF,99_Bahnsteig_PF
4105077731,63784847982313,None,99_Bahnsteig_PF
4105086062,63784847982325,99_Bahnsteig_PF,99_Bahnsteig_PF
4105094394,63784847982336,99_Bahnsteig_PF,99_Bahnsteig_PF
4105111057,63784847982348,99_Bahnsteig_PF,99_Bahnsteig_PF
4105119388,63784847982358,99_Bahnsteig_PF,99_Bahnsteig_PF
4105127720,63784847982370,99_Bahnsteig_PF,99_Bahnsteig_PF
4105144383,63784847982381,99_Bahnsteig_PF,99_Bahnsteig_PF
4105152714,63784847982392,99_Bahnsteig_PF,99_Bahnsteig_PF
4105161046,63784847982403,99_Bahnsteig_PF,99_Bahnsteig_PF
4105177709,63784847982414,99_Bahnsteig_PF,99_Bahnsteig_PF
4105186041,63784847982426,99_Bahnsteig_PF,99_Bahnsteig_PF
4105194372,63784847982437,99_Bahnsteig_PF,99_Bahnsteig_PF
4105211035,63784847982448,99_Bahnsteig_PF,99_Bahnsteig_PF
4105219367,63784847982459,99_Bahnsteig_PF,99_Bahnsteig_PF
4105227698,63784847982470,99_Bahnsteig_PF,99_Bahnsteig_PF
4105244361,63784847982482,99_Bahnsteig_PF,99_Bahnsteig_PF
4105252693,63784847982493,99_Bahnsteig_PF,99_Bahnsteig_PF
4105261024,63784847982505,99_Bahnsteig_PF,99_Bahnsteig_PF
4105277687,63784847982516,99_Bahnsteig_PF,99_Bahnsteig_PF
4105286019,63784847982528,99_Bahnsteig_PF,99_Bahnsteig_PF
4105302682,63784847982539,99_Bahnsteig_PF,99_Bahnsteig_PF
4105311013,63784847982549,99_Bahnsteig_PF,99_Bahnsteig_PF
4105319345,63784847982561,99_Bahnsteig_PF,99_Bahnsteig_PF
4105336008,63784847982572,99_Bahnsteig_PF,99_Bahnsteig_PF
4105344339,63784847982584,99_Bahnsteig_PF,99_Bahnsteig_PF
4105361003,63784847982595,None,None
4105369334,63784847982607,None,None
4105377666,63784847982618,None,None
4105394329,63784847982630,None,None
4105402660,63784847982641,None,None
4105410992,63784847982652,None,99_Bahnsteig_PF
4105427655,63784847982664,None,99_Bahnsteig_PF
4105435986,63784847982675,None,99_Bahnsteig_PF
4105452649,63784847982687,None,None
4105460981,63784847982699,None,99_Bahnsteig_PF
4105469312,63784847982710,None,99_Bahnsteig_PF
4105477644,63784847982721,99_Bahnsteig_PF,99_Bahnsteig_PF
4105494307,63784847982733,99_Bahnsteig_PF,99_Bahnsteig_PF
4105502638,63784847982743,99_Bahnsteig_PF,99_Bahnsteig_PF
4105519302,63784847982755,99_Bahnsteig_PF,99_Bahnsteig_PF
4105527633,63784847982766,99_Bahnsteig_PF,99_Bahnsteig_PF
4105535965,63784847982777,99_Bahnsteig_PF,99_Bahnsteig_PF
4105544296,63784847982788,99_Bahnsteig_PF,99_Bahnsteig_PF
4105560959,63784847982799,99_Bahnsteig_PF,99_Bahnsteig_PF
4105569291,63784847982810,99_Bahnsteig_PF,99_Bahnsteig_PF
4105577622,63784847982821,99_Bahnsteig_PF,99_Bahnsteig_PF
4105594285,63784847982832,99_Bahnsteig_PF,99_Bahnsteig_PF
4105602617,63784847982843,99_Bahnsteig_PF,99_Bahnsteig_PF
4105610948,63784847982854,99_Bahnsteig_PF,99_Bahnsteig_PF
4105627611,63784847982866,99_Bahnsteig_PF,99_Bahnsteig_PF
4105635943,63784847982877,99_Bahnsteig_PF,99_Bahnsteig_PF
4105652606,63784847982888,99_Bahnsteig_PF,99_Bahnsteig_PF
4105660937,63784847982899,99_Bahnsteig_PF,99_Bahnsteig_PF
4105669269,63784847982911,99_Bahnsteig_PF,99_Bahnsteig_PF
4105685932,63784847982922,99_Bahnsteig_PF,99_Bahnsteig_PF
4105694264,63784847982933,99_Bahnsteig_PF,99_Bahnsteig_PF
4105702595,63784847982944,99_Bahnsteig_PF,99_Bahnsteig_PF
4105719258,63784847982955,99_Bahnsteig_PF,99_Bahnsteig_PF
4105727590,63784847982967,99_Bahnsteig_PF,99_Bahnsteig_PF
4105735921,63784847982978,99_Bahnsteig_PF,99_Bahnsteig_PF
4105752584,63784847982989,99_Bahnsteig_PF,99_Bahnsteig_PF
4105760916,63784847983001,99_Bahnsteig_PF,99_Bahnsteig_PF
4105769247,63784847983011,99_Bahnsteig_PF,99_Bahnsteig_PF
4105785910,63784847983023,99_Bahnsteig_PF,99_Bahnsteig_PF
4105794242,63784847983034,99_Bahnsteig_PF,99_Bahnsteig_PF
4105802573,63784847983045,99_Bahnsteig_PF,99_Bahnsteig_PF
4105819236,63784847983056,99_Bahnsteig_PF,99_Bahnsteig_PF
4105827568,63784847983067,99_Bahnsteig_PF,99_Bahnsteig_PF
4105835899,63784847983078,99_Bahnsteig_PF,99_Bahnsteig_PF
4105852563,63784847983089,99_Bahnsteig_PF,99_Bahnsteig_PF
4105860894,63784847983100,99_Bahnsteig_PF,99_Bahnsteig_PF
4105869226,63784847983111,99_Bahnsteig_PF,99_Bahnsteig_PF
4105885889,63784847983123,99_Bahnsteig_PF,99_Bahnsteig_PF
4105894220,63784847983134,99_Bahnsteig_PF,99_Bahnsteig_PF
4105902552,63784847983145,99_Bahnsteig_PF,99_Bahnsteig_PF
4105919215,63784847983157,99_Bahnsteig_PF,99_Bahnsteig_PF
4105927546,63784847983168,99_Bahnsteig_PF,99_Bahnsteig_PF
4105935878,63784847983179,99_Bahnsteig_PF,99_Bahnsteig_PF
4105952541,63784847983190,99_Bahnsteig_PF,99_Bahnsteig_PF
4105960872,63784847983201,99_Bahnsteig_PF,99_Bahnsteig_PF
4105969204,63784847983212,99_Bahnsteig_PF,99_Bahnsteig_PF
4105985867,63784847983224,99_Bahnsteig_PF,99_Bahnsteig_PF
4105994198,63784847983235,99_Bahnsteig_PF,99_Bahnsteig_PF
4106002530,63784847983246,99_Bahnsteig_PF,99_Bahnsteig_PF
4106019193,63784847983257,99_Bahnsteig_PF,99_Bahnsteig_PF
4106027525,63784847983268,99_Bahnsteig_PF,99_Bahnsteig_PF
4106035856,63784847983280,99_Bahnsteig_PF,99_Bahnsteig_PF
4106052519,63784847983291,99_Bahnsteig_PF,99_Bahnsteig_PF
4106060851,63784847983303,99_Bahnsteig_PF,99_Bahnsteig_PF
4106077514,63784847983313,99_Bahnsteig_PF,99_Bahnsteig_PF
4106085845,63784847983324,99_Bahnsteig_PF,99_Bahnsteig_PF
4106094177,63784847983335,99_Bahnsteig_PF,99_Bahnsteig_PF
4106110840,63784847983347,99_Bahnsteig_PF,99_Bahnsteig_PF
4106119171,63784847983357,99_Bahnsteig_PF,99_Bahnsteig_PF
4106127503,63784847983368,99_Bahnsteig_PF,99_Bahnsteig_PF
4106144166,63784847983380,99_Bahnsteig_PF,99_Bahnsteig_PF
4106152497,63784847983392,99_Bahnsteig_PF,99_Bahnsteig_PF
4106160829,63784847983403,99_Bahnsteig_PF,99_Bahnsteig_PF
4106177492,63784847983414,99_Bahnsteig_PF,99_Bahnsteig_PF
4106185824,63784847983425,99_Bahnsteig_PF,99_Bahnsteig_PF
4106194155,63784847983436,99_Bahnsteig_PF,99_Bahnsteig_PF
4106210818,63784847983447,99_Bahnsteig_PF,99_Bahnsteig_PF
4106219150,63784847983458,99_Bahnsteig_PF,99_Bahnsteig_PF
4106227481,63784847983470,99_Bahnsteig_PF,99_Bahnsteig_PF
4106244144,63784847983481,99_Bahnsteig_PF,99_Bahnsteig_PF
4106252476,63784847983492,99_Bahnsteig_PF,99_Bahnsteig_PF
4106260807,63784847983503,99_Bahnsteig_PF,99_Bahnsteig_PF
4106277470,63784847983515,99_Bahnsteig_PF,99_Bahnsteig_PF
4106285802,63784847983526,99_Bahnsteig_PF,99_Bahnsteig_PF
4106294133,63784847983536,99_Bahnsteig_PF,99_Bahnsteig_PF
4106310796,63784847983548,99_Bahnsteig_PF,99_Bahnsteig_PF
4106319128,63784847983559,99_Bahnsteig_PF,99_Bahnsteig_PF
4106327459,63784847983569,99_Bahnsteig_PF,99_Bahnsteig_PF
4106344122,63784847983580,99_Bahnsteig_PF,99_Bahnsteig_PF
4106352454,63784847983592,99_Bahnsteig_PF,99_Bahnsteig_PF
4106360786,63784847983602,99_Bahnsteig_PF,99_Bahnsteig_PF
4106377449,63784847983614,99_Bahnsteig_PF,99_Bahnsteig_PF
4106377449,63784847983626,99_Bahnsteig_PF,99_Bahnsteig_PF
4106377449,63784847983636,99_Bahnsteig_PF,99_Bahnsteig_PF
4106377449,63784847983648,99_Bahnsteig_PF,99_Bahnsteig_PF
4106377449,63784847983659,99_Bahnsteig_PF,99_Bahnsteig_PF
4106377449,63784847983670,99_Bahnsteig_PF,99_Bahnsteig_PF
4106377449,63784847983682,99_Bahnsteig_PF,99_Bahnsteig_PF
4106377449,63784847983693,99_Bahnsteig_PF,99_Bahnsteig_PF
4106377449,63784847983704,99_Bahnsteig_PF,99_Bahnsteig_PF
4106377449,63784847983715,99_Bahnsteig_PF,99_Bahnsteig_PF
4106485758,63784847983726,99_Bahnsteig_PF,99_Bahnsteig_PF
4106494090,63784847983737,99_Bahnsteig_PF,99_Bahnsteig_PF
4106510753,63784847983748,99_Bahnsteig_PF,99_Bahnsteig_PF
4106519085,63784847983761,99_Bahnsteig_PF,99_Bahnsteig_PF
4106527416,63784847983771,99_Bahnsteig_PF,99_Bahnsteig_PF
4106544079,63784847983783,99_Bahnsteig_PF,99_Bahnsteig_PF
4106552411,63784847983793,99_Bahnsteig_PF,99_Bahnsteig_PF
4106560742,63784847983804,99_Bahnsteig_PF,99_Bahnsteig_PF
4106577405,63784847983815,99_Bahnsteig_PF,99_Bahnsteig_PF
4106585737,63784847983827,99_Bahnsteig_PF,99_Bahnsteig_PF
4106594068,63784847983838,99_Bahnsteig_PF,99_Bahnsteig_PF
4106610731,63784847983849,99_Bahnsteig_PF,99_Bahnsteig_PF
4106619063,63784847983860,99_Bahnsteig_PF,99_Bahnsteig_PF
4106627394,63784847983871,99_Bahnsteig_PF,99_Bahnsteig_PF
4106644057,63784847983882,99_Bahnsteig_PF,99_Bahnsteig_PF
4106652389,63784847983894,99_Bahnsteig_PF,99_Bahnsteig_PF
4106669052,63784847983905,99_Bahnsteig_PF,99_Bahnsteig_PF
4106677383,63784847983916,99_Bahnsteig_PF,99_Bahnsteig_PF
4106685715,63784847983927,99_Bahnsteig_PF,99_Bahnsteig_PF
4106702378,63784847983939,99_Bahnsteig_PF,99_Bahnsteig_PF
4106710710,63784847983950,99_Bahnsteig_PF,99_Bahnsteig_PF
4106719041,63784847983961,99_Bahnsteig_PF,99_Bahnsteig_PF
4106735704,63784847983973,99_Bahnsteig_PF,99_Bahnsteig_PF
4106744036,63784847983983,99_Bahnsteig_PF,99_Bahnsteig_PF
4106752367,63784847983994,99_Bahnsteig_PF,99_Bahnsteig_PF
4106769030,63784847984007,99_Bahnsteig_PF,99_Bahnsteig_PF
4106777362,63784847984016,99_Bahnsteig_PF,99_Bahnsteig_PF
4106785693,63784847984027,99_Bahnsteig_PF,99_Bahnsteig_PF
4106802356,63784847984038,99_Bahnsteig_PF,99_Bahnsteig_PF
4106810688,63784847984049,99_Bahnsteig_PF,99_Bahnsteig_PF
4106819019,63784847984062,99_Bahnsteig_PF,99_Bahnsteig_PF
4106835682,63784847984072,99_Bahnsteig_PF,99_Bahnsteig_PF
4106844014,63784847984083,99_Bahnsteig_PF,99_Bahnsteig_PF
4106852346,63784847984095,99_Bahnsteig_PF,99_Bahnsteig_PF
4106869009,63784847984105,99_Bahnsteig_PF,99_Bahnsteig_PF
4106877340,63784847984117,99_Bahnsteig_PF,99_Bahnsteig_PF
4106885672,63784847984128,99_Bahnsteig_PF,99_Bahnsteig_PF
4106902335,63784847984139,99_Bahnsteig_PF,99_Bahnsteig_PF
4106910666,63784847984150,99_Bahnsteig_PF,99_Bahnsteig_PF
4106918998,63784847984162,99_Bahnsteig_PF,99_Bahnsteig_PF
4106935661,63784847984173,99_Bahnsteig_PF,99_Bahnsteig_PF
4106943992,63784847984184,99_Bahnsteig_PF,99_Bahnsteig_PF
4106952324,63784847984195,99_Bahnsteig_PF,99_Bahnsteig_PF
4106968987,63784847984206,99_Bahnsteig_PF,99_Bahnsteig_PF
4106977318,63784847984218,99_Bahnsteig_PF,99_Bahnsteig_PF
4106985650,63784847984229,99_Bahnsteig_PF,99_Bahnsteig_PF
4107002313,63784847984240,99_Bahnsteig_PF,99_Bahnsteig_PF
4107010644,63784847984252,99_Bahnsteig_PF,99_Bahnsteig_PF
4107018976,63784847984263,99_Bahnsteig_PF,99_Bahnsteig_PF
4107035639,63784847984274,99_Bahnsteig_PF,99_Bahnsteig_PF
4107043971,63784847984285,99_Bahnsteig_PF,99_Bahnsteig_PF
4107052302,63784847984296,99_Bahnsteig_PF,99_Bahnsteig_PF
4107068965,63784847984307,99_Bahnsteig_PF,99_Bahnsteig_PF
4107077297,63784847984318,99_Bahnsteig_PF,99_Bahnsteig_PF
4107085628,63784847984330,99_Bahnsteig_PF,99_Bahnsteig_PF
4107102291,63784847984341,99_Bahnsteig_PF,99_Bahnsteig_PF
4107110623,63784847984352,99_Bahnsteig_PF,99_Bahnsteig_PF
4107118954,63784847984363,99_Bahnsteig_PF,99_Bahnsteig_PF
4107135617,63784847984374,99_Bahnsteig_PF,99_Bahnsteig_PF
4107143949,63784847984385,99_Bahnsteig_PF,99_Bahnsteig_PF
4107160612,63784847984396,99_Bahnsteig_PF,99_Bahnsteig_PF
4107168943,63784847984407,99_Bahnsteig_PF,99_Bahnsteig_PF
4107177275,63784847984418,99_Bahnsteig_PF,99_Bahnsteig_PF
4107193938,63784847984429,99_Bahnsteig_PF,99_Bahnsteig_PF
4107202270,63784847984440,99_Bahnsteig_PF,99_Bahnsteig_PF
4107210601,63784847984452,99_Bahnsteig_PF,99_Bahnsteig_PF
4107227264,63784847984463,99_Bahnsteig_PF,99_Bahnsteig_PF
4107235596,63784847984474,99_Bahnsteig_PF,99_Bahnsteig_PF
4107243927,63784847984485,99_Bahnsteig_PF,99_Bahnsteig_PF
4107260590,63784847984497,99_Bahnsteig_PF,99_Bahnsteig_PF
4107268922,63784847984508,99_Bahnsteig_PF,99_Bahnsteig_PF
4107277253,63784847984520,99_Bahnsteig_PF,99_Bahnsteig_PF
4107293916,63784847984531,99_Bahnsteig_PF,99_Bahnsteig_PF
4107302248,63784847984541,99_Bahnsteig_PF,99_Bahnsteig_PF
4107310579,63784847984553,99_Bahnsteig_PF,99_Bahnsteig_PF
4107327242,63784847984565,99_Bahnsteig_PF,99_Bahnsteig_PF
4107335574,63784847984575,99_Bahnsteig_PF,99_Bahnsteig_PF
4107343905,63784847984586,99_Bahnsteig_PF,99_Bahnsteig_PF
4107360569,63784847984597,99_Bahnsteig_PF,99_Bahnsteig_PF
4107368900,63784847984609,99_Bahnsteig_PF,99_Bahnsteig_PF
4107377232,63784847984620,99_Bahnsteig_PF,99_Bahnsteig_PF
4107393895,63784847984632,99_Bahnsteig_PF,99_Bahnsteig_PF
4107402226,63784847984642,99_Bahnsteig_PF,99_Bahnsteig_PF
4107410558,63784847984654,99_Bahnsteig_PF,99_Bahnsteig_PF
4107427221,63784847984665,99_Bahnsteig_PF,99_Bahnsteig_PF
4107435552,63784847984676,99_Bahnsteig_PF,99_Bahnsteig_PF
4107443884,63784847984687,99_Bahnsteig_PF,99_Bahnsteig_PF
4107460547,63784847984699,99_Bahnsteig_PF,99_Bahnsteig_PF
4107468878,63784847984710,99_Bahnsteig_PF,99_Bahnsteig_PF
4107477210,63784847984721,99_Bahnsteig_PF,99_Bahnsteig_PF
4107493873,63784847984731,99_Bahnsteig_PF,99_Bahnsteig_PF
4107502204,63784847984743,99_Bahnsteig_PF,99_Bahnsteig_PF
4107510536,63784847984753,99_Bahnsteig_PF,99_Bahnsteig_PF
4107527199,63784847984766,99_Bahnsteig_PF,99_Bahnsteig_PF
4107535531,63784847984776,99_Bahnsteig_PF,99_Bahnsteig_PF
4107543862,63784847984787,99_Bahnsteig_PF,99_Bahnsteig_PF
4107560525,63784847984798,99_Bahnsteig_PF,99_Bahnsteig_PF
4107568857,63784847984809,99_Bahnsteig_PF,99_Bahnsteig_PF
4107577188,63784847984821,99_Bahnsteig_PF,99_Bahnsteig_PF
4107593851,63784847984832,99_Bahnsteig_PF,99_Bahnsteig_PF
4107602183,63784847984843,99_Bahnsteig_PF,99_Bahnsteig_PF
4107610514,63784847984854,99_Bahnsteig_PF,99_Bahnsteig_PF
4107627177,63784847984866,99_Bahnsteig_PF,99_Bahnsteig_PF
4107635509,63784847984877,99_Bahnsteig_PF,99_Bahnsteig_PF
4107643840,63784847984888,99_Bahnsteig_PF,99_Bahnsteig_PF
4107660503,63784847984899,99_Bahnsteig_PF,99_Bahnsteig_PF
4107668835,63784847984910,99_Bahnsteig_PF,99_Bahnsteig_PF
4107685498,63784847984921,99_Bahnsteig_PF,99_Bahnsteig_PF
4107693830,63784847984933,99_Bahnsteig_PF,99_Bahnsteig_PF
4107702161,63784847984944,99_Bahnsteig_PF,99_Bahnsteig_PF
4107718824,63784847984955,99_Bahnsteig_PF,99_Bahnsteig_PF
4107727156,63784847984966,99_Bahnsteig_PF,99_Bahnsteig_PF
4107735487,63784847984976,99_Bahnsteig_PF,99_Bahnsteig_PF
4107752150,63784847984988,99_Bahnsteig_PF,99_Bahnsteig_PF
4107760482,63784847984999,99_Bahnsteig_PF,99_Bahnsteig_PF
4107768813,63784847985010,99_Bahnsteig_PF,99_Bahnsteig_PF
4107785476,63784847985021,99_Bahnsteig_PF,99_Bahnsteig_PF
4107793808,63784847985033,99_Bahnsteig_PF,99_Bahnsteig_PF
4107802139,63784847985044,99_Bahnsteig_PF,99_Bahnsteig_PF
4107818802,63784847985055,99_Bahnsteig_PF,99_Bahnsteig_PF
4107827134,63784847985066,99_Bahnsteig_PF,99_Bahnsteig_PF
4107835465,63784847985077,99_Bahnsteig_PF,99_Bahnsteig_PF
4107852129,63784847985089,99_Bahnsteig_PF,99_Bahnsteig_PF
4107860460,63784847985100,99_Bahnsteig_PF,99_Bahnsteig_PF
4107868792,63784847985111,99_Bahnsteig_PF,99_Bahnsteig_PF
4107885455,63784847985122,99_Bahnsteig_PF,99_Bahnsteig_PF
4107893786,63784847985133,99_Bahnsteig_PF,99_Bahnsteig_PF
4107902118,63784847985145,99_Bahnsteig_PF,99_Bahnsteig_PF
4107918781,63784847985156,99_Bahnsteig_PF,99_Bahnsteig_PF
4107927112,63784847985167,99_Bahnsteig_PF,99_Bahnsteig_PF
4107935444,63784847985179,99_Bahnsteig_PF,99_Bahnsteig_PF
4107952107,63784847985190,99_Bahnsteig_PF,99_Bahnsteig_PF
4107960438,63784847985201,99_Bahnsteig_PF,99_Bahnsteig_PF
4107968770,63784847985212,99_Bahnsteig_PF,99_Bahnsteig_PF
4107985433,63784847985224,99_Bahnsteig_PF,99_Bahnsteig_PF
4107993764,63784847985234,99_Bahnsteig_PF,99_Bahnsteig_PF
4108002096,63784847985246,99_Bahnsteig_PF,99_Bahnsteig_PF
4108018759,63784847985257,99_Bahnsteig_PF,99_Bahnsteig_PF
4108027091,63784847985267,99_Bahnsteig_PF,99_Bahnsteig_PF
4108035422,63784847985280,99_Bahnsteig_PF,99_Bahnsteig_PF
4108052085,63784847985290,99_Bahnsteig_PF,99_Bahnsteig_PF
4108068748,63784847985306,99_Bahnsteig_PF,99_Bahnsteig_PF
4108068748,63784847985313,99_Bahnsteig_PF,99_Bahnsteig_PF
4108077080,63784847985320,99_Bahnsteig_PF,99_Bahnsteig_PF
4108093743,63784847985331,99_Bahnsteig_PF,99_Bahnsteig_PF
4108102074,63784847985342,99_Bahnsteig_PF,99_Bahnsteig_PF
4108110406,63784847985353,99_Bahnsteig_PF,99_Bahnsteig_PF
4108127069,63784847985364,99_Bahnsteig_PF,99_Bahnsteig_PF
4108135400,63784847985375,99_Bahnsteig_PF,99_Bahnsteig_PF
4108143732,63784847985387,99_Bahnsteig_PF,99_Bahnsteig_PF
4108160395,63784847985398,99_Bahnsteig_PF,99_Bahnsteig_PF
4108168726,63784847985409,99_Bahnsteig_PF,99_Bahnsteig_PF
4108177058,63784847985420,99_Bahnsteig_PF,99_Bahnsteig_PF
4108193721,63784847985432,99_Bahnsteig_PF,99_Bahnsteig_PF
4108202053,63784847985442,99_Bahnsteig_PF,99_Bahnsteig_PF
4108210384,63784847985454,99_Bahnsteig_PF,99_Bahnsteig_PF
4108227047,63784847985465,99_Bahnsteig_PF,99_Bahnsteig_PF
4108235379,63784847985476,99_Bahnsteig_PF,99_Bahnsteig_PF
4108243710,63784847985487,99_Bahnsteig_PF,99_Bahnsteig_PF
4108260373,63784847985499,99_Bahnsteig_PF,99_Bahnsteig_PF
4108268705,63784847985510,99_Bahnsteig_PF,99_Bahnsteig_PF
4108277036,63784847985521,99_Bahnsteig_PF,99_Bahnsteig_PF
4108293699,63784847985532,99_Bahnsteig_PF,99_Bahnsteig_PF
4108302031,63784847985543,99_Bahnsteig_PF,99_Bahnsteig_PF
4108318694,63784847985555,99_Bahnsteig_PF,99_Bahnsteig_PF
4108327025,63784847985566,99_Bahnsteig_PF,99_Bahnsteig_PF
4108335357,63784847985577,99_Bahnsteig_PF,99_Bahnsteig_PF
4108352020,63784847985588,99_Bahnsteig_PF,99_Bahnsteig_PF
4108360352,63784847985599,99_Bahnsteig_PF,99_Bahnsteig_PF
4108368683,63784847985610,99_Bahnsteig_PF,99_Bahnsteig_PF
4108377015,63784847985622,99_Bahnsteig_PF,99_Bahnsteig_PF
4108377015,63784847985633,99_Bahnsteig_PF,99_Bahnsteig_PF
4108377015,63784847985643,99_Bahnsteig_PF,99_Bahnsteig_PF
4108377015,63784847985654,99_Bahnsteig_PF,99_Bahnsteig_PF
4108377015,63784847985666,99_Bahnsteig_PF,99_Bahnsteig_PF
4108377015,63784847985677,99_Bahnsteig_PF,99_Bahnsteig_PF
4108377015,63784847985689,99_Bahnsteig_PF,99_Bahnsteig_PF
4108377015,63784847985700,99_Bahnsteig_PF,99_Bahnsteig_PF
4108377015,63784847985711,99_Bahnsteig_PF,99_Bahnsteig_PF
4108485324,63784847985723,99_Bahnsteig_PF,99_Bahnsteig_PF
4108493656,63784847985734,99_Bahnsteig_PF,99_Bahnsteig_PF
4108510319,63784847985746,99_Bahnsteig_PF,99_Bahnsteig_PF
4108518651,63784847985757,99_Bahnsteig_PF,99_Bahnsteig_PF
4108526982,63784847985770,99_Bahnsteig_PF,99_Bahnsteig_PF
4108543645,63784847985780,99_Bahnsteig_PF,99_Bahnsteig_PF
4108551977,63784847985791,99_Bahnsteig_PF,99_Bahnsteig_PF
4108560308,63784847985802,99_Bahnsteig_PF,99_Bahnsteig_PF
4108576971,63784847985814,99_Bahnsteig_PF,99_Bahnsteig_PF
4108585303,63784847985825,99_Bahnsteig_PF,99_Bahnsteig_PF
4108593634,63784847985836,99_Bahnsteig_PF,99_Bahnsteig_PF
4108610297,63784847985849,99_Bahnsteig_PF,99_Bahnsteig_PF
4108618629,63784847985859,99_Bahnsteig_PF,99_Bahnsteig_PF
4108635292,63784847985871,99_Bahnsteig_PF,99_Bahnsteig_PF
4108643623,63784847985882,99_Bahnsteig_PF,99_Bahnsteig_PF
4108651955,63784847985893,99_Bahnsteig_PF,99_Bahnsteig_PF
4108668618,63784847985905,99_Bahnsteig_PF,99_Bahnsteig_PF
4108676949,63784847985916,99_Bahnsteig_PF,99_Bahnsteig_PF
4108685281,63784847985927,99_Bahnsteig_PF,99_Bahnsteig_PF
4108701944,63784847985938,99_Bahnsteig_PF,99_Bahnsteig_PF
4108710276,63784847985949,99_Bahnsteig_PF,99_Bahnsteig_PF
4108718607,63784847985960,99_Bahnsteig_PF,99_Bahnsteig_PF
4108735270,63784847985972,99_Bahnsteig_PF,99_Bahnsteig_PF
4108743602,63784847985983,99_Bahnsteig_PF,99_Bahnsteig_PF
4108751933,63784847985994,99_Bahnsteig_PF,99_Bahnsteig_PF
4108768596,63784847986006,99_Bahnsteig_PF,99_Bahnsteig_PF
4108776928,63784847986015,99_Bahnsteig_PF,99_Bahnsteig_PF
4108785259,63784847986027,99_Bahnsteig_PF,99_Bahnsteig_PF
4108801922,63784847986038,99_Bahnsteig_PF,99_Bahnsteig_PF
4108810254,63784847986049,99_Bahnsteig_PF,99_Bahnsteig_PF
4108818585,63784847986060,99_Bahnsteig_PF,99_Bahnsteig_PF
4108835248,63784847986071,99_Bahnsteig_PF,99_Bahnsteig_PF
4108843580,63784847986083,99_Bahnsteig_PF,99_Bahnsteig_PF
4108851912,63784847986094,99_Bahnsteig_PF,99_Bahnsteig_PF
4108868575,63784847986105,99_Bahnsteig_PF,99_Bahnsteig_PF
4108876906,63784847986117,99_Bahnsteig_PF,99_Bahnsteig_PF
4108885238,63784847986128,99_Bahnsteig_PF,99_Bahnsteig_PF
4108901901,63784847986139,99_Bahnsteig_PF,99_Bahnsteig_PF
4108910232,63784847986150,99_Bahnsteig_PF,99_Bahnsteig_PF
4108918564,63784847986161,99_Bahnsteig_PF,99_Bahnsteig_PF
4108935227,63784847986173,99_Bahnsteig_PF,99_Bahnsteig_PF
4108943558,63784847986184,99_Bahnsteig_PF,99_Bahnsteig_PF
4108951890,63784847986195,99_Bahnsteig_PF,99_Bahnsteig_PF
4108968553,63784847986206,99_Bahnsteig_PF,99_Bahnsteig_PF
4108976884,63784847986217,99_Bahnsteig_PF,99_Bahnsteig_PF
4108985216,63784847986229,99_Bahnsteig_PF,99_Bahnsteig_PF
4109001879,63784847986239,99_Bahnsteig_PF,99_Bahnsteig_PF
4109010210,63784847986250,99_Bahnsteig_PF,99_Bahnsteig_PF
4109018542,63784847986261,99_Bahnsteig_PF,99_Bahnsteig_PF
4109035205,63784847986272,99_Bahnsteig_PF,99_Bahnsteig_PF
4109043537,63784847986284,99_Bahnsteig_PF,99_Bahnsteig_PF
4109051868,63784847986295,99_Bahnsteig_PF,99_Bahnsteig_PF
4109068531,63784847986306,99_Bahnsteig_PF,99_Bahnsteig_PF
4109076863,63784847986317,99_Bahnsteig_PF,99_Bahnsteig_PF
4109085194,63784847986328,99_Bahnsteig_PF,99_Bahnsteig_PF
4109101857,63784847986340,99_Bahnsteig_PF,99_Bahnsteig_PF
4109110189,63784847986351,99_Bahnsteig_PF,99_Bahnsteig_PF
4109118520,63784847986362,99_Bahnsteig_PF,99_Bahnsteig_PF
4109135183,63784847986373,99_Bahnsteig_PF,99_Bahnsteig_PF
4109143515,63784847986384,99_Bahnsteig_PF,99_Bahnsteig_PF
4109151846,63784847986396,99_Bahnsteig_PF,99_Bahnsteig_PF
4109168509,63784847986407,99_Bahnsteig_PF,99_Bahnsteig_PF
4109176841,63784847986418,99_Bahnsteig_PF,99_Bahnsteig_PF
4109193504,63784847986430,99_Bahnsteig_PF,99_Bahnsteig_PF
4109201836,63784847986441,99_Bahnsteig_PF,99_Bahnsteig_PF
4109210167,63784847986452,99_Bahnsteig_PF,99_Bahnsteig_PF
4109226830,63784847986463,99_Bahnsteig_PF,99_Bahnsteig_PF
4109235162,63784847986474,99_Bahnsteig_PF,99_Bahnsteig_PF
4109243493,63784847986485,99_Bahnsteig_PF,99_Bahnsteig_PF
4109260156,63784847986496,99_Bahnsteig_PF,99_Bahnsteig_PF
4109268488,63784847986507,99_Bahnsteig_PF,99_Bahnsteig_PF
4109276819,63784847986518,99_Bahnsteig_PF,99_Bahnsteig_PF
4109293482,63784847986530,None,None
4109301814,63784847986540,None,None
4109310145,63784847986552,None,None
4109326808,63784847986563,None,None
4109335140,63784847986574,None,None
4109351803,63784847986587,None,99_Bahnsteig_PF
4109360135,63784847986597,None,None
4109368466,63784847986608,None,None
4109376798,63784847986619,None,None
4109393461,63784847986630,None,99_Bahnsteig_PF
4109401792,63784847986641,None,99_Bahnsteig_PF
4109410124,63784847986652,None,99_Bahnsteig_PF
4109426787,63784847986664,99_Bahnsteig_PF,None
4109435118,63784847986675,99_Bahnsteig_PF,None
4109443450,63784847986686,99_Bahnsteig_PF,None
4109460113,63784847986697,99_Bahnsteig_PF,None
4109468444,63784847986709,99_Bahnsteig_PF,None
4109476776,63784847986720,99_Bahnsteig_PF,99_Bahnsteig_PF
4109493439,63784847986731,99_Bahnsteig_PF,99_Bahnsteig_PF
4109501770,63784847986743,99_Bahnsteig_PF,99_Bahnsteig_PF
4109510102,63784847986754,99_Bahnsteig_PF,99_Bahnsteig_PF
4109526765,63784847986765,99_Bahnsteig_PF,99_Bahnsteig_PF
4109535097,63784847986778,99_Bahnsteig_PF,99_Bahnsteig_PF
4109543428,63784847986787,99_Bahnsteig_PF,99_Bahnsteig_PF
4109560091,63784847986798,99_Bahnsteig_PF,99_Bahnsteig_PF
4109568423,63784847986809,99_Bahnsteig_PF,99_Bahnsteig_PF
4109585086,63784847986821,99_Bahnsteig_PF,99_Bahnsteig_PF
4109593417,63784847986832,99_Bahnsteig_PF,99_Bahnsteig_PF
4109601749,63784847986842,99_Bahnsteig_PF,99_Bahnsteig_PF
4109610080,63784847986853,99_Bahnsteig_PF,99_Bahnsteig_PF
4109626743,63784847986865,99_Bahnsteig_PF,99_Bahnsteig_PF
4109635075,63784847986876,99_Bahnsteig_PF,99_Bahnsteig_PF
4109651738,63784847986887,99_Bahnsteig_PF,99_Bahnsteig_PF
4109660069,63784847986899,99_Bahnsteig_PF,99_Bahnsteig_PF
4109668401,63784847986910,99_Bahnsteig_PF,99_Bahnsteig_PF
4109685064,63784847986921,99_Bahnsteig_PF,99_Bahnsteig_PF
4109693396,63784847986932,99_Bahnsteig_PF,99_Bahnsteig_PF
4109701727,63784847986943,99_Bahnsteig_PF,99_Bahnsteig_PF
4109718390,63784847986954,99_Bahnsteig_PF,99_Bahnsteig_PF
4109726722,63784847986966,99_Bahnsteig_PF,99_Bahnsteig_PF
4109735053,63784847986977,99_Bahnsteig_PF,99_Bahnsteig_PF
4109751716,63784847986988,99_Bahnsteig_PF,99_Bahnsteig_PF
4109760048,63784847986999,99_Bahnsteig_PF,99_Bahnsteig_PF
4109768379,63784847987009,99_Bahnsteig_PF,99_Bahnsteig_PF
4109785042,63784847987021,99_Bahnsteig_PF,99_Bahnsteig_PF
4109793374,63784847987032,99_Bahnsteig_PF,99_Bahnsteig_PF
4109801705,63784847987043,99_Bahnsteig_PF,99_Bahnsteig_PF
4109818368,63784847987054,99_Bahnsteig_PF,99_Bahnsteig_PF
4109826700,63784847987066,99_Bahnsteig_PF,99_Bahnsteig_PF
4109835031,63784847987077,99_Bahnsteig_PF,99_Bahnsteig_PF
4109851695,63784847987088,99_Bahnsteig_PF,99_Bahnsteig_PF
4109860026,63784847987099,99_Bahnsteig_PF,99_Bahnsteig_PF
4109868358,63784847987110,99_Bahnsteig_PF,99_Bahnsteig_PF
4109885021,63784847987122,99_Bahnsteig_PF,99_Bahnsteig_PF
4109893352,63784847987133,99_Bahnsteig_PF,99_Bahnsteig_PF
4109901684,63784847987144,99_Bahnsteig_PF,99_Bahnsteig_PF
4109918347,63784847987155,99_Bahnsteig_PF,99_Bahnsteig_PF
4109926678,63784847987166,99_Bahnsteig_PF,99_Bahnsteig_PF
4109935010,63784847987177,99_Bahnsteig_PF,99_Bahnsteig_PF
4109951673,63784847987189,99_Bahnsteig_PF,99_Bahnsteig_PF
4109960004,63784847987201,99_Bahnsteig_PF,99_Bahnsteig_PF
4109968336,63784847987212,99_Bahnsteig_PF,99_Bahnsteig_PF
4109984999,63784847987223,99_Bahnsteig_PF,99_Bahnsteig_PF
4109993330,63784847987233,99_Bahnsteig_PF,99_Bahnsteig_PF
4110001662,63784847987244,99_Bahnsteig_PF,99_Bahnsteig_PF
4110018325,63784847987255,99_Bahnsteig_PF,99_Bahnsteig_PF
4110026657,63784847987267,99_Bahnsteig_PF,99_Bahnsteig_PF
4110034988,63784847987278,99_Bahnsteig_PF,99_Bahnsteig_PF
4110051651,63784847987291,99_Bahnsteig_PF,99_Bahnsteig_PF
4110059983,63784847987301,99_Bahnsteig_PF,99_Bahnsteig_PF
4110068314,63784847987312,99_Bahnsteig_PF,99_Bahnsteig_PF
4110084977,63784847987324,99_Bahnsteig_PF,99_Bahnsteig_PF
4110093309,63784847987335,99_Bahnsteig_PF,99_Bahnsteig_PF
4110109972,63784847987346,99_Bahnsteig_PF,99_Bahnsteig_PF
4110118303,63784847987357,99_Bahnsteig_PF,99_Bahnsteig_PF
4110126635,63784847987368,99_Bahnsteig_PF,99_Bahnsteig_PF
4110143298,63784847987379,99_Bahnsteig_PF,99_Bahnsteig_PF
4110151629,63784847987390,99_Bahnsteig_PF,99_Bahnsteig_PF
4110159961,63784847987401,99_Bahnsteig_PF,99_Bahnsteig_PF
4110176624,63784847987412,99_Bahnsteig_PF,99_Bahnsteig_PF
4110184956,63784847987423,99_Bahnsteig_PF,99_Bahnsteig_PF
4110193287,63784847987434,99_Bahnsteig_PF,99_Bahnsteig_PF
4110209950,63784847987445,None,99_Bahnsteig_PF
4110218282,63784847987457,99_Bahnsteig_PF,99_Bahnsteig_PF
4110226613,63784847987468,99_Bahnsteig_PF,99_Bahnsteig_PF
4110243276,63784847987479,99_Bahnsteig_PF,99_Bahnsteig_PF
4110251608,63784847987490,99_Bahnsteig_PF,99_Bahnsteig_PF
4110259939,63784847987502,99_Bahnsteig_PF,99_Bahnsteig_PF
4110276602,63784847987512,99_Bahnsteig_PF,99_Bahnsteig_PF
4110284934,63784847987524,99_Bahnsteig_PF,99_Bahnsteig_PF
4110293265,63784847987535,99_Bahnsteig_PF,99_Bahnsteig_PF
4110309928,63784847987546,99_Bahnsteig_PF,99_Bahnsteig_PF
4110318260,63784847987558,99_Bahnsteig_PF,99_Bahnsteig_PF
4110326591,63784847987569,99_Bahnsteig_PF,99_Bahnsteig_PF
4110343254,63784847987580,99_Bahnsteig_PF,99_Bahnsteig_PF
4110351586,63784847987591,99_Bahnsteig_PF,99_Bahnsteig_PF
4110359918,63784847987602,99_Bahnsteig_PF,99_Bahnsteig_PF
4110376581,63784847987613,99_Bahnsteig_PF,99_Bahnsteig_PF
4110376581,63784847987625,99_Bahnsteig_PF,99_Bahnsteig_PF
4110376581,63784847987636,99_Bahnsteig_PF,99_Bahnsteig_PF
4110376581,63784847987647,99_Bahnsteig_PF,99_Bahnsteig_PF
4110376581,63784847987658,99_Bahnsteig_PF,99_Bahnsteig_PF
4110376581,63784847987669,99_Bahnsteig_PF,99_Bahnsteig_PF
4110376581,63784847987681,99_Bahnsteig_PF,99_Bahnsteig_PF
4110376581,63784847987691,99_Bahnsteig_PF,99_Bahnsteig_PF
4110376581,63784847987702,99_Bahnsteig_PF,99_Bahnsteig_PF
4110376581,63784847987713,99_Bahnsteig_PF,99_Bahnsteig_PF
4110484890,63784847987724,99_Bahnsteig_PF,99_Bahnsteig_PF
4110493222,63784847987736,99_Bahnsteig_PF,99_Bahnsteig_PF
4110509885,63784847987747,99_Bahnsteig_PF,99_Bahnsteig_PF
4110518217,63784847987759,99_Bahnsteig_PF,99_Bahnsteig_PF
4110526548,63784847987769,99_Bahnsteig_PF,99_Bahnsteig_PF
4110543211,63784847987784,99_Bahnsteig_PF,99_Bahnsteig_PF
4110551543,63784847987792,99_Bahnsteig_PF,99_Bahnsteig_PF
4110559874,63784847987803,99_Bahnsteig_PF,99_Bahnsteig_PF
4110576537,63784847987814,99_Bahnsteig_PF,99_Bahnsteig_PF
4110584869,63784847987825,99_Bahnsteig_PF,99_Bahnsteig_PF
4110601532,63784847987837,99_Bahnsteig_PF,99_Bahnsteig_PF
4110609863,63784847987848,99_Bahnsteig_PF,99_Bahnsteig_PF
4110618195,63784847987859,99_Bahnsteig_PF,99_Bahnsteig_PF
4110626526,63784847987870,99_Bahnsteig_PF,99_Bahnsteig_PF
4110643189,63784847987881,99_Bahnsteig_PF,99_Bahnsteig_PF
4110651521,63784847987893,99_Bahnsteig_PF,99_Bahnsteig_PF
4110668184,63784847987904,99_Bahnsteig_PF,99_Bahnsteig_PF
4110676515,63784847987915,99_Bahnsteig_PF,99_Bahnsteig_PF
4110684847,63784847987927,99_Bahnsteig_PF,99_Bahnsteig_PF
4110701510,63784847987938,99_Bahnsteig_PF,99_Bahnsteig_PF
4110709842,63784847987948,99_Bahnsteig_PF,99_Bahnsteig_PF
4110718173,63784847987960,99_Bahnsteig_PF,99_Bahnsteig_PF
4110734836,63784847987971,99_Bahnsteig_PF,99_Bahnsteig_PF
4110743168,63784847987982,99_Bahnsteig_PF,99_Bahnsteig_PF
4110751499,63784847987993,99_Bahnsteig_PF,99_Bahnsteig_PF
4110768162,63784847988005,99_Bahnsteig_PF,99_Bahnsteig_PF
4110776494,63784847988015,99_Bahnsteig_PF,99_Bahnsteig_PF
4110784825,63784847988026,99_Bahnsteig_PF,99_Bahnsteig_PF
4110801488,63784847988037,99_Bahnsteig_PF,99_Bahnsteig_PF
4110809820,63784847988048,99_Bahnsteig_PF,99_Bahnsteig_PF
4110818151,63784847988059,99_Bahnsteig_PF,99_Bahnsteig_PF
4110834814,63784847988071,99_Bahnsteig_PF,99_Bahnsteig_PF
4110851478,63784847988092,None,99_Bahnsteig_PF
4110859809,63784847988098,99_Bahnsteig_PF,99_Bahnsteig_PF
4110868141,63784847988104,99_Bahnsteig_PF,99_Bahnsteig_PF
4110876472,63784847988112,99_Bahnsteig_PF,99_Bahnsteig_PF
4110884804,63784847988123,99_Bahnsteig_PF,99_Bahnsteig_PF
4110893135,63784847988135,99_Bahnsteig_PF,99_Bahnsteig_PF
4110909798,63784847988146,99_Bahnsteig_PF,99_Bahnsteig_PF
4110918130,63784847988158,99_Bahnsteig_PF,99_Bahnsteig_PF
4110926461,63784847988169,99_Bahnsteig_PF,99_Bahnsteig_PF
4110943124,63784847988180,99_Bahnsteig_PF,99_Bahnsteig_PF
4110951456,63784847988190,99_Bahnsteig_PF,99_Bahnsteig_PF
4110959787,63784847988202,99_Bahnsteig_PF,99_Bahnsteig_PF
4110976450,63784847988213,99_Bahnsteig_PF,99_Bahnsteig_PF
4110984782,63784847988224,99_Bahnsteig_PF,99_Bahnsteig_PF
4110993113,63784847988236,99_Bahnsteig_PF,99_Bahnsteig_PF
4111009776,63784847988247,99_Bahnsteig_PF,99_Bahnsteig_PF
4111018108,63784847988258,99_Bahnsteig_PF,99_Bahnsteig_PF
4111026440,63784847988269,99_Bahnsteig_PF,99_Bahnsteig_PF
4111043103,63784847988280,99_Bahnsteig_PF,99_Bahnsteig_PF
4111051434,63784847988290,99_Bahnsteig_PF,99_Bahnsteig_PF
4111059766,63784847988302,99_Bahnsteig_PF,99_Bahnsteig_PF
4111076429,63784847988313,99_Bahnsteig_PF,99_Bahnsteig_PF
4111084760,63784847988324,99_Bahnsteig_PF,99_Bahnsteig_PF
4111093092,63784847988335,99_Bahnsteig_PF,99_Bahnsteig_PF
4111109755,63784847988346,99_Bahnsteig_PF,99_Bahnsteig_PF
4111118086,63784847988358,99_Bahnsteig_PF,99_Bahnsteig_PF
4111126418,63784847988369,99_Bahnsteig_PF,99_Bahnsteig_PF
4111143081,63784847988380,99_Bahnsteig_PF,99_Bahnsteig_PF
4111151412,63784847988391,99_Bahnsteig_PF,99_Bahnsteig_PF
4111168075,63784847988403,99_Bahnsteig_PF,99_Bahnsteig_PF
4111176407,63784847988414,99_Bahnsteig_PF,99_Bahnsteig_PF
4111184739,63784847988424,99_Bahnsteig_PF,99_Bahnsteig_PF
4111193070,63784847988436,99_Bahnsteig_PF,99_Bahnsteig_PF
4111209733,63784847988447,99_Bahnsteig_PF,99_Bahnsteig_PF
4111218065,63784847988458,99_Bahnsteig_PF,99_Bahnsteig_PF
4111226396,63784847988470,99_Bahnsteig_PF,99_Bahnsteig_PF
4111243059,63784847988481,99_Bahnsteig_PF,99_Bahnsteig_PF
4111251391,63784847988492,99_Bahnsteig_PF,99_Bahnsteig_PF
4111268054,63784847988504,99_Bahnsteig_PF,99_Bahnsteig_PF
4111276385,63784847988515,99_Bahnsteig_PF,99_Bahnsteig_PF
4111284717,63784847988526,99_Bahnsteig_PF,99_Bahnsteig_PF
4111301380,63784847988538,99_Bahnsteig_PF,99_Bahnsteig_PF
4111309711,63784847988550,99_Bahnsteig_PF,99_Bahnsteig_PF
4111318043,63784847988561,99_Bahnsteig_PF,99_Bahnsteig_PF
4111334706,63784847988573,99_Bahnsteig_PF,99_Bahnsteig_PF
4111343037,63784847988584,99_Bahnsteig_PF,99_Bahnsteig_PF
4111351369,63784847988595,99_Bahnsteig_PF,99_Bahnsteig_PF
4111368032,63784847988606,99_Bahnsteig_PF,99_Bahnsteig_PF
4111376364,63784847988617,99_Bahnsteig_PF,99_Bahnsteig_PF
4111393027,63784847988629,99_Bahnsteig_PF,99_Bahnsteig_PF
4111401358,63784847988640,99_Bahnsteig_PF,99_Bahnsteig_PF
4111409690,63784847988652,99_Bahnsteig_PF,99_Bahnsteig_PF
4111426353,63784847988663,99_Bahnsteig_PF,99_Bahnsteig_PF
4111434684,63784847988674,99_Bahnsteig_PF,99_Bahnsteig_PF
4111443016,63784847988685,99_Bahnsteig_PF,99_Bahnsteig_PF
4111459679,63784847988696,99_Bahnsteig_PF,99_Bahnsteig_PF
4111468010,63784847988708,99_Bahnsteig_PF,99_Bahnsteig_PF
4111476342,63784847988719,99_Bahnsteig_PF,99_Bahnsteig_PF
4111493005,63784847988730,99_Bahnsteig_PF,99_Bahnsteig_PF
4111501336,63784847988741,99_Bahnsteig_PF,99_Bahnsteig_PF
4111509668,63784847988752,99_Bahnsteig_PF,99_Bahnsteig_PF
4111526331,63784847988764,99_Bahnsteig_PF,99_Bahnsteig_PF
4111534663,63784847988775,99_Bahnsteig_PF,99_Bahnsteig_PF
4111551326,63784847988790,99_Bahnsteig_PF,99_Bahnsteig_PF
4111559657,63784847988798,99_Bahnsteig_PF,99_Bahnsteig_PF
4111567989,63784847988809,99_Bahnsteig_PF,99_Bahnsteig_PF
4111576320,63784847988820,99_Bahnsteig_PF,99_Bahnsteig_PF
4111592983,63784847988831,99_Bahnsteig_PF,99_Bahnsteig_PF
4111601315,63784847988842,99_Bahnsteig_PF,99_Bahnsteig_PF
4111609646,63784847988852,99_Bahnsteig_PF,99_Bahnsteig_PF
4111626309,63784847988864,99_Bahnsteig_PF,99_Bahnsteig_PF
4111634641,63784847988875,99_Bahnsteig_PF,99_Bahnsteig_PF
4111651304,63784847988887,99_Bahnsteig_PF,99_Bahnsteig_PF
4111659635,63784847988898,99_Bahnsteig_PF,99_Bahnsteig_PF
4111667967,63784847988908,99_Bahnsteig_PF,99_Bahnsteig_PF
4111684630,63784847988921,99_Bahnsteig_PF,99_Bahnsteig_PF
4111692962,63784847988932,99_Bahnsteig_PF,99_Bahnsteig_PF
4111701293,63784847988943,99_Bahnsteig_PF,99_Bahnsteig_PF
4111717956,63784847988954,99_Bahnsteig_PF,99_Bahnsteig_PF
4111726288,63784847988965,99_Bahnsteig_PF,99_Bahnsteig_PF
4111734619,63784847988976,99_Bahnsteig_PF,99_Bahnsteig_PF
4111751282,63784847988988,99_Bahnsteig_PF,99_Bahnsteig_PF
4111759614,63784847988998,99_Bahnsteig_PF,99_Bahnsteig_PF
4111767945,63784847989010,99_Bahnsteig_PF,99_Bahnsteig_PF
4111784608,63784847989021,99_Bahnsteig_PF,99_Bahnsteig_PF
4111792940,63784847989032,99_Bahnsteig_PF,99_Bahnsteig_PF
4111801271,63784847989044,99_Bahnsteig_PF,99_Bahnsteig_PF
4111817934,63784847989054,99_Bahnsteig_PF,99_Bahnsteig_PF
4111826266,63784847989066,99_Bahnsteig_PF,99_Bahnsteig_PF
4111834597,63784847989077,99_Bahnsteig_PF,99_Bahnsteig_PF
4111851261,63784847989088,99_Bahnsteig_PF,99_Bahnsteig_PF
4111859592,63784847989100,99_Bahnsteig_PF,99_Bahnsteig_PF
4111867924,63784847989110,99_Bahnsteig_PF,99_Bahnsteig_PF
4111884587,63784847989121,99_Bahnsteig_PF,99_Bahnsteig_PF
4111892918,63784847989133,99_Bahnsteig_PF,99_Bahnsteig_PF
4111901250,63784847989144,99_Bahnsteig_PF,99_Bahnsteig_PF
4111917913,63784847989155,99_Bahnsteig_PF,99_Bahnsteig_PF
4111926244,63784847989165,99_Bahnsteig_PF,99_Bahnsteig_PF
4111934576,63784847989177,99_Bahnsteig_PF,99_Bahnsteig_PF
4111951239,63784847989188,99_Bahnsteig_PF,99_Bahnsteig_PF
4111959570,63784847989199,99_Bahnsteig_PF,99_Bahnsteig_PF
4111967902,63784847989210,99_Bahnsteig_PF,99_Bahnsteig_PF
4111984565,63784847989221,99_Bahnsteig_PF,99_Bahnsteig_PF
4111992896,63784847989232,99_Bahnsteig_PF,99_Bahnsteig_PF
4112001228,63784847989244,99_Bahnsteig_PF,99_Bahnsteig_PF
4112017891,63784847989256,99_Bahnsteig_PF,99_Bahnsteig_PF
4112026223,63784847989266,99_Bahnsteig_PF,99_Bahnsteig_PF
4112034554,63784847989278,99_Bahnsteig_PF,99_Bahnsteig_PF
4112051217,63784847989288,99_Bahnsteig_PF,99_Bahnsteig_PF
4112059549,63784847989300,99_Bahnsteig_PF,99_Bahnsteig_PF
4112067880,63784847989311,99_Bahnsteig_PF,99_Bahnsteig_PF
4112084543,63784847989323,99_Bahnsteig_PF,99_Bahnsteig_PF
4112092875,63784847989333,99_Bahnsteig_PF,99_Bahnsteig_PF
4112101206,63784847989344,99_Bahnsteig_PF,99_Bahnsteig_PF
4112117869,63784847989356,99_Bahnsteig_PF,99_Bahnsteig_PF
4112126201,63784847989367,99_Bahnsteig_PF,99_Bahnsteig_PF
4112134532,63784847989378,99_Bahnsteig_PF,99_Bahnsteig_PF
4112151195,63784847989389,99_Bahnsteig_PF,99_Bahnsteig_PF
4112159527,63784847989401,99_Bahnsteig_PF,99_Bahnsteig_PF
4112176190,63784847989412,99_Bahnsteig_PF,99_Bahnsteig_PF
4112184522,63784847989423,99_Bahnsteig_PF,99_Bahnsteig_PF
4112192853,63784847989434,99_Bahnsteig_PF,99_Bahnsteig_PF
4112209516,63784847989445,99_Bahnsteig_PF,99_Bahnsteig_PF
4112217848,63784847989457,99_Bahnsteig_PF,99_Bahnsteig_PF
4112226179,63784847989468,99_Bahnsteig_PF,99_Bahnsteig_PF
4112242842,63784847989479,99_Bahnsteig_PF,99_Bahnsteig_PF
4112251174,63784847989490,99_Bahnsteig_PF,99_Bahnsteig_PF
4112259505,63784847989501,99_Bahnsteig_PF,99_Bahnsteig_PF
4112276168,63784847989513,99_Bahnsteig_PF,99_Bahnsteig_PF
4112284500,63784847989524,99_Bahnsteig_PF,99_Bahnsteig_PF
4112292831,63784847989535,99_Bahnsteig_PF,99_Bahnsteig_PF
4112309494,63784847989546,99_Bahnsteig_PF,99_Bahnsteig_PF
4112317826,63784847989557,99_Bahnsteig_PF,99_Bahnsteig_PF
4112326157,63784847989569,99_Bahnsteig_PF,99_Bahnsteig_PF
4112342820,63784847989580,99_Bahnsteig_PF,99_Bahnsteig_PF
4112351152,63784847989591,99_Bahnsteig_PF,99_Bahnsteig_PF
4112359484,63784847989601,99_Bahnsteig_PF,99_Bahnsteig_PF
4112376147,63784847989613,99_Bahnsteig_PF,99_Bahnsteig_PF
4112384478,63784847989624,99_Bahnsteig_PF,99_Bahnsteig_PF
4112392810,63784847989635,99_Bahnsteig_PF,99_Bahnsteig_PF
4112409473,63784847989646,99_Bahnsteig_PF,99_Bahnsteig_PF
4112417804,63784847989657,99_Bahnsteig_PF,99_Bahnsteig_PF
4112426136,63784847989669,99_Bahnsteig_PF,99_Bahnsteig_PF
4112442799,63784847989680,99_Bahnsteig_PF,99_Bahnsteig_PF
4112451130,63784847989691,99_Bahnsteig_PF,99_Bahnsteig_PF
4112459462,63784847989702,99_Bahnsteig_PF,99_Bahnsteig_PF
4112476125,63784847989714,99_Bahnsteig_PF,99_Bahnsteig_PF
4112484456,63784847989725,99_Bahnsteig_PF,99_Bahnsteig_PF
4112492788,63784847989736,99_Bahnsteig_PF,99_Bahnsteig_PF
4112509451,63784847989748,99_Bahnsteig_PF,99_Bahnsteig_PF
4112517783,63784847989759,99_Bahnsteig_PF,99_Bahnsteig_PF
4112526114,63784847989769,99_Bahnsteig_PF,99_Bahnsteig_PF
4112542777,63784847989780,99_Bahnsteig_PF,99_Bahnsteig_PF
4112551109,63784847989794,99_Bahnsteig_PF,99_Bahnsteig_PF
4112559440,63784847989802,99_Bahnsteig_PF,99_Bahnsteig_PF
4112576103,63784847989813,99_Bahnsteig_PF,99_Bahnsteig_PF
4112584435,63784847989825,99_Bahnsteig_PF,99_Bahnsteig_PF
4112592766,63784847989836,99_Bahnsteig_PF,99_Bahnsteig_PF
4112609429,63784847989847,99_Bahnsteig_PF,99_Bahnsteig_PF
4112617761,63784847989858,99_Bahnsteig_PF,99_Bahnsteig_PF
4112626092,63784847989869,99_Bahnsteig_PF,99_Bahnsteig_PF
4112642755,63784847989881,99_Bahnsteig_PF,99_Bahnsteig_PF
4112651087,63784847989892,99_Bahnsteig_PF,99_Bahnsteig_PF
4112659418,63784847989903,99_Bahnsteig_PF,99_Bahnsteig_PF
4112676081,63784847989914,99_Bahnsteig_PF,99_Bahnsteig_PF
4112684413,63784847989925,99_Bahnsteig_PF,99_Bahnsteig_PF
4112701076,63784847989937,99_Bahnsteig_PF,99_Bahnsteig_PF
4112709408,63784847989948,99_Bahnsteig_PF,99_Bahnsteig_PF
4112717739,63784847989959,99_Bahnsteig_PF,99_Bahnsteig_PF
4112734402,63784847989970,99_Bahnsteig_PF,99_Bahnsteig_PF
4112742734,63784847989981,99_Bahnsteig_PF,99_Bahnsteig_PF
4112751065,63784847989993,99_Bahnsteig_PF,99_Bahnsteig_PF
4112767728,63784847990004,99_Bahnsteig_PF,99_Bahnsteig_PF
4112776060,63784847990015,99_Bahnsteig_PF,99_Bahnsteig_PF
4112784391,63784847990026,99_Bahnsteig_PF,99_Bahnsteig_PF
4112801054,63784847990038,99_Bahnsteig_PF,99_Bahnsteig_PF
4112809386,63784847990048,99_Bahnsteig_PF,99_Bahnsteig_PF
4112817717,63784847990060,99_Bahnsteig_PF,99_Bahnsteig_PF
4112834380,63784847990071,99_Bahnsteig_PF,99_Bahnsteig_PF
4112842712,63784847990082,99_Bahnsteig_PF,99_Bahnsteig_PF
4112851044,63784847990094,99_Bahnsteig_PF,99_Bahnsteig_PF
4112867707,63784847990104,99_Bahnsteig_PF,99_Bahnsteig_PF
4112876038,63784847990115,99_Bahnsteig_PF,99_Bahnsteig_PF
4112884370,63784847990126,99_Bahnsteig_PF,99_Bahnsteig_PF
4112901033,63784847990137,99_Bahnsteig_PF,99_Bahnsteig_PF
4112909364,63784847990148,99_Bahnsteig_PF,99_Bahnsteig_PF
4112917696,63784847990159,99_Bahnsteig_PF,99_Bahnsteig_PF
4112934359,63784847990171,99_Bahnsteig_PF,99_Bahnsteig_PF
4112942690,63784847990182,99_Bahnsteig_PF,99_Bahnsteig_PF
4112951022,63784847990194,99_Bahnsteig_PF,99_Bahnsteig_PF
4112967685,63784847990205,99_Bahnsteig_PF,99_Bahnsteig_PF
4112976016,63784847990216,99_Bahnsteig_PF,99_Bahnsteig_PF
4112984348,63784847990227,99_Bahnsteig_PF,99_Bahnsteig_PF
4113001011,63784847990239,99_Bahnsteig_PF,99_Bahnsteig_PF
4113009342,63784847990249,99_Bahnsteig_PF,99_Bahnsteig_PF
4113017674,63784847990260,99_Bahnsteig_PF,99_Bahnsteig_PF
4113034337,63784847990272,99_Bahnsteig_PF,99_Bahnsteig_PF
4113042669,63784847990283,99_Bahnsteig_PF,99_Bahnsteig_PF
4113059332,63784847990295,99_Bahnsteig_PF,99_Bahnsteig_PF
4113067663,63784847990305,99_Bahnsteig_PF,99_Bahnsteig_PF
4113075995,63784847990316,99_Bahnsteig_PF,99_Bahnsteig_PF
4113084326,63784847990328,99_Bahnsteig_PF,99_Bahnsteig_PF
4113100989,63784847990340,99_Bahnsteig_PF,99_Bahnsteig_PF
4113109321,63784847990350,99_Bahnsteig_PF,99_Bahnsteig_PF
4113117652,63784847990361,99_Bahnsteig_PF,99_Bahnsteig_PF
4113134315,63784847990373,99_Bahnsteig_PF,99_Bahnsteig_PF
4113142647,63784847990384,99_Bahnsteig_PF,99_Bahnsteig_PF
4113159310,63784847990396,99_Bahnsteig_PF,99_Bahnsteig_PF
4113167641,63784847990407,99_Bahnsteig_PF,99_Bahnsteig_PF
4113175973,63784847990417,99_Bahnsteig_PF,99_Bahnsteig_PF
4113184305,63784847990428,99_Bahnsteig_PF,99_Bahnsteig_PF
4113200968,63784847990440,99_Bahnsteig_PF,99_Bahnsteig_PF
4113209299,63784847990451,99_Bahnsteig_PF,99_Bahnsteig_PF
4113225962,63784847990461,99_Bahnsteig_PF,99_Bahnsteig_PF
4113234294,63784847990472,99_Bahnsteig_PF,99_Bahnsteig_PF
4113242625,63784847990484,99_Bahnsteig_PF,99_Bahnsteig_PF
4113259288,63784847990495,99_Bahnsteig_PF,99_Bahnsteig_PF
4113267620,63784847990507,99_Bahnsteig_PF,99_Bahnsteig_PF
4113275951,63784847990517,99_Bahnsteig_PF,99_Bahnsteig_PF
4113292614,63784847990529,99_Bahnsteig_PF,99_Bahnsteig_PF
4113300946,63784847990540,99_Bahnsteig_PF,99_Bahnsteig_PF
4113309277,63784847990551,99_Bahnsteig_PF,99_Bahnsteig_PF
4113325940,63784847990562,99_Bahnsteig_PF,99_Bahnsteig_PF
4113334272,63784847990573,99_Bahnsteig_PF,99_Bahnsteig_PF
4113342603,63784847990584,99_Bahnsteig_PF,99_Bahnsteig_PF
4113359267,63784847990595,99_Bahnsteig_PF,99_Bahnsteig_PF
4113367598,63784847990607,99_Bahnsteig_PF,99_Bahnsteig_PF
4113375930,63784847990618,99_Bahnsteig_PF,99_Bahnsteig_PF
4113392593,63784847990630,99_Bahnsteig_PF,99_Bahnsteig_PF
4113400924,63784847990640,99_Bahnsteig_PF,99_Bahnsteig_PF
4113409256,63784847990651,99_Bahnsteig_PF,99_Bahnsteig_PF
4113425919,63784847990662,99_Bahnsteig_PF,99_Bahnsteig_PF
4113434250,63784847990674,99_Bahnsteig_PF,99_Bahnsteig_PF
4113442582,63784847990685,99_Bahnsteig_PF,99_Bahnsteig_PF
4113459245,63784847990696,99_Bahnsteig_PF,99_Bahnsteig_PF
4113467576,63784847990708,99_Bahnsteig_PF,99_Bahnsteig_PF
4113484239,63784847990724,99_Bahnsteig_PF,99_Bahnsteig_PF
4113492571,63784847990730,99_Bahnsteig_PF,99_Bahnsteig_PF
4113492571,63784847990736,99_Bahnsteig_PF,99_Bahnsteig_PF
4113509234,63784847990749,99_Bahnsteig_PF,99_Bahnsteig_PF
4113517566,63784847990759,99_Bahnsteig_PF,99_Bahnsteig_PF
4113534229,63784847990770,99_Bahnsteig_PF,99_Bahnsteig_PF
4113542560,63784847990782,99_Bahnsteig_PF,99_Bahnsteig_PF
4113559223,63784847990797,99_Bahnsteig_PF,99_Bahnsteig_PF
4113567555,63784847990804,99_Bahnsteig_PF,99_Bahnsteig_PF
4113575886,63784847990815,99_Bahnsteig_PF,99_Bahnsteig_PF
4113584218,63784847990826,99_Bahnsteig_PF,99_Bahnsteig_PF
4113600881,63784847990838,99_Bahnsteig_PF,99_Bahnsteig_PF
4113609212,63784847990849,99_Bahnsteig_PF,99_Bahnsteig_PF
4113617544,63784847990859,99_Bahnsteig_PF,99_Bahnsteig_PF
4113634207,63784847990870,99_Bahnsteig_PF,99_Bahnsteig_PF
4113642538,63784847990881,99_Bahnsteig_PF,99_Bahnsteig_PF
4113650870,63784847990893,99_Bahnsteig_PF,99_Bahnsteig_PF
4113667533,63784847990904,99_Bahnsteig_PF,99_Bahnsteig_PF
4113675864,63784847990915,99_Bahnsteig_PF,99_Bahnsteig_PF
4113684196,63784847990926,99_Bahnsteig_PF,99_Bahnsteig_PF
4113700859,63784847990937,99_Bahnsteig_PF,99_Bahnsteig_PF
4113709191,63784847990948,99_Bahnsteig_PF,99_Bahnsteig_PF
4113717522,63784847990960,99_Bahnsteig_PF,99_Bahnsteig_PF
4113734185,63784847990971,99_Bahnsteig_PF,99_Bahnsteig_PF
4113742517,63784847990982,99_Bahnsteig_PF,99_Bahnsteig_PF
4113750848,63784847990993,99_Bahnsteig_PF,99_Bahnsteig_PF
4113767511,63784847991005,99_Bahnsteig_PF,99_Bahnsteig_PF
4113775843,63784847991016,99_Bahnsteig_PF,99_Bahnsteig_PF
4113784174,63784847991027,99_Bahnsteig_PF,99_Bahnsteig_PF
4113800837,63784847991038,99_Bahnsteig_PF,99_Bahnsteig_PF
4113809169,63784847991049,99_Bahnsteig_PF,99_Bahnsteig_PF
4113817500,63784847991060,99_Bahnsteig_PF,99_Bahnsteig_PF
4113834163,63784847991072,99_Bahnsteig_PF,99_Bahnsteig_PF
4113842495,63784847991083,99_Bahnsteig_PF,99_Bahnsteig_PF
4113850827,63784847991095,99_Bahnsteig_PF,99_Bahnsteig_PF
4113867490,63784847991106,99_Bahnsteig_PF,99_Bahnsteig_PF
4113875821,63784847991117,99_Bahnsteig_PF,99_Bahnsteig_PF
4113892484,63784847991129,99_Bahnsteig_PF,99_Bahnsteig_PF
4113900816,63784847991140,99_Bahnsteig_PF,99_Bahnsteig_PF
4113909147,63784847991151,99_Bahnsteig_PF,99_Bahnsteig_PF
4113925810,63784847991163,99_Bahnsteig_PF,99_Bahnsteig_PF
4113934142,63784847991175,99_Bahnsteig_PF,99_Bahnsteig_PF
4113942473,63784847991186,99_Bahnsteig_PF,99_Bahnsteig_PF
4113959136,63784847991197,99_Bahnsteig_PF,99_Bahnsteig_PF
4113967468,63784847991209,99_Bahnsteig_PF,99_Bahnsteig_PF
4113975799,63784847991220,99_Bahnsteig_PF,99_Bahnsteig_PF
4113992462,63784847991230,99_Bahnsteig_PF,99_Bahnsteig_PF
4114000794,63784847991242,99_Bahnsteig_PF,99_Bahnsteig_PF
4114017457,63784847991254,99_Bahnsteig_PF,99_Bahnsteig_PF
4114025789,63784847991265,99_Bahnsteig_PF,99_Bahnsteig_PF
4114034120,63784847991277,99_Bahnsteig_PF,99_Bahnsteig_PF
4114050783,63784847991288,99_Bahnsteig_PF,99_Bahnsteig_PF
4114059115,63784847991300,99_Bahnsteig_PF,99_Bahnsteig_PF
4114067446,63784847991311,99_Bahnsteig_PF,99_Bahnsteig_PF
4114084109,63784847991322,99_Bahnsteig_PF,99_Bahnsteig_PF
4114092441,63784847991333,99_Bahnsteig_PF,99_Bahnsteig_PF
4114100772,63784847991344,99_Bahnsteig_PF,99_Bahnsteig_PF
4114117435,63784847991355,99_Bahnsteig_PF,99_Bahnsteig_PF
4114125767,63784847991366,99_Bahnsteig_PF,99_Bahnsteig_PF
4114134098,63784847991377,99_Bahnsteig_PF,99_Bahnsteig_PF
4114150761,63784847991388,99_Bahnsteig_PF,99_Bahnsteig_PF
4114159093,63784847991400,99_Bahnsteig_PF,99_Bahnsteig_PF
4114175756,63784847991412,99_Bahnsteig_PF,99_Bahnsteig_PF
4114184088,63784847991423,99_Bahnsteig_PF,99_Bahnsteig_PF
4114192419,63784847991435,99_Bahnsteig_PF,99_Bahnsteig_PF
4114209082,63784847991446,99_Bahnsteig_PF,99_Bahnsteig_PF
4114217414,63784847991455,99_Bahnsteig_PF,99_Bahnsteig_PF
4114225745,63784847991466,99_Bahnsteig_PF,99_Bahnsteig_PF
4114242408,63784847991478,99_Bahnsteig_PF,99_Bahnsteig_PF
4114250740,63784847991488,99_Bahnsteig_PF,99_Bahnsteig_PF
4114259071,63784847991500,99_Bahnsteig_PF,99_Bahnsteig_PF
4114275734,63784847991511,99_Bahnsteig_PF,99_Bahnsteig_PF
4114284066,63784847991523,99_Bahnsteig_PF,99_Bahnsteig_PF
4114292397,63784847991533,99_Bahnsteig_PF,99_Bahnsteig_PF
4114309060,63784847991545,99_Bahnsteig_PF,99_Bahnsteig_PF
4114317392,63784847991556,99_Bahnsteig_PF,99_Bahnsteig_PF
4114325723,63784847991567,99_Bahnsteig_PF,99_Bahnsteig_PF
4114342386,63784847991578,99_Bahnsteig_PF,99_Bahnsteig_PF
4114350718,63784847991589,99_Bahnsteig_PF,99_Bahnsteig_PF
4114359050,63784847991601,99_Bahnsteig_PF,99_Bahnsteig_PF
4114375713,63784847991612,99_Bahnsteig_PF,99_Bahnsteig_PF
4114375713,63784847991623,99_Bahnsteig_PF,99_Bahnsteig_PF
4114375713,63784847991634,99_Bahnsteig_PF,99_Bahnsteig_PF
4114375713,63784847991645,99_Bahnsteig_PF,99_Bahnsteig_PF
4114375713,63784847991657,99_Bahnsteig_PF,99_Bahnsteig_PF
4114375713,63784847991668,99_Bahnsteig_PF,99_Bahnsteig_PF
4114375713,63784847991679,99_Bahnsteig_PF,99_Bahnsteig_PF
4114375713,63784847991690,99_Bahnsteig_PF,99_Bahnsteig_PF
4114375713,63784847991701,99_Bahnsteig_PF,99_Bahnsteig_PF
4114375713,63784847991713,99_Bahnsteig_PF,99_Bahnsteig_PF
4114484022,63784847991724,99_Bahnsteig_PF,99_Bahnsteig_PF
4114492354,63784847991735,99_Bahnsteig_PF,99_Bahnsteig_PF
4114509017,63784847991747,99_Bahnsteig_PF,99_Bahnsteig_PF
4114517349,63784847991758,99_Bahnsteig_PF,99_Bahnsteig_PF
4114525680,63784847991769,99_Bahnsteig_PF,99_Bahnsteig_PF
4114542343,63784847991780,99_Bahnsteig_PF,99_Bahnsteig_PF
4114550675,63784847991792,99_Bahnsteig_PF,99_Bahnsteig_PF
4114567338,63784847991806,99_Bahnsteig_PF,99_Bahnsteig_PF
4114575669,63784847991814,99_Bahnsteig_PF,99_Bahnsteig_PF
4114584001,63784847991824,99_Bahnsteig_PF,99_Bahnsteig_PF
4114592332,63784847991835,99_Bahnsteig_PF,99_Bahnsteig_PF
4114608995,63784847991846,99_Bahnsteig_PF,99_Bahnsteig_PF
4114617327,63784847991857,99_Bahnsteig_PF,99_Bahnsteig_PF
4114625658,63784847991868,99_Bahnsteig_PF,99_Bahnsteig_PF
4114642321,63784847991880,99_Bahnsteig_PF,99_Bahnsteig_PF
4114650653,63784847991891,99_Bahnsteig_PF,99_Bahnsteig_PF
4114658984,63784847991902,99_Bahnsteig_PF,99_Bahnsteig_PF
4114675647,63784847991913,99_Bahnsteig_PF,99_Bahnsteig_PF
4114683979,63784847991925,99_Bahnsteig_PF,99_Bahnsteig_PF
4114700642,63784847991936,99_Bahnsteig_PF,99_Bahnsteig_PF
4114708974,63784847991948,99_Bahnsteig_PF,99_Bahnsteig_PF
4114717305,63784847991958,99_Bahnsteig_PF,99_Bahnsteig_PF
4114733968,63784847991970,99_Bahnsteig_PF,99_Bahnsteig_PF
4114742300,63784847991981,99_Bahnsteig_PF,99_Bahnsteig_PF
4114750631,63784847991993,99_Bahnsteig_PF,99_Bahnsteig_PF
4114767294,63784847992003,99_Bahnsteig_PF,99_Bahnsteig_PF
4114775626,63784847992015,99_Bahnsteig_PF,99_Bahnsteig_PF
4114783957,63784847992026,99_Bahnsteig_PF,99_Bahnsteig_PF
4114800620,63784847992037,99_Bahnsteig_PF,99_Bahnsteig_PF
4114808952,63784847992048,99_Bahnsteig_PF,99_Bahnsteig_PF
4114817283,63784847992060,99_Bahnsteig_PF,99_Bahnsteig_PF
4114833946,63784847992071,99_Bahnsteig_PF,99_Bahnsteig_PF
4114842278,63784847992082,99_Bahnsteig_PF,99_Bahnsteig_PF
4114850610,63784847992093,99_Bahnsteig_PF,99_Bahnsteig_PF
4114867273,63784847992103,99_Bahnsteig_PF,99_Bahnsteig_PF
4114875604,63784847992115,99_Bahnsteig_PF,99_Bahnsteig_PF
4114883936,63784847992126,99_Bahnsteig_PF,99_Bahnsteig_PF
4114900599,63784847992137,99_Bahnsteig_PF,99_Bahnsteig_PF
4114908930,63784847992149,99_Bahnsteig_PF,99_Bahnsteig_PF
4114917262,63784847992159,99_Bahnsteig_PF,99_Bahnsteig_PF
4114933925,63784847992170,99_Bahnsteig_PF,99_Bahnsteig_PF
4114942256,63784847992181,99_Bahnsteig_PF,99_Bahnsteig_PF
4114950588,63784847992193,99_Bahnsteig_PF,99_Bahnsteig_PF
4114967251,63784847992204,99_Bahnsteig_PF,99_Bahnsteig_PF
4114975582,63784847992215,99_Bahnsteig_PF,99_Bahnsteig_PF
4114983914,63784847992227,99_Bahnsteig_PF,99_Bahnsteig_PF
4115000577,63784847992237,99_Bahnsteig_PF,99_Bahnsteig_PF
4115008908,63784847992249,99_Bahnsteig_PF,99_Bahnsteig_PF
4115017240,63784847992260,99_Bahnsteig_PF,99_Bahnsteig_PF
4115033903,63784847992271,99_Bahnsteig_PF,99_Bahnsteig_PF
4115042235,63784847992283,99_Bahnsteig_PF,99_Bahnsteig_PF
4115050566,63784847992294,99_Bahnsteig_PF,99_Bahnsteig_PF
4115067229,63784847992305,99_Bahnsteig_PF,99_Bahnsteig_PF
4115075561,63784847992316,99_Bahnsteig_PF,99_Bahnsteig_PF
4115092224,63784847992328,99_Bahnsteig_PF,99_Bahnsteig_PF
4115100555,63784847992338,99_Bahnsteig_PF,99_Bahnsteig_PF
4115108887,63784847992349,99_Bahnsteig_PF,99_Bahnsteig_PF
4115117218,63784847992360,99_Bahnsteig_PF,99_Bahnsteig_PF
4115133881,63784847992372,99_Bahnsteig_PF,99_Bahnsteig_PF
4115142213,63784847992384,99_Bahnsteig_PF,99_Bahnsteig_PF
4115150544,63784847992394,99_Bahnsteig_PF,99_Bahnsteig_PF
4115167207,63784847992406,99_Bahnsteig_PF,99_Bahnsteig_PF
4115175539,63784847992417,99_Bahnsteig_PF,99_Bahnsteig_PF
4115200534,63784847992439,99_Bahnsteig_PF,99_Bahnsteig_PF
4115208865,63784847992450,99_Bahnsteig_PF,99_Bahnsteig_PF
4115225528,63784847992462,99_Bahnsteig_PF,99_Bahnsteig_PF
4115233860,63784847992472,99_Bahnsteig_PF,99_Bahnsteig_PF
4115242191,63784847992483,99_Bahnsteig_PF,99_Bahnsteig_PF
4115258854,63784847992494,99_Bahnsteig_PF,99_Bahnsteig_PF
4115267186,63784847992505,99_Bahnsteig_PF,99_Bahnsteig_PF
4115275517,63784847992516,99_Bahnsteig_PF,99_Bahnsteig_PF
4115292180,63784847992527,99_Bahnsteig_PF,99_Bahnsteig_PF
4115300512,63784847992539,99_Bahnsteig_PF,99_Bahnsteig_PF
4115308843,63784847992550,99_Bahnsteig_PF,99_Bahnsteig_PF
4115325506,63784847992562,99_Bahnsteig_PF,99_Bahnsteig_PF
4115333838,63784847992572,99_Bahnsteig_PF,99_Bahnsteig_PF
4115342169,63784847992584,99_Bahnsteig_PF,99_Bahnsteig_PF
4115358833,63784847992595,99_Bahnsteig_PF,99_Bahnsteig_PF
4115367164,63784847992606,99_Bahnsteig_PF,99_Bahnsteig_PF
4115375496,63784847992617,99_Bahnsteig_PF,99_Bahnsteig_PF
4115392159,63784847992628,99_Bahnsteig_PF,99_Bahnsteig_PF
4115400490,63784847992639,99_Bahnsteig_PF,99_Bahnsteig_PF
4115408822,63784847992651,99_Bahnsteig_PF,99_Bahnsteig_PF
4115425485,63784847992662,99_Bahnsteig_PF,99_Bahnsteig_PF
4115433816,63784847992673,99_Bahnsteig_PF,99_Bahnsteig_PF
4115442148,63784847992685,99_Bahnsteig_PF,99_Bahnsteig_PF
4115458811,63784847992696,99_Bahnsteig_PF,99_Bahnsteig_PF
4115467142,63784847992707,99_Bahnsteig_PF,99_Bahnsteig_PF
4115475474,63784847992718,99_Bahnsteig_PF,99_Bahnsteig_PF
4115492137,63784847992730,99_Bahnsteig_PF,99_Bahnsteig_PF
4115500468,63784847992741,99_Bahnsteig_PF,99_Bahnsteig_PF
4115508800,63784847992751,99_Bahnsteig_PF,99_Bahnsteig_PF
4115525463,63784847992764,99_Bahnsteig_PF,99_Bahnsteig_PF
4115533795,63784847992774,99_Bahnsteig_PF,99_Bahnsteig_PF
4115542126,63784847992785,99_Bahnsteig_PF,99_Bahnsteig_PF
4115558789,63784847992796,99_Bahnsteig_PF,99_Bahnsteig_PF
4115567121,63784847992807,99_Bahnsteig_PF,99_Bahnsteig_PF
4115575452,63784847992818,99_Bahnsteig_PF,99_Bahnsteig_PF
4115592115,63784847992830,99_Bahnsteig_PF,99_Bahnsteig_PF
4115600447,63784847992840,99_Bahnsteig_PF,99_Bahnsteig_PF
4115608778,63784847992852,99_Bahnsteig_PF,99_Bahnsteig_PF
4115625441,63784847992863,99_Bahnsteig_PF,99_Bahnsteig_PF
4115633773,63784847992874,99_Bahnsteig_PF,99_Bahnsteig_PF
4115642104,63784847992885,99_Bahnsteig_PF,99_Bahnsteig_PF
4115658767,63784847992897,99_Bahnsteig_PF,99_Bahnsteig_PF
4115667099,63784847992908,99_Bahnsteig_PF,99_Bahnsteig_PF
4115683762,63784847992919,99_Bahnsteig_PF,99_Bahnsteig_PF
4115692094,63784847992932,99_Bahnsteig_PF,99_Bahnsteig_PF
4115700425,63784847992941,99_Bahnsteig_PF,99_Bahnsteig_PF
4115717088,63784847992953,99_Bahnsteig_PF,99_Bahnsteig_PF
4115725420,63784847992964,99_Bahnsteig_PF,99_Bahnsteig_PF
4115733751,63784847992975,99_Bahnsteig_PF,99_Bahnsteig_PF
4115742083,63784847992986,99_Bahnsteig_PF,99_Bahnsteig_PF
4115758746,63784847992998,99_Bahnsteig_PF,99_Bahnsteig_PF
4115767077,63784847993009,99_Bahnsteig_PF,99_Bahnsteig_PF
4115783740,63784847993020,99_Bahnsteig_PF,99_Bahnsteig_PF
4115792072,63784847993030,99_Bahnsteig_PF,99_Bahnsteig_PF
4115800403,63784847993041,99_Bahnsteig_PF,99_Bahnsteig_PF
4115817066,63784847993053,99_Bahnsteig_PF,99_Bahnsteig_PF
4115825398,63784847993064,99_Bahnsteig_PF,99_Bahnsteig_PF
4115833729,63784847993075,99_Bahnsteig_PF,99_Bahnsteig_PF
4115850393,63784847993086,99_Bahnsteig_PF,99_Bahnsteig_PF
4115858724,63784847993098,99_Bahnsteig_PF,99_Bahnsteig_PF
4115867056,63784847993109,99_Bahnsteig_PF,99_Bahnsteig_PF
4115883719,63784847993120,99_Bahnsteig_PF,99_Bahnsteig_PF
4115892050,63784847993132,99_Bahnsteig_PF,99_Bahnsteig_PF
4115900382,63784847993143,99_Bahnsteig_PF,99_Bahnsteig_PF
4115917045,63784847993154,99_Bahnsteig_PF,99_Bahnsteig_PF
4115925376,63784847993165,99_Bahnsteig_PF,99_Bahnsteig_PF
4115933708,63784847993177,99_Bahnsteig_PF,99_Bahnsteig_PF
4115950371,63784847993187,99_Bahnsteig_PF,99_Bahnsteig_PF
4115958702,63784847993198,99_Bahnsteig_PF,99_Bahnsteig_PF
4115967034,63784847993210,99_Bahnsteig_PF,99_Bahnsteig_PF
4115983697,63784847993221,99_Bahnsteig_PF,99_Bahnsteig_PF
4115992028,63784847993231,99_Bahnsteig_PF,99_Bahnsteig_PF
4116000360,63784847993243,99_Bahnsteig_PF,99_Bahnsteig_PF
4116017023,63784847993254,99_Bahnsteig_PF,99_Bahnsteig_PF
4116025355,63784847993265,99_Bahnsteig_PF,99_Bahnsteig_PF
4116033686,63784847993276,99_Bahnsteig_PF,99_Bahnsteig_PF
4116050349,63784847993288,99_Bahnsteig_PF,99_Bahnsteig_PF
4116058681,63784847993298,99_Bahnsteig_PF,99_Bahnsteig_PF
4116067012,63784847993310,99_Bahnsteig_PF,99_Bahnsteig_PF
4116083675,63784847993321,99_Bahnsteig_PF,99_Bahnsteig_PF
4116092007,63784847993332,99_Bahnsteig_PF,99_Bahnsteig_PF
4116100338,63784847993343,99_Bahnsteig_PF,99_Bahnsteig_PF
4116117001,63784847993354,99_Bahnsteig_PF,99_Bahnsteig_PF
4116125333,63784847993366,99_Bahnsteig_PF,99_Bahnsteig_PF
4116133664,63784847993377,99_Bahnsteig_PF,99_Bahnsteig_PF
4116150327,63784847993388,99_Bahnsteig_PF,99_Bahnsteig_PF
4116158659,63784847993399,99_Bahnsteig_PF,99_Bahnsteig_PF
4116166990,63784847993410,99_Bahnsteig_PF,99_Bahnsteig_PF
4116183654,63784847993422,99_Bahnsteig_PF,99_Bahnsteig_PF
4116191985,63784847993433,99_Bahnsteig_PF,99_Bahnsteig_PF
4116200317,63784847993444,99_Bahnsteig_PF,99_Bahnsteig_PF
4116216980,63784847993461,99_Bahnsteig_PF,99_Bahnsteig_PF
4116225311,63784847993467,99_Bahnsteig_PF,99_Bahnsteig_PF
4116233643,63784847993473,99_Bahnsteig_PF,99_Bahnsteig_PF
4116241974,63784847993484,99_Bahnsteig_PF,99_Bahnsteig_PF
4116258637,63784847993495,99_Bahnsteig_PF,99_Bahnsteig_PF
4116266969,63784847993507,99_Bahnsteig_PF,99_Bahnsteig_PF
4116275300,63784847993518,99_Bahnsteig_PF,99_Bahnsteig_PF
4116291963,63784847993529,99_Bahnsteig_PF,99_Bahnsteig_PF
4116300295,63784847993540,99_Bahnsteig_PF,99_Bahnsteig_PF
4116308626,63784847993551,99_Bahnsteig_PF,99_Bahnsteig_PF
4116325289,63784847993562,99_Bahnsteig_PF,99_Bahnsteig_PF
4116333621,63784847993574,99_Bahnsteig_PF,99_Bahnsteig_PF
4116341952,63784847993585,99_Bahnsteig_PF,99_Bahnsteig_PF
4116358616,63784847993595,99_Bahnsteig_PF,99_Bahnsteig_PF
4116366947,63784847993606,99_Bahnsteig_PF,99_Bahnsteig_PF
4116375279,63784847993617,99_Bahnsteig_PF,99_Bahnsteig_PF
4116375279,63784847993629,99_Bahnsteig_PF,99_Bahnsteig_PF
4116375279,63784847993640,99_Bahnsteig_PF,99_Bahnsteig_PF
4116375279,63784847993651,99_Bahnsteig_PF,99_Bahnsteig_PF
4116375279,63784847993663,99_Bahnsteig_PF,99_Bahnsteig_PF
4116375279,63784847993673,99_Bahnsteig_PF,99_Bahnsteig_PF
4116375279,63784847993685,99_Bahnsteig_PF,99_Bahnsteig_PF
4116375279,63784847993696,99_Bahnsteig_PF,99_Bahnsteig_PF
4116375279,63784847993707,99_Bahnsteig_PF,99_Bahnsteig_PF
4116450262,63784847993718,None,99_Bahnsteig_PF
4116491920,63784847993730,99_Bahnsteig_PF,99_Bahnsteig_PF
4116500251,63784847993741,99_Bahnsteig_PF,99_Bahnsteig_PF
4116516915,63784847993752,99_Bahnsteig_PF,99_Bahnsteig_PF
4116525246,63784847993764,99_Bahnsteig_PF,99_Bahnsteig_PF
4116533578,63784847993774,99_Bahnsteig_PF,99_Bahnsteig_PF
4116550241,63784847993786,99_Bahnsteig_PF,99_Bahnsteig_PF
4116558572,63784847993798,99_Bahnsteig_PF,99_Bahnsteig_PF
4116566904,63784847993809,99_Bahnsteig_PF,99_Bahnsteig_PF
4116583567,63784847993820,99_Bahnsteig_PF,99_Bahnsteig_PF
4116591898,63784847993831,99_Bahnsteig_PF,99_Bahnsteig_PF
4116600230,63784847993842,99_Bahnsteig_PF,99_Bahnsteig_PF
4116616893,63784847993854,99_Bahnsteig_PF,99_Bahnsteig_PF
4116625224,63784847993865,99_Bahnsteig_PF,99_Bahnsteig_PF
4116633556,63784847993876,99_Bahnsteig_PF,99_Bahnsteig_PF
4116650219,63784847993888,99_Bahnsteig_PF,99_Bahnsteig_PF
4116658550,63784847993899,99_Bahnsteig_PF,99_Bahnsteig_PF
4116666882,63784847993911,99_Bahnsteig_PF,99_Bahnsteig_PF
4116683545,63784847993922,99_Bahnsteig_PF,99_Bahnsteig_PF
4116691877,63784847993934,99_Bahnsteig_PF,99_Bahnsteig_PF
4116708540,63784847993945,99_Bahnsteig_PF,99_Bahnsteig_PF
4116716871,63784847993955,99_Bahnsteig_PF,99_Bahnsteig_PF
4116725203,63784847993967,99_Bahnsteig_PF,99_Bahnsteig_PF
4116741866,63784847993978,99_Bahnsteig_PF,99_Bahnsteig_PF
4116750197,63784847993989,99_Bahnsteig_PF,99_Bahnsteig_PF
4116758529,63784847994002,99_Bahnsteig_PF,99_Bahnsteig_PF
4116775192,63784847994012,99_Bahnsteig_PF,99_Bahnsteig_PF
4116783523,63784847994024,99_Bahnsteig_PF,99_Bahnsteig_PF
4116800186,63784847994036,99_Bahnsteig_PF,99_Bahnsteig_PF
4116808518,63784847994047,99_Bahnsteig_PF,99_Bahnsteig_PF
4116816849,63784847994059,99_Bahnsteig_PF,99_Bahnsteig_PF
4116833512,63784847994070,99_Bahnsteig_PF,99_Bahnsteig_PF
4116841844,63784847994081,99_Bahnsteig_PF,99_Bahnsteig_PF
4116850176,63784847994091,99_Bahnsteig_PF,99_Bahnsteig_PF
4116866839,63784847994103,99_Bahnsteig_PF,99_Bahnsteig_PF
4116875170,63784847994115,99_Bahnsteig_PF,99_Bahnsteig_PF
4116883502,63784847994125,99_Bahnsteig_PF,99_Bahnsteig_PF
4116900165,63784847994137,99_Bahnsteig_PF,99_Bahnsteig_PF
4116908496,63784847994148,99_Bahnsteig_PF,99_Bahnsteig_PF
4116916828,63784847994159,99_Bahnsteig_PF,99_Bahnsteig_PF
4116933491,63784847994171,99_Bahnsteig_PF,99_Bahnsteig_PF
4116941822,63784847994181,99_Bahnsteig_PF,99_Bahnsteig_PF
4116950154,63784847994193,99_Bahnsteig_PF,99_Bahnsteig_PF
4116966817,63784847994204,99_Bahnsteig_PF,99_Bahnsteig_PF
4116975148,63784847994216,99_Bahnsteig_PF,99_Bahnsteig_PF
4116983480,63784847994227,99_Bahnsteig_PF,99_Bahnsteig_PF
4117000143,63784847994238,99_Bahnsteig_PF,99_Bahnsteig_PF
4117008474,63784847994248,99_Bahnsteig_PF,99_Bahnsteig_PF
4117016806,63784847994259,99_Bahnsteig_PF,99_Bahnsteig_PF
4117033469,63784847994270,99_Bahnsteig_PF,99_Bahnsteig_PF
4117041801,63784847994281,99_Bahnsteig_PF,99_Bahnsteig_PF
4117050132,63784847994292,99_Bahnsteig_PF,99_Bahnsteig_PF
4117066795,63784847994304,99_Bahnsteig_PF,99_Bahnsteig_PF
4117075127,63784847994315,99_Bahnsteig_PF,99_Bahnsteig_PF
4117083458,63784847994326,99_Bahnsteig_PF,99_Bahnsteig_PF
4117100121,63784847994337,99_Bahnsteig_PF,99_Bahnsteig_PF
4117108453,63784847994348,99_Bahnsteig_PF,99_Bahnsteig_PF
4117116784,63784847994360,99_Bahnsteig_PF,99_Bahnsteig_PF
4117133447,63784847994371,99_Bahnsteig_PF,99_Bahnsteig_PF
4117141779,63784847994382,99_Bahnsteig_PF,99_Bahnsteig_PF
4117150110,63784847994393,99_Bahnsteig_PF,99_Bahnsteig_PF
4117166773,63784847994405,99_Bahnsteig_PF,99_Bahnsteig_PF
4117175105,63784847994417,99_Bahnsteig_PF,99_Bahnsteig_PF
4117183437,63784847994427,99_Bahnsteig_PF,99_Bahnsteig_PF
4117200100,63784847994438,99_Bahnsteig_PF,99_Bahnsteig_PF
4117208431,63784847994449,99_Bahnsteig_PF,99_Bahnsteig_PF
4117216763,63784847994460,99_Bahnsteig_PF,99_Bahnsteig_PF
4117233426,63784847994471,99_Bahnsteig_PF,99_Bahnsteig_PF
4117241757,63784847994483,99_Bahnsteig_PF,99_Bahnsteig_PF
4117250089,63784847994493,99_Bahnsteig_PF,99_Bahnsteig_PF
4117266752,63784847994505,99_Bahnsteig_PF,99_Bahnsteig_PF
4117275083,63784847994516,99_Bahnsteig_PF,99_Bahnsteig_PF
4117291746,63784847994527,99_Bahnsteig_PF,99_Bahnsteig_PF
4117300078,63784847994539,99_Bahnsteig_PF,99_Bahnsteig_PF
4117308409,63784847994550,99_Bahnsteig_PF,99_Bahnsteig_PF
4117325072,63784847994561,99_Bahnsteig_PF,99_Bahnsteig_PF
4117333404,63784847994572,99_Bahnsteig_PF,99_Bahnsteig_PF
4117341735,63784847994583,99_Bahnsteig_PF,99_Bahnsteig_PF
4117358399,63784847994594,99_Bahnsteig_PF,99_Bahnsteig_PF
4117366730,63784847994606,99_Bahnsteig_PF,99_Bahnsteig_PF
4117375062,63784847994617,99_Bahnsteig_PF,99_Bahnsteig_PF
4117391725,63784847994628,99_Bahnsteig_PF,99_Bahnsteig_PF
4117400056,63784847994639,99_Bahnsteig_PF,99_Bahnsteig_PF
4117408388,63784847994650,99_Bahnsteig_PF,99_Bahnsteig_PF
4117425051,63784847994662,99_Bahnsteig_PF,99_Bahnsteig_PF
4117433382,63784847994674,99_Bahnsteig_PF,99_Bahnsteig_PF
4117441714,63784847994684,99_Bahnsteig_PF,99_Bahnsteig_PF
4117458377,63784847994695,99_Bahnsteig_PF,99_Bahnsteig_PF
4117466708,63784847994706,99_Bahnsteig_PF,99_Bahnsteig_PF
4117475040,63784847994718,99_Bahnsteig_PF,99_Bahnsteig_PF
4117491703,63784847994729,99_Bahnsteig_PF,99_Bahnsteig_PF
4117500034,63784847994740,99_Bahnsteig_PF,99_Bahnsteig_PF
4117508366,63784847994752,99_Bahnsteig_PF,99_Bahnsteig_PF
4117525029,63784847994761,99_Bahnsteig_PF,99_Bahnsteig_PF
4117533361,63784847994773,99_Bahnsteig_PF,99_Bahnsteig_PF
4117541692,63784847994784,99_Bahnsteig_PF,99_Bahnsteig_PF
4117558355,63784847994795,99_Bahnsteig_PF,99_Bahnsteig_PF
4117566687,63784847994807,99_Bahnsteig_PF,99_Bahnsteig_PF
4117575018,63784847994818,99_Bahnsteig_PF,99_Bahnsteig_PF
4117591681,63784847994829,99_Bahnsteig_PF,99_Bahnsteig_PF
4117600013,63784847994840,99_Bahnsteig_PF,99_Bahnsteig_PF
4117608344,63784847994851,99_Bahnsteig_PF,99_Bahnsteig_PF
4117625007,63784847994862,99_Bahnsteig_PF,99_Bahnsteig_PF
4117633339,63784847994874,99_Bahnsteig_PF,99_Bahnsteig_PF
4117641670,63784847994885,99_Bahnsteig_PF,99_Bahnsteig_PF
4117658333,63784847994896,99_Bahnsteig_PF,99_Bahnsteig_PF
4117666665,63784847994908,99_Bahnsteig_PF,99_Bahnsteig_PF
4117674996,63784847994918,99_Bahnsteig_PF,99_Bahnsteig_PF
4117691660,63784847994929,99_Bahnsteig_PF,99_Bahnsteig_PF
4117699991,63784847994941,99_Bahnsteig_PF,99_Bahnsteig_PF
4117708323,63784847994952,99_Bahnsteig_PF,99_Bahnsteig_PF
4117724986,63784847994963,99_Bahnsteig_PF,99_Bahnsteig_PF
4117733317,63784847994974,99_Bahnsteig_PF,99_Bahnsteig_PF
4117741649,63784847994985,99_Bahnsteig_PF,99_Bahnsteig_PF
4117758312,63784847994996,99_Bahnsteig_PF,99_Bahnsteig_PF
4117766643,63784847995008,99_Bahnsteig_PF,99_Bahnsteig_PF
4117783306,63784847995019,None,None
4117791638,63784847995030,99_Bahnsteig_PF,99_Bahnsteig_PF
4117799969,63784847995041,99_Bahnsteig_PF,99_Bahnsteig_PF
4117808301,63784847995052,99_Bahnsteig_PF,99_Bahnsteig_PF
4117824964,63784847995064,99_Bahnsteig_PF,99_Bahnsteig_PF
4117833295,63784847995075,99_Bahnsteig_PF,99_Bahnsteig_PF
4117849959,63784847995086,99_Bahnsteig_PF,99_Bahnsteig_PF
4117858290,63784847995097,99_Bahnsteig_PF,99_Bahnsteig_PF
4117866622,63784847995108,99_Bahnsteig_PF,99_Bahnsteig_PF
4117883285,63784847995120,99_Bahnsteig_PF,99_Bahnsteig_PF
4117891616,63784847995131,99_Bahnsteig_PF,99_Bahnsteig_PF
4117899948,63784847995142,99_Bahnsteig_PF,99_Bahnsteig_PF
4117916611,63784847995153,99_Bahnsteig_PF,99_Bahnsteig_PF
4117924942,63784847995163,99_Bahnsteig_PF,99_Bahnsteig_PF
4117933274,63784847995175,99_Bahnsteig_PF,99_Bahnsteig_PF
4117949937,63784847995186,99_Bahnsteig_PF,99_Bahnsteig_PF
4117958268,63784847995198,99_Bahnsteig_PF,99_Bahnsteig_PF
4117966600,63784847995208,99_Bahnsteig_PF,99_Bahnsteig_PF
4117983263,63784847995220,99_Bahnsteig_PF,99_Bahnsteig_PF
4117991594,63784847995231,99_Bahnsteig_PF,99_Bahnsteig_PF
4117999926,63784847995242,99_Bahnsteig_PF,99_Bahnsteig_PF
4118016589,63784847995254,99_Bahnsteig_PF,99_Bahnsteig_PF
4118024921,63784847995264,99_Bahnsteig_PF,99_Bahnsteig_PF
4118033252,63784847995275,99_Bahnsteig_PF,99_Bahnsteig_PF
4118049915,63784847995287,99_Bahnsteig_PF,99_Bahnsteig_PF
4118058247,63784847995298,99_Bahnsteig_PF,99_Bahnsteig_PF
4118066578,63784847995309,99_Bahnsteig_PF,99_Bahnsteig_PF
4118083241,63784847995320,99_Bahnsteig_PF,99_Bahnsteig_PF
4118091573,63784847995332,99_Bahnsteig_PF,99_Bahnsteig_PF
4118099904,63784847995343,99_Bahnsteig_PF,99_Bahnsteig_PF
4118116567,63784847995354,99_Bahnsteig_PF,99_Bahnsteig_PF
4118124899,63784847995365,99_Bahnsteig_PF,99_Bahnsteig_PF
4118133230,63784847995377,99_Bahnsteig_PF,99_Bahnsteig_PF
4118149893,63784847995388,99_Bahnsteig_PF,99_Bahnsteig_PF
4118158225,63784847995399,99_Bahnsteig_PF,99_Bahnsteig_PF
4118166556,63784847995410,99_Bahnsteig_PF,99_Bahnsteig_PF
4118183220,63784847995421,99_Bahnsteig_PF,99_Bahnsteig_PF
4118191551,63784847995432,99_Bahnsteig_PF,99_Bahnsteig_PF
4118199883,63784847995444,99_Bahnsteig_PF,99_Bahnsteig_PF
4118216546,63784847995455,99_Bahnsteig_PF,99_Bahnsteig_PF
4118224877,63784847995466,99_Bahnsteig_PF,99_Bahnsteig_PF
4118233209,63784847995477,99_Bahnsteig_PF,99_Bahnsteig_PF
4118249872,63784847995489,99_Bahnsteig_PF,99_Bahnsteig_PF
4118258203,63784847995499,99_Bahnsteig_PF,99_Bahnsteig_PF
4118274866,63784847995511,99_Bahnsteig_PF,99_Bahnsteig_PF
4118283198,63784847995522,99_Bahnsteig_PF,99_Bahnsteig_PF
4118291529,63784847995532,99_Bahnsteig_PF,99_Bahnsteig_PF
4118299861,63784847995543,99_Bahnsteig_PF,99_Bahnsteig_PF
4118316524,63784847995555,99_Bahnsteig_PF,99_Bahnsteig_PF
4118324855,63784847995566,99_Bahnsteig_PF,99_Bahnsteig_PF
4118341518,63784847995577,99_Bahnsteig_PF,99_Bahnsteig_PF
4118349850,63784847995588,99_Bahnsteig_PF,99_Bahnsteig_PF
4118358182,63784847995600,99_Bahnsteig_PF,99_Bahnsteig_PF
4118374845,63784847995611,99_Bahnsteig_PF,99_Bahnsteig_PF
4118383176,63784847995622,99_Bahnsteig_PF,99_Bahnsteig_PF
4118391508,63784847995633,99_Bahnsteig_PF,99_Bahnsteig_PF
4118408171,63784847995644,99_Bahnsteig_PF,99_Bahnsteig_PF
4118416502,63784847995656,99_Bahnsteig_PF,99_Bahnsteig_PF
4118424834,63784847995667,99_Bahnsteig_PF,99_Bahnsteig_PF
4118441497,63784847995678,99_Bahnsteig_PF,99_Bahnsteig_PF
4118449828,63784847995689,99_Bahnsteig_PF,99_Bahnsteig_PF
4118458160,63784847995701,99_Bahnsteig_PF,99_Bahnsteig_PF
4118474823,63784847995712,99_Bahnsteig_PF,99_Bahnsteig_PF
4118483154,63784847995723,99_Bahnsteig_PF,99_Bahnsteig_PF
4118491486,63784847995734,99_Bahnsteig_PF,99_Bahnsteig_PF
4118508149,63784847995746,99_Bahnsteig_PF,99_Bahnsteig_PF
4118516481,63784847995757,99_Bahnsteig_PF,99_Bahnsteig_PF
4118524812,63784847995768,99_Bahnsteig_PF,99_Bahnsteig_PF
4118541475,63784847995779,99_Bahnsteig_PF,99_Bahnsteig_PF
4118549807,63784847995791,99_Bahnsteig_PF,99_Bahnsteig_PF
4118558138,63784847995800,99_Bahnsteig_PF,99_Bahnsteig_PF
4118574801,63784847995811,99_Bahnsteig_PF,99_Bahnsteig_PF
4118583133,63784847995824,99_Bahnsteig_PF,99_Bahnsteig_PF
4118591464,63784847995834,99_Bahnsteig_PF,99_Bahnsteig_PF
4118608127,63784847995845,99_Bahnsteig_PF,99_Bahnsteig_PF
4118616459,63784847995856,99_Bahnsteig_PF,99_Bahnsteig_PF
4118624790,63784847995868,99_Bahnsteig_PF,99_Bahnsteig_PF
4118641453,63784847995879,99_Bahnsteig_PF,99_Bahnsteig_PF
4118649785,63784847995890,99_Bahnsteig_PF,99_Bahnsteig_PF
4118666448,63784847995902,99_Bahnsteig_PF,99_Bahnsteig_PF
4118674779,63784847995912,99_Bahnsteig_PF,99_Bahnsteig_PF
4118683111,63784847995923,99_Bahnsteig_PF,99_Bahnsteig_PF
4118691443,63784847995935,99_Bahnsteig_PF,99_Bahnsteig_PF
4118708106,63784847995946,99_Bahnsteig_PF,99_Bahnsteig_PF
4118716437,63784847995957,99_Bahnsteig_PF,99_Bahnsteig_PF
4118733100,63784847995969,99_Bahnsteig_PF,99_Bahnsteig_PF
4118741432,63784847995980,99_Bahnsteig_PF,99_Bahnsteig_PF
4118749763,63784847995991,99_Bahnsteig_PF,99_Bahnsteig_PF
4118758095,63784847996002,99_Bahnsteig_PF,99_Bahnsteig_PF
4118774758,63784847996013,99_Bahnsteig_PF,99_Bahnsteig_PF
4118783089,63784847996024,99_Bahnsteig_PF,99_Bahnsteig_PF
4118799752,63784847996036,99_Bahnsteig_PF,99_Bahnsteig_PF
4118808084,63784847996047,99_Bahnsteig_PF,99_Bahnsteig_PF
4118816415,63784847996058,99_Bahnsteig_PF,99_Bahnsteig_PF
4118833078,63784847996070,99_Bahnsteig_PF,99_Bahnsteig_PF
4118841410,63784847996080,99_Bahnsteig_PF,99_Bahnsteig_PF
4118849742,63784847996092,99_Bahnsteig_PF,99_Bahnsteig_PF
4118866405,63784847996103,99_Bahnsteig_PF,99_Bahnsteig_PF
4118874736,63784847996114,99_Bahnsteig_PF,99_Bahnsteig_PF
4118883068,63784847996124,99_Bahnsteig_PF,99_Bahnsteig_PF
4118899731,63784847996136,99_Bahnsteig_PF,99_Bahnsteig_PF
4118908062,63784847996147,99_Bahnsteig_PF,99_Bahnsteig_PF
4118916394,63784847996158,99_Bahnsteig_PF,99_Bahnsteig_PF
4118933057,63784847996169,99_Bahnsteig_PF,99_Bahnsteig_PF
4118941388,63784847996180,99_Bahnsteig_PF,99_Bahnsteig_PF
4118949720,63784847996191,99_Bahnsteig_PF,99_Bahnsteig_PF
4118966383,63784847996203,99_Bahnsteig_PF,99_Bahnsteig_PF
4118974714,63784847996214,99_Bahnsteig_PF,99_Bahnsteig_PF
4118983046,63784847996225,99_Bahnsteig_PF,99_Bahnsteig_PF
4118999709,63784847996236,99_Bahnsteig_PF,99_Bahnsteig_PF
4119008040,63784847996247,99_Bahnsteig_PF,99_Bahnsteig_PF
4119016372,63784847996259,99_Bahnsteig_PF,99_Bahnsteig_PF
4119033035,63784847996270,99_Bahnsteig_PF,99_Bahnsteig_PF
4119041367,63784847996281,99_Bahnsteig_PF,99_Bahnsteig_PF
4119049698,63784847996293,99_Bahnsteig_PF,99_Bahnsteig_PF
4119066361,63784847996303,99_Bahnsteig_PF,99_Bahnsteig_PF
4119074693,63784847996315,99_Bahnsteig_PF,99_Bahnsteig_PF
4119083024,63784847996326,99_Bahnsteig_PF,99_Bahnsteig_PF
4119099687,63784847996337,99_Bahnsteig_PF,99_Bahnsteig_PF
4119108019,63784847996348,99_Bahnsteig_PF,99_Bahnsteig_PF
4119116350,63784847996359,99_Bahnsteig_PF,99_Bahnsteig_PF
4119133013,63784847996371,99_Bahnsteig_PF,99_Bahnsteig_PF
4119141345,63784847996382,99_Bahnsteig_PF,99_Bahnsteig_PF
4119149676,63784847996393,99_Bahnsteig_PF,99_Bahnsteig_PF
4119166339,63784847996405,99_Bahnsteig_PF,99_Bahnsteig_PF
4119174671,63784847996415,99_Bahnsteig_PF,99_Bahnsteig_PF
4119183003,63784847996426,99_Bahnsteig_PF,99_Bahnsteig_PF
4119199666,63784847996437,99_Bahnsteig_PF,99_Bahnsteig_PF
4119207997,63784847996449,99_Bahnsteig_PF,99_Bahnsteig_PF
4119224660,63784847996460,99_Bahnsteig_PF,99_Bahnsteig_PF
4119232992,63784847996471,99_Bahnsteig_PF,99_Bahnsteig_PF
4119241323,63784847996482,99_Bahnsteig_PF,99_Bahnsteig_PF
4119249655,63784847996493,99_Bahnsteig_PF,99_Bahnsteig_PF
4119266318,63784847996505,99_Bahnsteig_PF,99_Bahnsteig_PF
4119274649,63784847996516,99_Bahnsteig_PF,99_Bahnsteig_PF
4119282981,63784847996527,99_Bahnsteig_PF,99_Bahnsteig_PF
4119299644,63784847996538,99_Bahnsteig_PF,99_Bahnsteig_PF
4119307975,63784847996550,99_Bahnsteig_PF,99_Bahnsteig_PF
4119324638,63784847996560,99_Bahnsteig_PF,99_Bahnsteig_PF
4119332970,63784847996572,99_Bahnsteig_PF,99_Bahnsteig_PF
4119341301,63784847996583,99_Bahnsteig_PF,99_Bahnsteig_PF
4119357965,63784847996594,99_Bahnsteig_PF,99_Bahnsteig_PF
4119366296,63784847996606,99_Bahnsteig_PF,99_Bahnsteig_PF
4119374628,63784847996616,99_Bahnsteig_PF,99_Bahnsteig_PF
4119391291,63784847996628,99_Bahnsteig_PF,99_Bahnsteig_PF
4119399622,63784847996640,99_Bahnsteig_PF,99_Bahnsteig_PF
4119407954,63784847996651,99_Bahnsteig_PF,99_Bahnsteig_PF
4119424617,63784847996661,99_Bahnsteig_PF,99_Bahnsteig_PF
4119432948,63784847996672,99_Bahnsteig_PF,99_Bahnsteig_PF
4119441280,63784847996683,99_Bahnsteig_PF,99_Bahnsteig_PF
4119457943,63784847996694,99_Bahnsteig_PF,99_Bahnsteig_PF
4119466274,63784847996705,99_Bahnsteig_PF,99_Bahnsteig_PF
4119474606,63784847996716,99_Bahnsteig_PF,99_Bahnsteig_PF
4119491269,63784847996732,99_Bahnsteig_PF,99_Bahnsteig_PF
4119499600,63784847996738,99_Bahnsteig_PF,99_Bahnsteig_PF
4119507932,63784847996747,99_Bahnsteig_PF,99_Bahnsteig_PF
4119516264,63784847996759,99_Bahnsteig_PF,99_Bahnsteig_PF
4119532927,63784847996770,99_Bahnsteig_PF,99_Bahnsteig_PF
4119541258,63784847996780,99_Bahnsteig_PF,99_Bahnsteig_PF
4119549590,63784847996792,99_Bahnsteig_PF,99_Bahnsteig_PF
4119566253,63784847996803,99_Bahnsteig_PF,99_Bahnsteig_PF
4119574584,63784847996814,99_Bahnsteig_PF,99_Bahnsteig_PF
4119582916,63784847996825,99_Bahnsteig_PF,99_Bahnsteig_PF
4119599579,63784847996837,99_Bahnsteig_PF,99_Bahnsteig_PF
4119607910,63784847996847,99_Bahnsteig_PF,99_Bahnsteig_PF
4119616242,63784847996859,99_Bahnsteig_PF,99_Bahnsteig_PF
4119632905,63784847996870,99_Bahnsteig_PF,99_Bahnsteig_PF
4119641236,63784847996881,99_Bahnsteig_PF,99_Bahnsteig_PF
4119649568,63784847996892,99_Bahnsteig_PF,99_Bahnsteig_PF
4119666231,63784847996903,99_Bahnsteig_PF,99_Bahnsteig_PF
4119674562,63784847996915,99_Bahnsteig_PF,99_Bahnsteig_PF
4119682894,63784847996926,99_Bahnsteig_PF,99_Bahnsteig_PF
4119699557,63784847996937,99_Bahnsteig_PF,99_Bahnsteig_PF
4119707889,63784847996948,99_Bahnsteig_PF,99_Bahnsteig_PF
4119716220,63784847996959,99_Bahnsteig_PF,99_Bahnsteig_PF
4119732883,63784847996970,99_Bahnsteig_PF,99_Bahnsteig_PF
4119741215,63784847996982,99_Bahnsteig_PF,99_Bahnsteig_PF
4119749546,63784847996992,99_Bahnsteig_PF,99_Bahnsteig_PF
4119766209,63784847997004,99_Bahnsteig_PF,99_Bahnsteig_PF
4119774541,63784847997015,99_Bahnsteig_PF,99_Bahnsteig_PF
4119782872,63784847997026,99_Bahnsteig_PF,99_Bahnsteig_PF
4119799535,63784847997037,99_Bahnsteig_PF,99_Bahnsteig_PF
4119807867,63784847997048,99_Bahnsteig_PF,99_Bahnsteig_PF
4119816198,63784847997060,99_Bahnsteig_PF,99_Bahnsteig_PF
4119832861,63784847997071,99_Bahnsteig_PF,99_Bahnsteig_PF
4119841193,63784847997082,99_Bahnsteig_PF,99_Bahnsteig_PF
4119857856,63784847997093,99_Bahnsteig_PF,99_Bahnsteig_PF
4119866188,63784847997105,99_Bahnsteig_PF,99_Bahnsteig_PF
4119874519,63784847997116,99_Bahnsteig_PF,99_Bahnsteig_PF
4119891182,63784847997128,99_Bahnsteig_PF,99_Bahnsteig_PF
4119899514,63784847997139,99_Bahnsteig_PF,99_Bahnsteig_PF
4119907845,63784847997150,99_Bahnsteig_PF,99_Bahnsteig_PF
4119924508,63784847997162,99_Bahnsteig_PF,99_Bahnsteig_PF
4119932840,63784847997173,99_Bahnsteig_PF,99_Bahnsteig_PF
4119941171,63784847997184,99_Bahnsteig_PF,99_Bahnsteig_PF
4119957834,63784847997196,99_Bahnsteig_PF,99_Bahnsteig_PF
4119966166,63784847997207,99_Bahnsteig_PF,99_Bahnsteig_PF
4119974497,63784847997219,99_Bahnsteig_PF,99_Bahnsteig_PF
4119991160,63784847997231,99_Bahnsteig_PF,99_Bahnsteig_PF
4119999492,63784847997242,99_Bahnsteig_PF,99_Bahnsteig_PF
4120016155,63784847997253,99_Bahnsteig_PF,99_Bahnsteig_PF
4120024487,63784847997263,99_Bahnsteig_PF,99_Bahnsteig_PF
4120032818,63784847997275,99_Bahnsteig_PF,99_Bahnsteig_PF
4120049481,63784847997286,99_Bahnsteig_PF,99_Bahnsteig_PF
4120057813,63784847997297,99_Bahnsteig_PF,99_Bahnsteig_PF
4120066144,63784847997308,99_Bahnsteig_PF,99_Bahnsteig_PF
4120082807,63784847997320,99_Bahnsteig_PF,99_Bahnsteig_PF
4120091139,63784847997331,99_Bahnsteig_PF,99_Bahnsteig_PF
4120099470,63784847997342,99_Bahnsteig_PF,99_Bahnsteig_PF
4120116133,63784847997353,99_Bahnsteig_PF,99_Bahnsteig_PF
4120124465,63784847997364,99_Bahnsteig_PF,99_Bahnsteig_PF
4120132796,63784847997375,99_Bahnsteig_PF,99_Bahnsteig_PF
4120149459,63784847997387,99_Bahnsteig_PF,99_Bahnsteig_PF
4120157791,63784847997398,99_Bahnsteig_PF,99_Bahnsteig_PF
4120166122,63784847997409,99_Bahnsteig_PF,99_Bahnsteig_PF
4120182786,63784847997420,99_Bahnsteig_PF,99_Bahnsteig_PF
4120191117,63784847997432,99_Bahnsteig_PF,99_Bahnsteig_PF
4120199449,63784847997443,99_Bahnsteig_PF,99_Bahnsteig_PF
4120216112,63784847997454,99_Bahnsteig_PF,99_Bahnsteig_PF
4120224443,63784847997465,99_Bahnsteig_PF,99_Bahnsteig_PF
4120232775,63784847997476,99_Bahnsteig_PF,99_Bahnsteig_PF
4120249438,63784847997488,99_Bahnsteig_PF,99_Bahnsteig_PF
4120257769,63784847997499,99_Bahnsteig_PF,99_Bahnsteig_PF
4120266101,63784847997510,99_Bahnsteig_PF,99_Bahnsteig_PF
4120282764,63784847997521,99_Bahnsteig_PF,99_Bahnsteig_PF
4120291095,63784847997532,99_Bahnsteig_PF,99_Bahnsteig_PF
4120299427,63784847997543,99_Bahnsteig_PF,99_Bahnsteig_PF
4120316090,63784847997555,99_Bahnsteig_PF,99_Bahnsteig_PF
4120324421,63784847997566,99_Bahnsteig_PF,99_Bahnsteig_PF
4120341084,63784847997577,99_Bahnsteig_PF,99_Bahnsteig_PF
4120349416,63784847997589,99_Bahnsteig_PF,99_Bahnsteig_PF
4120357748,63784847997599,99_Bahnsteig_PF,99_Bahnsteig_PF
4120374411,63784847997611,99_Bahnsteig_PF,99_Bahnsteig_PF
4120382742,63784847997622,99_Bahnsteig_PF,99_Bahnsteig_PF
4120382742,63784847997633,99_Bahnsteig_PF,99_Bahnsteig_PF
4120382742,63784847997643,99_Bahnsteig_PF,99_Bahnsteig_PF
4120382742,63784847997655,99_Bahnsteig_PF,99_Bahnsteig_PF
4120382742,63784847997666,99_Bahnsteig_PF,99_Bahnsteig_PF
4120382742,63784847997677,99_Bahnsteig_PF,99_Bahnsteig_PF
4120382742,63784847997688,99_Bahnsteig_PF,99_Bahnsteig_PF
4120382742,63784847997700,99_Bahnsteig_PF,99_Bahnsteig_PF
4120382742,63784847997711,99_Bahnsteig_PF,99_Bahnsteig_PF
4120482720,63784847997722,99_Bahnsteig_PF,99_Bahnsteig_PF
4120491052,63784847997733,99_Bahnsteig_PF,99_Bahnsteig_PF
4120507715,63784847997744,99_Bahnsteig_PF,99_Bahnsteig_PF
4120516047,63784847997755,99_Bahnsteig_PF,99_Bahnsteig_PF
4120524378,63784847997767,99_Bahnsteig_PF,99_Bahnsteig_PF
4120541041,63784847997778,99_Bahnsteig_PF,99_Bahnsteig_PF
4120549373,63784847997789,99_Bahnsteig_PF,99_Bahnsteig_PF
4120557704,63784847997800,99_Bahnsteig_PF,99_Bahnsteig_PF
4120574367,63784847997811,99_Bahnsteig_PF,99_Bahnsteig_PF
4120582699,63784847997823,99_Bahnsteig_PF,99_Bahnsteig_PF
4120591030,63784847997835,99_Bahnsteig_PF,99_Bahnsteig_PF
4120607693,63784847997845,99_Bahnsteig_PF,99_Bahnsteig_PF
4120616025,63784847997856,99_Bahnsteig_PF,99_Bahnsteig_PF
4120624356,63784847997867,99_Bahnsteig_PF,99_Bahnsteig_PF
4120641019,63784847997879,99_Bahnsteig_PF,99_Bahnsteig_PF
4120649351,63784847997890,99_Bahnsteig_PF,99_Bahnsteig_PF
4120657682,63784847997901,99_Bahnsteig_PF,99_Bahnsteig_PF
4120674345,63784847997912,99_Bahnsteig_PF,99_Bahnsteig_PF
4120682677,63784847997923,99_Bahnsteig_PF,99_Bahnsteig_PF
4120691009,63784847997934,99_Bahnsteig_PF,99_Bahnsteig_PF
4120707672,63784847997945,99_Bahnsteig_PF,99_Bahnsteig_PF
4120716003,63784847997956,99_Bahnsteig_PF,99_Bahnsteig_PF
4120724335,63784847997967,99_Bahnsteig_PF,99_Bahnsteig_PF
4120740998,63784847997979,99_Bahnsteig_PF,99_Bahnsteig_PF
4120749329,63784847997990,99_Bahnsteig_PF,99_Bahnsteig_PF
4120757661,63784847998001,99_Bahnsteig_PF,99_Bahnsteig_PF
4120774324,63784847998012,99_Bahnsteig_PF,99_Bahnsteig_PF
4120782655,63784847998024,99_Bahnsteig_PF,99_Bahnsteig_PF
4120790987,63784847998034,99_Bahnsteig_PF,99_Bahnsteig_PF
4120807650,63784847998046,99_Bahnsteig_PF,99_Bahnsteig_PF
4120815981,63784847998057,99_Bahnsteig_PF,99_Bahnsteig_PF
4120832644,63784847998068,99_Bahnsteig_PF,99_Bahnsteig_PF
4120840976,63784847998079,99_Bahnsteig_PF,99_Bahnsteig_PF
4120849308,63784847998090,99_Bahnsteig_PF,99_Bahnsteig_PF
4120865971,63784847998102,99_Bahnsteig_PF,99_Bahnsteig_PF
4120874302,63784847998113,99_Bahnsteig_PF,99_Bahnsteig_PF
4120882634,63784847998124,99_Bahnsteig_PF,99_Bahnsteig_PF
4120899297,63784847998135,99_Bahnsteig_PF,99_Bahnsteig_PF
4120907628,63784847998146,99_Bahnsteig_PF,99_Bahnsteig_PF
4120915960,63784847998157,99_Bahnsteig_PF,99_Bahnsteig_PF
4120932623,63784847998169,99_Bahnsteig_PF,99_Bahnsteig_PF
4120940954,63784847998180,99_Bahnsteig_PF,99_Bahnsteig_PF
4120940954,63784847998191,99_Bahnsteig_PF,99_Bahnsteig_PF
4120965949,63784847998202,99_Bahnsteig_PF,99_Bahnsteig_PF
4120974280,63784847998214,99_Bahnsteig_PF,99_Bahnsteig_PF
4120982612,63784847998225,99_Bahnsteig_PF,99_Bahnsteig_PF
4120999275,63784847998236,99_Bahnsteig_PF,99_Bahnsteig_PF
4121007606,63784847998247,99_Bahnsteig_PF,99_Bahnsteig_PF
4121015938,63784847998258,99_Bahnsteig_PF,99_Bahnsteig_PF
4121032601,63784847998270,99_Bahnsteig_PF,99_Bahnsteig_PF
4121040933,63784847998280,99_Bahnsteig_PF,99_Bahnsteig_PF
4121049264,63784847998291,99_Bahnsteig_PF,99_Bahnsteig_PF
4121065927,63784847998302,99_Bahnsteig_PF,99_Bahnsteig_PF
4121074259,63784847998314,99_Bahnsteig_PF,99_Bahnsteig_PF
4121082590,63784847998326,99_Bahnsteig_PF,99_Bahnsteig_PF
4121099253,63784847998336,99_Bahnsteig_PF,99_Bahnsteig_PF
4121107585,63784847998347,99_Bahnsteig_PF,99_Bahnsteig_PF
4121115916,63784847998359,99_Bahnsteig_PF,99_Bahnsteig_PF
4121132579,63784847998371,99_Bahnsteig_PF,99_Bahnsteig_PF
4121140911,63784847998381,99_Bahnsteig_PF,99_Bahnsteig_PF
4121149242,63784847998392,99_Bahnsteig_PF,99_Bahnsteig_PF
4121165905,63784847998404,99_Bahnsteig_PF,99_Bahnsteig_PF
4121174237,63784847998415,99_Bahnsteig_PF,99_Bahnsteig_PF
4121182569,63784847998426,99_Bahnsteig_PF,99_Bahnsteig_PF
4121199232,63784847998437,99_Bahnsteig_PF,99_Bahnsteig_PF
4121207563,63784847998449,99_Bahnsteig_PF,99_Bahnsteig_PF
4121215895,63784847998459,99_Bahnsteig_PF,99_Bahnsteig_PF
4121232558,63784847998470,99_Bahnsteig_PF,99_Bahnsteig_PF
4121240889,63784847998482,99_Bahnsteig_PF,99_Bahnsteig_PF
4121249221,63784847998493,99_Bahnsteig_PF,99_Bahnsteig_PF
4121265884,63784847998504,99_Bahnsteig_PF,99_Bahnsteig_PF
4121274215,63784847998515,99_Bahnsteig_PF,99_Bahnsteig_PF
4121282547,63784847998526,99_Bahnsteig_PF,99_Bahnsteig_PF
4121299210,63784847998537,99_Bahnsteig_PF,99_Bahnsteig_PF
4121307541,63784847998549,99_Bahnsteig_PF,99_Bahnsteig_PF
4121315873,63784847998560,99_Bahnsteig_PF,99_Bahnsteig_PF
4121332536,63784847998571,99_Bahnsteig_PF,99_Bahnsteig_PF
4121340867,63784847998582,99_Bahnsteig_PF,99_Bahnsteig_PF
4121357531,63784847998594,99_Bahnsteig_PF,99_Bahnsteig_PF
4121365862,63784847998605,99_Bahnsteig_PF,99_Bahnsteig_PF
4121374194,63784847998616,99_Bahnsteig_PF,99_Bahnsteig_PF
4121390857,63784847998627,99_Bahnsteig_PF,99_Bahnsteig_PF
4121399188,63784847998639,99_Bahnsteig_PF,99_Bahnsteig_PF
4121407520,63784847998649,99_Bahnsteig_PF,99_Bahnsteig_PF
4121424183,63784847998660,99_Bahnsteig_PF,99_Bahnsteig_PF
4121432514,63784847998672,99_Bahnsteig_PF,99_Bahnsteig_PF
4121440846,63784847998683,99_Bahnsteig_PF,99_Bahnsteig_PF
4121457509,63784847998694,99_Bahnsteig_PF,99_Bahnsteig_PF
4121465840,63784847998705,99_Bahnsteig_PF,99_Bahnsteig_PF
4121474172,63784847998717,99_Bahnsteig_PF,99_Bahnsteig_PF
4121490835,63784847998728,99_Bahnsteig_PF,99_Bahnsteig_PF
4121499166,63784847998739,99_Bahnsteig_PF,99_Bahnsteig_PF
4121507498,63784847998750,99_Bahnsteig_PF,99_Bahnsteig_PF
4121524161,63784847998761,99_Bahnsteig_PF,99_Bahnsteig_PF
4121532493,63784847998772,99_Bahnsteig_PF,99_Bahnsteig_PF
4121540824,63784847998783,99_Bahnsteig_PF,99_Bahnsteig_PF
4121557487,63784847998795,99_Bahnsteig_PF,99_Bahnsteig_PF
4121565819,63784847998806,99_Bahnsteig_PF,99_Bahnsteig_PF
4121574150,63784847998817,99_Bahnsteig_PF,99_Bahnsteig_PF
4121590813,63784847998828,99_Bahnsteig_PF,99_Bahnsteig_PF
4121599145,63784847998841,99_Bahnsteig_PF,99_Bahnsteig_PF
4121607476,63784847998850,99_Bahnsteig_PF,99_Bahnsteig_PF
4121624139,63784847998862,99_Bahnsteig_PF,99_Bahnsteig_PF
4121632471,63784847998873,99_Bahnsteig_PF,99_Bahnsteig_PF
4121640802,63784847998885,99_Bahnsteig_PF,99_Bahnsteig_PF
4121657465,63784847998895,99_Bahnsteig_PF,99_Bahnsteig_PF
4121665797,63784847998907,99_Bahnsteig_PF,99_Bahnsteig_PF
4121674128,63784847998917,99_Bahnsteig_PF,99_Bahnsteig_PF
4121690792,63784847998928,99_Bahnsteig_PF,99_Bahnsteig_PF
4121699123,63784847998939,99_Bahnsteig_PF,99_Bahnsteig_PF
4121715786,63784847998951,None,None
4121724118,63784847998962,99_Bahnsteig_PF,99_Bahnsteig_PF
4121732449,63784847998973,99_Bahnsteig_PF,99_Bahnsteig_PF
4121740781,63784847998984,99_Bahnsteig_PF,99_Bahnsteig_PF
4121757444,63784847998996,99_Bahnsteig_PF,99_Bahnsteig_PF
4121765775,63784847999006,None,None
4121782438,63784847999017,None,None
4121790770,63784847999029,None,None
4121799101,63784847999040,None,None
4121815764,63784847999051,None,None
4121824096,63784847999063,None,None
4121832427,63784847999074,None,None
4121849091,63784847999085,None,None
4121857422,63784847999096,None,None
4121865754,63784847999107,None,None
4121882417,63784847999118,None,None
4121890748,63784847999130,None,None
4121899080,63784847999141,None,None
4121915743,63784847999152,None,None
4121924074,63784847999163,None,99_Bahnsteig_PF
4121932406,63784847999175,None,None
4121949069,63784847999185,None,None
4121957400,63784847999196,None,None
4121965732,63784847999207,None,None
4121982395,63784847999218,None,None
4121990726,63784847999229,None,None
4121999058,63784847999241,None,99_Bahnsteig_PF
4122015721,63784847999252,None,99_Bahnsteig_PF
4122024053,63784847999264,99_Bahnsteig_PF,99_Bahnsteig_PF
4122032384,63784847999275,99_Bahnsteig_PF,None
4122057379,63784847999296,99_Bahnsteig_PF,99_Bahnsteig_PF
4122065710,63784847999304,99_Bahnsteig_PF,None
4122074042,63784847999311,99_Bahnsteig_PF,None
4122082373,63784847999319,99_Bahnsteig_PF,None
4122090705,63784847999326,99_Bahnsteig_PF,None
4122099036,63784847999337,99_Bahnsteig_PF,None
4122107368,63784847999348,99_Bahnsteig_PF,99_Bahnsteig_PF
4122124031,63784847999360,99_Bahnsteig_PF,99_Bahnsteig_PF
4122132362,63784847999371,99_Bahnsteig_PF,99_Bahnsteig_PF
4122140694,63784847999382,99_Bahnsteig_PF,99_Bahnsteig_PF
4122157357,63784847999393,99_Bahnsteig_PF,99_Bahnsteig_PF
4122165688,63784847999405,99_Bahnsteig_PF,99_Bahnsteig_PF
4122174020,63784847999416,99_Bahnsteig_PF,99_Bahnsteig_PF
4122190683,63784847999427,99_Bahnsteig_PF,99_Bahnsteig_PF
4122199015,63784847999438,99_Bahnsteig_PF,99_Bahnsteig_PF
4122207346,63784847999449,99_Bahnsteig_PF,99_Bahnsteig_PF
4122224009,63784847999459,99_Bahnsteig_PF,99_Bahnsteig_PF
4122232341,63784847999470,99_Bahnsteig_PF,99_Bahnsteig_PF
4122240672,63784847999482,99_Bahnsteig_PF,99_Bahnsteig_PF
4122257335,63784847999493,99_Bahnsteig_PF,99_Bahnsteig_PF
4122265667,63784847999504,99_Bahnsteig_PF,99_Bahnsteig_PF
4122273998,63784847999515,99_Bahnsteig_PF,99_Bahnsteig_PF
4122290661,63784847999527,99_Bahnsteig_PF,99_Bahnsteig_PF
4122298993,63784847999538,99_Bahnsteig_PF,99_Bahnsteig_PF
4122307324,63784847999549,99_Bahnsteig_PF,99_Bahnsteig_PF
4122323987,63784847999560,99_Bahnsteig_PF,99_Bahnsteig_PF
4122332319,63784847999572,99_Bahnsteig_PF,99_Bahnsteig_PF
4122340650,63784847999582,99_Bahnsteig_PF,99_Bahnsteig_PF
4122357314,63784847999594,99_Bahnsteig_PF,99_Bahnsteig_PF
4122365645,63784847999605,99_Bahnsteig_PF,99_Bahnsteig_PF
4122373977,63784847999616,99_Bahnsteig_PF,99_Bahnsteig_PF
4122390640,63784847999627,99_Bahnsteig_PF,99_Bahnsteig_PF
4122398971,63784847999639,99_Bahnsteig_PF,99_Bahnsteig_PF
4122407303,63784847999650,99_Bahnsteig_PF,99_Bahnsteig_PF
4122423966,63784847999661,99_Bahnsteig_PF,99_Bahnsteig_PF
4122432297,63784847999673,99_Bahnsteig_PF,99_Bahnsteig_PF
4122448960,63784847999684,99_Bahnsteig_PF,99_Bahnsteig_PF
4122457292,63784847999696,99_Bahnsteig_PF,99_Bahnsteig_PF
4122465623,63784847999707,99_Bahnsteig_PF,99_Bahnsteig_PF
4122482286,63784847999718,99_Bahnsteig_PF,99_Bahnsteig_PF
4122490618,63784847999730,99_Bahnsteig_PF,99_Bahnsteig_PF
4122498949,63784847999741,99_Bahnsteig_PF,99_Bahnsteig_PF
4122515613,63784847999753,99_Bahnsteig_PF,99_Bahnsteig_PF
4122523944,63784847999764,99_Bahnsteig_PF,99_Bahnsteig_PF
4122532276,63784847999775,99_Bahnsteig_PF,99_Bahnsteig_PF
4122548939,63784847999787,99_Bahnsteig_PF,99_Bahnsteig_PF
4122557270,63784847999798,99_Bahnsteig_PF,99_Bahnsteig_PF
4122573933,63784847999810,99_Bahnsteig_PF,99_Bahnsteig_PF
4122582265,63784847999821,99_Bahnsteig_PF,99_Bahnsteig_PF
4122590596,63784847999831,99_Bahnsteig_PF,99_Bahnsteig_PF
4122607259,63784847999845,99_Bahnsteig_PF,99_Bahnsteig_PF
4122615591,63784847999854,99_Bahnsteig_PF,99_Bahnsteig_PF
4122623922,63784847999866,99_Bahnsteig_PF,99_Bahnsteig_PF
4122640585,63784847999877,99_Bahnsteig_PF,99_Bahnsteig_PF
4122648917,63784847999889,99_Bahnsteig_PF,99_Bahnsteig_PF
4122657248,63784847999900,99_Bahnsteig_PF,99_Bahnsteig_PF
4122673911,63784847999912,99_Bahnsteig_PF,99_Bahnsteig_PF
4122682243,63784847999922,99_Bahnsteig_PF,99_Bahnsteig_PF
4122690575,63784847999933,99_Bahnsteig_PF,99_Bahnsteig_PF
4122707238,63784847999945,99_Bahnsteig_PF,99_Bahnsteig_PF
4122723901,63784847999966,99_Bahnsteig_PF,99_Bahnsteig_PF
4122732232,63784847999972,99_Bahnsteig_PF,99_Bahnsteig_PF
4122740564,63784847999979,99_Bahnsteig_PF,99_Bahnsteig_PF
4122748895,63784847999986,99_Bahnsteig_PF,99_Bahnsteig_PF
4122757227,63784847999997,99_Bahnsteig_PF,99_Bahnsteig_PF
4122765558,63784848000009,99_Bahnsteig_PF,99_Bahnsteig_PF
4122782221,63784848000020,99_Bahnsteig_PF,99_Bahnsteig_PF
4122790553,63784848000031,99_Bahnsteig_PF,99_Bahnsteig_PF
4122798884,63784848000042,99_Bahnsteig_PF,99_Bahnsteig_PF
4122815547,63784848000054,99_Bahnsteig_PF,99_Bahnsteig_PF
4122823879,63784848000064,99_Bahnsteig_PF,99_Bahnsteig_PF
4122840542,63784848000076,99_Bahnsteig_PF,99_Bahnsteig_PF
4122848874,63784848000086,99_Bahnsteig_PF,99_Bahnsteig_PF
4122857205,63784848000099,99_Bahnsteig_PF,99_Bahnsteig_PF
4122873868,63784848000109,99_Bahnsteig_PF,99_Bahnsteig_PF
4122882200,63784848000120,99_Bahnsteig_PF,99_Bahnsteig_PF
4122890531,63784848000131,99_Bahnsteig_PF,99_Bahnsteig_PF
4122907194,63784848000143,99_Bahnsteig_PF,99_Bahnsteig_PF
4122915526,63784848000154,99_Bahnsteig_PF,99_Bahnsteig_PF
4122923857,63784848000165,99_Bahnsteig_PF,99_Bahnsteig_PF
4122940520,63784848000176,99_Bahnsteig_PF,99_Bahnsteig_PF
4122948852,63784848000187,99_Bahnsteig_PF,99_Bahnsteig_PF
4122957183,63784848000199,99_Bahnsteig_PF,99_Bahnsteig_PF
4122973846,63784848000210,99_Bahnsteig_PF,99_Bahnsteig_PF
4122982178,63784848000221,99_Bahnsteig_PF,99_Bahnsteig_PF
4122990509,63784848000232,99_Bahnsteig_PF,99_Bahnsteig_PF
4123007172,63784848000243,99_Bahnsteig_PF,99_Bahnsteig_PF
4123015504,63784848000254,99_Bahnsteig_PF,99_Bahnsteig_PF
4123023836,63784848000266,99_Bahnsteig_PF,99_Bahnsteig_PF
4123040499,63784848000277,99_Bahnsteig_PF,99_Bahnsteig_PF
4123048830,63784848000288,99_Bahnsteig_PF,99_Bahnsteig_PF
4123057162,63784848000299,99_Bahnsteig_PF,99_Bahnsteig_PF
4123073825,63784848000311,99_Bahnsteig_PF,99_Bahnsteig_PF
4123082156,63784848000322,99_Bahnsteig_PF,99_Bahnsteig_PF
4123090488,63784848000333,99_Bahnsteig_PF,99_Bahnsteig_PF
4123107151,63784848000343,99_Bahnsteig_PF,99_Bahnsteig_PF
4123115482,63784848000356,99_Bahnsteig_PF,99_Bahnsteig_PF
4123123814,63784848000366,99_Bahnsteig_PF,99_Bahnsteig_PF
4123140477,63784848000378,99_Bahnsteig_PF,99_Bahnsteig_PF
4123148808,63784848000389,99_Bahnsteig_PF,99_Bahnsteig_PF
4123165471,63784848000400,99_Bahnsteig_PF,99_Bahnsteig_PF
4123173803,63784848000412,99_Bahnsteig_PF,99_Bahnsteig_PF
4123182135,63784848000423,99_Bahnsteig_PF,99_Bahnsteig_PF
4123198798,63784848000435,99_Bahnsteig_PF,99_Bahnsteig_PF
4123207129,63784848000446,99_Bahnsteig_PF,99_Bahnsteig_PF
4123215461,63784848000458,99_Bahnsteig_PF,99_Bahnsteig_PF
4123232124,63784848000469,99_Bahnsteig_PF,99_Bahnsteig_PF
4123240455,63784848000480,99_Bahnsteig_PF,99_Bahnsteig_PF
4123248787,63784848000491,99_Bahnsteig_PF,99_Bahnsteig_PF
4123265450,63784848000504,99_Bahnsteig_PF,99_Bahnsteig_PF
4123273781,63784848000515,99_Bahnsteig_PF,99_Bahnsteig_PF
4123290444,63784848000526,None,None
4123298776,63784848000537,None,None
4123307107,63784848000549,None,None
4123323770,63784848000560,None,None
4123332102,63784848000570,None,None
4123340433,63784848000581,None,None
4123357097,63784848000593,None,None
4123365428,63784848000604,None,None
4123373760,63784848000615,None,None
4123390423,63784848000626,None,None
4123398754,63784848000637,None,None
4123407086,63784848000649,None,None
4123423749,63784848000660,None,None
4123432080,63784848000672,None,99_Bahnsteig_PF
4123440412,63784848000683,None,99_Bahnsteig_PF
4123457075,63784848000693,None,None
4123465406,63784848000705,None,None
4123473738,63784848000716,None,None
4123490401,63784848000727,None,None
4123498732,63784848000738,None,None
4123507064,63784848000749,None,None
4123523727,63784848000761,None,None
4123532059,63784848000771,None,None
4123540390,63784848000783,None,None
4123557053,63784848000795,None,None
4123565385,63784848000806,None,None
4123573716,63784848000817,None,None
4123590379,63784848000828,None,None
4123598711,63784848000839,None,None
4123615374,63784848000852,None,None
4123623705,63784848000862,None,None
4123632037,63784848000872,None,None
4123640368,63784848000884,None,None
4123657031,63784848000895,None,None
4123665363,63784848000906,None,None
4123673694,63784848000917,None,None
4123690358,63784848000929,None,None
4123698689,63784848000939,None,None
4123715352,63784848000952,None,None
4123723684,63784848000962,None,None
4123732015,63784848000974,None,None
4123748678,63784848000984,None,None
4123757010,63784848000995,None,99_Bahnsteig_PF
4123765341,63784848001005,None,99_Bahnsteig_PF
4123782004,63784848001017,99_Bahnsteig_PF,None
4123790336,63784848001029,99_Bahnsteig_PF,None
4123798667,63784848001039,None,None
4123815330,63784848001051,None,None
4123823662,63784848001062,None,None
4123831993,63784848001073,None,None
4123848657,63784848001084,None,None
4123856988,63784848001095,None,None
4123865320,63784848001107,None,None
4123881983,63784848001117,None,None
4123890314,63784848001129,None,None
4123898646,63784848001141,None,None
4123915309,63784848001151,None,None
4123923640,63784848001163,None,None
4123931972,63784848001174,None,None
4123948635,63784848001185,None,None
4123956966,63784848001196,None,None
4123965298,63784848001208,None,None
4123981961,63784848001219,None,None
4123990292,63784848001230,None,None
4123998624,63784848001241,None,None
4124015287,63784848001252,None,None
4124023619,63784848001264,None,None
4124031950,63784848001274,None,None
4124048613,63784848001286,None,None
4124056945,63784848001298,None,None
4124065276,63784848001308,None,None
4124081939,63784848001319,None,None
4124090271,63784848001331,None,None
4124098602,63784848001342,None,None
4124115265,63784848001353,None,None
4124123597,63784848001364,None,None
4124131928,63784848001375,None,None
4124148591,63784848001386,None,None
4124156923,63784848001397,None,None
4124165254,63784848001408,None,None
4124181918,63784848001419,None,None
4124190249,63784848001430,None,None
4124198581,63784848001442,None,None
4124215244,63784848001454,None,None
4124223575,63784848001464,None,None
4124240238,63784848001476,None,None
4124248570,63784848001487,None,None
4124256901,63784848001498,None,None
4124265233,63784848001509,None,None
4124281896,63784848001520,None,None
4124290227,63784848001531,None,None
4124298559,63784848001543,None,None
4124315222,63784848001553,None,None
4124323553,63784848001565,None,None
4124331885,63784848001576,None,None
4124348548,63784848001588,None,None
4124356880,63784848001598,None,None
4124373543,63784848001610,None,None
4124381874,63784848001621,None,None
4124381874,63784848001632,None,None
4124381874,63784848001643,None,None
4124381874,63784848001655,None,None
4124381874,63784848001666,None,None
4124381874,63784848001677,None,None
4124381874,63784848001688,None,None
4124381874,63784848001699,None,None
4124381874,63784848001710,None,None
4124440195,63784848001721,None,None
4124490184,63784848001732,None,None
4124506847,63784848001743,None,None
4124515179,63784848001754,None,None
4124523510,63784848001766,None,None
4124540173,63784848001777,None,None
4124548505,63784848001788,None,None
4124556836,63784848001799,None,None
4124573499,63784848001810,None,None
4124581831,63784848001821,None,None
4124590162,63784848001833,None,None
4124606825,63784848001844,None,None
4124615157,63784848001856,None,None
4124623488,63784848001866,None,None
4124640151,63784848001877,None,None
4124648483,63784848001889,None,None
4124656814,63784848001899,None,None
4124673477,63784848001912,None,None
4124681809,63784848001922,None,None
4124690141,63784848001933,None,None
4124706804,63784848001945,None,None
4124715135,63784848001956,None,None
4124723467,63784848001967,None,None
4124740130,63784848001978,None,None
4124748461,63784848001989,None,None
4124756793,63784848002000,None,None
4124773456,63784848002012,None,None
4124781787,63784848002022,None,None
4124798450,63784848002034,None,None
4124806782,63784848002047,None,None
4124815113,63784848002057,None,None
4124831776,63784848002068,None,None
4124840108,63784848002079,99_Bahnsteig_PF,None
4124848440,63784848002090,99_Bahnsteig_PF,None
4124865103,63784848002101,None,None
4124873434,63784848002112,99_Bahnsteig_PF,None
4124881766,63784848002123,99_Bahnsteig_PF,None
4124898429,63784848002134,None,None
4124906760,63784848002146,None,None
4124915092,63784848002157,None,None
4124931755,63784848002168,None,None
4124940086,63784848002180,None,None
4124948418,63784848002190,None,None
4124965081,63784848002202,None,None
4124973412,63784848002213,None,None
4124981744,63784848002225,None,None
4124998407,63784848002235,None,None
4125006738,63784848002247,None,None
4125015070,63784848002256,None,None
4125031733,63784848002268,None,None
4125040065,63784848002280,None,None
4125048396,63784848002291,None,None
4125065059,63784848002302,None,None
4125073391,63784848002314,None,None
4125081722,63784848002324,None,None
4125098385,63784848002335,None,None
4125106717,63784848002347,None,None
4125115048,63784848002357,None,None
4125131711,63784848002369,None,None
4125140043,63784848002380,None,None
4125148374,63784848002392,None,None
4125165037,63784848002402,None,None
4125173369,63784848002414,None,None
4125181701,63784848002426,None,None
4125198364,63784848002436,None,None
4125206695,63784848002447,None,None
4125215027,63784848002458,None,None
4125231690,63784848002470,None,None
4125240021,63784848002481,None,None
4125248353,63784848002493,None,None
4125265016,63784848002503,None,None
4125273347,63784848002514,None,None
4125281679,63784848002526,None,None
4125298342,63784848002536,None,None
4125306673,63784848002548,None,None
4125315005,63784848002559,None,None
4125331668,63784848002569,None,None
4125339999,63784848002582,None,None
4125356663,63784848002592,None,None
4125364994,63784848002603,None,None
4125373326,63784848002615,None,None
4125389989,63784848002626,None,None
4125398320,63784848002637,None,None
4125414983,63784848002648,None,None
4125423315,63784848002659,None,None
4125431646,63784848002671,None,None
4125448309,63784848002682,None,None
4125456641,63784848002693,None,None
4125464972,63784848002704,None,None
4125481635,63784848002716,None,None
4125489967,63784848002727,None,None
4125498298,63784848002738,None,None
4125514962,63784848002749,None,None
4125523293,63784848002760,None,None
4125531625,63784848002771,None,None
4125548288,63784848002782,None,None
4125556619,63784848002793,99_Bahnsteig_PF,None
4125564951,63784848002805,99_Bahnsteig_PF,None
4125573282,63784848002815,99_Bahnsteig_PF,None
4125589945,63784848002827,None,None
4125598277,63784848002838,None,None
4125606608,63784848002849,None,None
4125631603,63784848002873,None,None
4125639934,63784848002881,None,99_Bahnsteig_PF
4125648266,63784848002887,None,99_Bahnsteig_PF
4125656597,63784848002893,None,99_Bahnsteig_PF
4125656597,63784848002900,None,99_Bahnsteig_PF
4125673260,63784848002911,99_Bahnsteig_PF,99_Bahnsteig_PF
4125681592,63784848002923,99_Bahnsteig_PF,99_Bahnsteig_PF
4125698255,63784848002934,99_Bahnsteig_PF,99_Bahnsteig_PF
4125706587,63784848002946,99_Bahnsteig_PF,99_Bahnsteig_PF
4125714918,63784848002956,99_Bahnsteig_PF,99_Bahnsteig_PF
4125731581,63784848002967,99_Bahnsteig_PF,99_Bahnsteig_PF
4125739913,63784848002979,99_Bahnsteig_PF,99_Bahnsteig_PF
4125748244,63784848002990,99_Bahnsteig_PF,99_Bahnsteig_PF
4125764907,63784848003001,99_Bahnsteig_PF,99_Bahnsteig_PF
4125773239,63784848003012,99_Bahnsteig_PF,99_Bahnsteig_PF
4125781570,63784848003023,99_Bahnsteig_PF,99_Bahnsteig_PF
4125798233,63784848003035,99_Bahnsteig_PF,99_Bahnsteig_PF
4125806565,63784848003046,99_Bahnsteig_PF,99_Bahnsteig_PF
4125814896,63784848003057,None,99_Bahnsteig_PF
4125831559,63784848003068,99_Bahnsteig_PF,99_Bahnsteig_PF
4125839891,63784848003079,99_Bahnsteig_PF,99_Bahnsteig_PF
4125848223,63784848003090,99_Bahnsteig_PF,None
4125864886,63784848003101,None,None
4125873217,63784848003112,None,None
4125881549,63784848003123,None,None
4125898212,63784848003134,None,None
4125906543,63784848003145,None,None
4125914875,63784848003157,None,None
4125931538,63784848003168,99_Bahnsteig_PF,None
4125939869,63784848003179,99_Bahnsteig_PF,None
4125948201,63784848003190,None,None
4125964864,63784848003202,None,99_Bahnsteig_PF
4125973195,63784848003213,None,None
4125981527,63784848003224,None,None
4125998190,63784848003236,None,None
4126006521,63784848003246,None,None
4126014853,63784848003257,None,None
4126031516,63784848003269,None,None
4126039848,63784848003280,None,None
4126048179,63784848003291,None,None
4126064842,63784848003302,None,None
4126073174,63784848003314,None,None
4126081505,63784848003325,None,None
4126098168,63784848003337,None,None
4126106500,63784848003349,None,None
4126123163,63784848003360,None,None
4126131494,63784848003371,None,None
4126139826,63784848003383,None,None
4126156489,63784848003395,None,None
4126164820,63784848003406,None,None
4126173152,63784848003418,None,None
4126189815,63784848003428,None,None
4126198147,63784848003441,None,None
4126206478,63784848003450,None,None
4126223141,63784848003462,None,None
4126231473,63784848003474,None,None
4126248136,63784848003486,None,None
4126256467,63784848003497,None,None
4126264799,63784848003509,None,None
4126281462,63784848003520,None,None
4126289793,63784848003531,None,None
4126298125,63784848003542,None,None
4126314788,63784848003553,None,None
4126323119,63784848003565,None,None
4126331451,63784848003575,None,None
4126348114,63784848003586,None,None
4126356446,63784848003598,None,None
4126364777,63784848003609,None,None
4126381440,63784848003620,None,None
4126381440,63784848003631,None,None
4126381440,63784848003643,None,None
4126381440,63784848003654,None,None
4126381440,63784848003665,None,None
4126381440,63784848003676,None,None
4126381440,63784848003687,None,None
4126381440,63784848003699,None,None
4126381440,63784848003710,None,None
4126481418,63784848003721,None,None
4126489750,63784848003732,None,None
4126506413,63784848003743,None,None
4126514745,63784848003755,None,None
4126523076,63784848003766,None,None
4126539739,63784848003777,None,None
4126548071,63784848003789,None,None
4126556402,63784848003800,None,None
4126573065,63784848003811,None,None
4126581397,63784848003822,None,None
4126589728,63784848003833,None,None
4126606391,63784848003844,None,None
4126614723,63784848003856,None,None
4126631386,63784848003869,None,None
4126639717,63784848003877,None,None
4126648049,63784848003888,None,None
4126656380,63784848003899,None,None
4126673043,63784848003911,None,None
4126681375,63784848003922,None,None
4126689707,63784848003933,None,None
4126706370,63784848003944,None,None
4126714701,63784848003956,None,None
4126731364,63784848003967,None,None
4126739696,63784848003978,None,None
4126748027,63784848003989,None,None
4126764690,63784848004001,None,None
4126773022,63784848004012,None,None
4126781353,63784848004023,None,None
4126789685,63784848004033,None,None
4126806348,63784848004045,None,None
4126814679,63784848004056,None,None
4126823011,63784848004067,None,None
4126839674,63784848004078,None,None
4126848006,63784848004091,None,None
4126856337,63784848004100,None,None
4126873000,63784848004112,None,None
4126881332,63784848004122,None,None
4126889663,63784848004133,None,None
4126906326,63784848004145,None,None
4126914658,63784848004156,None,None
4126931321,63784848004167,None,None
4126939652,63784848004178,None,None
4126947984,63784848004190,None,None
4126964647,63784848004201,None,None
4126972978,63784848004212,None,None
4126981310,63784848004223,None,None
4126997973,63784848004234,None,None
4127006304,63784848004246,None,Sphere
4127014636,63784848004257,None,None
4127031299,63784848004268,None,None
4127039631,63784848004279,None,None
4127047962,63784848004290,None,None
4127064625,63784848004301,None,None
4127072957,63784848004313,None,None
4127081288,63784848004324,None,None
4127097951,63784848004335,None,None
4127106283,63784848004346,None,None
4127114614,63784848004357,None,None
4127131277,63784848004369,None,None
4127139609,63784848004380,None,None
4127147940,63784848004391,None,None
4127164603,63784848004402,None,None
4127172935,63784848004413,None,None
4127181267,63784848004425,None,None
4127197930,63784848004436,None,None
4127206261,63784848004447,None,99_Bahnsteig_PF
4127214593,63784848004459,None,99_Bahnsteig_PF
4127231256,63784848004469,99_Bahnsteig_PF,99_Bahnsteig_PF
4127239587,63784848004480,None,None
4127256250,63784848004491,None,None
4127264582,63784848004502,None,None
4127272913,63784848004513,None,None
4127289576,63784848004525,None,None
4127297908,63784848004536,None,None
4127306239,63784848004547,None,None
4127322902,63784848004559,None,None
4127331234,63784848004570,None,None
4127339565,63784848004581,None,None
4127356229,63784848004592,None,None
4127364560,63784848004604,None,99_Bahnsteig_PF
4127372892,63784848004614,None,99_Bahnsteig_PF
4127389555,63784848004625,None,None
4127397886,63784848004637,None,None
4127406218,63784848004648,None,None
4127422881,63784848004659,None,None
4127431212,63784848004671,None,None
4127439544,63784848004681,None,None
4127456207,63784848004693,None,None
4127464538,63784848004704,None,None
4127472870,63784848004715,None,None
4127489533,63784848004726,None,None
4127497864,63784848004738,None,None
4127506196,63784848004749,None,None
4127522859,63784848004760,None,None
4127531191,63784848004771,None,None
4127539522,63784848004782,None,None
4127556185,63784848004793,None,None
4127564517,63784848004804,None,None
4127572848,63784848004816,None,None
4127589511,63784848004827,None,None
4127597843,63784848004839,None,None
4127606174,63784848004849,None,None
4127622837,63784848004859,None,None
4127631169,63784848004874,None,None
4127639500,63784848004882,None,None
4127656163,63784848004894,None,None
4127664495,63784848004905,None,None
4127672826,63784848004916,None,None
4127689490,63784848004926,None,None
4127697821,63784848004938,None,None
4127706153,63784848004950,None,None
4127722816,63784848004960,None,None
4127731147,63784848004972,None,None
4127739479,63784848004983,None,None
4127756142,63784848004994,None,None
4127764473,63784848005005,None,None
4127772805,63784848005016,None,None
4127789468,63784848005028,None,None
4127797799,63784848005039,None,None
4127806131,63784848005050,None,None
4127822794,63784848005061,None,None
4127831125,63784848005072,None,None
4127839457,63784848005083,None,None
4127856120,63784848005095,None,None
4127864452,63784848005106,None,None
4127872783,63784848005117,None,None
4127889446,63784848005128,None,None
4127897778,63784848005139,None,None
4127914441,63784848005151,None,None
4127922772,63784848005162,None,None
4127931104,63784848005173,None,None
4127947767,63784848005185,None,None
4127956098,63784848005196,None,None
4127964430,63784848005207,None,None
4127981093,63784848005218,None,None
4127989424,63784848005229,None,None
4127997756,63784848005239,None,None
4128014419,63784848005251,None,None
4128022751,63784848005262,None,None
4128031082,63784848005273,None,None
4128047745,63784848005284,None,None
4128056077,63784848005296,None,None
4128064408,63784848005306,None,None
4128081071,63784848005319,None,None
4128089403,63784848005329,None,None
4128097734,63784848005340,None,None
4128114397,63784848005351,None,None
4128122729,63784848005363,None,None
4128131060,63784848005374,None,None
4128147723,63784848005385,None,None
4128156055,63784848005396,None,None
4128164386,63784848005408,None,None
4128181050,63784848005419,None,None
4128189381,63784848005430,None,None
4128197713,63784848005441,None,None
4128214376,63784848005453,None,None
4128222707,63784848005463,None,None
4128231039,63784848005475,None,None
4128247702,63784848005486,None,None
4128256033,63784848005497,None,99_Bahnsteig_PF
4128264365,63784848005508,None,99_Bahnsteig_PF
4128281028,63784848005520,None,99_Bahnsteig_PF
4128289359,63784848005531,None,None
4128306022,63784848005542,None,None
4128314354,63784848005553,None,None
4128322685,63784848005565,None,None
4128339348,63784848005576,None,None
4128347680,63784848005587,None,None
4128364343,63784848005604,None,None
4128372675,63784848005611,None,None
4128381006,63784848005619,None,None
4128381006,63784848005626,None,None
4128381006,63784848005638,None,None
4128381006,63784848005649,None,None
4128381006,63784848005660,None,None
4128381006,63784848005672,None,None
4128381006,63784848005682,None,None
4128381006,63784848005694,None,None
4128381006,63784848005705,None,None
4128381006,63784848005716,None,None
4128489316,63784848005727,None,None
4128497647,63784848005739,None,None
4128505979,63784848005750,None,None
4128522642,63784848005761,None,None
4128530974,63784848005773,None,None
4128539305,63784848005783,None,None
4128555968,63784848005794,None,None
4128564300,63784848005806,None,None
4128572631,63784848005816,None,None
4128589294,63784848005827,None,None
4128597626,63784848005838,None,None
4128605957,63784848005849,None,None
4128622620,63784848005860,None,None
4128630952,63784848005872,None,None
4128639283,63784848005883,None,None
4128655946,63784848005894,None,None
4128664278,63784848005906,None,None
4128672609,63784848005917,None,None
4128689273,63784848005928,None,None
4128697604,63784848005939,None,None
4128714267,63784848005951,None,None
4128722599,63784848005961,None,None
4128730930,63784848005974,None,None
4128747593,63784848005984,None,None
4128755925,63784848005995,None,None
4128764256,63784848006007,None,None
4128780919,63784848006018,None,None
4128789251,63784848006029,None,None
4128797582,63784848006041,None,None
4128814245,63784848006052,None,None
4128822577,63784848006064,None,None
4128830908,63784848006075,None,None
4128847572,63784848006086,None,None
4128855903,63784848006098,None,None
4128872566,63784848006109,None,None
4128880898,63784848006121,None,None
4128889229,63784848006132,None,None
4128905892,63784848006145,None,None
4128914224,63784848006155,None,None
4128930887,63784848006166,None,None
4128939218,63784848006178,None,None
4128947550,63784848006189,None,None
4128964213,63784848006201,None,None
4128972544,63784848006212,None,None
4128980876,63784848006224,None,None
4128997539,63784848006234,None,None
4129005870,63784848006246,None,None
4129014202,63784848006257,None,None
4129030865,63784848006269,None,None
4129039197,63784848006279,None,None
4129047528,63784848006290,None,None
4129064191,63784848006301,None,None
4129072523,63784848006312,None,None
4129080854,63784848006323,None,None
4129097517,63784848006335,None,None
4129105849,63784848006346,None,None
4129114180,63784848006357,None,None
4129130843,63784848006368,None,None
4129139175,63784848006379,None,None
4129147506,63784848006390,None,None
4129164169,63784848006402,None,None
4129172501,63784848006413,None,None
4129180833,63784848006425,None,None
4129197496,63784848006436,None,None
4129205827,63784848006446,None,None
4129214159,63784848006458,None,None
4129230822,63784848006469,None,None
4129239153,63784848006480,None,None
4129247485,63784848006491,None,None
4129264148,63784848006503,None,None
4129272479,63784848006514,None,None
4129280811,63784848006525,None,None
4129297474,63784848006535,None,None
4129305805,63784848006547,None,None
4129314137,63784848006558,None,None
4129330800,63784848006569,None,None
4129339131,63784848006581,None,None
4129347463,63784848006591,None,None
4129364126,63784848006602,None,None
4129372458,63784848006614,None,None
4129380789,63784848006625,None,None
4129397452,63784848006636,None,None
4129405784,63784848006646,None,None
4129422447,63784848006658,None,None
4129430778,63784848006670,None,None
4129439110,63784848006681,None,None
4129455773,63784848006691,None,99_Bahnsteig_PF
4129464104,63784848006702,None,None
4129472436,63784848006714,None,None
4129489099,63784848006725,None,None
4129497430,63784848006736,None,None
4129505762,63784848006747,None,None
4129522425,63784848006758,None,None
4129530757,63784848006770,None,None
4129547420,63784848006782,None,None
4129555751,63784848006792,None,None
4129564083,63784848006804,None,None
4129572414,63784848006815,None,None
4129589077,63784848006826,None,None
4129597409,63784848006837,None,None
4129605740,63784848006849,None,None
4129622403,63784848006860,None,None
4129630735,63784848006871,None,None
4129639066,63784848006883,None,None
4129655729,63784848006893,None,None
4129664061,63784848006905,None,None
4129672392,63784848006916,None,None
4129689056,63784848006928,None,None
4129697387,63784848006938,None,None
4129705719,63784848006949,None,None
4129722382,63784848006961,None,None
4129730713,63784848006971,None,None
4129739045,63784848006982,None,None
4129755708,63784848006993,None,None
4129764039,63784848007004,None,None
4129772371,63784848007016,None,None
4129789034,63784848007028,None,None
4129797365,63784848007038,None,None
4129805697,63784848007049,None,None
4129822360,63784848007060,None,None
4129830691,63784848007071,None,None
4129847355,63784848007084,None,None
4129855686,63784848007094,None,None
4129864018,63784848007105,None,None
4129872349,63784848007116,None,None
4129889012,63784848007128,None,None
4129897344,63784848007139,None,None
4129905675,63784848007150,None,None
4129922338,63784848007161,None,None
4129930670,63784848007172,None,None
4129939001,63784848007183,None,None
4129955664,63784848007194,None,None
4129963996,63784848007206,None,None
4129980659,63784848007217,None,None
4129988990,63784848007229,None,None
4129997322,63784848007240,None,None
4130013985,63784848007250,None,None
4130022317,63784848007262,None,None
4130030648,63784848007273,None,None
4130047311,63784848007284,None,None
4130055643,63784848007296,None,None
4130063974,63784848007306,None,None
4130080637,63784848007317,None,None
4130088969,63784848007329,None,None
4130097300,63784848007339,None,None
4130113963,63784848007350,None,None
4130122295,63784848007361,None,None
4130130626,63784848007373,None,None
4130147289,63784848007383,None,None
4130155621,63784848007395,None,None
4130163952,63784848007406,None,None
4130180616,63784848007417,None,None
4130188947,63784848007429,None,None
4130197279,63784848007440,None,None
4130213942,63784848007451,None,None
4130222273,63784848007462,None,None
4130230605,63784848007474,None,None
4130247268,63784848007485,None,None
4130255599,63784848007496,None,None
4130263931,63784848007508,None,None
4130280594,63784848007519,None,None
4130288925,63784848007530,None,None
4130297257,63784848007541,None,None
4130313920,63784848007553,None,None
4130322251,63784848007564,None,None
4130330583,63784848007575,None,None
4130347246,63784848007587,None,None
4130355578,63784848007597,None,None
4130372241,63784848007608,None,None
4130380572,63784848007620,None,None
4130380572,63784848007631,None,None
4130380572,63784848007641,None,None
4130380572,63784848007653,None,None
4130380572,63784848007664,None,None
4130380572,63784848007675,None,None
4130380572,63784848007686,None,None
4130380572,63784848007698,None,None
4130380572,63784848007710,None,None
4130430561,63784848007721,None,None
4130488882,63784848007731,None,None
4130505545,63784848007743,None,None
4130513877,63784848007754,None,None
4130522208,63784848007765,None,None
4130538871,63784848007776,None,None
4130547203,63784848007787,None,None
4130555534,63784848007798,None,None
4130572197,63784848007810,None,None
4130580529,63784848007821,None,None
4130588860,63784848007832,None,None
4130605523,63784848007844,None,None
4130613855,63784848007854,None,None
4130622186,63784848007865,None,None
4130638849,63784848007876,None,None
4130647181,63784848007888,None,None
4130655512,63784848007898,None,None
4130672175,63784848007910,None,None
4130680507,63784848007920,None,None
4130688839,63784848007932,None,None
4130705502,63784848007943,None,99_Bahnsteig_PF
4130713833,63784848007954,99_Bahnsteig_PF,None
4130730496,63784848007966,None,None
4130738828,63784848007977,99_Bahnsteig_PF,None
4130747159,63784848007988,None,None
4130763822,63784848007999,None,None
4130772154,63784848008010,None,None
4130780485,63784848008021,None,None
4130797148,63784848008033,None,None
4130805480,63784848008044,None,None
4130813811,63784848008055,None,None
4130830474,63784848008067,None,None
4130838806,63784848008077,None,None
4130847138,63784848008088,None,None
4130863801,63784848008100,None,None
4130872132,63784848008111,None,None
4130880464,63784848008123,None,None
4130897127,63784848008134,None,None
4130905458,63784848008145,None,None
4130913790,63784848008156,None,None
4130930453,63784848008167,None,None
4130938784,63784848008179,None,None
4130947116,63784848008189,None,None
4130963779,63784848008200,None,None
4130972110,63784848008212,None,None
4130980442,63784848008223,None,None
4130997105,63784848008233,None,None
4131005436,63784848008245,None,None
4131013768,63784848008256,None,None
4131030431,63784848008267,None,None
4131038763,63784848008279,None,None
4131047094,63784848008289,None,None
4131063757,63784848008301,None,None
4131072089,63784848008312,None,None
4131080420,63784848008323,None,None
4131097083,63784848008335,None,None
4131105415,63784848008346,None,None
4131113746,63784848008357,None,None
4131130409,63784848008368,None,None
4131138741,63784848008379,None,None
4131147072,63784848008391,None,None
4131163735,63784848008402,None,None
4131172067,63784848008413,None,None
4131180399,63784848008424,None,None
4131197062,63784848008435,None,None
4131205393,63784848008447,None,None
4131213725,63784848008458,None,None
4131230388,63784848008467,None,None
4131238719,63784848008479,None,None
4131247051,63784848008491,None,None
4131263714,63784848008501,None,None
4131272045,63784848008513,None,None
4131288708,63784848008524,None,None
4131297040,63784848008535,None,None
4131305371,63784848008546,None,None
4131313703,63784848008557,None,None
4131330366,63784848008569,None,None
4131338697,63784848008580,None,None
4131355361,63784848008591,None,None
4131363692,63784848008602,None,None
4131372024,63784848008613,None,None
4131380355,63784848008624,None,None
4131397018,63784848008636,None,None
4131405350,63784848008648,None,None
4131422013,63784848008659,None,None
4131430344,63784848008669,None,None
4131438676,63784848008681,None,None
4131455339,63784848008692,None,None
4131463670,63784848008703,None,None
4131472002,63784848008714,None,None
4131488665,63784848008726,None,None
4131496996,63784848008736,None,None
4131505328,63784848008747,None,None
4131521991,63784848008759,None,None
4131530323,63784848008770,None,None
4131538654,63784848008782,None,None
4131555317,63784848008793,None,None
4131563649,63784848008803,None,None
4131571980,63784848008814,None,None
4131588643,63784848008826,None,None
4131596975,63784848008837,None,None
4131605306,63784848008848,None,None
4131621969,63784848008859,None,None
4131630301,63784848008870,None,None
4131638632,63784848008882,None,None
4131663627,63784848008905,None,None
4131671958,63784848008913,None,99_Bahnsteig_PF
4131680290,63784848008920,None,None
4131688622,63784848008928,None,None
4131696953,63784848008934,None,None
4131705285,63784848008944,None,None
4131713616,63784848008956,None,None
4131730279,63784848008966,None,None
4131738611,63784848008978,None,None
4131746942,63784848008989,None,None
4131763605,63784848009000,None,None
4131771937,63784848009011,None,None
4131780268,63784848009022,None,None
4131796931,63784848009034,None,None
4131805263,63784848009045,None,None
4131813594,63784848009056,None,None
4131830257,63784848009067,None,None
4131838589,63784848009078,None,None
4131846921,63784848009089,None,None
4131863584,63784848009100,None,None
4131871915,63784848009112,None,None
4131880247,63784848009123,None,None
4131896910,63784848009134,None,None
4131905241,63784848009145,None,None
4131913573,63784848009156,None,None
4131930236,63784848009168,None,None
4131938567,63784848009179,None,None
4131946899,63784848009190,None,None
4131963562,63784848009201,None,None
4131971893,63784848009212,None,None
4131980225,63784848009223,None,None
4131996888,63784848009235,None,None
4132005219,63784848009246,None,None
4132013551,63784848009257,None,None
4132030214,63784848009269,None,None
4132038546,63784848009279,None,None
4132046877,63784848009291,None,None
4132063540,63784848009301,None,None
4132071872,63784848009313,None,None
4132080203,63784848009324,None,None
4132096866,63784848009334,None,None
4132105198,63784848009346,None,None
4132113529,63784848009357,None,None
4132130192,63784848009368,None,None
4132138524,63784848009380,None,None
4132146855,63784848009391,None,None
4132163518,63784848009403,None,None
4132171850,63784848009414,None,None
4132188513,63784848009426,None,None
4132196845,63784848009438,None,None
4132205176,63784848009449,None,None
4132221839,63784848009460,None,None
4132230171,63784848009472,None,None
4132238502,63784848009483,None,None
4132255165,63784848009495,None,None
4132263497,63784848009507,None,None
4132280160,63784848009518,None,None
4132288491,63784848009530,None,None
4132296823,63784848009541,None,None
4132313486,63784848009552,None,None
4132321817,63784848009563,None,None
4132330149,63784848009574,None,None
4132346812,63784848009585,None,None
4132355144,63784848009596,None,None
4132363475,63784848009607,None,None
4132380138,63784848009618,None,None
4132380138,63784848009630,None,None
4132380138,63784848009641,None,None
4132380138,63784848009652,None,None
4132380138,63784848009663,None,None
4132380138,63784848009675,None,None
4132380138,63784848009685,None,None
4132380138,63784848009697,None,None
4132380138,63784848009708,None,None
4132380138,63784848009719,None,None
4132488448,63784848009731,None,None
4132505111,63784848009741,None,None
4132513443,63784848009752,None,None
4132521774,63784848009763,None,None
4132538437,63784848009775,None,None
4132546769,63784848009785,None,None
4132555100,63784848009797,None,None
4132571763,63784848009808,None,None
4132580095,63784848009819,None,None
4132588426,63784848009830,None,None
4132605089,63784848009841,None,None
4132613421,63784848009853,None,None
4132621752,63784848009864,None,None
4132638415,63784848009875,None,None
4132646747,63784848009887,None,None
4132655078,63784848009898,None,None
4132671741,63784848009909,None,None
4132680073,63784848009920,None,None
4132688405,63784848009932,None,None
4132705068,63784848009942,None,None
4132713399,63784848009954,None,None
4132721731,63784848009965,None,None
4132738394,63784848009976,None,None
4132746725,63784848009987,None,None
4132755057,63784848009999,None,None
4132771720,63784848010009,None,None
4132780051,63784848010021,None,None
4132788383,63784848010032,None,None
4132805046,63784848010043,None,None
4132813377,63784848010055,None,None
4132821709,63784848010066,None,None
4132838372,63784848010078,None,None
4132846704,63784848010088,None,None
4132855035,63784848010099,None,None
4132871698,63784848010110,None,None
4132880030,63784848010122,None,None
4132888361,63784848010133,None,None
4132905024,63784848010145,None,None
4132913356,63784848010155,None,None
4132921687,63784848010166,None,None
4132938350,63784848010177,None,None
4132946682,63784848010188,None,None
4132955013,63784848010199,None,None
4132971676,63784848010211,None,None
4132980008,63784848010221,None,None
4132988339,63784848010233,None,None
4133005002,63784848010243,None,None
4133013334,63784848010255,None,None
4133029997,63784848010266,None,None
4133038329,63784848010277,None,None
4133046660,63784848010288,None,None
4133063323,63784848010299,None,None
4133071655,63784848010311,None,99_Bahnsteig_PF
4133079986,63784848010322,None,None
4133096649,63784848010333,None,99_Bahnsteig_PF
4133104981,63784848010345,None,None
4133113312,63784848010356,None,None
4133129975,63784848010368,None,None
4133138307,63784848010378,None,None
4133146638,63784848010389,None,None
4133163301,63784848010400,None,None
4133171633,63784848010411,None,None
4133179965,63784848010423,None,None
4133196628,63784848010434,None,None
4133204959,63784848010446,None,None
4133213291,63784848010457,None,None
4133229954,63784848010468,None,None
4133238285,63784848010479,None,None
4133246617,63784848010491,None,None
4133263280,63784848010501,None,None
4133271611,63784848010513,None,None
4133279943,63784848010524,None,None
4133296606,63784848010535,None,None
4133304937,63784848010546,None,None
4133313269,63784848010558,None,None
4133329932,63784848010568,None,None
4133338263,63784848010579,None,None
4133346595,63784848010590,None,None
4133363258,63784848010601,None,None
4133371590,63784848010613,None,None
4133379921,63784848010624,None,None
4133396584,63784848010635,None,None
4133404916,63784848010646,None,None
4133421579,63784848010657,None,None
4133429910,63784848010668,None,None
4133438242,63784848010680,None,None
4133446573,63784848010690,None,None
4133463236,63784848010702,None,None
4133471568,63784848010713,None,None
4133488231,63784848010725,None,None
4133496562,63784848010736,None,None
4133504894,63784848010747,None,None
4133521557,63784848010758,None,None
4133529889,63784848010769,None,None
4133538220,63784848010781,None,None
4133554883,63784848010792,None,None
4133563215,63784848010803,None,None
4133571546,63784848010814,None,None
4133588209,63784848010824,None,None
4133596541,63784848010836,None,None
4133604872,63784848010847,None,None
4133621535,63784848010858,None,None
4133629867,63784848010870,None,None
4133638198,63784848010881,None,None
4133654861,63784848010892,None,None
4133663193,63784848010903,None,None
4133671524,63784848010914,None,None
4133688188,63784848010925,None,None
4133696519,63784848010936,None,None
4133704851,63784848010948,None,None
4133721514,63784848010959,None,None
4133729845,63784848010970,None,None
4133738177,63784848010982,None,None
4133754840,63784848010993,None,None
4133763171,63784848011004,None,None
4133771503,63784848011015,None,None
4133788166,63784848011026,None,None
4133796497,63784848011037,None,None
4133804829,63784848011048,None,None
4133821492,63784848011059,None,None
4133829823,63784848011071,None,None
4133838155,63784848011082,None,None
4133854818,63784848011093,None,None
4133863150,63784848011104,None,None
4133879813,63784848011116,None,None
4133888144,63784848011127,None,None
4133896476,63784848011138,None,None
4133904807,63784848011149,None,None
4133921470,63784848011160,None,None
4133929802,63784848011171,None,None
4133946465,63784848011183,None,None
4133954796,63784848011193,None,None
4133963128,63784848011205,None,None
4133979791,63784848011216,None,None
4133988122,63784848011227,None,None
4133996454,63784848011238,None,None
4134013117,63784848011250,None,None
4134021449,63784848011261,None,None
4134029780,63784848011272,None,None
4134046443,63784848011284,None,None
4134054775,63784848011294,None,None
4134063106,63784848011305,None,None
4134079769,63784848011316,None,None
4134088101,63784848011328,None,None
4134096432,63784848011338,None,None
4134113095,63784848011350,None,None
4134121427,63784848011361,None,None
4134129758,63784848011372,None,None
4134146421,63784848011383,None,None
4134154753,63784848011395,None,None
4134163084,63784848011406,None,None
4134179748,63784848011417,None,None
4134188079,63784848011428,None,None
4134196411,63784848011439,None,None
4134213074,63784848011450,None,None
4134221405,63784848011462,None,None
4134229737,63784848011473,None,None
4134246400,63784848011483,None,None
4134254731,63784848011495,None,None
4134263063,63784848011506,None,None
4134279726,63784848011518,None,None
4134288057,63784848011530,None,None
4134296389,63784848011539,None,None
4134313052,63784848011550,None,None
4134321383,63784848011561,None,99_Bahnsteig_PF
4134338046,63784848011573,99_Bahnsteig_PF,None
4134346378,63784848011584,None,None
4134354710,63784848011595,99_Bahnsteig_PF,None
4134363041,63784848011606,99_Bahnsteig_PF,99_Bahnsteig_PF
4134379704,63784848011618,99_Bahnsteig_PF,None
4134379704,63784848011630,99_Bahnsteig_PF,None
4134379704,63784848011640,99_Bahnsteig_PF,None
4134379704,63784848011652,99_Bahnsteig_PF,None
4134379704,63784848011663,99_Bahnsteig_PF,None
4134379704,63784848011674,99_Bahnsteig_PF,None
4134379704,63784848011685,99_Bahnsteig_PF,None
4134379704,63784848011696,99_Bahnsteig_PF,None
4134379704,63784848011707,99_Bahnsteig_PF,None
4134379704,63784848011719,99_Bahnsteig_PF,None
4134488014,63784848011730,None,None
4134504677,63784848011742,None,None
4134513009,63784848011753,None,None
4134521340,63784848011764,None,None
4134538003,63784848011775,None,None
4134546335,63784848011785,None,None
4134554666,63784848011797,None,None
4134571329,63784848011808,None,None
4134579661,63784848011819,None,None
4134587992,63784848011830,None,None
4134604655,63784848011842,None,None
4134612987,63784848011853,None,None
4134621318,63784848011864,None,None
4134637981,63784848011875,None,None
4134646313,63784848011887,None,None
4134654644,63784848011897,None,None
4134671307,63784848011910,None,None
4134679639,63784848011920,None,None
4134687971,63784848011931,None,None
4134704634,63784848011942,None,None
4134712965,63784848011954,None,None
4134721297,63784848011965,None,None
4134737960,63784848011976,None,None
4134746291,63784848011987,None,None
4134754623,63784848011999,None,None
4134771286,63784848012010,None,None
4134779617,63784848012021,None,None
4134787949,63784848012032,None,None
4134804612,63784848012043,None,None
4134812943,63784848012054,None,None
4134821275,63784848012064,None,None
4134837938,63784848012076,None,None
4134846270,63784848012087,None,None
4134854601,63784848012098,None,None
4134871264,63784848012110,None,None
4134879596,63784848012120,None,None
4134887927,63784848012132,None,None
4134904590,63784848012143,None,None
4134912922,63784848012154,None,None
4134921253,63784848012165,None,None
4134937916,63784848012176,None,None
4134946248,63784848012188,None,None
4134954579,63784848012199,None,None
4134971242,63784848012210,None,None
4134979574,63784848012222,None,None
4134996237,63784848012233,None,None
4135012900,63784848012254,None,None
4135021232,63784848012261,None,None
4135029563,63784848012269,None,None
4135037895,63784848012276,None,None
4135046226,63784848012284,None,None
4135054558,63784848012295,None,None
4135062889,63784848012306,None,None
4135079552,63784848012318,None,None
4135087884,63784848012328,None,None
4135096215,63784848012339,None,None
4135112878,63784848012351,None,None
4135121210,63784848012362,None,None
4135129541,63784848012373,None,None
4135146204,63784848012385,None,None
4135154536,63784848012396,None,None
4135162867,63784848012407,None,None
4135179531,63784848012418,None,None
4135187862,63784848012428,None,None
4135196194,63784848012440,None,None
4135212857,63784848012451,None,None
4135221188,63784848012462,None,None
4135229520,63784848012473,None,None
4135246183,63784848012484,None,None
4135254514,63784848012496,None,None
4135262846,63784848012507,None,None
4135279509,63784848012518,None,None
4135287840,63784848012529,None,None
4135296172,63784848012541,None,None
4135312835,63784848012552,None,None
4135321166,63784848012563,None,None
4135329498,63784848012574,None,None
4135346161,63784848012585,None,None
4135354493,63784848012597,None,None
4135362824,63784848012608,None,None
4135379487,63784848012619,None,None
4135387819,63784848012631,None,None
4135404482,63784848012641,None,None
4135412813,63784848012652,None,None
4135421145,63784848012664,None,None
4135437808,63784848012675,None,None
4135446139,63784848012686,None,None
4135454471,63784848012698,None,None
4135471134,63784848012708,None,None
4135479465,63784848012720,None,None
4135487797,63784848012731,None,None
4135504460,63784848012742,None,None
4135512792,63784848012754,None,None
4135521123,63784848012766,None,None
4135537786,63784848012777,None,None
4135546118,63784848012788,None,None
4135562781,63784848012800,None,None
4135571112,63784848012812,None,None
4135579444,63784848012823,None,None
4135596107,63784848012834,None,None
4135604438,63784848012846,None,None
4135621101,63784848012857,None,99_Bahnsteig_PF
4135629433,63784848012870,99_Bahnsteig_PF,None
4135646096,63784848012881,None,None
4135654427,63784848012892,None,None
4135662759,63784848012903,None,None
4135679422,63784848012917,99_Bahnsteig_PF,99_Bahnsteig_PF
4135687754,63784848012926,99_Bahnsteig_PF,None
4135696085,63784848012937,None,None
4135704417,63784848012947,None,None
4135721080,63784848012959,None,None
4135729411,63784848012970,None,None
4135737743,63784848012981,None,None
4135754406,63784848012992,None,None
4135762737,63784848013004,None,None
4135771069,63784848013014,None,None
4135787732,63784848013026,None,None
4135796063,63784848013037,None,None
4135804395,63784848013048,None,None
4135821058,63784848013059,None,None
4135829389,63784848013070,None,None
4135837721,63784848013081,None,None
4135854384,63784848013092,None,None
4135862716,63784848013104,None,None
4135871047,63784848013115,None,None
4135887710,63784848013126,None,None
4135896042,63784848013138,None,None
4135904373,63784848013149,None,None
4135921036,63784848013160,None,None
4135929368,63784848013171,None,None
4135937699,63784848013182,None,None
4135954362,63784848013193,None,None
4135962694,63784848013204,None,None
4135971025,63784848013216,None,None
4135987688,63784848013227,None,None
4135996020,63784848013238,None,None
4136012683,63784848013250,None,None
4136021015,63784848013261,None,None
4136029346,63784848013272,None,None
4136046009,63784848013282,None,None
4136054341,63784848013293,None,None
4136062672,63784848013304,None,None
4136079335,63784848013316,None,None
4136087667,63784848013327,None,None
4136095998,63784848013339,None,None
4136112661,63784848013350,None,None
4136120993,63784848013361,None,None
4136129324,63784848013372,None,None
4136145987,63784848013383,None,None
4136154319,63784848013395,None,None
4136162650,63784848013406,None,None
4136179314,63784848013417,None,None
4136187645,63784848013429,None,None
4136195977,63784848013439,None,None
4136212640,63784848013451,None,None
4136220971,63784848013462,None,None
4136229303,63784848013473,None,None
4136245966,63784848013484,None,None
4136254297,63784848013495,None,None
4136262629,63784848013506,None,None
4136279292,63784848013516,None,None
4136287623,63784848013528,None,None
4136295955,63784848013539,None,None
4136312618,63784848013551,None,None
4136320949,63784848013561,None,None
4136329281,63784848013573,None,None
4136345944,63784848013584,None,None
4136354276,63784848013595,None,None
4136362607,63784848013607,None,None
4136379270,63784848013618,None,None
4136379270,63784848013629,None,None
4136379270,63784848013640,None,None
4136379270,63784848013652,None,None
4136379270,63784848013663,None,None
4136379270,63784848013674,None,None
4136379270,63784848013684,None,None
4136379270,63784848013696,None,None
4136379270,63784848013707,None,None
4136379270,63784848013718,None,None
4136487580,63784848013730,None,None
4136495911,63784848013741,None,None
4136512575,63784848013752,None,None
4136520906,63784848013763,None,None
4136537569,63784848013775,None,None
4136545901,63784848013786,None,None
4136554232,63784848013796,None,None
4136570895,63784848013808,None,None
4136579227,63784848013819,None,None
4136587558,63784848013830,None,None
4136604221,63784848013841,None,None
4136612553,63784848013852,None,None
4136620884,63784848013863,None,None
4136637547,63784848013874,None,None
4136645879,63784848013885,None,None
4136654210,63784848013896,None,None
4136670873,63784848013908,None,None
4136679205,63784848013921,None,None
4136687537,63784848013929,None,None
4136704200,63784848013941,None,None
4136712531,63784848013953,None,None
4136720863,63784848013964,None,None
4136737526,63784848013975,None,None
4136745857,63784848013986,None,None
4136754189,63784848013997,None,None
4136770852,63784848014008,None,None
4136779183,63784848014019,None,None
4136787515,63784848014031,None,None
4136804178,63784848014041,None,None
4136812509,63784848014053,None,None
4136820841,63784848014064,None,None
4136837504,63784848014075,None,None
4136845836,63784848014086,None,None
4136854167,63784848014098,None,None
4136870830,63784848014109,None,None
4136879162,63784848014121,None,None
4136887493,63784848014132,None,None
4136904156,63784848014143,None,None
4136912488,63784848014155,None,None
4136920819,63784848014165,None,None
4136937482,63784848014175,None,None
4136945814,63784848014186,None,None
4136954145,63784848014197,None,None
4136970808,63784848014209,None,None
4136979140,63784848014220,None,None
4136987471,63784848014231,None,None
4137004134,63784848014242,None,None
4137012466,63784848014254,None,None
4137020798,63784848014264,None,None
4137037461,63784848014276,None,None
4137045792,63784848014287,None,None
4137054124,63784848014299,None,None
4137070787,63784848014309,None,None
4137079118,63784848014321,None,None
4137087450,63784848014331,None,None
4137104113,63784848014342,None,None
4137112444,63784848014353,None,None
4137120776,63784848014365,None,None
4137137439,63784848014376,None,None
4137145770,63784848014387,None,None
4137154102,63784848014398,None,None
4137170765,63784848014410,None,None
4137179097,63784848014420,None,None
4137187428,63784848014432,None,None
4137204091,63784848014442,None,None
4137212423,63784848014454,None,None
4137220754,63784848014465,None,None
4137237417,63784848014476,None,None
4137245749,63784848014487,None,None
4137254080,63784848014498,None,None
4137270743,63784848014509,None,None
4137279075,63784848014521,None,None
4137287406,63784848014532,None,None
4137304069,63784848014544,None,None
4137312401,63784848014555,None,None
4137329064,63784848014567,None,None
4137337395,63784848014578,None,None
4137345727,63784848014589,None,None
4137362390,63784848014601,None,None
4137370722,63784848014611,None,None
4137379053,63784848014623,None,None
4137395716,63784848014634,None,None
4137404048,63784848014646,None,None
4137412379,63784848014656,None,None
4137429042,63784848014667,None,None
4137437374,63784848014679,None,None
4137445705,63784848014690,None,None
4137462368,63784848014701,None,None
4137470700,63784848014712,None,None
4137479031,63784848014724,None,None
4137495694,63784848014735,None,None
4137504026,63784848014746,None,None
4137512358,63784848014757,None,None
4137529021,63784848014768,None,None
4137537352,63784848014778,None,None
4137545684,63784848014790,None,None
4137562347,63784848014801,None,None
4137570678,63784848014813,None,None
4137579010,63784848014824,None,None
4137595673,63784848014835,None,None
4137604004,63784848014846,None,None
4137620667,63784848014857,None,None
4137628999,63784848014868,None,None
4137637330,63784848014880,None,None
4137645662,63784848014891,None,None
4137662325,63784848014902,None,None
4137670656,63784848014913,None,None
4137687320,63784848014927,None,None
4137695651,63784848014936,None,None
4137703983,63784848014947,None,None
4137720646,63784848014958,None,None
4137728977,63784848014969,None,None
4137737309,63784848014980,None,None
4137753972,63784848014992,None,None
4137762303,63784848015003,None,None
4137770635,63784848015014,None,None
4137787298,63784848015025,None,None
4137795629,63784848015037,None,None
4137803961,63784848015047,None,None
4137820624,63784848015058,None,None
4137828955,63784848015069,None,None
4137837287,63784848015081,None,None
4137853950,63784848015092,None,None
4137862282,63784848015103,None,None
4137870613,63784848015114,None,None
4137887276,63784848015125,None,None
4137895608,63784848015137,None,None
4137903939,63784848015148,None,None
4137920602,63784848015159,None,None
4137928934,63784848015170,None,None
4137937265,63784848015191,None,None
4137953928,63784848015198,None,None
4137962260,63784848015205,None,None
4137970591,63784848015211,None,None
4137978923,63784848015222,None,None
4137987254,63784848015232,None,None
4138003917,63784848015243,None,None
4138012249,63784848015254,None,None
4138028912,63784848015265,None,None
4138037244,63784848015277,None,None
4138045575,63784848015288,None,None
4138062238,63784848015299,None,None
4138070570,63784848015310,None,None
4138078901,63784848015321,None,None
4138095564,63784848015333,None,None
4138103896,63784848015343,None,None
4138112227,63784848015355,None,None
4138128890,63784848015367,None,None
4138137222,63784848015378,None,None
4138145553,63784848015389,None,None
4138162216,63784848015400,None,None
4138170548,63784848015411,None,None
4138178880,63784848015423,None,None
4138195543,63784848015433,None,None
4138203874,63784848015445,None,None
4138212206,63784848015456,None,None
4138228869,63784848015467,None,None
4138237200,63784848015477,None,None
4138245532,63784848015490,None,None
4138262195,63784848015500,None,None
4138270526,63784848015512,None,None
4138278858,63784848015523,None,None
4138295521,63784848015534,None,None
4138303852,63784848015545,None,None
4138320515,63784848015557,None,None
4138328847,63784848015568,None,None
4138337178,63784848015579,None,None
4138353842,63784848015591,None,None
4138362173,63784848015602,None,None
4138370505,63784848015614,None,None
4138378836,63784848015626,None,None
4138378836,63784848015636,None,None
4138378836,63784848015648,None,None
4138378836,63784848015659,None,None
4138378836,63784848015670,None,None
4138378836,63784848015682,None,None
4138378836,63784848015693,None,None
4138378836,63784848015703,None,None
4138378836,63784848015715,None,None
4138487146,63784848015727,None,None
4138495477,63784848015738,None,None
4138512141,63784848015750,None,None
4138520472,63784848015761,None,None
4138528804,63784848015773,None,None
4138545467,63784848015784,None,None
4138553798,63784848015795,None,None
4138562130,63784848015806,None,None
4138578793,63784848015817,None,None
4138587124,63784848015828,99_Bahnsteig_PF,None
4138603787,63784848015840,99_Bahnsteig_PF,None
4138612119,63784848015851,99_Bahnsteig_PF,None
4138620450,63784848015863,99_Bahnsteig_PF,None
4138637113,63784848015873,99_Bahnsteig_PF,None
4138645445,63784848015884,None,None
4138653776,63784848015896,99_Bahnsteig_PF,None
4138670439,63784848015907,None,None
4138678771,63784848015919,None,None
4138695434,63784848015932,None,None
4138703766,63784848015941,None,None
4138712097,63784848015951,None,None
4138720429,63784848015963,None,None
4138737092,63784848015974,None,None
4138745423,63784848015985,None,None
4138753755,63784848015996,None,None
4138770418,63784848016008,None,None
4138778749,63784848016019,None,None
4138787081,63784848016031,None,None
4138803744,63784848016041,None,None
4138812075,63784848016051,None,None
4138820407,63784848016063,None,None
4138837070,63784848016074,None,None
4138845402,63784848016085,None,None
4138853733,63784848016096,None,None
4138870396,63784848016108,None,None
4138878728,63784848016119,None,None
4138887059,63784848016130,None,None
4138903722,63784848016142,None,None
4138912054,63784848016152,None,None
4138920385,63784848016164,None,None
4138937048,63784848016175,None,None
4138945380,63784848016186,None,None
4138953711,63784848016197,None,None
4138970374,63784848016209,None,None
4138978706,63784848016219,None,None
4138987037,63784848016231,None,None
4139003700,63784848016242,None,None
4139012032,63784848016253,None,None
4139020364,63784848016264,None,None
4139037027,63784848016276,None,None
4139045358,63784848016287,None,None
4139053690,63784848016298,None,None
