OcutimeStamp,UnityTimeStamp,LeftCollide,RightCollide
5696039154,63784921175248,None,None
5696047485,63784921175254,None,None
5696055817,63784921175260,None,None
5696064148,63784921175270,None,None
5696072480,63784921175281,None,None
5696089143,63784921175292,None,None
5696097474,63784921175307,None,None
5696105806,63784921175317,None,None
5696122469,63784921175328,None,None
5696130801,63784921175337,None,None
5696139132,63784921175348,None,None
5696155795,63784921175359,None,None
5696164127,63784921175370,None,None
5696172458,63784921175381,None,None
5696189121,63784921175393,None,None
5696197453,63784921175403,None,None
5696205784,63784921175415,None,None
5696222447,63784921175426,None,None
5696230779,63784921175438,None,None
5696239110,63784921175449,None,None
5696255773,63784921175460,None,None
5696264105,63784921175471,None,None
5696272436,63784921175482,None,None
5696289100,63784921175493,None,None
5696297431,63784921175504,None,None
5696305763,63784921175515,None,None
5696322426,63784921175527,None,None
5696330757,63784921175538,None,None
5696339089,63784921175549,None,None
5696355752,63784921175560,None,None
5696364083,63784921175572,None,None
5696372415,63784921175583,None,None
5696389078,63784921175593,None,None
5696397409,63784921175604,None,None
5696405741,63784921175616,None,None
5696422404,63784921175628,None,None
5696430735,63784921175640,None,None
5696447399,63784921175651,None,None
5696455730,63784921175662,None,None
5696464062,63784921175674,None,None
5696480725,63784921175686,None,None
5696489056,63784921175697,None,None
5696497388,63784921175708,None,None
5696514051,63784921175720,None,None
5696522382,63784921175730,None,None
5696539045,63784921175742,None,None
5696547377,63784921175753,None,None
5696555708,63784921175765,None,None
5696572371,63784921175776,None,None
5696580703,63784921175788,None,None
5696589034,63784921175799,None,None
5696605698,63784921175810,None,None
5696614029,63784921175822,None,None
5696630692,63784921175833,None,None
5696639024,63784921175844,None,None
5696647355,63784921175856,None,None
5696664018,63784921175867,None,None
5696672350,63784921175878,None,None
5696680681,63784921175889,None,None
5696697344,63784921175901,None,None
5696705676,63784921175912,None,None
5696714007,63784921175923,None,None
5696730670,63784921175935,None,None
5696739002,63784921175945,None,None
5696747333,63784921175957,None,None
5696763996,63784921175968,None,None
5696772328,63784921175978,None,None
5696780660,63784921175990,None,None
5696797323,63784921176001,None,None
5696805654,63784921176012,None,None
5696813986,63784921176023,None,Wayfinding_S
5696830649,63784921176035,None,Wayfinding_S
5696838980,63784921176045,None,Wayfinding_S
5696847312,63784921176057,None,Wayfinding_S
5696863975,63784921176068,None,Wayfinding_S
5696872306,63784921176079,None,Wayfinding_S
5696880638,63784921176091,None,Wayfinding_S
5696897301,63784921176102,None,Wayfinding_S
5696905632,63784921176113,None,Wayfinding_S
5696905632,63784921176123,None,Wayfinding_S
5696905632,63784921176136,None,Wayfinding_S
5696905632,63784921176146,None,Wayfinding_S
5696905632,63784921176158,None,Wayfinding_S
5696905632,63784921176169,None,Wayfinding_S
5696905632,63784921176179,None,Wayfinding_S
5696905632,63784921176191,None,Wayfinding_S
5696905632,63784921176203,None,Wayfinding_S
5697005611,63784921176213,None,None
5697022274,63784921176225,None,None
5697030605,63784921176235,None,None
5697038937,63784921176248,None,None
5697055600,63784921176259,None,None
5697063931,63784921176269,None,None
5697072263,63784921176282,None,None
5697088926,63784921176292,None,None
5697097257,63784921176304,None,Wayfinding_S
5697105589,63784921176314,None,None
5697122252,63784921176324,None,Wayfinding_S
5697130584,63784921176337,None,None
5697138915,63784921176347,None,Wayfinding_S
5697155578,63784921176359,None,None
5697163910,63784921176370,None,Wayfinding_S
5697172241,63784921176381,None,None
5697188904,63784921176392,None,None
5697197236,63784921176404,None,Wayfinding_S
5697205567,63784921176414,None,Wayfinding_S
5697222230,63784921176425,None,Wayfinding_S
5697230562,63784921176436,None,Wayfinding_S
5697238893,63784921176447,None,Wayfinding_S
5697255556,63784921176459,None,Wayfinding_S
5697263888,63784921176470,Wayfinding_S,None
5697272220,63784921176482,None,None
5697288883,63784921176492,None,None
5697297214,63784921176504,None,Wayfinding_S
5697305546,63784921176514,None,Wayfinding_S
5697322209,63784921176526,None,Wayfinding_S
5697330540,63784921176539,None,Wayfinding_S
5697338872,63784921176549,None,Wayfinding_S
5697355535,63784921176560,None,None
5697363866,63784921176571,None,None
5697372198,63784921176582,None,Wayfinding_S
5697388861,63784921176593,None,None
5697397192,63784921176605,None,Notruf_nach-links
5697405524,63784921176615,None,None
5697422187,63784921176627,None,None
5697430518,63784921176638,None,None
5697447182,63784921176649,None,None
5697455513,63784921176660,None,None
5697463845,63784921176672,None,None
5697472176,63784921176682,None,None
5697488839,63784921176694,None,None
5697497171,63784921176705,None,None
5697505502,63784921176716,None,None
5697522165,63784921176727,Orientation Highlighting Plane,None
5697530497,63784921176738,None,None
5697538828,63784921176749,Orientation Highlighting Plane,None
5697555491,63784921176760,Orientation Highlighting Plane,None
5697563823,63784921176772,Orientation Highlighting Plane,None
5697572154,63784921176783,Orientation Highlighting Plane,None
5697588817,63784921176794,None,None
5697597149,63784921176805,None,None
5697613812,63784921176816,None,None
5697622144,63784921176827,None,None
5697630475,63784921176839,Orientation Highlighting Plane,None
5697647138,63784921176850,None,None
5697655470,63784921176861,None,None
5697663801,63784921176873,None,None
5697680464,63784921176883,None,None
5697688796,63784921176895,None,None
5697705459,63784921176912,None,None
5697713790,63784921176918,Orientation Highlighting Plane,None
5697713790,63784921176923,Orientation Highlighting Plane,None
5697730453,63784921176935,None,None
5697738785,63784921176945,None,None
5697747116,63784921176957,None,None
5697763779,63784921176968,None,None
5697772111,63784921176979,None,None
5697780443,63784921176990,None,Orientation Highlighting Plane
5697797106,63784921177001,None,None
5697805437,63784921177012,None,None
5697813769,63784921177024,None,None
5697830432,63784921177035,None,None
5697838763,63784921177046,None,Orientation Highlighting Plane
5697847095,63784921177057,None,None
5697863758,63784921177069,Orientation Highlighting Plane,None
5697872089,63784921177080,Orientation Highlighting Plane,None
5697880421,63784921177092,Orientation Highlighting Plane,None
5697897084,63784921177102,Orientation Highlighting Plane,None
5697905415,63784921177113,Orientation Highlighting Plane,None
5697913747,63784921177125,Orientation Highlighting Plane,None
5697930410,63784921177135,Orientation Highlighting Plane,Orientation Highlighting Plane
5697938742,63784921177147,Orientation Highlighting Plane,None
5697955405,63784921177159,Orientation Highlighting Plane,None
5697963736,63784921177169,Station Name,None
5697972068,63784921177181,Orientation Highlighting Plane,None
5697988731,63784921177192,None,None
5697997062,63784921177203,None,None
5698005394,63784921177214,None,None
5698022057,63784921177225,None,None
5698030388,63784921177237,None,None
5698038720,63784921177247,None,None
5698055383,63784921177259,None,None
5698063714,63784921177270,None,None
5698072046,63784921177282,None,None
5698088709,63784921177293,None,None
5698097040,63784921177304,None,None
5698105372,63784921177315,None,None
5698122035,63784921177327,None,None
5698130367,63784921177339,Orientation Highlighting Plane,Orientation Highlighting Plane
5698138698,63784921177349,None,None
5698155361,63784921177362,None,None
5698163693,63784921177373,None,None
5698180356,63784921177384,None,None
5698188687,63784921177395,None,None
5698197019,63784921177406,None,None
5698213682,63784921177418,None,None
5698222013,63784921177429,None,None
5698230345,63784921177441,None,None
5698247008,63784921177452,None,None
5698255339,63784921177464,None,None
5698263671,63784921177475,None,None
5698280334,63784921177486,None,None
5698288666,63784921177498,None,None
5698305329,63784921177509,None,None
5698313660,63784921177520,None,None
5698321992,63784921177531,None,None
5698338655,63784921177543,None,None
5698346986,63784921177554,None,None
5698355318,63784921177565,None,None
5698371981,63784921177577,None,None
5698380312,63784921177587,None,None
5698388644,63784921177598,None,None
5698405307,63784921177609,None,None
5698413638,63784921177620,None,None
5698421970,63784921177632,None,None
5698438633,63784921177643,None,None
5698446965,63784921177655,None,None
5698455296,63784921177665,None,None
5698471959,63784921177676,None,None
5698480291,63784921177688,None,None
5698488622,63784921177699,None,None
5698505285,63784921177711,None,None
5698513617,63784921177721,None,None
5698521948,63784921177733,None,None
5698538611,63784921177744,None,None
5698546943,63784921177754,None,None
5698555274,63784921177765,None,None
5698571937,63784921177778,None,None
5698580269,63784921177789,None,None
5698588600,63784921177799,None,None
5698605264,63784921177811,None,None
5698613595,63784921177821,None,None
5698621927,63784921177833,None,None
5698638590,63784921177844,None,None
5698646921,63784921177855,None,None
5698655253,63784921177866,None,None
5698671916,63784921177877,None,None
5698680247,63784921177888,None,None
5698696910,63784921177900,None,None
5698705242,63784921177911,None,None
5698713573,63784921177922,None,None
5698721905,63784921177933,None,None
5698738568,63784921177944,None,None
5698746899,63784921177957,None,None
5698763562,63784921177967,None,None
5698771894,63784921177979,None,None
5698780226,63784921177989,None,None
5698796889,63784921178000,None,None
5698805220,63784921178012,None,None
5698813552,63784921178023,None,None
5698830215,63784921178034,None,None
5698838546,63784921178045,None,None
5698846878,63784921178057,None,None
5698863541,63784921178069,None,None
5698871872,63784921178079,None,None
5698880204,63784921178090,None,None
5698896867,63784921178101,None,None
5698905198,63784921178113,None,None
5698905198,63784921178124,None,None
5698905198,63784921178134,None,None
5698905198,63784921178146,None,None
5698905198,63784921178157,None,None
5698905198,63784921178168,None,None
5698905198,63784921178180,None,None
5698905198,63784921178192,None,None
5698905198,63784921178202,None,None
5699005177,63784921178212,None,None
5699013508,63784921178224,None,None
5699030171,63784921178235,None,None
5699038503,63784921178246,None,None
5699046834,63784921178257,None,None
5699063497,63784921178268,None,None
5699071829,63784921178280,None,None
5699080160,63784921178291,None,None
5699096823,63784921178302,None,None
5699105155,63784921178313,None,None
5699121818,63784921178325,None,None
5699130150,63784921178336,None,None
5699138481,63784921178347,None,None
5699155144,63784921178358,None,None
5699163476,63784921178369,None,None
5699171807,63784921178379,None,Wayfinding_S
5699188470,63784921178392,None,Wayfinding_S
5699196802,63784921178402,None,Wayfinding_S
5699205133,63784921178414,None,None
5699221796,63784921178426,None,None
5699230128,63784921178436,None,None
5699238459,63784921178447,None,None
5699255122,63784921178459,None,None
5699263454,63784921178469,None,None
5699271786,63784921178481,None,None
5699288449,63784921178492,None,None
5699296780,63784921178503,None,None
5699305112,63784921178515,None,None
5699321775,63784921178525,None,None
5699330106,63784921178536,None,None
5699338438,63784921178548,None,None
5699355101,63784921178559,None,Wayfinding_S
5699363432,63784921178570,None,Wayfinding_S
5699371764,63784921178581,None,Wayfinding_S
5699388427,63784921178593,None,Wayfinding_S
5699396758,63784921178604,None,Wayfinding_S
5699405090,63784921178614,None,None
5699421753,63784921178626,None,None
5699430084,63784921178637,None,None
5699438416,63784921178648,None,None
5699455079,63784921178659,None,None
5699463411,63784921178670,None,None
5699471742,63784921178682,None,None
5699488405,63784921178693,None,None
5699496737,63784921178704,None,None
5699505068,63784921178715,None,None
5699521731,63784921178726,None,None
5699530063,63784921178738,None,None
5699538394,63784921178749,None,Wayfinding_S
5699555057,63784921178760,None,Wayfinding_S
5699563389,63784921178771,None,None
5699571720,63784921178782,None,Wayfinding_S
5699588383,63784921178793,None,Wayfinding_S
5699596715,63784921178805,None,Wayfinding_S
5699613378,63784921178817,None,Wayfinding_S
5699621710,63784921178828,None,Wayfinding_S
5699630041,63784921178838,None,Wayfinding_S
5699646704,63784921178850,None,Wayfinding_S
5699655036,63784921178861,None,Wayfinding_S
5699663367,63784921178872,None,None
5699680030,63784921178883,None,None
5699688362,63784921178894,None,None
5699696693,63784921178906,None,None
5699713356,63784921178917,None,None
5699721688,63784921178927,None,None
5699738351,63784921178939,None,None
5699746682,63784921178950,None,None
5699755014,63784921178961,None,None
5699763345,63784921178972,None,None
5699780009,63784921178983,None,None
5699788340,63784921178995,None,None
5699796672,63784921179006,None,None
5699813335,63784921179017,None,None
5699821666,63784921179028,99_Bahnsteig_PF,None
5699829998,63784921179039,99_Bahnsteig_PF,None
5699846661,63784921179050,99_Bahnsteig_PF,None
5699854992,63784921179062,99_Bahnsteig_PF,99_Bahnsteig_PF
5699863324,63784921179072,99_Bahnsteig_PF,99_Bahnsteig_PF
5699879987,63784921179084,99_Bahnsteig_PF,99_Bahnsteig_PF
5699888318,63784921179095,99_Bahnsteig_PF,99_Bahnsteig_PF
5699896650,63784921179106,99_Bahnsteig_PF,99_Bahnsteig_PF
5699913313,63784921179117,99_Bahnsteig_PF,99_Bahnsteig_PF
5699921644,63784921179128,99_Bahnsteig_PF,None
5699929976,63784921179139,99_Bahnsteig_PF,99_Bahnsteig_PF
5699946639,63784921179151,99_Bahnsteig_PF,99_Bahnsteig_PF
5699954971,63784921179162,99_Bahnsteig_PF,99_Bahnsteig_PF
5699963302,63784921179173,99_Bahnsteig_PF,99_Bahnsteig_PF
5699979965,63784921179184,99_Bahnsteig_PF,99_Bahnsteig_PF
5699988297,63784921179196,99_Bahnsteig_PF,99_Bahnsteig_PF
5699996628,63784921179207,99_Bahnsteig_PF,99_Bahnsteig_PF
5700013291,63784921179218,99_Bahnsteig_PF,99_Bahnsteig_PF
5700021623,63784921179229,99_Bahnsteig_PF,99_Bahnsteig_PF
5700029954,63784921179241,99_Bahnsteig_PF,99_Bahnsteig_PF
5700046617,63784921179251,99_Bahnsteig_PF,99_Bahnsteig_PF
5700054949,63784921179262,99_Bahnsteig_PF,99_Bahnsteig_PF
5700063280,63784921179274,99_Bahnsteig_PF,99_Bahnsteig_PF
5700079943,63784921179285,99_Bahnsteig_PF,99_Bahnsteig_PF
5700088275,63784921179296,99_Bahnsteig_PF,99_Bahnsteig_PF
5700104938,63784921179307,99_Bahnsteig_PF,99_Bahnsteig_PF
5700113270,63784921179319,99_Bahnsteig_PF,99_Bahnsteig_PF
5700121601,63784921179330,99_Bahnsteig_PF,99_Bahnsteig_PF
5700138264,63784921179342,99_Bahnsteig_PF,99_Bahnsteig_PF
5700146596,63784921179352,99_Bahnsteig_PF,99_Bahnsteig_PF
5700154927,63784921179364,99_Bahnsteig_PF,None
5700171590,63784921179375,99_Bahnsteig_PF,99_Bahnsteig_PF
5700179922,63784921179385,99_Bahnsteig_PF,99_Bahnsteig_PF
5700188253,63784921179396,99_Bahnsteig_PF,99_Bahnsteig_PF
5700204916,63784921179407,99_Bahnsteig_PF,99_Bahnsteig_PF
5700213248,63784921179419,99_Bahnsteig_PF,99_Bahnsteig_PF
5700221579,63784921179430,99_Bahnsteig_PF,99_Bahnsteig_PF
5700238242,63784921179441,None,99_Bahnsteig_PF
5700246574,63784921179452,99_Bahnsteig_PF,99_Bahnsteig_PF
5700254905,63784921179463,99_Bahnsteig_PF,99_Bahnsteig_PF
5700271568,63784921179475,99_Bahnsteig_PF,99_Bahnsteig_PF
5700279900,63784921179486,99_Bahnsteig_PF,99_Bahnsteig_PF
5700288232,63784921179498,99_Bahnsteig_PF,99_Bahnsteig_PF
5700304895,63784921179509,99_Bahnsteig_PF,99_Bahnsteig_PF
5700313226,63784921179520,99_Bahnsteig_PF,99_Bahnsteig_PF
5700321558,63784921179532,99_Bahnsteig_PF,99_Bahnsteig_PF
5700338221,63784921179541,99_Bahnsteig_PF,99_Bahnsteig_PF
5700346552,63784921179554,99_Bahnsteig_PF,99_Bahnsteig_PF
5700354884,63784921179565,99_Bahnsteig_PF,99_Bahnsteig_PF
5700371547,63784921179576,99_Bahnsteig_PF,99_Bahnsteig_PF
5700379878,63784921179587,99_Bahnsteig_PF,99_Bahnsteig_PF
5700388210,63784921179599,99_Bahnsteig_PF,99_Bahnsteig_PF
5700404873,63784921179609,99_Bahnsteig_PF,99_Bahnsteig_PF
5700413204,63784921179620,99_Bahnsteig_PF,99_Bahnsteig_PF
5700421536,63784921179632,99_Bahnsteig_PF,99_Bahnsteig_PF
5700438199,63784921179644,99_Bahnsteig_PF,99_Bahnsteig_PF
5700446531,63784921179654,99_Bahnsteig_PF,99_Bahnsteig_PF
5700454862,63784921179665,99_Bahnsteig_PF,99_Bahnsteig_PF
5700471525,63784921179676,99_Bahnsteig_PF,99_Bahnsteig_PF
5700479857,63784921179687,99_Bahnsteig_PF,99_Bahnsteig_PF
5700496520,63784921179698,None,99_Bahnsteig_PF
5700504851,63784921179711,99_Bahnsteig_PF,99_Bahnsteig_PF
5700513183,63784921179720,99_Bahnsteig_PF,99_Bahnsteig_PF
5700529846,63784921179732,99_Bahnsteig_PF,99_Bahnsteig_PF
5700538177,63784921179743,99_Bahnsteig_PF,99_Bahnsteig_PF
5700546509,63784921179754,99_Bahnsteig_PF,99_Bahnsteig_PF
5700571503,63784921179777,99_Bahnsteig_PF,99_Bahnsteig_PF
5700579835,63784921179787,99_Bahnsteig_PF,99_Bahnsteig_PF
5700596498,63784921179799,99_Bahnsteig_PF,99_Bahnsteig_PF
5700604830,63784921179810,99_Bahnsteig_PF,99_Bahnsteig_PF
5700613161,63784921179821,99_Bahnsteig_PF,99_Bahnsteig_PF
5700629824,63784921179832,99_Bahnsteig_PF,99_Bahnsteig_PF
5700638156,63784921179844,99_Bahnsteig_PF,99_Bahnsteig_PF
5700646487,63784921179854,99_Bahnsteig_PF,99_Bahnsteig_PF
5700663150,63784921179866,99_Bahnsteig_PF,99_Bahnsteig_PF
5700671482,63784921179877,99_Bahnsteig_PF,99_Bahnsteig_PF
5700679813,63784921179888,99_Bahnsteig_PF,99_Bahnsteig_PF
5700696476,63784921179899,99_Bahnsteig_PF,99_Bahnsteig_PF
5700704808,63784921179911,99_Bahnsteig_PF,99_Bahnsteig_PF
5700713139,63784921179922,99_Bahnsteig_PF,99_Bahnsteig_PF
5700729802,63784921179933,99_Bahnsteig_PF,99_Bahnsteig_PF
5700738134,63784921179947,99_Bahnsteig_PF,99_Bahnsteig_PF
5700746465,63784921179955,99_Bahnsteig_PF,99_Bahnsteig_PF
5700763128,63784921179967,99_Bahnsteig_PF,99_Bahnsteig_PF
5700771460,63784921179979,99_Bahnsteig_PF,99_Bahnsteig_PF
5700779792,63784921179989,99_Bahnsteig_PF,99_Bahnsteig_PF
5700796455,63784921180001,99_Bahnsteig_PF,99_Bahnsteig_PF
5700804786,63784921180011,99_Bahnsteig_PF,99_Bahnsteig_PF
5700813118,63784921180023,99_Bahnsteig_PF,99_Bahnsteig_PF
5700829781,63784921180033,99_Bahnsteig_PF,99_Bahnsteig_PF
5700838112,63784921180044,99_Bahnsteig_PF,99_Bahnsteig_PF
5700846444,63784921180055,99_Bahnsteig_PF,99_Bahnsteig_PF
5700863107,63784921180067,99_Bahnsteig_PF,99_Bahnsteig_PF
5700871438,63784921180078,99_Bahnsteig_PF,99_Bahnsteig_PF
5700879770,63784921180089,99_Bahnsteig_PF,99_Bahnsteig_PF
5700896433,63784921180101,99_Bahnsteig_PF,99_Bahnsteig_PF
5700913096,63784921180121,99_Bahnsteig_PF,99_Bahnsteig_PF
5700921427,63784921180126,99_Bahnsteig_PF,99_Bahnsteig_PF
5700921427,63784921180131,99_Bahnsteig_PF,99_Bahnsteig_PF
5700929759,63784921180140,99_Bahnsteig_PF,99_Bahnsteig_PF
5700946422,63784921180152,99_Bahnsteig_PF,99_Bahnsteig_PF
5700954754,63784921180163,99_Bahnsteig_PF,99_Bahnsteig_PF
5700971417,63784921180174,99_Bahnsteig_PF,99_Bahnsteig_PF
5700979748,63784921180184,99_Bahnsteig_PF,99_Bahnsteig_PF
5700988080,63784921180196,99_Bahnsteig_PF,99_Bahnsteig_PF
5701004743,63784921180207,99_Bahnsteig_PF,99_Bahnsteig_PF
5701013074,63784921180218,None,99_Bahnsteig_PF
5701021406,63784921180229,None,None
5701038069,63784921180240,None,None
5701046400,63784921180251,None,None
5701054732,63784921180263,None,None
5701071395,63784921180274,None,None
5701079726,63784921180285,None,None
5701088058,63784921180297,99_Bahnsteig_PF,None
5701104721,63784921180308,None,None
5701113053,63784921180318,None,None
5701121384,63784921180330,None,None
5701129716,63784921180341,None,None
5701146379,63784921180352,None,None
5701154710,63784921180363,None,None
5701163042,63784921180374,None,None
5701179705,63784921180386,None,None
5701188036,63784921180397,None,None
5701204699,63784921180408,None,None
5701213031,63784921180419,None,None
5701221362,63784921180430,None,None
5701238025,63784921180441,None,None
5701246357,63784921180453,None,None
5701254688,63784921180464,None,None
5701271352,63784921180475,None,None
5701279683,63784921180486,None,None
5701288015,63784921180499,None,None
5701304678,63784921180508,None,None
5701313009,63784921180519,None,None
5701321341,63784921180531,None,None
5701338004,63784921180542,None,None
5701346335,63784921180554,None,None
5701354667,63784921180565,None,None
5701371330,63784921180576,None,None
5701379661,63784921180587,None,None
5701387993,63784921180599,None,None
5701404656,63784921180611,None,None
5701412987,63784921180622,None,None
5701429650,63784921180633,None,None
5701437982,63784921180645,None,None
5701446314,63784921180656,None,None
5701462977,63784921180668,None,None
5701471308,63784921180679,None,None
5701479640,63784921180691,None,None
5701496303,63784921180702,None,None
5701504634,63784921180714,None,None
5701521297,63784921180725,None,None
5701529629,63784921180737,None,None
5701537960,63784921180749,None,None
5701554623,63784921180759,None,None
5701562955,63784921180770,None,None
5701571286,63784921180782,None,None
5701587949,63784921180793,None,None
5701596281,63784921180804,None,None
5701604612,63784921180815,None,None
5701621276,63784921180826,None,None
5701629607,63784921180837,None,None
5701637939,63784921180848,None,None
5701654602,63784921180859,None,None
5701662933,63784921180871,None,None
5701671265,63784921180882,None,None
5701687928,63784921180894,None,None
5701696259,63784921180904,None,None
5701712922,63784921180915,None,None
5701721254,63784921180927,None,None
5701729585,63784921180938,None,None
5701746248,63784921180949,None,None
5701754580,63784921180960,None,None
5701762911,63784921180971,None,None
5701779575,63784921180983,None,None
5701787906,63784921180994,None,None
5701796238,63784921181005,None,None
5701812901,63784921181016,None,None
5701821232,63784921181028,None,None
5701829564,63784921181039,None,None
5701846227,63784921181050,None,None
5701854558,63784921181061,None,None
5701862890,63784921181072,None,None
5701879553,63784921181084,None,None
5701887884,63784921181095,None,None
5701896216,63784921181105,None,None
5701912879,63784921181118,None,None
5701921210,63784921181128,None,None
5701929542,63784921181139,None,None
5701946205,63784921181151,None,None
5701954537,63784921181163,None,None
5701962868,63784921181172,None,None
5701979531,63784921181184,None,None
5701987863,63784921181195,None,None
5701996194,63784921181206,None,None
5702012857,63784921181217,None,None
5702021189,63784921181229,None,None
5702029520,63784921181239,None,None
5702046183,63784921181252,None,None
5702054515,63784921181262,None,None
5702062846,63784921181273,None,None
5702079509,63784921181284,None,None
5702087841,63784921181296,None,None
5702096172,63784921181307,None,None
5702112836,63784921181318,99_Bahnsteig_PF,None
5702121167,63784921181329,99_Bahnsteig_PF,None
5702129499,63784921181341,99_Bahnsteig_PF,None
5702146162,63784921181352,99_Bahnsteig_PF,None
5702154493,63784921181363,99_Bahnsteig_PF,None
5702162825,63784921181373,99_Bahnsteig_PF,None
5702179488,63784921181385,99_Bahnsteig_PF,None
5702187819,63784921181396,99_Bahnsteig_PF,None
5702196151,63784921181407,99_Bahnsteig_PF,None
5702212814,63784921181418,99_Bahnsteig_PF,None
5702221145,63784921181430,99_Bahnsteig_PF,None
5702237808,63784921181441,99_Bahnsteig_PF,None
5702246140,63784921181451,99_Bahnsteig_PF,None
5702254471,63784921181463,99_Bahnsteig_PF,None
5702262803,63784921181474,99_Bahnsteig_PF,None
5702279466,63784921181486,99_Bahnsteig_PF,None
5702287798,63784921181498,99_Bahnsteig_PF,None
5702304461,63784921181508,99_Bahnsteig_PF,None
5702312792,63784921181519,None,None
5702321124,63784921181530,None,None
5702337787,63784921181542,None,None
5702346118,63784921181553,None,None
5702362781,63784921181567,99_Bahnsteig_PF,None
5702371113,63784921181575,99_Bahnsteig_PF,None
5702379444,63784921181586,99_Bahnsteig_PF,None
5702387776,63784921181597,99_Bahnsteig_PF,None
5702404439,63784921181608,99_Bahnsteig_PF,99_Bahnsteig_PF
5702412770,63784921181620,99_Bahnsteig_PF,99_Bahnsteig_PF
5702421102,63784921181631,99_Bahnsteig_PF,99_Bahnsteig_PF
5702437765,63784921181642,99_Bahnsteig_PF,99_Bahnsteig_PF
5702446097,63784921181654,99_Bahnsteig_PF,99_Bahnsteig_PF
5702454428,63784921181664,99_Bahnsteig_PF,99_Bahnsteig_PF
5702471091,63784921181675,99_Bahnsteig_PF,99_Bahnsteig_PF
5702479423,63784921181686,99_Bahnsteig_PF,99_Bahnsteig_PF
5702487754,63784921181697,99_Bahnsteig_PF,99_Bahnsteig_PF
5702504417,63784921181709,99_Bahnsteig_PF,99_Bahnsteig_PF
5702512749,63784921181720,99_Bahnsteig_PF,99_Bahnsteig_PF
5702521080,63784921181732,99_Bahnsteig_PF,99_Bahnsteig_PF
5702537743,63784921181742,99_Bahnsteig_PF,99_Bahnsteig_PF
5702546075,63784921181753,99_Bahnsteig_PF,99_Bahnsteig_PF
5702554406,63784921181765,99_Bahnsteig_PF,99_Bahnsteig_PF
5702571069,63784921181776,99_Bahnsteig_PF,99_Bahnsteig_PF
5702579401,63784921181787,99_Bahnsteig_PF,99_Bahnsteig_PF
5702587732,63784921181798,99_Bahnsteig_PF,99_Bahnsteig_PF
5702604396,63784921181809,99_Bahnsteig_PF,99_Bahnsteig_PF
5702612727,63784921181820,99_Bahnsteig_PF,99_Bahnsteig_PF
5702621059,63784921181832,99_Bahnsteig_PF,99_Bahnsteig_PF
5702637722,63784921181843,99_Bahnsteig_PF,99_Bahnsteig_PF
5702646053,63784921181854,99_Bahnsteig_PF,99_Bahnsteig_PF
5702654385,63784921181865,99_Bahnsteig_PF,99_Bahnsteig_PF
5702671048,63784921181876,99_Bahnsteig_PF,99_Bahnsteig_PF
5702679379,63784921181887,99_Bahnsteig_PF,99_Bahnsteig_PF
5702696042,63784921181899,99_Bahnsteig_PF,99_Bahnsteig_PF
5702704374,63784921181909,99_Bahnsteig_PF,99_Bahnsteig_PF
5702712705,63784921181921,99_Bahnsteig_PF,99_Bahnsteig_PF
5702729368,63784921181932,99_Bahnsteig_PF,99_Bahnsteig_PF
5702737700,63784921181944,99_Bahnsteig_PF,99_Bahnsteig_PF
5702746031,63784921181954,99_Bahnsteig_PF,99_Bahnsteig_PF
5702762694,63784921181966,99_Bahnsteig_PF,99_Bahnsteig_PF
5702771026,63784921181977,99_Bahnsteig_PF,99_Bahnsteig_PF
5702779358,63784921181989,99_Bahnsteig_PF,99_Bahnsteig_PF
5702796021,63784921181999,99_Bahnsteig_PF,99_Bahnsteig_PF
5702804352,63784921182010,99_Bahnsteig_PF,99_Bahnsteig_PF
5702812684,63784921182021,99_Bahnsteig_PF,99_Bahnsteig_PF
5702829347,63784921182033,99_Bahnsteig_PF,99_Bahnsteig_PF
5702837678,63784921182043,99_Bahnsteig_PF,99_Bahnsteig_PF
5702846010,63784921182055,99_Bahnsteig_PF,None
5702862673,63784921182066,99_Bahnsteig_PF,99_Bahnsteig_PF
5702871004,63784921182078,99_Bahnsteig_PF,99_Bahnsteig_PF
5702879336,63784921182089,99_Bahnsteig_PF,99_Bahnsteig_PF
5702895999,63784921182100,99_Bahnsteig_PF,99_Bahnsteig_PF
5702904330,63784921182111,99_Bahnsteig_PF,99_Bahnsteig_PF
5702904330,63784921182123,99_Bahnsteig_PF,99_Bahnsteig_PF
5702904330,63784921182134,99_Bahnsteig_PF,99_Bahnsteig_PF
5702904330,63784921182144,99_Bahnsteig_PF,99_Bahnsteig_PF
5702904330,63784921182155,99_Bahnsteig_PF,99_Bahnsteig_PF
5702904330,63784921182167,99_Bahnsteig_PF,99_Bahnsteig_PF
5702904330,63784921182178,99_Bahnsteig_PF,99_Bahnsteig_PF
5702904330,63784921182189,99_Bahnsteig_PF,99_Bahnsteig_PF
5702904330,63784921182200,99_Bahnsteig_PF,99_Bahnsteig_PF
5702912662,63784921182212,None,99_Bahnsteig_PF
5703012640,63784921182222,99_Bahnsteig_PF,99_Bahnsteig_PF
5703029303,63784921182235,99_Bahnsteig_PF,99_Bahnsteig_PF
5703037635,63784921182245,99_Bahnsteig_PF,99_Bahnsteig_PF
5703045966,63784921182256,99_Bahnsteig_PF,99_Bahnsteig_PF
5703062629,63784921182268,99_Bahnsteig_PF,99_Bahnsteig_PF
5703070961,63784921182279,99_Bahnsteig_PF,99_Bahnsteig_PF
5703079292,63784921182289,99_Bahnsteig_PF,99_Bahnsteig_PF
5703095955,63784921182301,99_Bahnsteig_PF,99_Bahnsteig_PF
5703104287,63784921182312,99_Bahnsteig_PF,99_Bahnsteig_PF
5703112619,63784921182323,99_Bahnsteig_PF,99_Bahnsteig_PF
5703129282,63784921182334,99_Bahnsteig_PF,99_Bahnsteig_PF
5703137613,63784921182347,99_Bahnsteig_PF,None
5703145945,63784921182357,99_Bahnsteig_PF,99_Bahnsteig_PF
5703162608,63784921182368,99_Bahnsteig_PF,None
5703170939,63784921182379,99_Bahnsteig_PF,None
5703187602,63784921182390,99_Bahnsteig_PF,None
5703195934,63784921182401,99_Bahnsteig_PF,None
5703204265,63784921182413,99_Bahnsteig_PF,None
5703212597,63784921182424,99_Bahnsteig_PF,None
5703229260,63784921182435,99_Bahnsteig_PF,None
5703237591,63784921182447,99_Bahnsteig_PF,None
5703245923,63784921182457,99_Bahnsteig_PF,None
5703262586,63784921182469,99_Bahnsteig_PF,None
5703270918,63784921182481,99_Bahnsteig_PF,None
5703279249,63784921182491,99_Bahnsteig_PF,None
5703295912,63784921182502,99_Bahnsteig_PF,None
5703304244,63784921182513,99_Bahnsteig_PF,None
5703320907,63784921182524,99_Bahnsteig_PF,None
5703329238,63784921182536,99_Bahnsteig_PF,None
5703337570,63784921182547,99_Bahnsteig_PF,None
5703354233,63784921182558,99_Bahnsteig_PF,99_Bahnsteig_PF
5703362564,63784921182571,99_Bahnsteig_PF,99_Bahnsteig_PF
5703370896,63784921182580,99_Bahnsteig_PF,99_Bahnsteig_PF
5703387559,63784921182592,99_Bahnsteig_PF,99_Bahnsteig_PF
5703395890,63784921182603,99_Bahnsteig_PF,99_Bahnsteig_PF
5703404222,63784921182614,99_Bahnsteig_PF,99_Bahnsteig_PF
5703420885,63784921182624,None,None
5703429216,63784921182636,None,None
5703437548,63784921182647,None,None
5703454211,63784921182658,None,None
5703462543,63784921182670,None,None
5703470874,63784921182680,None,None
5703487537,63784921182691,None,None
5703495869,63784921182702,None,None
5703504200,63784921182713,None,None
5703520863,63784921182725,None,None
5703529195,63784921182736,None,None
5703537526,63784921182748,None,None
5703554189,63784921182760,None,None
5703562521,63784921182771,None,None
5703570852,63784921182782,None,None
5703587515,63784921182793,None,None
5703595847,63784921182803,None,None
5703612510,63784921182815,None,None
5703620842,63784921182826,None,None
5703629173,63784921182837,None,None
5703637505,63784921182848,None,None
5703654168,63784921182859,None,Wayfinding_S
5703662499,63784921182870,None,None
5703670831,63784921182882,None,None
5703687494,63784921182903,None,None
5703704157,63784921182910,None,None
5703712488,63784921182916,None,None
5703712488,63784921182922,None,None
5703729151,63784921182934,None,None
5703737483,63784921182945,None,Wayfinding_S
5703745814,63784921182956,None,None
5703762477,63784921182967,None,None
5703770809,63784921182978,None,None
5703779141,63784921182989,None,None
5703795804,63784921183000,None,None
5703804135,63784921183011,None,None
5703812467,63784921183022,None,None
5703829130,63784921183033,None,None
5703837461,63784921183044,None,None
5703845793,63784921183056,None,None
5703862456,63784921183067,None,None
5703870787,63784921183078,None,None
5703879119,63784921183089,None,None
5703895782,63784921183101,None,None
5703904113,63784921183111,None,None
5703920776,63784921183124,None,None
5703929108,63784921183135,None,None
5703937440,63784921183145,None,None
5703945771,63784921183156,None,None
5703962434,63784921183168,None,None
5703970766,63784921183179,None,None
5703987429,63784921183190,None,None
5703995760,63784921183201,None,None
5704004092,63784921183213,None,None
5704020755,63784921183223,None,None
5704029086,63784921183235,None,None
5704037418,63784921183246,None,None
5704054081,63784921183257,None,None
5704062412,63784921183268,None,None
5704070744,63784921183280,None,None
5704087407,63784921183291,None,None
5704095738,63784921183303,None,None
5704104070,63784921183314,None,None
5704120733,63784921183326,None,None
5704129065,63784921183338,None,None
5704137396,63784921183349,None,None
5704154059,63784921183360,None,None
5704162391,63784921183372,None,None
5704170722,63784921183383,None,None
5704187385,63784921183394,None,None
5704195717,63784921183405,None,None
5704212380,63784921183417,None,None
5704220711,63784921183428,None,None
5704229043,63784921183440,None,None
5704245706,63784921183451,None,None
5704254037,63784921183462,None,None
5704262369,63784921183474,None,None
5704279032,63784921183485,None,None
5704287364,63784921183497,None,None
5704295695,63784921183507,None,None
5704312358,63784921183519,None,None
5704320690,63784921183529,None,None
5704329021,63784921183540,None,None
5704345684,63784921183552,None,None
5704354016,63784921183563,None,None
5704370679,63784921183577,None,None
5704379010,63784921183586,None,None
5704387342,63784921183597,None,None
5704404005,63784921183608,None,None
5704412336,63784921183620,None,None
5704420668,63784921183630,None,None
5704437331,63784921183642,None,None
5704445663,63784921183653,None,None
5704453994,63784921183664,None,None
5704470657,63784921183675,None,None
5704478989,63784921183686,None,None
5704487320,63784921183697,None,None
5704503983,63784921183708,None,None
5704512315,63784921183719,None,None
5704520646,63784921183730,None,None
5704537309,63784921183741,None,None
5704545641,63784921183753,None,None
5704553972,63784921183764,None,None
5704570635,63784921183775,None,None
5704578967,63784921183786,None,None
5704587298,63784921183798,None,None
5704603962,63784921183809,None,None
5704612293,63784921183820,None,None
5704620625,63784921183831,None,None
5704637288,63784921183842,None,None
5704645619,63784921183854,None,None
5704653951,63784921183865,None,None
5704670614,63784921183876,None,None
5704678945,63784921183887,None,None
5704687277,63784921183898,None,None
5704703940,63784921183910,None,None
5704712271,63784921183922,None,None
5704720603,63784921183932,None,None
5704737266,63784921183944,None,None
5704745597,63784921183954,None,None
5704762260,63784921183965,None,None
5704770592,63784921183976,None,None
5704778924,63784921183988,None,None
5704795587,63784921183999,None,None
5704803918,63784921184011,None,None
5704812250,63784921184022,None,None
5704828913,63784921184032,None,None
5704837244,63784921184043,None,None
5704845576,63784921184054,None,None
5704862239,63784921184065,None,None
5704870570,63784921184077,None,None
5704878902,63784921184088,None,None
5704895565,63784921184099,None,None
5704903896,63784921184111,None,None
5704903896,63784921184122,None,None
5704903896,63784921184133,None,None
5704903896,63784921184143,None,None
5704903896,63784921184155,None,None
5704903896,63784921184166,None,None
5704903896,63784921184177,None,None
5704903896,63784921184188,None,None
5704903896,63784921184200,None,None
5704903896,63784921184212,None,None
5705012206,63784921184223,None,None
5705028869,63784921184234,None,None
5705037201,63784921184245,None,None
5705045532,63784921184255,None,None
5705062195,63784921184266,None,None
5705070527,63784921184277,None,None
5705078858,63784921184289,None,None
5705095521,63784921184300,None,None
5705103853,63784921184311,None,None
5705112185,63784921184322,None,None
5705128848,63784921184334,None,None
5705137179,63784921184345,None,None
5705145511,63784921184356,None,None
5705162174,63784921184367,None,None
5705170505,63784921184378,None,None
5705178837,63784921184391,None,None
5705195500,63784921184401,None,None
5705203831,63784921184412,None,None
5705220494,63784921184423,None,None
5705228826,63784921184434,None,None
5705237157,63784921184445,None,None
5705245489,63784921184456,None,None
5705262152,63784921184468,None,None
5705270484,63784921184479,None,None
5705287147,63784921184490,None,None
5705295478,63784921184501,None,None
5705303810,63784921184512,None,None
5705320473,63784921184524,None,None
5705328804,63784921184535,None,None
5705337136,63784921184546,None,None
5705353799,63784921184558,None,None
5705362130,63784921184569,None,None
5705378793,63784921184583,None,None
5705378793,63784921184590,None,None
5705395456,63784921184602,None,None
5705403788,63784921184614,None,None
5705420451,63784921184624,None,None
5705428782,63784921184635,99_Bahnsteig_PF,None
5705437114,63784921184647,99_Bahnsteig_PF,99_Bahnsteig_PF
5705453777,63784921184658,99_Bahnsteig_PF,99_Bahnsteig_PF
5705462109,63784921184670,99_Bahnsteig_PF,99_Bahnsteig_PF
5705470440,63784921184680,99_Bahnsteig_PF,99_Bahnsteig_PF
5705487103,63784921184692,99_Bahnsteig_PF,99_Bahnsteig_PF
5705495435,63784921184702,99_Bahnsteig_PF,99_Bahnsteig_PF
5705503766,63784921184714,99_Bahnsteig_PF,99_Bahnsteig_PF
5705520429,63784921184725,99_Bahnsteig_PF,99_Bahnsteig_PF
5705528761,63784921184737,99_Bahnsteig_PF,99_Bahnsteig_PF
5705537092,63784921184747,99_Bahnsteig_PF,99_Bahnsteig_PF
5705553755,63784921184759,99_Bahnsteig_PF,99_Bahnsteig_PF
5705562087,63784921184769,99_Bahnsteig_PF,99_Bahnsteig_PF
5705570418,63784921184780,99_Bahnsteig_PF,99_Bahnsteig_PF
5705587081,63784921184792,99_Bahnsteig_PF,99_Bahnsteig_PF
5705595413,63784921184804,99_Bahnsteig_PF,99_Bahnsteig_PF
5705603744,63784921184815,99_Bahnsteig_PF,99_Bahnsteig_PF
5705620408,63784921184827,99_Bahnsteig_PF,99_Bahnsteig_PF
5705628739,63784921184837,99_Bahnsteig_PF,99_Bahnsteig_PF
5705645402,63784921184849,99_Bahnsteig_PF,99_Bahnsteig_PF
5705653734,63784921184859,99_Bahnsteig_PF,99_Bahnsteig_PF
5705662065,63784921184871,99_Bahnsteig_PF,99_Bahnsteig_PF
5705670397,63784921184882,99_Bahnsteig_PF,99_Bahnsteig_PF
5705687060,63784921184892,99_Bahnsteig_PF,99_Bahnsteig_PF
5705695391,63784921184904,99_Bahnsteig_PF,99_Bahnsteig_PF
5705703723,63784921184915,99_Bahnsteig_PF,99_Bahnsteig_PF
5705720386,63784921184926,99_Bahnsteig_PF,99_Bahnsteig_PF
5705728717,63784921184936,99_Bahnsteig_PF,99_Bahnsteig_PF
5705737049,63784921184948,99_Bahnsteig_PF,99_Bahnsteig_PF
5705753712,63784921184960,99_Bahnsteig_PF,99_Bahnsteig_PF
5705762043,63784921184972,99_Bahnsteig_PF,99_Bahnsteig_PF
5705770375,63784921184982,99_Bahnsteig_PF,99_Bahnsteig_PF
5705787038,63784921184993,99_Bahnsteig_PF,99_Bahnsteig_PF
5705795370,63784921185004,99_Bahnsteig_PF,99_Bahnsteig_PF
5705812033,63784921185015,99_Bahnsteig_PF,99_Bahnsteig_PF
5705820364,63784921185026,99_Bahnsteig_PF,99_Bahnsteig_PF
5705828696,63784921185038,99_Bahnsteig_PF,99_Bahnsteig_PF
5705845359,63784921185048,99_Bahnsteig_PF,99_Bahnsteig_PF
5705853690,63784921185060,99_Bahnsteig_PF,99_Bahnsteig_PF
5705862022,63784921185071,99_Bahnsteig_PF,99_Bahnsteig_PF
5705878685,63784921185082,99_Bahnsteig_PF,99_Bahnsteig_PF
5705887016,63784921185094,99_Bahnsteig_PF,99_Bahnsteig_PF
5705895348,63784921185105,99_Bahnsteig_PF,99_Bahnsteig_PF
5705912011,63784921185116,99_Bahnsteig_PF,99_Bahnsteig_PF
5705920342,63784921185127,99_Bahnsteig_PF,99_Bahnsteig_PF
5705928674,63784921185139,99_Bahnsteig_PF,99_Bahnsteig_PF
5705945337,63784921185150,99_Bahnsteig_PF,99_Bahnsteig_PF
5705953669,63784921185161,99_Bahnsteig_PF,99_Bahnsteig_PF
5705962000,63784921185172,99_Bahnsteig_PF,99_Bahnsteig_PF
5705978663,63784921185183,99_Bahnsteig_PF,99_Bahnsteig_PF
5705986995,63784921185194,99_Bahnsteig_PF,99_Bahnsteig_PF
5705995326,63784921185206,99_Bahnsteig_PF,99_Bahnsteig_PF
5706011989,63784921185217,99_Bahnsteig_PF,99_Bahnsteig_PF
5706020321,63784921185228,99_Bahnsteig_PF,99_Bahnsteig_PF
5706028652,63784921185239,99_Bahnsteig_PF,99_Bahnsteig_PF
5706045315,63784921185250,99_Bahnsteig_PF,99_Bahnsteig_PF
5706053647,63784921185261,99_Bahnsteig_PF,99_Bahnsteig_PF
5706061978,63784921185272,99_Bahnsteig_PF,99_Bahnsteig_PF
5706078641,63784921185283,99_Bahnsteig_PF,99_Bahnsteig_PF
5706086973,63784921185294,99_Bahnsteig_PF,99_Bahnsteig_PF
5706095304,63784921185306,99_Bahnsteig_PF,99_Bahnsteig_PF
5706111968,63784921185317,99_Bahnsteig_PF,99_Bahnsteig_PF
5706120299,63784921185328,99_Bahnsteig_PF,99_Bahnsteig_PF
5706136962,63784921185340,99_Bahnsteig_PF,99_Bahnsteig_PF
5706145294,63784921185350,99_Bahnsteig_PF,99_Bahnsteig_PF
5706153625,63784921185361,99_Bahnsteig_PF,99_Bahnsteig_PF
5706161957,63784921185373,99_Bahnsteig_PF,99_Bahnsteig_PF
5706178620,63784921185385,99_Bahnsteig_PF,99_Bahnsteig_PF
5706186951,63784921185395,99_Bahnsteig_PF,99_Bahnsteig_PF
5706203614,63784921185407,99_Bahnsteig_PF,99_Bahnsteig_PF
5706211946,63784921185418,99_Bahnsteig_PF,99_Bahnsteig_PF
5706220277,63784921185429,99_Bahnsteig_PF,99_Bahnsteig_PF
5706236940,63784921185440,99_Bahnsteig_PF,99_Bahnsteig_PF
5706245272,63784921185451,99_Bahnsteig_PF,99_Bahnsteig_PF
5706253603,63784921185461,99_Bahnsteig_PF,99_Bahnsteig_PF
5706270266,63784921185474,99_Bahnsteig_PF,99_Bahnsteig_PF
5706278598,63784921185485,99_Bahnsteig_PF,99_Bahnsteig_PF
5706295261,63784921185500,99_Bahnsteig_PF,99_Bahnsteig_PF
5706303593,63784921185507,99_Bahnsteig_PF,99_Bahnsteig_PF
5706303593,63784921185514,99_Bahnsteig_PF,99_Bahnsteig_PF
5706320256,63784921185527,99_Bahnsteig_PF,99_Bahnsteig_PF
5706328587,63784921185537,99_Bahnsteig_PF,99_Bahnsteig_PF
5706345250,63784921185548,99_Bahnsteig_PF,99_Bahnsteig_PF
5706353582,63784921185560,99_Bahnsteig_PF,99_Bahnsteig_PF
5706361913,63784921185570,99_Bahnsteig_PF,99_Bahnsteig_PF
5706378576,63784921185585,99_Bahnsteig_PF,99_Bahnsteig_PF
5706386908,63784921185593,99_Bahnsteig_PF,99_Bahnsteig_PF
5706395239,63784921185604,99_Bahnsteig_PF,99_Bahnsteig_PF
5706411902,63784921185615,99_Bahnsteig_PF,99_Bahnsteig_PF
5706420234,63784921185627,99_Bahnsteig_PF,99_Bahnsteig_PF
5706428565,63784921185638,99_Bahnsteig_PF,99_Bahnsteig_PF
5706445229,63784921185649,99_Bahnsteig_PF,99_Bahnsteig_PF
5706453560,63784921185660,99_Bahnsteig_PF,99_Bahnsteig_PF
5706461892,63784921185672,99_Bahnsteig_PF,99_Bahnsteig_PF
5706478555,63784921185682,99_Bahnsteig_PF,99_Bahnsteig_PF
5706486886,63784921185693,99_Bahnsteig_PF,99_Bahnsteig_PF
5706495218,63784921185705,99_Bahnsteig_PF,99_Bahnsteig_PF
5706511881,63784921185716,99_Bahnsteig_PF,99_Bahnsteig_PF
5706520212,63784921185727,99_Bahnsteig_PF,99_Bahnsteig_PF
5706528544,63784921185739,99_Bahnsteig_PF,99_Bahnsteig_PF
5706545207,63784921185749,99_Bahnsteig_PF,99_Bahnsteig_PF
5706553538,63784921185761,99_Bahnsteig_PF,99_Bahnsteig_PF
5706561870,63784921185772,99_Bahnsteig_PF,99_Bahnsteig_PF
5706578533,63784921185784,99_Bahnsteig_PF,99_Bahnsteig_PF
5706586864,63784921185794,99_Bahnsteig_PF,99_Bahnsteig_PF
5706595196,63784921185805,99_Bahnsteig_PF,99_Bahnsteig_PF
5706611859,63784921185817,99_Bahnsteig_PF,99_Bahnsteig_PF
5706620191,63784921185828,99_Bahnsteig_PF,99_Bahnsteig_PF
5706628522,63784921185840,99_Bahnsteig_PF,99_Bahnsteig_PF
5706645185,63784921185850,99_Bahnsteig_PF,99_Bahnsteig_PF
5706653517,63784921185861,99_Bahnsteig_PF,99_Bahnsteig_PF
5706661848,63784921185872,99_Bahnsteig_PF,99_Bahnsteig_PF
5706678511,63784921185883,99_Bahnsteig_PF,99_Bahnsteig_PF
5706686843,63784921185895,99_Bahnsteig_PF,99_Bahnsteig_PF
5706703506,63784921185907,99_Bahnsteig_PF,99_Bahnsteig_PF
5706711837,63784921185918,99_Bahnsteig_PF,99_Bahnsteig_PF
5706720169,63784921185929,99_Bahnsteig_PF,99_Bahnsteig_PF
5706736832,63784921185942,99_Bahnsteig_PF,99_Bahnsteig_PF
5706745163,63784921185952,99_Bahnsteig_PF,99_Bahnsteig_PF
5706753495,63784921185964,99_Bahnsteig_PF,99_Bahnsteig_PF
5706770158,63784921185975,99_Bahnsteig_PF,99_Bahnsteig_PF
5706778490,63784921185986,99_Bahnsteig_PF,99_Bahnsteig_PF
5706786821,63784921185997,99_Bahnsteig_PF,99_Bahnsteig_PF
5706803484,63784921186008,99_Bahnsteig_PF,99_Bahnsteig_PF
5706811816,63784921186020,99_Bahnsteig_PF,99_Bahnsteig_PF
5706820147,63784921186031,99_Bahnsteig_PF,99_Bahnsteig_PF
5706836810,63784921186043,99_Bahnsteig_PF,99_Bahnsteig_PF
5706845142,63784921186054,99_Bahnsteig_PF,99_Bahnsteig_PF
5706861805,63784921186065,99_Bahnsteig_PF,99_Bahnsteig_PF
5706870136,63784921186076,99_Bahnsteig_PF,99_Bahnsteig_PF
5706878468,63784921186087,99_Bahnsteig_PF,99_Bahnsteig_PF
5706895131,63784921186099,99_Bahnsteig_PF,99_Bahnsteig_PF
5706903462,63784921186109,99_Bahnsteig_PF,99_Bahnsteig_PF
5706903462,63784921186121,99_Bahnsteig_PF,99_Bahnsteig_PF
5706903462,63784921186132,99_Bahnsteig_PF,99_Bahnsteig_PF
5706903462,63784921186143,99_Bahnsteig_PF,99_Bahnsteig_PF
5706903462,63784921186154,99_Bahnsteig_PF,99_Bahnsteig_PF
5706903462,63784921186166,99_Bahnsteig_PF,99_Bahnsteig_PF
5706903462,63784921186177,99_Bahnsteig_PF,99_Bahnsteig_PF
5706903462,63784921186189,99_Bahnsteig_PF,99_Bahnsteig_PF
5706903462,63784921186199,99_Bahnsteig_PF,99_Bahnsteig_PF
5706903462,63784921186210,99_Bahnsteig_PF,99_Bahnsteig_PF
5707011772,63784921186221,99_Bahnsteig_PF,99_Bahnsteig_PF
5707028435,63784921186233,99_Bahnsteig_PF,99_Bahnsteig_PF
5707036767,63784921186244,99_Bahnsteig_PF,99_Bahnsteig_PF
5707045098,63784921186256,99_Bahnsteig_PF,99_Bahnsteig_PF
5707061761,63784921186267,99_Bahnsteig_PF,99_Bahnsteig_PF
5707070093,63784921186278,99_Bahnsteig_PF,99_Bahnsteig_PF
5707078424,63784921186288,99_Bahnsteig_PF,99_Bahnsteig_PF
5707095087,63784921186300,99_Bahnsteig_PF,99_Bahnsteig_PF
5707103419,63784921186311,99_Bahnsteig_PF,99_Bahnsteig_PF
5707111751,63784921186323,99_Bahnsteig_PF,99_Bahnsteig_PF
5707128414,63784921186333,99_Bahnsteig_PF,99_Bahnsteig_PF
5707136745,63784921186345,99_Bahnsteig_PF,99_Bahnsteig_PF
5707145077,63784921186355,99_Bahnsteig_PF,99_Bahnsteig_PF
5707161740,63784921186366,99_Bahnsteig_PF,99_Bahnsteig_PF
5707170071,63784921186378,99_Bahnsteig_PF,99_Bahnsteig_PF
5707178403,63784921186390,99_Bahnsteig_PF,99_Bahnsteig_PF
5707195066,63784921186401,99_Bahnsteig_PF,99_Bahnsteig_PF
5707203397,63784921186412,99_Bahnsteig_PF,99_Bahnsteig_PF
5707211729,63784921186422,99_Bahnsteig_PF,99_Bahnsteig_PF
5707228392,63784921186433,99_Bahnsteig_PF,99_Bahnsteig_PF
5707236723,63784921186445,99_Bahnsteig_PF,99_Bahnsteig_PF
5707245055,63784921186457,99_Bahnsteig_PF,99_Bahnsteig_PF
5707261718,63784921186467,99_Bahnsteig_PF,99_Bahnsteig_PF
5707270050,63784921186478,99_Bahnsteig_PF,99_Bahnsteig_PF
5707278381,63784921186490,99_Bahnsteig_PF,99_Bahnsteig_PF
5707295044,63784921186502,99_Bahnsteig_PF,99_Bahnsteig_PF
5707303376,63784921186511,99_Bahnsteig_PF,99_Bahnsteig_PF
5707320039,63784921186523,99_Bahnsteig_PF,99_Bahnsteig_PF
5707328370,63784921186535,99_Bahnsteig_PF,99_Bahnsteig_PF
5707336702,63784921186546,99_Bahnsteig_PF,99_Bahnsteig_PF
5707353365,63784921186557,99_Bahnsteig_PF,99_Bahnsteig_PF
5707361696,63784921186567,99_Bahnsteig_PF,99_Bahnsteig_PF
5707370028,63784921186578,99_Bahnsteig_PF,99_Bahnsteig_PF
5707386691,63784921186594,99_Bahnsteig_PF,99_Bahnsteig_PF
5707395022,63784921186601,99_Bahnsteig_PF,99_Bahnsteig_PF
5707403354,63784921186613,99_Bahnsteig_PF,99_Bahnsteig_PF
5707420017,63784921186624,99_Bahnsteig_PF,99_Bahnsteig_PF
5707428348,63784921186636,99_Bahnsteig_PF,99_Bahnsteig_PF
5707436680,63784921186646,99_Bahnsteig_PF,99_Bahnsteig_PF
5707453343,63784921186658,99_Bahnsteig_PF,99_Bahnsteig_PF
5707461675,63784921186669,99_Bahnsteig_PF,99_Bahnsteig_PF
5707470006,63784921186680,99_Bahnsteig_PF,99_Bahnsteig_PF
5707486669,63784921186691,99_Bahnsteig_PF,99_Bahnsteig_PF
5707495001,63784921186702,99_Bahnsteig_PF,99_Bahnsteig_PF
5707503332,63784921186713,99_Bahnsteig_PF,99_Bahnsteig_PF
5707519995,63784921186724,99_Bahnsteig_PF,99_Bahnsteig_PF
5707528327,63784921186736,99_Bahnsteig_PF,99_Bahnsteig_PF
5707536658,63784921186747,99_Bahnsteig_PF,99_Bahnsteig_PF
5707553321,63784921186758,99_Bahnsteig_PF,99_Bahnsteig_PF
5707561653,63784921186770,99_Bahnsteig_PF,99_Bahnsteig_PF
5707569984,63784921186780,99_Bahnsteig_PF,99_Bahnsteig_PF
5707586647,63784921186792,99_Bahnsteig_PF,99_Bahnsteig_PF
5707594979,63784921186803,99_Bahnsteig_PF,99_Bahnsteig_PF
5707603310,63784921186814,99_Bahnsteig_PF,99_Bahnsteig_PF
5707619974,63784921186826,99_Bahnsteig_PF,99_Bahnsteig_PF
5707628305,63784921186836,99_Bahnsteig_PF,99_Bahnsteig_PF
5707636637,63784921186847,99_Bahnsteig_PF,None
5707653300,63784921186859,None,None
5707661631,63784921186869,None,None
5707669963,63784921186881,None,None
5707686626,63784921186893,None,None
5707694957,63784921186903,None,None
5707703289,63784921186914,None,None
5707719952,63784921186925,None,None
5707728283,63784921186936,None,None
5707736615,63784921186947,None,None
5707753278,63784921186959,None,None
5707761609,63784921186970,None,None
5707769941,63784921186981,None,None
5707786604,63784921186993,None,None
5707794936,63784921187003,None,None
5707803267,63784921187015,None,None
5707819930,63784921187026,None,None
5707828262,63784921187037,None,None
5707844925,63784921187048,None,None
5707853256,63784921187059,None,None
5707861588,63784921187070,None,None
5707878251,63784921187082,None,None
5707886582,63784921187093,None,None
5707894914,63784921187104,None,None
5707911577,63784921187115,None,None
5707919908,63784921187127,None,None
5707928240,63784921187137,None,None
5707944903,63784921187149,None,None
5707953235,63784921187160,None,None
5707961566,63784921187171,None,None
5707978229,63784921187183,None,None
5707986561,63784921187194,None,None
5707994892,63784921187205,None,None
5708011555,63784921187216,None,None
5708019887,63784921187226,None,None
5708028218,63784921187237,None,None
5708044881,63784921187249,None,None
5708053213,63784921187260,None,None
5708061544,63784921187271,None,None
5708078207,63784921187284,None,None
5708086539,63784921187293,None,None
5708103202,63784921187307,None,None
5708111534,63784921187317,None,None
5708119865,63784921187328,None,None
5708128197,63784921187338,None,None
5708144860,63784921187349,None,None
5708153191,63784921187361,None,None
5708161523,63784921187371,None,None
5708178186,63784921187383,None,None
5708186517,63784921187395,None,None
5708194849,63784921187405,None,None
5708211512,63784921187417,None,None
5708219843,63784921187427,None,None
5708228175,63784921187439,None,None
5708244838,63784921187450,None,None
5708253169,63784921187461,None,None
5708261501,63784921187472,None,None
5708278164,63784921187483,None,None
5708286496,63784921187494,None,None
5708294827,63784921187506,None,None
5708311490,63784921187517,None,None
5708319822,63784921187528,None,None
5708328153,63784921187540,None,None
5708344816,63784921187550,None,None
5708353148,63784921187562,None,None
5708361479,63784921187573,None,None
5708378142,63784921187584,None,None
5708394805,63784921187599,None,None
5708411468,63784921187617,None,None
5708411468,63784921187622,None,None
5708419800,63784921187628,None,None
5708428131,63784921187635,None,None
5708436463,63784921187647,None,None
5708453126,63784921187660,None,None
5708461458,63784921187670,None,None
5708469789,63784921187681,None,None
5708486452,63784921187692,None,None
5708494784,63784921187703,None,None
5708503115,63784921187714,None,Wayfinding_S
5708519778,63784921187725,None,None
5708528110,63784921187736,None,None
5708536441,63784921187747,None,None
5708553104,63784921187759,None,None
5708561436,63784921187770,None,None
5708578099,63784921187781,None,Wayfinding_S
5708586430,63784921187793,None,Wayfinding_S
5708594762,63784921187803,None,None
5708611425,63784921187815,None,Wayfinding_S
5708619757,63784921187827,None,None
5708628088,63784921187837,None,Wayfinding_S
5708644751,63784921187849,None,None
5708653083,63784921187860,Wayfinding_S,None
5708661414,63784921187871,None,None
5708678077,63784921187882,Wayfinding_S,None
5708686409,63784921187892,None,None
5708694740,63784921187903,None,None
5708711403,63784921187914,None,None
5708719735,63784921187926,None,None
5708728066,63784921187938,None,None
5708744729,63784921187949,Wayfinding_S,None
5708753061,63784921187960,Wayfinding_S,Wayfinding_S
5708761392,63784921187971,Wayfinding_S,Wayfinding_S
5708778056,63784921187982,Wayfinding_S,Wayfinding_S
5708786387,63784921187994,None,None
5708794719,63784921188005,Wayfinding_S,None
5708811382,63784921188017,None,Wayfinding_S
5708819713,63784921188028,None,None
5708836376,63784921188039,None,None
5708844708,63784921188051,None,Wayfinding_S
5708853039,63784921188062,None,Wayfinding_S
5708869702,63784921188074,None,Wayfinding_S
5708878034,63784921188085,None,Wayfinding_S
5708886365,63784921188096,None,None
5708903028,63784921188109,None,None
5708911360,63784921188118,None,None
5708919691,63784921188130,None,None
5708936354,63784921188142,None,None
5708944686,63784921188152,None,Wayfinding_S
5708953018,63784921188164,None,None
5708969681,63784921188175,None,None
5708978012,63784921188187,None,None
5708994675,63784921188198,None,None
5709003007,63784921188210,None,None
5709011338,63784921188221,None,None
5709028001,63784921188232,None,None
5709036333,63784921188243,None,None
5709044664,63784921188255,None,None
5709061327,63784921188266,None,None
5709069659,63784921188278,None,None
5709077990,63784921188289,None,None
5709094653,63784921188300,None,None
5709102985,63784921188310,None,None
5709111317,63784921188322,None,Wayfinding_S
5709127980,63784921188334,None,Wayfinding_S
5709136311,63784921188345,None,Wayfinding_S
5709144643,63784921188355,None,Wayfinding_S
5709161306,63784921188367,None,Wayfinding_S
5709169637,63784921188378,None,Wayfinding_S
5709177969,63784921188389,None,Wayfinding_S
5709194632,63784921188401,None,Wayfinding_S
5709202963,63784921188412,None,Wayfinding_S
5709211295,63784921188423,None,Wayfinding_S
5709227958,63784921188434,None,Wayfinding_S
5709236289,63784921188447,None,Wayfinding_S
5709244621,63784921188456,None,Wayfinding_S
5709261284,63784921188466,None,Wayfinding_S
5709269616,63784921188478,None,Wayfinding_S
5709286279,63784921188489,None,Wayfinding_S
5709294610,63784921188501,None,Wayfinding_S
5709302942,63784921188511,None,Wayfinding_S
5709311273,63784921188522,None,Wayfinding_S
5709327936,63784921188533,None,Wayfinding_S
5709336268,63784921188545,None,Wayfinding_S
5709344599,63784921188556,None,Wayfinding_S
5709361262,63784921188567,None,Wayfinding_S
5709369594,63784921188579,None,Wayfinding_S
5709386257,63784921188590,None,Wayfinding_S
5709394588,63784921188605,None,Wayfinding_S
5709402920,63784921188612,None,None
5709419583,63784921188623,None,None
5709427914,63784921188634,None,None
5709436246,63784921188646,None,None
5709452909,63784921188657,None,None
5709461241,63784921188668,None,None
5709469572,63784921188679,None,None
5709486235,63784921188690,None,None
5709494567,63784921188702,None,None
5709502898,63784921188712,None,None
5709519561,63784921188723,None,None
5709527893,63784921188734,None,None
5709536224,63784921188746,None,None
5709552887,63784921188757,None,None
5709561219,63784921188768,None,None
5709569550,63784921188779,None,None
5709586213,63784921188791,None,None
5709594545,63784921188802,None,None
5709602876,63784921188813,None,None
5709619540,63784921188824,None,None
5709627871,63784921188835,None,None
5709636203,63784921188847,None,None
5709652866,63784921188857,None,None
5709661197,63784921188869,None,None
5709669529,63784921188880,None,None
5709686192,63784921188891,None,None
5709694523,63784921188903,None,None
5709702855,63784921188913,None,None
5709719518,63784921188924,None,None
5709727849,63784921188935,None,None
5709736181,63784921188947,None,None
5709752844,63784921188959,None,Wayfinding_S
5709761175,63784921188970,None,Wayfinding_S
5709769507,63784921188981,None,None
5709786170,63784921188992,None,None
5709794502,63784921189003,None,Wayfinding_S
5709802833,63784921189015,None,None
5709819496,63784921189026,None,Wayfinding_S
5709827828,63784921189037,None,Wayfinding_S
5709844491,63784921189048,None,Wayfinding_S
5709852822,63784921189059,None,Wayfinding_S
5709861154,63784921189071,None,Wayfinding_S
5709877817,63784921189082,None,None
5709886148,63784921189093,None,Wayfinding_S
5709894480,63784921189104,None,Wayfinding_S
5709911143,63784921189115,None,Wayfinding_S
5709919474,63784921189126,None,Wayfinding_S
5709927806,63784921189137,None,Wayfinding_S
5709944469,63784921189148,None,Wayfinding_S
5709952801,63784921189160,None,Wayfinding_S
5709961132,63784921189171,None,Wayfinding_S
5709977795,63784921189182,None,Wayfinding_S
5709986127,63784921189194,None,Wayfinding_S
5709994458,63784921189204,None,Wayfinding_S
5710011121,63784921189215,None,Wayfinding_S
5710019453,63784921189226,None,Wayfinding_S
5710027784,63784921189238,None,Wayfinding_S
5710044447,63784921189249,None,Wayfinding_S
5710052779,63784921189260,None,Wayfinding_S
5710061110,63784921189271,None,Wayfinding_S
5710077773,63784921189282,None,Wayfinding_S
5710086105,63784921189293,None,Wayfinding_S
5710094436,63784921189304,None,Wayfinding_S
5710111100,63784921189316,None,Wayfinding_S
5710119431,63784921189327,None,Wayfinding_S
5710127763,63784921189338,None,Wayfinding_S
5710144426,63784921189350,None,Wayfinding_S
5710152757,63784921189361,None,Wayfinding_S
5710161089,63784921189372,None,Wayfinding_S
5710177752,63784921189384,None,Wayfinding_S
5710186083,63784921189394,None,Wayfinding_S
5710194415,63784921189406,None,Wayfinding_S
5710211078,63784921189417,None,Wayfinding_S
5710219409,63784921189427,None,Wayfinding_S
5710227741,63784921189438,None,Wayfinding_S
5710244404,63784921189450,None,Wayfinding_S
5710252735,63784921189461,None,None
5710261067,63784921189472,None,None
5710277730,63784921189483,None,None
5710286062,63784921189494,None,None
5710294393,63784921189505,None,None
5710311056,63784921189516,None,None
5710319388,63784921189528,None,None
5710336051,63784921189539,None,None
5710344382,63784921189550,None,None
5710352714,63784921189562,None,None
5710369377,63784921189573,None,None
5710377708,63784921189584,None,None
5710386040,63784921189595,None,None
5710402703,63784921189611,None,None
5710411034,63784921189618,None,None
5710419366,63784921189628,None,None
5710436029,63784921189640,None,None
5710444361,63784921189652,None,None
5710452692,63784921189662,None,None
5710469355,63784921189673,None,None
5710477687,63784921189685,None,None
5710486018,63784921189696,None,None
5710502681,63784921189706,None,None
5710511013,63784921189719,None,None
5710519344,63784921189729,None,None
5710536007,63784921189741,None,None
5710544339,63784921189753,None,None
5710552670,63784921189763,None,None
5710569333,63784921189780,None,None
5710577665,63784921189786,None,None
5710585996,63784921189792,None,None
5710594328,63784921189803,None,None
5710602660,63784921189814,None,None
5710619323,63784921189824,None,None
5710627654,63784921189837,None,None
5710644317,63784921189848,None,None
5710652649,63784921189859,None,None
5710660980,63784921189870,None,None
5710669312,63784921189880,None,None
5710685975,63784921189892,None,None
5710694306,63784921189903,None,None
5710710969,63784921189914,None,None
5710719301,63784921189925,None,None
5710727632,63784921189937,None,None
5710744295,63784921189948,None,None
5710752627,63784921189959,None,None
5710760958,63784921189970,None,None
5710777622,63784921189982,None,None
5710785953,63784921189993,None,None
5710794285,63784921190004,None,None
5710810948,63784921190015,None,None
5710819279,63784921190026,None,Wayfinding_S
5710827611,63784921190037,None,None
5710844274,63784921190049,None,Wayfinding_S
5710852605,63784921190059,None,Wayfinding_S
5710860937,63784921190071,None,Wayfinding_S
5710877600,63784921190082,None,Wayfinding_S
5710885931,63784921190093,None,Wayfinding_S
5710894263,63784921190104,None,Wayfinding_S
5710902594,63784921190116,None,Wayfinding_S
5710902594,63784921190127,None,Wayfinding_S
5710902594,63784921190138,None,Wayfinding_S
5710902594,63784921190150,None,Wayfinding_S
5710902594,63784921190161,None,Wayfinding_S
5710902594,63784921190172,None,Wayfinding_S
5710902594,63784921190184,None,Wayfinding_S
5710902594,63784921190195,None,Wayfinding_S
5710902594,63784921190207,None,Wayfinding_S
5711010904,63784921190218,None,None
5711019236,63784921190230,None,Wayfinding_S
5711035899,63784921190241,None,None
5711044230,63784921190252,None,None
5711060893,63784921190264,None,None
5711069225,63784921190275,None,None
5711077556,63784921190286,None,None
5711094219,63784921190298,None,None
5711102551,63784921190309,None,None
5711110883,63784921190321,None,None
5711127546,63784921190333,None,None
5711135877,63784921190343,None,None
5711144209,63784921190355,None,Wayfinding_S
5711160872,63784921190366,None,None
5711169203,63784921190377,None,Wayfinding_S
5711177535,63784921190388,None,None
5711194198,63784921190399,Wayfinding_S,Wayfinding_S
5711202529,63784921190411,Wayfinding_S,Wayfinding_S
5711210861,63784921190421,None,Wayfinding_S
5711227524,63784921190433,None,Wayfinding_S
5711235855,63784921190444,None,None
5711244187,63784921190455,None,Wayfinding_S
5711260850,63784921190466,None,Wayfinding_S
5711269182,63784921190478,None,None
5711277513,63784921190489,None,Wayfinding_S
5711294176,63784921190500,None,Wayfinding_S
5711302508,63784921190511,None,Wayfinding_S
5711319171,63784921190523,None,None
5711327502,63784921190533,None,Wayfinding_S
5711335834,63784921190544,None,Wayfinding_S
5711344165,63784921190555,None,Wayfinding_S
5711360828,63784921190567,None,Wayfinding_S
5711369160,63784921190578,None,Wayfinding_S
5711385823,63784921190589,None,Wayfinding_S
5711394154,63784921190600,None,Wayfinding_S
5711410817,63784921190617,None,Wayfinding_S
5711419149,63784921190623,None,Wayfinding_S
5711427480,63784921190634,None,Wayfinding_S
5711435812,63784921190645,None,None
5711452475,63784921190656,None,Wayfinding_S
5711460807,63784921190668,None,None
5711469138,63784921190679,None,None
5711485801,63784921190690,None,None
5711494133,63784921190701,None,None
5711502464,63784921190712,None,None
5711519127,63784921190723,None,None
5711527459,63784921190735,None,None
5711535790,63784921190745,None,None
5711552453,63784921190758,None,None
5711560785,63784921190769,None,None
5711569116,63784921190780,None,None
5711585779,63784921190792,None,None
5711594111,63784921190802,None,None
5711602442,63784921190813,None,None
5711619106,63784921190824,None,None
5711627437,63784921190835,None,None
5711635769,63784921190846,None,None
5711652432,63784921190857,None,None
5711660763,63784921190868,None,None
5711669095,63784921190880,None,None
5711685758,63784921190891,None,None
5711694089,63784921190902,None,None
5711702421,63784921190913,None,None
5711719084,63784921190925,None,None
5711727415,63784921190936,None,None
5711735747,63784921190947,None,None
5711752410,63784921190958,None,None
5711760741,63784921190968,None,None
5711769073,63784921190979,None,None
5711785736,63784921190991,None,None
5711794068,63784921191002,None,None
5711802399,63784921191013,None,None
5711819062,63784921191024,None,None
5711827394,63784921191036,None,None
5711835725,63784921191047,None,None
5711852388,63784921191059,None,None
5711860720,63784921191070,None,None
5711877383,63784921191081,None,None
5711885714,63784921191092,None,None
5711894046,63784921191103,None,None
5711910709,63784921191114,None,None
5711919040,63784921191126,None,None
5711927372,63784921191137,None,None
5711944035,63784921191149,None,None
5711952367,63784921191159,None,None
5711960698,63784921191170,None,None
5711977361,63784921191182,None,None
5711985693,63784921191193,None,None
5711994024,63784921191203,None,None
5712010687,63784921191215,None,Wayfinding_S
5712019019,63784921191226,None,None
5712027350,63784921191237,None,None
5712044013,63784921191248,None,None
5712052345,63784921191259,None,None
5712060676,63784921191271,None,None
5712077339,63784921191282,None,None
5712085671,63784921191293,None,None
5712094002,63784921191304,None,None
5712110666,63784921191315,None,None
5712118997,63784921191327,None,None
5712127329,63784921191338,None,None
5712143992,63784921191350,None,None
5712152323,63784921191360,None,None
5712160655,63784921191371,None,None
5712177318,63784921191383,None,None
5712185649,63784921191394,None,None
5712193981,63784921191405,None,Wayfinding_S
5712210644,63784921191417,None,None
5712218975,63784921191427,None,None
5712227307,63784921191438,None,None
5712243970,63784921191448,None,None
5712252301,63784921191460,None,None
5712260633,63784921191471,None,None
5712277296,63784921191483,None,None
5712285628,63784921191493,None,None
5712293959,63784921191505,None,None
5712310622,63784921191517,None,None
5712318954,63784921191527,None,None
5712327285,63784921191539,None,None
5712343948,63784921191551,None,None
5712352280,63784921191561,None,None
5712368943,63784921191573,None,None
5712377274,63784921191584,None,None
5712385606,63784921191595,None,None
5712402269,63784921191607,None,None
5712410600,63784921191618,None,None
5712418932,63784921191628,None,None
5712435595,63784921191640,None,None
5712443927,63784921191651,None,None
5712452258,63784921191661,None,None
5712468921,63784921191672,None,None
5712477253,63784921191683,None,None
5712485584,63784921191695,None,None
5712502247,63784921191706,None,None
5712510579,63784921191717,None,None
5712518910,63784921191728,None,None
5712535573,63784921191739,None,None
5712543905,63784921191751,None,None
5712552236,63784921191761,None,None
5712568899,63784921191773,None,None
5712577231,63784921191784,None,None
5712585562,63784921191796,None,None
5712602226,63784921191807,None,None
5712610557,63784921191819,None,None
5712618889,63784921191829,None,None
5712635552,63784921191841,None,None
5712643883,63784921191851,None,None
5712652215,63784921191863,None,None
5712668878,63784921191874,None,None
5712677209,63784921191886,None,None
5712685541,63784921191896,None,None
5712702204,63784921191907,None,None
5712710535,63784921191919,None,None
5712718867,63784921191930,None,None
5712735530,63784921191941,None,None
5712743861,63784921191952,None,None
5712752193,63784921191963,None,None
5712768856,63784921191974,None,None
5712777188,63784921191986,None,None
5712793851,63784921191997,None,None
5712802182,63784921192008,None,None
5712810514,63784921192020,None,None
5712818845,63784921192030,None,None
5712835508,63784921192042,None,None
5712843840,63784921192053,None,None
5712860503,63784921192064,None,None
5712868834,63784921192075,None,None
5712877166,63784921192086,None,None
5712885497,63784921192097,None,None
5712902160,63784921192108,None,None
5712910492,63784921192119,None,None
5712918823,63784921192130,None,None
5712935486,63784921192142,None,None
5712943818,63784921192153,None,None
5712952150,63784921192164,None,None
5712968813,63784921192176,None,None
5712977144,63784921192187,None,None
5712993807,63784921192198,None,None
5713002139,63784921192209,None,None
5713010470,63784921192220,None,None
5713027133,63784921192231,None,None
5713035465,63784921192243,None,None
5713043796,63784921192254,None,None
5713060459,63784921192266,None,None
5713068791,63784921192276,None,None
5713077122,63784921192288,None,None
5713093785,63784921192298,None,None
5713102117,63784921192310,None,None
5713110449,63784921192320,None,None
5713127112,63784921192331,None,None
5713135443,63784921192342,None,None
5713143775,63784921192354,None,None
5713160438,63784921192366,None,None
5713168769,63784921192377,None,None
5713177101,63784921192388,None,None
5713193764,63784921192399,None,None
5713202095,63784921192409,None,None
5713210427,63784921192421,None,None
5713227090,63784921192432,None,None
5713235421,63784921192443,None,None
5713243753,63784921192454,None,None
5713260416,63784921192466,None,None
5713268748,63784921192477,None,None
5713277079,63784921192488,None,None
5713293742,63784921192499,None,None
5713302074,63784921192511,None,None
5713310405,63784921192521,None,None
5713327068,63784921192533,None,None
5713335400,63784921192544,None,None
5713343731,63784921192555,None,None
5713360394,63784921192567,None,None
5713377057,63784921192582,None,None
5713385389,63784921192589,None,None
5713385389,63784921192595,None,None
5713402052,63784921192607,None,None
5713410383,63784921192619,None,None
5713418715,63784921192629,None,None
5713435378,63784921192640,None,None
5713443710,63784921192652,None,None
5713452041,63784921192663,None,None
5713468704,63784921192674,None,None
5713477036,63784921192685,None,None
5713485367,63784921192697,None,None
5713502030,63784921192707,None,None
5713510362,63784921192719,None,None
5713518693,63784921192730,None,None
5713535356,63784921192741,None,None
5713543688,63784921192752,None,None
5713560351,63784921192763,None,None
5713568682,63784921192774,None,None
5713577014,63784921192786,None,None
5713593677,63784921192797,None,None
5713602008,63784921192809,None,None
5713610340,63784921192820,None,None
5713627003,63784921192831,None,None
5713635335,63784921192842,None,None
5713643666,63784921192853,None,None
5713660329,63784921192864,None,None
5713668661,63784921192876,None,None
5713676992,63784921192886,None,None
5713693655,63784921192898,None,None
5713701987,63784921192910,None,None
5713710318,63784921192921,None,None
5713726981,63784921192931,None,None
5713735313,63784921192943,None,None
5713743644,63784921192955,None,None
5713760307,63784921192967,None,None
5713768639,63784921192978,None,None
5713785302,63784921192989,None,None
5713793634,63784921193000,None,Orientation Highlighting Plane
5713801965,63784921193012,None,None
5713818628,63784921193024,None,None
5713826960,63784921193035,None,None
5713843623,63784921193047,None,None
5713851954,63784921193058,None,None
5713860286,63784921193069,None,None
5713876949,63784921193080,None,None
5713885280,63784921193091,None,None
5713893612,63784921193102,None,None
5713910275,63784921193113,None,None
5713918606,63784921193125,None,None
5713926938,63784921193137,None,None
5713943601,63784921193147,None,None
5713951933,63784921193159,None,None
5713960264,63784921193170,None,None
5713968596,63784921193181,None,None
5713985259,63784921193192,None,None
5713993590,63784921193203,None,None
5714010253,63784921193215,Cube,None
5714018585,63784921193225,99_Bahnsteig_PF,Cube
5714026916,63784921193236,None,99_Bahnsteig_PF
5714043579,63784921193248,99_Bahnsteig_PF,99_Bahnsteig_PF
5714051911,63784921193259,MetallAbgrenzung,99_Bahnsteig_PF
5714060242,63784921193270,99_Bahnsteig_PF,99_Bahnsteig_PF
5714076905,63784921193282,99_Bahnsteig_PF,99_Bahnsteig_PF
5714085237,63784921193293,99_Bahnsteig_PF,99_Bahnsteig_PF
5714093568,63784921193304,99_Bahnsteig_PF,99_Bahnsteig_PF
5714110232,63784921193315,99_Bahnsteig_PF,99_Bahnsteig_PF
5714118563,63784921193326,99_Bahnsteig_PF,99_Bahnsteig_PF
5714126895,63784921193337,99_Bahnsteig_PF,99_Bahnsteig_PF
5714143558,63784921193348,99_Bahnsteig_PF,4_GroßeTreppe_Stairs
5714151889,63784921193359,99_Bahnsteig_PF,99_Bahnsteig_PF
5714160221,63784921193371,99_Bahnsteig_PF,99_Bahnsteig_PF
5714176884,63784921193382,99_Bahnsteig_PF,99_Bahnsteig_PF
5714185215,63784921193393,99_Bahnsteig_PF,99_Bahnsteig_PF
5714193547,63784921193404,99_Bahnsteig_PF,99_Bahnsteig_PF
5714210210,63784921193415,99_Bahnsteig_PF,99_Bahnsteig_PF
5714218541,63784921193427,99_Bahnsteig_PF,4_GroßeTreppe_Handrails
5714226873,63784921193437,99_Bahnsteig_PF,3_Rolltreppe_PF (4)
5714243536,63784921193449,99_Bahnsteig_PF,99_Bahnsteig_PF
5714251867,63784921193460,99_Bahnsteig_PF,99_Bahnsteig_PF
5714260199,63784921193471,99_Bahnsteig_PF,99_Bahnsteig_PF
5714276862,63784921193483,99_Bahnsteig_PF,99_Bahnsteig_PF
5714285194,63784921193494,99_Bahnsteig_PF,99_Bahnsteig_PF
5714293525,63784921193505,99_Bahnsteig_PF,99_Bahnsteig_PF
5714310188,63784921193516,99_Bahnsteig_PF,99_Bahnsteig_PF
5714318520,63784921193527,99_Bahnsteig_PF,99_Bahnsteig_PF
5714335183,63784921193539,99_Bahnsteig_PF,99_Bahnsteig_PF
5714343514,63784921193550,99_Bahnsteig_PF,3_Rolltreppe_PF (4)
5714351846,63784921193561,99_Bahnsteig_PF,3_Rolltreppe_PF (4)
5714368509,63784921193572,99_Bahnsteig_PF,3_Rolltreppe_PF (4)
5714376840,63784921193583,99_Bahnsteig_PF,99_Bahnsteig_PF
5714385172,63784921193594,99_Bahnsteig_PF,4_GroßeTreppe_Stairs
5714401835,63784921193606,Cube,4_GroßeTreppe_Stairs
5714410166,63784921193617,Cube,4_GroßeTreppe_Stairs
5714418498,63784921193629,Cube,4_GroßeTreppe_Stairs
5714435161,63784921193639,Cube,4_GroßeTreppe_RailingCover
5714443493,63784921193650,Cube,4_GroßeTreppe_Stairs
5714451824,63784921193661,Cube,4_GroßeTreppe_Stairs
5714468487,63784921193673,Cube,4_GroßeTreppe_Stairs
5714476819,63784921193682,Cube,4_GroßeTreppe_Stairs
5714485150,63784921193694,Cube,4_GroßeTreppe_Stairs
5714501813,63784921193706,Cube,4_GroßeTreppe_Stairs
5714510145,63784921193717,Cube,4_GroßeTreppe_Stairs
5714518476,63784921193728,Cube,None
5714535139,63784921193739,Cube,4_GroßeTreppe_RailingCover
5714543471,63784921193750,Cube,4_GroßeTreppe_Stairs
5714551802,63784921193762,Cube,4_GroßeTreppe_Stairs
5714568465,63784921193773,Cube,4_GroßeTreppe_Stairs
5714576797,63784921193783,Cube,4_GroßeTreppe_Stairs
5714585128,63784921193794,Cube,4_GroßeTreppe_Stairs
5714601792,63784921193806,Cube,4_GroßeTreppe_Stairs
5714610123,63784921193817,Cube,None
5714618455,63784921193829,Cube,4_GroßeTreppe_Stairs
5714635118,63784921193840,Cube,4_GroßeTreppe_Stairs
5714643449,63784921193851,Cube,4_GroßeTreppe_Stairs
5714651781,63784921193862,Cube,4_GroßeTreppe_Handrails
5714668444,63784921193873,Cube,4_GroßeTreppe_Stairs
5714676775,63784921193885,Cube,4_GroßeTreppe_Stairs
5714685107,63784921193896,Cube,4_GroßeTreppe_Handrails
5714701770,63784921193908,99_Bahnsteig_PF,4_GroßeTreppe_Stairs
5714710101,63784921193919,99_Bahnsteig_PF,99_Bahnsteig_PF
5714718433,63784921193929,99_Bahnsteig_PF,99_Bahnsteig_PF
5714735096,63784921193940,99_Bahnsteig_PF,99_Bahnsteig_PF
5714743427,63784921193952,99_Bahnsteig_PF,99_Bahnsteig_PF
5714751759,63784921193963,99_Bahnsteig_PF,99_Bahnsteig_PF
5714768422,63784921193975,99_Bahnsteig_PF,99_Bahnsteig_PF
5714776754,63784921193986,99_Bahnsteig_PF,99_Bahnsteig_PF
5714785085,63784921193996,99_Bahnsteig_PF,99_Bahnsteig_PF
5714801748,63784921194008,99_Bahnsteig_PF,99_Bahnsteig_PF
5714810080,63784921194019,99_Bahnsteig_PF,99_Bahnsteig_PF
5714826743,63784921194031,99_Bahnsteig_PF,99_Bahnsteig_PF
5714835074,63784921194040,99_Bahnsteig_PF,99_Bahnsteig_PF
5714843406,63784921194052,99_Bahnsteig_PF,99_Bahnsteig_PF
5714860069,63784921194064,99_Bahnsteig_PF,99_Bahnsteig_PF
5714868400,63784921194075,99_Bahnsteig_PF,99_Bahnsteig_PF
5714876732,63784921194085,99_Bahnsteig_PF,99_Bahnsteig_PF
5714885063,63784921194096,99_Bahnsteig_PF,99_Bahnsteig_PF
5714901726,63784921194108,99_Bahnsteig_PF,99_Bahnsteig_PF
5714910058,63784921194118,99_Bahnsteig_PF,99_Bahnsteig_PF
5714910058,63784921194130,99_Bahnsteig_PF,99_Bahnsteig_PF
5714910058,63784921194141,99_Bahnsteig_PF,99_Bahnsteig_PF
5714910058,63784921194152,99_Bahnsteig_PF,99_Bahnsteig_PF
5714910058,63784921194163,99_Bahnsteig_PF,99_Bahnsteig_PF
5714910058,63784921194175,99_Bahnsteig_PF,99_Bahnsteig_PF
5714910058,63784921194186,99_Bahnsteig_PF,99_Bahnsteig_PF
5714910058,63784921194197,99_Bahnsteig_PF,99_Bahnsteig_PF
5714910058,63784921194208,99_Bahnsteig_PF,99_Bahnsteig_PF
5715010036,63784921194219,99_Bahnsteig_PF,99_Bahnsteig_PF
5715026699,63784921194231,99_Bahnsteig_PF,99_Bahnsteig_PF
5715035031,63784921194242,99_Bahnsteig_PF,99_Bahnsteig_PF
5715043362,63784921194253,99_Bahnsteig_PF,99_Bahnsteig_PF
5715051694,63784921194264,99_Bahnsteig_PF,99_Bahnsteig_PF
5715068357,63784921194276,99_Bahnsteig_PF,99_Bahnsteig_PF
5715076688,63784921194286,99_Bahnsteig_PF,99_Bahnsteig_PF
5715093351,63784921194297,99_Bahnsteig_PF,99_Bahnsteig_PF
5715101683,63784921194309,99_Bahnsteig_PF,99_Bahnsteig_PF
5715110015,63784921194320,99_Bahnsteig_PF,99_Bahnsteig_PF
5715126678,63784921194331,99_Bahnsteig_PF,99_Bahnsteig_PF
5715135009,63784921194342,99_Bahnsteig_PF,99_Bahnsteig_PF
5715143341,63784921194352,99_Bahnsteig_PF,99_Bahnsteig_PF
5715160004,63784921194364,99_Bahnsteig_PF,99_Bahnsteig_PF
5715168335,63784921194376,99_Bahnsteig_PF,99_Bahnsteig_PF
5715176667,63784921194387,99_Bahnsteig_PF,99_Bahnsteig_PF
5715193330,63784921194399,99_Bahnsteig_PF,99_Bahnsteig_PF
5715201661,63784921194410,99_Bahnsteig_PF,99_Bahnsteig_PF
5715209993,63784921194420,99_Bahnsteig_PF,99_Bahnsteig_PF
5715226656,63784921194432,99_Bahnsteig_PF,99_Bahnsteig_PF
5715234987,63784921194443,99_Bahnsteig_PF,99_Bahnsteig_PF
5715243319,63784921194454,99_Bahnsteig_PF,99_Bahnsteig_PF
5715259982,63784921194466,99_Bahnsteig_PF,99_Bahnsteig_PF
5715268314,63784921194476,99_Bahnsteig_PF,99_Bahnsteig_PF
5715276645,63784921194488,99_Bahnsteig_PF,99_Bahnsteig_PF
5715293308,63784921194499,99_Bahnsteig_PF,99_Bahnsteig_PF
5715301640,63784921194510,99_Bahnsteig_PF,99_Bahnsteig_PF
5715309971,63784921194521,99_Bahnsteig_PF,99_Bahnsteig_PF
5715326634,63784921194532,99_Bahnsteig_PF,99_Bahnsteig_PF
5715334966,63784921194544,99_Bahnsteig_PF,99_Bahnsteig_PF
5715343297,63784921194554,99_Bahnsteig_PF,99_Bahnsteig_PF
5715359960,63784921194565,99_Bahnsteig_PF,99_Bahnsteig_PF
5715368292,63784921194577,99_Bahnsteig_PF,99_Bahnsteig_PF
5715376623,63784921194588,99_Bahnsteig_PF,99_Bahnsteig_PF
5715393286,63784921194600,Cube,None
5715401618,63784921194610,Cube,None
5715409949,63784921194622,Cube,None
5715426612,63784921194634,Occluder (1),None
5715434944,63784921194644,Cube,None
5715451607,63784921194655,Cube,None
5715459939,63784921194667,Occluder (1),None
5715468270,63784921194678,None,None
5715484933,63784921194690,None,None
5715493265,63784921194701,None,None
5715501596,63784921194712,None,None
5715518259,63784921194722,Cube,None
5715526591,63784921194733,Cube,None
5715534922,63784921194745,Cube,None
5715551585,63784921194756,Cube,None
5715559917,63784921194767,Cube,None
5715568248,63784921194778,Cube,None
5715584911,63784921194789,Cube,None
5715593243,63784921194800,None,None
5715601574,63784921194811,None,None
5715618238,63784921194823,Cube,Occluder (1)
5715626569,63784921194834,Occluder (1),None
5715634901,63784921194845,None,None
5715651564,63784921194857,None,None
5715659895,63784921194867,None,None
5715668227,63784921194879,None,None
5715684890,63784921194890,4_GroßeTreppe_RailingCover,None
5715693221,63784921194900,4_GroßeTreppe_RailingCover,None
5715701553,63784921194912,None,None
5715718216,63784921194923,None,None
5715726547,63784921194934,None,None
5715734879,63784921194946,None,None
5715751542,63784921194956,None,None
5715759873,63784921194968,None,None
5715768205,63784921194979,None,None
5715784868,63784921194990,None,None
5715793200,63784921195001,None,None
5715809863,63784921195013,4_GroßeTreppe_RailingCover,None
5715818194,63784921195024,None,None
5715826526,63784921195035,None,None
5715834857,63784921195046,None,None
5715851520,63784921195057,None,Mittelteil
5715859852,63784921195069,None,None
5715876515,63784921195080,None,None
5715884846,63784921195092,None,None
5715893178,63784921195102,None,None
5715909841,63784921195113,None,None
5715918172,63784921195125,None,None
5715926504,63784921195135,None,None
5715943167,63784921195147,None,None
5715951499,63784921195158,None,None
5715959830,63784921195169,None,None
5715976493,63784921195180,None,None
5715984825,63784921195191,None,None
5715993156,63784921195202,None,None
5716009819,63784921195214,None,None
5716018151,63784921195225,None,None
5716026482,63784921195236,None,None
5716043145,63784921195247,None,None
5716051477,63784921195258,None,None
5716059808,63784921195270,None,None
5716076471,63784921195281,None,None
5716084803,63784921195293,None,None
5716093134,63784921195304,None,None
5716109798,63784921195314,None,None
5716118129,63784921195326,None,None
5716126461,63784921195336,None,None
5716143124,63784921195348,None,None
5716151455,63784921195359,None,None
5716159787,63784921195370,None,None
5716176450,63784921195383,Cube,Occluder (1)
5716184781,63784921195393,Cube,4_GroßeTreppe_Stairs
5716193113,63784921195404,Cube,Cube
5716209776,63784921195414,None,Cube
5716218107,63784921195426,None,Cube
5716226439,63784921195437,Cube,Cube
5716243102,63784921195448,Cube,Cube
5716251433,63784921195459,Cube,Cube
5716268096,63784921195471,None,Cube
5716276428,63784921195481,None,Cube
5716284760,63784921195493,None,Cube
5716293091,63784921195503,None,Cube
5716309754,63784921195515,None,Cube
5716318086,63784921195527,None,Cube
5716326417,63784921195538,Cube,Cube
5716343080,63784921195549,Cube,Cube
5716351412,63784921195560,Cube,Cube
5716368075,63784921195571,None,None
5716376406,63784921195582,None,None
5716384738,63784921195593,None,None
5716401401,63784921195614,None,None
5716418064,63784921195622,None,None
5716426395,63784921195630,None,None
5716434727,63784921195639,None,None
5716443059,63784921195647,None,None
5716451390,63784921195657,None,None
5716459722,63784921195667,None,None
5716468053,63784921195679,None,None
5716484716,63784921195690,None,None
5716493048,63784921195701,None,None
5716509711,63784921195712,None,None
5716518042,63784921195723,None,None
5716526374,63784921195734,None,None
5716543037,63784921195746,None,None
5716551368,63784921195757,None,None
5716559700,63784921195768,None,None
5716576363,63784921195779,None,None
5716584694,63784921195791,None,None
5716593026,63784921195802,None,None
5716609689,63784921195813,None,None
5716618021,63784921195825,None,None
5716626352,63784921195835,None,Orientation Highlighting Plane
5716643015,63784921195846,None,None
5716651347,63784921195858,None,None
5716659678,63784921195869,None,None
5716668010,63784921195880,None,None
5716684673,63784921195892,None,None
5716693004,63784921195902,None,None
5716709667,63784921195914,None,None
5716717999,63784921195926,None,None
5716726330,63784921195936,None,None
5716742993,63784921195948,None,None
5716751325,63784921195959,None,None
5716759656,63784921195970,None,None
5716776320,63784921195981,None,None
5716784651,63784921195993,None,None
5716792983,63784921196002,None,None
5716809646,63784921196013,None,None
5716817977,63784921196026,None,None
5716826309,63784921196036,None,None
5716842972,63784921196049,None,None
5716851303,63784921196060,None,None
5716859635,63784921196071,None,None
5716876298,63784921196083,None,None
5716884629,63784921196094,None,None
5716901292,63784921196106,None,None
5716909624,63784921196117,None,None
5716909624,63784921196129,None,None
5716909624,63784921196139,None,None
5716909624,63784921196152,None,None
5716909624,63784921196163,None,None
5716909624,63784921196174,None,None
5716909624,63784921196184,None,None
5716909624,63784921196198,None,None
5716909624,63784921196208,None,None
5717009602,63784921196220,None,None
5717026265,63784921196230,None,None
5717034597,63784921196241,None,None
5717042928,63784921196252,None,None
5717059591,63784921196264,None,None
5717067923,63784921196275,None,None
5717076254,63784921196286,None,None
5717092917,63784921196297,None,None
5717101249,63784921196308,None,None
5717109581,63784921196319,None,None
5717126244,63784921196332,None,None
5717134575,63784921196342,None,None
5717142907,63784921196354,None,None
5717159570,63784921196364,None,None
5717167901,63784921196375,None,None
5717176233,63784921196386,None,None
5717192896,63784921196398,None,None
5717201227,63784921196410,None,None
5717209559,63784921196421,None,None
5717226222,63784921196431,None,None
5717234553,63784921196443,None,None
5717242885,63784921196454,None,None
5717259548,63784921196465,None,None
5717267880,63784921196476,None,None
5717276211,63784921196487,None,None
5717292874,63784921196498,None,None
5717301206,63784921196510,None,None
5717309537,63784921196521,None,None
5717326200,63784921196532,None,None
5717334532,63784921196543,None,None
5717342863,63784921196553,None,None
5717359526,63784921196565,None,None
5717367858,63784921196577,Wayfinding_S,None
5717376189,63784921196588,None,None
5717392852,63784921196600,None,None
5717401184,63784921196610,None,None
5717409515,63784921196621,None,None
5717426178,63784921196632,None,None
5717434510,63784921196644,None,None
5717442842,63784921196653,None,None
5717459505,63784921196665,None,None
5717467836,63784921196676,None,None
5717476168,63784921196687,None,None
5717492831,63784921196698,None,None
5717501162,63784921196711,None,None
5717509494,63784921196720,None,None
5717526157,63784921196732,None,None
5717534488,63784921196744,None,None
5717542820,63784921196754,None,None
5717559483,63784921196766,None,None
5717567814,63784921196776,None,None
5717576146,63784921196788,None,None
5717592809,63784921196799,None,None
5717601140,63784921196810,None,None
5717609472,63784921196821,None,None
5717626135,63784921196833,None,None
5717634467,63784921196844,None,None
5717651130,63784921196854,None,None
5717659461,63784921196866,None,None
5717667793,63784921196877,None,Orientation Highlighting Plane
5717684456,63784921196888,None,None
5717692787,63784921196899,None,None
5717701119,63784921196910,None,None
5717717782,63784921196921,None,None
5717726113,63784921196933,None,None
5717734445,63784921196944,None,None
5717751108,63784921196955,None,None
5717759439,63784921196967,None,None
5717767771,63784921196978,None,None
5717784434,63784921196989,Wayfinding_S,None
5717792766,63784921197001,None,None
5717801097,63784921197012,None,None
5717817760,63784921197023,Cube,None
5717826092,63784921197035,Cube,None
5717842755,63784921197046,Cube,Cube
5717851086,63784921197057,Cube,Cube
5717859418,63784921197068,Cube,Cube
5717876081,63784921197080,Cube,None
5717884412,63784921197090,Cube,None
5717892744,63784921197102,Orientation Highlighting Plane,None
5717901075,63784921197113,Cube,None
5717917738,63784921197124,Cube,None
5717926070,63784921197135,Cube,None
5717942733,63784921197147,None,None
5717951065,63784921197157,None,None
5717959396,63784921197169,None,None
5717976059,63784921197181,None,None
5717984391,63784921197191,None,None
5717992722,63784921197203,4_GroßeTreppe_Stairs,Cube
5718009385,63784921197213,None,Cube
5718017717,63784921197225,None,Cube
5718026048,63784921197236,None,None
5718042711,63784921197247,None,None
5718051043,63784921197258,Cube,None
5718059374,63784921197270,Cube,None
5718076037,63784921197281,Cube,None
5718084369,63784921197291,Cube,None
5718092700,63784921197303,Cube,None
5718109364,63784921197314,Cube,None
5718117695,63784921197325,Cube,Cube
5718126027,63784921197336,Cube,None
5718142690,63784921197347,None,None
5718151021,63784921197359,None,None
5718159353,63784921197370,None,None
5718176016,63784921197381,None,None
5718184347,63784921197392,None,None
5718201010,63784921197403,None,None
5718209342,63784921197415,None,None
5718217673,63784921197425,None,None
5718226005,63784921197436,None,None
5718242668,63784921197447,None,None
5718250999,63784921197458,None,None
5718259331,63784921197469,None,None
5718275994,63784921197481,None,None
5718284326,63784921197492,None,None
5718292657,63784921197503,None,None
5718309320,63784921197515,None,None
5718317652,63784921197525,None,None
5718325983,63784921197537,None,None
5718342646,63784921197548,None,None
5718350978,63784921197559,None,None
5718359309,63784921197570,None,None
5718375972,63784921197581,None,None
5718384304,63784921197592,None,None
5718392635,63784921197603,None,None
5718409298,63784921197615,None,None
5718417630,63784921197624,None,None
5718425961,63784921197635,None,None
5718442625,63784921197648,None,None
5718450956,63784921197658,None,None
5718459288,63784921197669,None,None
5718475951,63784921197680,None,None
5718484282,63784921197692,None,None
5718492614,63784921197703,None,None
5718509277,63784921197714,None,None
5718517608,63784921197726,None,None
5718525940,63784921197736,None,None
5718542603,63784921197747,None,None
5718550934,63784921197759,99_Bahnsteig_PF,None
5718559266,63784921197770,99_Bahnsteig_PF,99_Bahnsteig_PF
5718575929,63784921197781,99_Bahnsteig_PF,99_Bahnsteig_PF
5718584260,63784921197792,99_Bahnsteig_PF,99_Bahnsteig_PF
5718592592,63784921197804,99_Bahnsteig_PF,99_Bahnsteig_PF
5718609255,63784921197815,99_Bahnsteig_PF,99_Bahnsteig_PF
5718617587,63784921197827,99_Bahnsteig_PF,99_Bahnsteig_PF
5718634250,63784921197838,99_Bahnsteig_PF,99_Bahnsteig_PF
5718642581,63784921197849,99_Bahnsteig_PF,99_Bahnsteig_PF
5718650913,63784921197860,99_Bahnsteig_PF,99_Bahnsteig_PF
5718667576,63784921197871,99_Bahnsteig_PF,99_Bahnsteig_PF
5718675907,63784921197883,99_Bahnsteig_PF,99_Bahnsteig_PF
5718684239,63784921197894,99_Bahnsteig_PF,99_Bahnsteig_PF
5718700902,63784921197905,99_Bahnsteig_PF,99_Bahnsteig_PF
5718709233,63784921197916,99_Bahnsteig_PF,99_Bahnsteig_PF
5718717565,63784921197928,None,None
5718734228,63784921197939,None,None
5718742559,63784921197951,None,None
5718750891,63784921197962,None,None
5718767554,63784921197973,None,None
5718775886,63784921197984,None,None
5718784217,63784921197995,None,None
5718800880,63784921198006,None,None
5718809212,63784921198017,None,None
5718825875,63784921198030,None,None
5718834206,63784921198040,None,None
5718842538,63784921198051,None,None
5718859201,63784921198063,None,None
5718867532,63784921198074,None,None
5718875864,63784921198085,None,None
5718892527,63784921198097,None,None
5718900858,63784921198108,None,None
5718909190,63784921198119,None,None
5718925853,63784921198130,None,None
5718934184,63784921198141,None,None
5718942516,63784921198152,None,None
5718959179,63784921198164,None,None
5718967511,63784921198174,None,None
5718975842,63784921198186,None,None
5718992505,63784921198197,None,None
5719000837,63784921198208,None,None
5719009168,63784921198219,None,None
5719025831,63784921198230,None,None
5719034163,63784921198242,None,None
5719042494,63784921198252,None,None
5719059157,63784921198263,None,None
5719067489,63784921198275,None,None
5719075820,63784921198286,None,None
5719092483,63784921198297,None,None
5719100815,63784921198308,None,None
5719109147,63784921198319,None,None
5719125810,63784921198330,99_Bahnsteig_PF,99_Bahnsteig_PF
5719134141,63784921198342,99_Bahnsteig_PF,99_Bahnsteig_PF
5719142473,63784921198353,99_Bahnsteig_PF,99_Bahnsteig_PF
5719159136,63784921198364,99_Bahnsteig_PF,99_Bahnsteig_PF
5719167467,63784921198375,99_Bahnsteig_PF,99_Bahnsteig_PF
5719175799,63784921198386,99_Bahnsteig_PF,99_Bahnsteig_PF
5719192462,63784921198399,99_Bahnsteig_PF,99_Bahnsteig_PF
5719200793,63784921198408,99_Bahnsteig_PF,99_Bahnsteig_PF
5719209125,63784921198419,99_Bahnsteig_PF,99_Bahnsteig_PF
5719225788,63784921198431,99_Bahnsteig_PF,99_Bahnsteig_PF
5719234119,63784921198441,99_Bahnsteig_PF,99_Bahnsteig_PF
5719242451,63784921198453,99_Bahnsteig_PF,99_Bahnsteig_PF
5719259114,63784921198464,99_Bahnsteig_PF,99_Bahnsteig_PF
5719267446,63784921198475,99_Bahnsteig_PF,99_Bahnsteig_PF
5719275777,63784921198486,99_Bahnsteig_PF,99_Bahnsteig_PF
5719292440,63784921198498,99_Bahnsteig_PF,99_Bahnsteig_PF
5719300772,63784921198509,99_Bahnsteig_PF,99_Bahnsteig_PF
5719309103,63784921198520,99_Bahnsteig_PF,99_Bahnsteig_PF
5719325766,63784921198532,99_Bahnsteig_PF,99_Bahnsteig_PF
5719334098,63784921198542,99_Bahnsteig_PF,99_Bahnsteig_PF
5719350761,63784921198554,99_Bahnsteig_PF,99_Bahnsteig_PF
5719359092,63784921198566,99_Bahnsteig_PF,99_Bahnsteig_PF
5719367424,63784921198577,99_Bahnsteig_PF,99_Bahnsteig_PF
5719384087,63784921198588,99_Bahnsteig_PF,99_Bahnsteig_PF
5719392418,63784921198599,99_Bahnsteig_PF,99_Bahnsteig_PF
5719400750,63784921198610,99_Bahnsteig_PF,99_Bahnsteig_PF
5719409081,63784921198620,99_Bahnsteig_PF,99_Bahnsteig_PF
5719425744,63784921198632,99_Bahnsteig_PF,99_Bahnsteig_PF
5719434076,63784921198643,99_Bahnsteig_PF,99_Bahnsteig_PF
5719450739,63784921198655,99_Bahnsteig_PF,99_Bahnsteig_PF
5719459071,63784921198665,99_Bahnsteig_PF,99_Bahnsteig_PF
5719467402,63784921198677,99_Bahnsteig_PF,99_Bahnsteig_PF
5719484065,63784921198688,4_GroßeTreppe_Stairs,Cube (1)
5719492397,63784921198699,4_GroßeTreppe_Stairs,Cube (1)
5719500728,63784921198710,4_GroßeTreppe_Stairs,Cube (1)
5719517391,63784921198727,4_GroßeTreppe_Stairs,Cube (1)
5719525723,63784921198735,4_GroßeTreppe_Stairs,Cube (1)
5719534054,63784921198742,4_GroßeTreppe_Stairs,Cube (1)
5719542386,63784921198752,4_GroßeTreppe_Stairs,Cube (1)
5719550717,63784921198761,4_GroßeTreppe_Stairs,Cube (1)
5719567380,63784921198772,4_GroßeTreppe_StairsBottom,99_Bahnsteig_PF
5719575712,63784921198784,3_Rolltreppe_PF (2),Cube (1)
5719584043,63784921198795,None,None
5719600706,63784921198806,Cube (1),Cube (1)
5719609038,63784921198818,None,None
5719617370,63784921198829,None,Wayfinding_S
5719634033,63784921198841,None,None
5719642364,63784921198851,None,None
5719650696,63784921198862,None,None
5719667359,63784921198874,None,None
5719675690,63784921198885,None,None
5719684022,63784921198896,None,None
5719700685,63784921198907,None,None
5719709016,63784921198919,None,None
5719725679,63784921198930,None,None
5719734011,63784921198941,None,None
5719742342,63784921198952,None,None
5719750674,63784921198962,None,None
5719767337,63784921198973,None,None
5719775669,63784921198985,None,None
5719792332,63784921198996,None,None
5719800663,63784921199007,None,None
5719808995,63784921199018,None,None
5719825658,63784921199030,None,None
5719833989,63784921199040,None,None
5719842321,63784921199052,None,None
5719858984,63784921199063,None,None
5719867315,63784921199075,None,None
5719875647,63784921199085,None,Orientation Highlighting Plane
5719892310,63784921199098,None,None
5719900641,63784921199108,None,None
5719908973,63784921199119,None,Orientation Highlighting Plane
5719925636,63784921199131,None,Orientation Highlighting Plane
5719933968,63784921199142,None,Orientation Highlighting Plane
5719942299,63784921199153,None,Orientation Highlighting Plane
5719958962,63784921199165,None,Orientation Highlighting Plane
5719967294,63784921199176,None,Orientation Highlighting Plane
5719983957,63784921199188,None,Orientation Highlighting Plane
5719992288,63784921199200,None,Orientation Highlighting Plane
5720000620,63784921199211,None,Orientation Highlighting Plane
5720017283,63784921199222,None,None
5720025614,63784921199235,None,None
5720033946,63784921199245,None,None
5720050609,63784921199256,None,None
5720058940,63784921199268,None,None
5720067272,63784921199280,None,None
5720083935,63784921199290,None,None
5720092266,63784921199302,None,None
5720108930,63784921199313,None,None
5720117261,63784921199325,None,None
5720125593,63784921199336,None,None
5720142256,63784921199348,None,None
5720150587,63784921199358,None,None
5720158919,63784921199369,None,None
5720175582,63784921199380,None,None
5720183913,63784921199391,None,None
5720192245,63784921199402,None,None
5720208908,63784921199413,None,None
5720217239,63784921199425,None,None
5720225571,63784921199436,None,None
5720242234,63784921199448,None,None
5720250565,63784921199458,None,None
5720258897,63784921199470,None,None
5720275560,63784921199480,None,None
5720283892,63784921199492,None,None
5720292223,63784921199503,None,None
5720308886,63784921199514,None,None
5720317218,63784921199525,None,None
5720325549,63784921199536,None,None
5720342212,63784921199547,None,None
5720350544,63784921199559,None,None
5720358875,63784921199569,None,None
5720375538,63784921199580,None,None
5720383870,63784921199591,None,None
5720392201,63784921199603,None,None
5720408864,63784921199614,None,None
5720417196,63784921199625,None,None
5720425527,63784921199636,None,None
5720442191,63784921199647,None,None
5720450522,63784921199660,None,None
5720458854,63784921199669,None,None
5720475517,63784921199681,None,None
5720483848,63784921199691,None,None
5720492180,63784921199704,None,None
5720508843,63784921199714,None,None
5720517174,63784921199725,None,None
5720525506,63784921199737,None,None
5720542169,63784921199748,None,None
5720550500,63784921199759,None,None
5720558832,63784921199770,None,None
5720575495,63784921199782,None,None
5720583826,63784921199793,None,None
5720592158,63784921199804,None,None
5720608821,63784921199815,None,None
5720617153,63784921199826,None,Notruf_nach-links
5720633816,63784921199838,None,None
5720642147,63784921199849,None,None
5720650479,63784921199861,None,None
5720667142,63784921199871,None,None
5720675473,63784921199883,None,None
5720683805,63784921199894,None,None
5720700468,63784921199905,None,None
5720708799,63784921199916,None,None
5720717131,63784921199927,None,Notruf_nach-links
5720733794,63784921199939,None,Notruf_nach-links
5720742125,63784921199950,None,Notruf_nach-links
5720750457,63784921199961,None,None
5720767120,63784921199972,Wayfinding_S,Notruf_nach-links
5720775452,63784921199983,None,Notruf_nach-links
5720783783,63784921199994,None,Notruf_nach-links
5720800446,63784921200006,None,None
5720808778,63784921200018,None,None
5720817109,63784921200028,None,None
5720833772,63784921200040,None,None
5720842104,63784921200051,None,None
5720850435,63784921200061,None,None
5720867098,63784921200072,Wayfinding_S,None
5720875430,63784921200084,None,Wayfinding_S
5720892093,63784921200095,None,Wayfinding_S
5720900424,63784921200107,None,Wayfinding_S
5720908756,63784921200118,None,Wayfinding_S
5720908756,63784921200129,None,Wayfinding_S
5720908756,63784921200140,None,Wayfinding_S
5720908756,63784921200151,None,Wayfinding_S
5720908756,63784921200162,None,Wayfinding_S
5720908756,63784921200174,None,Wayfinding_S
5720908756,63784921200185,None,Wayfinding_S
5720908756,63784921200196,None,Wayfinding_S
5720908756,63784921200207,None,Wayfinding_S
5721008734,63784921200218,None,Wayfinding_S
5721025397,63784921200229,None,None
5721033729,63784921200241,None,None
5721042060,63784921200251,None,None
5721058723,63784921200262,None,None
5721067055,63784921200273,None,None
5721075386,63784921200284,None,None
5721092049,63784921200296,None,None
5721100381,63784921200307,None,None
5721108713,63784921200318,None,None
5721125376,63784921200330,None,None
5721133707,63784921200341,None,None
5721142039,63784921200352,None,None
5721158702,63784921200363,None,None
5721167033,63784921200374,None,None
5721175365,63784921200385,None,None
5721192028,63784921200396,None,Wayfinding_S
5721200359,63784921200408,None,None
5721208691,63784921200419,None,None
5721225354,63784921200430,None,None
5721233685,63784921200441,None,None
5721242017,63784921200452,None,None
5721258680,63784921200464,None,None
5721267012,63784921200475,None,None
5721275343,63784921200487,None,None
5721292006,63784921200498,None,None
5721300338,63784921200508,None,None
5721308669,63784921200520,None,None
5721325332,63784921200530,None,None
5721333664,63784921200542,None,None
5721341995,63784921200553,None,None
5721358658,63784921200564,None,None
5721366990,63784921200576,None,None
5721375321,63784921200586,None,None
5721391984,63784921200597,None,None
5721400316,63784921200609,None,None
5721408647,63784921200620,None,None
5721425310,63784921200631,None,None
5721433642,63784921200643,None,None
5721441974,63784921200653,None,None
5721458637,63784921200666,None,None
5721466968,63784921200676,None,None
5721475300,63784921200687,None,None
5721491963,63784921200698,None,None
5721500294,63784921200709,None,None
5721508626,63784921200721,None,None
5721525289,63784921200731,None,None
5721533620,63784921200743,None,None
5721541952,63784921200754,None,None
5721558615,63784921200764,None,None
5721566946,63784921200775,None,None
5721583609,63784921200788,None,None
5721591941,63784921200799,None,None
5721600272,63784921200810,None,None
5721616936,63784921200821,None,None
5721625267,63784921200833,None,Notruf_nach-links
5721633599,63784921200843,None,Wayfinding_S
5721650262,63784921200855,None,None
5721658593,63784921200866,None,None
5721666925,63784921200877,None,None
5721683588,63784921200888,Wayfinding_S,None
5721691919,63784921200900,Wayfinding_S,None
5721700251,63784921200911,Wayfinding_S,None
5721716914,63784921200922,Wayfinding_S,None
5721725245,63784921200933,Wayfinding_S,None
5721733577,63784921200944,Wayfinding_S,None
5721750240,63784921200955,Wayfinding_S,None
5721758571,63784921200966,Wayfinding_S,None
5721766903,63784921200977,Wayfinding_S,None
5721783566,63784921200989,None,None
5721791898,63784921201001,None,None
5721800229,63784921201010,None,None
5721816892,63784921201023,None,None
5721825224,63784921201033,Wayfinding_S,None
5721833555,63784921201045,None,None
5721850218,63784921201055,None,Wayfinding_S
5721858550,63784921201066,None,Wayfinding_S
5721866881,63784921201078,None,Wayfinding_S
5721883544,63784921201089,None,Wayfinding_S
5721891876,63784921201100,None,None
5721900207,63784921201112,None,None
5721916870,63784921201123,None,Wayfinding_S
5721925202,63784921201134,None,None
5721941865,63784921201145,None,None
5721950197,63784921201157,None,Wayfinding_S
5721958528,63784921201167,None,Wayfinding_S
5721975191,63784921201179,None,Wayfinding_S
5721983523,63784921201189,None,None
5721991854,63784921201201,None,None
5722008517,63784921201212,None,None
5722016849,63784921201223,None,Wayfinding_S
5722025180,63784921201234,None,None
5722041843,63784921201245,None,None
5722050175,63784921201257,None,None
5722058506,63784921201268,None,None
5722075169,63784921201279,None,None
5722083501,63784921201290,None,None
5722091832,63784921201301,None,None
5722108496,63784921201312,None,None
5722116827,63784921201324,None,Wayfinding_S
5722125159,63784921201335,None,Wayfinding_S
5722141822,63784921201347,None,Wayfinding_S
5722150153,63784921201357,None,Wayfinding_S
5722158485,63784921201369,None,Wayfinding_S
5722175148,63784921201379,None,None
5722183479,63784921201390,None,Wayfinding_S
5722191811,63784921201402,None,None
5722208474,63784921201413,None,None
5722216805,63784921201425,None,None
5722225137,63784921201436,None,None
5722241800,63784921201447,None,None
5722250131,63784921201458,None,None
5722258463,63784921201469,None,None
5722275126,63784921201480,None,None
5722283458,63784921201491,None,None
5722291789,63784921201502,None,None
5722308452,63784921201514,None,None
5722316784,63784921201525,None,None
5722325115,63784921201536,None,None
5722341778,63784921201547,None,None
5722350110,63784921201559,None,None
5722358441,63784921201570,None,None
5722375104,63784921201582,None,None
5722383436,63784921201592,None,None
5722391767,63784921201603,None,None
5722408430,63784921201614,None,None
5722416762,63784921201625,None,None
5722433425,63784921201637,None,None
5722441757,63784921201648,None,None
5722450088,63784921201659,None,None
5722475083,63784921201683,None,None
5722483414,63784921201689,None,None
5722483414,63784921201695,None,None
5722491746,63784921201700,None,None
5722500077,63784921201709,None,None
5722516740,63784921201722,None,None
5722525072,63784921201732,None,None
5722533403,63784921201743,None,None
5722550066,63784921201755,None,None
5722558398,63784921201766,None,None
5722566729,63784921201777,None,None
5722583392,63784921201788,None,None
5722591724,63784921201799,None,None
5722600056,63784921201810,None,None
5722616719,63784921201821,None,None
5722625050,63784921201833,None,None
5722633382,63784921201844,None,None
5722650045,63784921201855,None,None
5722658376,63784921201867,None,None
5722666708,63784921201877,None,None
5722683371,63784921201889,None,None
5722691702,63784921201899,None,None
5722700034,63784921201911,None,None
5722716697,63784921201922,None,None
5722725028,63784921201933,None,None
5722733360,63784921201944,None,None
5722750023,63784921201956,None,None
5722758354,63784921201967,None,None
5722766686,63784921201978,None,None
5722783349,63784921201989,None,None
5722791681,63784921202000,None,None
5722800012,63784921202011,None,None
5722816675,63784921202023,None,None
5722825007,63784921202033,None,None
5722833338,63784921202045,None,None
5722850001,63784921202056,None,None
5722858333,63784921202067,None,None
5722866664,63784921202078,None,None
5722883327,63784921202090,None,None
5722891659,63784921202101,None,None
5722908322,63784921202112,None,None
5722908322,63784921202124,None,None
5722908322,63784921202135,None,None
5722908322,63784921202147,None,None
5722908322,63784921202158,None,None
5722908322,63784921202170,None,None
5722908322,63784921202181,None,None
5722908322,63784921202192,None,None
5722908322,63784921202204,None,None
5723008300,63784921202215,99_Bahnsteig_PF,99_Bahnsteig_PF
5723016632,63784921202227,99_Bahnsteig_PF,99_Bahnsteig_PF
5723033295,63784921202239,99_Bahnsteig_PF,99_Bahnsteig_PF
5723041626,63784921202249,99_Bahnsteig_PF,99_Bahnsteig_PF
5723049958,63784921202261,99_Bahnsteig_PF,99_Bahnsteig_PF
5723066621,63784921202272,99_Bahnsteig_PF,99_Bahnsteig_PF
5723074952,63784921202284,99_Bahnsteig_PF,99_Bahnsteig_PF
5723091615,63784921202296,99_Bahnsteig_PF,99_Bahnsteig_PF
5723099947,63784921202307,99_Bahnsteig_PF,99_Bahnsteig_PF
5723108279,63784921202318,99_Bahnsteig_PF,99_Bahnsteig_PF
5723124942,63784921202329,99_Bahnsteig_PF,99_Bahnsteig_PF
5723133273,63784921202340,99_Bahnsteig_PF,99_Bahnsteig_PF
5723141605,63784921202351,99_Bahnsteig_PF,99_Bahnsteig_PF
5723158268,63784921202363,99_Bahnsteig_PF,99_Bahnsteig_PF
5723166599,63784921202374,99_Bahnsteig_PF,99_Bahnsteig_PF
5723174931,63784921202385,99_Bahnsteig_PF,99_Bahnsteig_PF
5723191594,63784921202397,99_Bahnsteig_PF,99_Bahnsteig_PF
5723199925,63784921202408,99_Bahnsteig_PF,99_Bahnsteig_PF
5723208257,63784921202419,99_Bahnsteig_PF,99_Bahnsteig_PF
5723224920,63784921202429,99_Bahnsteig_PF,99_Bahnsteig_PF
5723233251,63784921202441,99_Bahnsteig_PF,99_Bahnsteig_PF
5723241583,63784921202452,99_Bahnsteig_PF,99_Bahnsteig_PF
5723258246,63784921202463,99_Bahnsteig_PF,99_Bahnsteig_PF
5723266578,63784921202474,99_Bahnsteig_PF,99_Bahnsteig_PF
5723274909,63784921202485,99_Bahnsteig_PF,99_Bahnsteig_PF
5723291572,63784921202497,99_Bahnsteig_PF,99_Bahnsteig_PF
5723299904,63784921202508,99_Bahnsteig_PF,99_Bahnsteig_PF
5723308235,63784921202519,99_Bahnsteig_PF,99_Bahnsteig_PF
5723324898,63784921202530,99_Bahnsteig_PF,99_Bahnsteig_PF
5723333230,63784921202542,99_Bahnsteig_PF,99_Bahnsteig_PF
5723341561,63784921202553,99_Bahnsteig_PF,99_Bahnsteig_PF
5723358224,63784921202564,99_Bahnsteig_PF,99_Bahnsteig_PF
5723366556,63784921202574,99_Bahnsteig_PF,99_Bahnsteig_PF
5723374887,63784921202586,99_Bahnsteig_PF,99_Bahnsteig_PF
5723391550,63784921202597,99_Bahnsteig_PF,99_Bahnsteig_PF
5723399882,63784921202608,99_Bahnsteig_PF,99_Bahnsteig_PF
5723408213,63784921202619,99_Bahnsteig_PF,99_Bahnsteig_PF
5723424876,63784921202631,99_Bahnsteig_PF,99_Bahnsteig_PF
5723433208,63784921202642,99_Bahnsteig_PF,99_Bahnsteig_PF
5723441540,63784921202653,99_Bahnsteig_PF,99_Bahnsteig_PF
5723458203,63784921202664,99_Bahnsteig_PF,99_Bahnsteig_PF
5723466534,63784921202678,99_Bahnsteig_PF,99_Bahnsteig_PF
5723474866,63784921202686,99_Bahnsteig_PF,99_Bahnsteig_PF
5723491529,63784921202697,99_Bahnsteig_PF,99_Bahnsteig_PF
5723499860,63784921202709,99_Bahnsteig_PF,99_Bahnsteig_PF
5723516523,63784921202720,99_Bahnsteig_PF,None
5723524855,63784921202731,99_Bahnsteig_PF,99_Bahnsteig_PF
5723533186,63784921202742,99_Bahnsteig_PF,None
5723549849,63784921202754,99_Bahnsteig_PF,99_Bahnsteig_PF
5723558181,63784921202765,99_Bahnsteig_PF,None
5723566512,63784921202776,99_Bahnsteig_PF,99_Bahnsteig_PF
5723583175,63784921202787,99_Bahnsteig_PF,99_Bahnsteig_PF
5723591507,63784921202798,99_Bahnsteig_PF,None
5723599838,63784921202809,99_Bahnsteig_PF,99_Bahnsteig_PF
5723616502,63784921202821,99_Bahnsteig_PF,None
5723624833,63784921202832,99_Bahnsteig_PF,99_Bahnsteig_PF
5723633165,63784921202843,99_Bahnsteig_PF,99_Bahnsteig_PF
5723649828,63784921202854,99_Bahnsteig_PF,99_Bahnsteig_PF
5723658159,63784921202865,99_Bahnsteig_PF,None
5723666491,63784921202876,99_Bahnsteig_PF,99_Bahnsteig_PF
5723683154,63784921202887,99_Bahnsteig_PF,99_Bahnsteig_PF
5723691485,63784921202898,99_Bahnsteig_PF,99_Bahnsteig_PF
5723699817,63784921202910,99_Bahnsteig_PF,99_Bahnsteig_PF
5723716480,63784921202921,99_Bahnsteig_PF,99_Bahnsteig_PF
5723724811,63784921202932,99_Bahnsteig_PF,99_Bahnsteig_PF
5723733143,63784921202943,99_Bahnsteig_PF,99_Bahnsteig_PF
5723749806,63784921202955,99_Bahnsteig_PF,99_Bahnsteig_PF
5723758137,63784921202966,99_Bahnsteig_PF,99_Bahnsteig_PF
5723766469,63784921202977,99_Bahnsteig_PF,99_Bahnsteig_PF
5723783132,63784921202988,99_Bahnsteig_PF,99_Bahnsteig_PF
5723791464,63784921202999,99_Bahnsteig_PF,99_Bahnsteig_PF
5723799795,63784921203011,99_Bahnsteig_PF,99_Bahnsteig_PF
5723816458,63784921203022,99_Bahnsteig_PF,99_Bahnsteig_PF
5723824790,63784921203033,99_Bahnsteig_PF,99_Bahnsteig_PF
5723833121,63784921203044,99_Bahnsteig_PF,99_Bahnsteig_PF
5723849784,63784921203055,99_Bahnsteig_PF,99_Bahnsteig_PF
5723858116,63784921203066,99_Bahnsteig_PF,99_Bahnsteig_PF
5723866447,63784921203078,99_Bahnsteig_PF,99_Bahnsteig_PF
5723883110,63784921203088,99_Bahnsteig_PF,99_Bahnsteig_PF
5723891442,63784921203099,99_Bahnsteig_PF,99_Bahnsteig_PF
5723899773,63784921203111,99_Bahnsteig_PF,99_Bahnsteig_PF
5723916436,63784921203123,99_Bahnsteig_PF,99_Bahnsteig_PF
5723924768,63784921203134,99_Bahnsteig_PF,99_Bahnsteig_PF
5723933100,63784921203144,99_Bahnsteig_PF,99_Bahnsteig_PF
5723949763,63784921203156,99_Bahnsteig_PF,99_Bahnsteig_PF
5723958094,63784921203167,99_Bahnsteig_PF,99_Bahnsteig_PF
5723966426,63784921203178,99_Bahnsteig_PF,99_Bahnsteig_PF
5723983089,63784921203190,99_Bahnsteig_PF,99_Bahnsteig_PF
5723991420,63784921203200,99_Bahnsteig_PF,99_Bahnsteig_PF
5724008083,63784921203212,99_Bahnsteig_PF,99_Bahnsteig_PF
5724016415,63784921203223,99_Bahnsteig_PF,99_Bahnsteig_PF
5724024746,63784921203234,99_Bahnsteig_PF,None
5724033078,63784921203245,99_Bahnsteig_PF,None
5724049741,63784921203256,99_Bahnsteig_PF,None
5724058072,63784921203268,99_Bahnsteig_PF,None
5724074735,63784921203279,99_Bahnsteig_PF,None
5724083067,63784921203289,99_Bahnsteig_PF,None
5724091398,63784921203301,99_Bahnsteig_PF,None
5724108062,63784921203312,99_Bahnsteig_PF,None
5724116393,63784921203323,99_Bahnsteig_PF,None
5724124725,63784921203334,99_Bahnsteig_PF,None
5724141388,63784921203345,99_Bahnsteig_PF,None
5724149719,63784921203356,99_Bahnsteig_PF,None
5724158051,63784921203368,99_Bahnsteig_PF,None
5724174714,63784921203380,99_Bahnsteig_PF,None
5724183045,63784921203391,99_Bahnsteig_PF,None
5724191377,63784921203402,99_Bahnsteig_PF,None
5724208040,63784921203413,99_Bahnsteig_PF,None
5724216371,63784921203424,99_Bahnsteig_PF,None
5724224703,63784921203435,99_Bahnsteig_PF,None
5724241366,63784921203446,99_Bahnsteig_PF,None
5724249697,63784921203458,99_Bahnsteig_PF,None
5724258029,63784921203468,99_Bahnsteig_PF,99_Bahnsteig_PF
5724274692,63784921203480,99_Bahnsteig_PF,99_Bahnsteig_PF
5724283024,63784921203491,99_Bahnsteig_PF,99_Bahnsteig_PF
5724291355,63784921203502,99_Bahnsteig_PF,99_Bahnsteig_PF
5724308018,63784921203513,99_Bahnsteig_PF,99_Bahnsteig_PF
5724316350,63784921203525,99_Bahnsteig_PF,99_Bahnsteig_PF
5724324681,63784921203536,99_Bahnsteig_PF,99_Bahnsteig_PF
5724341344,63784921203547,99_Bahnsteig_PF,99_Bahnsteig_PF
5724349676,63784921203557,99_Bahnsteig_PF,99_Bahnsteig_PF
5724358007,63784921203569,99_Bahnsteig_PF,99_Bahnsteig_PF
5724374670,63784921203580,99_Bahnsteig_PF,99_Bahnsteig_PF
5724383002,63784921203591,99_Bahnsteig_PF,99_Bahnsteig_PF
5724391333,63784921203603,99_Bahnsteig_PF,None
5724407996,63784921203614,99_Bahnsteig_PF,99_Bahnsteig_PF
5724416328,63784921203625,99_Bahnsteig_PF,99_Bahnsteig_PF
5724424659,63784921203636,99_Bahnsteig_PF,99_Bahnsteig_PF
5724441323,63784921203647,99_Bahnsteig_PF,99_Bahnsteig_PF
5724449654,63784921203659,99_Bahnsteig_PF,99_Bahnsteig_PF
5724457986,63784921203669,99_Bahnsteig_PF,99_Bahnsteig_PF
5724474649,63784921203684,99_Bahnsteig_PF,99_Bahnsteig_PF
5724482980,63784921203692,99_Bahnsteig_PF,99_Bahnsteig_PF
5724499643,63784921203703,99_Bahnsteig_PF,99_Bahnsteig_PF
5724507975,63784921203714,99_Bahnsteig_PF,99_Bahnsteig_PF
5724516306,63784921203726,99_Bahnsteig_PF,99_Bahnsteig_PF
5724532969,63784921203736,None,None
5724541301,63784921203747,99_Bahnsteig_PF,99_Bahnsteig_PF
5724549632,63784921203758,99_Bahnsteig_PF,99_Bahnsteig_PF
5724566295,63784921203770,99_Bahnsteig_PF,99_Bahnsteig_PF
5724574627,63784921203781,99_Bahnsteig_PF,99_Bahnsteig_PF
5724582958,63784921203792,99_Bahnsteig_PF,99_Bahnsteig_PF
5724599622,63784921203803,99_Bahnsteig_PF,99_Bahnsteig_PF
5724607953,63784921203815,99_Bahnsteig_PF,99_Bahnsteig_PF
5724616285,63784921203826,99_Bahnsteig_PF,99_Bahnsteig_PF
5724632948,63784921203837,99_Bahnsteig_PF,99_Bahnsteig_PF
5724641279,63784921203848,99_Bahnsteig_PF,99_Bahnsteig_PF
5724649611,63784921203859,99_Bahnsteig_PF,99_Bahnsteig_PF
5724666274,63784921203870,99_Bahnsteig_PF,99_Bahnsteig_PF
5724674605,63784921203882,99_Bahnsteig_PF,99_Bahnsteig_PF
5724682937,63784921203893,99_Bahnsteig_PF,99_Bahnsteig_PF
5724699600,63784921203904,99_Bahnsteig_PF,99_Bahnsteig_PF
5724707931,63784921203915,99_Bahnsteig_PF,99_Bahnsteig_PF
5724716263,63784921203926,99_Bahnsteig_PF,99_Bahnsteig_PF
5724732926,63784921203938,99_Bahnsteig_PF,99_Bahnsteig_PF
5724741257,63784921203949,99_Bahnsteig_PF,99_Bahnsteig_PF
5724749589,63784921203960,99_Bahnsteig_PF,99_Bahnsteig_PF
5724766252,63784921203971,99_Bahnsteig_PF,99_Bahnsteig_PF
5724774584,63784921203982,99_Bahnsteig_PF,99_Bahnsteig_PF
5724782915,63784921203993,99_Bahnsteig_PF,99_Bahnsteig_PF
5724799578,63784921204004,99_Bahnsteig_PF,99_Bahnsteig_PF
5724807910,63784921204015,99_Bahnsteig_PF,99_Bahnsteig_PF
5724816241,63784921204027,99_Bahnsteig_PF,99_Bahnsteig_PF
5724832904,63784921204038,99_Bahnsteig_PF,99_Bahnsteig_PF
5724841236,63784921204049,99_Bahnsteig_PF,99_Bahnsteig_PF
5724849567,63784921204060,99_Bahnsteig_PF,99_Bahnsteig_PF
5724866230,63784921204072,99_Bahnsteig_PF,99_Bahnsteig_PF
5724874562,63784921204083,99_Bahnsteig_PF,99_Bahnsteig_PF
5724882893,63784921204094,99_Bahnsteig_PF,99_Bahnsteig_PF
5724899556,63784921204105,99_Bahnsteig_PF,99_Bahnsteig_PF
5724907888,63784921204116,99_Bahnsteig_PF,99_Bahnsteig_PF
5724907888,63784921204127,99_Bahnsteig_PF,99_Bahnsteig_PF
5724907888,63784921204138,99_Bahnsteig_PF,99_Bahnsteig_PF
5724907888,63784921204154,99_Bahnsteig_PF,99_Bahnsteig_PF
5724907888,63784921204161,99_Bahnsteig_PF,99_Bahnsteig_PF
5724907888,63784921204168,99_Bahnsteig_PF,99_Bahnsteig_PF
5724907888,63784921204180,99_Bahnsteig_PF,99_Bahnsteig_PF
5724907888,63784921204191,99_Bahnsteig_PF,99_Bahnsteig_PF
5724907888,63784921204202,99_Bahnsteig_PF,99_Bahnsteig_PF
5724907888,63784921204213,99_Bahnsteig_PF,99_Bahnsteig_PF
5725016198,63784921204224,99_Bahnsteig_PF,99_Bahnsteig_PF
5725032861,63784921204236,99_Bahnsteig_PF,99_Bahnsteig_PF
5725041192,63784921204247,99_Bahnsteig_PF,99_Bahnsteig_PF
5725049524,63784921204258,99_Bahnsteig_PF,99_Bahnsteig_PF
5725057855,63784921204269,99_Bahnsteig_PF,99_Bahnsteig_PF
5725074518,63784921204280,99_Bahnsteig_PF,99_Bahnsteig_PF
5725082850,63784921204292,99_Bahnsteig_PF,99_Bahnsteig_PF
5725091181,63784921204303,99_Bahnsteig_PF,99_Bahnsteig_PF
5725107845,63784921204314,99_Bahnsteig_PF,99_Bahnsteig_PF
5725116176,63784921204326,99_Bahnsteig_PF,99_Bahnsteig_PF
5725132839,63784921204336,99_Bahnsteig_PF,99_Bahnsteig_PF
5725141171,63784921204348,99_Bahnsteig_PF,99_Bahnsteig_PF
5725149502,63784921204359,99_Bahnsteig_PF,99_Bahnsteig_PF
5725166165,63784921204370,99_Bahnsteig_PF,99_Bahnsteig_PF
5725174497,63784921204381,99_Bahnsteig_PF,99_Bahnsteig_PF
5725182828,63784921204393,99_Bahnsteig_PF,99_Bahnsteig_PF
5725199491,63784921204404,99_Bahnsteig_PF,None
5725207823,63784921204414,None,None
5725216154,63784921204426,None,None
5725232817,63784921204436,None,None
5725241149,63784921204448,None,None
5725249480,63784921204459,None,None
5725266144,63784921204470,None,None
5725274475,63784921204481,None,None
5725291138,63784921204493,None,None
5725299470,63784921204503,None,None
5725307801,63784921204515,None,None
5725324464,63784921204526,None,None
5725332796,63784921204538,None,None
5725341127,63784921204549,None,None
5725357790,63784921204561,None,None
5725366122,63784921204572,None,None
5725374453,63784921204583,None,None
5725391116,63784921204595,None,None
5725399448,63784921204606,None,None
5725407779,63784921204617,None,None
5725424442,63784921204629,None,None
5725432774,63784921204641,None,None
5725441106,63784921204651,None,None
5725457769,63784921204663,None,None
5725466100,63784921204674,None,None
5725482763,63784921204688,None,None
5725491095,63784921204696,None,None
5725499426,63784921204709,None,None
5725507758,63784921204719,None,None
5725524421,63784921204730,None,None
5725532752,63784921204741,None,None
5725541084,63784921204753,None,None
5725557747,63784921204764,None,None
5725566078,63784921204775,None,None
5725574410,63784921204786,None,None
5725591073,63784921204797,None,None
5725599404,63784921204808,None,None
5725616068,63784921204820,None,None
5725624399,63784921204831,None,None
5725632731,63784921204842,None,None
5725649394,63784921204853,None,None
5725657725,63784921204865,None,None
5725666057,63784921204875,None,None
5725682720,63784921204886,None,None
5725691051,63784921204898,None,None
5725699383,63784921204909,None,None
5725716046,63784921204920,None,None
5725724377,63784921204931,None,None
5725732709,63784921204942,None,None
5725749372,63784921204954,None,None
5725757703,63784921204965,None,None
5725766035,63784921204977,None,None
5725782698,63784921204988,None,None
5725791030,63784921204999,None,None
5725799361,63784921205010,None,None
5725816024,63784921205022,None,None
5725824356,63784921205032,None,None
5725841019,63784921205044,None,None
5725849350,63784921205055,None,None
5725857682,63784921205067,None,None
5725874345,63784921205076,None,None
5725882676,63784921205088,None,None
5725891008,63784921205100,None,None
5725907671,63784921205111,None,None
5725916002,63784921205121,None,None
5725924334,63784921205133,None,None
5725940997,63784921205144,None,None
5725949329,63784921205155,None,None
5725957660,63784921205166,None,None
5725974323,63784921205178,None,None
5725982655,63784921205188,None,None
5725990986,63784921205199,None,None
5726007649,63784921205211,None,None
5726015981,63784921205222,None,None
5726024312,63784921205233,None,None
5726040975,63784921205245,None,None
5726049307,63784921205255,None,None
5726057638,63784921205266,None,None
5726074301,63784921205278,None,None
5726082633,63784921205289,None,None
5726090964,63784921205300,None,None
5726107628,63784921205312,None,None
5726115959,63784921205322,None,None
5726124291,63784921205334,None,None
5726140954,63784921205345,None,None
5726149285,63784921205356,None,None
5726157617,63784921205367,None,None
5726174280,63784921205378,None,None
5726182611,63784921205389,None,None
5726190943,63784921205400,None,None
5726207606,63784921205412,None,None
5726215937,63784921205423,None,None
5726224269,63784921205434,None,None
5726240932,63784921205446,None,None
5726249263,63784921205457,None,None
5726257595,63784921205467,None,None
5726274258,63784921205480,None,None
5726282590,63784921205490,None,None
5726290921,63784921205502,None,None
5726307584,63784921205513,None,None
5726315916,63784921205524,None,None
5726324247,63784921205534,None,None
5726340910,63784921205546,None,None
5726349242,63784921205556,None,None
5726357573,63784921205568,None,None
5726374236,63784921205579,None,None
5726382568,63784921205591,None,None
5726390899,63784921205602,None,None
5726407562,63784921205612,None,None
5726415894,63784921205624,99_Bahnsteig_PF,99_Bahnsteig_PF
5726424225,63784921205635,99_Bahnsteig_PF,99_Bahnsteig_PF
5726440889,63784921205647,99_Bahnsteig_PF,99_Bahnsteig_PF
5726449220,63784921205658,99_Bahnsteig_PF,99_Bahnsteig_PF
5726465883,63784921205669,99_Bahnsteig_PF,99_Bahnsteig_PF
5726474215,63784921205680,99_Bahnsteig_PF,99_Bahnsteig_PF
5726482546,63784921205691,99_Bahnsteig_PF,99_Bahnsteig_PF
5726499209,63784921205702,99_Bahnsteig_PF,99_Bahnsteig_PF
5726507541,63784921205713,99_Bahnsteig_PF,99_Bahnsteig_PF
5726515872,63784921205725,99_Bahnsteig_PF,99_Bahnsteig_PF
5726540867,63784921205747,99_Bahnsteig_PF,99_Bahnsteig_PF
5726549198,63784921205758,99_Bahnsteig_PF,99_Bahnsteig_PF
5726565861,63784921205770,99_Bahnsteig_PF,99_Bahnsteig_PF
5726574193,63784921205781,99_Bahnsteig_PF,99_Bahnsteig_PF
5726582524,63784921205791,99_Bahnsteig_PF,99_Bahnsteig_PF
5726599188,63784921205803,99_Bahnsteig_PF,99_Bahnsteig_PF
5726607519,63784921205814,99_Bahnsteig_PF,99_Bahnsteig_PF
5726624182,63784921205828,99_Bahnsteig_PF,99_Bahnsteig_PF
5726632514,63784921205837,99_Bahnsteig_PF,99_Bahnsteig_PF
5726640845,63784921205848,99_Bahnsteig_PF,99_Bahnsteig_PF
5726649177,63784921205859,99_Bahnsteig_PF,99_Bahnsteig_PF
5726665840,63784921205870,99_Bahnsteig_PF,99_Bahnsteig_PF
5726674171,63784921205881,99_Bahnsteig_PF,99_Bahnsteig_PF
5726682503,63784921205892,99_Bahnsteig_PF,99_Bahnsteig_PF
5726699166,63784921205903,99_Bahnsteig_PF,99_Bahnsteig_PF
5726707497,63784921205914,99_Bahnsteig_PF,99_Bahnsteig_PF
5726715829,63784921205926,99_Bahnsteig_PF,99_Bahnsteig_PF
5726732492,63784921205937,99_Bahnsteig_PF,99_Bahnsteig_PF
5726740823,63784921205948,99_Bahnsteig_PF,99_Bahnsteig_PF
5726749155,63784921205959,99_Bahnsteig_PF,99_Bahnsteig_PF
5726765818,63784921205970,99_Bahnsteig_PF,99_Bahnsteig_PF
5726774150,63784921205981,99_Bahnsteig_PF,99_Bahnsteig_PF
5726782481,63784921205992,99_Bahnsteig_PF,99_Bahnsteig_PF
5726799144,63784921206004,99_Bahnsteig_PF,99_Bahnsteig_PF
5726807476,63784921206015,99_Bahnsteig_PF,99_Bahnsteig_PF
5726815807,63784921206027,99_Bahnsteig_PF,99_Bahnsteig_PF
5726832470,63784921206037,99_Bahnsteig_PF,99_Bahnsteig_PF
5726840802,63784921206049,99_Bahnsteig_PF,99_Bahnsteig_PF
5726849133,63784921206060,99_Bahnsteig_PF,99_Bahnsteig_PF
5726865796,63784921206071,99_Bahnsteig_PF,99_Bahnsteig_PF
5726874128,63784921206082,99_Bahnsteig_PF,99_Bahnsteig_PF
5726882459,63784921206093,99_Bahnsteig_PF,99_Bahnsteig_PF
5726899122,63784921206104,99_Bahnsteig_PF,99_Bahnsteig_PF
5726907454,63784921206116,99_Bahnsteig_PF,99_Bahnsteig_PF
5726907454,63784921206127,99_Bahnsteig_PF,99_Bahnsteig_PF
5726907454,63784921206138,99_Bahnsteig_PF,99_Bahnsteig_PF
5726907454,63784921206149,99_Bahnsteig_PF,99_Bahnsteig_PF
5726907454,63784921206161,99_Bahnsteig_PF,99_Bahnsteig_PF
5726907454,63784921206172,99_Bahnsteig_PF,99_Bahnsteig_PF
5726907454,63784921206182,99_Bahnsteig_PF,99_Bahnsteig_PF
5726907454,63784921206193,99_Bahnsteig_PF,99_Bahnsteig_PF
5726907454,63784921206205,99_Bahnsteig_PF,99_Bahnsteig_PF
5727007432,63784921206216,99_Bahnsteig_PF,99_Bahnsteig_PF
5727024095,63784921206228,99_Bahnsteig_PF,99_Bahnsteig_PF
5727032427,63784921206239,99_Bahnsteig_PF,99_Bahnsteig_PF
5727040758,63784921206250,99_Bahnsteig_PF,99_Bahnsteig_PF
5727057421,63784921206262,99_Bahnsteig_PF,99_Bahnsteig_PF
5727065753,63784921206272,99_Bahnsteig_PF,99_Bahnsteig_PF
5727074084,63784921206284,99_Bahnsteig_PF,99_Bahnsteig_PF
5727082416,63784921206294,99_Bahnsteig_PF,99_Bahnsteig_PF
5727099079,63784921206306,99_Bahnsteig_PF,99_Bahnsteig_PF
5727107411,63784921206316,99_Bahnsteig_PF,99_Bahnsteig_PF
5727124074,63784921206328,99_Bahnsteig_PF,99_Bahnsteig_PF
5727132405,63784921206339,99_Bahnsteig_PF,99_Bahnsteig_PF
5727140737,63784921206351,99_Bahnsteig_PF,99_Bahnsteig_PF
5727157400,63784921206361,99_Bahnsteig_PF,99_Bahnsteig_PF
5727165731,63784921206373,99_Bahnsteig_PF,99_Bahnsteig_PF
5727174063,63784921206384,99_Bahnsteig_PF,99_Bahnsteig_PF
5727190726,63784921206396,99_Bahnsteig_PF,99_Bahnsteig_PF
5727199057,63784921206406,99_Bahnsteig_PF,99_Bahnsteig_PF
5727207389,63784921206417,99_Bahnsteig_PF,99_Bahnsteig_PF
5727224052,63784921206431,99_Bahnsteig_PF,99_Bahnsteig_PF
5727232383,63784921206440,99_Bahnsteig_PF,99_Bahnsteig_PF
5727240715,63784921206451,99_Bahnsteig_PF,99_Bahnsteig_PF
5727257378,63784921206462,99_Bahnsteig_PF,99_Bahnsteig_PF
5727265710,63784921206473,99_Bahnsteig_PF,99_Bahnsteig_PF
5727274041,63784921206484,99_Bahnsteig_PF,99_Bahnsteig_PF
5727290704,63784921206495,99_Bahnsteig_PF,99_Bahnsteig_PF
5727299036,63784921206506,99_Bahnsteig_PF,99_Bahnsteig_PF
5727307367,63784921206518,99_Bahnsteig_PF,99_Bahnsteig_PF
5727324030,63784921206529,99_Bahnsteig_PF,99_Bahnsteig_PF
5727332362,63784921206539,99_Bahnsteig_PF,99_Bahnsteig_PF
5727340693,63784921206551,99_Bahnsteig_PF,99_Bahnsteig_PF
5727357356,63784921206562,99_Bahnsteig_PF,99_Bahnsteig_PF
5727365688,63784921206573,99_Bahnsteig_PF,99_Bahnsteig_PF
5727374019,63784921206585,99_Bahnsteig_PF,99_Bahnsteig_PF
5727390682,63784921206595,99_Bahnsteig_PF,99_Bahnsteig_PF
5727399014,63784921206607,99_Bahnsteig_PF,99_Bahnsteig_PF
5727407345,63784921206618,99_Bahnsteig_PF,99_Bahnsteig_PF
5727424008,63784921206629,99_Bahnsteig_PF,99_Bahnsteig_PF
5727432340,63784921206640,99_Bahnsteig_PF,99_Bahnsteig_PF
5727440672,63784921206652,99_Bahnsteig_PF,99_Bahnsteig_PF
5727457335,63784921206663,99_Bahnsteig_PF,99_Bahnsteig_PF
5727465666,63784921206674,99_Bahnsteig_PF,99_Bahnsteig_PF
5727473998,63784921206685,99_Bahnsteig_PF,99_Bahnsteig_PF
5727490661,63784921206697,99_Bahnsteig_PF,99_Bahnsteig_PF
5727498992,63784921206707,99_Bahnsteig_PF,99_Bahnsteig_PF
5727507324,63784921206719,99_Bahnsteig_PF,99_Bahnsteig_PF
5727523987,63784921206730,99_Bahnsteig_PF,99_Bahnsteig_PF
5727532318,63784921206741,99_Bahnsteig_PF,99_Bahnsteig_PF
5727540650,63784921206752,99_Bahnsteig_PF,99_Bahnsteig_PF
5727557313,63784921206764,99_Bahnsteig_PF,99_Bahnsteig_PF
5727565644,63784921206774,99_Bahnsteig_PF,99_Bahnsteig_PF
5727573976,63784921206786,None,None
5727590639,63784921206797,99_Bahnsteig_PF,99_Bahnsteig_PF
5727598970,63784921206808,99_Bahnsteig_PF,99_Bahnsteig_PF
5727615634,63784921206819,99_Bahnsteig_PF,99_Bahnsteig_PF
5727623965,63784921206831,99_Bahnsteig_PF,99_Bahnsteig_PF
5727632297,63784921206842,99_Bahnsteig_PF,99_Bahnsteig_PF
5727648960,63784921206853,99_Bahnsteig_PF,99_Bahnsteig_PF
5727657291,63784921206864,99_Bahnsteig_PF,99_Bahnsteig_PF
5727665623,63784921206875,99_Bahnsteig_PF,99_Bahnsteig_PF
5727682286,63784921206886,99_Bahnsteig_PF,99_Bahnsteig_PF
5727690617,63784921206898,99_Bahnsteig_PF,99_Bahnsteig_PF
5727698949,63784921206908,99_Bahnsteig_PF,99_Bahnsteig_PF
5727715612,63784921206920,99_Bahnsteig_PF,99_Bahnsteig_PF
5727723943,63784921206931,99_Bahnsteig_PF,99_Bahnsteig_PF
5727732275,63784921206943,99_Bahnsteig_PF,99_Bahnsteig_PF
5727748938,63784921206953,99_Bahnsteig_PF,99_Bahnsteig_PF
5727757269,63784921206965,99_Bahnsteig_PF,99_Bahnsteig_PF
5727765601,63784921206976,99_Bahnsteig_PF,99_Bahnsteig_PF
5727782264,63784921206987,99_Bahnsteig_PF,99_Bahnsteig_PF
5727790596,63784921206998,99_Bahnsteig_PF,99_Bahnsteig_PF
5727798927,63784921207009,99_Bahnsteig_PF,99_Bahnsteig_PF
5727815590,63784921207020,99_Bahnsteig_PF,99_Bahnsteig_PF
5727823922,63784921207032,99_Bahnsteig_PF,99_Bahnsteig_PF
5727832253,63784921207042,99_Bahnsteig_PF,99_Bahnsteig_PF
5727848916,63784921207054,99_Bahnsteig_PF,99_Bahnsteig_PF
5727857248,63784921207065,99_Bahnsteig_PF,99_Bahnsteig_PF
5727865579,63784921207076,99_Bahnsteig_PF,99_Bahnsteig_PF
5727882242,63784921207087,99_Bahnsteig_PF,99_Bahnsteig_PF
5727890574,63784921207099,99_Bahnsteig_PF,99_Bahnsteig_PF
5727898905,63784921207109,99_Bahnsteig_PF,99_Bahnsteig_PF
5727915568,63784921207126,99_Bahnsteig_PF,99_Bahnsteig_PF
5727923900,63784921207132,99_Bahnsteig_PF,99_Bahnsteig_PF
5727932232,63784921207139,99_Bahnsteig_PF,99_Bahnsteig_PF
5727940563,63784921207150,99_Bahnsteig_PF,99_Bahnsteig_PF
5727957226,63784921207161,99_Bahnsteig_PF,99_Bahnsteig_PF
5727965558,63784921207172,99_Bahnsteig_PF,99_Bahnsteig_PF
5727973889,63784921207184,99_Bahnsteig_PF,99_Bahnsteig_PF
5727990552,63784921207195,99_Bahnsteig_PF,99_Bahnsteig_PF
5727998884,63784921207206,99_Bahnsteig_PF,99_Bahnsteig_PF
5728007215,63784921207217,99_Bahnsteig_PF,99_Bahnsteig_PF
5728023878,63784921207228,99_Bahnsteig_PF,99_Bahnsteig_PF
5728032210,63784921207240,99_Bahnsteig_PF,99_Bahnsteig_PF
5728040541,63784921207250,99_Bahnsteig_PF,99_Bahnsteig_PF
5728057204,63784921207262,99_Bahnsteig_PF,99_Bahnsteig_PF
5728065536,63784921207273,99_Bahnsteig_PF,99_Bahnsteig_PF
5728073867,63784921207284,99_Bahnsteig_PF,99_Bahnsteig_PF
5728090530,63784921207295,99_Bahnsteig_PF,99_Bahnsteig_PF
5728098862,63784921207306,99_Bahnsteig_PF,99_Bahnsteig_PF
5728107194,63784921207318,99_Bahnsteig_PF,99_Bahnsteig_PF
5728123857,63784921207328,99_Bahnsteig_PF,99_Bahnsteig_PF
5728132188,63784921207340,99_Bahnsteig_PF,99_Bahnsteig_PF
5728140520,63784921207351,99_Bahnsteig_PF,99_Bahnsteig_PF
5728157183,63784921207362,99_Bahnsteig_PF,99_Bahnsteig_PF
5728165514,63784921207373,99_Bahnsteig_PF,99_Bahnsteig_PF
5728173846,63784921207385,99_Bahnsteig_PF,99_Bahnsteig_PF
5728190509,63784921207396,99_Bahnsteig_PF,99_Bahnsteig_PF
5728198840,63784921207407,99_Bahnsteig_PF,99_Bahnsteig_PF
5728207172,63784921207418,99_Bahnsteig_PF,99_Bahnsteig_PF
5728223835,63784921207430,99_Bahnsteig_PF,99_Bahnsteig_PF
5728232166,63784921207440,None,None
5728240498,63784921207451,None,None
5728257161,63784921207462,None,None
5728265492,63784921207474,None,None
5728273824,63784921207485,None,None
5728290487,63784921207496,None,None
5728298819,63784921207508,None,None
5728315482,63784921207519,None,None
5728323813,63784921207531,None,None
5728332145,63784921207542,None,None
5728348808,63784921207553,None,None
5728357139,63784921207565,None,None
5728365471,63784921207576,None,None
5728382134,63784921207588,None,None
5728390465,63784921207599,None,None
5728398797,63784921207611,None,None
5728415460,63784921207622,None,None
5728423791,63784921207634,None,None
5728440455,63784921207645,None,None
5728448786,63784921207656,None,None
5728457118,63784921207668,None,None
5728473781,63784921207679,None,None
5728482112,63784921207690,None,None
5728498775,63784921207703,None,None
5728507107,63784921207712,None,None
5728515438,63784921207724,None,None
5728523770,63784921207736,None,None
5728540433,63784921207746,None,None
5728548764,63784921207758,None,None
5728557096,63784921207769,None,None
5728573759,63784921207779,None,None
5728582090,63784921207791,None,None
5728590422,63784921207802,None,None
5728607085,63784921207815,None,None
5728615417,63784921207824,None,None
5728632080,63784921207836,None,None
5728640411,63784921207847,None,None
5728648743,63784921207858,None,None
5728665406,63784921207870,None,None
5728673737,63784921207881,None,None
5728682069,63784921207891,None,None
5728698732,63784921207903,None,None
5728707063,63784921207914,None,None
5728715395,63784921207925,None,None
5728732058,63784921207936,None,None
5728740389,63784921207948,None,None
5728748721,63784921207959,None,None
5728765384,63784921207970,None,None
5728773716,63784921207981,None,None
5728782047,63784921207993,None,None
5728798710,63784921208004,None,None
5728807042,63784921208015,None,None
5728815373,63784921208026,None,None
5728832036,63784921208037,None,None
5728840368,63784921208048,None,None
5728848699,63784921208059,None,None
5728865362,63784921208071,None,None
5728873694,63784921208082,None,None
5728882025,63784921208092,None,None
5728898688,63784921208104,None,None
5728907020,63784921208115,None,None
5728907020,63784921208126,None,None
5728907020,63784921208137,None,None
5728907020,63784921208149,None,None
5728907020,63784921208160,None,None
5728907020,63784921208171,None,None
5728907020,63784921208182,None,None
5728907020,63784921208193,None,None
5728907020,63784921208204,None,None
5728915351,63784921208216,None,None
5729015330,63784921208227,None,None
5729031993,63784921208237,None,None
5729040324,63784921208249,None,None
5729056987,63784921208260,None,None
5729065319,63784921208271,None,None
5729073650,63784921208282,None,None
5729081982,63784921208293,None,None
5729098645,63784921208305,None,None
5729106977,63784921208316,None,None
5729123640,63784921208327,None,None
5729131971,63784921208338,None,None
5729140303,63784921208349,None,None
5729156966,63784921208361,None,None
5729165297,63784921208372,None,None
5729173629,63784921208383,None,None
5729190292,63784921208394,None,None
5729198623,63784921208405,None,None
5729206955,63784921208417,None,None
5729223618,63784921208428,None,None
5729231949,63784921208439,None,None
5729240281,63784921208451,None,None
5729256944,63784921208462,None,None
5729265276,63784921208473,None,None
5729273607,63784921208483,None,None
5729290270,63784921208494,None,None
5729298602,63784921208505,None,None
5729306933,63784921208517,None,None
5729323596,63784921208528,None,None
5729331928,63784921208539,None,None
5729340259,63784921208550,None,None
5729356922,63784921208562,None,None
5729365254,63784921208572,None,None
5729373585,63784921208584,None,None
5729390248,63784921208595,None,None
5729398580,63784921208606,None,None
5729415243,63784921208619,None,None
5729423574,63784921208629,None,None
5729431906,63784921208640,None,None
5729448569,63784921208652,None,None
5729456901,63784921208662,None,None
5729465232,63784921208673,None,None
5729473564,63784921208684,None,None
5729490227,63784921208696,None,None
5729498558,63784921208708,None,None
5729506890,63784921208718,None,None
5729523553,63784921208730,None,None
5729531884,63784921208741,None,None
5729548547,63784921208753,None,None
5729556879,63784921208763,None,None
5729565210,63784921208774,None,None
5729581873,63784921208785,None,None
5729590205,63784921208796,None,None
5729598536,63784921208807,None,None
5729615200,63784921208819,None,None
5729623531,63784921208830,None,None
5729631863,63784921208841,None,None
5729648526,63784921208852,None,None
5729656857,63784921208863,None,None
5729665189,63784921208874,None,None
5729681852,63784921208886,None,None
5729690183,63784921208896,None,None
5729698515,63784921208908,None,None
5729715178,63784921208919,None,None
5729723509,63784921208930,None,None
5729731841,63784921208941,None,None
5729748504,63784921208953,None,None
5729756835,63784921208964,None,None
5729765167,63784921208975,None,None
5729781830,63784921208986,None,None
5729790162,63784921208997,None,None
5729798493,63784921209009,None,None
5729815156,63784921209020,None,None
5729823488,63784921209031,None,None
5729831819,63784921209042,None,None
5729848482,63784921209053,None,None
5729856814,63784921209065,None,None
5729865145,63784921209076,None,None
5729881808,63784921209087,None,None
5729890140,63784921209099,None,None
5729898471,63784921209109,None,None
5729915134,63784921209120,None,None
5729923466,63784921209132,None,None
5729931798,63784921209143,None,None
5729948461,63784921209153,None,None
5729956792,63784921209164,None,None
5729965124,63784921209176,None,None
5729981787,63784921209187,None,None
5729990118,63784921209200,None,None
5729998450,63784921209210,None,None
5730015113,63784921209221,None,None
5730023444,63784921209233,None,None
5730031776,63784921209243,None,None
5730048439,63784921209255,None,None
5730056770,63784921209266,None,None
5730065102,63784921209277,None,None
5730081765,63784921209287,None,None
5730090096,63784921209298,None,None
5730098428,63784921209309,None,None
5730115091,63784921209321,None,None
5730123423,63784921209332,None,None
5730131754,63784921209344,None,None
5730148417,63784921209355,None,None
5730156749,63784921209366,None,None
5730165080,63784921209377,None,None
5730181743,63784921209388,None,None
5730190075,63784921209400,None,None
5730206738,63784921209411,None,None
5730215069,63784921209422,None,None
5730223401,63784921209432,None,None
5730240064,63784921209444,None,None
5730248395,63784921209455,None,None
5730256727,63784921209467,None,None
5730265058,63784921209477,None,None
5730281722,63784921209489,None,None
5730290053,63784921209500,None,None
5730306716,63784921209511,None,None
5730315048,63784921209522,None,None
5730323379,63784921209534,None,None
5730340042,63784921209544,None,None
5730348374,63784921209557,None,None
5730356705,63784921209567,None,None
5730373368,63784921209578,None,None
5730381700,63784921209590,None,None
5730390031,63784921209601,None,None
5730406694,63784921209612,None,None
5730415026,63784921209623,None,None
5730423357,63784921209634,None,None
5730440021,63784921209645,None,None
5730448352,63784921209657,None,None
5730456684,63784921209667,None,None
5730473347,63784921209679,None,None
5730481678,63784921209690,None,None
5730490010,63784921209701,None,None
5730506673,63784921209714,None,None
5730515004,63784921209723,None,None
5730531667,63784921209735,None,None
5730539999,63784921209746,None,None
5730548330,63784921209757,None,Wayfinding_S
5730564993,63784921209769,None,Wayfinding_S
5730573325,63784921209780,None,Wayfinding_S
5730581656,63784921209791,None,Wayfinding_S
5730598320,63784921209802,None,Wayfinding_S
5730606651,63784921209813,None,None
5730614983,63784921209824,None,Wayfinding_S
5730631646,63784921209835,None,Wayfinding_S
5730639977,63784921209846,None,None
5730648309,63784921209857,None,None
5730664972,63784921209869,None,None
5730673303,63784921209879,None,Wayfinding_S
5730681635,63784921209891,None,None
5730698298,63784921209902,None,None
5730706629,63784921209913,None,None
5730714961,63784921209924,None,None
5730731624,63784921209935,None,Wayfinding_S
5730739955,63784921209946,None,Wayfinding_S
5730748287,63784921209958,None,Wayfinding_S
5730764950,63784921209969,None,Wayfinding_S
5730773282,63784921209980,None,Wayfinding_S
5730781613,63784921209992,None,Wayfinding_S
5730798276,63784921210003,None,None
5730806608,63784921210014,None,None
5730814939,63784921210026,None,None
5730831602,63784921210037,None,None
5730839934,63784921210048,None,None
5730848265,63784921210058,None,None
5730864928,63784921210074,None,None
5730873260,63784921210080,None,None
5730881591,63784921210088,None,None
5730889923,63784921210099,None,None
5730906586,63784921210110,None,None
5730906586,63784921210122,None,None
5730906586,63784921210132,None,None
5730906586,63784921210144,None,None
5730906586,63784921210155,None,None
5730906586,63784921210166,None,None
5730906586,63784921210178,None,None
5730906586,63784921210189,None,None
5730906586,63784921210200,None,None
5730906586,63784921210211,None,None
5731014896,63784921210222,None,None
5731023227,63784921210233,None,None
5731039890,63784921210244,None,None
5731048222,63784921210255,None,None
5731056553,63784921210266,None,None
5731073216,63784921210278,None,None
5731081548,63784921210289,None,None
5731089879,63784921210300,None,None
5731106543,63784921210312,None,None
5731114874,63784921210323,None,None
5731123206,63784921210334,None,None
5731139869,63784921210345,None,None
5731148200,63784921210355,None,None
5731156532,63784921210367,None,None
5731173195,63784921210378,None,None
5731181526,63784921210389,None,None
5731189858,63784921210400,None,None
5731206521,63784921210412,None,None
5731214852,63784921210423,None,None
5731223184,63784921210435,None,None
5731239847,63784921210445,None,None
5731248178,63784921210458,None,None
5731264842,63784921210469,None,None
5731273173,63784921210480,None,None
5731281505,63784921210491,None,None
5731298168,63784921210503,None,None
5731306499,63784921210514,None,None
5731314831,63784921210526,None,None
5731331494,63784921210537,None,None
5731339825,63784921210548,None,None
5731348157,63784921210559,None,None
5731364820,63784921210571,None,None
5731373151,63784921210582,None,None
5731389814,63784921210594,None,None
5731398146,63784921210606,None,None
5731406477,63784921210616,None,None
5731423140,63784921210628,None,None
5731431472,63784921210639,None,None
5731439804,63784921210650,None,None
5731456467,63784921210661,None,None
5731464798,63784921210672,None,None
5731473130,63784921210684,None,None
5731489793,63784921210695,None,None
5731498124,63784921210706,None,None
5731514787,63784921210720,None,None
5731523119,63784921210728,None,None
5731531450,63784921210740,None,None
5731539782,63784921210751,None,None
5731556445,63784921210763,None,None
5731564776,63784921210774,None,None
5731573108,63784921210784,None,None
5731589771,63784921210796,None,None
5731598102,63784921210807,None,None
5731614766,63784921210819,None,None
5731623097,63784921210829,None,None
5731631429,63784921210840,None,None
5731648092,63784921210852,None,None
5731656423,63784921210863,None,None
5731664755,63784921210874,None,None
5731681418,63784921210885,None,None
5731689749,63784921210896,None,None
5731698081,63784921210908,None,None
5731714744,63784921210919,None,None
5731723075,63784921210930,None,None
5731731407,63784921210941,None,None
5731748070,63784921210952,None,None
5731756401,63784921210963,None,None
5731764733,63784921210974,None,None
5731781396,63784921210986,None,None
5731789728,63784921210996,None,None
5731798059,63784921211008,None,None
5731814722,63784921211019,None,None
5731823054,63784921211030,None,None
5731831385,63784921211041,None,None
5731848048,63784921211052,None,None
5731856380,63784921211063,None,None
5731864711,63784921211075,None,None
5731881374,63784921211086,None,None
5731889706,63784921211097,None,None
5731898037,63784921211108,None,None
5731914700,63784921211120,None,None
5731923032,63784921211131,None,None
5731931364,63784921211142,None,None
5731948027,63784921211153,None,None
5731956358,63784921211164,None,None
5731964690,63784921211176,None,None
5731981353,63784921211186,None,None
5731989684,63784921211197,None,None
5731998016,63784921211209,None,None
5732014679,63784921211220,None,None
5732023010,63784921211231,None,None
5732039673,63784921211243,None,None
5732048005,63784921211253,None,None
5732056336,63784921211265,None,None
5732072999,63784921211276,None,None
5732081331,63784921211287,None,None
5732089662,63784921211298,None,None
5732106326,63784921211310,None,None
5732114657,63784921211321,None,None
5732131320,63784921211332,None,None
5732139652,63784921211344,None,None
5732147983,63784921211354,None,None
5732164646,63784921211365,None,None
5732172978,63784921211377,None,None
5732181309,63784921211388,None,None
5732197972,63784921211400,None,None
5732206304,63784921211410,None,None
5732214635,63784921211421,None,None
5732231298,63784921211433,None,None
5732239630,63784921211444,None,None
5732247961,63784921211455,None,None
5732264624,63784921211465,None,None
5732272956,63784921211477,None,None
5732281288,63784921211489,None,None
5732297951,63784921211499,None,None
5732306282,63784921211510,None,None
5732314614,63784921211522,None,None
5732331277,63784921211533,None,None
5732339608,63784921211544,None,None
5732347940,63784921211555,None,None
5732364603,63784921211567,None,None
5732372934,63784921211578,None,None
5732389597,63784921211590,None,None
5732397929,63784921211601,None,None
5732406260,63784921211611,None,None
5732414592,63784921211623,None,None
5732431255,63784921211633,None,None
5732439587,63784921211645,None,None
5732447918,63784921211656,None,None
5732464581,63784921211667,None,None
5732472913,63784921211678,None,None
5732481244,63784921211689,None,None
5732497907,63784921211700,None,None
5732506239,63784921211712,None,None
5732522902,63784921211726,None,None
5732531233,63784921211734,None,None
5732539565,63784921211745,None,None
5732556228,63784921211757,None,None
5732564559,63784921211768,None,None
5732572891,63784921211779,None,None
5732589554,63784921211791,None,None
5732597886,63784921211801,None,None
5732606217,63784921211812,None,None
5732622880,63784921211824,None,None
5732631212,63784921211835,None,None
5732639543,63784921211846,None,None
5732656206,63784921211857,None,None
5732664538,63784921211868,None,None
5732672869,63784921211879,None,None
5732689532,63784921211890,None,None
5732697864,63784921211901,None,None
5732706195,63784921211913,None,None
5732722858,63784921211924,None,None
5732731190,63784921211936,None,None
5732739521,63784921211946,None,None
5732756184,63784921211957,None,None
5732764516,63784921211968,None,None
5732772848,63784921211980,None,None
5732789511,63784921211992,None,None
5732797842,63784921212003,None,None
5732806174,63784921212014,None,None
5732822837,63784921212025,None,None
5732831168,63784921212036,None,None
5732839500,63784921212046,None,None
5732856163,63784921212059,None,None
5732864494,63784921212069,None,None
5732872826,63784921212080,None,None
5732889489,63784921212091,None,None
5732897820,63784921212103,99_Bahnsteig_PF,None
5732906152,63784921212114,99_Bahnsteig_PF,None
5732906152,63784921212125,99_Bahnsteig_PF,None
5732906152,63784921212136,99_Bahnsteig_PF,None
5732906152,63784921212147,99_Bahnsteig_PF,None
5732906152,63784921212159,99_Bahnsteig_PF,None
5732906152,63784921212170,99_Bahnsteig_PF,None
5732906152,63784921212181,99_Bahnsteig_PF,None
5732906152,63784921212192,99_Bahnsteig_PF,None
5732906152,63784921212203,99_Bahnsteig_PF,None
5732906152,63784921212215,99_Bahnsteig_PF,None
5733022793,63784921212226,None,None
5733031125,63784921212237,None,None
5733039456,63784921212248,None,None
5733056119,63784921212260,None,None
5733064451,63784921212270,None,None
5733072782,63784921212281,None,None
5733081114,63784921212293,None,None
5733097777,63784921212304,None,None
5733106109,63784921212315,None,None
5733114440,63784921212326,None,None
5733131103,63784921212337,None,None
5733139435,63784921212348,None,None
5733156098,63784921212359,None,None
5733164429,63784921212371,None,None
5733172761,63784921212381,None,None
5733189424,63784921212393,99_Bahnsteig_PF,None
5733197755,63784921212404,99_Bahnsteig_PF,99_Bahnsteig_PF
5733206087,63784921212416,99_Bahnsteig_PF,None
5733222750,63784921212427,99_Bahnsteig_PF,99_Bahnsteig_PF
5733231081,63784921212438,99_Bahnsteig_PF,99_Bahnsteig_PF
5733239413,63784921212449,99_Bahnsteig_PF,99_Bahnsteig_PF
5733256076,63784921212460,99_Bahnsteig_PF,99_Bahnsteig_PF
5733264408,63784921212471,99_Bahnsteig_PF,99_Bahnsteig_PF
5733272739,63784921212482,99_Bahnsteig_PF,99_Bahnsteig_PF
5733289402,63784921212493,99_Bahnsteig_PF,99_Bahnsteig_PF
5733297734,63784921212504,99_Bahnsteig_PF,99_Bahnsteig_PF
5733306065,63784921212516,99_Bahnsteig_PF,99_Bahnsteig_PF
5733322728,63784921212528,99_Bahnsteig_PF,99_Bahnsteig_PF
5733331060,63784921212538,99_Bahnsteig_PF,99_Bahnsteig_PF
5733339391,63784921212549,99_Bahnsteig_PF,99_Bahnsteig_PF
5733356054,63784921212560,99_Bahnsteig_PF,99_Bahnsteig_PF
5733364386,63784921212572,99_Bahnsteig_PF,99_Bahnsteig_PF
5733372717,63784921212583,99_Bahnsteig_PF,99_Bahnsteig_PF
5733389380,63784921212594,99_Bahnsteig_PF,99_Bahnsteig_PF
5733397712,63784921212606,99_Bahnsteig_PF,99_Bahnsteig_PF
5733406043,63784921212616,99_Bahnsteig_PF,99_Bahnsteig_PF
5733422706,63784921212628,99_Bahnsteig_PF,99_Bahnsteig_PF
5733431038,63784921212639,99_Bahnsteig_PF,99_Bahnsteig_PF
5733439370,63784921212650,99_Bahnsteig_PF,99_Bahnsteig_PF
5733456033,63784921212661,99_Bahnsteig_PF,99_Bahnsteig_PF
5733464364,63784921212672,99_Bahnsteig_PF,99_Bahnsteig_PF
5733472696,63784921212683,99_Bahnsteig_PF,99_Bahnsteig_PF
5733489359,63784921212695,99_Bahnsteig_PF,99_Bahnsteig_PF
5733497690,63784921212706,99_Bahnsteig_PF,99_Bahnsteig_PF
5733506022,63784921212717,99_Bahnsteig_PF,99_Bahnsteig_PF
5733531016,63784921212742,99_Bahnsteig_PF,99_Bahnsteig_PF
5733539348,63784921212748,99_Bahnsteig_PF,99_Bahnsteig_PF
5733547679,63784921212754,99_Bahnsteig_PF,99_Bahnsteig_PF
5733556011,63784921212760,99_Bahnsteig_PF,99_Bahnsteig_PF
5733564342,63784921212768,99_Bahnsteig_PF,99_Bahnsteig_PF
5733572674,63784921212779,99_Bahnsteig_PF,99_Bahnsteig_PF
5733581005,63784921212790,99_Bahnsteig_PF,99_Bahnsteig_PF
5733597668,63784921212801,99_Bahnsteig_PF,99_Bahnsteig_PF
5733606000,63784921212813,99_Bahnsteig_PF,99_Bahnsteig_PF
5733614332,63784921212824,99_Bahnsteig_PF,99_Bahnsteig_PF
5733630995,63784921212835,99_Bahnsteig_PF,99_Bahnsteig_PF
5733639326,63784921212847,99_Bahnsteig_PF,99_Bahnsteig_PF
5733647658,63784921212857,99_Bahnsteig_PF,99_Bahnsteig_PF
5733664321,63784921212868,99_Bahnsteig_PF,99_Bahnsteig_PF
5733672652,63784921212879,99_Bahnsteig_PF,99_Bahnsteig_PF
5733680984,63784921212891,99_Bahnsteig_PF,99_Bahnsteig_PF
5733697647,63784921212902,99_Bahnsteig_PF,99_Bahnsteig_PF
5733705978,63784921212913,99_Bahnsteig_PF,99_Bahnsteig_PF
5733714310,63784921212924,99_Bahnsteig_PF,99_Bahnsteig_PF
5733730973,63784921212936,99_Bahnsteig_PF,99_Bahnsteig_PF
5733739304,63784921212947,99_Bahnsteig_PF,99_Bahnsteig_PF
5733747636,63784921212958,99_Bahnsteig_PF,99_Bahnsteig_PF
5733764299,63784921212970,99_Bahnsteig_PF,99_Bahnsteig_PF
5733772631,63784921212980,99_Bahnsteig_PF,99_Bahnsteig_PF
5733780962,63784921212993,99_Bahnsteig_PF,99_Bahnsteig_PF
5733797625,63784921213003,99_Bahnsteig_PF,99_Bahnsteig_PF
5733805957,63784921213014,99_Bahnsteig_PF,99_Bahnsteig_PF
5733814288,63784921213024,99_Bahnsteig_PF,99_Bahnsteig_PF
5733830951,63784921213035,99_Bahnsteig_PF,99_Bahnsteig_PF
5733839283,63784921213047,99_Bahnsteig_PF,99_Bahnsteig_PF
5733847614,63784921213058,99_Bahnsteig_PF,99_Bahnsteig_PF
5733864277,63784921213069,99_Bahnsteig_PF,99_Bahnsteig_PF
5733872609,63784921213080,99_Bahnsteig_PF,99_Bahnsteig_PF
5733880940,63784921213092,99_Bahnsteig_PF,99_Bahnsteig_PF
5733897603,63784921213103,99_Bahnsteig_PF,99_Bahnsteig_PF
5733905935,63784921213114,99_Bahnsteig_PF,99_Bahnsteig_PF
5733914266,63784921213125,99_Bahnsteig_PF,99_Bahnsteig_PF
5733930930,63784921213136,99_Bahnsteig_PF,99_Bahnsteig_PF
5733939261,63784921213148,99_Bahnsteig_PF,99_Bahnsteig_PF
5733955924,63784921213160,99_Bahnsteig_PF,99_Bahnsteig_PF
5733964256,63784921213170,99_Bahnsteig_PF,99_Bahnsteig_PF
5733972587,63784921213181,99_Bahnsteig_PF,99_Bahnsteig_PF
5733989250,63784921213193,None,None
5733997582,63784921213204,99_Bahnsteig_PF,99_Bahnsteig_PF
5734005913,63784921213215,99_Bahnsteig_PF,99_Bahnsteig_PF
5734022576,63784921213227,99_Bahnsteig_PF,99_Bahnsteig_PF
5734030908,63784921213239,99_Bahnsteig_PF,99_Bahnsteig_PF
5734039239,63784921213250,99_Bahnsteig_PF,99_Bahnsteig_PF
5734055902,63784921213262,99_Bahnsteig_PF,99_Bahnsteig_PF
5734064234,63784921213273,99_Bahnsteig_PF,99_Bahnsteig_PF
5734080897,63784921213285,99_Bahnsteig_PF,99_Bahnsteig_PF
5734089228,63784921213296,99_Bahnsteig_PF,99_Bahnsteig_PF
5734097560,63784921213309,99_Bahnsteig_PF,99_Bahnsteig_PF
5734114223,63784921213319,99_Bahnsteig_PF,99_Bahnsteig_PF
5734122555,63784921213330,99_Bahnsteig_PF,99_Bahnsteig_PF
5734130886,63784921213341,99_Bahnsteig_PF,99_Bahnsteig_PF
5734147549,63784921213353,99_Bahnsteig_PF,99_Bahnsteig_PF
5734155881,63784921213364,99_Bahnsteig_PF,99_Bahnsteig_PF
5734172544,63784921213376,99_Bahnsteig_PF,99_Bahnsteig_PF
5734180875,63784921213387,99_Bahnsteig_PF,99_Bahnsteig_PF
5734189207,63784921213398,99_Bahnsteig_PF,99_Bahnsteig_PF
5734205870,63784921213410,99_Bahnsteig_PF,99_Bahnsteig_PF
5734214201,63784921213421,99_Bahnsteig_PF,99_Bahnsteig_PF
5734222533,63784921213432,99_Bahnsteig_PF,99_Bahnsteig_PF
5734239196,63784921213443,99_Bahnsteig_PF,99_Bahnsteig_PF
5734247527,63784921213454,99_Bahnsteig_PF,99_Bahnsteig_PF
5734255859,63784921213466,None,None
5734272522,63784921213476,None,None
5734280854,63784921213487,None,None
5734289185,63784921213499,None,None
5734305848,63784921213510,None,None
5734314180,63784921213521,None,None
5734322511,63784921213533,None,None
5734339174,63784921213544,None,None
5734347506,63784921213555,None,None
5734355837,63784921213566,None,None
5734372500,63784921213578,None,None
5734380832,63784921213588,None,None
5734389163,63784921213599,None,None
5734405826,63784921213611,None,None
5734414158,63784921213621,None,None
5734422489,63784921213632,None,None
5734439153,63784921213644,None,None
5734447484,63784921213655,None,None
5734455816,63784921213666,None,None
5734472479,63784921213678,None,None
5734480810,63784921213689,None,None
5734489142,63784921213699,None,None
5734505805,63784921213711,None,None
5734514136,63784921213722,None,None
5734530799,63784921213735,None,None
5734539131,63784921213744,None,None
5734547462,63784921213755,None,None
5734555794,63784921213767,None,None
5734572457,63784921213779,None,None
5734580788,63784921213789,None,None
5734589120,63784921213801,None,None
5734605783,63784921213813,None,None
5734614115,63784921213824,None,None
5734622446,63784921213834,None,None
5734639109,63784921213846,None,None
5734647441,63784921213856,None,None
5734655772,63784921213867,None,None
5734672435,63784921213878,None,None
5734680767,63784921213889,None,None
5734689098,63784921213901,None,None
5734705761,63784921213912,None,None
5734714093,63784921213923,None,None
5734730756,63784921213935,None,None
5734739087,63784921213945,None,None
5734747419,63784921213956,None,None
5734764082,63784921213968,None,None
5734772414,63784921213979,None,None
5734780745,63784921213990,None,None
5734797408,63784921214001,None,None
5734805740,63784921214013,None,None
5734814071,63784921214024,None,None
5734830734,63784921214035,None,None
5734839066,63784921214046,None,None
5734847397,63784921214057,None,None
5734864060,63784921214068,None,None
5734872392,63784921214080,None,None
5734880723,63784921214091,None,None
5734897386,63784921214102,None,None
5734905718,63784921214113,None,None
5734905718,63784921214124,None,None
5734905718,63784921214136,None,None
5734905718,63784921214147,None,None
5734905718,63784921214158,None,None
5734905718,63784921214169,None,None
5734905718,63784921214180,None,None
5734905718,63784921214191,None,None
5734905718,63784921214203,None,None
5734905718,63784921214214,None,None
5735014028,63784921214225,None,None
5735030691,63784921214237,None,None
5735039022,63784921214248,None,None
5735047354,63784921214259,None,None
5735064017,63784921214270,None,None
5735072348,63784921214281,None,None
5735080680,63784921214292,None,None
5735097343,63784921214303,None,None
5735105675,63784921214314,None,None
5735114006,63784921214325,None,None
5735130669,63784921214336,None,None
5735139001,63784921214348,None,None
5735147332,63784921214359,None,None
5735163995,63784921214370,None,None
5735172327,63784921214382,None,None
5735180658,63784921214392,None,None
5735197321,63784921214404,None,None
5735205653,63784921214415,None,None
5735213984,63784921214426,None,None
5735230647,63784921214437,None,None
5735238979,63784921214448,None,None
5735247310,63784921214460,None,None
5735263974,63784921214471,None,None
5735272305,63784921214482,None,None
5735288968,63784921214493,None,None
5735297300,63784921214504,None,None
5735305631,63784921214515,None,None
5735322294,63784921214526,None,None
5735330626,63784921214537,None,None
5735338957,63784921214549,None,None
5735355620,63784921214560,None,None
5735363952,63784921214571,None,None
5735372283,63784921214582,None,None
5735388946,63784921214593,None,None
5735397278,63784921214604,None,None
5735405609,63784921214616,None,None
5735422272,63784921214627,None,None
5735430604,63784921214638,None,None
5735438936,63784921214649,None,None
5735455599,63784921214660,None,None
5735463930,63784921214672,None,None
5735472262,63784921214683,None,None
5735488925,63784921214694,None,None
5735497256,63784921214705,None,None
5735505588,63784921214716,None,None
5735522251,63784921214727,None,None
5735530582,63784921214739,None,None
5735538914,63784921214750,None,None
5735555577,63784921214761,None,None
5735563908,63784921214772,None,None
5735572240,63784921214784,None,None
5735588903,63784921214794,None,None
5735597234,63784921214806,None,None
5735605566,63784921214817,None,None
5735622229,63784921214829,None,None
5735630561,63784921214840,None,None
5735638892,63784921214851,None,None
5735655555,63784921214862,None,None
5735663887,63784921214873,None,None
5735672218,63784921214884,None,None
5735688881,63784921214896,None,None
5735697213,63784921214906,None,None
5735705544,63784921214917,None,None
5735722207,63784921214929,None,None
5735730539,63784921214939,None,None
5735747202,63784921214950,None,None
5735755533,63784921214962,None,None
5735763865,63784921214973,None,None
5735780528,63784921214984,None,None
5735788860,63784921214995,None,None
5735797191,63784921215007,None,None
5735813854,63784921215018,None,None
5735822186,63784921215031,None,None
5735830517,63784921215040,None,None
5735847180,63784921215052,None,None
5735855512,63784921215063,None,None
5735863843,63784921215074,None,None
5735880506,63784921215085,None,None
5735888838,63784921215096,None,None
5735897169,63784921215107,None,None
5735913832,63784921215118,None,None
5735922164,63784921215130,None,None
5735930496,63784921215141,None,None
5735947159,63784921215151,None,None
5735955490,63784921215163,None,None
5735963822,63784921215174,None,None
5735980485,63784921215185,None,None
5735988816,63784921215196,None,None
5735997148,63784921215207,None,None
5736013811,63784921215219,None,None
5736022142,63784921215230,None,None
5736030474,63784921215241,None,None
5736047137,63784921215252,None,None
5736055468,63784921215264,None,None
5736063800,63784921215275,None,None
5736080463,63784921215286,None,None
5736088794,63784921215298,None,None
5736097126,63784921215309,None,None
5736113789,63784921215320,None,None
5736122121,63784921215331,None,None
5736130452,63784921215342,None,None
5736147115,63784921215354,None,None
5736155447,63784921215365,None,None
5736172110,63784921215376,None,None
5736180441,63784921215386,None,None
5736188773,63784921215398,None,None
5736205436,63784921215409,None,None
5736213767,63784921215421,None,None
5736222099,63784921215432,None,None
5736238762,63784921215442,None,None
5736247093,63784921215453,None,None
5736255425,63784921215465,None,None
5736263756,63784921215475,None,None
5736280420,63784921215487,None,None
5736288751,63784921215499,None,None
5736305414,63784921215509,None,None
5736313746,63784921215521,None,None
5736322077,63784921215532,None,None
5736338740,63784921215543,None,None
5736347072,63784921215554,None,None
5736355403,63784921215565,None,None
5736372066,63784921215577,None,None
5736380398,63784921215587,None,None
5736388729,63784921215599,None,None
5736405392,63784921215610,None,None
5736413724,63784921215621,None,None
5736422055,63784921215632,None,None
5736438719,63784921215643,None,None
5736447050,63784921215655,None,None
5736455382,63784921215666,None,None
5736472045,63784921215677,None,None
5736480376,63784921215688,None,None
5736488708,63784921215700,None,None
5736505371,63784921215710,None,None
5736513702,63784921215722,None,None
5736522034,63784921215733,None,Wayfinding_S
5736538697,63784921215746,None,None
5736547028,63784921215755,None,None
5736555360,63784921215766,None,None
5736572023,63784921215778,None,None
5736580354,63784921215788,None,None
5736597018,63784921215800,None,None
5736605349,63784921215812,None,None
5736613681,63784921215822,None,None
5736630344,63784921215833,None,None
5736638675,63784921215844,None,None
5736647007,63784921215856,None,None
5736663670,63784921215867,None,None
5736672001,63784921215878,None,None
5736680333,63784921215889,None,None
5736696996,63784921215901,None,None
5736713659,63784921215921,None,None
5736721990,63784921215927,None,None
5736730322,63784921215933,None,None
5736730322,63784921215939,None,None
5736746985,63784921215951,None,None
5736755316,63784921215963,None,None
5736763648,63784921215973,None,None
5736780311,63784921215985,None,None
5736788643,63784921215996,None,None
5736796974,63784921216007,None,None
5736813637,63784921216018,None,None
5736821969,63784921216030,None,None
5736830300,63784921216041,None,None
5736846963,63784921216052,None,None
5736855295,63784921216063,None,None
5736863626,63784921216074,None,None
5736880289,63784921216085,None,None
5736888621,63784921216096,None,None
5736896952,63784921216108,None,None
5736905284,63784921216119,None,None
5736905284,63784921216130,None,None
5736905284,63784921216141,None,None
5736905284,63784921216152,None,None
5736905284,63784921216163,None,None
5736905284,63784921216175,None,None
5736905284,63784921216186,None,None
5736905284,63784921216197,None,None
5736905284,63784921216208,None,None
5737013594,63784921216219,None,None
5737021925,63784921216230,None,None
5737030257,63784921216242,None,None
5737046920,63784921216253,None,None
5737055251,63784921216264,None,None
5737063583,63784921216275,None,None
5737080246,63784921216286,None,None
5737088577,63784921216297,None,None
5737096909,63784921216308,None,None
5737113572,63784921216320,None,None
5737121904,63784921216331,None,None
5737130235,63784921216342,None,None
5737146898,63784921216353,None,None
5737155230,63784921216365,None,None
5737171893,63784921216376,None,None
5737180224,63784921216387,None,None
5737188556,63784921216399,None,None
5737205219,63784921216410,None,None
5737213550,63784921216423,None,None
5737221882,63784921216434,None,None
5737238545,63784921216445,None,None
5737246876,63784921216456,None,None
5737263540,63784921216467,None,None
5737271871,63784921216479,None,None
5737280203,63784921216491,None,None
5737296866,63784921216502,None,None
5737305197,63784921216514,None,None
5737313529,63784921216525,None,None
5737330192,63784921216537,None,None
5737338523,63784921216550,None,None
5737355186,63784921216559,None,None
5737363518,63784921216571,None,None
5737371849,63784921216581,None,None
5737388512,63784921216593,None,None
5737396844,63784921216604,None,None
5737405175,63784921216615,None,None
5737421838,63784921216626,None,None
5737430170,63784921216637,None,None
5737438502,63784921216649,None,None
5737455165,63784921216660,None,None
5737463496,63784921216671,None,None
5737471828,63784921216682,None,None
5737488491,63784921216693,None,None
5737496822,63784921216704,None,None
5737505154,63784921216717,None,None
5737521817,63784921216727,None,None
5737530148,63784921216738,None,None
5737546811,63784921216752,None,None
5737555143,63784921216761,None,None
5737563474,63784921216772,None,None
5737571806,63784921216783,None,None
5737588469,63784921216794,None,None
5737596800,63784921216806,None,None
5737605132,63784921216816,None,None
5737621795,63784921216828,None,None
5737630127,63784921216839,None,None
5737646790,63784921216851,None,None
5737655121,63784921216860,None,None
5737663453,63784921216872,None,None
5737671784,63784921216883,None,None
5737688447,63784921216894,None,None
5737696779,63784921216905,None,None
5737713442,63784921216917,None,None
5737721773,63784921216928,None,None
5737730105,63784921216939,None,None
5737746768,63784921216950,None,None
5737755099,63784921216962,None,None
5737763431,63784921216972,None,None
5737780094,63784921216984,None,None
5737788426,63784921216995,None,None
5737796757,63784921217006,None,None
5737813420,63784921217018,None,None
5737821752,63784921217028,None,None
5737830083,63784921217040,None,None
5737846746,63784921217052,None,None
5737855078,63784921217063,None,None
5737863409,63784921217074,None,None
5737880072,63784921217085,None,None
5737888404,63784921217096,None,None
5737896735,63784921217108,None,None
5737913398,63784921217118,None,None
5737921730,63784921217129,None,None
5737930062,63784921217140,None,None
5737946725,63784921217152,None,None
5737955056,63784921217162,None,None
5737963388,63784921217174,None,None
5737980051,63784921217186,None,None
5737988382,63784921217196,None,None
5737996714,63784921217207,None,None
5738013377,63784921217218,None,None
5738021708,63784921217230,None,None
5738030040,63784921217241,None,None
5738046703,63784921217252,None,None
5738055034,63784921217263,None,None
5738063366,63784921217275,None,None
5738080029,63784921217286,None,None
5738088360,63784921217298,None,None
5738096692,63784921217308,None,None
5738113355,63784921217319,None,None
5738121687,63784921217330,None,None
5738130018,63784921217342,None,None
5738146681,63784921217352,None,None
5738155013,63784921217364,None,None
5738163344,63784921217375,None,None
5738180007,63784921217386,None,None
5738188339,63784921217398,None,None
5738205002,63784921217409,None,None
5738213333,63784921217420,None,None
5738221665,63784921217431,None,None
5738229996,63784921217442,None,None
5738246659,63784921217454,None,None
5738254991,63784921217464,None,None
5738263322,63784921217475,None,None
5738279986,63784921217486,None,None
5738288317,63784921217497,None,None
5738304980,63784921217509,None,None
5738313312,63784921217520,None,None
5738321643,63784921217531,None,None
5738338306,63784921217542,99_Bahnsteig_PF,None
5738346638,63784921217554,99_Bahnsteig_PF,None
5738354969,63784921217564,None,None
5738371632,63784921217576,99_Bahnsteig_PF,None
5738379964,63784921217587,99_Bahnsteig_PF,None
5738388295,63784921217598,99_Bahnsteig_PF,None
5738404958,63784921217610,99_Bahnsteig_PF,None
5738413290,63784921217621,99_Bahnsteig_PF,None
5738421621,63784921217632,99_Bahnsteig_PF,None
5738438285,63784921217643,99_Bahnsteig_PF,None
5738446616,63784921217654,99_Bahnsteig_PF,None
5738454948,63784921217665,99_Bahnsteig_PF,None
5738471611,63784921217676,99_Bahnsteig_PF,None
5738479942,63784921217688,99_Bahnsteig_PF,None
5738488274,63784921217699,99_Bahnsteig_PF,None
5738504937,63784921217710,99_Bahnsteig_PF,None
5738513268,63784921217721,99_Bahnsteig_PF,None
5738521600,63784921217732,99_Bahnsteig_PF,None
5738538263,63784921217743,99_Bahnsteig_PF,None
5738546594,63784921217756,99_Bahnsteig_PF,None
5738554926,63784921217765,99_Bahnsteig_PF,None
5738571589,63784921217777,99_Bahnsteig_PF,None
5738579920,63784921217788,99_Bahnsteig_PF,None
5738596584,63784921217800,99_Bahnsteig_PF,None
5738604915,63784921217810,99_Bahnsteig_PF,None
5738613247,63784921217822,99_Bahnsteig_PF,None
5738621578,63784921217832,99_Bahnsteig_PF,None
5738638241,63784921217844,99_Bahnsteig_PF,None
5738646573,63784921217855,99_Bahnsteig_PF,None
5738654904,63784921217866,99_Bahnsteig_PF,None
5738671567,63784921217877,99_Bahnsteig_PF,None
5738679899,63784921217888,99_Bahnsteig_PF,None
5738688230,63784921217900,99_Bahnsteig_PF,None
5738704893,63784921217911,99_Bahnsteig_PF,None
5738713225,63784921217922,99_Bahnsteig_PF,None
5738721556,63784921217933,99_Bahnsteig_PF,None
5738738219,63784921217944,99_Bahnsteig_PF,None
5738746551,63784921217955,99_Bahnsteig_PF,None
5738754882,63784921217967,99_Bahnsteig_PF,None
5738771546,63784921217978,99_Bahnsteig_PF,None
5738779877,63784921217989,99_Bahnsteig_PF,None
5738796540,63784921218001,99_Bahnsteig_PF,None
5738804872,63784921218011,99_Bahnsteig_PF,None
5738813203,63784921218022,99_Bahnsteig_PF,None
5738829866,63784921218034,99_Bahnsteig_PF,None
5738838198,63784921218044,99_Bahnsteig_PF,None
5738846529,63784921218056,99_Bahnsteig_PF,None
5738863192,63784921218067,99_Bahnsteig_PF,None
5738871524,63784921218078,99_Bahnsteig_PF,None
5738879855,63784921218089,99_Bahnsteig_PF,None
5738896518,63784921218101,99_Bahnsteig_PF,None
5738904850,63784921218112,99_Bahnsteig_PF,None
5738904850,63784921218123,99_Bahnsteig_PF,None
5738904850,63784921218134,99_Bahnsteig_PF,None
5738904850,63784921218146,99_Bahnsteig_PF,None
5738904850,63784921218157,99_Bahnsteig_PF,None
5738904850,63784921218168,99_Bahnsteig_PF,None
5738904850,63784921218180,99_Bahnsteig_PF,None
5738904850,63784921218190,99_Bahnsteig_PF,None
5738904850,63784921218201,99_Bahnsteig_PF,None
5738904850,63784921218213,99_Bahnsteig_PF,None
5739013160,63784921218224,99_Bahnsteig_PF,99_Bahnsteig_PF
5739029823,63784921218235,99_Bahnsteig_PF,99_Bahnsteig_PF
5739038154,63784921218246,99_Bahnsteig_PF,99_Bahnsteig_PF
5739046486,63784921218257,99_Bahnsteig_PF,99_Bahnsteig_PF
5739063149,63784921218269,99_Bahnsteig_PF,99_Bahnsteig_PF
5739071480,63784921218279,99_Bahnsteig_PF,99_Bahnsteig_PF
5739079812,63784921218291,99_Bahnsteig_PF,99_Bahnsteig_PF
5739096475,63784921218302,99_Bahnsteig_PF,99_Bahnsteig_PF
5739104807,63784921218314,99_Bahnsteig_PF,99_Bahnsteig_PF
5739113138,63784921218324,99_Bahnsteig_PF,99_Bahnsteig_PF
5739129801,63784921218336,99_Bahnsteig_PF,99_Bahnsteig_PF
5739138133,63784921218347,99_Bahnsteig_PF,99_Bahnsteig_PF
5739146464,63784921218358,99_Bahnsteig_PF,99_Bahnsteig_PF
5739163127,63784921218369,99_Bahnsteig_PF,99_Bahnsteig_PF
5739171459,63784921218380,99_Bahnsteig_PF,99_Bahnsteig_PF
5739179790,63784921218391,99_Bahnsteig_PF,99_Bahnsteig_PF
5739196453,63784921218402,99_Bahnsteig_PF,99_Bahnsteig_PF
5739204785,63784921218413,99_Bahnsteig_PF,99_Bahnsteig_PF
5739213116,63784921218425,99_Bahnsteig_PF,99_Bahnsteig_PF
5739229779,63784921218436,99_Bahnsteig_PF,99_Bahnsteig_PF
5739238111,63784921218447,99_Bahnsteig_PF,99_Bahnsteig_PF
5739246442,63784921218458,99_Bahnsteig_PF,99_Bahnsteig_PF
5739263106,63784921218471,99_Bahnsteig_PF,99_Bahnsteig_PF
5739271437,63784921218481,99_Bahnsteig_PF,99_Bahnsteig_PF
5739288100,63784921218492,99_Bahnsteig_PF,99_Bahnsteig_PF
5739296432,63784921218503,99_Bahnsteig_PF,99_Bahnsteig_PF
5739304763,63784921218514,99_Bahnsteig_PF,99_Bahnsteig_PF
5739321426,63784921218525,99_Bahnsteig_PF,99_Bahnsteig_PF
5739329758,63784921218537,99_Bahnsteig_PF,99_Bahnsteig_PF
5739338089,63784921218547,99_Bahnsteig_PF,99_Bahnsteig_PF
5739354752,63784921218559,99_Bahnsteig_PF,99_Bahnsteig_PF
5739363084,63784921218570,99_Bahnsteig_PF,99_Bahnsteig_PF
5739371415,63784921218581,99_Bahnsteig_PF,99_Bahnsteig_PF
5739388078,63784921218593,99_Bahnsteig_PF,99_Bahnsteig_PF
5739396410,63784921218604,99_Bahnsteig_PF,99_Bahnsteig_PF
5739404741,63784921218614,99_Bahnsteig_PF,99_Bahnsteig_PF
5739421404,63784921218626,99_Bahnsteig_PF,99_Bahnsteig_PF
5739429736,63784921218637,99_Bahnsteig_PF,99_Bahnsteig_PF
5739438068,63784921218649,99_Bahnsteig_PF,99_Bahnsteig_PF
5739454731,63784921218659,99_Bahnsteig_PF,99_Bahnsteig_PF
5739463062,63784921218671,99_Bahnsteig_PF,99_Bahnsteig_PF
5739471394,63784921218682,99_Bahnsteig_PF,99_Bahnsteig_PF
5739488057,63784921218693,99_Bahnsteig_PF,99_Bahnsteig_PF
5739496388,63784921218704,99_Bahnsteig_PF,99_Bahnsteig_PF
5739504720,63784921218716,99_Bahnsteig_PF,99_Bahnsteig_PF
5739521383,63784921218727,99_Bahnsteig_PF,99_Bahnsteig_PF
5739529714,63784921218739,99_Bahnsteig_PF,99_Bahnsteig_PF
5739538046,63784921218749,99_Bahnsteig_PF,99_Bahnsteig_PF
5739563040,63784921218772,99_Bahnsteig_PF,99_Bahnsteig_PF
5739571372,63784921218779,99_Bahnsteig_PF,99_Bahnsteig_PF
5739579703,63784921218785,99_Bahnsteig_PF,99_Bahnsteig_PF
5739579703,63784921218791,99_Bahnsteig_PF,99_Bahnsteig_PF
5739596366,63784921218800,99_Bahnsteig_PF,99_Bahnsteig_PF
5739604698,63784921218811,99_Bahnsteig_PF,99_Bahnsteig_PF
5739613030,63784921218822,99_Bahnsteig_PF,99_Bahnsteig_PF
5739629693,63784921218834,99_Bahnsteig_PF,99_Bahnsteig_PF
5739638024,63784921218845,99_Bahnsteig_PF,99_Bahnsteig_PF
5739646356,63784921218856,99_Bahnsteig_PF,99_Bahnsteig_PF
5739663019,63784921218867,99_Bahnsteig_PF,99_Bahnsteig_PF
5739671350,63784921218878,99_Bahnsteig_PF,99_Bahnsteig_PF
5739679682,63784921218889,99_Bahnsteig_PF,99_Bahnsteig_PF
5739688013,63784921218900,99_Bahnsteig_PF,99_Bahnsteig_PF
5739704676,63784921218911,99_Bahnsteig_PF,99_Bahnsteig_PF
5739713008,63784921218923,99_Bahnsteig_PF,99_Bahnsteig_PF
5739729671,63784921218934,99_Bahnsteig_PF,99_Bahnsteig_PF
5739738002,63784921218944,99_Bahnsteig_PF,99_Bahnsteig_PF
5739746334,63784921218956,99_Bahnsteig_PF,99_Bahnsteig_PF
5739762997,63784921218967,99_Bahnsteig_PF,99_Bahnsteig_PF
5739771329,63784921218978,99_Bahnsteig_PF,99_Bahnsteig_PF
5739779660,63784921218990,99_Bahnsteig_PF,99_Bahnsteig_PF
5739796323,63784921219001,99_Bahnsteig_PF,99_Bahnsteig_PF
5739804655,63784921219012,99_Bahnsteig_PF,99_Bahnsteig_PF
5739812986,63784921219023,99_Bahnsteig_PF,99_Bahnsteig_PF
5739829649,63784921219034,99_Bahnsteig_PF,99_Bahnsteig_PF
5739837981,63784921219045,99_Bahnsteig_PF,99_Bahnsteig_PF
5739846312,63784921219057,99_Bahnsteig_PF,99_Bahnsteig_PF
5739862975,63784921219068,99_Bahnsteig_PF,99_Bahnsteig_PF
5739871307,63784921219079,99_Bahnsteig_PF,99_Bahnsteig_PF
5739879638,63784921219091,99_Bahnsteig_PF,99_Bahnsteig_PF
5739896301,63784921219101,99_Bahnsteig_PF,99_Bahnsteig_PF
5739904633,63784921219112,99_Bahnsteig_PF,99_Bahnsteig_PF
5739912964,63784921219124,99_Bahnsteig_PF,99_Bahnsteig_PF
5739929628,63784921219135,99_Bahnsteig_PF,99_Bahnsteig_PF
5739937959,63784921219146,99_Bahnsteig_PF,99_Bahnsteig_PF
5739946291,63784921219157,99_Bahnsteig_PF,99_Bahnsteig_PF
5739962954,63784921219168,99_Bahnsteig_PF,99_Bahnsteig_PF
5739971285,63784921219180,99_Bahnsteig_PF,99_Bahnsteig_PF
5739979617,63784921219191,99_Bahnsteig_PF,99_Bahnsteig_PF
5739996280,63784921219202,99_Bahnsteig_PF,99_Bahnsteig_PF
5740004611,63784921219214,99_Bahnsteig_PF,99_Bahnsteig_PF
5740021274,63784921219225,99_Bahnsteig_PF,99_Bahnsteig_PF
5740029606,63784921219236,99_Bahnsteig_PF,99_Bahnsteig_PF
5740037937,63784921219248,99_Bahnsteig_PF,99_Bahnsteig_PF
5740054600,63784921219259,99_Bahnsteig_PF,99_Bahnsteig_PF
5740062932,63784921219272,99_Bahnsteig_PF,99_Bahnsteig_PF
5740071263,63784921219282,99_Bahnsteig_PF,99_Bahnsteig_PF
5740087926,63784921219294,99_Bahnsteig_PF,99_Bahnsteig_PF
5740096258,63784921219306,99_Bahnsteig_PF,99_Bahnsteig_PF
5740104590,63784921219316,99_Bahnsteig_PF,99_Bahnsteig_PF
5740121253,63784921219328,99_Bahnsteig_PF,99_Bahnsteig_PF
5740129584,63784921219340,99_Bahnsteig_PF,99_Bahnsteig_PF
5740146247,63784921219351,99_Bahnsteig_PF,99_Bahnsteig_PF
5740154579,63784921219362,None,None
5740162910,63784921219374,None,None
5740179573,63784921219385,None,None
5740187905,63784921219397,None,None
5740196236,63784921219408,None,None
5740212899,63784921219419,None,None
5740221231,63784921219430,None,None
5740229562,63784921219441,None,None
5740246225,63784921219452,None,None
5740254557,63784921219463,None,None
5740262888,63784921219474,None,None
5740279552,63784921219485,None,None
5740287883,63784921219497,None,None
5740304546,63784921219508,None,None
5740312878,63784921219519,None,None
5740321209,63784921219531,None,None
5740337872,63784921219542,None,None
5740346204,63784921219553,None,None
5740354535,63784921219565,None,None
5740371198,63784921219575,None,None
5740379530,63784921219586,None,None
5740387861,63784921219598,None,None
5740404524,63784921219609,None,None
5740412856,63784921219620,None,None
5740421187,63784921219630,None,None
5740437851,63784921219642,None,None
5740446182,63784921219653,None,None
5740454514,63784921219664,None,None
5740471177,63784921219675,None,None
5740479508,63784921219686,None,None
5740487840,63784921219697,None,None
5740504503,63784921219709,None,None
5740512834,63784921219720,None,None
5740521166,63784921219731,None,None
5740537829,63784921219743,None,None
5740546160,63784921219754,None,None
5740554492,63784921219765,None,None
5740571155,63784921219776,None,None
5740579486,63784921219787,None,None
5740587818,63784921219799,None,None
5740604481,63784921219810,None,None
5740612813,63784921219821,None,None
5740621144,63784921219832,None,None
5740637807,63784921219843,None,None
5740646139,63784921219855,None,None
5740654470,63784921219866,None,None
5740671133,63784921219878,None,None
5740679465,63784921219888,None,None
5740687796,63784921219899,None,None
5740704459,63784921219911,None,None
5740712791,63784921219922,None,None
5740721122,63784921219933,None,None
5740737785,63784921219944,None,None
5740746117,63784921219955,None,None
5740762780,63784921219967,None,None
5740771112,63784921219977,None,None
5740779443,63784921219988,None,None
5740787775,63784921220000,None,None
5740804438,63784921220011,None,None
5740812769,63784921220022,None,None
5740829432,63784921220034,None,None
5740837764,63784921220044,None,None
5740846095,63784921220056,None,None
5740862758,63784921220067,None,None
5740871090,63784921220078,None,None
5740879421,63784921220089,None,None
5740896084,63784921220101,None,None
5740904416,63784921220111,None,None
5740904416,63784921220123,None,None
5740904416,63784921220134,None,None
5740904416,63784921220145,None,None
5740904416,63784921220157,None,None
5740904416,63784921220167,None,None
5740904416,63784921220178,None,None
5740904416,63784921220191,None,None
5740904416,63784921220201,None,None
5740904416,63784921220212,None,None
5741012726,63784921220223,99_Bahnsteig_PF,None
5741029389,63784921220234,99_Bahnsteig_PF,None
5741037720,63784921220245,99_Bahnsteig_PF,None
5741046052,63784921220257,99_Bahnsteig_PF,None
5741062715,63784921220267,99_Bahnsteig_PF,99_Bahnsteig_PF
5741071046,63784921220279,99_Bahnsteig_PF,None
5741079378,63784921220291,99_Bahnsteig_PF,None
5741096041,63784921220301,99_Bahnsteig_PF,None
5741104373,63784921220312,99_Bahnsteig_PF,None
5741112704,63784921220324,99_Bahnsteig_PF,99_Bahnsteig_PF
5741129367,63784921220335,99_Bahnsteig_PF,99_Bahnsteig_PF
5741137699,63784921220346,99_Bahnsteig_PF,99_Bahnsteig_PF
5741146030,63784921220357,99_Bahnsteig_PF,99_Bahnsteig_PF
5741162693,63784921220368,99_Bahnsteig_PF,None
5741171025,63784921220379,99_Bahnsteig_PF,None
5741179356,63784921220392,99_Bahnsteig_PF,99_Bahnsteig_PF
5741196019,63784921220402,99_Bahnsteig_PF,99_Bahnsteig_PF
5741204351,63784921220413,99_Bahnsteig_PF,99_Bahnsteig_PF
5741212682,63784921220425,99_Bahnsteig_PF,99_Bahnsteig_PF
5741229345,63784921220435,99_Bahnsteig_PF,99_Bahnsteig_PF
5741237677,63784921220446,99_Bahnsteig_PF,99_Bahnsteig_PF
5741254340,63784921220458,99_Bahnsteig_PF,99_Bahnsteig_PF
5741262672,63784921220469,99_Bahnsteig_PF,99_Bahnsteig_PF
5741271003,63784921220480,99_Bahnsteig_PF,99_Bahnsteig_PF
5741287666,63784921220492,99_Bahnsteig_PF,99_Bahnsteig_PF
5741295998,63784921220503,99_Bahnsteig_PF,99_Bahnsteig_PF
5741304329,63784921220513,99_Bahnsteig_PF,99_Bahnsteig_PF
5741320992,63784921220525,99_Bahnsteig_PF,99_Bahnsteig_PF
5741329324,63784921220536,99_Bahnsteig_PF,99_Bahnsteig_PF
5741337655,63784921220547,99_Bahnsteig_PF,99_Bahnsteig_PF
5741354318,63784921220559,99_Bahnsteig_PF,99_Bahnsteig_PF
5741362650,63784921220570,99_Bahnsteig_PF,99_Bahnsteig_PF
5741370981,63784921220580,99_Bahnsteig_PF,99_Bahnsteig_PF
5741387644,63784921220592,99_Bahnsteig_PF,99_Bahnsteig_PF
5741395976,63784921220603,99_Bahnsteig_PF,99_Bahnsteig_PF
5741404307,63784921220614,99_Bahnsteig_PF,99_Bahnsteig_PF
5741420970,63784921220625,99_Bahnsteig_PF,99_Bahnsteig_PF
5741429302,63784921220636,99_Bahnsteig_PF,99_Bahnsteig_PF
5741437634,63784921220647,99_Bahnsteig_PF,99_Bahnsteig_PF
5741454297,63784921220659,99_Bahnsteig_PF,99_Bahnsteig_PF
5741462628,63784921220670,99_Bahnsteig_PF,99_Bahnsteig_PF
5741470960,63784921220681,99_Bahnsteig_PF,99_Bahnsteig_PF
5741487623,63784921220693,99_Bahnsteig_PF,99_Bahnsteig_PF
5741495954,63784921220704,99_Bahnsteig_PF,99_Bahnsteig_PF
5741504286,63784921220715,99_Bahnsteig_PF,99_Bahnsteig_PF
5741520949,63784921220726,99_Bahnsteig_PF,99_Bahnsteig_PF
5741529280,63784921220737,99_Bahnsteig_PF,99_Bahnsteig_PF
5741537612,63784921220748,99_Bahnsteig_PF,99_Bahnsteig_PF
5741554275,63784921220760,99_Bahnsteig_PF,99_Bahnsteig_PF
5741562606,63784921220771,99_Bahnsteig_PF,99_Bahnsteig_PF
5741570938,63784921220781,99_Bahnsteig_PF,99_Bahnsteig_PF
5741587601,63784921220793,99_Bahnsteig_PF,99_Bahnsteig_PF
5741595932,63784921220804,99_Bahnsteig_PF,99_Bahnsteig_PF
5741604264,63784921220816,99_Bahnsteig_PF,99_Bahnsteig_PF
5741620927,63784921220826,99_Bahnsteig_PF,99_Bahnsteig_PF
5741629259,63784921220837,99_Bahnsteig_PF,99_Bahnsteig_PF
5741637590,63784921220848,99_Bahnsteig_PF,99_Bahnsteig_PF
5741654253,63784921220859,99_Bahnsteig_PF,99_Bahnsteig_PF
5741662585,63784921220871,99_Bahnsteig_PF,99_Bahnsteig_PF
5741670916,63784921220882,99_Bahnsteig_PF,99_Bahnsteig_PF
5741687579,63784921220894,99_Bahnsteig_PF,99_Bahnsteig_PF
5741695911,63784921220904,99_Bahnsteig_PF,99_Bahnsteig_PF
5741704242,63784921220916,99_Bahnsteig_PF,99_Bahnsteig_PF
5741720905,63784921220927,99_Bahnsteig_PF,99_Bahnsteig_PF
5741729237,63784921220938,99_Bahnsteig_PF,99_Bahnsteig_PF
5741737568,63784921220949,99_Bahnsteig_PF,99_Bahnsteig_PF
5741754231,63784921220961,99_Bahnsteig_PF,99_Bahnsteig_PF
5741762563,63784921220972,99_Bahnsteig_PF,99_Bahnsteig_PF
5741779226,63784921220983,99_Bahnsteig_PF,99_Bahnsteig_PF
5741787558,63784921220994,99_Bahnsteig_PF,99_Bahnsteig_PF
5741795889,63784921221005,99_Bahnsteig_PF,99_Bahnsteig_PF
5741812552,63784921221016,99_Bahnsteig_PF,99_Bahnsteig_PF
5741820884,63784921221027,99_Bahnsteig_PF,99_Bahnsteig_PF
5741829215,63784921221038,99_Bahnsteig_PF,99_Bahnsteig_PF
5741845878,63784921221050,99_Bahnsteig_PF,99_Bahnsteig_PF
5741854210,63784921221061,99_Bahnsteig_PF,99_Bahnsteig_PF
5741862541,63784921221072,99_Bahnsteig_PF,99_Bahnsteig_PF
5741879204,63784921221083,99_Bahnsteig_PF,99_Bahnsteig_PF
5741887536,63784921221094,99_Bahnsteig_PF,99_Bahnsteig_PF
5741895867,63784921221105,99_Bahnsteig_PF,99_Bahnsteig_PF
5741912530,63784921221117,99_Bahnsteig_PF,99_Bahnsteig_PF
5741920862,63784921221128,99_Bahnsteig_PF,99_Bahnsteig_PF
5741929194,63784921221139,99_Bahnsteig_PF,99_Bahnsteig_PF
5741945857,63784921221150,99_Bahnsteig_PF,99_Bahnsteig_PF
5741954188,63784921221161,99_Bahnsteig_PF,99_Bahnsteig_PF
5741962520,63784921221173,99_Bahnsteig_PF,99_Bahnsteig_PF
5741979183,63784921221184,99_Bahnsteig_PF,99_Bahnsteig_PF
5741987514,63784921221195,99_Bahnsteig_PF,99_Bahnsteig_PF
5741995846,63784921221206,99_Bahnsteig_PF,99_Bahnsteig_PF
5742012509,63784921221218,99_Bahnsteig_PF,99_Bahnsteig_PF
5742020840,63784921221228,99_Bahnsteig_PF,99_Bahnsteig_PF
5742029172,63784921221240,99_Bahnsteig_PF,99_Bahnsteig_PF
5742045835,63784921221251,99_Bahnsteig_PF,99_Bahnsteig_PF
5742054166,63784921221262,99_Bahnsteig_PF,99_Bahnsteig_PF
5742062498,63784921221273,99_Bahnsteig_PF,99_Bahnsteig_PF
5742079161,63784921221285,99_Bahnsteig_PF,99_Bahnsteig_PF
5742087492,63784921221295,99_Bahnsteig_PF,99_Bahnsteig_PF
5742095824,63784921221307,99_Bahnsteig_PF,99_Bahnsteig_PF
5742112487,63784921221318,99_Bahnsteig_PF,99_Bahnsteig_PF
5742120819,63784921221330,99_Bahnsteig_PF,99_Bahnsteig_PF
5742137482,63784921221342,99_Bahnsteig_PF,99_Bahnsteig_PF
5742145813,63784921221351,99_Bahnsteig_PF,99_Bahnsteig_PF
5742154145,63784921221362,99_Bahnsteig_PF,99_Bahnsteig_PF
5742162476,63784921221374,99_Bahnsteig_PF,99_Bahnsteig_PF
5742179139,63784921221385,99_Bahnsteig_PF,99_Bahnsteig_PF
5742187471,63784921221396,99_Bahnsteig_PF,99_Bahnsteig_PF
5742204134,63784921221407,None,99_Bahnsteig_PF
5742212465,63784921221417,99_Bahnsteig_PF,99_Bahnsteig_PF
5742220797,63784921221429,99_Bahnsteig_PF,99_Bahnsteig_PF
5742229128,63784921221440,99_Bahnsteig_PF,99_Bahnsteig_PF
5742245791,63784921221451,99_Bahnsteig_PF,99_Bahnsteig_PF
5742254123,63784921221463,99_Bahnsteig_PF,99_Bahnsteig_PF
5742270786,63784921221474,None,None
5742279118,63784921221485,99_Bahnsteig_PF,99_Bahnsteig_PF
5742287449,63784921221496,99_Bahnsteig_PF,99_Bahnsteig_PF
5742304112,63784921221507,99_Bahnsteig_PF,99_Bahnsteig_PF
5742312444,63784921221519,99_Bahnsteig_PF,99_Bahnsteig_PF
5742320775,63784921221529,99_Bahnsteig_PF,99_Bahnsteig_PF
5742337438,63784921221541,99_Bahnsteig_PF,99_Bahnsteig_PF
5742345770,63784921221552,99_Bahnsteig_PF,99_Bahnsteig_PF
5742354101,63784921221563,99_Bahnsteig_PF,99_Bahnsteig_PF
5742370764,63784921221575,99_Bahnsteig_PF,99_Bahnsteig_PF
5742379096,63784921221586,99_Bahnsteig_PF,99_Bahnsteig_PF
5742387427,63784921221597,99_Bahnsteig_PF,99_Bahnsteig_PF
5742404090,63784921221608,99_Bahnsteig_PF,99_Bahnsteig_PF
5742412422,63784921221619,99_Bahnsteig_PF,99_Bahnsteig_PF
5742420753,63784921221630,None,99_Bahnsteig_PF
5742437417,63784921221642,None,None
5742445748,63784921221653,None,None
5742462411,63784921221664,None,None
5742470743,63784921221676,None,None
5742479074,63784921221686,None,None
5742495737,63784921221698,None,None
5742504069,63784921221709,None,99_Bahnsteig_PF
5742512400,63784921221720,None,None
5742520732,63784921221731,None,None
5742537395,63784921221742,99_Bahnsteig_PF,None
5742545726,63784921221753,99_Bahnsteig_PF,99_Bahnsteig_PF
5742554058,63784921221764,99_Bahnsteig_PF,99_Bahnsteig_PF
5742570721,63784921221777,None,None
5742579052,63784921221786,None,None
5742587384,63784921221798,None,None
5742604047,63784921221809,None,99_Bahnsteig_PF
5742612379,63784921221821,99_Bahnsteig_PF,None
5742620710,63784921221831,99_Bahnsteig_PF,None
5742637373,63784921221843,99_Bahnsteig_PF,None
5742645705,63784921221854,99_Bahnsteig_PF,None
5742654036,63784921221865,99_Bahnsteig_PF,None
5742670699,63784921221876,None,None
5742679031,63784921221887,99_Bahnsteig_PF,None
5742687362,63784921221898,99_Bahnsteig_PF,None
5742704025,63784921221910,99_Bahnsteig_PF,None
5742712357,63784921221921,99_Bahnsteig_PF,None
5742720688,63784921221932,99_Bahnsteig_PF,99_Bahnsteig_PF
5742737351,63784921221943,99_Bahnsteig_PF,None
5742754014,63784921221965,None,None
5742762346,63784921221971,99_Bahnsteig_PF,99_Bahnsteig_PF
5742770678,63784921221977,99_Bahnsteig_PF,None
5742779009,63784921221984,99_Bahnsteig_PF,None
5742787341,63784921221995,99_Bahnsteig_PF,99_Bahnsteig_PF
5742795672,63784921222006,None,None
5742812335,63784921222017,99_Bahnsteig_PF,99_Bahnsteig_PF
5742820667,63784921222028,None,None
5742837330,63784921222039,None,99_Bahnsteig_PF
5742845661,63784921222050,None,None
5742853993,63784921222062,None,None
5742870656,63784921222073,None,None
5742878987,63784921222084,None,None
5742887319,63784921222095,None,None
5742903982,63784921222106,None,None
5742912313,63784921222118,None,None
5742912313,63784921222129,None,None
5742912313,63784921222140,None,None
5742912313,63784921222151,None,None
5742912313,63784921222163,None,None
5742912313,63784921222174,None,None
5742912313,63784921222185,None,None
5742912313,63784921222196,None,None
5742912313,63784921222207,None,None
5743012292,63784921222219,None,None
5743020623,63784921222230,None,None
5743028955,63784921222240,None,None
5743045618,63784921222251,None,None
5743053949,63784921222263,None,None
5743062281,63784921222274,None,None
5743078944,63784921222285,None,None
5743087275,63784921222297,None,None
5743103939,63784921222307,None,None
5743112270,63784921222319,None,None
5743120602,63784921222330,None,None
5743137265,63784921222342,None,None
5743145596,63784921222353,None,None
5743153928,63784921222365,None,None
5743170591,63784921222377,None,None
5743178922,63784921222387,None,None
5743187254,63784921222398,None,None
5743203917,63784921222410,None,None
5743212248,63784921222421,None,None
5743220580,63784921222433,None,None
5743237243,63784921222444,None,None
5743245574,63784921222455,None,None
5743262238,63784921222466,None,None
5743270569,63784921222477,None,None
5743278901,63784921222489,None,None
5743295564,63784921222500,None,None
5743303895,63784921222512,None,None
5743312227,63784921222523,None,None
5743328890,63784921222535,None,None
5743337221,63784921222546,None,None
5743353884,63784921222557,None,None
5743362216,63784921222569,None,None
5743370547,63784921222580,None,None
5743387210,63784921222591,None,None
5743395542,63784921222602,None,None
5743403873,63784921222614,None,None
5743420536,63784921222624,None,None
5743428868,63784921222636,None,None
5743437200,63784921222648,None,None
5743453863,63784921222658,None,None
5743462194,63784921222670,None,None
5743470526,63784921222681,None,None
5743487189,63784921222693,None,None
5743495520,63784921222703,None,None
5743503852,63784921222714,None,None
5743520515,63784921222725,None,None
5743528846,63784921222736,None,None
5743537178,63784921222747,None,None
5743553841,63784921222758,None,None
5743562172,63784921222770,None,None
5743578835,63784921222783,None,None
5743587167,63784921222792,None,None
5743595498,63784921222804,None,None
5743603830,63784921222815,None,None
5743620493,63784921222826,None,None
5743628825,63784921222837,None,None
5743637156,63784921222848,None,None
5743653819,63784921222860,None,None
5743662151,63784921222870,None,None
5743670482,63784921222882,None,None
5743687145,63784921222893,None,None
5743695477,63784921222904,None,None
5743703808,63784921222916,None,None
5743720471,63784921222927,None,None
5743728803,63784921222937,None,None
5743745466,63784921222949,None,None
5743753797,63784921222960,None,None
5743762129,63784921222971,None,None
5743770461,63784921222982,None,None
5743787124,63784921222994,None,None
5743795455,63784921223005,None,None
5743812118,63784921223015,None,None
5743820450,63784921223026,None,None
5743828781,63784921223037,None,None
5743845444,63784921223049,None,None
5743853776,63784921223060,None,None
5743862107,63784921223071,None,None
5743878770,63784921223082,None,None
5743887102,63784921223094,None,None
5743895433,63784921223105,None,None
5743912096,63784921223116,None,None
5743920428,63784921223127,None,None
5743928760,63784921223138,None,None
5743945423,63784921223149,None,None
5743953754,63784921223161,None,Wayfinding_S
5743962086,63784921223172,None,Wayfinding_S
5743978749,63784921223183,None,Wayfinding_S
5743987080,63784921223194,None,Wayfinding_S
5743995412,63784921223206,None,Wayfinding_S
5744012075,63784921223217,None,Wayfinding_S
5744020406,63784921223228,None,Wayfinding_S
5744028738,63784921223239,None,Wayfinding_S
5744045401,63784921223250,None,Wayfinding_S
5744053732,63784921223261,None,Wayfinding_S
5744062064,63784921223272,Wayfinding_S,None
5744078727,63784921223284,None,None
5744087058,63784921223295,None,None
5744095390,63784921223305,None,None
5744112053,63784921223317,None,None
5744120385,63784921223329,None,None
5744128716,63784921223340,None,None
5744145379,63784921223350,None,None
5744153711,63784921223362,None,None
5744162042,63784921223373,None,None
5744178705,63784921223384,None,None
5744187037,63784921223396,None,None
5744195368,63784921223406,None,None
5744212031,63784921223418,None,None
5744220363,63784921223429,None,None
5744237026,63784921223441,None,None
5744245357,63784921223451,None,None
5744253689,63784921223462,None,None
5744262020,63784921223473,None,None
5744278684,63784921223484,None,None
5744287015,63784921223496,None,None
5744295347,63784921223507,None,None
5744312010,63784921223518,None,None
5744320341,63784921223530,None,None
5744328673,63784921223540,None,None
5744345336,63784921223552,None,None
5744353667,63784921223563,None,None
5744361999,63784921223574,None,None
5744378662,63784921223585,None,None
5744386993,63784921223596,None,None
5744403656,63784921223608,None,None
5744411988,63784921223619,None,None
5744420319,63784921223631,None,None
5744436983,63784921223641,None,None
5744445314,63784921223652,None,None
5744453646,63784921223663,None,None
5744470309,63784921223674,None,None
5744478640,63784921223686,None,None
5744486972,63784921223697,None,None
5744503635,63784921223708,None,None
5744511966,63784921223719,None,None
5744520298,63784921223731,None,None
5744536961,63784921223741,None,None
5744545292,63784921223753,None,None
5744553624,63784921223764,None,None
5744570287,63784921223776,None,None
5744578618,63784921223787,None,None
5744586950,63784921223798,None,None
5744603613,63784921223809,None,None
5744611945,63784921223820,None,None
5744620276,63784921223831,None,None
5744636939,63784921223842,None,None
5744645271,63784921223853,None,None
5744653602,63784921223865,None,None
5744670265,63784921223877,None,None
5744678597,63784921223888,None,None
5744686928,63784921223899,None,None
5744703591,63784921223909,None,None
5744711923,63784921223922,None,None
5744720254,63784921223932,None,None
5744736917,63784921223944,None,None
5744745249,63784921223954,None,None
5744761912,63784921223967,None,None
5744770244,63784921223977,None,None
5744778575,63784921223987,None,None
5744795238,63784921223999,None,None
5744803570,63784921224009,None,None
5744811901,63784921224021,None,None
5744828564,63784921224032,None,None
5744836896,63784921224043,None,None
5744845227,63784921224054,None,None
5744861890,63784921224065,None,None
5744870222,63784921224076,None,None
5744878553,63784921224087,None,None
5744895216,63784921224100,None,None
5744903548,63784921224110,None,None
5744911879,63784921224121,None,None
5744928542,63784921224133,None,None
5744936874,63784921224143,None,None
5744945206,63784921224155,None,None
5744961869,63784921224167,None,None
5744970200,63784921224177,None,None
5744978532,63784921224188,None,None
5744995195,63784921224200,None,None
5745003526,63784921224211,None,None
5745011858,63784921224222,None,None
5745028521,63784921224233,None,None
5745036852,63784921224244,None,None
5745045184,63784921224256,None,None
5745061847,63784921224267,None,None
5745070178,63784921224278,None,None
5745078510,63784921224289,None,None
5745095173,63784921224300,None,None
5745103505,63784921224311,None,None
5745111836,63784921224323,None,None
5745128499,63784921224334,None,None
5745136831,63784921224345,None,None
5745145162,63784921224355,None,None
5745161825,63784921224367,None,None
5745170157,63784921224379,None,None
5745178488,63784921224390,None,None
5745195151,63784921224401,None,None
5745203483,63784921224412,None,None
5745211814,63784921224423,None,None
5745228477,63784921224434,None,None
5745236809,63784921224445,None,None
5745245140,63784921224457,None,None
5745261804,63784921224468,None,None
5745270135,63784921224479,None,None
5745278467,63784921224490,None,None
5745295130,63784921224502,None,None
5745303461,63784921224513,None,None
5745311793,63784921224524,None,None
5745328456,63784921224535,None,None
5745336787,63784921224546,None,None
5745353450,63784921224557,None,None
5745361782,63784921224568,None,None
5745370113,63784921224579,None,None
5745378445,63784921224590,None,None
5745395108,63784921224601,None,None
5745403439,63784921224612,None,None
5745420102,63784921224624,None,None
5745428434,63784921224635,None,None
5745436766,63784921224646,None,None
5745453429,63784921224657,None,None
5745461760,63784921224669,None,None
5745470092,63784921224680,None,None
5745486755,63784921224691,None,None
5745495086,63784921224702,None,None
5745503418,63784921224714,None,None
5745520081,63784921224725,None,None
5745528412,63784921224736,None,None
5745536744,63784921224747,None,None
5745553407,63784921224758,None,None
5745561738,63784921224770,None,None
5745570070,63784921224781,None,None
5745586733,63784921224793,None,None
5745595064,63784921224803,None,None
5745603396,63784921224814,None,None
5745620059,63784921224825,None,None
5745628391,63784921224837,None,None
5745636722,63784921224848,None,None
5745653385,63784921224859,None,None
5745661717,63784921224870,None,None
5745670048,63784921224882,None,None
5745686711,63784921224893,None,None
5745695043,63784921224904,None,None
5745703374,63784921224915,None,None
5745720037,63784921224925,None,None
5745728369,63784921224936,None,None
5745736700,63784921224948,None,None
5745753363,63784921224960,None,None
5745761695,63784921224971,None,None
5745770027,63784921224981,None,None
5745786690,63784921224992,None,None
5745795021,63784921225004,None,None
5745803353,63784921225015,None,None
5745820016,63784921225026,None,None
5745828347,63784921225037,None,None
5745836679,63784921225049,None,None
5745853342,63784921225061,None,None
5745861673,63784921225071,None,None
5745878336,63784921225082,None,None
5745886668,63784921225093,None,None
5745894999,63784921225105,None,None
5745911662,63784921225115,None,None
5745919994,63784921225126,None,None
5745928326,63784921225137,None,None
5745944989,63784921225149,None,None
5745953320,63784921225160,None,None
5745961652,63784921225171,None,None
5745978315,63784921225187,None,None
5745986646,63784921225194,None,None
5745994978,63784921225201,None,None
5746003309,63784921225212,None,None
5746011641,63784921225223,None,None
5746028304,63784921225234,None,None
5746036635,63784921225245,None,None
5746053298,63784921225257,None,None
5746061630,63784921225268,None,None
5746069961,63784921225279,None,None
5746086624,63784921225290,None,None
5746094956,63784921225302,None,None
5746103288,63784921225313,None,None
5746119951,63784921225324,None,None
5746128282,63784921225335,None,None
5746136614,63784921225347,None,None
5746153277,63784921225358,None,None
5746161608,63784921225369,None,None
5746169940,63784921225380,None,None
5746186603,63784921225391,None,None
5746194934,63784921225402,None,None
5746203266,63784921225414,None,None
5746219929,63784921225425,None,None
5746228260,63784921225436,None,None
5746236592,63784921225447,None,None
5746253255,63784921225457,None,None
5746261586,63784921225469,None,None
5746269918,63784921225480,None,None
5746286581,63784921225491,None,None
5746294913,63784921225503,None,None
5746303244,63784921225513,None,None
5746319907,63784921225525,None,None
5746328239,63784921225536,None,None
5746336570,63784921225547,None,None
5746353233,63784921225559,None,None
5746361565,63784921225570,None,None
5746378228,63784921225582,None,None
5746386559,63784921225593,None,None
5746394891,63784921225604,None,None
5746411554,63784921225615,None,None
5746419885,63784921225628,None,None
5746428217,63784921225638,None,None
5746444880,63784921225650,None,None
5746453212,63784921225661,None,None
5746461543,63784921225672,None,None
5746478206,63784921225684,None,None
5746486538,63784921225695,None,None
5746494869,63784921225706,None,None
5746511532,63784921225718,None,None
5746519864,63784921225729,None,None
5746536527,63784921225741,None,None
5746544858,63784921225752,None,None
5746553190,63784921225763,None,None
5746569853,63784921225774,None,None
5746578184,63784921225786,None,None
5746586516,63784921225798,None,None
5746603179,63784921225808,None,None
5746611511,63784921225819,None,None
5746619842,63784921225830,None,None
5746636505,63784921225842,None,None
5746644837,63784921225853,None,None
5746653168,63784921225864,None,None
5746669831,63784921225875,None,None
5746678163,63784921225887,None,None
5746686494,63784921225897,None,None
5746703157,63784921225909,None,None
5746711489,63784921225919,None,None
5746719820,63784921225931,None,None
5746736483,63784921225942,None,None
5746744815,63784921225953,None,None
5746753146,63784921225964,None,None
5746769810,63784921225976,None,None
5746778141,63784921225987,None,None
5746786473,63784921225998,None,None
5746803136,63784921226009,None,None
5746811467,63784921226020,None,None
5746819799,63784921226032,None,None
5746836462,63784921226043,None,None
5746844793,63784921226054,None,None
5746861456,63784921226065,None,None
5746869788,63784921226076,None,None
5746878119,63784921226087,None,None
5746886451,63784921226098,None,None
5746903114,63784921226110,None,None
5746911445,63784921226121,None,None
5746928108,63784921226132,None,None
5746936440,63784921226144,None,None
5746944772,63784921226154,None,None
5746961435,63784921226165,None,None
5746969766,63784921226177,None,None
5746978098,63784921226187,None,None
5746994761,63784921226199,None,None
5747003092,63784921226210,None,None
5747011424,63784921226221,None,None
5747028087,63784921226232,None,None
5747036418,63784921226244,None,None
5747044750,63784921226255,None,None
5747061413,63784921226266,None,None
5747069744,63784921226277,None,None
5747078076,63784921226289,None,None
5747094739,63784921226299,None,None
5747103071,63784921226311,None,None
5747111402,63784921226322,None,None
5747128065,63784921226333,None,None
5747136397,63784921226344,None,None
5747144728,63784921226355,None,None
5747161391,63784921226367,None,None
5747169723,63784921226378,None,None
5747178054,63784921226389,None,None
5747194717,63784921226400,None,None
5747203049,63784921226412,None,None
5747211380,63784921226423,None,None
5747228043,63784921226434,None,None
5747236375,63784921226445,None,None
5747244706,63784921226456,None,None
5747261370,63784921226467,None,None
5747269701,63784921226478,None,None
5747278033,63784921226490,None,None
5747294696,63784921226501,None,None
5747303027,63784921226512,None,None
5747311359,63784921226522,None,None
5747328022,63784921226534,None,None
5747336353,63784921226545,None,None
5747344685,63784921226556,None,None
5747361348,63784921226568,None,None
5747369679,63784921226579,None,None
5747386342,63784921226591,None,None
5747394674,63784921226601,None,None
5747403005,63784921226612,None,None
5747419668,63784921226624,None,None
5747428000,63784921226636,None,None
5747436332,63784921226647,None,None
5747452995,63784921226656,None,None
5747461326,63784921226669,None,None
5747469658,63784921226680,None,None
5747486321,63784921226691,None,None
5747494652,63784921226702,None,None
5747502984,63784921226713,None,None
5747519647,63784921226724,None,None
5747527978,63784921226735,None,None
5747536310,63784921226747,None,None
5747552973,63784921226758,None,None
5747561304,63784921226770,None,None
5747569636,63784921226780,None,None
5747586299,63784921226791,None,None
5747594630,63784921226805,None,None
5747602962,63784921226814,None,None
5747619625,63784921226825,None,None
5747627957,63784921226836,None,None
5747636288,63784921226847,None,None
5747652951,63784921226857,None,None
5747661283,63784921226869,None,None
5747669614,63784921226880,None,None
5747686277,63784921226891,None,None
5747694609,63784921226902,None,None
5747702940,63784921226914,None,None
5747719603,63784921226925,None,None
5747727935,63784921226936,None,None
5747736266,63784921226947,None,None
5747752929,63784921226958,None,None
5747761261,63784921226969,None,None
5747769593,63784921226981,None,None
5747786256,63784921226992,None,None
5747794587,63784921227004,None,None
5747802919,63784921227014,None,None
5747819582,63784921227025,None,None
5747827913,63784921227038,None,None
5747836245,63784921227048,None,None
5747852908,63784921227059,None,None
5747861239,63784921227071,None,None
5747869571,63784921227081,None,None
5747886234,63784921227093,None,None
5747894565,63784921227104,None,None
5747902897,63784921227115,None,None
5747919560,63784921227126,None,None
5747927892,63784921227138,None,None
5747944555,63784921227149,None,None
5747952886,63784921227160,None,None
5747961218,63784921227172,None,None
5747977881,63784921227182,None,None
5747986212,63784921227193,None,None
5747994544,63784921227204,None,None
5748011207,63784921227215,None,None
5748019538,63784921227227,None,None
5748027870,63784921227238,None,None
5748044533,63784921227249,None,None
5748052864,63784921227260,None,None
5748061196,63784921227271,None,None
5748077859,63784921227282,None,None
5748086190,63784921227293,None,None
5748094522,63784921227304,None,None
5748111185,63784921227316,None,None
5748119517,63784921227327,None,None
5748127848,63784921227339,None,None
5748144511,63784921227349,None,None
5748152843,63784921227361,None,None
5748161174,63784921227372,None,None
5748177837,63784921227384,None,None
5748186169,63784921227395,None,None
5748194500,63784921227405,None,None
5748211163,63784921227416,None,None
5748219495,63784921227427,None,None
5748227826,63784921227438,None,None
5748244489,63784921227449,None,None
5748252821,63784921227460,None,None
5748261152,63784921227472,None,None
5748277816,63784921227483,None,None
5748286147,63784921227494,None,None
5748294479,63784921227505,None,None
5748311142,63784921227516,None,None
5748319473,63784921227528,None,None
5748327805,63784921227540,None,None
5748344468,63784921227550,None,None
5748352799,63784921227561,None,None
5748361131,63784921227573,None,None
5748377794,63784921227584,None,None
5748386125,63784921227595,None,None
5748402788,63784921227607,None,None
5748411120,63784921227618,None,None
5748419451,63784921227629,None,None
5748436115,63784921227640,None,None
5748444446,63784921227651,None,None
5748452778,63784921227662,None,None
5748469441,63784921227674,None,None
5748477772,63784921227684,None,None
5748486104,63784921227696,None,None
5748502767,63784921227707,None,None
5748511098,63784921227718,None,None
5748519430,63784921227729,None,None
5748536093,63784921227740,None,None
5748544424,63784921227751,None,None
5748552756,63784921227763,None,None
5748569419,63784921227774,None,None
5748577750,63784921227785,None,None
5748586082,63784921227796,None,None
5748602745,63784921227810,None,None
5748611077,63784921227819,None,None
5748619408,63784921227830,None,None
5748636071,63784921227841,None,None
5748644403,63784921227853,None,None
5748652734,63784921227863,None,None
5748669397,63784921227875,None,None
5748677729,63784921227886,None,None
5748686060,63784921227897,None,None
5748702723,63784921227908,None,None
5748711055,63784921227919,None,None
5748719386,63784921227930,None,None
5748736049,63784921227942,None,None
5748744381,63784921227953,None,None
5748752712,63784921227964,None,None
5748769376,63784921227975,None,None
5748777707,63784921227986,None,None
5748794370,63784921227998,None,None
5748802702,63784921228009,None,None
5748811033,63784921228020,None,None
5748827696,63784921228031,None,None
5748836028,63784921228042,None,None
5748844359,63784921228053,None,None
5748861022,63784921228064,None,None
5748869354,63784921228075,None,None
5748877685,63784921228086,None,None
5748894348,63784921228097,None,None
5748902680,63784921228108,None,None
5748911011,63784921228120,None,None
5748911011,63784921228131,None,None
5748911011,63784921228143,None,None
5748911011,63784921228154,None,None
5748911011,63784921228165,None,None
5748911011,63784921228176,None,None
5748911011,63784921228193,None,None
5748911011,63784921228198,None,None
5748911011,63784921228205,None,None
5749010990,63784921228216,None,None
5749019321,63784921228227,None,None
5749027653,63784921228239,None,None
5749044316,63784921228250,None,None
5749052647,63784921228261,None,None
5749060979,63784921228273,None,None
5749077642,63784921228284,None,None
5749085973,63784921228294,None,None
5749094305,63784921228305,None,None
5749110968,63784921228316,None,None
5749119300,63784921228327,None,None
5749127631,63784921228339,None,None
5749144294,63784921228350,None,None
5749152626,63784921228361,None,None
5749169289,63784921228373,None,None
5749177620,63784921228384,None,None
5749185952,63784921228395,None,None
5749202615,63784921228406,None,None
5749210946,63784921228417,None,None
5749219278,63784921228428,None,None
5749235941,63784921228440,None,None
5749244272,63784921228451,None,None
5749252604,63784921228462,None,None
5749269267,63784921228474,None,None
5749277599,63784921228484,None,None
5749285930,63784921228496,None,None
5749302593,63784921228508,None,None
5749310925,63784921228518,None,None
5749319256,63784921228530,None,None
5749335919,63784921228540,None,None
5749344251,63784921228552,None,None
5749352582,63784921228563,None,None
5749369245,63784921228574,None,None
5749377577,63784921228585,None,None
5749394240,63784921228597,None,None
5749402571,63784921228608,None,None
5749410903,63784921228620,None,None
5749427566,63784921228631,None,None
5749435898,63784921228643,None,None
5749444229,63784921228654,None,None
5749460892,63784921228665,None,None
5749469224,63784921228677,None,None
5749477555,63784921228689,None,None
5749494218,63784921228699,None,None
5749502550,63784921228712,None,None
5749519213,63784921228723,None,None
5749527544,63784921228734,None,None
5749535876,63784921228746,None,None
5749552539,63784921228757,None,None
5749560870,63784921228768,None,None
5749569202,63784921228779,None,None
5749585865,63784921228791,None,None
5749594196,63784921228801,None,None
5749610860,63784921228815,None,None
5749619191,63784921228825,None,None
5749627523,63784921228835,None,None
5749635854,63784921228846,None,None
5749652517,63784921228857,None,None
5749660849,63784921228868,None,None
5749669180,63784921228880,None,None
5749685843,63784921228891,None,None
5749694175,63784921228902,None,None
5749702506,63784921228913,None,None
5749719169,63784921228925,None,None
5749727501,63784921228935,None,None
5749744164,63784921228948,None,None
5749752495,63784921228958,None,None
5749760827,63784921228969,None,None
5749769159,63784921228980,None,None
5749785822,63784921228991,None,None
5749794153,63784921229002,None,None
5749802485,63784921229014,None,None
5749819148,63784921229025,None,None
5749827479,63784921229036,None,None
5749835811,63784921229047,None,None
5749852474,63784921229059,None,None
5749860805,63784921229069,None,None
5749869137,63784921229081,None,None
5749885800,63784921229092,None,None
5749894131,63784921229103,None,None
5749902463,63784921229114,None,None
5749919126,63784921229125,None,None
5749927458,63784921229136,None,None
5749935789,63784921229147,None,None
5749952452,63784921229159,None,None
5749960784,63784921229169,None,None
5749977447,63784921229181,None,None
5749985778,63784921229192,None,None
5749994110,63784921229203,None,None
5750010773,63784921229214,None,None
5750019104,63784921229227,None,None
5750027436,63784921229237,None,None
5750044099,63784921229248,None,None
5750052430,63784921229260,None,None
5750060762,63784921229271,None,None
5750077425,63784921229282,None,None
5750085756,63784921229293,None,None
5750094088,63784921229305,None,None
5750110751,63784921229315,None,None
5750119083,63784921229327,None,None
5750127414,63784921229338,None,None
5750144077,63784921229350,None,None
5750152409,63784921229360,None,None
5750169072,63784921229373,None,None
5750177403,63784921229383,None,None
5750185735,63784921229394,None,None
5750194066,63784921229405,None,None
5750210729,63784921229415,None,None
5750219061,63784921229427,None,None
5750227392,63784921229438,None,None
5750244055,63784921229450,None,None
5750252387,63784921229461,None,None
5750260718,63784921229472,None,None
5750277382,63784921229483,None,None
5750285713,63784921229494,None,None
5750294045,63784921229505,None,None
5750310708,63784921229516,None,None
5750319039,63784921229527,None,None
5750327371,63784921229539,None,None
5750344034,63784921229550,None,None
5750352365,63784921229561,None,None
5750369028,63784921229573,None,None
5750377360,63784921229584,None,None
5750385691,63784921229594,None,None
5750402354,63784921229606,None,None
5750410686,63784921229616,None,None
5750419017,63784921229628,None,None
5750435681,63784921229639,None,None
5750444012,63784921229650,None,None
5750452344,63784921229661,None,None
5750469007,63784921229673,None,None
5750477338,63784921229683,None,None
5750485670,63784921229695,None,None
5750494001,63784921229706,None,None
5750510664,63784921229717,None,None
5750518996,63784921229730,None,None
5750535659,63784921229740,None,None
5750543990,63784921229751,None,None
5750552322,63784921229763,None,None
5750568985,63784921229773,None,None
5750577316,63784921229784,None,None
5750585648,63784921229795,None,None
5750602311,63784921229807,None,None
5750610643,63784921229821,None,None
5750618974,63784921229830,None,None
5750635637,63784921229840,None,None
5750643969,63784921229852,None,None
5750652300,63784921229863,None,None
5750668963,63784921229875,None,None
5750677295,63784921229885,None,None
5750685626,63784921229896,None,None
5750702289,63784921229907,None,None
5750710621,63784921229919,None,None
5750718952,63784921229930,None,None
5750735615,63784921229941,None,None
5750743947,63784921229952,None,None
5750752278,63784921229963,None,None
5750768942,63784921229975,None,None
5750777273,63784921229986,None,None
5750785605,63784921229997,None,None
5750802268,63784921230008,None,None
5750810599,63784921230020,None,None
5750818931,63784921230031,None,None
5750835594,63784921230043,None,None
5750843925,63784921230052,None,None
5750852257,63784921230063,None,None
5750868920,63784921230075,None,None
5750877251,63784921230086,None,None
5750893914,63784921230097,None,None
5750902246,63784921230108,None,None
5750910577,63784921230119,None,None
5750927240,63784921230131,None,None
5750935572,63784921230142,None,None
5750943904,63784921230153,None,None
5750960567,63784921230164,None,None
5750968898,63784921230175,None,None
5750977230,63784921230186,None,None
5750993893,63784921230198,None,None
5751002224,63784921230209,None,None
5751010556,63784921230220,None,None
5751027219,63784921230231,None,None
5751035550,63784921230243,None,None
5751043882,63784921230253,None,None
5751060545,63784921230265,None,None
5751068876,63784921230276,None,None
5751077208,63784921230288,None,None
5751093871,63784921230298,None,None
5751102203,63784921230310,None,None
5751110534,63784921230321,None,None
5751127197,63784921230332,None,None
5751135529,63784921230344,None,None
5751143860,63784921230354,None,None
5751160523,63784921230365,None,None
5751168855,63784921230376,None,None
5751177186,63784921230388,None,None
5751193849,63784921230399,None,None
5751202181,63784921230410,None,None
5751210512,63784921230421,None,None
5751227175,63784921230433,None,None
5751235507,63784921230444,None,None
5751243838,63784921230455,None,None
5751260502,63784921230466,None,None
5751268833,63784921230477,None,None
5751277165,63784921230488,None,None
5751293828,63784921230500,None,None
5751302159,63784921230511,None,None
5751310491,63784921230522,None,None
5751327154,63784921230533,None,None
5751335485,63784921230545,None,None
5751343817,63784921230555,None,None
5751360480,63784921230567,None,None
5751368811,63784921230578,None,None
5751385474,63784921230589,None,None
5751393806,63784921230600,None,None
5751402137,63784921230612,None,None
5751418800,63784921230623,None,None
5751427132,63784921230633,None,None
5751435464,63784921230645,None,None
5751443795,63784921230655,None,None
5751460458,63784921230667,None,None
5751468790,63784921230678,None,None
5751485453,63784921230689,None,None
5751493784,63784921230700,None,None
5751502116,63784921230711,None,None
5751518779,63784921230722,None,None
5751527110,63784921230734,None,None
5751535442,63784921230745,None,None
5751552105,63784921230756,None,None
5751560436,63784921230768,None,None
5751568768,63784921230779,None,None
5751585431,63784921230790,None,None
5751593762,63784921230801,None,None
5751602094,63784921230812,None,None
5751627089,63784921230836,None,None
5751635420,63784921230842,None,None
5751643752,63784921230848,None,None
5751643752,63784921230853,None,None
5751652083,63784921230863,None,None
5751668746,63784921230874,None,None
5751677078,63784921230885,None,None
5751685409,63784921230896,None,None
5751702072,63784921230907,None,None
5751710404,63784921230918,None,None
5751727067,63784921230930,None,None
5751735398,63784921230941,None,None
5751743730,63784921230952,None,None
5751760393,63784921230964,None,None
5751768725,63784921230975,None,None
5751777056,63784921230986,None,None
5751793719,63784921230997,None,None
5751802051,63784921231008,None,None
5751810382,63784921231019,None,None
5751827045,63784921231030,None,None
5751835377,63784921231042,None,Wayfinding_S
5751843708,63784921231053,None,Wayfinding_S
5751860371,63784921231064,None,None
5751868703,63784921231075,None,Wayfinding_S
5751877034,63784921231087,None,Wayfinding_S
5751893697,63784921231098,None,Wayfinding_S
5751902029,63784921231109,None,Wayfinding_S
5751910360,63784921231120,None,Wayfinding_S
5751927024,63784921231131,None,Wayfinding_S
5751935355,63784921231142,None,Wayfinding_S
5751943687,63784921231153,None,Wayfinding_S
5751960350,63784921231164,None,Wayfinding_S
5751968681,63784921231176,None,Wayfinding_S
5751977013,63784921231187,None,Wayfinding_S
5751993676,63784921231198,None,Wayfinding_S
5752002007,63784921231210,None,Wayfinding_S
5752010339,63784921231221,None,Wayfinding_S
5752027002,63784921231232,None,Wayfinding_S
5752035333,63784921231244,None,Wayfinding_S
5752043665,63784921231254,None,Wayfinding_S
5752060328,63784921231266,None,Wayfinding_S
5752068659,63784921231278,None,Wayfinding_S
5752085322,63784921231288,None,Wayfinding_S
5752093654,63784921231301,None,Wayfinding_S
5752101986,63784921231311,None,None
5752118649,63784921231323,None,None
5752126980,63784921231334,None,None
5752135312,63784921231346,None,None
5752151975,63784921231357,None,None
5752160306,63784921231369,None,None
5752168638,63784921231380,None,None
5752185301,63784921231392,None,None
5752193632,63784921231403,None,None
5752210295,63784921231415,None,None
5752218627,63784921231426,None,None
5752226958,63784921231438,None,None
5752243621,63784921231450,None,None
5752251953,63784921231460,None,None
5752260284,63784921231471,None,None
5752276948,63784921231482,None,None
5752285279,63784921231494,None,None
5752293611,63784921231505,None,None
5752310274,63784921231517,None,None
5752318605,63784921231527,None,None
5752326937,63784921231538,None,None
5752343600,63784921231550,None,None
5752351931,63784921231561,None,None
5752360263,63784921231572,None,None
5752376926,63784921231583,None,None
5752385257,63784921231594,None,None
5752393589,63784921231605,None,None
5752410252,63784921231616,None,None
5752418583,63784921231627,None,None
5752426915,63784921231639,None,None
5752443578,63784921231650,None,None
5752451910,63784921231661,None,None
5752468573,63784921231672,None,None
5752476904,63784921231684,None,None
5752485236,63784921231695,None,None
5752501899,63784921231706,None,None
5752510230,63784921231717,None,None
5752518562,63784921231729,None,None
5752535225,63784921231739,None,None
5752543556,63784921231751,None,None
5752551888,63784921231762,None,None
5752568551,63784921231773,None,None
5752576882,63784921231784,None,None
5752585214,63784921231795,None,None
5752601877,63784921231806,None,None
5752610209,63784921231817,None,None
5752626872,63784921231833,None,None
5752635203,63784921231840,None,None
5752643535,63784921231851,None,None
5752651866,63784921231863,None,None
5752668529,63784921231873,None,None
5752676861,63784921231885,None,None
5752685192,63784921231896,None,None
5752701855,63784921231906,None,None
5752710187,63784921231918,None,None
5752718518,63784921231929,None,None
5752735181,63784921231940,None,None
5752743513,63784921231951,None,None
5752751844,63784921231963,None,None
5752768508,63784921231973,None,None
5752776839,63784921231984,None,None
5752785171,63784921231997,None,None
5752801834,63784921232007,None,None
5752810165,63784921232018,None,None
5752818497,63784921232030,None,None
5752835160,63784921232041,None,None
5752843491,63784921232052,None,None
5752851823,63784921232063,None,None
5752868486,63784921232074,None,None
5752876817,63784921232085,None,None
5752885149,63784921232097,None,None
5752901812,63784921232108,None,None
5752910143,63784921232119,None,None
5752910143,63784921232131,None,None
5752910143,63784921232142,None,None
5752910143,63784921232153,None,None
5752910143,63784921232164,None,None
5752910143,63784921232175,None,None
5752910143,63784921232186,None,None
5752910143,63784921232198,None,None
5752910143,63784921232209,None,None
5753010122,63784921232220,None,None
5753026785,63784921232232,None,None
5753035116,63784921232242,None,None
5753043448,63784921232254,None,None
5753060111,63784921232265,None,None
5753068442,63784921232277,None,None
5753076774,63784921232287,None,None
5753093437,63784921232298,None,None
5753101769,63784921232309,None,None
5753110100,63784921232320,None,None
5753126763,63784921232332,None,None
5753135095,63784921232343,None,None
5753143426,63784921232354,None,None
5753160089,63784921232365,None,None
5753168421,63784921232376,None,None
5753176752,63784921232388,None,None
5753193415,63784921232398,None,None
5753201747,63784921232409,None,None
5753210078,63784921232421,None,None
5753226741,63784921232432,None,None
5753235073,63784921232443,None,None
5753243404,63784921232454,None,None
5753260068,63784921232466,None,None
5753268399,63784921232477,None,None
5753276731,63784921232488,None,None
5753293394,63784921232499,None,None
5753301725,63784921232510,None,None
5753310057,63784921232521,None,None
5753326720,63784921232532,None,None
5753335051,63784921232544,None,None
5753343383,63784921232554,None,None
5753360046,63784921232566,None,None
5753368377,63784921232577,None,None
5753376709,63784921232588,None,None
5753393372,63784921232599,None,None
5753401703,63784921232610,None,None
5753418366,63784921232622,None,None
5753426698,63784921232633,None,None
5753435030,63784921232644,None,None
5753451693,63784921232655,None,None
5753460024,63784921232667,None,None
5753468356,63784921232678,None,None
5753485019,63784921232689,None,None
5753493350,63784921232700,None,None
5753501682,63784921232712,None,None
5753518345,63784921232722,None,None
5753526676,63784921232734,None,None
5753535008,63784921232745,None,None
5753551671,63784921232756,None,None
5753560002,63784921232768,None,None
5753568334,63784921232778,None,None
5753584997,63784921232789,None,None
5753593328,63784921232801,None,None
5753601660,63784921232812,None,None
5753618323,63784921232823,None,None
5753626655,63784921232838,None,None
5753634986,63784921232846,None,None
5753651649,63784921232857,None,None
5753659981,63784921232868,None,None
5753668312,63784921232879,None,None
5753684975,63784921232890,None,None
5753693307,63784921232901,None,None
5753701638,63784921232912,None,None
5753718301,63784921232923,None,None
5753726633,63784921232934,None,None
5753734964,63784921232945,None,None
5753751627,63784921232957,None,None
5753759959,63784921232968,None,None
5753768291,63784921232979,None,None
5753784954,63784921232990,None,None
5753793285,63784921233001,None,None
5753801617,63784921233013,None,None
5753818280,63784921233024,None,None
5753826611,63784921233035,None,None
5753834943,63784921233046,None,None
5753851606,63784921233057,None,None
5753859937,63784921233068,None,None
5753868269,63784921233080,None,None
5753884932,63784921233091,None,None
5753893263,63784921233102,None,None
5753901595,63784921233113,None,None
5753918258,63784921233124,None,None
5753926590,63784921233136,None,None
5753943253,63784921233147,None,None
5753951584,63784921233158,None,None
5753959916,63784921233170,None,None
5753968247,63784921233180,None,None
5753984910,63784921233191,None,None
5753993242,63784921233203,None,None
5754009905,63784921233214,None,None
5754018236,63784921233225,None,None
5754026568,63784921233236,None,None
5754043231,63784921233252,None,None
5754051562,63784921233259,None,None
5754059894,63784921233266,None,None
5754068225,63784921233276,None,None
5754076557,63784921233288,None,None
5754093220,63784921233300,None,None
5754101552,63784921233310,None,None
5754118215,63784921233322,None,None
5754126546,63784921233332,None,None
5754134878,63784921233343,None,None
5754151541,63784921233355,None,None
5754159872,63784921233366,None,None
5754168204,63784921233379,None,None
5754176535,63784921233388,None,None
5754193198,63784921233400,None,None
5754201530,63784921233410,None,None
5754218193,63784921233422,None,None
5754226524,63784921233433,None,None
5754234856,63784921233444,None,None
5754251519,63784921233456,None,None
5754259850,63784921233466,None,None
5754268182,63784921233478,None,None
5754284845,63784921233490,None,None
5754293177,63784921233500,None,None
5754301508,63784921233511,None,None
5754318171,63784921233522,None,None
5754326503,63784921233534,None,None
5754334834,63784921233545,None,None
5754351497,63784921233556,None,None
5754359829,63784921233567,None,None
5754368160,63784921233578,None,None
5754384823,63784921233590,None,None
5754393155,63784921233600,None,None
5754401486,63784921233612,None,None
5754418149,63784921233623,None,None
5754426481,63784921233635,None,None
5754434813,63784921233646,None,None
5754451476,63784921233658,None,None
5754459807,63784921233669,None,None
5754468139,63784921233680,None,None
5754484802,63784921233693,None,None
5754493133,63784921233703,None,None
5754509796,63784921233715,None,None
5754518128,63784921233726,None,None
5754526459,63784921233737,None,None
5754543122,63784921233749,None,None
5754551454,63784921233760,None,None
5754559785,63784921233771,None,None
5754576448,63784921233782,None,None
5754584780,63784921233794,None,None
5754601443,63784921233805,None,None
5754609775,63784921233817,None,None
5754618106,63784921233828,None,None
5754634769,63784921233839,None,None
5754643101,63784921233851,None,None
5754651432,63784921233862,None,None
5754668095,63784921233873,None,None
5754676427,63784921233884,None,None
5754684758,63784921233895,None,None
5754701421,63784921233906,None,None
5754709753,63784921233918,None,None
5754718084,63784921233929,None,None
5754734747,63784921233940,None,None
5754743079,63784921233952,None,None
5754751410,63784921233962,None,None
5754768074,63784921233974,None,None
5754776405,63784921233985,None,None
5754784737,63784921233996,None,None
5754801400,63784921234007,None,None
5754809731,63784921234018,None,None
5754818063,63784921234030,None,None
5754834726,63784921234040,None,None
5754843057,63784921234052,None,None
5754851389,63784921234062,None,None
5754868052,63784921234074,None,None
5754876383,63784921234085,None,None
5754884715,63784921234096,None,None
5754901378,63784921234107,None,None
5754909709,63784921234118,None,None
5754909709,63784921234129,None,None
5754909709,63784921234141,None,None
5754909709,63784921234152,None,None
5754909709,63784921234163,None,None
5754909709,63784921234174,None,None
5754909709,63784921234185,None,None
5754909709,63784921234197,None,None
5754909709,63784921234208,None,None
5755009688,63784921234219,None,None
5755026351,63784921234230,None,None
5755034682,63784921234241,None,None
5755043014,63784921234252,None,None
5755059677,63784921234264,None,None
5755068008,63784921234275,None,None
5755076340,63784921234286,None,None
5755093003,63784921234298,None,None
5755101335,63784921234309,None,None
5755109666,63784921234320,None,None
5755126329,63784921234331,None,None
5755134661,63784921234342,None,None
5755142992,63784921234354,None,None
5755159655,63784921234364,None,None
5755167987,63784921234376,None,None
5755176318,63784921234387,None,None
5755192981,63784921234398,None,None
5755201313,63784921234409,None,None
5755209644,63784921234421,None,None
5755226307,63784921234431,None,None
5755234639,63784921234442,None,None
5755242970,63784921234454,None,None
5755259634,63784921234465,None,None
5755267965,63784921234476,None,None
5755276297,63784921234487,None,None
5755292960,63784921234499,None,None
5755301291,63784921234509,None,None
5755309623,63784921234521,None,None
5755326286,63784921234532,None,None
5755334617,63784921234543,None,None
5755342949,63784921234554,None,None
5755359612,63784921234565,None,None
5755367943,63784921234577,None,None
5755376275,63784921234588,None,None
5755392938,63784921234599,None,None
5755401269,63784921234610,None,None
5755409601,63784921234621,None,None
5755426264,63784921234633,None,None
5755434596,63784921234644,None,None
5755451259,63784921234656,None,None
5755459590,63784921234667,None,None
5755467922,63784921234677,None,None
5755476253,63784921234688,None,None
5755492916,63784921234699,None,None
5755501248,63784921234710,None,None
5755517911,63784921234721,None,None
5755526242,63784921234733,None,None
5755534574,63784921234743,None,None
5755551237,63784921234755,None,None
5755559568,63784921234767,None,None
5755567900,63784921234777,None,None
5755584563,63784921234788,None,None
5755592894,63784921234800,None,None
5755601226,63784921234811,None,None
5755617889,63784921234823,None,None
5755626221,63784921234834,None,None
5755634552,63784921234845,None,None
5755651215,63784921234855,None,None
5755659547,63784921234867,None,None
5755667878,63784921234879,None,None
5755684541,63784921234890,None,None
5755692873,63784921234901,None,None
5755701204,63784921234912,None,None
5755717867,63784921234923,None,None
5755726199,63784921234935,None,None
5755734530,63784921234945,None,None
5755751193,63784921234957,None,None
5755759525,63784921234968,None,None
5755767857,63784921234979,None,None
5755784520,63784921234990,None,None
5755792851,63784921235002,None,None
5755801183,63784921235012,None,None
5755817846,63784921235023,None,None
5755826177,63784921235036,None,None
5755834509,63784921235047,None,None
5755851172,63784921235057,None,None
5755859503,63784921235067,None,None
5755867835,63784921235078,None,None
5755884498,63784921235090,None,None
5755892829,63784921235101,None,None
5755909492,63784921235113,None,None
5755917824,63784921235123,None,None
5755926156,63784921235134,None,None
5755934487,63784921235146,None,None
5755951150,63784921235157,None,None
5755959482,63784921235168,None,None
5755967813,63784921235179,None,None
5755984476,63784921235191,None,None
5755992808,63784921235202,None,None
5756009471,63784921235213,None,None
5756017802,63784921235224,None,None
5756026134,63784921235235,None,None
5756042797,63784921235246,None,None
5756051128,63784921235258,None,None
5756059460,63784921235269,None,None
5756076123,63784921235280,None,None
5756084454,63784921235291,None,None
5756092786,63784921235302,None,None
5756109449,63784921235314,None,None
5756117781,63784921235325,None,None
5756126112,63784921235337,None,None
5756142775,63784921235348,None,None
5756151107,63784921235359,None,None
5756159438,63784921235370,None,None
5756176101,63784921235381,None,None
5756184433,63784921235392,None,None
5756192764,63784921235405,None,None
5756209427,63784921235414,None,None
5756217759,63784921235426,None,None
5756226090,63784921235438,None,None
5756242753,63784921235448,None,None
5756251085,63784921235460,None,None
5756259416,63784921235470,None,None
5756276080,63784921235481,None,None
5756284411,63784921235492,None,None
5756292743,63784921235503,None,None
5756309406,63784921235514,None,None
5756317737,63784921235526,None,None
5756326069,63784921235537,None,None
5756342732,63784921235549,None,None
5756351063,63784921235559,None,None
5756359395,63784921235570,None,None
5756376058,63784921235582,None,None
5756384389,63784921235593,None,None
5756401052,63784921235605,None,None
5756409384,63784921235615,None,None
5756417715,63784921235626,None,None
5756434379,63784921235639,None,None
5756442710,63784921235649,None,None
5756451042,63784921235660,None,None
5756467705,63784921235672,None,None
5756476036,63784921235682,None,None
5756484368,63784921235693,None,None
5756501031,63784921235705,None,None
5756509362,63784921235716,None,None
5756517694,63784921235727,None,None
5756526025,63784921235739,None,None
5756542688,63784921235749,None,None
5756551020,63784921235760,None,None
5756567683,63784921235771,None,None
5756576014,63784921235782,None,None
5756584346,63784921235794,None,None
5756601009,63784921235805,None,None
5756609341,63784921235816,None,None
5756617672,63784921235827,None,None
5756634335,63784921235838,None,None
5756642667,63784921235851,None,None
5756650998,63784921235861,None,None
5756667661,63784921235872,None,None
5756675993,63784921235883,None,None
5756684324,63784921235894,None,None
5756700987,63784921235906,None,None
5756709319,63784921235917,None,None
5756717650,63784921235928,None,None
5756734313,63784921235939,None,None
5756742645,63784921235950,None,None
5756750976,63784921235962,None,None
5756767640,63784921235973,None,None
5756775971,63784921235984,None,None
5756784303,63784921235995,None,None
5756800966,63784921236006,None,None
5756809297,63784921236017,None,None
5756817629,63784921236029,None,None
5756834292,63784921236040,None,None
5756842623,63784921236051,None,None
5756850955,63784921236062,None,None
5756867618,63784921236074,None,None
5756875949,63784921236085,None,None
5756884281,63784921236096,None,None
5756900944,63784921236107,None,None
5756909275,63784921236118,None,None
5756909275,63784921236129,None,None
5756909275,63784921236141,None,None
5756909275,63784921236152,None,None
5756909275,63784921236163,None,None
5756909275,63784921236174,None,None
5756909275,63784921236185,None,None
5756909275,63784921236196,None,None
5756909275,63784921236208,None,None
5757009254,63784921236218,None,None
5757025917,63784921236229,None,None
5757034248,63784921236241,None,None
5757042580,63784921236252,None,None
5757059243,63784921236263,None,None
5757067574,63784921236274,None,None
5757075906,63784921236285,None,None
5757092569,63784921236297,None,None
5757100901,63784921236308,None,None
5757109232,63784921236319,None,None
5757125895,63784921236330,None,None
5757134227,63784921236341,None,None
5757142558,63784921236353,None,None
5757159221,63784921236363,None,None
5757167553,63784921236375,None,None
5757175884,63784921236386,None,None
5757192547,63784921236397,None,None
5757200879,63784921236408,None,None
5757209210,63784921236420,None,None
5757225873,63784921236431,None,None
5757234205,63784921236442,None,None
5757242536,63784921236454,None,None
5757259200,63784921236464,None,None
5757267531,63784921236476,None,None
5757275863,63784921236486,None,None
5757292526,63784921236498,None,None
5757300857,63784921236509,None,None
5757309189,63784921236520,None,None
5757325852,63784921236541,None,None
5757342515,63784921236547,None,None
5757342515,63784921236553,None,None
5757350846,63784921236562,None,None
5757367509,63784921236573,None,None
5757375841,63784921236584,None,None
5757384172,63784921236595,None,None
5757400835,63784921236607,None,None
5757409167,63784921236617,None,None
5757417498,63784921236628,None,None
5757434162,63784921236639,None,None
5757442493,63784921236650,None,None
5757450825,63784921236662,None,None
5757467488,63784921236673,None,None
5757475819,63784921236684,None,None
5757484151,63784921236695,None,None
5757500814,63784921236706,None,None
5757509145,63784921236717,None,None
5757517477,63784921236728,None,None
5757534140,63784921236741,None,None
5757542471,63784921236751,None,None
5757550803,63784921236762,None,None
5757567466,63784921236773,None,None
5757575797,63784921236785,None,None
5757584129,63784921236796,None,None
5757600792,63784921236807,None,None
5757609124,63784921236818,None,None
5757617455,63784921236829,None,None
5757634118,63784921236841,None,None
5757642450,63784921236854,None,None
5757650781,63784921236863,None,None
5757667444,63784921236875,None,None
5757675776,63784921236885,None,None
5757692439,63784921236897,None,None
5757700770,63784921236909,None,None
5757709102,63784921236920,None,None
5757725765,63784921236931,None,None
5757734096,63784921236943,None,None
5757742428,63784921236953,None,None
5757759091,63784921236965,None,None
5757767423,63784921236976,None,None
5757775754,63784921236987,None,None
5757792417,63784921236998,None,None
5757800749,63784921237009,None,None
5757817412,63784921237021,None,None
5757825743,63784921237032,None,None
5757834075,63784921237044,None,None
5757850738,63784921237055,None,None
5757859069,63784921237066,None,None
5757867401,63784921237078,None,None
5757884064,63784921237089,None,None
5757892395,63784921237100,None,None
5757900727,63784921237112,None,None
5757917390,63784921237124,None,None
5757925722,63784921237134,None,None
5757934053,63784921237145,None,None
5757950716,63784921237157,None,None
5757959048,63784921237168,None,None
5757967379,63784921237179,None,None
5757984042,63784921237192,None,None
5757992374,63784921237202,None,None
5758000705,63784921237213,None,None
5758017368,63784921237224,None,None
5758025700,63784921237236,None,None
5758042363,63784921237248,None,None
5758050694,63784921237258,None,None
5758059026,63784921237269,None,None
5758075689,63784921237280,None,None
5758084020,63784921237291,None,None
5758092352,63784921237302,None,None
5758100684,63784921237312,None,None
5758117347,63784921237324,None,None
5758125678,63784921237335,None,None
5758142341,63784921237346,None,None
5758150673,63784921237357,None,None
5758159004,63784921237368,None,None
5758175667,63784921237380,None,None
5758183999,63784921237392,None,None
5758192330,63784921237402,None,None
5758208993,63784921237413,None,None
5758217325,63784921237424,None,None
5758225656,63784921237436,None,None
5758242319,63784921237447,None,None
5758250651,63784921237458,None,None
5758258982,63784921237469,None,None
5758275646,63784921237481,99_Bahnsteig_PF,99_Bahnsteig_PF
5758283977,63784921237492,99_Bahnsteig_PF,99_Bahnsteig_PF
5758292309,63784921237503,99_Bahnsteig_PF,99_Bahnsteig_PF
5758308972,63784921237514,99_Bahnsteig_PF,99_Bahnsteig_PF
5758317303,63784921237525,99_Bahnsteig_PF,99_Bahnsteig_PF
5758325635,63784921237537,99_Bahnsteig_PF,99_Bahnsteig_PF
5758342298,63784921237548,99_Bahnsteig_PF,99_Bahnsteig_PF
5758350629,63784921237558,99_Bahnsteig_PF,99_Bahnsteig_PF
5758358961,63784921237570,99_Bahnsteig_PF,99_Bahnsteig_PF
5758375624,63784921237581,99_Bahnsteig_PF,99_Bahnsteig_PF
5758383955,63784921237593,99_Bahnsteig_PF,99_Bahnsteig_PF
5758392287,63784921237603,99_Bahnsteig_PF,99_Bahnsteig_PF
5758408950,63784921237614,99_Bahnsteig_PF,99_Bahnsteig_PF
5758417281,63784921237627,99_Bahnsteig_PF,99_Bahnsteig_PF
5758425613,63784921237638,99_Bahnsteig_PF,99_Bahnsteig_PF
5758442276,63784921237649,99_Bahnsteig_PF,99_Bahnsteig_PF
5758450608,63784921237660,99_Bahnsteig_PF,99_Bahnsteig_PF
5758458939,63784921237670,99_Bahnsteig_PF,99_Bahnsteig_PF
5758475602,63784921237681,99_Bahnsteig_PF,99_Bahnsteig_PF
5758483934,63784921237693,99_Bahnsteig_PF,99_Bahnsteig_PF
5758500597,63784921237704,99_Bahnsteig_PF,99_Bahnsteig_PF
5758508928,63784921237715,99_Bahnsteig_PF,99_Bahnsteig_PF
5758517260,63784921237726,99_Bahnsteig_PF,99_Bahnsteig_PF
5758525591,63784921237737,99_Bahnsteig_PF,99_Bahnsteig_PF
5758542254,63784921237748,99_Bahnsteig_PF,99_Bahnsteig_PF
5758550586,63784921237759,99_Bahnsteig_PF,99_Bahnsteig_PF
5758567249,63784921237771,99_Bahnsteig_PF,99_Bahnsteig_PF
5758575580,63784921237782,99_Bahnsteig_PF,99_Bahnsteig_PF
5758583912,63784921237793,99_Bahnsteig_PF,99_Bahnsteig_PF
5758600575,63784921237804,99_Bahnsteig_PF,99_Bahnsteig_PF
5758608907,63784921237815,99_Bahnsteig_PF,99_Bahnsteig_PF
5758617238,63784921237827,99_Bahnsteig_PF,99_Bahnsteig_PF
5758633901,63784921237838,99_Bahnsteig_PF,99_Bahnsteig_PF
5758642233,63784921237849,99_Bahnsteig_PF,99_Bahnsteig_PF
5758650564,63784921237862,99_Bahnsteig_PF,99_Bahnsteig_PF
5758667227,63784921237872,99_Bahnsteig_PF,99_Bahnsteig_PF
5758675559,63784921237883,99_Bahnsteig_PF,99_Bahnsteig_PF
5758683890,63784921237894,99_Bahnsteig_PF,99_Bahnsteig_PF
5758700553,63784921237905,None,None
5758708885,63784921237916,None,None
5758717216,63784921237928,None,None
5758733879,63784921237939,None,None
5758742211,63784921237950,None,None
5758750542,63784921237961,None,None
5758767206,63784921237972,None,None
5758775537,63784921237984,None,None
5758783869,63784921237995,None,None
5758800532,63784921238006,None,None
5758808863,63784921238018,None,None
5758817195,63784921238028,None,None
5758833858,63784921238039,None,None
5758842189,63784921238051,None,None
5758850521,63784921238062,None,None
5758867184,63784921238072,None,None
5758875515,63784921238084,None,None
5758883847,63784921238096,None,None
5758900510,63784921238106,None,None
5758908841,63784921238117,None,None
5758908841,63784921238128,None,None
5758908841,63784921238139,None,None
5758908841,63784921238151,None,None
5758908841,63784921238162,None,None
5758908841,63784921238173,None,None
5758908841,63784921238184,None,None
5758908841,63784921238195,None,None
5758908841,63784921238207,None,None
5758967162,63784921238218,None,None
5759025483,63784921238229,None,None
5759033814,63784921238240,None,None
5759042146,63784921238251,None,None
5759058809,63784921238263,None,None
5759067140,63784921238274,None,None
5759075472,63784921238285,None,None
5759092135,63784921238296,None,None
5759100467,63784921238307,None,None
5759108798,63784921238318,None,None
5759125461,63784921238330,None,None
5759133793,63784921238341,None,None
5759142124,63784921238352,None,None
5759158787,63784921238363,None,None
5759167119,63784921238374,None,None
5759175450,63784921238386,None,None
5759192113,63784921238397,None,None
5759200445,63784921238408,None,None
5759208776,63784921238419,None,None
5759225439,63784921238431,None,None
5759233771,63784921238441,None,None
5759242102,63784921238452,None,None
5759258766,63784921238463,None,None
5759267097,63784921238474,None,None
5759275429,63784921238486,None,None
5759292092,63784921238497,None,None
5759300423,63784921238508,None,None
5759308755,63784921238519,None,None
5759325418,63784921238530,None,None
5759333749,63784921238541,None,None
5759342081,63784921238553,None,None
5759358744,63784921238564,None,None
5759367075,63784921238577,None,None
5759375407,63784921238586,None,None
5759392070,63784921238597,None,None
5759400401,63784921238609,None,None
5759408733,63784921238620,None,None
5759425396,63784921238631,None,None
5759433728,63784921238643,None,None
5759442059,63784921238653,None,None
5759458722,63784921238665,None,None
5759467054,63784921238676,None,None
5759483717,63784921238688,None,None
5759492048,63784921238699,None,None
5759500380,63784921238710,None,None
5759508711,63784921238721,None,None
5759525374,63784921238732,None,None
5759533706,63784921238743,None,None
5759550369,63784921238755,None,None
5759558700,63784921238766,None,None
5759567032,63784921238777,None,None
5759583695,63784921238788,None,None
5759592026,63784921238800,None,None
5759600358,63784921238811,None,None
5759617021,63784921238821,None,None
5759625353,63784921238832,None,None
5759633684,63784921238843,None,None
5759650347,63784921238854,None,None
5759658679,63784921238868,None,None
5759667010,63784921238877,None,None
5759683673,63784921238888,None,None
5759692005,63784921238899,None,None
5759700336,63784921238911,None,None
5759716999,63784921238922,None,None
5759725331,63784921238932,None,None
5759733662,63784921238944,None,None
5759750325,63784921238956,None,None
5759758657,63784921238966,None,None
5759766989,63784921238978,None,None
5759783652,63784921238989,None,None
5759791983,63784921239000,None,None
5759800315,63784921239011,None,None
5759816978,63784921239023,None,None
5759825309,63784921239034,None,None
5759833641,63784921239045,None,None
5759850304,63784921239056,None,None
5759858635,63784921239067,None,None
5759866967,63784921239078,None,None
5759883630,63784921239089,None,None
5759891961,63784921239101,None,None
5759908624,63784921239112,None,None
5759916956,63784921239122,None,Wayfinding_S
5759925288,63784921239134,None,Wayfinding_S
5759941951,63784921239145,None,None
5759950282,63784921239156,None,None
5759958614,63784921239167,None,None
5759975277,63784921239178,None,None
5759983608,63784921239189,None,None
5759991940,63784921239201,None,None
5760008603,63784921239212,None,None
5760016934,63784921239223,None,None
5760025266,63784921239234,None,None
5760041929,63784921239246,None,None
5760050260,63784921239257,None,None
5760058592,63784921239269,None,None
5760075255,63784921239279,None,Wayfinding_S
5760083586,63784921239291,None,Wayfinding_S
5760091918,63784921239302,None,Wayfinding_S
5760108581,63784921239313,None,Wayfinding_S
5760116913,63784921239323,None,Wayfinding_S
5760125244,63784921239334,None,Wayfinding_S
5760141907,63784921239346,None,Wayfinding_S
5760150239,63784921239361,None,None
5760158570,63784921239368,None,None
5760166902,63784921239376,None,None
5760183565,63784921239387,None,None
5760191896,63784921239398,None,None
5760200228,63784921239410,None,None
5760216891,63784921239422,None,None
5760225222,63784921239432,None,None
5760233554,63784921239443,None,None
5760250217,63784921239455,None,None
5760258548,63784921239466,None,None
5760266880,63784921239477,None,None
5760283543,63784921239488,None,None
5760291875,63784921239499,None,Wayfinding_S
5760300206,63784921239511,None,None
5760316869,63784921239522,None,None
5760325201,63784921239533,None,None
5760333532,63784921239545,None,None
5760350195,63784921239556,None,None
5760358527,63784921239567,None,None
5760366858,63784921239579,None,None
5760383521,63784921239589,None,None
5760391853,63784921239600,None,None
5760400184,63784921239612,None,None
5760416847,63784921239622,None,None
5760425179,63784921239633,None,None
5760433511,63784921239645,None,None
5760450174,63784921239655,None,None
5760458505,63784921239667,None,None
5760466837,63784921239678,None,None
5760483500,63784921239689,None,None
5760491831,63784921239700,None,None
5760500163,63784921239712,None,None
5760516826,63784921239723,None,None
5760525157,63784921239735,None,None
5760541820,63784921239746,None,None
5760550152,63784921239757,None,None
5760558483,63784921239769,None,None
5760575146,63784921239780,None,None
5760583478,63784921239791,None,None
5760591810,63784921239802,None,None
5760608473,63784921239814,None,None
5760616804,63784921239825,None,None
5760625136,63784921239837,None,None
5760641799,63784921239848,None,None
5760650130,63784921239860,None,None
5760666793,63784921239870,None,None
5760675125,63784921239881,None,None
5760683456,63784921239893,None,None
5760700119,63784921239904,None,None
5760708451,63784921239915,None,None
5760716782,63784921239927,None,None
5760733445,63784921239938,None,None
5760741777,63784921239949,None,None
5760750108,63784921239961,None,None
5760766772,63784921239971,None,None
5760775103,63784921239983,None,None
5760783435,63784921239994,None,None
5760800098,63784921240005,None,None
5760808429,63784921240016,None,None
5760816761,63784921240027,None,None
5760833424,63784921240038,None,None
5760841755,63784921240050,None,None
5760850087,63784921240061,None,None
5760866750,63784921240072,None,None
5760875081,63784921240083,None,None
5760883413,63784921240095,None,None
5760900076,63784921240106,None,None
5760908407,63784921240117,None,None
5760908407,63784921240129,None,None
5760908407,63784921240139,None,None
5760908407,63784921240151,None,None
5760908407,63784921240162,None,None
5760908407,63784921240173,None,None
5760908407,63784921240184,None,None
5760908407,63784921240196,None,None
5760908407,63784921240207,None,None
5760950065,63784921240218,None,None
5761025049,63784921240229,None,None
5761033380,63784921240239,None,None
5761041712,63784921240250,None,None
5761058375,63784921240262,None,None
5761066706,63784921240273,None,None
5761075038,63784921240284,None,None
5761091701,63784921240296,None,None
5761100033,63784921240307,None,None
5761108364,63784921240318,None,None
5761125027,63784921240330,None,None
5761133359,63784921240340,None,None
5761141690,63784921240352,None,None
5761158353,63784921240363,None,None
5761166685,63784921240373,None,None
5761175016,63784921240385,None,None
5761191679,63784921240396,None,None
5761200011,63784921240407,None,None
5761208342,63784921240419,None,None
5761225005,63784921240430,None,None
5761233337,63784921240441,None,None
5761241668,63784921240452,None,None
5761258332,63784921240463,99_Bahnsteig_PF,None
5761266663,63784921240474,99_Bahnsteig_PF,99_Bahnsteig_PF
5761274995,63784921240485,99_Bahnsteig_PF,99_Bahnsteig_PF
5761291658,63784921240497,99_Bahnsteig_PF,99_Bahnsteig_PF
5761299989,63784921240508,99_Bahnsteig_PF,99_Bahnsteig_PF
5761308321,63784921240519,99_Bahnsteig_PF,99_Bahnsteig_PF
5761324984,63784921240531,99_Bahnsteig_PF,99_Bahnsteig_PF
5761333315,63784921240541,99_Bahnsteig_PF,99_Bahnsteig_PF
5761341647,63784921240553,99_Bahnsteig_PF,99_Bahnsteig_PF
5761358310,63784921240564,99_Bahnsteig_PF,99_Bahnsteig_PF
5761366641,63784921240575,99_Bahnsteig_PF,99_Bahnsteig_PF
5761374973,63784921240586,99_Bahnsteig_PF,99_Bahnsteig_PF
5761391636,63784921240597,99_Bahnsteig_PF,99_Bahnsteig_PF
5761399967,63784921240609,99_Bahnsteig_PF,99_Bahnsteig_PF
5761408299,63784921240619,99_Bahnsteig_PF,99_Bahnsteig_PF
5761424962,63784921240630,99_Bahnsteig_PF,99_Bahnsteig_PF
5761433294,63784921240642,99_Bahnsteig_PF,99_Bahnsteig_PF
5761441625,63784921240653,99_Bahnsteig_PF,99_Bahnsteig_PF
5761458288,63784921240665,99_Bahnsteig_PF,99_Bahnsteig_PF
5761466620,63784921240675,99_Bahnsteig_PF,99_Bahnsteig_PF
5761474951,63784921240686,99_Bahnsteig_PF,99_Bahnsteig_PF
5761491614,63784921240697,99_Bahnsteig_PF,99_Bahnsteig_PF
5761499946,63784921240709,99_Bahnsteig_PF,99_Bahnsteig_PF
5761516609,63784921240720,99_Bahnsteig_PF,99_Bahnsteig_PF
5761524940,63784921240731,99_Bahnsteig_PF,99_Bahnsteig_PF
5761533272,63784921240742,99_Bahnsteig_PF,99_Bahnsteig_PF
5761541603,63784921240753,99_Bahnsteig_PF,99_Bahnsteig_PF
5761558266,63784921240765,99_Bahnsteig_PF,99_Bahnsteig_PF
5761566598,63784921240776,99_Bahnsteig_PF,99_Bahnsteig_PF
5761583261,63784921240787,99_Bahnsteig_PF,99_Bahnsteig_PF
5761591592,63784921240799,99_Bahnsteig_PF,99_Bahnsteig_PF
5761599924,63784921240810,99_Bahnsteig_PF,99_Bahnsteig_PF
5761616587,63784921240821,99_Bahnsteig_PF,99_Bahnsteig_PF
5761624919,63784921240832,99_Bahnsteig_PF,99_Bahnsteig_PF
5761633250,63784921240842,99_Bahnsteig_PF,99_Bahnsteig_PF
5761649913,63784921240854,99_Bahnsteig_PF,99_Bahnsteig_PF
5761658245,63784921240864,99_Bahnsteig_PF,99_Bahnsteig_PF
5761666576,63784921240877,99_Bahnsteig_PF,99_Bahnsteig_PF
5761683239,63784921240887,99_Bahnsteig_PF,99_Bahnsteig_PF
5761691571,63784921240899,99_Bahnsteig_PF,99_Bahnsteig_PF
5761699902,63784921240910,99_Bahnsteig_PF,99_Bahnsteig_PF
5761716565,63784921240921,99_Bahnsteig_PF,99_Bahnsteig_PF
5761724897,63784921240932,99_Bahnsteig_PF,99_Bahnsteig_PF
5761733228,63784921240943,99_Bahnsteig_PF,99_Bahnsteig_PF
5761749891,63784921240954,99_Bahnsteig_PF,99_Bahnsteig_PF
5761758223,63784921240966,99_Bahnsteig_PF,99_Bahnsteig_PF
5761766555,63784921240977,99_Bahnsteig_PF,99_Bahnsteig_PF
5761783218,63784921240989,99_Bahnsteig_PF,99_Bahnsteig_PF
5761791549,63784921241000,99_Bahnsteig_PF,99_Bahnsteig_PF
5761799881,63784921241011,99_Bahnsteig_PF,99_Bahnsteig_PF
5761816544,63784921241022,99_Bahnsteig_PF,99_Bahnsteig_PF
5761824875,63784921241033,99_Bahnsteig_PF,99_Bahnsteig_PF
5761833207,63784921241044,99_Bahnsteig_PF,99_Bahnsteig_PF
5761849870,63784921241055,99_Bahnsteig_PF,99_Bahnsteig_PF
5761858201,63784921241066,99_Bahnsteig_PF,99_Bahnsteig_PF
5761866533,63784921241077,99_Bahnsteig_PF,99_Bahnsteig_PF
5761883196,63784921241089,99_Bahnsteig_PF,99_Bahnsteig_PF
5761891527,63784921241100,99_Bahnsteig_PF,99_Bahnsteig_PF
5761899859,63784921241111,99_Bahnsteig_PF,99_Bahnsteig_PF
5761916522,63784921241122,99_Bahnsteig_PF,99_Bahnsteig_PF
5761924854,63784921241133,99_Bahnsteig_PF,99_Bahnsteig_PF
5761933185,63784921241144,99_Bahnsteig_PF,99_Bahnsteig_PF
5761949848,63784921241156,99_Bahnsteig_PF,99_Bahnsteig_PF
5761958180,63784921241167,99_Bahnsteig_PF,99_Bahnsteig_PF
5761966511,63784921241178,99_Bahnsteig_PF,99_Bahnsteig_PF
5761983174,63784921241190,99_Bahnsteig_PF,99_Bahnsteig_PF
5761991506,63784921241200,99_Bahnsteig_PF,99_Bahnsteig_PF
5761999837,63784921241212,99_Bahnsteig_PF,99_Bahnsteig_PF
5762016500,63784921241223,99_Bahnsteig_PF,99_Bahnsteig_PF
5762024832,63784921241234,99_Bahnsteig_PF,99_Bahnsteig_PF
5762033163,63784921241245,99_Bahnsteig_PF,99_Bahnsteig_PF
5762049826,63784921241256,99_Bahnsteig_PF,99_Bahnsteig_PF
5762058158,63784921241267,99_Bahnsteig_PF,99_Bahnsteig_PF
5762074821,63784921241278,99_Bahnsteig_PF,99_Bahnsteig_PF
5762083152,63784921241289,99_Bahnsteig_PF,99_Bahnsteig_PF
5762091484,63784921241301,99_Bahnsteig_PF,99_Bahnsteig_PF
5762108147,63784921241312,99_Bahnsteig_PF,99_Bahnsteig_PF
5762116479,63784921241323,99_Bahnsteig_PF,99_Bahnsteig_PF
5762124810,63784921241334,99_Bahnsteig_PF,99_Bahnsteig_PF
5762141473,63784921241345,99_Bahnsteig_PF,99_Bahnsteig_PF
5762149805,63784921241357,99_Bahnsteig_PF,99_Bahnsteig_PF
5762158136,63784921241367,99_Bahnsteig_PF,99_Bahnsteig_PF
5762174799,63784921241379,99_Bahnsteig_PF,99_Bahnsteig_PF
5762183131,63784921241390,99_Bahnsteig_PF,99_Bahnsteig_PF
5762191462,63784921241401,99_Bahnsteig_PF,99_Bahnsteig_PF
5762208125,63784921241414,99_Bahnsteig_PF,99_Bahnsteig_PF
5762216457,63784921241424,99_Bahnsteig_PF,99_Bahnsteig_PF
5762224788,63784921241435,99_Bahnsteig_PF,99_Bahnsteig_PF
5762241451,63784921241446,99_Bahnsteig_PF,99_Bahnsteig_PF
5762249783,63784921241457,99_Bahnsteig_PF,99_Bahnsteig_PF
5762258114,63784921241468,99_Bahnsteig_PF,99_Bahnsteig_PF
5762274778,63784921241480,99_Bahnsteig_PF,99_Bahnsteig_PF
5762283109,63784921241491,99_Bahnsteig_PF,99_Bahnsteig_PF
5762291441,63784921241503,99_Bahnsteig_PF,99_Bahnsteig_PF
5762308104,63784921241513,99_Bahnsteig_PF,99_Bahnsteig_PF
5762316435,63784921241524,99_Bahnsteig_PF,99_Bahnsteig_PF
5762324767,63784921241536,99_Bahnsteig_PF,99_Bahnsteig_PF
5762341430,63784921241547,99_Bahnsteig_PF,99_Bahnsteig_PF
5762349761,63784921241557,99_Bahnsteig_PF,99_Bahnsteig_PF
5762358093,63784921241568,99_Bahnsteig_PF,99_Bahnsteig_PF
5762374756,63784921241580,99_Bahnsteig_PF,99_Bahnsteig_PF
5762383087,63784921241591,99_Bahnsteig_PF,99_Bahnsteig_PF
5762391419,63784921241602,99_Bahnsteig_PF,99_Bahnsteig_PF
5762408082,63784921241614,99_Bahnsteig_PF,99_Bahnsteig_PF
5762416413,63784921241624,99_Bahnsteig_PF,99_Bahnsteig_PF
5762424745,63784921241635,99_Bahnsteig_PF,99_Bahnsteig_PF
5762441408,63784921241647,99_Bahnsteig_PF,99_Bahnsteig_PF
5762449740,63784921241658,99_Bahnsteig_PF,99_Bahnsteig_PF
5762458071,63784921241669,99_Bahnsteig_PF,99_Bahnsteig_PF
5762474734,63784921241680,99_Bahnsteig_PF,99_Bahnsteig_PF
5762483066,63784921241691,99_Bahnsteig_PF,99_Bahnsteig_PF
5762491397,63784921241702,99_Bahnsteig_PF,99_Bahnsteig_PF
5762508060,63784921241714,99_Bahnsteig_PF,99_Bahnsteig_PF
5762516392,63784921241725,99_Bahnsteig_PF,99_Bahnsteig_PF
5762524723,63784921241736,99_Bahnsteig_PF,99_Bahnsteig_PF
5762541386,63784921241747,99_Bahnsteig_PF,99_Bahnsteig_PF
5762549718,63784921241758,99_Bahnsteig_PF,99_Bahnsteig_PF
5762566381,63784921241770,99_Bahnsteig_PF,99_Bahnsteig_PF
5762574712,63784921241781,99_Bahnsteig_PF,99_Bahnsteig_PF
5762583044,63784921241792,99_Bahnsteig_PF,99_Bahnsteig_PF
5762591376,63784921241803,99_Bahnsteig_PF,99_Bahnsteig_PF
5762608039,63784921241814,99_Bahnsteig_PF,99_Bahnsteig_PF
5762616370,63784921241826,99_Bahnsteig_PF,99_Bahnsteig_PF
5762633033,63784921241837,99_Bahnsteig_PF,99_Bahnsteig_PF
5762641365,63784921241849,99_Bahnsteig_PF,99_Bahnsteig_PF
5762649696,63784921241859,99_Bahnsteig_PF,99_Bahnsteig_PF
5762666359,63784921241870,99_Bahnsteig_PF,99_Bahnsteig_PF
5762674691,63784921241883,99_Bahnsteig_PF,99_Bahnsteig_PF
5762683022,63784921241893,99_Bahnsteig_PF,99_Bahnsteig_PF
5762699685,63784921241904,99_Bahnsteig_PF,99_Bahnsteig_PF
5762708017,63784921241915,99_Bahnsteig_PF,99_Bahnsteig_PF
5762716348,63784921241927,99_Bahnsteig_PF,99_Bahnsteig_PF
5762733011,63784921241937,99_Bahnsteig_PF,99_Bahnsteig_PF
5762741343,63784921241949,99_Bahnsteig_PF,99_Bahnsteig_PF
5762749674,63784921241960,99_Bahnsteig_PF,99_Bahnsteig_PF
5762766338,63784921241971,99_Bahnsteig_PF,99_Bahnsteig_PF
5762774669,63784921241983,99_Bahnsteig_PF,99_Bahnsteig_PF
5762783001,63784921241994,99_Bahnsteig_PF,99_Bahnsteig_PF
5762799664,63784921242005,99_Bahnsteig_PF,99_Bahnsteig_PF
5762807995,63784921242016,99_Bahnsteig_PF,99_Bahnsteig_PF
5762816327,63784921242027,99_Bahnsteig_PF,99_Bahnsteig_PF
5762832990,63784921242038,99_Bahnsteig_PF,99_Bahnsteig_PF
5762841321,63784921242049,99_Bahnsteig_PF,99_Bahnsteig_PF
5762849653,63784921242060,99_Bahnsteig_PF,99_Bahnsteig_PF
5762866316,63784921242071,99_Bahnsteig_PF,99_Bahnsteig_PF
5762874647,63784921242083,99_Bahnsteig_PF,99_Bahnsteig_PF
5762882979,63784921242094,99_Bahnsteig_PF,99_Bahnsteig_PF
5762899642,63784921242105,99_Bahnsteig_PF,99_Bahnsteig_PF
5762907973,63784921242116,99_Bahnsteig_PF,99_Bahnsteig_PF
5762907973,63784921242127,99_Bahnsteig_PF,99_Bahnsteig_PF
5762907973,63784921242139,99_Bahnsteig_PF,99_Bahnsteig_PF
5762907973,63784921242150,99_Bahnsteig_PF,99_Bahnsteig_PF
5762907973,63784921242161,99_Bahnsteig_PF,99_Bahnsteig_PF
5762907973,63784921242172,99_Bahnsteig_PF,99_Bahnsteig_PF
5762907973,63784921242183,99_Bahnsteig_PF,99_Bahnsteig_PF
5762907973,63784921242195,99_Bahnsteig_PF,99_Bahnsteig_PF
5762907973,63784921242206,99_Bahnsteig_PF,99_Bahnsteig_PF
5762907973,63784921242217,99_Bahnsteig_PF,99_Bahnsteig_PF
5763016283,63784921242228,99_Bahnsteig_PF,99_Bahnsteig_PF
5763032946,63784921242240,99_Bahnsteig_PF,99_Bahnsteig_PF
5763041278,63784921242251,99_Bahnsteig_PF,99_Bahnsteig_PF
5763049609,63784921242261,99_Bahnsteig_PF,99_Bahnsteig_PF
5763066272,63784921242273,99_Bahnsteig_PF,99_Bahnsteig_PF
5763074604,63784921242284,99_Bahnsteig_PF,99_Bahnsteig_PF
5763091267,63784921242295,99_Bahnsteig_PF,99_Bahnsteig_PF
5763099599,63784921242306,99_Bahnsteig_PF,99_Bahnsteig_PF
5763107930,63784921242318,99_Bahnsteig_PF,99_Bahnsteig_PF
5763124593,63784921242329,99_Bahnsteig_PF,99_Bahnsteig_PF
5763132925,63784921242340,99_Bahnsteig_PF,99_Bahnsteig_PF
5763141256,63784921242351,99_Bahnsteig_PF,99_Bahnsteig_PF
5763157919,63784921242362,99_Bahnsteig_PF,99_Bahnsteig_PF
5763166251,63784921242373,99_Bahnsteig_PF,99_Bahnsteig_PF
5763174582,63784921242385,99_Bahnsteig_PF,99_Bahnsteig_PF
5763191245,63784921242396,99_Bahnsteig_PF,99_Bahnsteig_PF
5763199577,63784921242408,99_Bahnsteig_PF,99_Bahnsteig_PF
5763207908,63784921242419,99_Bahnsteig_PF,99_Bahnsteig_PF
5763224571,63784921242429,99_Bahnsteig_PF,99_Bahnsteig_PF
5763232903,63784921242441,99_Bahnsteig_PF,99_Bahnsteig_PF
5763241234,63784921242451,99_Bahnsteig_PF,99_Bahnsteig_PF
5763257898,63784921242462,99_Bahnsteig_PF,99_Bahnsteig_PF
5763266229,63784921242473,99_Bahnsteig_PF,99_Bahnsteig_PF
5763274561,63784921242485,99_Bahnsteig_PF,99_Bahnsteig_PF
5763291224,63784921242496,99_Bahnsteig_PF,99_Bahnsteig_PF
5763299555,63784921242507,99_Bahnsteig_PF,99_Bahnsteig_PF
5763307887,63784921242518,99_Bahnsteig_PF,99_Bahnsteig_PF
5763324550,63784921242535,99_Bahnsteig_PF,99_Bahnsteig_PF
5763332881,63784921242541,99_Bahnsteig_PF,99_Bahnsteig_PF
5763341213,63784921242547,99_Bahnsteig_PF,99_Bahnsteig_PF
5763349544,63784921242558,99_Bahnsteig_PF,99_Bahnsteig_PF
5763357876,63784921242569,99_Bahnsteig_PF,99_Bahnsteig_PF
5763374539,63784921242580,99_Bahnsteig_PF,99_Bahnsteig_PF
5763382870,63784921242592,99_Bahnsteig_PF,99_Bahnsteig_PF
5763391202,63784921242603,99_Bahnsteig_PF,99_Bahnsteig_PF
5763407865,63784921242614,99_Bahnsteig_PF,99_Bahnsteig_PF
5763416196,63784921242625,99_Bahnsteig_PF,99_Bahnsteig_PF
5763432860,63784921242637,99_Bahnsteig_PF,99_Bahnsteig_PF
5763441191,63784921242648,99_Bahnsteig_PF,99_Bahnsteig_PF
5763449523,63784921242659,99_Bahnsteig_PF,99_Bahnsteig_PF
5763466186,63784921242670,99_Bahnsteig_PF,99_Bahnsteig_PF
5763474517,63784921242681,99_Bahnsteig_PF,99_Bahnsteig_PF
5763482849,63784921242693,99_Bahnsteig_PF,99_Bahnsteig_PF
5763499512,63784921242704,99_Bahnsteig_PF,99_Bahnsteig_PF
5763507843,63784921242715,99_Bahnsteig_PF,99_Bahnsteig_PF
5763516175,63784921242727,99_Bahnsteig_PF,99_Bahnsteig_PF
5763532838,63784921242737,99_Bahnsteig_PF,99_Bahnsteig_PF
5763541169,63784921242748,99_Bahnsteig_PF,99_Bahnsteig_PF
5763549501,63784921242759,99_Bahnsteig_PF,99_Bahnsteig_PF
5763566164,63784921242771,99_Bahnsteig_PF,99_Bahnsteig_PF
5763574495,63784921242781,99_Bahnsteig_PF,99_Bahnsteig_PF
5763582827,63784921242793,99_Bahnsteig_PF,99_Bahnsteig_PF
5763599490,63784921242804,99_Bahnsteig_PF,99_Bahnsteig_PF
5763607822,63784921242815,99_Bahnsteig_PF,99_Bahnsteig_PF
5763616153,63784921242826,99_Bahnsteig_PF,99_Bahnsteig_PF
5763632816,63784921242838,99_Bahnsteig_PF,99_Bahnsteig_PF
5763641148,63784921242849,99_Bahnsteig_PF,99_Bahnsteig_PF
5763649479,63784921242860,99_Bahnsteig_PF,99_Bahnsteig_PF
5763666142,63784921242871,99_Bahnsteig_PF,99_Bahnsteig_PF
5763674474,63784921242884,99_Bahnsteig_PF,99_Bahnsteig_PF
5763682805,63784921242894,99_Bahnsteig_PF,99_Bahnsteig_PF
5763699468,63784921242905,99_Bahnsteig_PF,99_Bahnsteig_PF
5763707800,63784921242917,99_Bahnsteig_PF,99_Bahnsteig_PF
5763716131,63784921242928,99_Bahnsteig_PF,99_Bahnsteig_PF
5763732794,63784921242940,99_Bahnsteig_PF,99_Bahnsteig_PF
5763741126,63784921242952,99_Bahnsteig_PF,99_Bahnsteig_PF
5763757789,63784921242962,99_Bahnsteig_PF,99_Bahnsteig_PF
5763766121,63784921242974,99_Bahnsteig_PF,99_Bahnsteig_PF
5763774452,63784921242985,99_Bahnsteig_PF,99_Bahnsteig_PF
5763791115,63784921242997,99_Bahnsteig_PF,99_Bahnsteig_PF
5763799447,63784921243008,99_Bahnsteig_PF,99_Bahnsteig_PF
5763807778,63784921243020,99_Bahnsteig_PF,99_Bahnsteig_PF
5763824441,63784921243030,99_Bahnsteig_PF,99_Bahnsteig_PF
5763832773,63784921243041,99_Bahnsteig_PF,99_Bahnsteig_PF
5763849436,63784921243053,99_Bahnsteig_PF,99_Bahnsteig_PF
5763857767,63784921243064,99_Bahnsteig_PF,99_Bahnsteig_PF
5763866099,63784921243076,99_Bahnsteig_PF,99_Bahnsteig_PF
5763882762,63784921243087,99_Bahnsteig_PF,99_Bahnsteig_PF
5763891093,63784921243098,99_Bahnsteig_PF,99_Bahnsteig_PF
5763899425,63784921243110,99_Bahnsteig_PF,99_Bahnsteig_PF
5763916088,63784921243121,99_Bahnsteig_PF,99_Bahnsteig_PF
5763924420,63784921243133,99_Bahnsteig_PF,99_Bahnsteig_PF
5763932751,63784921243143,99_Bahnsteig_PF,99_Bahnsteig_PF
5763949414,63784921243155,99_Bahnsteig_PF,99_Bahnsteig_PF
5763957746,63784921243167,99_Bahnsteig_PF,99_Bahnsteig_PF
5763966077,63784921243178,99_Bahnsteig_PF,99_Bahnsteig_PF
5763982740,63784921243188,99_Bahnsteig_PF,99_Bahnsteig_PF
5763991072,63784921243200,99_Bahnsteig_PF,99_Bahnsteig_PF
5763999403,63784921243211,99_Bahnsteig_PF,99_Bahnsteig_PF
5764016066,63784921243222,99_Bahnsteig_PF,99_Bahnsteig_PF
5764024398,63784921243233,99_Bahnsteig_PF,99_Bahnsteig_PF
5764032729,63784921243245,99_Bahnsteig_PF,99_Bahnsteig_PF
5764049392,63784921243257,99_Bahnsteig_PF,99_Bahnsteig_PF
5764057724,63784921243268,99_Bahnsteig_PF,99_Bahnsteig_PF
5764066055,63784921243278,99_Bahnsteig_PF,99_Bahnsteig_PF
5764082718,63784921243289,99_Bahnsteig_PF,99_Bahnsteig_PF
5764091050,63784921243300,99_Bahnsteig_PF,99_Bahnsteig_PF
5764107713,63784921243311,99_Bahnsteig_PF,99_Bahnsteig_PF
5764116045,63784921243323,99_Bahnsteig_PF,99_Bahnsteig_PF
5764124376,63784921243334,99_Bahnsteig_PF,99_Bahnsteig_PF
5764141039,63784921243345,99_Bahnsteig_PF,99_Bahnsteig_PF
5764149371,63784921243356,99_Bahnsteig_PF,99_Bahnsteig_PF
5764157702,63784921243367,99_Bahnsteig_PF,99_Bahnsteig_PF
5764174365,63784921243379,99_Bahnsteig_PF,99_Bahnsteig_PF
5764182697,63784921243389,99_Bahnsteig_PF,99_Bahnsteig_PF
5764191028,63784921243401,99_Bahnsteig_PF,99_Bahnsteig_PF
5764207691,63784921243412,99_Bahnsteig_PF,99_Bahnsteig_PF
5764216023,63784921243424,99_Bahnsteig_PF,99_Bahnsteig_PF
5764224354,63784921243434,99_Bahnsteig_PF,99_Bahnsteig_PF
5764241017,63784921243446,99_Bahnsteig_PF,99_Bahnsteig_PF
5764249349,63784921243457,99_Bahnsteig_PF,99_Bahnsteig_PF
5764257680,63784921243468,99_Bahnsteig_PF,99_Bahnsteig_PF
5764274344,63784921243479,99_Bahnsteig_PF,99_Bahnsteig_PF
5764282675,63784921243490,99_Bahnsteig_PF,99_Bahnsteig_PF
5764291007,63784921243502,99_Bahnsteig_PF,99_Bahnsteig_PF
5764307670,63784921243512,99_Bahnsteig_PF,99_Bahnsteig_PF
5764316001,63784921243523,99_Bahnsteig_PF,99_Bahnsteig_PF
5764324333,63784921243535,99_Bahnsteig_PF,99_Bahnsteig_PF
5764340996,63784921243546,99_Bahnsteig_PF,99_Bahnsteig_PF
5764349327,63784921243557,99_Bahnsteig_PF,99_Bahnsteig_PF
5764357659,63784921243568,99_Bahnsteig_PF,99_Bahnsteig_PF
5764374322,63784921243580,99_Bahnsteig_PF,99_Bahnsteig_PF
5764382653,63784921243591,99_Bahnsteig_PF,99_Bahnsteig_PF
5764390985,63784921243602,99_Bahnsteig_PF,99_Bahnsteig_PF
5764407648,63784921243613,99_Bahnsteig_PF,99_Bahnsteig_PF
5764415979,63784921243625,99_Bahnsteig_PF,99_Bahnsteig_PF
5764424311,63784921243636,99_Bahnsteig_PF,99_Bahnsteig_PF
5764440974,63784921243647,99_Bahnsteig_PF,99_Bahnsteig_PF
5764449306,63784921243658,99_Bahnsteig_PF,99_Bahnsteig_PF
5764457637,63784921243669,99_Bahnsteig_PF,99_Bahnsteig_PF
5764474300,63784921243680,99_Bahnsteig_PF,99_Bahnsteig_PF
5764482632,63784921243691,99_Bahnsteig_PF,99_Bahnsteig_PF
5764490963,63784921243703,99_Bahnsteig_PF,99_Bahnsteig_PF
5764507626,63784921243714,99_Bahnsteig_PF,99_Bahnsteig_PF
5764515958,63784921243725,99_Bahnsteig_PF,99_Bahnsteig_PF
5764524289,63784921243736,99_Bahnsteig_PF,99_Bahnsteig_PF
5764540952,63784921243747,99_Bahnsteig_PF,99_Bahnsteig_PF
5764549284,63784921243758,99_Bahnsteig_PF,99_Bahnsteig_PF
5764557615,63784921243769,99_Bahnsteig_PF,99_Bahnsteig_PF
5764574278,63784921243780,99_Bahnsteig_PF,99_Bahnsteig_PF
5764582610,63784921243791,99_Bahnsteig_PF,99_Bahnsteig_PF
5764599273,63784921243803,99_Bahnsteig_PF,99_Bahnsteig_PF
5764607605,63784921243814,99_Bahnsteig_PF,99_Bahnsteig_PF
5764615936,63784921243826,99_Bahnsteig_PF,99_Bahnsteig_PF
5764624268,63784921243836,99_Bahnsteig_PF,99_Bahnsteig_PF
5764640931,63784921243847,99_Bahnsteig_PF,99_Bahnsteig_PF
5764649262,63784921243859,99_Bahnsteig_PF,99_Bahnsteig_PF
5764665925,63784921243871,99_Bahnsteig_PF,99_Bahnsteig_PF
5764674257,63784921243881,99_Bahnsteig_PF,99_Bahnsteig_PF
5764682588,63784921243894,99_Bahnsteig_PF,99_Bahnsteig_PF
5764699251,63784921243904,99_Bahnsteig_PF,99_Bahnsteig_PF
5764707583,63784921243916,99_Bahnsteig_PF,99_Bahnsteig_PF
5764715914,63784921243925,99_Bahnsteig_PF,99_Bahnsteig_PF
5764732577,63784921243938,99_Bahnsteig_PF,99_Bahnsteig_PF
5764740909,63784921243947,99_Bahnsteig_PF,99_Bahnsteig_PF
5764749240,63784921243959,99_Bahnsteig_PF,99_Bahnsteig_PF
5764765904,63784921243970,99_Bahnsteig_PF,99_Bahnsteig_PF
5764774235,63784921243981,99_Bahnsteig_PF,99_Bahnsteig_PF
5764782567,63784921243992,99_Bahnsteig_PF,99_Bahnsteig_PF
5764799230,63784921244004,99_Bahnsteig_PF,99_Bahnsteig_PF
5764807561,63784921244015,99_Bahnsteig_PF,99_Bahnsteig_PF
5764815893,63784921244026,99_Bahnsteig_PF,99_Bahnsteig_PF
5764832556,63784921244037,99_Bahnsteig_PF,99_Bahnsteig_PF
5764840887,63784921244048,99_Bahnsteig_PF,99_Bahnsteig_PF
5764849219,63784921244060,99_Bahnsteig_PF,99_Bahnsteig_PF
5764865882,63784921244072,99_Bahnsteig_PF,99_Bahnsteig_PF
5764874213,63784921244082,99_Bahnsteig_PF,99_Bahnsteig_PF
5764882545,63784921244093,99_Bahnsteig_PF,99_Bahnsteig_PF
5764899208,63784921244104,99_Bahnsteig_PF,99_Bahnsteig_PF
5764907539,63784921244116,99_Bahnsteig_PF,99_Bahnsteig_PF
5764907539,63784921244126,99_Bahnsteig_PF,99_Bahnsteig_PF
5764907539,63784921244138,99_Bahnsteig_PF,99_Bahnsteig_PF
5764907539,63784921244149,99_Bahnsteig_PF,99_Bahnsteig_PF
5764907539,63784921244161,99_Bahnsteig_PF,99_Bahnsteig_PF
5764907539,63784921244172,99_Bahnsteig_PF,99_Bahnsteig_PF
5764907539,63784921244183,99_Bahnsteig_PF,99_Bahnsteig_PF
5764907539,63784921244194,99_Bahnsteig_PF,99_Bahnsteig_PF
5764907539,63784921244205,99_Bahnsteig_PF,99_Bahnsteig_PF
5764907539,63784921244216,99_Bahnsteig_PF,99_Bahnsteig_PF
5765015849,63784921244227,99_Bahnsteig_PF,99_Bahnsteig_PF
5765032512,63784921244239,99_Bahnsteig_PF,99_Bahnsteig_PF
5765040844,63784921244250,99_Bahnsteig_PF,99_Bahnsteig_PF
5765049175,63784921244261,99_Bahnsteig_PF,99_Bahnsteig_PF
5765065838,63784921244273,99_Bahnsteig_PF,99_Bahnsteig_PF
5765074170,63784921244283,99_Bahnsteig_PF,99_Bahnsteig_PF
5765082501,63784921244294,99_Bahnsteig_PF,99_Bahnsteig_PF
5765099165,63784921244305,99_Bahnsteig_PF,99_Bahnsteig_PF
5765107496,63784921244316,99_Bahnsteig_PF,99_Bahnsteig_PF
5765124159,63784921244328,99_Bahnsteig_PF,99_Bahnsteig_PF
5765132491,63784921244339,99_Bahnsteig_PF,99_Bahnsteig_PF
5765140822,63784921244350,99_Bahnsteig_PF,99_Bahnsteig_PF
5765157485,63784921244361,99_Bahnsteig_PF,99_Bahnsteig_PF
5765165817,63784921244372,99_Bahnsteig_PF,99_Bahnsteig_PF
5765174148,63784921244384,99_Bahnsteig_PF,99_Bahnsteig_PF
5765190811,63784921244395,99_Bahnsteig_PF,99_Bahnsteig_PF
5765199143,63784921244406,99_Bahnsteig_PF,99_Bahnsteig_PF
5765207474,63784921244418,99_Bahnsteig_PF,99_Bahnsteig_PF
5765224137,63784921244429,99_Bahnsteig_PF,99_Bahnsteig_PF
5765232469,63784921244440,99_Bahnsteig_PF,99_Bahnsteig_PF
5765240800,63784921244450,99_Bahnsteig_PF,99_Bahnsteig_PF
5765257464,63784921244462,99_Bahnsteig_PF,99_Bahnsteig_PF
5765265795,63784921244474,99_Bahnsteig_PF,99_Bahnsteig_PF
5765274127,63784921244484,99_Bahnsteig_PF,99_Bahnsteig_PF
5765290790,63784921244496,99_Bahnsteig_PF,99_Bahnsteig_PF
5765299121,63784921244507,99_Bahnsteig_PF,99_Bahnsteig_PF
5765307453,63784921244518,99_Bahnsteig_PF,99_Bahnsteig_PF
5765324116,63784921244530,99_Bahnsteig_PF,99_Bahnsteig_PF
5765332447,63784921244540,99_Bahnsteig_PF,99_Bahnsteig_PF
5765340779,63784921244551,99_Bahnsteig_PF,99_Bahnsteig_PF
5765357442,63784921244563,99_Bahnsteig_PF,99_Bahnsteig_PF
5765365773,63784921244574,99_Bahnsteig_PF,99_Bahnsteig_PF
5765374105,63784921244585,99_Bahnsteig_PF,99_Bahnsteig_PF
5765390768,63784921244596,99_Bahnsteig_PF,99_Bahnsteig_PF
5765399099,63784921244608,99_Bahnsteig_PF,99_Bahnsteig_PF
5765407431,63784921244619,99_Bahnsteig_PF,99_Bahnsteig_PF
5765424094,63784921244630,99_Bahnsteig_PF,99_Bahnsteig_PF
5765432426,63784921244641,99_Bahnsteig_PF,99_Bahnsteig_PF
5765440757,63784921244652,99_Bahnsteig_PF,99_Bahnsteig_PF
5765457420,63784921244663,99_Bahnsteig_PF,99_Bahnsteig_PF
5765465752,63784921244674,99_Bahnsteig_PF,99_Bahnsteig_PF
5765474083,63784921244685,99_Bahnsteig_PF,99_Bahnsteig_PF
5765490746,63784921244696,99_Bahnsteig_PF,99_Bahnsteig_PF
5765499078,63784921244707,99_Bahnsteig_PF,99_Bahnsteig_PF
5765507409,63784921244719,99_Bahnsteig_PF,99_Bahnsteig_PF
5765524072,63784921244730,99_Bahnsteig_PF,99_Bahnsteig_PF
5765532404,63784921244742,99_Bahnsteig_PF,99_Bahnsteig_PF
5765540735,63784921244752,99_Bahnsteig_PF,99_Bahnsteig_PF
5765557398,63784921244764,99_Bahnsteig_PF,99_Bahnsteig_PF
5765565730,63784921244775,99_Bahnsteig_PF,99_Bahnsteig_PF
5765574061,63784921244786,99_Bahnsteig_PF,99_Bahnsteig_PF
5765590724,63784921244797,99_Bahnsteig_PF,99_Bahnsteig_PF
5765599056,63784921244809,99_Bahnsteig_PF,99_Bahnsteig_PF
5765615719,63784921244820,99_Bahnsteig_PF,99_Bahnsteig_PF
5765624051,63784921244831,99_Bahnsteig_PF,99_Bahnsteig_PF
5765632382,63784921244842,99_Bahnsteig_PF,99_Bahnsteig_PF
5765649045,63784921244853,None,None
5765657377,63784921244864,99_Bahnsteig_PF,99_Bahnsteig_PF
5765665708,63784921244875,99_Bahnsteig_PF,99_Bahnsteig_PF
5765682371,63784921244886,99_Bahnsteig_PF,99_Bahnsteig_PF
5765690703,63784921244900,99_Bahnsteig_PF,99_Bahnsteig_PF
5765699034,63784921244908,99_Bahnsteig_PF,99_Bahnsteig_PF
5765715697,63784921244920,99_Bahnsteig_PF,99_Bahnsteig_PF
5765724029,63784921244931,99_Bahnsteig_PF,99_Bahnsteig_PF
5765732360,63784921244942,99_Bahnsteig_PF,99_Bahnsteig_PF
5765749023,63784921244953,99_Bahnsteig_PF,99_Bahnsteig_PF
5765757355,63784921244964,99_Bahnsteig_PF,99_Bahnsteig_PF
5765765687,63784921244975,99_Bahnsteig_PF,99_Bahnsteig_PF
5765782350,63784921244986,99_Bahnsteig_PF,99_Bahnsteig_PF
5765790681,63784921244997,99_Bahnsteig_PF,99_Bahnsteig_PF
5765799013,63784921245009,99_Bahnsteig_PF,99_Bahnsteig_PF
5765815676,63784921245020,99_Bahnsteig_PF,99_Bahnsteig_PF
5765824007,63784921245031,99_Bahnsteig_PF,99_Bahnsteig_PF
5765832339,63784921245042,99_Bahnsteig_PF,99_Bahnsteig_PF
5765849002,63784921245054,99_Bahnsteig_PF,99_Bahnsteig_PF
5765857333,63784921245065,99_Bahnsteig_PF,99_Bahnsteig_PF
5765865665,63784921245076,99_Bahnsteig_PF,99_Bahnsteig_PF
5765882328,63784921245087,99_Bahnsteig_PF,99_Bahnsteig_PF
5765890659,63784921245098,99_Bahnsteig_PF,99_Bahnsteig_PF
5765898991,63784921245110,99_Bahnsteig_PF,99_Bahnsteig_PF
5765915654,63784921245121,99_Bahnsteig_PF,99_Bahnsteig_PF
5765923986,63784921245132,99_Bahnsteig_PF,99_Bahnsteig_PF
5765932317,63784921245143,99_Bahnsteig_PF,99_Bahnsteig_PF
5765948980,63784921245155,99_Bahnsteig_PF,99_Bahnsteig_PF
5765957312,63784921245166,99_Bahnsteig_PF,99_Bahnsteig_PF
5765965643,63784921245177,99_Bahnsteig_PF,99_Bahnsteig_PF
5765982306,63784921245188,99_Bahnsteig_PF,99_Bahnsteig_PF
5765990638,63784921245199,99_Bahnsteig_PF,99_Bahnsteig_PF
5766007301,63784921245211,99_Bahnsteig_PF,99_Bahnsteig_PF
5766015632,63784921245222,99_Bahnsteig_PF,99_Bahnsteig_PF
5766023964,63784921245233,99_Bahnsteig_PF,99_Bahnsteig_PF
5766032295,63784921245244,99_Bahnsteig_PF,99_Bahnsteig_PF
5766048958,63784921245255,99_Bahnsteig_PF,99_Bahnsteig_PF
5766057290,63784921245266,99_Bahnsteig_PF,99_Bahnsteig_PF
5766073953,63784921245282,99_Bahnsteig_PF,99_Bahnsteig_PF
5766082284,63784921245288,99_Bahnsteig_PF,99_Bahnsteig_PF
5766090616,63784921245294,99_Bahnsteig_PF,99_Bahnsteig_PF
5766098948,63784921245306,99_Bahnsteig_PF,99_Bahnsteig_PF
5766107279,63784921245317,99_Bahnsteig_PF,99_Bahnsteig_PF
5766123942,63784921245328,99_Bahnsteig_PF,99_Bahnsteig_PF
5766132274,63784921245339,99_Bahnsteig_PF,99_Bahnsteig_PF
5766140605,63784921245351,99_Bahnsteig_PF,99_Bahnsteig_PF
5766157268,63784921245362,99_Bahnsteig_PF,99_Bahnsteig_PF
5766165600,63784921245373,99_Bahnsteig_PF,99_Bahnsteig_PF
5766173931,63784921245384,99_Bahnsteig_PF,99_Bahnsteig_PF
5766190594,63784921245395,99_Bahnsteig_PF,99_Bahnsteig_PF
5766198926,63784921245407,99_Bahnsteig_PF,99_Bahnsteig_PF
5766207257,63784921245418,99_Bahnsteig_PF,99_Bahnsteig_PF
5766223920,63784921245429,99_Bahnsteig_PF,99_Bahnsteig_PF
5766232252,63784921245441,99_Bahnsteig_PF,99_Bahnsteig_PF
5766240583,63784921245451,99_Bahnsteig_PF,99_Bahnsteig_PF
5766257246,63784921245463,99_Bahnsteig_PF,99_Bahnsteig_PF
5766265578,63784921245474,99_Bahnsteig_PF,99_Bahnsteig_PF
5766273910,63784921245485,99_Bahnsteig_PF,99_Bahnsteig_PF
5766290573,63784921245496,99_Bahnsteig_PF,99_Bahnsteig_PF
5766298904,63784921245507,99_Bahnsteig_PF,99_Bahnsteig_PF
5766307236,63784921245519,99_Bahnsteig_PF,99_Bahnsteig_PF
5766323899,63784921245530,99_Bahnsteig_PF,99_Bahnsteig_PF
5766332230,63784921245541,99_Bahnsteig_PF,99_Bahnsteig_PF
5766340562,63784921245552,99_Bahnsteig_PF,99_Bahnsteig_PF
5766357225,63784921245563,99_Bahnsteig_PF,99_Bahnsteig_PF
5766365556,63784921245574,99_Bahnsteig_PF,99_Bahnsteig_PF
5766373888,63784921245585,99_Bahnsteig_PF,99_Bahnsteig_PF
5766390551,63784921245597,99_Bahnsteig_PF,99_Bahnsteig_PF
5766398882,63784921245609,99_Bahnsteig_PF,99_Bahnsteig_PF
5766407214,63784921245619,99_Bahnsteig_PF,99_Bahnsteig_PF
5766423877,63784921245630,99_Bahnsteig_PF,99_Bahnsteig_PF
5766432209,63784921245642,99_Bahnsteig_PF,99_Bahnsteig_PF
5766448872,63784921245653,99_Bahnsteig_PF,99_Bahnsteig_PF
5766457203,63784921245665,99_Bahnsteig_PF,99_Bahnsteig_PF
5766465535,63784921245677,99_Bahnsteig_PF,99_Bahnsteig_PF
5766482198,63784921245688,99_Bahnsteig_PF,99_Bahnsteig_PF
5766490529,63784921245699,99_Bahnsteig_PF,99_Bahnsteig_PF
5766498861,63784921245710,99_Bahnsteig_PF,99_Bahnsteig_PF
5766515524,63784921245722,99_Bahnsteig_PF,99_Bahnsteig_PF
5766523855,63784921245733,99_Bahnsteig_PF,99_Bahnsteig_PF
5766540518,63784921245744,99_Bahnsteig_PF,99_Bahnsteig_PF
5766548850,63784921245755,99_Bahnsteig_PF,99_Bahnsteig_PF
5766557181,63784921245767,99_Bahnsteig_PF,99_Bahnsteig_PF
5766573844,63784921245778,99_Bahnsteig_PF,99_Bahnsteig_PF
5766582176,63784921245789,99_Bahnsteig_PF,99_Bahnsteig_PF
5766590508,63784921245801,99_Bahnsteig_PF,99_Bahnsteig_PF
5766607171,63784921245813,99_Bahnsteig_PF,99_Bahnsteig_PF
5766615502,63784921245824,99_Bahnsteig_PF,99_Bahnsteig_PF
5766632165,63784921245836,99_Bahnsteig_PF,99_Bahnsteig_PF
5766640497,63784921245846,99_Bahnsteig_PF,99_Bahnsteig_PF
5766648828,63784921245858,99_Bahnsteig_PF,99_Bahnsteig_PF
5766665491,63784921245869,99_Bahnsteig_PF,99_Bahnsteig_PF
5766673823,63784921245880,99_Bahnsteig_PF,None
5766682154,63784921245892,99_Bahnsteig_PF,None
5766698817,63784921245903,99_Bahnsteig_PF,None
5766707149,63784921245914,99_Bahnsteig_PF,None
5766715480,63784921245925,99_Bahnsteig_PF,None
5766732143,63784921245937,99_Bahnsteig_PF,None
5766740475,63784921245948,99_Bahnsteig_PF,None
5766748806,63784921245959,99_Bahnsteig_PF,None
5766765470,63784921245970,99_Bahnsteig_PF,None
5766773801,63784921245981,99_Bahnsteig_PF,None
5766782133,63784921245993,99_Bahnsteig_PF,None
5766798796,63784921246004,99_Bahnsteig_PF,None
5766807127,63784921246015,99_Bahnsteig_PF,None
5766815459,63784921246026,99_Bahnsteig_PF,None
5766832122,63784921246037,99_Bahnsteig_PF,None
5766840453,63784921246048,99_Bahnsteig_PF,None
5766848785,63784921246060,99_Bahnsteig_PF,None
5766865448,63784921246071,99_Bahnsteig_PF,None
5766873779,63784921246082,99_Bahnsteig_PF,None
5766882111,63784921246093,99_Bahnsteig_PF,None
5766898774,63784921246104,99_Bahnsteig_PF,None
5766907105,63784921246115,99_Bahnsteig_PF,None
5766907105,63784921246126,99_Bahnsteig_PF,None
5766907105,63784921246137,99_Bahnsteig_PF,None
5766907105,63784921246149,99_Bahnsteig_PF,None
5766907105,63784921246159,99_Bahnsteig_PF,None
5766907105,63784921246170,99_Bahnsteig_PF,None
5766907105,63784921246182,99_Bahnsteig_PF,None
5766907105,63784921246194,99_Bahnsteig_PF,None
5766907105,63784921246204,99_Bahnsteig_PF,None
5766907105,63784921246215,99_Bahnsteig_PF,None
5767015415,63784921246226,None,None
5767032078,63784921246238,None,None
5767040410,63784921246249,None,None
5767048741,63784921246260,None,None
5767065404,63784921246271,None,None
5767073736,63784921246282,None,None
5767082067,63784921246294,None,None
5767098731,63784921246305,None,None
5767107062,63784921246316,None,None
5767115394,63784921246328,None,None
5767132057,63784921246340,None,None
5767140388,63784921246350,None,None
5767157051,63784921246361,None,None
5767165383,63784921246372,None,None
5767173714,63784921246383,None,None
5767182046,63784921246394,None,None
5767198709,63784921246406,None,None
5767207040,63784921246417,None,None
5767223703,63784921246428,None,None
5767232035,63784921246439,None,None
5767240366,63784921246450,None,None
5767257030,63784921246462,None,None
5767265361,63784921246472,None,None
5767273693,63784921246483,None,None
5767290356,63784921246495,None,None
5767298687,63784921246505,None,None
5767307019,63784921246517,None,None
5767323682,63784921246528,None,None
5767332013,63784921246539,None,None
5767340345,63784921246550,None,None
5767357008,63784921246562,None,None
5767365339,63784921246573,None,None
5767373671,63784921246584,None,None
5767390334,63784921246595,None,None
5767398665,63784921246606,None,None
5767406997,63784921246618,None,None
5767423660,63784921246629,None,None
5767431992,63784921246640,None,None
5767440323,63784921246651,99_Bahnsteig_PF,None
5767456986,63784921246662,None,None
5767465318,63784921246674,None,None
5767473649,63784921246685,99_Bahnsteig_PF,None
5767490312,63784921246696,None,None
5767498644,63784921246707,None,None
5767506975,63784921246719,None,None
5767523638,63784921246729,99_Bahnsteig_PF,None
5767531970,63784921246740,None,None
5767548633,63784921246751,None,None
5767556964,63784921246763,None,None
5767565296,63784921246775,None,None
5767581959,63784921246785,None,None
5767590290,63784921246797,None,None
5767598622,63784921246808,None,None
5767615285,63784921246819,None,None
5767623617,63784921246831,None,None
5767631948,63784921246841,None,None
5767640280,63784921246852,None,None
5767656943,63784921246864,None,None
5767665274,63784921246874,None,None
5767681937,63784921246886,None,None
5767690269,63784921246897,None,None
5767698600,63784921246909,None,None
5767715263,63784921246919,None,None
5767723595,63784921246931,None,None
5767731926,63784921246942,None,None
5767748589,63784921246953,None,None
5767756921,63784921246964,None,None
5767765253,63784921246975,None,None
5767781916,63784921246986,None,None
5767790247,63784921246997,None,None
5767798579,63784921247009,None,None
5767815242,63784921247020,None,None
5767823573,63784921247031,None,None
5767831905,63784921247043,None,None
5767848568,63784921247053,None,None
5767856899,63784921247064,None,None
5767865231,63784921247076,Orientation Highlighting Plane,None
5767881894,63784921247087,Orientation Highlighting Plane,None
5767890225,63784921247098,Orientation Highlighting Plane,None
5767898557,63784921247109,Orientation Highlighting Plane,None
5767915220,63784921247120,None,None
5767923552,63784921247131,Station Name,None
5767931883,63784921247143,Orientation Highlighting Plane,None
5767948546,63784921247154,None,None
5767956878,63784921247165,None,None
5767965209,63784921247177,Orientation Highlighting Plane,None
5767981872,63784921247188,Orientation Highlighting Plane,None
5767990204,63784921247199,None,None
5768006867,63784921247211,None,None
5768015198,63784921247221,None,None
5768023530,63784921247233,None,None
5768040193,63784921247245,None,Orientation Highlighting Plane
5768048524,63784921247255,None,Orientation Highlighting Plane
5768056856,63784921247266,None,None
5768073519,63784921247278,None,None
5768081850,63784921247289,Orientation Highlighting Plane,None
5768090182,63784921247299,Orientation Highlighting Plane,None
5768106845,63784921247310,None,None
5768115177,63784921247321,None,None
5768123508,63784921247332,None,None
5768140171,63784921247344,None,None
5768148503,63784921247354,None,Orientation Highlighting Plane
5768156834,63784921247366,None,Orientation Highlighting Plane
5768173497,63784921247378,None,Orientation Highlighting Plane
5768181829,63784921247389,None,Orientation Highlighting Plane
5768190160,63784921247400,None,Orientation Highlighting Plane
5768206823,63784921247411,None,Orientation Highlighting Plane
5768215155,63784921247422,None,Orientation Highlighting Plane
5768223486,63784921247433,None,Orientation Highlighting Plane
5768240149,63784921247444,None,Orientation Highlighting Plane
5768248481,63784921247456,Orientation Highlighting Plane,None
5768256812,63784921247467,Orientation Highlighting Plane,None
5768273476,63784921247478,Orientation Highlighting Plane,None
5768281807,63784921247488,Orientation Highlighting Plane,None
5768290139,63784921247500,Orientation Highlighting Plane,None
5768306802,63784921247511,Station Name,None
5768315133,63784921247522,None,None
5768323465,63784921247533,None,None
5768340128,63784921247545,None,None
5768348459,63784921247556,None,None
5768356791,63784921247567,None,None
5768373454,63784921247580,None,None
5768381785,63784921247590,None,None
5768390117,63784921247601,None,None
5768406780,63784921247613,None,None
5768415111,63784921247624,None,None
5768423443,63784921247635,None,None
5768440106,63784921247646,None,None
5768448438,63784921247657,None,None
5768456769,63784921247668,None,None
5768473432,63784921247680,None,None
5768481764,63784921247690,None,None
5768490095,63784921247701,None,None
5768506758,63784921247713,None,None
5768515090,63784921247724,None,None
5768523421,63784921247734,None,None
5768540084,63784921247746,None,None
5768548416,63784921247757,None,None
5768556747,63784921247768,None,None
5768573410,63784921247780,None,None
5768581742,63784921247791,None,None
5768590074,63784921247801,None,None
5768606737,63784921247813,None,None
5768615068,63784921247825,None,None
5768631731,63784921247836,None,None
5768640063,63784921247846,None,None
5768648394,63784921247858,None,None
5768665057,63784921247869,None,None
5768673389,63784921247880,None,None
5768681720,63784921247892,None,None
5768698383,63784921247903,Orientation Highlighting Plane,None
5768706715,63784921247914,None,None
5768715046,63784921247925,Orientation Highlighting Plane,None
5768731709,63784921247936,None,None
5768740041,63784921247948,None,None
5768748372,63784921247958,None,None
5768765036,63784921247970,None,None
5768773367,63784921247981,None,None
5768781699,63784921247992,None,None
5768798362,63784921248003,None,None
5768806693,63784921248014,None,None
5768815025,63784921248026,None,None
5768831688,63784921248037,None,None
5768840019,63784921248048,None,None
5768848351,63784921248059,None,None
5768865014,63784921248069,None,None
5768873345,63784921248081,None,None
5768881677,63784921248092,None,None
5768898340,63784921248103,None,None
5768906671,63784921248114,None,None
5768915003,63784921248126,None,None
5768915003,63784921248137,None,None
5768915003,63784921248148,None,None
5768915003,63784921248159,None,None
5768915003,63784921248171,None,None
5768915003,63784921248182,None,None
5768915003,63784921248194,None,None
5768915003,63784921248205,None,None
5768915003,63784921248216,None,None
5769023313,63784921248235,Orientation Highlighting Plane,None
5769039976,63784921248245,Orientation Highlighting Plane,None
5769039976,63784921248252,Orientation Highlighting Plane,None
5769048307,63784921248258,None,None
5769056639,63784921248267,None,None
5769073302,63784921248278,Orientation Highlighting Plane,None
5769081633,63784921248289,Station Name,None
5769089965,63784921248300,Station Name,None
5769106628,63784921248311,None,None
5769114960,63784921248322,None,None
5769123291,63784921248334,None,None
5769139954,63784921248348,None,None
5769148286,63784921248359,None,None
5769156617,63784921248367,None,None
5769173280,63784921248379,None,None
5769181612,63784921248389,None,None
5769189943,63784921248400,None,None
5769206606,63784921248413,Orientation Highlighting Plane,None
5769214938,63784921248426,None,Orientation Highlighting Plane
5769223269,63784921248434,None,Orientation Highlighting Plane
5769239932,63784921248445,None,None
5769248264,63784921248457,None,None
5769256596,63784921248468,None,None
5769273259,63784921248480,None,None
5769281590,63784921248491,None,None
5769289922,63784921248502,None,None
5769306585,63784921248513,None,None
5769314916,63784921248524,None,None
5769323248,63784921248536,None,None
5769339911,63784921248546,None,None
5769348242,63784921248557,None,None
5769356574,63784921248568,None,None
5769373237,63784921248579,None,None
5769381568,63784921248590,None,None
5769389900,63784921248602,None,None
5769414894,63784921248619,None,None
5769414894,63784921248626,None,None
5769423226,63784921248635,None,None
5769439889,63784921248647,None,None
5769448221,63784921248658,None,None
5769464884,63784921248669,None,None
5769473215,63784921248680,None,None
5769481547,63784921248691,None,None
5769498210,63784921248702,None,None
5769506541,63784921248714,None,None
5769514873,63784921248725,None,None
5769531536,63784921248736,None,None
5769539867,63784921248747,None,None
5769548199,63784921248758,None,None
5769564862,63784921248769,None,None
5769573193,63784921248781,None,None
5769581525,63784921248791,None,None
5769598188,63784921248803,None,None
5769606520,63784921248814,None,None
5769614851,63784921248825,None,None
5769631514,63784921248836,None,None
5769639846,63784921248848,None,None
5769648177,63784921248859,None,None
5769664840,63784921248869,None,None
5769673172,63784921248881,None,None
5769681503,63784921248892,None,None
5769698166,63784921248903,None,None
5769706498,63784921248916,None,None
5769714829,63784921248926,None,None
5769731492,63784921248937,None,None
5769739824,63784921248948,None,None
5769756487,63784921248960,None,None
5769764819,63784921248971,None,None
5769773150,63784921248982,None,None
5769789813,63784921248993,None,None
5769798145,63784921249005,None,None
5769806476,63784921249016,None,None
5769823139,63784921249028,None,None
5769831471,63784921249039,None,None
5769839802,63784921249051,None,None
5769856465,63784921249062,None,None
5769864797,63784921249074,None,None
5769873128,63784921249084,None,None
5769889791,63784921249095,None,None
5769898123,63784921249107,None,None
5769914786,63784921249119,None,None
5769923118,63784921249130,None,None
5769931449,63784921249141,None,None
5769948112,63784921249153,None,None
5769956444,63784921249164,None,None
5769964775,63784921249176,None,None
5769981438,63784921249186,None,None
5769989770,63784921249199,None,None
5769998101,63784921249209,None,None
5770014764,63784921249221,None,None
5770023096,63784921249232,None,None
5770031427,63784921249243,None,None
5770048090,63784921249254,None,None
5770056422,63784921249265,None,None
5770073085,63784921249277,None,None
5770081416,63784921249288,None,None
5770089748,63784921249299,None,None
5770106411,63784921249311,None,None
5770114743,63784921249321,99_Bahnsteig_PF,99_Bahnsteig_PF
5770123074,63784921249332,99_Bahnsteig_PF,99_Bahnsteig_PF
5770139737,63784921249344,99_Bahnsteig_PF,99_Bahnsteig_PF
5770148069,63784921249355,99_Bahnsteig_PF,99_Bahnsteig_PF
5770156400,63784921249366,99_Bahnsteig_PF,99_Bahnsteig_PF
5770173063,63784921249378,99_Bahnsteig_PF,99_Bahnsteig_PF
5770181395,63784921249388,99_Bahnsteig_PF,99_Bahnsteig_PF
5770189726,63784921249400,99_Bahnsteig_PF,99_Bahnsteig_PF
5770206389,63784921249410,99_Bahnsteig_PF,99_Bahnsteig_PF
5770214721,63784921249421,99_Bahnsteig_PF,99_Bahnsteig_PF
5770223052,63784921249433,99_Bahnsteig_PF,99_Bahnsteig_PF
5770239715,63784921249444,99_Bahnsteig_PF,99_Bahnsteig_PF
5770248047,63784921249454,99_Bahnsteig_PF,99_Bahnsteig_PF
5770256378,63784921249466,99_Bahnsteig_PF,99_Bahnsteig_PF
5770273042,63784921249477,99_Bahnsteig_PF,99_Bahnsteig_PF
5770281373,63784921249488,99_Bahnsteig_PF,99_Bahnsteig_PF
5770289705,63784921249500,99_Bahnsteig_PF,99_Bahnsteig_PF
5770306368,63784921249511,99_Bahnsteig_PF,99_Bahnsteig_PF
5770314699,63784921249522,99_Bahnsteig_PF,99_Bahnsteig_PF
5770323031,63784921249533,99_Bahnsteig_PF,99_Bahnsteig_PF
5770339694,63784921249544,99_Bahnsteig_PF,99_Bahnsteig_PF
5770348025,63784921249555,99_Bahnsteig_PF,99_Bahnsteig_PF
5770356357,63784921249567,99_Bahnsteig_PF,99_Bahnsteig_PF
5770373020,63784921249578,99_Bahnsteig_PF,99_Bahnsteig_PF
5770381351,63784921249589,99_Bahnsteig_PF,99_Bahnsteig_PF
5770389683,63784921249600,99_Bahnsteig_PF,99_Bahnsteig_PF
5770406346,63784921249611,99_Bahnsteig_PF,99_Bahnsteig_PF
5770414677,63784921249622,99_Bahnsteig_PF,99_Bahnsteig_PF
5770423009,63784921249634,99_Bahnsteig_PF,99_Bahnsteig_PF
5770439672,63784921249645,99_Bahnsteig_PF,99_Bahnsteig_PF
5770448004,63784921249657,99_Bahnsteig_PF,99_Bahnsteig_PF
5770456335,63784921249669,99_Bahnsteig_PF,99_Bahnsteig_PF
5770472998,63784921249679,99_Bahnsteig_PF,99_Bahnsteig_PF
5770481330,63784921249690,99_Bahnsteig_PF,99_Bahnsteig_PF
5770489661,63784921249701,99_Bahnsteig_PF,99_Bahnsteig_PF
5770506324,63784921249713,99_Bahnsteig_PF,99_Bahnsteig_PF
5770514656,63784921249724,99_Bahnsteig_PF,99_Bahnsteig_PF
5770522987,63784921249735,99_Bahnsteig_PF,99_Bahnsteig_PF
5770539650,63784921249746,99_Bahnsteig_PF,99_Bahnsteig_PF
5770547982,63784921249757,99_Bahnsteig_PF,99_Bahnsteig_PF
5770564645,63784921249769,99_Bahnsteig_PF,99_Bahnsteig_PF
5770572976,63784921249780,99_Bahnsteig_PF,99_Bahnsteig_PF
5770581308,63784921249791,99_Bahnsteig_PF,99_Bahnsteig_PF
5770589640,63784921249801,99_Bahnsteig_PF,99_Bahnsteig_PF
5770606303,63784921249813,99_Bahnsteig_PF,99_Bahnsteig_PF
5770614634,63784921249823,99_Bahnsteig_PF,99_Bahnsteig_PF
5770631297,63784921249835,99_Bahnsteig_PF,99_Bahnsteig_PF
5770639629,63784921249846,99_Bahnsteig_PF,99_Bahnsteig_PF
5770647960,63784921249857,99_Bahnsteig_PF,99_Bahnsteig_PF
5770664623,63784921249868,99_Bahnsteig_PF,99_Bahnsteig_PF
5770672955,63784921249880,99_Bahnsteig_PF,99_Bahnsteig_PF
5770681286,63784921249891,99_Bahnsteig_PF,99_Bahnsteig_PF
5770697949,63784921249902,99_Bahnsteig_PF,99_Bahnsteig_PF
5770706281,63784921249913,99_Bahnsteig_PF,99_Bahnsteig_PF
5770714612,63784921249925,99_Bahnsteig_PF,99_Bahnsteig_PF
5770731275,63784921249936,99_Bahnsteig_PF,99_Bahnsteig_PF
5770739607,63784921249947,99_Bahnsteig_PF,99_Bahnsteig_PF
5770747938,63784921249958,99_Bahnsteig_PF,99_Bahnsteig_PF
5770764602,63784921249969,99_Bahnsteig_PF,99_Bahnsteig_PF
5770772933,63784921249981,99_Bahnsteig_PF,99_Bahnsteig_PF
5770781265,63784921249991,99_Bahnsteig_PF,99_Bahnsteig_PF
5770797928,63784921250003,99_Bahnsteig_PF,99_Bahnsteig_PF
5770806259,63784921250014,99_Bahnsteig_PF,99_Bahnsteig_PF
5770814591,63784921250025,99_Bahnsteig_PF,99_Bahnsteig_PF
5770831254,63784921250037,99_Bahnsteig_PF,99_Bahnsteig_PF
5770839585,63784921250048,99_Bahnsteig_PF,99_Bahnsteig_PF
5770847917,63784921250059,99_Bahnsteig_PF,99_Bahnsteig_PF
5770864580,63784921250070,99_Bahnsteig_PF,99_Bahnsteig_PF
5770872911,63784921250081,99_Bahnsteig_PF,99_Bahnsteig_PF
5770881243,63784921250091,99_Bahnsteig_PF,99_Bahnsteig_PF
5770897906,63784921250103,99_Bahnsteig_PF,99_Bahnsteig_PF
5770906237,63784921250114,99_Bahnsteig_PF,99_Bahnsteig_PF
5770914569,63784921250125,99_Bahnsteig_PF,99_Bahnsteig_PF
5770914569,63784921250136,99_Bahnsteig_PF,99_Bahnsteig_PF
5770914569,63784921250147,99_Bahnsteig_PF,99_Bahnsteig_PF
5770914569,63784921250159,99_Bahnsteig_PF,99_Bahnsteig_PF
5770914569,63784921250171,99_Bahnsteig_PF,99_Bahnsteig_PF
5770914569,63784921250181,99_Bahnsteig_PF,99_Bahnsteig_PF
5770914569,63784921250192,99_Bahnsteig_PF,99_Bahnsteig_PF
5770914569,63784921250203,99_Bahnsteig_PF,99_Bahnsteig_PF
5770914569,63784921250215,99_Bahnsteig_PF,99_Bahnsteig_PF
5771014547,63784921250226,99_Bahnsteig_PF,99_Bahnsteig_PF
5771031210,63784921250237,99_Bahnsteig_PF,99_Bahnsteig_PF
5771039542,63784921250249,99_Bahnsteig_PF,99_Bahnsteig_PF
5771047873,63784921250260,99_Bahnsteig_PF,99_Bahnsteig_PF
5771064536,63784921250271,99_Bahnsteig_PF,99_Bahnsteig_PF
5771072868,63784921250283,99_Bahnsteig_PF,99_Bahnsteig_PF
5771089531,63784921250293,99_Bahnsteig_PF,99_Bahnsteig_PF
5771097863,63784921250303,99_Bahnsteig_PF,99_Bahnsteig_PF
5771106194,63784921250315,99_Bahnsteig_PF,99_Bahnsteig_PF
5771114526,63784921250326,99_Bahnsteig_PF,99_Bahnsteig_PF
5771131189,63784921250338,99_Bahnsteig_PF,99_Bahnsteig_PF
5771139520,63784921250349,99_Bahnsteig_PF,99_Bahnsteig_PF
5771147852,63784921250359,99_Bahnsteig_PF,99_Bahnsteig_PF
5771164515,63784921250371,99_Bahnsteig_PF,99_Bahnsteig_PF
5771172846,63784921250383,99_Bahnsteig_PF,99_Bahnsteig_PF
5771189509,63784921250394,99_Bahnsteig_PF,99_Bahnsteig_PF
5771197841,63784921250406,99_Bahnsteig_PF,99_Bahnsteig_PF
5771206172,63784921250416,99_Bahnsteig_PF,99_Bahnsteig_PF
5771222835,63784921250427,99_Bahnsteig_PF,99_Bahnsteig_PF
5771231167,63784921250439,99_Bahnsteig_PF,99_Bahnsteig_PF
5771239498,63784921250450,99_Bahnsteig_PF,99_Bahnsteig_PF
5771256162,63784921250461,99_Bahnsteig_PF,99_Bahnsteig_PF
5771264493,63784921250472,99_Bahnsteig_PF,99_Bahnsteig_PF
5771272825,63784921250484,99_Bahnsteig_PF,99_Bahnsteig_PF
5771289488,63784921250494,99_Bahnsteig_PF,99_Bahnsteig_PF
5771297819,63784921250505,99_Bahnsteig_PF,99_Bahnsteig_PF
5771306151,63784921250517,99_Bahnsteig_PF,99_Bahnsteig_PF
5771322814,63784921250528,99_Bahnsteig_PF,99_Bahnsteig_PF
5771331145,63784921250538,99_Bahnsteig_PF,99_Bahnsteig_PF
5771339477,63784921250550,99_Bahnsteig_PF,99_Bahnsteig_PF
5771356140,63784921250561,99_Bahnsteig_PF,99_Bahnsteig_PF
5771364471,63784921250572,99_Bahnsteig_PF,99_Bahnsteig_PF
5771372803,63784921250583,99_Bahnsteig_PF,99_Bahnsteig_PF
5771389466,63784921250595,99_Bahnsteig_PF,99_Bahnsteig_PF
5771397797,63784921250606,99_Bahnsteig_PF,99_Bahnsteig_PF
5771406129,63784921250618,99_Bahnsteig_PF,99_Bahnsteig_PF
5771422792,63784921250628,99_Bahnsteig_PF,99_Bahnsteig_PF
5771431124,63784921250640,99_Bahnsteig_PF,99_Bahnsteig_PF
5771439455,63784921250651,99_Bahnsteig_PF,99_Bahnsteig_PF
5771456118,63784921250662,99_Bahnsteig_PF,99_Bahnsteig_PF
5771464450,63784921250673,99_Bahnsteig_PF,99_Bahnsteig_PF
5771481113,63784921250685,99_Bahnsteig_PF,99_Bahnsteig_PF
5771489444,63784921250696,99_Bahnsteig_PF,99_Bahnsteig_PF
5771497776,63784921250707,99_Bahnsteig_PF,99_Bahnsteig_PF
5771506107,63784921250718,99_Bahnsteig_PF,99_Bahnsteig_PF
5771522770,63784921250729,99_Bahnsteig_PF,99_Bahnsteig_PF
5771531102,63784921250739,99_Bahnsteig_PF,99_Bahnsteig_PF
5771547765,63784921250751,99_Bahnsteig_PF,99_Bahnsteig_PF
5771556096,63784921250761,99_Bahnsteig_PF,99_Bahnsteig_PF
5771564428,63784921250773,99_Bahnsteig_PF,99_Bahnsteig_PF
5771572759,63784921250784,99_Bahnsteig_PF,99_Bahnsteig_PF
5771589422,63784921250796,99_Bahnsteig_PF,99_Bahnsteig_PF
5771597754,63784921250807,99_Bahnsteig_PF,99_Bahnsteig_PF
5771614417,63784921250818,99_Bahnsteig_PF,99_Bahnsteig_PF
5771622749,63784921250829,99_Bahnsteig_PF,99_Bahnsteig_PF
5771631080,63784921250840,99_Bahnsteig_PF,99_Bahnsteig_PF
5771639412,63784921250851,99_Bahnsteig_PF,99_Bahnsteig_PF
5771656075,63784921250862,None,None
5771664406,63784921250874,None,None
5771681069,63784921250885,None,None
5771689401,63784921250896,None,None
5771697732,63784921250907,None,None
5771714395,63784921250919,None,None
5771722727,63784921250932,None,None
5771731058,63784921250941,None,None
5771747721,63784921250952,None,None
5771756053,63784921250963,None,None
5771764385,63784921250975,None,None
5771781048,63784921250985,None,None
5771789379,63784921250997,None,None
5771797711,63784921251008,None,None
5771814374,63784921251020,None,None
5771822705,63784921251031,None,None
5771831037,63784921251042,None,None
5771847700,63784921251052,None,None
5771856031,63784921251064,None,None
5771864363,63784921251074,None,None
5771881026,63784921251086,None,None
5771889357,63784921251097,None,None
5771897689,63784921251109,None,None
5771914352,63784921251119,None,None
5771922684,63784921251130,None,None
5771931015,63784921251142,None,None
5771947678,63784921251154,None,None
5771956010,63784921251164,None,None
5771964341,63784921251175,None,None
5771981004,63784921251187,None,None
5771989336,63784921251198,None,None
5771997667,63784921251209,None,None
5772014330,63784921251220,None,None
5772022662,63784921251231,None,None
5772030993,63784921251243,None,None
5772047656,63784921251254,None,None
5772055988,63784921251265,None,None
5772064319,63784921251276,None,None
5772080982,63784921251288,None,None
5772089314,63784921251298,None,None
5772097646,63784921251310,None,None
5772114309,63784921251321,None,None
5772122640,63784921251333,None,None
5772130972,63784921251343,None,None
5772147635,63784921251355,None,None
5772155966,63784921251366,None,None
5772164298,63784921251377,None,None
5772180961,63784921251388,None,None
5772189292,63784921251398,None,None
5772197624,63784921251409,None,None
5772214287,63784921251420,None,None
5772222618,63784921251432,None,None
5772230950,63784921251443,None,None
5772247613,63784921251454,None,None
5772255944,63784921251466,None,None
5772264276,63784921251476,None,None
5772280939,63784921251488,None,None
5772289271,63784921251499,None,None
5772305934,63784921251510,None,None
5772314265,63784921251521,None,None
5772322597,63784921251534,None,None
5772330928,63784921251543,None,None
5772347591,63784921251556,None,None
5772355923,63784921251566,None,None
5772372586,63784921251584,None,None
5772380917,63784921251590,None,None
5772389249,63784921251596,None,None
5772397580,63784921251606,None,None
5772405912,63784921251618,None,None
5772422575,63784921251628,None,None
5772430907,63784921251640,None,None
5772439238,63784921251651,None,None
5772455901,63784921251662,None,None
5772464233,63784921251674,None,None
5772472564,63784921251684,None,None
5772489227,63784921251696,None,None
5772497559,63784921251707,None,None
5772505890,63784921251718,None,None
5772522553,63784921251730,None,None
5772530885,63784921251740,None,None
5772539216,63784921251751,None,None
5772555879,63784921251762,None,None
5772564211,63784921251773,None,None
5772580874,63784921251785,None,None
5772589206,63784921251795,None,None
5772597537,63784921251807,None,None
5772614200,63784921251818,None,None
5772622532,63784921251829,None,None
5772630863,63784921251840,None,None
5772647526,63784921251852,None,None
5772655858,63784921251862,None,None
5772664189,63784921251874,None,None
5772680852,63784921251885,None,None
5772689184,63784921251896,None,None
5772697515,63784921251907,None,None
5772714178,63784921251919,None,None
5772722510,63784921251932,None,None
5772730841,63784921251942,None,None
5772747504,63784921251953,None,None
5772755836,63784921251964,None,None
5772764168,63784921251975,None,None
5772780831,63784921251987,None,None
5772789162,63784921251998,None,None
5772805825,63784921252010,None,None
5772814157,63784921252022,None,None
5772822488,63784921252033,None,None
5772839151,63784921252045,None,None
5772847483,63784921252056,None,None
5772855814,63784921252067,None,None
5772872477,63784921252079,None,None
5772880809,63784921252090,None,None
5772897472,63784921252103,None,None
5772905803,63784921252113,None,None
5772914135,63784921252123,None,None
5772914135,63784921252135,None,None
5772914135,63784921252146,None,None
5772914135,63784921252158,None,None
5772914135,63784921252169,None,None
5772914135,63784921252180,None,None
5772914135,63784921252192,None,None
5772914135,63784921252203,None,None
5772914135,63784921252214,None,None
5773014113,63784921252225,None,None
5773030776,63784921252237,None,None
5773039108,63784921252248,None,None
5773047439,63784921252259,None,None
5773064102,63784921252270,None,None
5773072434,63784921252281,None,None
5773080765,63784921252292,None,None
5773097429,63784921252304,None,None
5773105760,63784921252315,None,None
5773114092,63784921252326,None,None
5773130755,63784921252338,None,None
5773139086,63784921252348,None,None
5773147418,63784921252360,None,None
5773164081,63784921252372,99_Bahnsteig_PF,99_Bahnsteig_PF
5773172412,63784921252382,99_Bahnsteig_PF,99_Bahnsteig_PF
5773180744,63784921252393,99_Bahnsteig_PF,99_Bahnsteig_PF
5773197407,63784921252405,99_Bahnsteig_PF,99_Bahnsteig_PF
5773205738,63784921252415,99_Bahnsteig_PF,99_Bahnsteig_PF
5773222401,63784921252427,99_Bahnsteig_PF,99_Bahnsteig_PF
5773230733,63784921252438,99_Bahnsteig_PF,99_Bahnsteig_PF
5773239064,63784921252449,99_Bahnsteig_PF,99_Bahnsteig_PF
5773247396,63784921252460,99_Bahnsteig_PF,99_Bahnsteig_PF
5773264059,63784921252472,99_Bahnsteig_PF,99_Bahnsteig_PF
5773272391,63784921252482,99_Bahnsteig_PF,99_Bahnsteig_PF
5773289054,63784921252493,99_Bahnsteig_PF,99_Bahnsteig_PF
5773297385,63784921252505,99_Bahnsteig_PF,99_Bahnsteig_PF
5773305717,63784921252516,99_Bahnsteig_PF,99_Bahnsteig_PF
5773322380,63784921252527,99_Bahnsteig_PF,99_Bahnsteig_PF
5773330711,63784921252538,99_Bahnsteig_PF,99_Bahnsteig_PF
5773339043,63784921252550,99_Bahnsteig_PF,99_Bahnsteig_PF
5773355706,63784921252561,99_Bahnsteig_PF,99_Bahnsteig_PF
5773364037,63784921252572,99_Bahnsteig_PF,99_Bahnsteig_PF
5773372369,63784921252583,99_Bahnsteig_PF,99_Bahnsteig_PF
5773389032,63784921252595,99_Bahnsteig_PF,99_Bahnsteig_PF
5773397363,63784921252606,99_Bahnsteig_PF,99_Bahnsteig_PF
5773405695,63784921252617,99_Bahnsteig_PF,99_Bahnsteig_PF
5773422358,63784921252628,99_Bahnsteig_PF,99_Bahnsteig_PF
5773430690,63784921252640,99_Bahnsteig_PF,99_Bahnsteig_PF
5773439021,63784921252649,99_Bahnsteig_PF,99_Bahnsteig_PF
5773455684,63784921252660,99_Bahnsteig_PF,99_Bahnsteig_PF
5773464016,63784921252672,99_Bahnsteig_PF,99_Bahnsteig_PF
5773472347,63784921252683,99_Bahnsteig_PF,99_Bahnsteig_PF
5773489010,63784921252694,99_Bahnsteig_PF,99_Bahnsteig_PF
5773497342,63784921252705,99_Bahnsteig_PF,99_Bahnsteig_PF
5773505673,63784921252717,99_Bahnsteig_PF,99_Bahnsteig_PF
5773522336,63784921252728,99_Bahnsteig_PF,99_Bahnsteig_PF
5773530668,63784921252739,99_Bahnsteig_PF,99_Bahnsteig_PF
5773538999,63784921252750,99_Bahnsteig_PF,99_Bahnsteig_PF
5773555662,63784921252761,99_Bahnsteig_PF,99_Bahnsteig_PF
5773563994,63784921252773,99_Bahnsteig_PF,99_Bahnsteig_PF
5773572325,63784921252784,99_Bahnsteig_PF,99_Bahnsteig_PF
5773588988,63784921252795,99_Bahnsteig_PF,99_Bahnsteig_PF
5773597320,63784921252807,99_Bahnsteig_PF,99_Bahnsteig_PF
5773605652,63784921252818,99_Bahnsteig_PF,99_Bahnsteig_PF
5773622315,63784921252830,99_Bahnsteig_PF,99_Bahnsteig_PF
5773630646,63784921252840,99_Bahnsteig_PF,99_Bahnsteig_PF
5773638978,63784921252851,99_Bahnsteig_PF,99_Bahnsteig_PF
5773655641,63784921252862,99_Bahnsteig_PF,99_Bahnsteig_PF
5773663972,63784921252874,99_Bahnsteig_PF,99_Bahnsteig_PF
5773672304,63784921252884,99_Bahnsteig_PF,99_Bahnsteig_PF
5773688967,63784921252895,99_Bahnsteig_PF,99_Bahnsteig_PF
5773697298,63784921252907,99_Bahnsteig_PF,99_Bahnsteig_PF
5773705630,63784921252917,99_Bahnsteig_PF,99_Bahnsteig_PF
5773722293,63784921252928,99_Bahnsteig_PF,99_Bahnsteig_PF
5773730624,63784921252942,99_Bahnsteig_PF,99_Bahnsteig_PF
5773747287,63784921252951,99_Bahnsteig_PF,99_Bahnsteig_PF
5773755619,63784921252962,99_Bahnsteig_PF,99_Bahnsteig_PF
5773763951,63784921252973,99_Bahnsteig_PF,99_Bahnsteig_PF
5773772282,63784921252984,99_Bahnsteig_PF,99_Bahnsteig_PF
5773788945,63784921252996,99_Bahnsteig_PF,99_Bahnsteig_PF
5773797277,63784921253007,99_Bahnsteig_PF,99_Bahnsteig_PF
5773813940,63784921253019,99_Bahnsteig_PF,99_Bahnsteig_PF
5773822271,63784921253029,99_Bahnsteig_PF,99_Bahnsteig_PF
5773830603,63784921253040,None,None
5773847266,63784921253052,None,None
5773855597,63784921253063,None,None
5773863929,63784921253074,None,None
5773880592,63784921253086,None,None
5773888923,63784921253096,None,None
5773897255,63784921253108,None,None
5773913918,63784921253119,None,None
5773922250,63784921253130,None,None
5773930581,63784921253141,None,None
5773947244,63784921253153,None,None
5773955576,63784921253164,None,None
5773963907,63784921253175,None,None
5773980570,63784921253187,None,None
5773988902,63784921253198,None,None
5773997233,63784921253209,None,None
5774013896,63784921253220,None,None
5774022228,63784921253230,None,None
5774030559,63784921253242,None,None
5774047222,63784921253253,None,None
5774055554,63784921253264,None,None
5774063885,63784921253275,None,None
5774080548,63784921253286,None,None
5774088880,63784921253298,None,None
5774105543,63784921253309,None,None
5774113875,63784921253321,None,None
5774122206,63784921253331,None,None
5774138869,63784921253343,None,None
5774147201,63784921253353,None,None
5774155532,63784921253365,None,None
5774172195,63784921253377,None,None
5774180527,63784921253387,None,None
5774188858,63784921253398,None,None
5774197190,63784921253410,None,None
5774213853,63784921253421,None,None
5774222184,63784921253432,None,None
5774238847,63784921253444,None,None
5774247179,63784921253455,None,None
5774255510,63784921253467,None,None
5774272174,63784921253477,None,None
5774280505,63784921253489,None,None
5774288837,63784921253500,None,None
5774305500,63784921253510,None,None
5774313831,63784921253522,None,None
5774322163,63784921253533,None,None
5774338826,63784921253544,None,None
5774347157,63784921253556,None,None
5774355489,63784921253566,None,None
5774372152,63784921253577,None,None
5774380483,63784921253590,None,None
5774388815,63784921253599,None,None
5774405478,63784921253609,None,None
5774413809,63784921253621,None,None
5774422141,63784921253633,None,None
5774438804,63784921253644,None,None
5774447136,63784921253656,None,None
5774455467,63784921253665,None,None
5774472130,63784921253677,None,None
5774480462,63784921253689,None,None
5774488793,63784921253701,None,None
5774505456,63784921253711,None,None
5774513788,63784921253722,None,None
5774522119,63784921253733,None,None
5774538782,63784921253744,None,None
5774547114,63784921253756,None,None
5774555445,63784921253766,None,None
5774572108,63784921253777,None,None
5774580440,63784921253789,None,None
5774588772,63784921253800,None,None
5774605435,63784921253812,None,None
5774613766,63784921253823,None,None
5774622098,63784921253833,None,None
5774638761,63784921253845,None,None
5774647092,63784921253856,None,None
5774655424,63784921253867,None,None
5774672087,63784921253878,None,None
5774680418,63784921253890,None,None
5774688750,63784921253901,None,None
5774705413,63784921253912,None,None
5774713744,63784921253923,None,None
5774722076,63784921253935,None,None
5774738739,63784921253948,None,None
5774747070,63784921253957,None,None
5774755402,63784921253968,None,None
5774772065,63784921253979,None,None
5774780397,63784921253991,None,None
5774797060,63784921254002,None,None
5774805391,63784921254013,None,None
5774813723,63784921254024,None,None
5774830386,63784921254034,None,None
5774838717,63784921254045,None,None
5774847049,63784921254057,None,None
5774863712,63784921254068,None,None
5774872043,63784921254080,None,None
5774880375,63784921254090,None,None
5774897038,63784921254102,None,None
5774905369,63784921254114,None,None
5774913701,63784921254125,None,None
5774913701,63784921254136,None,None
5774913701,63784921254157,None,None
5774913701,63784921254165,None,None
5774913701,63784921254172,None,None
5774913701,63784921254180,None,None
5774913701,63784921254187,None,None
5774913701,63784921254198,None,None
5774913701,63784921254210,None,None
5774947027,63784921254220,None,None
5775022011,63784921254231,None,None
5775038674,63784921254243,None,None
5775047005,63784921254253,None,None
5775055337,63784921254265,None,None
5775072000,63784921254277,None,None
5775080331,63784921254287,None,None
5775088663,63784921254298,None,None
5775105326,63784921254310,None,None
5775113658,63784921254321,None,None
5775121989,63784921254332,None,None
5775138652,63784921254343,None,None
5775146984,63784921254355,None,None
5775155315,63784921254367,None,None
5775171978,63784921254377,None,None
5775180310,63784921254388,None,None
5775188641,63784921254399,None,None
5775205304,63784921254411,None,None
5775213636,63784921254422,None,None
5775221967,63784921254434,None,None
5775238630,63784921254444,None,None
5775246962,63784921254456,None,None
5775255294,63784921254467,None,None
5775271957,63784921254477,None,None
5775280288,63784921254488,None,None
5775288620,63784921254500,None,None
5775305283,63784921254511,None,None
5775313614,63784921254522,None,None
5775321946,63784921254533,None,None
5775338609,63784921254545,None,None
5775346940,63784921254556,None,None
5775355272,63784921254567,None,None
5775371935,63784921254579,None,None
5775380266,63784921254591,None,None
5775396929,63784921254601,None,None
5775405261,63784921254613,None,None
5775413592,63784921254624,None,None
5775430256,63784921254635,None,None
5775438587,63784921254647,None,None
5775446919,63784921254659,None,None
5775463582,63784921254670,None,None
5775471913,63784921254681,None,None
5775488576,63784921254693,None,None
5775496908,63784921254704,None,None
5775505239,63784921254716,None,None
5775521902,63784921254728,None,None
5775530234,63784921254739,None,None
5775538565,63784921254750,None,None
5775555228,63784921254761,None,None
5775563560,63784921254773,None,None
5775571891,63784921254784,None,None
5775588554,63784921254796,None,None
5775596886,63784921254806,None,None
5775605218,63784921254818,None,None
5775621881,63784921254829,None,None
5775630212,63784921254839,None,None
5775638544,63784921254851,None,None
5775655207,63784921254863,None,None
5775663538,63784921254873,None,None
5775671870,63784921254884,None,None
5775688533,63784921254895,None,None
5775696864,63784921254906,None,None
5775705196,63784921254917,None,None
5775721859,63784921254929,None,None
5775730190,63784921254940,None,None
5775746853,63784921254954,None,None
5775755185,63784921254962,None,None
5775763517,63784921254973,None,None
5775771848,63784921254984,None,None
5775788511,63784921254995,None,None
5775796843,63784921255007,None,None
5775813506,63784921255018,None,None
5775821837,63784921255030,None,None
5775830169,63784921255040,None,None
5775846832,63784921255051,None,None
5775855163,63784921255063,None,None
5775863495,63784921255074,None,None
5775880158,63784921255085,None,None
5775888489,63784921255097,None,None
5775896821,63784921255108,None,None
5775913484,63784921255118,None,None
5775921816,63784921255130,None,None
5775930147,63784921255141,None,None
5775946810,63784921255152,None,None
5775955142,63784921255164,None,None
5775963473,63784921255175,None,None
5775980136,63784921255185,None,None
5775988468,63784921255198,None,None
5775996799,63784921255209,None,None
5776013462,63784921255220,None,None
5776021794,63784921255231,None,None
5776030125,63784921255242,None,None
5776046788,63784921255253,None,None
5776055120,63784921255263,None,None
5776063451,63784921255275,None,None
5776080114,63784921255286,None,None
5776088446,63784921255297,None,None
5776105109,63784921255309,None,None
5776113441,63784921255319,None,None
5776121772,63784921255330,None,None
5776130104,63784921255342,None,None
5776146767,63784921255353,None,None
5776155098,63784921255364,None,None
5776171761,63784921255377,None,None
5776180093,63784921255387,None,None
5776188424,63784921255397,None,None
5776196756,63784921255409,None,None
5776213419,63784921255420,None,None
5776221750,63784921255431,None,None
5776238413,63784921255443,None,None
5776246745,63784921255453,None,None
5776255076,63784921255464,None,None
5776271740,63784921255477,None,None
5776280071,63784921255487,None,None
5776288403,63784921255499,None,None
5776305066,63784921255510,None,None
5776313397,63784921255520,None,None
5776321729,63784921255532,None,None
5776338392,63784921255544,None,None
5776346723,63784921255554,None,None
5776355055,63784921255566,None,None
5776371718,63784921255577,None,None
5776380049,63784921255588,None,None
5776388381,63784921255599,None,None
5776405044,63784921255610,None,None
5776413375,63784921255621,None,None
5776421707,63784921255632,None,None
5776438370,63784921255646,None,None
5776446702,63784921255654,None,None
5776455033,63784921255665,None,None
5776471696,63784921255677,None,None
5776480028,63784921255689,None,None
5776488359,63784921255699,None,None
5776505022,63784921255711,None,None
5776513354,63784921255721,None,None
5776521685,63784921255733,None,None
5776538348,63784921255744,None,None
5776546680,63784921255755,None,None
5776555011,63784921255766,None,None
5776571674,63784921255778,None,None
5776580006,63784921255789,None,None
5776588338,63784921255800,None,None
5776605001,63784921255812,None,None
5776613332,63784921255823,None,None
5776629995,63784921255835,None,None
5776638327,63784921255846,None,None
5776646658,63784921255856,None,None
5776654990,63784921255867,None,None
5776671653,63784921255878,None,None
5776679984,63784921255891,None,None
5776688316,63784921255901,None,None
5776704979,63784921255912,None,None
5776713310,63784921255922,None,None
5776721642,63784921255933,None,None
5776738305,63784921255945,None,None
5776754968,63784921255960,None,None
5776754968,63784921255967,None,None
5776771631,63784921255979,None,None
5776779963,63784921255989,None,None
5776788294,63784921256000,None,None
5776804957,63784921256011,None,None
5776813289,63784921256022,None,None
5776821620,63784921256033,None,None
5776838283,63784921256045,None,None
5776846615,63784921256056,None,None
5776863278,63784921256067,None,None
5776871609,63784921256078,None,None
5776879941,63784921256090,None,None
5776888272,63784921256101,None,None
5776904935,63784921256112,None,None
5776913267,63784921256123,None,None
5776913267,63784921256134,None,None
5776913267,63784921256145,None,None
5776913267,63784921256157,None,None
5776913267,63784921256168,None,None
5776913267,63784921256179,None,None
5776913267,63784921256190,None,None
5776913267,63784921256201,None,None
5776913267,63784921256213,None,None
5777013245,63784921256224,None,None
5777029908,63784921256235,None,None
5777038240,63784921256246,None,None
5777046571,63784921256257,None,None
5777063234,63784921256269,None,None
5777071566,63784921256280,None,None
5777079897,63784921256291,None,None
5777096561,63784921256301,None,None
5777104892,63784921256313,None,None
5777113224,63784921256324,None,None
5777129887,63784921256336,None,None
5777138218,63784921256347,None,None
5777154881,63784921256359,None,None
5777163213,63784921256370,None,None
5777171544,63784921256381,None,None
5777188207,63784921256393,None,None
5777196539,63784921256404,None,None
5777204870,63784921256415,None,None
5777221533,63784921256426,None,None
5777229865,63784921256437,None,None
5777238196,63784921256449,None,None
5777254860,63784921256460,None,None
5777263191,63784921256471,None,None
5777271523,63784921256482,None,None
5777288186,63784921256494,None,None
5777296517,63784921256504,None,None
5777304849,63784921256515,None,None
5777321512,63784921256527,None,None
5777329843,63784921256538,None,None
5777338175,63784921256548,None,None
5777354838,63784921256559,None,None
5777363169,63784921256581,None,None
5777379832,63784921256589,None,None
5777388164,63784921256596,None,None
5777396495,63784921256602,None,None
5777404827,63784921256611,None,None
5777413158,63784921256622,None,None
5777421490,63784921256633,None,None
5777438153,63784921256645,None,None
5777446485,63784921256655,None,None
5777454816,63784921256666,None,None
5777471479,63784921256678,None,None
5777479811,63784921256689,None,None
5777496474,63784921256701,None,None
5777504805,63784921256712,None,None
5777513137,63784921256723,None,None
5777529800,63784921256734,None,None
5777538131,63784921256744,None,None
5777546463,63784921256755,None,None
5777563126,63784921256767,None,None
5777571457,63784921256779,None,None
5777579789,63784921256789,None,None
5777596452,63784921256800,None,None
5777604784,63784921256812,None,None
5777613115,63784921256824,None,None
5777629778,63784921256834,None,None
5777638110,63784921256846,None,None
5777646441,63784921256857,None,None
5777663104,63784921256868,None,None
5777671436,63784921256879,None,None
5777679767,63784921256890,None,None
5777696430,63784921256902,None,None
5777704762,63784921256913,None,None
5777713093,63784921256925,None,None
5777729756,63784921256935,None,None
5777738088,63784921256946,None,None
5777754751,63784921256961,None,None
5777763083,63784921256969,None,None
5777771414,63784921256979,None,None
5777779746,63784921256990,None,None
5777796409,63784921257002,None,None
5777804740,63784921257014,None,None
5777821403,63784921257025,None,None
5777829735,63784921257037,None,None
5777838066,63784921257048,None,None
5777854729,63784921257059,None,None
5777863061,63784921257071,None,None
5777871392,63784921257083,None,None
5777888055,63784921257094,None,None
5777896387,63784921257105,None,None
5777913050,63784921257117,None,None
5777921382,63784921257129,None,None
5777929713,63784921257139,None,None
5777946376,63784921257151,None,None
5777954708,63784921257163,None,None
5777971371,63784921257174,None,None
5777979702,63784921257185,None,None
5777988034,63784921257196,None,None
5777996365,63784921257207,None,None
5778013028,63784921257219,None,None
5778021360,63784921257230,None,None
5778029691,63784921257241,None,None
5778046354,63784921257253,None,None
5778054686,63784921257264,None,None
5778063017,63784921257275,None,None
5778079680,63784921257286,None,None
5778088012,63784921257297,None,None
5778096344,63784921257309,None,None
5778113007,63784921257319,None,None
5778121338,63784921257331,None,None
5778129670,63784921257342,None,None
5778146333,63784921257354,None,None
5778154664,63784921257365,None,None
5778171327,63784921257376,None,None
5778179659,63784921257387,None,None
5778187990,63784921257399,None,None
5778204653,63784921257410,None,None
5778212985,63784921257420,None,None
5778221316,63784921257430,None,None
5778229648,63784921257441,None,None
5778246311,63784921257452,None,None
5778254642,63784921257464,None,None
5778262974,63784921257474,None,None
5778279637,63784921257486,None,None
5778287969,63784921257498,None,None
5778304632,63784921257508,None,None
5778312963,63784921257520,None,None
5778321295,63784921257531,None,None
5778337958,63784921257542,None,None
5778346289,63784921257553,None,None
5778354621,63784921257565,None,None
5778362952,63784921257575,None,None
5778379615,63784921257587,None,None
5778387947,63784921257598,None,None
5778404610,63784921257609,None,None
5778412941,63784921257621,None,None
5778421273,63784921257631,None,None
5778437936,63784921257643,None,None
5778446268,63784921257654,None,None
5778454599,63784921257666,None,None
5778471262,63784921257676,None,None
5778479594,63784921257687,None,None
5778487925,63784921257699,None,None
5778504588,63784921257709,None,None
5778512920,63784921257721,None,None
5778521251,63784921257732,None,None
5778537914,63784921257743,None,None
5778546246,63784921257755,None,None
5778554577,63784921257766,None,None
5778571240,63784921257777,None,None
5778579572,63784921257788,None,None
5778587904,63784921257798,None,None
5778604567,63784921257809,None,None
5778612898,63784921257821,None,None
5778621230,63784921257833,None,None
5778637893,63784921257843,None,None
5778646224,63784921257855,None,None
5778654556,63784921257867,None,None
5778671219,63784921257877,None,None
5778679550,63784921257888,None,None
5778696213,63784921257901,None,None
5778704545,63784921257911,None,None
5778712876,63784921257922,None,None
5778729539,63784921257934,None,None
5778737871,63784921257944,None,None
5778746202,63784921257955,None,None
5778762866,63784921257968,None,None
5778771197,63784921257978,None,None
5778779529,63784921257990,None,None
5778796192,63784921258001,None,None
5778804523,63784921258012,None,None
5778812855,63784921258023,None,None
5778829518,63784921258035,None,None
5778837849,63784921258045,None,None
5778846181,63784921258056,None,None
5778862844,63784921258068,None,None
5778871175,63784921258079,None,None
5778879507,63784921258091,None,None
5778896170,63784921258101,None,None
5778904501,63784921258111,None,None
5778912833,63784921258122,None,None
5778912833,63784921258135,None,None
5778912833,63784921258146,None,None
5778912833,63784921258156,None,None
5778912833,63784921258168,None,None
5778912833,63784921258179,None,None
5778912833,63784921258191,None,None
5778912833,63784921258202,None,None
5778912833,63784921258213,None,None
5779012811,63784921258224,None,None
5779029474,63784921258236,None,None
5779037806,63784921258247,None,None
5779046137,63784921258257,None,None
5779062800,63784921258269,None,None
5779071132,63784921258280,None,None
5779079463,63784921258291,None,None
5779096127,63784921258302,None,None
5779104458,63784921258314,None,None
5779112790,63784921258325,None,None
5779129453,63784921258336,None,None
5779137784,63784921258347,None,None
5779146116,63784921258358,None,None
5779162779,63784921258370,None,None
5779171110,63784921258381,None,None
5779187773,63784921258392,None,None
5779196105,63784921258403,None,None
5779204436,63784921258414,None,None
5779221099,63784921258425,None,None
5779229431,63784921258437,None,None
5779237762,63784921258448,None,None
5779254426,63784921258459,None,None
5779262757,63784921258470,None,None
5779271089,63784921258481,None,None
5779287752,63784921258492,None,None
5779296083,63784921258504,None,None
5779304415,63784921258515,None,None
5779321078,63784921258526,None,None
5779329409,63784921258537,None,None
5779337741,63784921258548,None,None
5779354404,63784921258559,None,None
5779362735,63784921258570,None,None
5779371067,63784921258582,None,None
5779387730,63784921258593,None,None
5779396061,63784921258603,None,None
5779404393,63784921258615,None,None
5779421056,63784921258626,None,None
5779429388,63784921258637,None,None
5779437719,63784921258650,None,None
5779454382,63784921258661,None,None
5779462714,63784921258671,None,None
5779471045,63784921258683,None,None
5779487708,63784921258693,None,None
5779496040,63784921258705,None,None
5779504371,63784921258716,None,None
5779521034,63784921258727,None,None
5779529366,63784921258738,None,None
5779537697,63784921258750,None,None
5779554360,63784921258761,None,None
5779562692,63784921258772,None,None
5779579355,63784921258784,None,None
5779587686,63784921258794,None,None
5779596018,63784921258805,None,None
5779604350,63784921258816,None,None
5779621013,63784921258827,None,None
5779629344,63784921258839,None,None
5779646007,63784921258851,None,None
5779654339,63784921258861,None,None
5779662670,63784921258872,None,None
5779671002,63784921258883,None,None
5779687665,63784921258894,None,None
5779695996,63784921258905,None,None
5779712659,63784921258917,None,None
5779720991,63784921258927,None,None
5779729322,63784921258939,None,None
5779745985,63784921258951,None,None
5779754317,63784921258961,None,None
5779762649,63784921258974,None,None
5779779312,63784921258984,None,None
5779787643,63784921258994,None,None
5779795975,63784921259005,None,None
5779812638,63784921259017,None,None
5779820969,63784921259028,None,None
5779829301,63784921259038,None,None
5779845964,63784921259050,None,None
5779854295,63784921259061,None,None
5779862627,63784921259072,None,None
5779879290,63784921259084,None,None
5779887621,63784921259094,None,None
5779895953,63784921259106,None,None
5779912616,63784921259117,None,None
5779920948,63784921259128,None,None
5779929279,63784921259140,None,None
5779945942,63784921259151,None,None
5779954274,63784921259162,None,None
5779962605,63784921259173,None,None
5779979268,63784921259184,None,None
5779987600,63784921259195,None,None
5779995931,63784921259206,None,None
5780012594,63784921259218,None,None
5780020926,63784921259229,None,None
5780029257,63784921259240,None,None
5780045920,63784921259253,None,None
5780054252,63784921259263,None,None
5780062583,63784921259274,None,None
5780079246,63784921259286,None,None
5780087578,63784921259297,None,None
5780095910,63784921259307,None,None
5780112573,63784921259319,None,None
5780120904,63784921259330,None,None
5780129236,63784921259341,None,None
5780145899,63784921259352,None,None
5780154230,63784921259363,None,None
5780162562,63784921259374,None,None
5780179225,63784921259386,None,None
5780187556,63784921259397,None,None
5780195888,63784921259408,None,None
5780212551,63784921259419,None,None
5780220882,63784921259431,None,None
5780237545,63784921259442,None,None
5780245877,63784921259454,None,None
5780254208,63784921259464,None,None
5780270872,63784921259475,None,None
5780279203,63784921259487,None,None
5780287535,63784921259497,None,None
5780304198,63784921259516,None,None
5780312529,63784921259523,None,None
5780320861,63784921259530,None,None
5780329192,63784921259537,None,None
5780337524,63784921259548,None,None
5780354187,63784921259559,None,None
5780362518,63784921259571,None,None
5780370850,63784921259582,None,None
5780387513,63784921259593,None,None
5780395844,63784921259604,None,None
5780404176,63784921259616,None,None
5780420839,63784921259627,None,None
5780429171,63784921259638,None,None
5780437502,63784921259649,None,None
5780454165,63784921259660,None,None
5780462497,63784921259672,None,None
5780470828,63784921259683,None,None
5780487491,63784921259694,None,None
5780495823,63784921259705,None,None
5780504154,63784921259716,None,None
5780520817,63784921259727,None,None
5780529149,63784921259738,None,None
5780537480,63784921259749,None,None
5780554143,63784921259760,None,None
5780562475,63784921259771,None,None
5780570806,63784921259783,None,None
5780587470,63784921259794,None,None
5780595801,63784921259805,None,None
5780604133,63784921259816,None,None
5780620796,63784921259827,None,None
5780629127,63784921259839,None,None
5780637459,63784921259850,None,None
5780654122,63784921259862,None,None
5780662453,63784921259873,None,None
5780679116,63784921259885,None,None
5780687448,63784921259895,None,None
5780695779,63784921259907,None,None
5780712442,63784921259917,None,None
5780720774,63784921259929,None,None
5780729105,63784921259940,None,None
5780745768,63784921259952,None,None
5780754100,63784921259963,None,None
5780770763,63784921259976,None,None
5780779095,63784921259986,None,None
5780787426,63784921259997,None,None
5780804089,63784921260010,None,None
5780812421,63784921260021,None,None
5780820752,63784921260032,None,None
5780837415,63784921260043,None,None
5780845747,63784921260054,None,None
5780854078,63784921260065,None,None
5780870741,63784921260077,None,None
5780879073,63784921260089,None,None
5780895736,63784921260100,None,None
5780904067,63784921260112,None,None
5780912399,63784921260123,None,None
5780912399,63784921260135,None,None
5780912399,63784921260145,None,None
5780912399,63784921260156,None,None
5780912399,63784921260168,None,None
5780912399,63784921260179,None,None
5780912399,63784921260190,None,None
5780912399,63784921260203,None,None
5780912399,63784921260212,None,None
5781012377,63784921260224,None,None
5781029040,63784921260235,None,None
5781037372,63784921260246,None,None
5781045703,63784921260258,None,None
5781062366,63784921260269,None,None
5781070698,63784921260280,None,None
5781079029,63784921260291,None,None
5781095693,63784921260302,None,None
5781104024,63784921260313,None,None
5781112356,63784921260323,None,None
5781129019,63784921260335,None,None
5781137350,63784921260346,None,None
5781145682,63784921260356,None,None
5781162345,63784921260369,None,None
5781170676,63784921260379,None,None
5781179008,63784921260391,None,None
5781195671,63784921260402,None,None
5781204002,63784921260413,None,None
5781212334,63784921260424,None,None
5781228997,63784921260436,None,None
5781237328,63784921260446,None,None
5781245660,63784921260457,None,None
5781262323,63784921260470,None,None
5781270655,63784921260480,None,None
5781278986,63784921260491,None,None
5781295649,63784921260502,None,None
5781303981,63784921260513,None,None
5781312312,63784921260524,None,None
5781328975,63784921260536,None,None
5781337307,63784921260547,None,None
5781345638,63784921260558,None,None
5781362301,63784921260570,None,None
5781370633,63784921260581,None,None
5781387296,63784921260592,None,None
5781395627,63784921260604,None,None
5781403959,63784921260614,None,None
5781420622,63784921260626,None,None
5781428954,63784921260637,None,None
5781437285,63784921260648,None,None
5781453948,63784921260659,None,None
5781462280,63784921260671,None,None
5781470611,63784921260681,None,None
5781487274,63784921260693,None,None
5781495606,63784921260705,None,None
5781503937,63784921260715,None,None
5781520600,63784921260727,None,None
5781528932,63784921260738,None,None
5781537263,63784921260749,None,None
5781553926,63784921260759,None,None
5781562258,63784921260771,None,None
5781570589,63784921260781,None,None
5781587252,63784921260793,None,None
5781595584,63784921260804,None,None
5781603916,63784921260815,None,None
5781620579,63784921260826,None,None
5781628910,63784921260837,None,None
5781637242,63784921260849,None,None
5781653905,63784921260859,None,None
5781662236,63784921260871,None,None
5781670568,63784921260883,None,None
5781687231,63784921260893,None,None
5781695562,63784921260904,None,None
5781712225,63784921260916,None,None
5781720557,63784921260927,None,None
5781728888,63784921260938,None,None
5781745551,63784921260949,None,None
5781753883,63784921260960,None,None
5781762215,63784921260972,None,None
5781778878,63784921260985,None,None
5781787209,63784921260994,None,None
5781803872,63784921261006,None,None
5781812204,63784921261016,None,None
5781820535,63784921261028,99_Bahnsteig_PF,None
5781828867,63784921261039,None,None
5781845530,63784921261050,None,None
5781853861,63784921261061,None,None
5781862193,63784921261073,None,None
5781878856,63784921261084,None,None
5781887187,63784921261095,None,None
5781895519,63784921261106,None,None
5781912182,63784921261117,None,None
5781920514,63784921261128,None,None
5781928845,63784921261139,None,None
5781945508,63784921261150,None,None
5781953840,63784921261161,None,None
5781962171,63784921261173,None,None
5781978834,63784921261184,None,None
5781987166,63784921261195,None,None
5781995497,63784921261207,None,None
5782012160,63784921261218,None,None
5782020492,63784921261228,None,None
5782028823,63784921261240,None,None
5782045486,63784921261251,None,None
5782053818,63784921261263,None,None
5782062149,63784921261274,None,None
5782078812,63784921261284,None,None
5782087144,63784921261295,None,None
5782095476,63784921261306,None,None
5782112139,63784921261318,None,None
5782120470,63784921261329,None,None
5782128802,63784921261341,None,None
5782145465,63784921261351,None,None
5782153796,63784921261362,None,None
5782162128,63784921261373,None,None
5782178791,63784921261384,None,None
5782187122,63784921261396,None,None
5782195454,63784921261407,None,None
5782212117,63784921261418,None,None
5782220448,63784921261429,None,None
5782228780,63784921261441,None,None
5782245443,63784921261451,None,None
5782253774,63784921261463,None,None
5782262106,63784921261475,None,None
5782278769,63784921261485,None,None
5782287101,63784921261496,None,None
5782303764,63784921261508,None,None
5782312095,63784921261519,None,None
5782320427,63784921261530,None,None
5782328758,63784921261541,None,None
5782345421,63784921261552,None,None
5782353753,63784921261563,None,None
5782362084,63784921261574,None,None
5782378747,63784921261586,None,None
5782387079,63784921261597,None,None
5782403742,63784921261608,None,None
5782412073,63784921261619,None,None
5782420405,63784921261631,None,None
5782437068,63784921261642,None,None
5782445400,63784921261653,None,None
5782453731,63784921261664,None,None
5782470394,63784921261676,None,None
5782478726,63784921261687,None,None
5782487057,63784921261698,None,None
5782503720,63784921261709,None,None
5782512052,63784921261720,None,None
5782520383,63784921261731,None,None
5782537046,63784921261742,None,None
5782545378,63784921261755,None,None
5782553709,63784921261765,None,None
5782570372,63784921261776,None,None
5782578704,63784921261788,None,None
5782587036,63784921261798,None,None
5782603699,63784921261809,None,None
5782612030,63784921261821,None,None
5782620362,63784921261832,None,None
5782637025,63784921261843,None,None
5782645356,63784921261856,None,None
5782653688,63784921261866,None,None
5782670351,63784921261877,None,None
5782678682,63784921261888,None,None
5782695345,63784921261900,None,None
5782703677,63784921261910,None,None
5782712008,63784921261922,None,None
5782728671,63784921261934,None,None
5782737003,63784921261944,None,None
5782745334,63784921261955,None,None
5782753666,63784921261965,None,None
5782770329,63784921261977,None,None
5782778661,63784921261991,None,None
5782795324,63784921262000,None,None
5782803655,63784921262011,None,None
5782811987,63784921262022,None,None
5782828650,63784921262033,None,None
5782836981,63784921262044,None,None
5782845313,63784921262055,None,None
5782861976,63784921262066,None,None
5782870307,63784921262078,None,None
5782878639,63784921262089,None,None
5782895302,63784921262100,None,None
5782903633,63784921262111,None,None
5782911965,63784921262124,None,None
5782911965,63784921262134,None,None
5782911965,63784921262144,None,None
5782911965,63784921262157,None,None
5782911965,63784921262167,None,None
5782911965,63784921262178,None,None
5782911965,63784921262190,None,None
5782911965,63784921262201,None,None
5782911965,63784921262211,None,None
5783011943,63784921262222,None,None
5783028606,63784921262233,None,None
5783036938,63784921262244,None,None
5783045269,63784921262257,None,None
5783061932,63784921262267,None,None
5783070264,63784921262278,None,None
5783078595,63784921262290,None,None
5783095259,63784921262301,None,None
5783103590,63784921262312,None,None
5783111922,63784921262324,None,None
5783128585,63784921262334,None,None
5783136916,63784921262346,None,None
5783145248,63784921262357,None,None
5783161911,63784921262368,None,None
5783170242,63784921262380,None,None
5783186905,63784921262397,None,None
5783195237,63784921262405,None,None
5783203568,63784921262412,None,None
5783211900,63784921262419,None,None
5783220231,63784921262431,None,None
5783236894,63784921262442,None,None
5783245226,63784921262453,None,None
5783253558,63784921262464,None,None
5783270221,63784921262475,None,None
5783278552,63784921262486,None,None
5783286884,63784921262498,None,None
5783303547,63784921262509,None,None
5783311878,63784921262520,None,None
5783320210,63784921262531,None,None
5783336873,63784921262542,None,None
5783345204,63784921262553,None,None
5783353536,63784921262564,None,None
5783370199,63784921262575,None,None
5783378530,63784921262586,None,None
5783386862,63784921262598,None,None
5783403525,63784921262609,None,None
5783411856,63784921262620,None,None
5783420188,63784921262631,None,None
5783436851,63784921262642,None,None
5783445183,63784921262654,None,None
5783453514,63784921262665,None,None
5783470177,63784921262676,None,None
5783478509,63784921262687,None,None
5783486840,63784921262699,None,None
5783503503,63784921262710,None,None
5783511835,63784921262721,None,None
5783520166,63784921262732,None,None
5783536829,63784921262744,None,None
5783545161,63784921262754,None,None
5783553492,63784921262766,None,None
5783570155,63784921262777,None,None
5783578487,63784921262788,None,None
5783595150,63784921262800,None,None
5783603482,63784921262811,None,None
5783611813,63784921262823,None,None
5783628476,63784921262833,None,None
5783636808,63784921262845,None,None
5783645139,63784921262856,None,None
5783661802,63784921262868,None,None
5783670134,63784921262880,None,None
5783678465,63784921262891,None,None
5783695128,63784921262903,None,None
5783703460,63784921262914,None,None
5783720123,63784921262925,None,None
5783728454,63784921262935,None,None
5783736786,63784921262947,None,None
5783753449,63784921262959,None,None
5783761781,63784921262970,None,None
5783770112,63784921262981,None,None
5783786775,63784921262995,None,None
5783795107,63784921263004,None,None
5783803438,63784921263015,None,None
5783820101,63784921263027,None,None
5783828433,63784921263039,None,None
5783845096,63784921263050,None,None
5783853427,63784921263060,None,None
5783861759,63784921263071,None,None
5783878422,63784921263083,None,None
5783886753,63784921263094,None,None
5783895085,63784921263106,None,None
5783903416,63784921263116,None,None
5783920080,63784921263127,None,None
5783928411,63784921263138,None,None
5783945074,63784921263150,None,None
5783953406,63784921263161,None,None
5783961737,63784921263172,None,None
5783978400,63784921263183,None,None
5783986732,63784921263195,None,None
5783995063,63784921263205,None,None
5784011726,63784921263217,None,None
5784020058,63784921263228,None,None
5784028389,63784921263239,None,None
5784045052,63784921263250,None,None
5784053384,63784921263261,None,None
5784061715,63784921263272,None,None
5784078378,63784921263284,None,None
5784086710,63784921263295,None,None
5784095042,63784921263306,None,None
5784111705,63784921263317,None,None
5784120036,63784921263328,None,None
5784128368,63784921263340,None,None
5784145031,63784921263351,None,None
5784153362,63784921263361,None,None
5784161694,63784921263372,None,None
5784178357,63784921263383,None,None
5784186688,63784921263395,None,None
5784195020,63784921263406,None,None
5784211683,63784921263417,None,None
5784220014,63784921263428,None,None
5784228346,63784921263440,None,None
5784245009,63784921263451,None,None
5784253340,63784921263462,None,None
5784261672,63784921263474,None,None
5784278335,63784921263485,None,None
5784286667,63784921263496,None,None
5784303330,63784921263508,None,None
5784311661,63784921263518,None,None
5784319993,63784921263531,None,None
5784328324,63784921263541,None,None
5784344987,63784921263552,None,None
5784353319,63784921263564,None,None
5784369982,63784921263576,None,None
5784378313,63784921263585,None,None
5784386645,63784921263596,None,None
5784403308,63784921263608,None,None
5784411639,63784921263618,None,None
5784419971,63784921263630,None,None
5784436634,63784921263641,None,None
5784444966,63784921263652,None,None
5784453297,63784921263664,None,None
5784469960,63784921263674,None,None
5784478292,63784921263685,None,None
5784486623,63784921263697,None,None
5784503286,63784921263709,None,None
5784511618,63784921263719,None,None
5784519949,63784921263730,None,None
5784536612,63784921263741,None,None
5784544944,63784921263753,None,None
5784553275,63784921263764,None,None
5784569938,63784921263775,None,None
5784578270,63784921263786,None,None
5784586602,63784921263797,None,None
5784603265,63784921263809,None,None
5784611596,63784921263820,None,None
5784619928,63784921263831,None,None
5784636591,63784921263843,None,None
5784644922,63784921263854,None,None
5784653254,63784921263865,None,None
5784669917,63784921263876,None,None
5784678248,63784921263887,None,None
5784686580,63784921263898,None,None
5784703243,63784921263910,None,None
5784711574,63784921263921,None,None
5784719906,63784921263931,None,None
5784736569,63784921263944,None,None
5784744900,63784921263955,None,None
5784753232,63784921263964,None,None
5784769895,63784921263976,None,None
5784778227,63784921263987,None,None
5784794890,63784921264001,None,None
5784803221,63784921264010,None,None
5784811553,63784921264020,None,None
5784828216,63784921264032,None,None
5784836547,63784921264043,None,None
5784844879,63784921264054,None,None
5784853210,63784921264065,None,None
5784869873,63784921264077,None,None
5784878205,63784921264088,None,None
5784886536,63784921264099,None,None
5784903199,63784921264111,None,None
5784911531,63784921264122,None,None
5784911531,63784921264133,None,None
5784911531,63784921264144,None,None
5784911531,63784921264155,None,None
5784911531,63784921264166,None,None
5784911531,63784921264176,None,None
5784911531,63784921264189,None,None
5784911531,63784921264200,None,None
5784911531,63784921264211,None,None
5785003178,63784921264222,None,None
5785028172,63784921264233,None,None
5785036504,63784921264245,None,None
5785044835,63784921264255,None,None
5785061498,63784921264267,None,None
5785069830,63784921264278,None,None
5785078161,63784921264289,None,None
5785094825,63784921264300,None,None
5785103156,63784921264311,None,None
5785111488,63784921264322,None,None
5785128151,63784921264334,None,None
5785136482,63784921264346,None,None
5785144814,63784921264356,None,None
5785161477,63784921264367,None,None
5785169808,63784921264379,None,None
5785178140,63784921264389,None,None
5785194803,63784921264401,None,None
5785203134,63784921264412,None,None
5785211466,63784921264423,None,None
5785228129,63784921264434,None,None
5785236460,63784921264446,None,None
5785244792,63784921264456,None,None
5785261455,63784921264468,None,None
5785269787,63784921264479,None,None
5785278118,63784921264489,None,None
5785294781,63784921264501,None,None
5785303113,63784921264512,None,None
5785311444,63784921264523,None,None
5785328107,63784921264535,None,None
5785336439,63784921264546,None,None
5785344770,63784921264556,None,None
5785361433,63784921264568,None,None
5785369765,63784921264580,None,None
5785378096,63784921264591,None,None
5785394759,63784921264602,None,None
5785403091,63784921264613,None,None
5785411422,63784921264624,None,None
5785428086,63784921264635,None,None
5785436417,63784921264646,None,None
5785453080,63784921264658,None,None
5785461412,63784921264669,None,None
5785469743,63784921264680,None,None
5785486406,63784921264691,None,None
5785494738,63784921264702,None,None
5785503069,63784921264713,None,None
5785519732,63784921264724,None,None
5785528064,63784921264736,None,None
5785536395,63784921264747,None,None
5785553058,63784921264759,None,None
5785561390,63784921264769,None,None
5785569721,63784921264781,None,None
5785586384,63784921264792,None,None
5785594716,63784921264804,None,None
5785603048,63784921264814,None,None
5785619711,63784921264826,None,None
5785628042,63784921264837,None,None
5785636374,63784921264848,None,None
5785653037,63784921264859,None,None
5785661368,63784921264870,None,None
5785669700,63784921264881,None,None
5785686363,63784921264892,None,None
5785694694,63784921264903,None,None
5785703026,63784921264914,None,None
5785719689,63784921264925,None,None
5785728020,63784921264936,None,None
5785736352,63784921264948,None,None
5785753015,63784921264959,None,None
5785761347,63784921264970,None,None
5785769678,63784921264981,None,None
5785786341,63784921264992,None,None
5785811336,63784921265017,None,None
5785811336,63784921265023,None,None
5785819667,63784921265030,None,None
5785827999,63784921265037,None,None
5785836330,63784921265044,None,None
5785844662,63784921265054,None,None
5785861325,63784921265066,None,None
5785869656,63784921265077,None,None
5785877988,63784921265088,None,None
5785894651,63784921265100,None,None
5785902982,63784921265111,None,None
5785911314,63784921265123,None,None
5785927977,63784921265133,None,None
5785936309,63784921265145,None,None
5785944640,63784921265156,None,None
5785961303,63784921265167,None,None
5785969635,63784921265179,None,None
5785977966,63784921265189,None,None
5785994629,63784921265200,None,None
5786002961,63784921265212,None,None
5786011292,63784921265223,None,None
5786027955,63784921265234,None,None
