version https://git-lfs.github.com/spec/v1
oid sha256:055432147c32ac3091e0ec3886e3d52b19a247497ecf8545e6c240919d23551e
size 2557717
